
Last position-specific scoring matrix computed, weighted observed percentages rounded down, information per position, and relative weight of gapless real matches to pseudocounts
           A  R  N  D  C  Q  E  G  H  I  L  K  M  F  P  S  T  W  Y  V   A   R   N   D   C   Q   E   G   H   I   L   K   M   F   P   S   T   W   Y   V
    1 M   -1 -2 -2 -3 -2 -1 -2 -3 -2  1  2 -2  6  0 -3 -2 -1 -2 -1  1    0   0   0   0   0   0   0   0   0   0   0   0 100   0   0   0   0   0   0   0  0.48 0.04
    2 E   -1  0  0  3 -4  2  5 -2  0 -3 -3  0 -2 -3 -1  0 -1 -3 -2 -3    0   0   0  15   0   0  85   0   0   0   0   0   0   0   0   0   0   0   0   0  0.73 0.03
    3 Q   -1  1  0 -1 -3  6  1 -2  0 -2 -1  1  2 -3 -2  0 -1 -2 -2 -2    0   0   0   0   0  88   0   0   0   0   0   0  12   0   0   0   0   0   0   0  0.65 0.06
    4 L   -1  1  0  3 -2  0  0 -2 -1 -1  1  0  0 -1 -1 -1 -1 -2 -1 -1    2  14   1  37   0   1   1   2   1   1  30   1   1   1   1   2   1   0   1   2  0.18 0.01
    5 T    0 -2 -1 -2 -1 -1 -1 -2 -2  0  0 -1  0 -2 -2  2  3 -3 -2  1    0   0   0   0   0   0   0   0   0   0  12   0   0   0   0  23  40   0   0  25  0.22 0.02
    6 K    0  0 -1 -1 -2  0  0 -2 -2  1 -1  3  0 -2 -1  0  2 -3 -2  0   12   0   0   0   0   0   0   0   0  23   0  40   0   0   0   0  25   0   0   0  0.16 0.02
    7 N    0  2  4  0 -2  0 -1 -1  0 -2 -1  0  2 -2 -2  0 -1 -3 -2 -2   12  25  46   0   0   0   0   0   0   0   0   0  18   0   0   0   0   0   0   0  0.30 0.03
    8 Q   -1  1 -1 -1 -3  5  1 -2  0 -3 -3  2 -1 -3  4  0 -1 -3 -2 -2    0   0   0   0   0  65   0   0   0   0   0  12   0   0  23   0   0   0   0   0  0.69 0.04
    9 A    2 -1 -1 -1 -1 -1 -1 -1 -2 -1 -1 -1 -1 -2 -1  3  1 -3 -2  1   34   0   0   0   0   0   0   0   0   0   0   0   0   0   0  48   0   0   0  18  0.27 0.03
   10 V    0 -1 -2 -2 -2 -1 -2  2 -2  1  1  1  0 -2 -2 -1 -1 -3 -2  2    0   0   0   0   0   0   0  28   0   0  16  20   0   0   0   0   0   0   0  35  0.15 0.03
   11 A    2 -1 -1 -1 -2  3  0  2 -1 -1  0  0  0 -2 -2  0 -1 -2 -2 -1   26   0   0   0   0  37   0  20   0   0  16   0   0   0   0   0   0   0   0   0  0.24 0.03
   12 T   -1  2  2 -1 -2 -1 -1  2 -1 -1 -2  0 -1 -2 -2  0  2 -3 -2  0    0  17  20   0   0   0   0  20   0   0   0   0   0   0   0   0  26   0   0  16  0.20 0.03
   13 S    0 -1  2  0 -2 -1 -1 -1  0 -3 -3 -1 -2 -1 -2  4  1 -2  2 -2    0   0  16   0   0   0   0   0   0   0   0   0   0   0   0  70   0   0  14   0  0.43 0.07
   14 Q   -1  0  0  0 -3  4  2  3 -1 -3 -3  0 -2 -4 -2  0 -1 -3 -2 -3    0   0   0   0   0  52  18  31   0   0   0   0   0   0   0   0   0   0   0   0  0.56 0.07
   15 E   -1  0 -1  0 -3  4  4 -2  0 -2  0  0 -1 -3 -2 -1 -1 -3 -2 -2    0   0   0   0   0  47  39   0   0   0  14   0   0   0   0   0   0   0   0   0  0.53 0.07
   16 A    2  2  2  2 -2  0  0 -1 -1 -2 -2  0 -2 -3 -2  0  1 -3 -2 -1   35  18  14  17   0   0   0   0   0   0   0   0   0   0   0   0  16   0   0   0  0.25 0.04
   17 V   -1 -3 -3 -3 -1 -2 -3  0 -3  3  1 -3  1 -1 -3 -2 -1 -3 -2  3    0   0   0   0   0   0   0   9   0  18  14   0   0   0   0   0   0   0   0  60  0.32 0.05
   18 Q   -1  0  0 -1 -3  5  1 -2  0 -3 -3  0 -1 -3  3  1 -1 -3 -2 -3    0   0   0   0   0  66   0   0   0   0   0   0   0   0  17  18   0   0   0   0  0.65 0.08
   19 N   -1  3  3 -1 -3 -1 -1  4 -1 -4 -3  0 -2 -3 -2  0 -1 -3 -3 -3    0  26  31   0   0   0   0  43   0   0   0   0   0   0   0   0   0   0   0   0  0.57 0.07
   20 Q    1  0 -1 -1 -2  4  0 -2 -1 -2  0  0 -1 -3  3  1 -1 -3 -2 -2   16   0   0   0   0  46   0   0   0   0  12   0   0   0  14  13   0   0   0   0  0.38 0.07
   21 N   -2 -1  4  3 -3  2  0 -1  0 -2 -2  1  1 -3 -2  0 -1 -3 -2 -2    0   0  37  28   0  16   0   0   0   0   0   8  12   0   0   0   0   0   0   0  0.45 0.07
   22 E   -1  0  2  1 -4  3  5 -2  0 -4 -3  0 -2 -4 -2  0 -1 -3 -2 -3    0   0  14   0   0  16  70   0   0   0   0   0   0   0   0   0   0   0   0   0  0.73 0.10
   23 P   -1 -2 -2 -1 -3 -1  1 -2 -2 -3 -3 -1 -3 -4  7  1 -1 -4 -3 -3    0   0   0   0   0   0  12   0   0   0   0   0   0   0  73  14   0   0   0   0  1.49 0.11
   24 Q   -2  1 -1 -1 -3  3  2 -3 -1 -2 -2  0 -1  3  2 -1 -1 -1  0 -2    0  12   0   0   0  32  16   0   0   0   0   0   0  27  14   0   0   0   0   0  0.38 0.07
   25 L    1 -3 -3 -3 -1 -2 -3 -3 -3  3  3 -2  1  0 -3 -2 -1 -2 -1  2   16   0   0   0   0   0   0   0   0  26  44   0   0   0   0   0   0   0   0  14  0.30 0.05
   26 R   -2  5 -1 -2 -4  2 -1 -3 -1 -3 -3  1 -2 -2 -3 -1 -2  6 -1 -3    0  73   0   0   0  12   0   0   0   0   0   0   0   0   0   0   0  16   0   0  0.88 0.11
   27 D    1 -1  3  3 -2 -1  0 -1 -1 -3 -3 -1 -2 -2 -2  1 -1  5 -1 -3   14   0  28  31   0   0   0   0   0   0   0   0   0   0   0  14   0  12   0   0  0.48 0.06
   28 E   -1  2  0  0 -3  3  3  1 -1 -3 -3  0 -2 -3 -2  0  1 -3 -2 -2    0  12   0   0   0  26  32  16   0   0   0   0   0   0   0   0  14   0   0   0  0.39 0.06
   29 N    1 -1  5  2 -2 -1 -1 -1 -1 -2 -2 -1 -2 -3 -2  0  0 -4 -2  0   16   0  56  14   0   0   0   0   0   0   0   0   0   0   0   0   0   0   0  14  0.44 0.08
   30 A    3 -1 -1 -2 -1  1 -1  1 -2 -2 -2 -1 -1 -3  3  0  1 -3 -2 -1   45   0   0   0   0  12   0  13   0   0   0   0   0   0  16   0  14   0   0   0  0.37 0.06
   31 H   -1 -1 -1 -2 -2  1 -1  1  4  0  0 -1  0 -2  2 -1 -1 -3 -1  1    0   0   0   0   0  12   0  14  19   0  14   0   0   0  12   0   0   0   0  28  0.17 0.05
   32 N   -2 -1  5  2 -3 -1  0 -1  3 -3 -3 -1 -2 -1 -2  0 -1 -2  2 -3    0   0  59  14   0   0   0   0  13   0   0   0   0   0   0   0   0   0  14   0  0.62 0.09
   33 D   -1 -2  0  3 -3 -1 -1  4 -1 -2 -3 -2 -2 -1 -2 -1 -1 -2  2  0    0   0   0  34   0   0   0  42   0   0   0   0   0   0   0   0   0   0  12  12  0.44 0.06
   34 K    0  1  0 -1 -3  2  0  1 -1 -3 -3  3 -2 -3 -1  2  0 -3 -2 -3    0   0   0   0   0  15   0  12   0   0   0  45   0   0   0  28   0   0   0   0  0.40 0.08
   35 S    1 -1  2 -1 -2 -1 -1 -1 -1 -2  0 -1 -1 -2  3  3  1 -3 -2 -1    8   0  12   0   0   0   0   0   0   0  14   0   0   0  14  40  12   0   0   0  0.30 0.06
   36 V   -1 -2 -2 -2 -2 -1  1 -3  3  2  0 -2  0  2 -2 -1 -1 -1  2  2    0   0   0   0   0   0  14   0  14  15   0   0   0  10   0   6   0   0  12  30  0.17 0.05
   37 H   -1 -1  2 -1 -3  2 -1  3  4 -3 -3 -1 -2 -2  2 -1 -1 -2  1 -3    0   0  15   0   0  14   0  36  18   0   0   0   0   0  12   0   0   0   6   0  0.45 0.07
   38 G    1 -2 -1 -2 -2  1 -1  3 -2  0 -1 -1 -1 -2 -2 -1 -1 -3 -2  2   14   0   0   0   0  14   0  39   0   0   0   0   0   0   0   0   0   0   0  33  0.30 0.07
   39 V    1 -2 -1  2 -2 -1  1  1 -2  0 -1 -1 -1 -2 -2  1  0 -3 -2  2   12   0   0  15   0   0  12  14   0   0   0   0   0   0   0  14   0   0   0  34  0.15 0.05
   40 L    2 -2 -3 -3 -1 -2 -2 -2 -2  0  2 -2  0  1  3 -1 -1 -2 -1  0   40   0   0   0   0   0   0   0   0   0  37   0   0   8  15   0   0   0   0   0  0.28 0.07
   41 N   -1 -2  3  3 -2 -1  0  1 -1  0 -2 -1 -2 -3 -2  1  0 -4 -2  0    0   0  30  22   0   0   0  15   0   8   0   0   0   0   0  14   0   0   0  12  0.28 0.06
   42 P    0 -2 -1 -1 -2 -1 -2  4 -2 -3 -3 -1 -3 -3  3  2 -1 -3 -3 -3    0   0   0   0   0   0   0  52   0   0   0   0   0   0  16  32   0   0   0   0  0.69 0.09
   43 T    2 -2 -1  3 -2 -1 -1 -1 -2  1 -1 -1 -1 -2 -2  0  3 -3 -2  0   28   0   0  24   0   0   0   0   0  15   0   0   0   0   0   0  34   0   0   0  0.26 0.07
   44 Y   -2 -1  2  4 -4  0  2 -2  3 -3 -3 -1 -3 -1 -2 -1 -1 -2  3 -3    0   0  14  46   0   0  14   0  10   0   0   0   0   0   0   0   0   0  16   0  0.56 0.08
   45 Q    1 -1 -1 -1  3  3  1 -2 -1 -2 -2  0 -1 -1  3  1 -1 -2  2 -2   14   0   0   0  10  24  12   0   0   0   0   0   0   0  15  14   0   0  12   0  0.31 0.06
   46 A    3 -1  2 -1 -1  0  1 -1 -1 -2 -2 -1 -2 -3 -1  2  2 -3 -2 -1   45   0  14   0   0   0  12   0   0   0   0   0   0   0   0  14  15   0   0   0  0.31 0.06
   47 G    2 -2 -1 -2 -2  1 -1  4 -2 -3 -3 -1 -2 -3 -2  0 -1  4 -2 -2   26   0   0   0   0  14   0  50   0   0   0   0   0   0   0   0   0  10   0   0  0.59 0.08
   48 L   -2 -3 -4 -4 -2 -3 -3 -4 -3  1  4 -3  1  4 -3 -3 -2 -1  0  0    0   0   0   0   0   0   0   0   0   0  74   0   0  26   0   0   0   0   0   0  0.57 0.09
   49 R   -1  4 -1 -2  3  3  0 -3  3 -2 -2  1 -1 -3 -2 -1 -1 -3 -1  0    0  38   0   0  10  26   0   0  14   0   0   0   0   0   0   0   0   0   0  12  0.41 0.08
   50 R    0  3 -1 -2 -2 -1 -1 -2 -1  0 -2  0 -1  2  2  2  0 -2 -1 -1    0  26   0   0   0   0   0   0   0   8   0   0   0  14  12  40   0   0   0   0  0.27 0.07
   51 D   -1  0  0  3 -3  3  3 -2  0 -3 -3  1 -2 -1 -2 -1 -1 -2  2 -3    0   0   0  24   0  28  22   0   0   0   0  12   0   0   0   0   0   0  15   0  0.46 0.07
   52 A    2 -2 -1  1 -2 -1 -1 -1 -2  0 -2 -1 -1 -3  4  2  0 -3 -2 -1   24   0   0  10   0   0   0   0   0  15   0   0   0   0  26  26   0   0   0   0  0.41 0.06
   53 V    2 -2 -1  1 -1 -1 -1 -1 -2  0  0 -1  0 -2 -2  1  0 -3 -2  2   24   0   0  15   0   0   0   0   0   0  14   0   0   0   0  22   0   0   0  26  0.14 0.05
   54 Q    1  0 -1 -1 -2  2  0 -2  3 -1  1  2  0 -2 -2  1 -1 -3 -1 -1   12   0   0   0   0  16   0   0  14   0  22  22   0   0   0  15   0   0   0   0  0.17 0.05
   55 P   -1 -1  2 -1 -2  2 -1 -2 -1  1  0 -1  0 -2  3  1  0 -3 -2  0    0   0  15   0   0  16   0   0   0  20  12   0   0   0  21  16   0   0   0   0  0.25 0.03
   56 D   -2 -2  2  4 -3 -1  0 -2  0 -1 -2 -1 -2 -1 -2 -1 -1 -2  3  0    0   0  16  52   0   0   0   0   0   0   0   0   0   0   0   0   0   0  20  12  0.45 0.05
   57 I    1 -2 -1 -2 -1 -1 -1 -1 -2  1 -1 -1  0  2 -2  2  2 -2  0  0   11   0   0   0   0   0   0   0   0  17   0   0   0  20   0  31  21   0   0   0  0.17 0.03
   58 E   -1  0 -1  1 -4  1  5  2 -1 -4 -3  1 -2 -3 -2  0 -1 -3 -2 -3    0   0   0   0   0   0  73  20   0   0   0   7   0   0   0   0   0   0   0   0  0.60 0.05
   59 A    2  4  1 -1 -2  0  0 -1 -1 -3 -2  2 -1 -3 -2  0 -1 -3 -2 -2   31  51   7   0   0   0   0   0   0   0   0  11   0   0   0   0   0   0   0   0  0.41 0.04
   60 E   -1 -1 -1  0 -4  2  4 -2 -1 -3 -3  0 -2 -4  5 -1 -1 -3 -3 -3    0   0   0   0   0   7  58   0   0   0   0   0   0   0  35   0   0   0   0   0  0.87 0.05
   61 R   -1  6 -1 -2 -3  1  0 -2 -1 -3 -3  2 -2 -3 -2  1 -1 -3 -2 -3    0  85   0   0   0   0   0   0   0   0   0   0   0   0   0  15   0   0   0   0  0.75 0.06
   62 K    2  1 -1 -1 -2  3  2 -1 -1 -2 -2  2 -1 -3 -1  0 -1 -3 -2 -2   31   0   0   0   0  30  16   0   0   0   0  24   0   0   0   0   0   0   0   0  0.35 0.03
   63 K   -1  1  0  0 -3  3  3 -2 -1 -3 -3  3 -1 -3 -1  0  1 -3 -2 -2    0   0   0   0   0  20  30   0   0   0   0  39   0   0   0   0  11   0   0   0  0.45 0.04
   64 R    0  4  2  2 -3  0  0 -2 -1 -3 -3  1 -2 -3 -2  0 -1 -3 -2 -2   15  55  16  15   0   0   0   0   0   0   0   0   0   0   0   0   0   0   0   0  0.44 0.04
   65 D    0 -1  0  4 -2  0  2 -2 -1  0 -2 -1 -1 -3 -2  0  1 -3 -2 -1   11   0   0  39   0   0  20   0   0  15   0   0   0   0   0   0  15   0   0   0  0.32 0.03
   66 E    0  3  0  2 -3  1  3 -2 -1 -3 -3  1 -2 -3 -2  0 -1 -3 -2 -2   11  36   0  15   0   0  38   0   0   0   0   0   0   0   0   0   0   0   0   0  0.46 0.03
   67 I   -1 -3 -3 -4 -1 -3 -3 -4 -3  4  3 -3  1  0 -3 -2 -1 -2 -1  2    0   0   0   0   0   0   0   0   0  50  35   0   0   0   0   0   0   0   0  15  0.40 0.03
   68 E    0 -1  0  1 -3  1  4  2 -1 -3 -3  0 -2 -3 -1  1 -1 -3 -2 -3    0   0   0   0   0   0  64  20   0   0   0   0   0   0   0  16   0   0   0   0  0.52 0.04
   69 A    3 -2 -2 -2 -1 -1 -1 -1  3 -1  1 -1  0  2 -2  0 -1 -1  0 -1   49   0   0   0   0   0   0   0  15   0  16   0   0  20   0   0   0   0   0   0  0.20 0.03
   70 G    0  1 -1 -2 -3 -1 -2  5 -2 -4 -3 -1 -3 -3  3 -1 -2 -3 -3 -3    0  15   0   0   0   0   0  65   0   0   0   0   0   0  20   0   0   0   0   0  0.77 0.04
   71 K    1  3 -1 -1 -3  2  0 -2 -1 -3 -2  3 -1 -3 -2  0 -1 -3 -2 -2   21  28   0   0   0  15   0   0   0   0   0  36   0   0   0   0   0   0   0   0  0.41 0.04
   72 S    1  1  1 -1 -1  0 -1 -1 -1 -2 -2  0 -1 -3 -1  3  3 -3 -2 -1   15   8  10   0   0   0   0   0   0   0   0   0   0   0   0  32  35   0   0   0  0.32 0.04
   73 Y    0 -2  1 -2 -2 -1 -2 -2  1 -2 -2 -2 -2  2 -3 -1 -1  1  6 -2   15   0  14   0   0   0   0   0   0   0   0   0   0   0   0   0   0   0  72   0  0.69 0.08
   74 C    0 -2 -1  2  4 -1 -1 -2  4 -2 -2 -2 -1  3 -2 -1 -1 -2  1 -2   15   0   0  21  18   0   0   0  24   0   0   0   0  23   0   0   0   0   0   0  0.30 0.05
   75 S    1 -1  1 -1 -1  1 -1 -1 -1 -1  2 -1  0 -1 -2  2  0 -2 -2 -1   15   0   8   0   0  15   0   0   0   0  35   0   0   0   0  28   0   0   0   0  0.14 0.03
   76 R   -2  6 -1 -2 -4  2  0 -3 -1 -3 -3  2 -2 -3 -2 -1 -1 -3 -2 -3    0  85   0   0   0  15   0   0   0   0   0   0   0   0   0   0   0   0   0   0  0.87 0.08
   77 R   -1  2  0  2 -3  0  0 -2  5 -2 -1  0 -1  1 -2  1 -1 -2  0 -2    0  18   0  21   0   0   0   0  28   0   8   0   0  10   0  15   0   0   0   0  0.26 0.04
   78 F   -2 -3 -3 -3 -3 -3 -3 -3 -1 -1  0 -3 -1  6 -3 -2  0  1  4 -1    0   0   0   0   0   0   0   0   0   0   0   0   0  69   0   0  10   0  21   0  0.75 0.07
   79 G    0 -2  2 -1 -3 -2 -2  5 -2 -3 -3 -2 -2 -3 -2  0 -1 -3 -3 -1    0   0  21   0   0   0   0  71   0   0   0   0   0   0   0   0   0   0   0   8  0.74 0.06
   80 G   -1 -1  1 -2  6 -1 -2  2 -2 -1 -2  1 -2 -3 -2 -1 -1 -3 -2  0    0   0  10   0  29   0   0  26   0   0   0  21   0   0   0   0   0   0   0  14  0.33 0.04
   81 A    3 -1  1 -1 -1  1 -1 -1 -1  0 -1 -1 -1 -2 -2  0  0 -3 -2  1   51   0  15   0   0  14   0   0   0   0   0   0   0   0   0   0   0   0   0  21  0.22 0.04
   82 T    2 -1 -1 -1 -1 -1 -1 -1 -2 -2 -2 -1 -1 -3  3  2  2 -3 -2 -1   28   0   0   0   0   0   0   0   0   0   0   0   0   0  15  31  26   0   0   0  0.40 0.04
   83 C    0  1 -1 -2  5 -1 -1  3 -2 -3 -3  1 -2 -3 -2  0 -1 -3 -3 -2    0  15   0   0  28   0   0  35   0   0   0  14   0   0   0   8   0   0   0   0  0.45 0.04
   84 D   -1 -2  2  4 -3 -1  0 -1 -1 -3 -3 -1 -3 -3  3  2  0 -4 -3 -3    0   0  15  40   0   0   0   0   0   0   0   0   0   0  21  24   0   0   0   0  0.61 0.05
   85 D   -1  1  3  4 -3  0  2 -1 -1 -3 -3  0 -2 -3 -2  1 -1 -4 -2 -3    0  14  21  36   0   0  15   0   0   0   0   0   0   0   0  15   0   0   0   0  0.48 0.04
   86 K   -1  1 -1 -1 -3  1  2  2 -1 -3 -3  4 -2 -3 -2  0 -1 -3 -2 -3    0   0   0   0   0   0  15  21   0   0   0  65   0   0   0   0   0   0   0   0  0.48 0.06
   87 S    1 -1  0 -1 -1  0 -1 -1  3 -3 -3 -1 -2 -3 -1  4  1 -3 -1 -2    0   0   0   0   0   0   0   0  15   0   0   0   0   0   0  85   0   0   0   0  0.55 0.08
   88 A    4 -2 -2 -3  5 -2 -2 -1 -2 -1 -1 -2 -1 -2 -2  0  0 -3 -2  1   65   0   0   0  21   0   0   0   0   0   0   0   0   0   0   0   0   0   0  15  0.42 0.06
   89 Q   -1  2 -1 -1 -3  3  2 -2  2 -3 -2  2 -1 -2 -2 -1 -1  6  0 -3    0  14   0   0   0  28  15   0   8   0   0  15   0   0   0   0   0  21   0   0  0.57 0.05
   90 I    1 -2 -1 -2 -1 -2 -2 -2 -2  2  0 -2  0 -1 -2  1  2 -3 -2  2   14   0   0   0   0   0   0   0   0  26   0   0   0   0   0  15  21   0   0  24  0.19 0.03
   91 Y   -2 -3 -3 -4 -3 -3 -3 -4  0 -1  1 -3  0  5 -4 -2 -2  1  5 -1    0   0   0   0   0   0   0   0   0   0  14   0   0  45   0   0   0   0  41   0  0.72 0.06
   92 A    4 -2 -1 -2 -1 -1 -1  0 -2 -2 -2 -1 -1 -3 -1  2  0 -3 -2 -1   85   0   0   0   0   0   0   0   0   0   0   0   0   0   0  15   0   0   0   0  0.50 0.07
   93 R    0  3 -1 -2  5  0 -1 -2 -1 -2 -2  0 -1 -3 -2  2  2 -3 -2 -1    0  26   0   0  21   0   0   0   0   0   0   0   0   0   0  29  24   0   0   0  0.37 0.05
   94 F   -3 -3 -3 -4 -3 -3 -3 -4 -1 -1  0 -3 -1  6 -4 -3 -2  1  4 -1    0   0   0   0   0   0   0   0   0   0   0   0   0  79   0   0   0   0  21   0  0.94 0.08
   95 D   -1 -2  2  5 -3 -1  1 -1 -1 -3 -4 -1 -3 -3 -2  2 -1 -4 -3 -3    0   0  14  65   0   0   0   0   0   0   0   0   0   0   0  21   0   0   0   0  0.73 0.06
   96 K    1  0  0  0 -2  3  3 -1 -1 -3 -3  2 -1 -3 -1  2  0 -3 -2 -2   10   0   0   0   0  22  29   0   0   0   0  18   0   0   0  21   0   0   0   0  0.38 0.04
   97 N    0 -1  4  0 -2 -1 -1  1 -1 -1  0  1 -1 -2 -2  0 -1 -3 -2 -1   14   0  41   0   0   0   0  10   0   0  21  15   0   0   0   0   0   0   0   0  0.21 0.04
   98 D   -2 -1  2  4 -4  0  3 -2  0 -3 -3  0 -3 -2 -2  0 -1 -2  1 -3    0   0  15  41   0   0  35   0   0   0   0   0   0   0   0   0   0   0  10   0  0.57 0.05
   99 W   -1  1 -1 -2 -2 -1 -1 -2 -1 -2 -2 -1 -1  0 -2  1  2  7  3 -2    0  14   0   0   0   0   0   0   0   0   0   0   0   0   0  21  24  26  15   0  0.56 0.05
  100 R   -1  3  0  1 -3  0 -1  2 -1 -2 -1  0 -1 -3 -2  0  1 -3 -2 -2    0  33   0  15   0   0   0  24   0   0   8   0   0   0   0   0  21   0   0   0  0.26 0.04
  101 I   -1 -3 -3 -3 -1 -2 -3 -3 -3  3  2 -2  1 -1  2 -2 -1 -3 -2  3    0   0   0   0   0   0   0   0   0  26  21   0   0   0  15   0   0   0   0  38  0.36 0.04
  102 Q   -1  3  0 -1 -3  6  1 -2  0 -3 -3  1 -1 -4 -2 -1 -1 -3 -2 -3    0  21   0   0   0  79   0   0   0   0   0   0   0   0   0   0   0   0   0   0  0.79 0.09
  103 P   -1 -3 -3 -2 -3 -2 -2 -3 -3 -1  1 -2 -1 -2  7 -2 -1 -3 -3 -1    0   0   0   0   0   0   0   0   0   0  28   0   0   0  72   0   0   0   0   0  1.36 0.08
  104 A    4 -2 -1 -2 -1 -1 -2  3 -2 -2 -2 -1 -2 -3 -1  0 -1 -3 -2 -1   65   0   0   0   0   0   0  35   0   0   0   0   0   0   0   0   0   0   0   0  0.53 0.06
  105 E   -1  0 -1  1 -4  2  6 -2  0 -4 -3  0 -2 -4 -1  0 -1 -3 -2 -3    0   0   0   0   0   0 100   0   0   0   0   0   0   0   0   0   0   0   0   0  0.91 0.07
  106 F   -2 -3 -3 -4 -2 -3 -3 -3 -2  2  1 -3  2  5 -4 -2 -2  0  2  0    0   0   0   0   0   0   0   0   0  20   0   0  15  65   0   0   0   0   0   0  0.56 0.05
  107 Y   -2 -2 -3 -4 -3 -2 -2 -3  1 -2 -1 -2 -1  3 -3 -2 -2  2  7 -2    0   0   0   0   0   0   0   0   0   0   0   0   0   0   0   0   0   0 100   0  1.17 0.09
  108 R   -2  5  0  4 -4  0  0 -2 -1 -3 -3  1 -2 -3 -2 -1 -1 -3 -2 -3    0  64   0  36   0   0   0   0   0   0   0   0   0   0   0   0   0   0   0   0  0.66 0.05
  109 F   -2 -3 -3 -4 -3 -3 -3 -3  0 -1  0 -3 -1  6 -4 -2 -2  1  5 -1    0   0   0   0   0   0   0   0   0   0   0   0   0  70   0   0   0   0  30   0  0.86 0.06
  110 H    0 -1  2  0 -2  0 -1  2  4 -3 -3 -1 -2 -2 -2  2  1 -3 -1 -2    0   0  15   0   0   0   0  16  24   0   0   0   0   0   0  35  11   0   0   0  0.34 0.03
  111 D   -1 -1  0  4  4  0  2 -2 -1 -3 -3 -1 -2 -3 -2  1 -1 -4 -3 -3    0   0   0  50  15   0  20   0   0   0   0   0   0   0   0  16   0   0   0   0  0.54 0.04
  112 A    3 -1 -1 -2 -1  2 -1  2 -1 -2 -2 -1 -1 -3  3  0 -1 -3 -2 -1   55   0   0   0   0  16   0  15   0   0   0   0   0   0  15   0   0   0   0   0  0.39 0.03
  113 E   -1  0  3  1 -4  1  4 -2  3 -3 -3  0 -2 -3 -2  0 -1 -3 -1 -3    0   0  20   0   0   0  65   0  15   0   0   0   0   0   0   0   0   0   0   0  0.60 0.05
  114 V   -1 -2 -3 -3 -1 -2 -3 -3 -3  2  2 -2  3  0 -3 -2 -1 -2 -1  3    0   0   0   0   0   0   0   0   0  11  31   0  20   0   0   0   0   0   0  38  0.33 0.03
  115 N   -2  0  5  2 -3  0  0 -1  0 -3 -3  2 -2 -3 -2  0 -1 -4 -2 -3    0   0  58  16   0   0   0   0   0   0   0  26   0   0   0   0   0   0   0   0  0.57 0.05
  116 T    0  3  0 -1 -2  0  0 -2 -1 -2 -2  2 -1 -3 -1  2  3 -3 -2 -1    0  25   0   0   0   0   0   0   0   0   0  15   0   0   0  16  44   0   0   0  0.35 0.03
  117 F   -2 -1 -1 -2 -3 -1 -2 -3  6 -2 -2 -2 -1  3 -3 -2 -2  6  4 -2    0   0   0   0   0   0   0   0  46   0   0   0   0  24   0   0   0  15  16   0  0.73 0.05
  118 G    0 -3 -1 -2 -3 -2 -2  6 -2 -4 -4 -2 -3 -3 -2 -1 -2 -3 -3 -3    0   0   0   0   0   0   0 100   0   0   0   0   0   0   0   0   0   0   0   0  1.19 0.06
  119 Y   -2 -2 -3 -4 -3 -2 -3 -3  1 -1 -1 -2 -1  4 -3 -2 -2  2  7 -1    0   0   0   0   0   0   0   0   0   0   0   0   0  20   0   0   0   0  80   0  0.98 0.07
  120 F   -2 -3 -3 -4 -2 -3 -3 -3 -2  0  2 -3  0  6 -4 -3 -2  0  2 -1    0   0   0   0   0   0   0   0   0   0  19   0   0  81   0   0   0   0   0   0  0.70 0.04

                      K         Lambda
Standard Ungapped    0.1300     0.3150
Standard Gapped      0.0369     0.2670
PSI Ungapped         0.1207     0.3181
PSI Gapped           0.0369     0.2670
