
Last position-specific scoring matrix computed, weighted observed percentages rounded down, information per position, and relative weight of gapless real matches to pseudocounts
            A   R   N   D   C   Q   E   G   H   I   L   K   M   F   P   S   T   W   Y   V   A   R   N   D   C   Q   E   G   H   I   L   K   M   F   P   S   T   W   Y   V
    1 M    -1  -2  -2  -3  -2  -1  -2  -3  -2   1   2  -2   7   0  -3  -2  -1  -2  -1   1    0   0   0   0   0   0   0   0   0   0   0   0 100   0   0   0   0   0   0   0  0.45 0.03
    2 N    -2  -1   6   1  -3   0   0  -1   1  -4  -4   0  -2  -3  -2   1   0  -4  -2  -3    0   0 100   0   0   0   0   0   0   0   0   0   0   0   0   0   0   0   0   0  0.79 0.02
    3 I    -2  -3  -4  -3  -1  -3  -4  -4  -4   5   2  -3   1   0  -3  -3  -1  -3  -2   3    0   0   0   0   0   0   0   0   0 100   0   0   0   0   0   0   0   0   0   0  0.44 0.02
    4 K    -1   2   0  -1  -3   1   1  -2  -1  -3  -3   5  -2  -3  -1   0  -1  -3  -2  -3    0   0   0   0   0   0   0   0   0   0   0 100   0   0   0   0   0   0   0   0  0.57 0.02
    5 K    -1   0  -1  -2  -2   3   0  -3  -1   0   2   2   1  -1  -2  -1  -1  -2  -1  -1    0   0   0   0   0  29   0   0   0   0  46  26   0   0   0   0   0   0   0   0  0.20 0.01
    6 F    -2  -3  -4  -4  -2  -3  -3  -4  -3   1   4  -3   2   3  -3  -3  -2  -1   1   0    0   0   0   0   0   0   0   0   0   0  74   0   0  26   0   0   0   0   0   0  0.41 0.01
    7 Q    -1   1   0   0  -3   6   2  -2   0  -3  -2   1  -1  -4  -2   0  -1  -2  -2  -2    0   0   0   0   0 100   0   0   0   0   0   0   0   0   0   0   0   0   0   0  0.72 0.03
    8 I    -1  -1  -2  -2  -2  -1  -2  -3  -3   4   1   2   1  -1  -2  -2  -1  -3  -2   2    0   0   0   0   0   0   0   0   0  71   0  29   0   0   0   0   0   0   0   0  0.20 0.01
    9 D    -1  -1   1   5  -4   1   4  -2  -1  -3  -4   0  -3  -4  -1   0  -1  -4  -3  -3    0   0   0  54   0   0  46   0   0   0   0   0   0   0   0   0   0   0   0   0  0.72 0.01
   10 G     2  -1   0  -1  -1  -1  -1   3  -1  -2  -3  -1  -2  -3  -1   3   0  -3  -2  -2   29   0   0   0   0   0   0  26   0   0   0   0   0   0   0  46   0   0   0   0  0.38 0.01
   11 I    -2  -3  -4  -4  -1  -3  -3  -4  -3   4   3  -3   2   0  -3  -3  -1  -2  -1   2    0   0   0   0   0   0   0   0   0  61  39   0   0   0   0   0   0   0   0   0  0.40 0.02
   12 M    -1   4  -1  -1  -3   1   2  -2  -1  -2  -1   2   2  -2  -2  -1  -1  -3  -2  -2    0  39   0   0   0   0  23   0   0   0   0  19  19   0   0   0   0   0   0   0  0.35 0.02
   13 N     0  -1   4   0  -2   0   0  -1   0  -2  -3   0  -2  -3  -1   3   2  -3  -2  -2    0   0  38   0   0   0   0   0   0   0   0   0   0   0   0  42  19   0   0   0  0.41 0.02
   14 Q    -1   3   0  -1  -3   5   1  -2   0  -3  -2   1  -1  -3  -2   0  -1  -2  -2  -3    0  23   0   0   0  77   0   0   0   0   0   0   0   0   0   0   0   0   0   0  0.65 0.03
   15 I    -2  -3  -4  -4  -1  -3  -4  -4  -4   5   1  -3   1   0  -3  -3  -1  -3  -2   3    0   0   0   0   0   0   0   0   0 100   0   0   0   0   0   0   0   0   0   0  0.47 0.03
   16 Q     1   0   2   0  -2   4   1  -1   0  -2  -2   0  -1  -3  -1   1   2  -3  -2  -1   19   0  20   0   0  42   0   0   0   0   0   0   0   0   0   0  19   0   0   0  0.32 0.02
   17 A     3  -2   0   3  -1  -1   0   0  -2  -2  -2  -1  -2  -3  -1   2   0  -3  -2  -1   58   0   0  23   0   0   0   0   0   0   0   0   0   0   0  19   0   0   0   0  0.33 0.02
   18 L    -2  -3  -4  -4  -1  -3  -3  -4  -3   3   4  -3   2   0  -3  -3  -1  -2  -1   1    0   0   0   0   0   0   0   0   0  23  77   0   0   0   0   0   0   0   0   0  0.44 0.02
   19 E    -1   2   0   0  -3   3   2  -2   0  -3  -3   4  -1  -3  -1   0  -1  -3  -2  -3    0   0   0   0   0  19  19   0   0   0   0  62   0   0   0   0   0   0   0   0  0.49 0.02
   20 Y    -1   4  -1  -2  -3   1   0  -2   0  -3  -2   3  -1  -1  -2  -1  -1  -1   3  -2    0  42   0   0   0   0   0   0   0   0   0  39   0   0   0   0   0   0  19   0  0.45 0.02
   21 A     4  -2  -2  -2  -1  -1  -1   0  -2  -1   1  -1   0  -2  -1   1   0  -3  -2   0   81   0   0   0   0   0   0   0   0   0  19   0   0   0   0   0   0   0   0   0  0.34 0.04
   22 N    -2  -1   7   1  -3   0  -1  -1   0  -4  -4   0  -3  -4  -2   0   0  -4  -3  -3    0   0 100   0   0   0   0   0   0   0   0   0   0   0   0   0   0   0   0   0  0.91 0.06
   23 K    -1   0  -1   0  -3   1   4  -2   4  -1  -2   1  -1  -2  -2  -1  -1  -3  -1   0    0   0   0   0   0   0  47   0  19   0   0  15   0   0   0   0   0   0   0  19  0.33 0.03
   24 M    -1  -2  -3  -4  -2  -1  -3  -3  -2   2   2  -2   7   0  -3  -2  -1  -2  -1   1    0   0   0   0   0   0   0   0   0  19   0   0  81   0   0   0   0   0   0   0  0.50 0.06
   25 M    -1  -2  -3  -4  -2  -1  -3  -3  -2   1   2  -2   7   0  -3  -2  -1  -2  -1   0    0   0   0   0   0   0   0   0   0   0   0   0 100   0   0   0   0   0   0   0  0.63 0.08
   26 S    -1  -1   0   2  -3   0   2  -2   5  -2   0  -1  -1  -2  -2   1  -1  -3   0  -2    0   0   0  15   0   0  19   0  33   0  19   0   0   0   0  15   0   0   0   0  0.27 0.03
   27 T     1  -1  -1   1  -3   1   4  -2  -1  -3  -3   0  -2  -3  -1   0   1  -3  -2  -2   19   0   0   0   0   0  66   0   0   0   0   0   0   0   0   0  15   0   0   0  0.47 0.04
   28 N    -2   0   5   3  -3   3   1  -1   0  -3  -3   0  -2  -4  -2   0  -1  -3  -2  -3    0   0  48  19   0  33   0   0   0   0   0   0   0   0   0   0   0   0   0   0  0.56 0.04
   29 W    -3  -3  -4  -5  -3  -2  -3  -3  -1  -3  -2  -3  -2   1  -4  -3  -3  11   4  -3    0   0   0   0   0   0   0   0   0   0   0   0   0   0   0   0   0  81  19   0  2.15 0.08
   30 G     1  -2  -1  -2  -2  -2  -2   5  -2  -3  -3  -1  -2  -3  -2   0   1  -3  -3  -2   16   0   0   0   0   0   0  67   0   0   0   0   0   0   0   0  16   0   0   0  0.66 0.03
   31 I     0  -1  -1  -1  -1  -1  -1  -2  -2   1   0  -1   2  -2  -2   2   3  -3  -2   0    0   0   0   0   0   0   0   0   0  15   0   0  19   0   0  33  34   0   0   0  0.22 0.03
   32 Y    -2  -2  -3  -4  -2  -2  -3  -4   0   0   3  -2   1   2  -3  -2  -2   1   5   0    0   0   0   0   0   0   0   0   0   0  52   0   0   0   0   0   0   0  48   0  0.50 0.04
   33 T     2  -1  -1  -2  -1  -1  -1  -1  -2  -1  -2  -1  -1  -2  -1   1   4  -3  -2   0   33   0   0   0   0   0   0   0   0   0   0   0   0   0   0   0  67   0   0   0  0.41 0.04
   34 N    -2  -1   7   1  -3   0  -1  -1   0  -4  -4   0  -3  -4  -2   0   0  -4  -3  -3    0   0 100   0   0   0   0   0   0   0   0   0   0   0   0   0   0   0   0   0  0.91 0.06
   35 E    -1   0   0   4  -4   3   4  -2   0  -3  -3   0  -2  -4  -2   0  -1  -3  -3  -3    0   0   0  34   0  19  48   0   0   0   0   0   0   0   0   0   0   0   0   0  0.65 0.03
   36 P     0  -2  -1  -1  -2  -1  -1  -2  -2  -3  -3  -1  -2  -3   7   1   2  -4  -3  -2    0   0   0   0   0   0   0   0   0   0   0   0   0   0  65  16  19   0   0   0  1.22 0.04
   37 G     0  -3  -1  -2  -3  -2  -3   6  -2  -4  -4  -2  -3  -4  -3  -1  -2  -3  -4  -4    0   0   0   0   0   0   0 100   0   0   0   0   0   0   0   0   0   0   0   0  1.16 0.05
   38 F    -3  -3  -4  -5  -3  -3  -3  -3  -2  -2  -1  -4  -1   4  -4  -3  -3  11   2  -3    0   0   0   0   0   0   0   0   0   0   0   0   0  30   0   0   0  70   0   0  1.83 0.07
   39 Q     0   2   0   2  -2   2   0  -2  -1   0  -1   0  -1  -2  -2   2   0  -3  -2  -1    0  15   0  19   0  15   0   0   0  19   0   0   0   0   0  33   0   0   0   0  0.18 0.02
   40 F     2  -2  -3  -3  -2  -2  -2  -2  -2  -1  -1  -2   2   2  -2  -1  -1   8   1  -1   38   0   0   0   0   0   0   0   0   0   0   0  15  15   0   0   0  33   0   0  0.63 0.04
   41 C     1  -2  -2  -3   4  -2  -2  -2  -2   1   3  -2   1   0  -2  -1  -1  -2  -1   0   16   1   1   1  15   1   1   1   0   1  55   1   0   1   1   1   1   0   1   1  0.21 0.02
   42 D    -1  -1   0   4  -2   1   3  -1  -1  -3  -3   0  -2  -3  -1   1   0  -3  -2  -2    1   1   1  34   0   1  35   1   0   1   1   1   0   1   1  17   1   0   1   1  0.43 0.02
   43 M    -1  -1   0  -1  -2   0   2  -2   5  -1  -1   0   2  -1  -1   0   1  -2   0  -1    1   1   1   1   0   1  17   1  34   1   1   1  15   1   1   1  20   0   1   1  0.24 0.02
   44 E     1  -1  -1   2  -2   0   2  -1  -1  -2  -2   0  -2  -3   5   0  -1  -3  -2  -2   18   1   1  20   0   1  16   1   0   1   1   1   0   1  34   1   1   0   1   1  0.56 0.02
   45 F    -2  -3  -3  -4  -2  -3  -3  -4  -1   1   1  -3   0   5  -3  -2  -2   0   4   1    0   0   0   0   0   0   0   0   0   0  16   0   0  49   0   0   0   0  19  16  0.47 0.03
   46 T     0  -2  -2  -2  -1  -1  -2  -3  -2   2   2  -2   2  -1  -2   1   1  -2  -1   2    0   0   0   0   0   0   0   0   0  19  19   0  15   0   0  16  15   0   0  16  0.17 0.01
   47 K    -1   3  -1  -1  -3   1   2  -2  -1  -1  -2   3  -1  -3  -2  -1  -1  -3  -2   0    0  19   0   0   0   0  16   0   0   0   0  46   0   0   0   0   0   0   0  19  0.31 0.03
   48 K     1   1   2   2  -3   0   0  -1  -1  -3  -3   3  -2  -3  -1   0  -1  -4  -2  -2   16   0  19  19   0   0   0   0   0   0   0  46   0   0   0   0   0   0   0   0  0.34 0.03
   49 L     1  -2  -3  -3  -1  -2  -3  -3  -3   2   3  -2   2   0  -3  -2  -1  -2  -1   1   16   0   0   0   0   0   0   0   0  19  65   0   0   0   0   0   0   0   0   0  0.31 0.03
   50 V     0  -2  -2  -2   5  -2  -2  -2  -3   1   1  -2   0  -1  -2   1   2  -3  -2   2    0   0   0   0  19   0   0   0   0   0  15   0   0   0   0  19  16   0   0  31  0.21 0.02
   51 G     0   0  -1  -1  -2   0  -1   3  -2   0  -2   2  -1  -3  -2   1   0  -3  -2  -1    0   0   0   0   0   0   0  30   0  16   0  35   0   0   0  19   0   0   0   0  0.22 0.02
   52 K    -1   1   2  -1  -3   0   0   2  -1  -3  -3   3  -2  -4   3   0  -1  -3  -3  -3    0   0  16   0   0   0   0  19   0   0   0  46   0   0  19   0   0   0   0   0  0.45 0.03
   53 D    -1   2   3   5  -3   0   1  -1  -1  -3  -3   0  -2  -3  -1   0  -1  -3  -2  -2    1  17  17  49   0   1   1   1   0   1   2   1   0   1   1   1   1   0   1   1  0.44 0.02
   54 Y    -1  -1   0   2  -2  -1   0  -2   0  -1  -1  -1  -1   0  -1   0   3   0   4  -1    1   1   1  17   0   1   1   1   0   1   2   1   0   1   1   1  36   0  30   1  0.24 0.02
   55 V     1  -3  -3  -3  -1  -2  -2  -2  -3   2   1  -2   1  -1   3  -1  -1  -3  -2   2   19   0   0   0   0   0   0   0   0  31  19   0   0   0  16   0   0   0   0  15  0.26 0.02
   56 C     0  -2  -1   2   6  -1  -1  -1  -2  -2  -2  -1  -2  -1  -2   1   0   6  -1  -2    1   1   1  17  30   1   1   1   0   1   2   1   0   1   1  20   1  17   1   1  0.43 0.02
   57 P    -1  -1   2  -1  -2  -1  -1  -2  -1  -1  -1  -1   2  -2   6  -1  -1  -2  -2  -1    1   1  17   1   0   1   1   1   0   1   2   1  17   1  50   1   1   0   1   1  0.76 0.03
   58 F    -2  -2  -1   2  -2  -2  -1  -2  -2  -1  -1  -2  -1   4  -2  -2  -2   8   2  -2    1   1   1  17   0   1   1   1   0   1   2   1   0  30   1   1   1  36   1   1  0.72 0.03
   59 S     1   0   2   0  -1   0   2   0   0  -2  -2   0  -1  -2  -1   1   0  -2  -1  -1   19   2  21   2   1   1  17   3   1   2   3   2   1   1   2  17   2   0   1   2  0.16 0.01
   60 S     1   0  -1  -1  -1   0   0  -1  -1  -2  -2   1  -1  -1  -1   1   1   6   0  -1   20   1   1   1   0   1   1   1   0   1   1  20   0   1   1  16  16  17   1   1  0.28 0.02
   61 P    -1   1  -2  -2   5  -1  -1  -2  -2   1  -1  -1  -1  -2   5  -1  -1  -2  -2   0    1  17   1   1  19   1   1   1   0  19   1   1   0   1  31   1   1   0   1   1  0.43 0.02
   62 V    -1  -2  -1  -2  -1  -1  -2  -2  -1   1   0  -2   0   0  -2   1   0   6   3   1    1   1   1   1   0   1   1   1   0  19   1   1   0   1   1  20   1  17  15  16  0.25 0.02
   63 N    -2   2   6   1  -3   0   0  -1   0  -4  -4   0  -2  -3  -2   0   0  -4  -2  -3    0  19  81   0   0   0   0   0   0   0   0   0   0   0   0   0   0   0   0   0  0.71 0.05
   64 G     0  -2   0   2  -3  -1   2   5  -2  -4  -4  -1  -3  -4  -2   0  -2  -3  -3  -3    0   0   0  19   0   0  19  62   0   0   0   0   0   0   0   0   0   0   0   0  0.66 0.03
   65 M     0  -2  -1  -2  -2  -1  -2   3  -2  -1   0  -1   4  -2  -2   0   2  -2  -2  -1    0   0   0   0   0   0   0  33   0   0   0   0  34   0   0   0  33   0   0   0  0.29 0.04
   66 L    -1  -2  -2  -3  -1  -2  -2  -3  -2   3   3  -2   1   0  -2  -2  -1  -2  -1   2    1   1   1   1   0   1   1   1   0  34  35   1   0   1   1   1   1   0   1  16  0.22 0.01
   67 K    -1   2   0  -1  -4   1   1  -2  -1  -3  -3   5  -2  -4  -1   0  -1  -3  -2  -3    0   0   0   0   0   0   0   0   0   0   0 100   0   0   0   0   0   0   0   0  0.66 0.06
   68 P    -1  -3  -2  -2  -3  -2  -2  -3  -3  -3  -3  -1  -3  -4   8  -1  -1  -4  -3  -3    0   0   0   0   0   0   0   0   0   0   0   0   0   0 100   0   0   0   0   0  2.17 0.07
   69 A     0  -3  -3  -4  -2  -3  -3  -3  -2   0   2  -3   1   5  -3  -2  -2   0   2   0   15   0   0   0   0   0   0   0   0   0  33   0   0  52   0   0   0   0   0   0  0.39 0.03
   70 L    -2  -3  -4  -4  -2  -3  -3  -4  -3   1   4  -3   1   4  -3  -3  -2  -1   1   0    0   0   0   0   0   0   0   0   0   0  67   0   0  33   0   0   0   0   0   0  0.46 0.03
   71 R     2   4  -1  -2  -2   0  -1  -2  -1  -2   0   1  -1  -2  -2   0  -1  -3  -2  -1   33  53   0   0   0   0   0   0   0   0  15   0   0   0   0   0   0   0   0   0  0.32 0.03
   72 D    -2  -1   1   5  -4   3   2  -2  -1  -3  -3   0  -2  -4  -2   0  -1  -4  -3  -3    0   0   0  67   0  33   0   0   0   0   0   0   0   0   0   0   0   0   0   0  0.75 0.05
   73 L    -2  -2  -3  -4  -2  -1  -3  -3   0   2   2  -2   4   1  -3  -2  -1   0   4   1    0   0   0   0   0   0   0   0   0  15  15   0  38   0   0   0   0   0  33   0  0.35 0.04
   74 Y    -2  -2  -3  -4  -3  -2  -3  -4   1  -2  -1  -2  -1   3  -3  -2  -2   2   8  -2    0   0   0   0   0   0   0   0   0   0   0   0   0   0   0   0   0   0 100   0  1.11 0.07
   75 I    -1  -2  -3  -3  -2  -2  -2  -3  -3   4   1   0   1  -1  -3  -2  -1  -3  -2   3    0   0   0   0   0   0   0   0   0  53   0  15   0   0   0   0   0   0   0  33  0.27 0.03
   76 A     2   0  -1  -2  -2   0  -1  -2   4  -1   0   1   4  -1  -2   0  -1  -2  -1  -1   30   0   0   0   0   0   0   0  19   0   0  19  33   0   0   0   0   0   0   0  0.18 0.03
   77 M    -1  -2  -3  -4  -2  -1  -3  -3  -2   1   3  -2   6   0  -3  -2  -1  -2  -1   1    0   0   0   0   0   0   0   0   0   0  33   0  67   0   0   0   0   0   0   0  0.48 0.05
   78 N    -2  -1   7   1  -3   0  -1  -1   0  -4  -4   0  -3  -4  -2   0   0  -4  -3  -3    0   0 100   0   0   0   0   0   0   0   0   0   0   0   0   0   0   0   0   0  0.91 0.06
   79 E    -2  -1   2   3  -3   0   3  -2  -1  -1   1  -1   0  -2  -2  -1  -1  -3  -2  -1    0   0  15  19   0   0  34   0   0   0  33   0   0   0   0   0   0   0   0   0  0.25 0.02
   80 E    -1   0   0   1  -3   1   5  -2   0  -3  -3   0  -2  -3  -1   1  -1  -3  -2  -3    0   0   0   0   0   0  81   0   0   0   0   0   0   0   0  19   0   0   0   0  0.66 0.05
   81 M    -1  -2  -3  -4  -2  -1  -3  -3  -2   2   2  -2   7   0  -3  -2  -1  -2  -1   1    0   0   0   0   0   0   0   0   0  19   0   0  81   0   0   0   0   0   0   0  0.50 0.06
   82 I    -2  -3  -4  -4  -2  -3  -4  -4  -4   5   1  -3   1   0  -3  -3  -1  -3  -2   3    0   0   0   0   0   0   0   0   0 100   0   0   0   0   0   0   0   0   0   0  0.53 0.05
   83 K     0   1   0   0  -3   1   2  -2  -1  -3  -3   4  -2  -3  -1   2   0  -3  -2  -2    0   0   0   0   0   0  22   0   0   0   0  56   0   0   0  22   0   0   0   0  0.41 0.02
   84 E     0  -1   0   1  -3   1   4   2  -1  -3  -3   0  -2  -3  -1   2   0  -3  -2  -3    0   0   0   0   0   0  56  22   0   0   0   0   0   0   0  22   0   0   0   0  0.46 0.02
   85 L    -2  -2  -4  -4  -2  -2  -3  -4  -3   1   4  -3   2   0  -3  -3  -1  -2  -1   1    0   0   0   0   0   0   0   0   0   0 100   0   0   0   0   0   0   0   0   0  0.53 0.03
   86 K    -1   0  -1   0  -3   3   3  -2  -1   1  -1   2  -1  -2  -2  -1  -1  -3  -2   0    0   0   0   0   0  22  39   0   0  22   0  17   0   0   0   0   0   0   0   0  0.30 0.02
   87 R    -2   6  -1  -2  -4   0  -1  -3   0  -3  -2   2  -2   0  -3  -1  -1  -1   3  -3    0  78   0   0   0   0   0   0   0   0   0   0   0   0   0   0   0   0  22   0  0.63 0.04
   88 Q    -1   3   0  -1  -3   5   1  -2   4  -3  -3   1  -1  -3  -2  -1  -1  -2  -1  -3    0  17   0   0   0  61   0   0  22   0   0   0   0   0   0   0   0   0   0   0  0.57 0.04
   89 L    -1  -3  -4  -4  -1  -3  -3  -4  -3   3   3  -3   2   0  -3  -2  -1  -2  -1   2    0   0   0   0   0   0   0   0   0  22  56   0   0   0   0   0   0   0   0  22  0.37 0.02
   90 K    -1   3   0   0  -4   1   2  -2  -1  -3  -3   4  -2  -3  -1   0  -1  -3  -2  -3    0  22   0   0   0   0  17   0   0   0   0  61   0   0   0   0   0   0   0   0  0.51 0.03
   91 V     0   1  -1  -2  -2   0   0  -2  -2   1   0   3   0  -2  -2  -1   0  -3  -2   2    0   0   0   0   0   0   0   0   0   0   0  50   0   0   0   0   0   0   0  50  0.17 0.00
   92 I    -2  -3  -4  -4  -1  -3  -3  -4  -3   3   3  -3   2   0  -3  -3  -1  -2  -1   2    0   0   0   0   0   0   0   0   0  50  50   0   0   0   0   0   0   0   0   0  0.37 0.00
   93 Q    -1   1   0   1  -3   4   4  -2   0  -3  -3   1  -1  -3  -1   0  -1  -3  -2  -3    0   0   0   0   0  50  50   0   0   0   0   0   0   0   0   0   0   0   0   0  0.60 0.00
   94 F    -2  -3  -3  -3  -2  -3  -3  -3  -1   0   0  -3   0   6  -4  -2  -2   1   3  -1    0   0   0   0   0   0   0   0   0   0   0   0   0   0   0   0   0   0   0   0  0.00     0.00
   95 G     0  -2   0  -1  -2  -2  -2   5  -2  -4  -4  -2  -3  -3  -2   0  -2  -2  -3  -3    0   0   0   0   0   0   0   0   0   0   0   0   0   0   0   0   0   0   0   0  0.00     0.00
   96 Q    -1   1   0   0  -3   5   2  -2   0  -3  -2   1   0  -3  -1   0  -1  -2  -1  -2    0   0   0   0   0   0   0   0   0   0   0   0   0   0   0   0   0   0   0   0  0.00     0.00
   97 G     0  -2   0  -1  -2  -2  -2   5  -2  -4  -4  -2  -3  -3  -2   0  -2  -2  -3  -3    0   0   0   0   0   0   0   0   0   0   0   0   0   0   0   0   0   0   0   0  0.00     0.00
   98 N    -2   0   6   1  -3   0   0   0   1  -3  -3   0  -2  -3  -2   1   0  -4  -2  -3    0   0   0   0   0   0   0   0   0   0   0   0   0   0   0   0   0   0   0   0  0.00     0.00

                      K         Lambda
Standard Ungapped    0.1377     0.3218
Standard Gapped      0.0410     0.2670
PSI Ungapped         0.1377     0.3218
PSI Gapped           0.0410     0.2670
