
Last position-specific scoring matrix computed, weighted observed percentages rounded down, information per position, and relative weight of gapless real matches to pseudocounts
            A   R   N   D   C   Q   E   G   H   I   L   K   M   F   P   S   T   W   Y   V   A   R   N   D   C   Q   E   G   H   I   L   K   M   F   P   S   T   W   Y   V
    1 M    -1  -2  -2  -3  -2  -1  -2  -3  -2   1   2  -2   6   0  -3  -2  -1  -2  -1   1    0   0   0   0   0   0   0   0   0   0   0   0 100   0   0   0   0   0   0   0  0.39 0.02
    2 L    -2  -2  -4  -4  -1  -2  -3  -4  -3   2   4  -3   2   0  -3  -3  -1  -2  -1   1    0   0   0   0   0   0   0   0   0   0 100   0   0   0   0   0   0   0   0   0  0.47 0.01
    3 A     4  -2  -1  -2  -1  -1  -1   2  -2  -2  -2  -1  -2  -3  -1   1   1  -3  -2  -1   67   0   0   0   0   0   0  21   0   0   0   0   0   0   0   0  12   0   0   0  0.43 0.07
    4 S     0  -2   0  -1  -2  -1  -1   1  -2  -2   0  -1  -1  -2   3   4   0  -3  -2  -2    0   0   0   0   0   0   0  11   0   0  15   0   0   0  15  60   0   0   0   0  0.37 0.08
    5 L    -1  -2  -3  -3  -2  -2  -3  -4  -3   2   3  -2   2   2  -3  -2   1  -2  -1   1    0   0   0   0   0   0   0   0   0   9  49   0   9   9   0   0  14   0   0  10  0.31 0.06
    6 G     1  -2   3  -1  -2  -1  -2   2  -2  -1   0  -1  -1  -2  -2   1   1  -3  -2   1   16   0  22   0   0   0   0  19   0   0   8   0   0   0   0   8   8   0   0  19  0.17 0.05
    7 G     0  -2  -1  -2  -2  -2  -2   2  -3  -3  -3  -2  -2  -4   6   0   3  -4  -3  -2    4   0   0   0   0   0   0  19   0   0   0   0   0   0  42   0  35   0   0   0  0.84 0.12
    8 L    -1  -3  -2  -3  -2  -2  -3   4  -3   0   2  -2   0  -2  -3  -1   1  -3  -2   0    0   0   0   0   0   0   0  47   0   0  33   0   0   0   0   0  11   0   0   9  0.41 0.10
    9 V    -1  -2  -2  -3   1   0  -2  -3  -2   2   0  -2   0   1  -3   0   1  -2   1   3    0   0   0   0   4   8   0   0   0  13   0   0   0   7   0   7  10   0   7  44  0.21 0.09
   10 S     1  -2   1  -1   1  -1   1  -1  -2  -2   0  -1  -1  -3   2   3   0  -3  -2  -1    7   0   9   0   4   0  10   0   0   0  10   0   0   0   9  47   0   0   0   4  0.27 0.10
   11 C     1  -3   2  -2   8  -2  -3  -2  -3  -2  -2  -2  -2  -3  -3   0   2  -3  -3  -2   10   0  14   0  51   0   0   0   0   0   0   0   0   0   0   4  21   0   0   0  0.86 0.18
   12 A     3  -2  -2  -2  -2  -2  -2   1  -3  -3  -3  -2  -2  -4   5   1   1  -4  -3  -2   41   0   0   0   0   0   0   8   0   0   0   0   0   0  36   8   8   0   0   0  0.76 0.17
   13 A     3  -2  -2  -2  -2  -2   0  -2  -3   0  -1  -2  -1  -2   3   0   0  -3  -2   2   33   0   0   0   0   0   6   0   0   0   6   0   0   0  18   5   6   0   0  24  0.34 0.15
   14 K    -1   3  -2  -2  -3   3   0  -3  -2  -2   0   3  -1   1  -3  -1   1  -3  -2  -2    3  18   0   0   0  15   4   0   0   2   9  31   0   9   0   0   9   0   0   0  0.34 0.18
   15 V    -1  -2  -2  -3  -2  -1  -1  -3  -3   1   2  -1   1   0   2  -1   2  -3  -2   1    3   0   0   0   0   3   3   0   0  12  22   4   3   4  13   0  23   0   0   9  0.24 0.15
   16 H    -1   0   0  -1  -3   1   3  -3   5  -3  -1   0  -2  -3  -3   1   2  -4  -2  -2    4   4   4   0   0   7  24   0  19   0   8   2   0   0   0  10  19   0   0   0  0.38 0.21
   17 F    -2   0   0  -3  -3  -1  -1  -3  -2  -1   0   1   3   5  -3  -1   2  -2   0  -1    0   6   6   0   0   2   2   0   0   3   6   9  11  31   0   3  19   0   0   3  0.33 0.22
   18 K    -2   3   1  -1  -4   2   0  -3   3  -1  -2   4  -2  -3  -3   0   0  -3   1  -3    0  14   7   2   0  10   4   0   9   5   4  31   0   0   0   4   5   0   5   0  0.36 0.21
   19 E     0  -1   1   1  -3   0   3  -3  -2   0  -1   1  -2  -3  -2   0   1  -4  -3   0    6   0   9   8   0   3  25   0   0   5   7  10   0   0   0   7  10   0   0  10  0.22 0.16
   20 E     0   1   0   0  -3  -1   0   2  -2  -1  -3   2  -2  -3   2   1   0  -4  -1  -1    9   9   4   5   0   0   5  18   0   4   0  15   0   0  13   9   5   0   2   4  0.23 0.13
   21 G     1  -1  -2  -2  -3   0   1   4  -2  -1  -2   0  -2  -2   0   0  -1  -3  -3   0   14   2   0   0   0   5  12  33   0   4   3   4   0   2   4   4   3   0   0   8  0.28 0.17
   22 N    -1  -2   5   0   0   0  -2   0   0   0  -1  -2   0  -3  -1   1   0  -4  -3  -1    5   0  40   3   2   3   0   5   3   5   7   0   2   0   2  13   5   0   0   4  0.44 0.27
   23 A     2  -2   1   0  -3  -1  -2  -1  -3  -2  -2   0  -1  -3   2   1   3   0  -3  -1   19   0   7   4   0   2   0   4   0   2   2   7   1   0   9  12  26   2   0   3  0.30 0.22
   24 M    -4  -4  -6  -3  -3  -2  -3  -3  -6  -2  -2  -3  10  -5  -3  -5  -4  -6  -6  -1    1   1   0   2   0   2   2   2   0   1   2   2  78   0   1   1   1   0   0   4  2.59 1.08
   25 N    -2  -2   7   0  -6   0  -2  -2  -1  -6  -6   1  -5  -5  -3   1   2  -7  -5  -6    3   2  53   3   0   3   1   2   1   0   0   7   0   1   1  10  13   0   0   0  1.20 0.63
   26 E     0  -2   4   2  -5   2   3  -3   1  -3  -4   0   0  -3  -2  -1   1  -5  -1  -3    7   1  19   9   0   7  25   1   3   1   1   4   3   1   1   4  10   0   3   1  0.47 0.35
   27 L    -1  -2  -2  -5  -1  -1  -3  -5  -3   3   4  -3   0  -1   1  -1   0  -4  -3   1    4   1   2   0   1   2   2   0   0  17  40   1   1   2   7   4   7   0   0   8  0.47 0.32
   28 I     0  -3  -3  -5  -4  -1  -4  -4  -3   4  -1  -2   6  -3  -1  -2   3  -5  -2   2    7   1   1   0   0   2   0   1   1  24   3   2  20   0   3   2  18   0   1  13  0.67 0.42
   29 A     1  -2   2  -1  -3  -1  -1  -2  -1   1   0   0   0  -2   1   0   1  -4  -2   1   16   1  11   3   0   2   2   1   2  10   8   6   2   1   7   4  11   0   1  13  0.14 0.16
   30 N    -1  -2   4  -2  -3   0  -1  -2   0   3   0  -1   0  -1  -2   0   2  -4  -3   0    4   1  20   2   0   5   2   2   2  18   7   4   2   2   2   5  16   0   0   5  0.28 0.24
   31 H    -1  -1   4   0  -4   1   1  -2   3  -1  -2   0  -3  -3   1   1   1  -4  -2  -2    3   2  22   4   0   7   9   2   7   5   4   5   0   1   6   9   8   0   1   3  0.27 0.22
   32 D    -1  -1   3   2  -3   1   2  -1  -2   0  -2  -1  -2  -2   2   0   0  -4  -2  -2    5   2  16  10   0   6  14   4   0   6   4   3   0   1   9   7   6   0   1   3  0.24 0.19
   33 F     0  -2  -1  -1   0  -1  -1  -2   0   1   0  -1   0   2   0   0   1  -2   1   1    9   1   3   2   2   3   4   2   2   8   8   4   3  12   5   4  13   0   5   9  0.07 0.09
   34 D     0  -1   3   4  -2   0   1  -1  -2  -2  -1   0  -3  -3   1   0  -1  -4  -3  -2    7   3  13  26   1   5   9   3   1   2   6   4   0   1   6   7   3   0   0   3  0.33 0.22
   35 F    -1  -2   0  -2  -3  -1  -2  -1  -2   0   1  -2   4   3   0  -1   0  -1   0   1    4   2   4   2   0   3   2   4   1   5  14   1  16  15   5   4   6   1   2   9  0.23 0.19
   36 R    -1   1   2   1  -2   2   2  -2   2  -2  -1   1   1  -2  -1   1   0  -3  -1  -2    5   7  10   6   1   8  14   2   5   1   6   8   4   2   2   9   5   0   2   3  0.15 0.13
   37 Q    -1   0   1   1  -2   2   2  -1   1  -2  -1   0  -2  -1   4  -1  -1  -3  -2  -2    4   5   6   8   1   9  13   4   3   3   5   5   0   3  21   3   3   0   1   3  0.30 0.19
   38 L    -1  -2  -2  -3  -3  -2  -1  -3  -1   1   3  -2   2   1  -3  -2  -1  -1   0   1    5   2   1   1   0   1   5   2   2   9  39   3   5   5   1   2   3   1   2  10  0.32 0.21
   39 V    -2  -4  -4  -5  -2  -3  -3  -4  -5   3   0  -4  -1   0  -1  -3  -2  -1  -3   6    2   0   0   1   1   1   2   1   0  16   8   1   1   3   3   1   2   1   0  56  0.91 0.45
   40 T    -1  -1  -1  -1  -1   0   1  -2   1   0  -1   0   0   3  -3   0   2  -1   1   0    5   3   2   3   1   5   8   3   4   7   3   5   2  17   1   7  15   1   3   6  0.13 0.14
   41 A     0  -1   1  -2  -1  -1  -1  -2  -1   3   1  -1   2  -1  -1  -1   0  -3  -1   2    7   3   9   2   1   2   4   2   1  22  11   2   6   1   3   3   4   0   2  15  0.14 0.14
   42 A     0   1   0   0   0   2   1  -2   2   0  -2   2  -1  -2  -2   0   0  -3  -1   0    8   8   5   5   2   9   8   1   6   6   2  17   1   2   1   6   4   0   2   8  0.13 0.13
   43 E    -2  -2   5   3  -5   0   1   1   2  -5  -5  -1  -2  -5  -1  -1  -2  -5  -2  -4    1   1  37  18   0   3  10  12   5   0   0   3   1   0   3   2   1   0   1   0  0.74 0.39
   44 G    -2  -2   3   1  -2  -1   0   5   1  -3  -4   0  -2  -3  -4  -1  -2  -4  -2  -4    2   1  14   8   1   3   5  47   3   1   2   5   1   1   0   3   2   0   1   0  0.70 0.35
   45 Q    -1   2   0   0  -4   4   2  -2   0   0  -2   2  -1  -4  -3  -1   0  -4  -3   0    3  11   3   4   0  24  13   2   2   6   2  16   1   0   0   2   4   0   0   7  0.38 0.26
   46 P     2  -2  -2  -2  -3  -1  -2  -3  -2   0   1  -2  -1  -1   4  -1  -1  -4  -2   2   23   2   1   1   0   3   1   0   1   6  12   1   1   2  22   4   2   0   1  15  0.38 0.23
   47 V    -1  -1  -3  -3   0  -2  -2  -4  -3   1   1  -1   2   2  -3  -1   2   1   2   3    4   2   0   0   2   1   2   0   0   5  10   3   7  10   0   2  14   2   7  30  0.26 0.19
   48 T     1  -3  -3  -3   3  -3  -3  -3  -4   1   0  -3  -2  -1  -3   0   5  -4  -3   2   12   0   0   0   7   0   0   0   0   8   7   0   0   3   0   3  44   0   0  15  0.53 0.29
   49 D     0   0   1   2  -3  -1   1  -3   1  -3  -2  -2  -3  -4   0   2   4  -4  -3  -3    7   4   7  15   0   0   8   0   3   0   4   0   0   0   3  17  30   0   0   0  0.39 0.26
   50 T     0  -4   1   0   3  -3  -3  -4  -4   0  -1  -3  -3   1  -4   5   2  -5  -4  -3    6   0   6   6   6   0   0   0   0   6   6   0   0   6   0  51  10   0   0   0  0.73 0.42
   51 F     0   0   1   0  -3   1   0  -3   2   0   0   0   1   1  -3   0   0  -2   1   0    6   6   6   6   0   6   6   0   6   6   6   6   6   6   0   6   6   0   6   6  0.07 0.11
   52 Q     0   0   0   3   1   2   1  -3  -1   0  -1   1   0  -2  -2  -1   0  -4  -3   0    8   4   3  18   4  11  10   1   1   7   4  12   2   1   1   2   5   0   1   6  0.20 0.17
   53 I    -3  -6  -7  -7  -4  -6  -6  -7  -7   4   0  -6  -1  -2  -6  -5  -4   3  -4   6    1   0   0   0   0   0   0   0   0  19   5   0   1   1   0   0   0   4   0  68  1.59 0.61
   54 A     7  -5  -5  -6  -4  -5  -3  -2  -6  -5  -2  -5  -5  -6  -5   0  -2  -7  -6  -3   87   0   0   0   0   0   1   2   0   0   4   0   0   0   0   5   1   0   0   1  1.81 0.75
   55 K     0   1  -1   2  -6   1   5  -3  -1  -4  -4   3  -3  -6  -4  -1  -3  -6  -4  -4    8   6   2  11   0   5  40   1   1   1   1  19   1   0   0   2   1   0   0   1  0.78 0.41
   56 A     0  -1  -1  -2  -2  -2  -2  -2   2  -1  -1   0   3   1  -4  -1  -1  -1   3   2   10   3   4   3   1   1   2   3   6   2   2   7  12   7   0   3   4   1  12  20  0.23 0.22
   57 F    -6  -7  -7  -7  -6  -7  -7  -7  -2  -1  -1  -7   0   9  -7  -4  -2  -3   1  -1    0   0   0   0   0   0   0   0   1   3   4   0   2  80   0   1   3   0   2   5  2.28 0.78
   58 G    -2   1   1   0  -1  -1   2   5  -1  -4  -5  -1  -3  -6  -4   0  -2  -5  -5  -4    2   7   8   5   2   2  14  47   1   1   1   4   1   0   0   5   1   0   0   1  0.77 0.39
   59 K    -3   1  -3  -5  -6  -1  -2  -5  -4  -3  -2   7   0  -6  -5  -4  -2  -6  -3  -3    1   7   1   0   0   1   1   0   0   1   5  76   2   0   0   0   2   0   1   2  1.63 0.70
   60 R    -2   5   1  -1  -2   3   3  -3   2  -4  -2   0  -2  -5  -1  -2  -1  -5  -3  -4    2  34   6   3   1  13  17   1   4   1   4   5   1   0   2   2   4   0   0   0  0.63 0.36
   61 H    -4  -3  -1  -5  -7  -4  -4  -6  11  -7  -7  -5   2  -5  -2  -3  -3  -7  -1  -7    1   1   2   0   0   0   0   0  84   0   0   0   4   0   2   2   1   0   1   0  3.06 0.97
   62 A     0   2   0   4  -1   0  -1  -2  -1  -5  -4   4  -4  -2   0   0  -1  -1  -2  -4    6   9   3  26   1   2   2   2   1   0   1  30   0   2   4   5   2   1   1   1  0.54 0.33
   63 D    -2  -1   5   3  -5  -1   0  -1   5  -3  -4   0  -4  -4  -4   0  -1  -5   0  -3    2   2  33  18   0   2   4   4  16   1   1   5   0   0   0   4   3   0   3   1  0.74 0.37
   64 V    -2  -5  -6  -2  -4  -5  -5  -6  -6   3   0  -5  -2  -4  -1  -4  -1  -6  -4   6    2   0   0   2   0   0   0   0   0  15   8   0   0   0   4   0   3   0   0  65  1.24 0.52
   65 L    -2  -2  -3  -5   0  -2  -5  -6  -5   2   5  -2   3  -2  -5  -3  -1  -4  -1   0    2   2   2   0   2   2   0   0   0  11  58   2   8   0   0   2   3   0   2   5  0.80 0.41
   66 R     0   6  -2  -1  -5   2   1  -3  -1  -5  -3   1  -1  -3  -2  -2  -2  -5  -2  -3    8  49   1   3   0   9   7   1   1   0   2   8   2   1   2   2   1   0   1   1  0.80 0.43
   67 A     2   0  -1   3  -4  -1  -1  -2  -1  -2  -2   2  -1  -4  -3   1   0  -5  -4  -2   23   4   2  23   0   2   2   2   2   2   4  14   1   0   0  12   5   0   0   2  0.35 0.27
   68 L    -1  -5  -5  -6  -4  -5  -5  -6  -5   6   1  -5   3   1  -5  -4   0  -4   2   2    6   0   0   0   0   0   0   0   0  49   9   0   6   6   0   0   6   0   7  10  0.89 0.38
   69 K    -1   3   0   3  -4   0   1  -1   1  -1  -2   1  -2  -1  -3   0  -1  -4   0  -2    6  18   4  19   0   4   9   3   3   3   3  10   0   3   0   5   3   0   4   3  0.23 0.16
   70 N     0   0   5   1  -4  -1   1   0  -2  -5  -5   2  -2  -5  -6   1   0  -8  -7  -5    8   6  28   6   0   3   9   8   1   1   1  12   1   1   0  10   6   0   0   1  0.65 0.49
   71 C    -4  -4  -5  -6  -3  -2  -6  -9  -4   3   6  -2   1  -4  -8  -6  -2  -7   0  -2    2   1   1   1   1   2   0   0   1  17  61   3   3   1   0   1   2   0   3   2  1.39 0.77
   72 H    -3  -1  -2   2  -6   0   3  -2   0   3   1   1   0  -4  -2  -2  -2  -3  -4  -1    2   3   2  13   0   3  16   3   2  17  16   9   2   1   2   3   2   0   0   4  0.36 0.31
   73 C     1  -2   1   0   8  -1   2  -3  -3  -1  -3   1  -2  -3  -3   0   0  -7  -4  -1   10   2   7   5  26   3  11   2   1   3   3   8   1   1   2   6   5   0   1   4  0.69 0.45
   74 S    -1  -3   0   2  -4   0   1  -2  -3  -4  -4  -1  -2  -5   1   5   0  -8  -4  -4    5   2   5  10   0   5   8   4   1   1   2   3   1   1   8  39   5   0   1   2  0.70 0.55
   75 E     1  -1   0   2  -6   0   3  -2  -3  -3  -1   1  -1  -2   3   0  -2  -7  -4  -2   10   4   5  12   0   3  16   4   1   1   6   7   2   2  15   6   3   0   1   3  0.31 0.29
   76 D    -3  -3   3   3  -3   0   5  -3  -2  -2  -4   0  -4  -5   0   0  -3  -8  -5  -5    2   1  11  17   1   4  34   2   1   3   2   5   0   1   5   8   2   0   1   1  0.81 0.57
   77 F    -2  -4   1  -3  -2  -3  -2  -2  -2  -2   1  -3  -3   7  -4  -2  -3   2  -1  -1    4   1   7   2   1   2   4   4   1   2  12   2   1  42   1   4   2   2   2   4  1.08 0.59
   78 R     1   3   1  -4   1  -1  -2   1   2  -2  -1  -1  -2  -1  -3   1   1   0  -1  -2   11  14   6   1   3   2   3  12   4   3   7   4   1   3   2   9   8   1   2   3  0.20 0.18
   79 R     2   1  -1  -1  -3   2   2  -1  -1  -3  -1   1  -2  -4  -2   1   0  -2  -4  -1   14   8   2   3   1   8  15   6   1   2   7   8   1   1   2  12   6   1   1   4  0.22 0.24
   80 A     0   3   1   0  -1   0  -1  -2   1  -2   3   0  -1  -3  -1   0  -2  -6  -2  -1    8  15   6   5   1   4   3   3   4   2  24   5   1   1   4   8   2   0   1   4  0.23 0.23
   81 H    -4  -3   7  -2  -1  -3  -3  -3   2  -5  -3  -2   3   0  -5  -2  -3   1   1  -5    1   2  52   2   1   1   2   2   5   1   4   3   7   3   1   3   2   2   5   1  1.42 0.81
   82 F    -4  -5  -2  -9  -3  -3  -6  -6  -3  -4  -2  -4  -3   9  -9  -3  -5  -7   0  -6    2   1   2   0   1   1   1   1   1   1   3   1   1  76   0   2   1   0   3   1  2.64 1.23
   83 C     1  -1  -2  -2   1   1   2   0  -2   1  -2   0   0   2  -2   0  -1   0   0   0   15   3   1   2   3   6  12   6   1   7   4   5   2  10   2   7   4   1   3   6  0.13 0.16
   84 V     0  -2  -4  -2  -2   0   4  -5   0   1   1  -1   0   1   3  -2  -3  -2  -2   0    7   2   1   2   1   4  23   1   2   7  13   3   2   5  14   2   2   1   2   7  0.38 0.33
   85 S    -1  -1  -1  -1   2  -1  -2  -1   1   1  -1  -2   1   0  -2   2   2  -1  -1   1    4   3   2   3   4   2   3   4   4   9   4   3   3   5   2  19  15   1   2   9  0.20 0.23
   86 E    -2  -2   0   0   0   0   3  -2   0  -1  -2   0  -1   1   0   1   1  -4   0   0    3   2   3   5   2   5  17   2   2   3   3   5   2   7   4  13  10   0   4   8  0.18 0.22
   87 K    -3   1  -2  -2  -1   0   2  -5   0   0  -3   1  -2   0  -3  -3  -1  -4   7  -1    2   8   2   2   2   4  11   1   2   5   2   7   1   4   1   2   3   0  36   4  0.83 0.57
   88 I    -2  -1   0  -1  -2   0   1  -3   0   2  -1   1  -1   0   0   1   2  -1  -1   0    2   3   5   3   1   4  10   2   2  12   4   9   2   4   4   9  15   1   2   8  0.15 0.18
   89 N    -1   0   3   4  -5  -1  -1  -3   3   0  -3   0  -5  -3  -2   0   1  -1   0   0    5   4  13  24   0   3   4   1   6   5   2   5   0   1   2   7   7   1   4   7  0.40 0.33
   90 N     0   0   2   0  -1   2   1  -1   0  -3  -3   1  -1  -2   2   0  -1  -4   2  -2    6   4   8   4   1   8  11   5   2   1   3  10   1   2  10   7   4   0   9   3  0.21 0.22
   91 L     0   1   0  -1  -1   1   0  -1   0   0   0   0   0  -1   0   0   0   1   0  -1    5   7   5   2   2   9   6   5   3   6  12   7   3   2   5   5   6   2   4   4  0.03 0.05
   92 G    -1  -1   3   1  -5   0  -1   4   0  -2  -3   0  -4  -5   0  -1  -1  -5  -4  -2    4   4  12   7   0   4   4  35   2   3   3   5   0   0   5   5   3   0   0   3  0.50 0.34
   93 I     0   0   1  -1   0   1  -1   2   1  -1  -1   0   0  -1  -1   0   0  -3   1  -1    7   4   9   3   2   5   4  19   4   3   6   6   2   3   3   5   5   0   5   4  0.10 0.10
   94 F     0   0   0  -1   1   2  -1   2   1  -1  -2  -1   1   1  -1  -1  -1   2   1   0    8   4   5   3   3   8   5  17   3   3   3   4   3   5   3   4   4   2   4   6  0.13 0.12
   95 D    -1   0   0   0  -3   0   0  -1   2   0  -1   0   1   0   0   0   0   3   1   0    5   5   5   5   0   5   5   5   5   5   5   5   5   5   5   5   5   5   5   5  0.06 0.08
   96 K    -2   5  -1  -1   1   2   0  -2   1  -1  -7   3   1  -7  -1  -2  -1  -7   0  -2    3  25   3   3   3   8   6   3   3   4   0  18   3   0   3   3   3   0   3   3  0.62 0.40
   97 K    -1   2   0  -1   1   1   1  -2   2  -2  -3   3   2  -1   0  -1  -1   2  -1  -2    6  10   5   3   3   5   9   3   5   3   3  17   5   3   4   5   4   3   3   3  0.24 0.19
   98 Q    -2   2  -2  -1   0   3  -1  -3   1  -2  -1  -2   1  -1  -2  -1   0   2   5  -2    4  12   2   4   2  14   5   2   3   3   5   3   3   2   3   5   6   2  17   4  0.42 0.31
   99 I    -2   3  -1   0   0  -1   0  -2   0  -1  -2   1  -1  -4   4  -1  -1  -5   1  -1    2  17   2   5   2   2   6   2   2   3   4  10   2   0  22   5   3   0   4   4  0.39 0.30
  100 Y     1  -2  -1  -2   3   0   0  -3   1   0  -2  -1   5  -1  -2  -1  -2   2   2   0   13   3   3   3   5   4   6   3   3   5   4   4  14   3   3   5   3   2   7   7  0.33 0.21
  101 Y     0   0  -2  -2   2  -1   0  -3   2   0   0  -2   2   1  -3   0   0   4   2   0    7   7   0   0   7   0   7   0   7   7   7   0   7   7   0   7   7   7   7   7  0.14 0.16
  102 R    -1   0   1   1  -1   1   0   0   0   0   1   0   0  -1  -3  -1  -1   1   0  -1    2   4   6  10   2   8   7   6   3   5  23   5   2   2   0   2   3   2   4   3  0.07 0.11
  103 M    -2  -2   1  -2   4  -2  -2  -3  -2   1   1   1   2   2  -3  -2  -1  -2  -1   1    0   0  12   0  12   0   0   0   0  12  12  12  13  12   0   0   0   0   0  12  0.17 0.11
  104 D    -1   1   1   0   1  -2   1  -1   1  -1  -2   0  -2   0  -3   0   4  -4   0  -2    3  10   6   4   3   0  10   3   3   3   3   4   0   3   0   6  35   0   4   0  0.30 0.23
  105 F    -2   5   0  -2  -4   2   0  -3   1  -4  -3   3   0   0  -1  -1  -2  -3   0  -4    3  36   5   0   0  10   5   0   3   0   0  20   3   6   3   3   0   0   3   0  0.58 0.30
  106 S    -2  -1   0   5  -5   2   2  -2  -3  -2  -3   2   0  -5  -3  -1  -2  -5  -4  -3    2   2   3  44   0   8  12   2   0   2   2  13   4   0   0   3   2   0   0   2  0.71 0.35
  107 G     1  -2  -3  -3  -4  -1  -1   6   2  -5  -5  -3  -4  -1  -4  -1  -3  -4  -4  -3   13   2   0   0   0   2   5  65   5   0   0   0   0   3   0   2   0   0   0   2  1.06 0.42
  108 F     0  -4  -4  -5   4   0  -4  -4  -3  -1   0  -4   0   7  -5  -2  -2   1   1  -2    9   0   0   0  11   6   0   0   0   2   9   0   1  53   0   2   1   2   2   2  1.00 0.42
  109 V    -1   0   0   0   2   0   0  -1   2   0  -1  -2   1   0   0   0   0   3   1   0    5   5   5   5   5   5   5   5   5   5   5   0   5   5   5   5   5   5   5   5  0.07 0.11
  110 M    -2   0  -1  -5  -5  -1  -1  -6   1   1   2  -1   4   5  -6  -2  -1   2   1  -1    3   4   3   0   0   3   4   0   3   6  19   3  10  24   0   3   3   3   3   4  0.51 0.36
  111 L    -1  -5  -5  -6  -4  -1  -5  -6  -5   2   5  -5   2   0  -5  -2  -1  -4   1   2    4   0   0   0   0   3   0   0   0  10  52   0   4   4   0   3   4   0   4  11  0.79 0.44
  112 V     4  -2  -5  -5   1  -4  -4  -1  -5   1  -1  -4   3  -4  -5  -1   0  -5  -4   3   34   3   0   0   3   0   0   5   0   8   5   0   9   0   0   4   4   0   0  26  0.63 0.38
  113 M    -4  -3   1  -5  -5  -2  -3  -1   0   0   0  -4   8   2  -6  -3   0  -4   0  -2    0   1   8   0   0   2   2   5   3   4   7   0  49   7   0   2   6   0   3   2  1.13 0.58
  114 G    -1   2   0  -2  -2  -2  -2   4  -1  -3  -4   1  -2  -2  -2   1  -1  -5  -1  -4    4  11   4   2   1   1   1  38   2   1   1  10   1   1   2  12   4   0   3   1  0.54 0.33
  115 F    -5  -2  -6  -6   0  -5  -6  -6  -4   1   1  -3   4   7  -6  -4  -2   1   3  -2    0   2   0   0   2   0   0   0   0   7  11   2  11  50   0   1   2   1   9   2  1.29 0.56
  116 N    -1   0   3  -2  -4   1  -3  -4   1  -1  -3   0  -2  -5  -2   0   6  -6  -4  -2    3   4  13   2   0   7   0   0   3   3   1   5   1   0   2   5  49   0   0   2  0.78 0.47
  117 G    -2  -1  -1  -2  -5  -4  -4   6  -5  -6  -6  -2  -5  -6  -5  -1   1  -5  -6  -5    2   4   2   2   0   0   0  74   0   0   0   2   0   0   0   5   8   0   0   0  1.53 0.59
  118 A     0   1  -1   0  -2   1   2  -3   0  -2  -3   4  -2  -4   2  -1  -1  -4  -2  -2   10   7   1   4   1   6  13   1   2   2   1  29   1   0  10   4   4   0   1   2  0.39 0.26
  119 K    -1   2  -1  -2  -5   0   1  -2   0  -4  -4   6  -4  -5  -2  -2  -2  -5  -3  -3    4   8   2   2   0   3  10   2   2   1   1  58   0   0   1   1   2   0   1   2  1.00 0.50
  120 A     5  -4  -2  -3  -2  -4  -4   2  -4  -3  -4  -4  -1  -1  -2   0   0  -5   0   0   55   0   2   1   1   0   0  15   0   1   0   0   1   3   1   5   4   0   3   7  0.78 0.45
  121 D     2  -1  -1  -1  -2  -2  -1  -2  -3   1   1  -1   3   0  -2   0   1  -3  -1   1   17   4   3   4   0   1   3   1   0   7  14   2  12   3   1   8   9   0   2  10  0.14 0.16
  122 A     1   1  -2   1  -4   3   2  -2  -1   0   0   1  -1  -3  -2   0  -2  -4  -3  -2   10   9   1   7   0  18  15   2   1   6   8  10   1   1   2   6   1   0   1   2  0.27 0.24
  123 V    -2  -4  -6  -6  -2  -5  -4  -4  -1   2   0  -4   1   7  -6  -4  -1   7   1   0    3   0   0   0   1   0   1   1   2  10   6   1   3  43   0   1   3  14   3   7  1.18 0.53
  124 K    -2   1  -1  -2  -6   2  -3  -5  -4  -3  -4   7  -1  -6  -5  -2   1  -6  -5  -4    3   7   2   1   0  10   0   0   0   1   1  63   1   0   0   2   8   0   0   1  1.34 0.66
  125 E     1  -3  -3  -3  -3  -2   3  -4  -4   3   2  -2   2  -2  -4  -3  -2  -1  -2   1   12   1   1   0   0   1  25   0   0  17  19   2   6   1   0   0   1   1   1  10  0.42 0.32
  126 A     4   2  -2   0  -3   0   0  -3  -2  -2  -3   3   0  -4  -3   0   0  -3  -3  -3   35  11   2   5   0   4   4   1   1   2   2  18   2   0   1   6   4   0   0   0  0.46 0.34
  127 Y    -6  -7  -7  -8  -7  -6  -7  -8  -4  -3  -1  -7  -5   5  -8  -7  -6   0   9  -3    0   0   0   0   0   0   0   0   0   2   6   0   0  24   0   0   0   1  65   2  2.50 0.93
  128 I    -3  -7  -5  -7  -2  -6  -7  -7  -7   7   0  -6   0  -2  -6  -5  -3  -6   0   2    2   0   1   0   1   0   0   0   0  72   6   0   2   1   0   0   1   0   3  12  1.74 0.69
  129 N     1  -1   4   2  -3   1   3  -3  -1  -5  -5   1  -3  -5  -4  -1  -1  -6  -3  -4   12   3  23  13   1   7  24   1   1   0   0   7   0   0   0   3   4   0   1   1  0.63 0.38
  130 A     5   2  -4  -3  -2   1   3  -4  -4  -5  -4   1  -4  -6  -4  -1  -3  -6  -5  -3   51  10   0   1   1   7  18   0   0   0   1   8   0   0   0   2   1   0   0   1  0.94 0.53
  131 F    -7  -7  -8  -8  -7  -8  -8  -8  -6  -5  -3  -8  -4   9  -8  -4  -7  -3   1  -5    0   0   0   0   0   0   0   0   0   0   1   0   0  94   0   1   0   0   3   0  3.13 1.01
  132 N    -4  -1   7   2  -6  -3   1  -3   2  -6  -4  -1  -3  -1  -5  -2  -3  -6  -2  -6    1   4  58  10   0   0  10   1   4   0   2   3   1   3   0   1   1   0   2   0  1.32 0.59
  133 W     2   4  -2  -1  -5   2   3  -3   0  -4  -3   1  -2  -4  -4  -1  -2   2  -3  -3   20  22   1   2   0   8  22   1   2   0   3   9   1   0   0   3   2   3   1   1  0.52 0.34
  134 M    -4  -2  -7  -7  -6  -3  -5  -7  -6   0  -1  -5  10  -5  -7  -6  -4  -3  -3  -3    1   2   0   0   0   1   1   0   0   4   4   0  83   0   0   0   0   0   1   1  2.91 1.03
  135 S     1   2  -4  -1  -6   0   6  -4  -3  -4  -4   0  -4  -4  -4  -2  -3  -6  -3  -3   13  10   0   2   0   2  59   1   0   1   1   5   0   1   0   2   1   0   1   1  1.13 0.56
  136 A     1   1   1   1  -4   3   3  -3  -1  -4  -3   1  -3  -4  -3   1   0  -5  -3  -3   13   7   6   8   0  14  23   1   1   0   1   9   0   0   0   8   5   0   1   2  0.42 0.29
  137 E     1   1  -1  -2  -3   3   3  -3   2  -1  -1   1   0  -1  -3  -1   0  -2   1  -2   11   6   2   0   0  18  18   0   5   3   6   8   3   2   0   3   4   1   6   2  0.28 0.24
  138 L    -4  -5  -4  -6  -3  -3  -4  -6  -3   4   5  -5  -1  -2  -5  -4  -3  -3  -3  -1    1   0   1   0   0   1   1   0   1  23  66   0   1   1   0   1   1   0   1   2  1.29 0.57
  139 R     0   3   1  -3  -2   3   0  -3   0  -2  -2   4   1  -3  -3   0  -1  -3  -2  -3    7  19   6   0   1  13   4   2   3   2   4  24   3   1   1   6   2   0   1   2  0.42 0.30
  140 K     0   2   3   0  -4   2   2  -2   1  -3  -3   2  -3  -4  -2   1   0  -5  -3  -3    8  11  13   5   0  12  12   2   3   1   1  15   0   0   1   9   5   0   0   1  0.35 0.25
  141 Y    -1   2   0  -2  -4   4   0   0   0  -1  -1   0  -1  -3   2  -1   0  -1  -1  -2    4  14   6   0   0  21   5   6   2   4   8   4   1   1   9   4   5   1   2   3  0.25 0.22
  142 S     0   1   0  -1  -3   3   1  -1   0  -1  -1   1   0  -2   1   1   0  -3  -1  -1    9   7   4   1   0  14   9   4   2   3   5   7   2   2   7  10   6   0   2   5  0.14 0.14
  143 E     0   0   0   1  -3   2   1  -2   0  -2  -1   1   0  -2   2   0   0  -4  -1  -1    9   4   4   7   0  13  11   1   3   2   7   7   3   1  12   4   6   0   2   5  0.18 0.16
  144 S     0   0   1   0  -2   1   0  -1   1  -1  -1   0  -1  -2   2   2   1  -4  -2  -1    8   5   6   4   0   7   5   5   3   3   8   5   1   2  10  16   8   0   1   4  0.12 0.12
  145 Y     0  -1  -2  -1  -2   0  -1  -1  -1   0   1   0   0   1   2   0   0  -1   1  -1    8   3   1   2   0   5   3   3   1   6  21   5   2   6  10   7   6   1   6   3  0.09 0.11
  146 E     0  -1   0   1  -2   1   1  -3   0  -2   0   0   1  -1   2   0   0   5   0  -1    6   2   3   7   1   7  10   1   3   2   9   6   4   3  11   7   5   8   2   3  0.19 0.16
  147 A     2   0  -1   0  -2   2   1  -2  -1   0  -2   0  -1  -2   2   0   0  -4   0  -1   18   6   3   4   1  13   9   1   1   6   3   6   1   2   9   5   6   0   3   3  0.17 0.17
  148 E     0   1  -1   1  -4   2   3  -2  -1  -1  -1   1  -1  -2   1  -1  -1  -3  -2  -2    9   6   2   7   0  10  21   2   1   3   8   8   1   1   7   4   4   0   1   2  0.20 0.18
  149 R    -1   3  -1  -1  -2   1   0  -3   1  -1   1   0   2  -1   1  -1   0  -1   1  -2    6  16   2   3   1   8   4   1   3   3  15   5   7   2   6   4   5   1   6   2  0.14 0.16
  150 N     0   0   3   1  -4   2   1  -3   1  -1   0   0   1  -2  -1  -1   0  -4  -2  -1    8   6  16   8   0  11   8   1   4   3   9   5   4   1   3   4   5   0   1   4  0.18 0.17
  151 A     2   0  -2  -1  -3   2   1  -1  -2  -1  -1   1   1  -3   0  -1   0  -4  -3  -1   23   5   1   3   0  12  11   3   1   4   6   9   4   1   5   3   4   0   0   3  0.20 0.21
  152 I     2  -1  -2  -1  -3   0  -1  -2  -1   2   2  -2   0   0  -3  -1  -1  -1  -1   1   17   3   2   3   0   4   4   2   1  11  27   2   2   4   1   5   3   1   2   8  0.17 0.17
  153 M     1   0  -1  -2  -1   0   0  -3  -2   1   1  -1   3  -1  -1   0   0   1  -1   1   14   6   3   1   1   5   6   1   0   7  16   4   9   2   2   5   4   2   2   9  0.10 0.13
  154 L     1   0  -2  -2  -3   1  -1  -3  -2   2   3  -1   2  -1  -2  -2  -1  -2   0   0   12   6   2   2   0   6   3   1   1  11  30   4   5   2   1   2   3   0   3   6  0.22 0.19
  155 E     1   1   0   0  -3   4   3  -3  -1  -1  -1   1  -1  -3  -1   0   0  -4  -2  -2   11   6   3   5   0  18  18   1   1   3   7   7   1   1   2   5   5   0   1   2  0.28 0.24
  156 Y     1  -1  -2   0  -2  -1   2  -2   0   0   1  -1   0   1  -3  -1  -1  -1   3  -1   11   3   2   6   1   1  17   3   2   5  14   3   2   7   1   5   3   1  12   3  0.14 0.16
  157 M     1   1   0   0  -4   1   1  -3  -1   0   0   1   3  -1  -2  -1   0  -2   0   0   13   8   3   5   0   7  10   1   1   4   8   9  10   2   2   2   4   0   3   7  0.13 0.16
  158 K     1   1  -1   0  -3   3   2  -3   0  -1  -2   2   0  -2  -1   0   0  -4  -1  -1   11   6   3   5   0  13  14   1   2   3   4  15   3   1   2   7   6   0   2   3  0.22 0.20
  159 E     1   0  -1   0  -5   2   4  -2  -2  -2  -2   0  -1  -4  -2   2  -1  -2  -2  -3   12   6   2   5   0   8  26   3   1   3   4   4   2   1   1  15   3   1   2   2  0.34 0.28
  160 K    -1   2   1  -2  -4   2   3  -3  -2  -2  -2   4  -1  -3  -2  -2   0  -5  -4  -3    5  12   6   1   0   8  17   2   1   3   3  28   2   1   2   2   5   0   0   2  0.50 0.34
  161 D     1   1  -2   2  -3   1   2  -2  -2  -1   0   0   0  -4  -2  -1  -1  -4  -1   0   12   7   1  14   0   7  17   3   1   4   8   5   2   0   2   3   4   0   2   8  0.19 0.18
  162 V    -1   2   0  -1  -3   0  -1  -2   1   2   1   1   0  -1  -2  -1  -1  -3  -2   1    5  11   4   4   0   4   4   2   4  14  16   8   2   1   1   3   3   0   1  12  0.12 0.13
  163 A     4  -1  -3  -2  -2   1   0   0  -2   0  -1  -2  -1  -3  -2   0  -1  -5  -2   0   39   4   1   2   0   5   6   7   1   5   7   2   1   1   2   6   4   0   1   6  0.36 0.29
  164 S     0   0  -1  -1  -4   2   1  -3  -1  -2  -2   0  -3  -3  -2   4   1  -2  -1  -1    8   5   2   3   0   9   9   1   1   2   4   4   0   1   2  31   8   1   2   6  0.34 0.29
  165 M     0   0  -1  -1  -1   0   1  -3   0   1   2  -1   2   2  -2  -1  -2   1   0   0    7   6   3   2   1   5  10   1   2   7  19   3   7   8   1   2   1   2   4   7  0.11 0.12
  166 S     1   0  -1   0   3   1   1   0   2  -2  -1   1  -1  -2  -2   1   0  -1  -1  -1   13   5   2   5   7   6  11   7   6   2   7   7   1   1   1   8   5   1   2   4  0.11 0.12
  167 G     1  -1   2  -1  -4   1   1   3  -2  -5  -4  -1  -3  -4  -2   2  -2  -5  -2  -4   13   3  11   3   0   8   9  26   1   0   2   3   0   1   2  14   1   0   1   1  0.45 0.31
  168 R    -2   5  -1  -2  -6   2   1  -4   2  -3  -2   4  -5  -5  -5  -2  -2  -6  -2  -3    3  28   2   2   0   9   8   1   5   1   3  28   0   0   0   3   3   0   1   2  0.81 0.46
  169 L     0  -2  -2  -1  -1   0   0   0  -1   1   3  -2   2  -2  -3  -2   0  -4  -2   1    7   2   1   4   1   4   5   8   1   7  33   2   6   1   1   2   6   0   1   8  0.25 0.21
  170 L    -1  -1  -5  -3  -4   0  -2  -5  -2   1   4   0   5  -3  -5  -3  -1  -3   1   0    4   3   0   2   0   4   3   1   1   8  42   5  12   0   0   1   3   0   4   5  0.62 0.37
  171 N     1   1   2   1  -2   1   1  -2   1  -2  -1   1  -2  -4   0   0   0  -4  -1  -2   13   8   9   8   1   8  10   3   3   2   6   9   0   0   4   6   6   0   2   3  0.16 0.15
  172 R     0   3  -1   1  -4   3   2  -1   0  -1  -2   0   2  -2  -2  -1   0  -4   0  -3    7  15   2   9   0  12  13   4   2   3   4   4   5   1   1   4   7   0   4   1  0.25 0.22
  173 W    -1   2  -1  -2  -1   2   0  -3  -4  -1   0   0  -1   0  -3  -2  -3   7   2   0    4  10   4   2   1   9   7   2   0   2  10   5   1   4   1   3   1  18   6   9  0.48 0.30
  174 G     0   1  -1   0  -3   1   1   1  -2   0  -1   2  -2  -2   0  -1  -1  -4  -2   0    7   8   2   4   0   5   9  12   1   6   5  18   1   2   5   4   4   0   1   7  0.13 0.13
  175 K    -1   4  -1   1  -6   2   2  -3   0  -4  -4   4  -2  -5  -2  -1  -1  -2  -1  -3    4  21   2   6   0   8  12   2   2   1   2  25   1   0   2   4   4   1   2   2  0.57 0.37
  176 I     0  -1  -1   0  -2   0   1  -1   1   1   1   0   0  -2  -3  -1   1  -2  -1   2    8   3   2   6   0   4  12   4   3   8  13   4   2   1   1   3   8   0   1  15  0.08 0.11
  177 K    -1   1   0   0  -5   1   3  -2  -2   1  -2   3   1  -4  -2  -1  -2  -4   1  -1    5   7   4   5   0   5  20   2   0   7   4  20   3   0   1   3   2   0   5   4  0.31 0.26
  178 K    -1   2  -1  -3  -5   0   0  -3  -1  -2   0   5  -4  -3  -1   0  -1  -5   0  -3    6  10   3   1   0   3   6   2   1   2   9  38   0   1   3   6   4   0   3   2  0.53 0.36
  179 P     0   0  -1   0  -5   0   1  -3   1  -3   0   0  -2  -1   6  -2  -1  -5  -3  -2    7   5   3   4   0   4   8   1   4   1   8   5   1   2  36   2   4   0   1   3  0.64 0.39
  180 Q    -1   0  -2   0  -3   3   3  -1   0   0   0   1   1  -1  -3  -1  -1  -4  -2   1    5   5   1   4   0  12  20   4   2   4   8  10   3   3   1   5   3   0   1  10  0.19 0.19
  181 L    -1  -1  -1  -3  -4  -2  -1  -4   0   2   3   0   0  -1  -3  -2  -1  -2   1   2    5   3   3   1   0   1   4   1   3  10  36   5   2   2   1   3   3   0   4  13  0.33 0.24
  182 L     0   0   0   0  -5   2   4  -4  -3  -1   1   0   0   0  -3  -2  -2  -3  -1  -1    7   5   4   4   0   8  27   1   0   3  17   5   2   4   1   3   2   0   2   5  0.30 0.26
  183 A     2   1   0   0  -2   1   1   0  -2  -2  -1   0   0  -1  -1   0   0  -2  -1  -1   19   7   4   4   0   8  11   6   0   2   7   6   3   2   2   7   5   0   2   3  0.11 0.13
  184 R    -1   3  -1  -2  -3   0   4  -5   1  -2  -2   4   1  -5  -2  -3  -1  -5  -1  -2    4  17   3   2   0   3  24   0   3   2   3  22   4   0   2   1   3   0   2   3  0.58 0.38
  185 I    -2   0  -2   0  -2   0  -2  -5   1   4   1  -2   3  -1  -3   0   0  -2  -1   1    3   5   1   5   1   4   3   0   3  25  15   1   8   2   1   6   5   1   2   8  0.28 0.23
  186 G     2   0   1   1  -4   1   2  -1   0  -2  -2   2   0  -2  -3  -1   1  -5  -3  -2   18   4   7   9   0   5  15   4   2   2   3  12   3   2   1   4   8   0   0   2  0.22 0.21
  187 R     0   4  -1   0  -5   3   2  -4  -1   0  -1   0  -3  -3  -2   0  -1  -5  -1  -1    7  21   2   4   0  14  17   0   1   6   5   5   0   1   2   7   2   0   2   4  0.36 0.30
  188 L     0  -3  -6  -5  -5  -5  -2  -4  -5   2   5  -3   0  -1  -3  -4  -2   0   1   1    8   2   0   1   0   0   3   1   0  12  51   2   1   1   2   1   2   1   6   7  0.74 0.43
  189 E    -1   1   0   2  -6   2   4  -3  -1  -2  -3   2   1  -3  -1  -2  -3  -6  -3  -3    6   7   4  10   0  10  33   1   1   3   3  11   3   1   2   3   1   0   1   1  0.54 0.38
  190 Q     0   2   1   2  -3   3   0  -3   0  -3  -3   2  -2  -5   1   1  -1  -5  -3  -4    8  10   6  13   1  15   6   1   2   2   2  11   1   0   7  12   4   0   0   0  0.37 0.29
  191 H    -2   0  -3   1  -5   4   3  -4   1  -2  -2   3  -4  -5  -3  -1   0  -5  -3  -1    3   4   0   9   0  17  21   0   3   2   3  22   0   0   1   3   7   0   1   4  0.55 0.39
  192 G     1  -1  -3  -4  -3  -1  -4   1  -3   3   1  -1   4  -2  -4  -2  -1  -4  -1   1   11   4   0   1   0   3   0  11   0  18  15   4  11   1   0   3   3   0   2  12  0.29 0.24
  193 Q    -2   0  -2   1  -7   8   1  -6  -4  -6  -6  -2   1  -3  -4  -1  -5  -6  -6  -4    3   5   1   7   0  62   9   0   0   0   0   2   4   1   1   5   0   0   0   1  1.56 0.79
  194 T     1  -2  -3  -3  -2  -1  -3  -4  -1   0   2  -1   1  -1   5  -2   0  -4   1  -3   11   2   1   1   1   3   1   1   1   6  25   3   3   2  26   2   6   0   6   0  0.48 0.33
  195 V     0   0   0  -1   0   0   0  -2  -2   1   1   0   0   0  -1   1   0  -3  -2   0    8   4   3   2   2   4   7   1   1  11  14   7   1   3   3  15   7   0   0   7  0.07 0.11
  196 I    -2  -1  -6  -3  -4  -5  -5  -6  -6   2   5  -2  -1  -1  -2  -5  -2  -5  -4   1    2   4   0   2   0   0   0   0   0   9  67   2   0   2   2   0   2   0   0   8  1.02 0.50
  197 P    -2  -1  -4  -4  -5  -4  -4  -3  -5  -5  -5   2  -5   2   7  -2   0  -5  -4  -2    2   3   0   0   0   0   0   2   0   0   0  13   0  11  59   2   6   0   0   2  1.52 0.59
  198 G     0  -1  -1  -4  -3  -3  -4   3  -2  -1   2  -3   0   4  -4  -1  -3  -2   3  -2   10   3   2   0   0   0   0  22   0   3  22   0   2  20   0   3   0   0  12   0  0.41 0.25
  199 L    -1  -4  -4  -4  -3  -3   0  -5  -3   1   4  -3   1   4  -4  -2  -3  -2  -1   0    3   0   0   0   0   0   9   0   0   4  47   0   3  23   0   3   0   0   0   6  0.59 0.28
  200 T     0  -2   2   2  -3   0   2  -3  -2  -1  -3  -1  -3  -4   1   1   3  -4  -3  -2    8   0  13  10   0   2  18   0   0   4   0   0   0   0   6   9  29   0   0   0  0.42 0.23
  201 N    -2  -1   6   2  -4   4   0  -2  -1  -4  -4  -1  -3  -4  -3   1  -1  -4  -3  -4    0   0  59  10   0  24   0   0   0   0   0   0   0   0   0   8   0   0   0   0  0.93 0.25

                      K         Lambda
Standard Ungapped    0.1349     0.3222
Standard Gapped      0.0406     0.2670
PSI Ungapped         0.1325     0.3175
PSI Gapped           0.0406     0.2670
