
Last position-specific scoring matrix computed, weighted observed percentages rounded down, information per position, and relative weight of gapless real matches to pseudocounts
            A   R   N   D   C   Q   E   G   H   I   L   K   M   F   P   S   T   W   Y   V   A   R   N   D   C   Q   E   G   H   I   L   K   M   F   P   S   T   W   Y   V
    1 M    -6  -6  -7  -8  -6  -5  -7  -7  -6  -2   1  -6  10   2  -7  -6  -5  -6  -5  -4    0   0   0   0   0   0   0   0   0   1  10   0  82   7   0   0   0   0   0   0  2.92 0.96
    2 N    -1  -1   5   2  -3  -1  -1  -4   5  -4  -3  -1   4  -5  -2   0   1  -6  -1  -4    5   2  27  12   1   1   2   0  13   1   2   3  12   0   2   5   9   0   2   0  0.68 0.43
    3 E    -3   0   3   2  -4   0   3  -3   6  -4  -3  -1  -5  -4  -1   0   0  -6  -2  -4    1   4  15  12   0   4  16   2  20   1   2   2   0   0   3   8   7   0   1   1  0.66 0.41
    4 R     0   2   2  -3  -5   1  -2  -2   2  -4  -5   3  -5  -6   2   1   2  -6  -4  -4    9  10  10   1   0   6   1   2   4   1   0  20   0   0  12  10  14   0   0   0  0.52 0.38
    5 H    -3   2   3  -2  -4   2  -1  -2   6  -2  -3   3  -3  -4  -2  -1  -1  -6  -1  -4    2  10  16   2   0   9   3   3  18   2   2  19   0   0   2   4   3   0   2   1  0.67 0.41
    6 L    -2   4  -2  -2  -5   3   0  -5   0  -1   0   1   2   1  -5  -1  -1   0   2  -1    3  20   2   3   0  16   4   0   2   3  10   9   6   5   0   3   3   2   6   4  0.37 0.30
    7 T    -3   2  -3  -4  -2   1  -3  -5  -5   3   0   3  -2  -4  -5  -2   2  -6  -4   1    2  11   1   0   1   6   1   1   0  20   9  21   1   1   0   3  14   0   0   9  0.53 0.37
    8 G    -3  -9  -3  -8  -4  -8  -5   8  -3 -10 -10  -6  -9 -10  -9  -5  -8  -9  -9  -9    2   0   1   0   0   0   1  93   1   0   0   1   0   0   0   1   0   0   0   0  2.85 1.18
    9 A     1   2   2   3  -1   0   1  -3  -1  -2  -1   2  -1  -3  -4  -1   0  -5  -1  -2   13   9   8  15   1   3  10   1   1   3   5  12   2   1   0   4   5   0   2   3  0.25 0.22
   10 A     4  -2  -5  -6  -1  -3  -3  -4  -2   4   1  -3  -1  -2  -6   0  -2   1   0   0   36   2   0   0   2   1   2   1   1  19  11   2   2   2   0   6   2   2   3   7  0.64 0.41
   11 S     3  -4  -2  -6  -3  -6  -7   6  -5  -6  -6  -6  -5  -3  -7   1  -1  -4  -3  -4   26   1   2   0   1   0   0  49   0   0   1   0   0   1   0  11   5   0   1   2  1.30 0.69
   12 E    -4  -5  -7  -5  -5   0   8  -9   0  -7  -4  -6  -3 -10  -4  -4  -5 -10  -9  -1    2   1   0   0   0   3  81   0   2   0   2   0   1   0   1   1   1   0   0   4  2.36 1.13
   13 M     1  -1  -1  -2  -1   0  -4  -3   3  -1   2  -3   1   2  -5  -1  -1  -2   4  -2   14   3   4   2   2   4   1   2   7   2  22   1   4   8   0   6   3   0  12   2  0.34 0.27
   14 L     2  -1  -4  -5  -3  -1  -3  -6  -3   2   3   0   1   2  -6  -3  -2  -5   2   0   16   4   1   0   1   3   2   0   1  11  28   6   4   7   0   2   2   0   8   5  0.45 0.31
   15 V     3  -8  -8  -9   0  -8  -8  -6  -5   0  -3  -8  -6   3  -8  -5  -2  -8  -6   6   25   0   0   0   2   0   0   1   0   5   2   0   0  12   0   0   3   0   0  50  1.52 0.76
   16 A     3   0  -4   0   2   1  -2  -4  -2   2   1  -1   4  -1  -6  -2  -1  -3  -3   0   28   4   1   5   4   5   2   1   1  12  11   4   9   2   0   2   3   0   1   5  0.41 0.32
   17 Y     4  -2  -2  -2  -1  -2  -2   0  -1  -2  -1  -2  -1  -1  -6   3   0  -4   2  -2   30   2   2   2   1   2   2   6   2   2   6   2   1   3   0  23   5   0   6   3  0.47 0.37
   18 K     0   2  -3   2  -3   0   4  -6   2  -1  -2   1  -2  -2  -6  -4  -3   6   1  -2    8  11   1  11   0   3  23   0   4   4   5   8   1   2   0   1   2   9   5   3  0.55 0.38
   19 F     1  -8  -9 -10   1  -8  -9  -9  -8  -3   6  -9  -2   4  -5  -6  -6  -7   0  -3   10   0   0   0   2   0   0   0   0   1  62   0   1  16   1   1   0   0   4   1  1.60 0.77
   20 T     1  -3  -4  -5  -2  -1  -2  -5  -2   2   3  -1   3  -2  -5   0   2  -6  -2   1   10   1   1   0   1   3   3   0   1  10  29   3   6   2   0   8  12   0   1   9  0.44 0.31
   21 K    -1   4  -2  -3   1   1   2  -3  -2  -4   1   2   1  -1  -5   0  -3  -6  -3  -3    6  21   2   1   3   5  13   2   1   1  14  14   4   3   0   7   1   0   1   1  0.42 0.32
   22 A    -1   5   0  -3   1   2  -1  -6   2  -3   1   2   0  -2  -6  -1  -5   1   0  -3    6  25   5   1   3   9   5   0   4   1  15  10   3   2   0   4   0   2   3   2  0.51 0.36
   23 G    -6  -4   0  -3  -3  -6  -4   7  -9 -10 -10  -6  -6  -5  -6  -4  -8 -10 -10 -10    1   1   4   2   1   0   1  86   0   0   0   1   0   1   0   2   0   0   0   0  2.51 1.12
   24 Y    -5  -6  -5  -5   0  -5  -4  -7   3   2   0  -5  -1   5  -9  -6  -6   7   7  -1    1   0   1   1   2   1   1   0   5   9   9   1   1  18   0   1   1  13  31   4  1.47 0.70
   25 T    -1   1   3   2  -3   1   2  -2   0  -1  -3  -2  -2  -2  -1   1   1  -2  -2  -1    6   7  13  11   1   5  12   3   2   5   3   2   1   2   3   9  10   1   1   5  0.22 0.20
   26 V     1  -8  -8  -5   1  -8  -8  -8  -9   2  -1  -8  -3  -7   0  -4  -3  -8  -7   7    9   0   0   1   2   0   0   0   0  11   6   0   0   0   5   1   2   0   0  60  1.61 0.75
   27 Y     2  -5  -4  -5   1  -3  -4  -4   0  -4   1  -4  -2   4  -5   3  -1  -2   4  -3   19   1   1   0   2   1   1   1   3   1  12   1   1  13   0  24   4   1  12   2  0.69 0.45
   28 Y    -2   0  -1  -3   0   0   0  -4  -1   2   1   1   1   2  -2  -2   0   3   0   1    3   6   3   1   2   3   6   1   1  12  13  10   4   8   2   3   6   4   4   8  0.16 0.13
   29 P    -1  -2  -2  -5  -3  -2  -4  -3  -3  -5  -5  -3  -1  -7   7  -1   0  -2  -4  -3    6   3   2   1   1   2   1   2   1   1   1   1   2   0  61   5   6   1   1   2  1.64 0.81
   30 M     0  -2  -1  -1  -2  -1   0  -2  -2   1   2  -2   2   2  -1  -1   0   3   1   1    9   2   3   4   1   2   6   2   1   6  17   2   5   9   3   4   5   4   4  10  0.12 0.12
   31 L    -1  -2  -1  -2  -1  -1  -1   3   0  -1  -1  -2  -1  -1   0   0   1  -1  -1   2    3   2   3   2   1   3   5  23   3   3   4   2   1   3   5   7   9   1   2  16  0.20 0.19
   32 T    -3   0   2   6  -7   0   1   0   2  -7  -5  -3  -4  -7   1  -2  -1  -7  -4  -4    3   5   9  39   0   4   9   7   5   0   1   2   0   0   8   3   5   0   0   1  0.86 0.49
   33 Q    -1  -1   3   1   1   1  -2   1   3  -2  -2  -1  -1  -2  -2   1   1  -2  -2  -1    5   3  15  10   3   6   2  10   8   2   3   3   1   2   2  11   8   1   1   5  0.21 0.19
   34 S     0   0   0   0   0   1   1   1   1  -3   0   0  -2  -3   0   2   0  -1  -1  -2    9   4   3   5   2   5  11  13   4   1   9   5   1   1   4  14   5   1   2   2  0.13 0.15
   35 K    -1   3  -1   0  -2  -2   0   1   0  -3  -4   2  -2  -2   4   0  -1  -2  -3  -3    5  17   2   6   1   1   7  13   2   1   1  11   1   2  18   6   3   1   1   2  0.38 0.27
   36 E    -1  -6  -3   0   1  -4  -5  -7   0   2  -3  -6  -3   3  -7  -3  -1   1   7   1    5   0   1   6   3   1   1   0   2  13   2   0   1   9   0   2   4   2  40  10  1.14 0.59
   37 D    -6  -8  -3   9  -2  -7  -3  -8  -7  -5  -6  -7  -9 -10  -8  -5  -5 -11  -9  -6    1   0   1  92   1   0   2   0   0   1   1   0   0   0   0   1   1   0   0   1  3.00 1.23
   38 L    -3  -1  -7  -7   0  -6  -7  -5  -3   3   5  -5   0   4  -5  -4  -5  -1  -1   1    2   4   0   0   2   0   0   1   1  14  47   1   1  16   1   1   0   1   2   7  1.01 0.52
   39 V    -2  -7  -7  -8  -2  -7  -5  -5  -7   5   2  -4  -1  -1  -7  -6  -3  -2  -2   5    3   0   0   0   1   0   1   1   0  32  20   1   1   3   0   0   1   1   1  34  1.18 0.57
   40 V     3  -6  -7  -7   0  -4  -5  -5  -7   3   0  -5   0  -1  -6  -3  -1  -7  -3   5   23   0   0   0   2   1   1   1   0  15   8   1   2   2   0   2   3   0   1  41  0.98 0.54
   41 C    -2   0   0   4   0  -1   3  -3   0   0  -1  -2  -2  -1  -3  -1   0   0   0  -1    3   4   4  22   2   2  22   2   2   6   6   1   1   3   1   4   6   1   4   4  0.34 0.27
   42 K    -1   2   0   1  -2  -1  -1  -2   1   0  -2   3  -1  -1   0   0   0   0  -1   0    3  10   3  10   1   1   2   2   3   5   4  22   1   2   5   7   6   2   2   8  0.19 0.19
   43 D    -1  -1   3   4  -2  -1   0   4  -3  -6  -4   0  -5  -6   0  -1  -2  -2  -4  -5    4   3  12  22   1   2   6  28   1   0   2   7   0   0   4   4   2   1   1   1  0.62 0.39
   44 G    -2  -2   3   2  -1  -1   1   5  -2  -5  -5  -1  -6  -7  -1  -1  -2  -3  -6  -5    3   2  12  10   1   2  10  41   1   1   1   3   0   0   3   4   3   0   0   1  0.78 0.45
   45 K    -1   3   0   0  -2   1   0   1   1  -2  -3   3  -1  -3  -1   0   0  -1  -2  -1    5  16   5   6   1   5   6   9   4   2   2  17   1   1   2   6   5   1   1   5  0.22 0.18
   46 F    -1  -2  -3  -4   2  -2  -3  -2   0   1   3  -3   1   3  -2  -2   0   2   1   0    4   2   1   1   4   1   1   4   2   7  29   2   3  14   3   2   7   3   4   7  0.33 0.22
   47 S    -2   1  -3  -3   0   0  -2  -5   2   1   2   0  -1   2  -5  -2  -2   3   3   1    3   7   1   1   2   5   3   0   5   9  17   7   1   9   0   3   2   4  10  10  0.29 0.21
   48 K    -1   7  -2  -4  -2  -2  -3  -3  -1  -3  -3   3  -2  -1  -2  -3  -1  -7  -2  -4    5  52   2   1   1   1   1   2   1   2   3  15   1   3   2   2   4   0   2   1  1.18 0.59
   49 V    -3  -1  -7  -7   1  -6  -7  -4  -7   5   0  -6   0  -2  -7  -6  -3  -7  -2   6    3   3   0   0   3   0   0   2   0  31   6   0   2   2   0   0   2   0   1  44  1.33 0.59
   50 Q    -4   0  -2  -1  -9   9   1  -8  -6  -3  -8  -5  -7  -3  -8  -3  -7  -9  -8  -8    2   5   2   3   0  73   9   0   0   2   0   0   0   2   0   2   0   0   0   0  2.37 1.08
   51 V    -3  -8  -8  -9   2  -8  -3  -4  -9   2  -3  -8  -5  -1  -8  -4  -3  -8  -7   7    2   0   0   0   4   0   2   2   0  11   2   0   0   3   0   2   2   0   0  72  1.88 0.81
   52 K    -3   1  -2  -7  -8  -5  -5  -7  -7  -8  -8   8  -7  -8  -7  -6  -3  -8  -8  -8    2   6   2   0   0   0   0   0   0   0   0  85   0   0   0   0   2   0   0   0  2.56 0.99
   53 T     0  -2  -1  -5   1  -3  -3  -2   0  -5  -4  -2  -2  -2  -5   3   5  -1   3  -2    8   2   2   0   3   1   1   3   2   0   1   3   1   1   0  18  40   1  11   2  0.82 0.48
   54 A     2   1  -2  -2   1  -2  -2   1  -2   0  -2   0  -1  -3  -3   2   3  -4  -4   0   17   7   1   1   3   1   1  10   1   6   4   5   1   1   0  16  16   0   0   5  0.24 0.23
   55 T    -1   1   0  -2  -2   0  -1   0   2  -1  -1   0  -2  -1  -3   2   3   1   1  -1    4   7   4   1   1   4   4   6   6   3   6   6   1   2   1  18  18   2   4   4  0.19 0.20
   56 T     0   2   0  -1  -2   0  -1  -1   0  -1   0   1  -1   0   0  -1   0   2   1  -1    8  14   4   2   1   4   4   3   3   2  12  11   1   4   5   4   6   3   5   4  0.09 0.11
   57 V    -1   1   0   1   0  -1   0  -1  -1  -1   0   2   0  -1   1   0   0   0  -1  -1    4  10   5   7   2   2   4   5   1   3  10  13   2   3   6   9   6   2   2   4  0.06 0.08
   58 Q     0   3   0   0  -2   1   1  -1  -1  -3  -3   3  -3  -2  -1   0   1  -5  -1  -1    7  14   5   5   1   5   8   4   1   1   3  21   1   1   3   6   8   0   2   5  0.28 0.22
   59 T     0   1   3   2  -1   1   0   0  -1  -3  -3   0  -2  -3   0   1   1   1  -2  -1    6   7  12  12   1   5   5   9   1   1   2   6   1   1   5  10   8   2   1   4  0.20 0.18
   60 N    -1   2   1   1  -2  -1  -1   2  -1  -2  -3   2  -2  -4  -2   1   0  -2   0  -1    4   9   7   8   1   3   4  18   2   2   2  12   1   1   2   9   7   1   3   5  0.22 0.18
   61 T     0   1   2  -2  -2  -1  -1   3  -1  -2  -3   1  -3  -1  -1   1   0   1   0  -2    7   7   9   2   1   2   3  23   1   3   3   9   1   3   4   8   5   2   3   3  0.25 0.20
   62 G    -1   2  -1  -2   0   0  -1   2  -2  -1   0   0  -3   0  -1   0  -1   3   2  -1    6   9   3   2   2   5   4  17   1   3   8   6   1   4   3   6   4   3   7   5  0.16 0.12
   63 D    -2   0   0   1  -2  -1   0  -2   0   0  -2   0  -2   2  -1   0  -1   4   4   0    3   5   5   9   1   2   5   3   2   6   4   7   1   7   3   7   5   5  13   6  0.22 0.16
   64 A     0   1  -1  -2  -2   0   1  -1   3  -1  -2   1  -1   0  -2   1   0   1   1   1    7   8   3   2   1   4   8   6   6   4   4   9   1   5   2  11   6   2   4   9  0.10 0.09
   65 K    -2  -1   1  -1   2  -1  -2  -1  -2   0  -1  -1  -1   3  -1  -1   0   2   2   2    3   3   6   3   4   3   2   5   1   5   6   4   1  13   4   5   6   3   7  14  0.19 0.13
   66 Q    -1   2   0   0   1   2   0   0   2  -2  -2   2  -1  -1  -2   0   0  -1   0   0    4  12   4   5   3   8   5   6   4   2   5  11   2   2   3   8   6   1   3   6  0.14 0.12
   67 V    -1   1  -1  -2   1  -2  -2  -2  -1   2   1  -2   1   0  -2   1   1  -2   0   2    4   8   3   2   3   2   2   3   1  10  15   3   3   4   2   9   7   1   3  14  0.16 0.11
   68 R    -1   5   0  -3  -1   0  -1  -3   1  -5  -3   3  -3   0  -6   1   0  -2   0  -3    5  27   4   2   1   4   5   3   3   1   3  14   1   4   1  11   6   1   3   2  0.57 0.36
   69 L    -1   3  -1   0  -2  -1  -2  -2   2   0   0   1  -2   0  -3   1   1  -1   0   0    5  13   3   5   1   3   2   3   4   5   8   8   1   4   2  12  10   1   3   7  0.14 0.12
   70 G    -1   0   2  -1  -2  -3  -3   3   2  -1  -2   0  -2  -2  -1   1   1   0  -1  -1    5   6  10   3   1   1   2  20   5   5   4   6   1   2   3  12   8   2   2   4  0.25 0.19
   71 G     0   1   2  -2  -4  -1  -3   4   1  -3  -3   1  -2  -3   0   0   1  -2  -3  -2    6   8   8   2   0   3   2  25   3   2   4   9   1   2   5   8   7   1   1   3  0.35 0.25
   72 C     0   3   2  -2   0  -2  -3   2   1  -1  -3   0  -4  -1  -3   0   1   3  -3  -1    7  14  10   3   2   2   2  14   3   3   3   7   1   3   2   8  10   3   1   5  0.26 0.20
   73 G    -2   2   3  -1  -3   0  -2   3   2  -4  -3   2  -5  -4  -2   2  -2  -2  -1  -3    3  11  11   3   1   4   2  19   4   1   3  13   0   1   2  13   3   1   2   2  0.44 0.30
   74 R    -3   5   2  -2  -3   1  -2   0   0  -3  -4   4  -2  -4  -4   0   0  -8  -3  -1    2  24   8   3   1   6   3   8   3   2   3  19   1   1   1   6   5   0   1   4  0.60 0.38
   75 S    -2   3   2   0  -4   0  -2   0  -1  -1  -3   2  -1  -1  -1   0   1  -2  -1  -1    3  16  10   6   0   4   3   6   2   3   3  11   1   3   3   7  10   1   2   4  0.25 0.19
   76 E     0   1  -1  -3  -3  -1  -1   0   3  -3  -2   2  -3   0   4   0   1  -3  -1   0    7   7   3   2   1   3   4   6   5   2   4  10   1   3  18   7   7   0   2   6  0.27 0.22
   77 Y    -5  -1  -6  -4  -8  -6  -8  -7   2  -2  -2  -3  -4   1  -4  -3  -4  -3   9  -4    1   4   1   2   0   1   0   1   4   3   4   2   1   5   1   3   1   0  64   2  2.31 1.05
   78 K     0   1  -1   2  -2   0   0  -2  -3  -5  -3   2  -3  -3  -4   3   3  -6  -1  -2    7   6   3  10   1   4   7   3   1   1   3  12   1   1   1  17  17   0   3   3  0.39 0.29
   79 D     1   1   0   1  -1   0   1  -3  -1  -2  -4   2  -3  -1   3   0  -1   0  -1  -1   10   8   4   7   1   5   9   2   2   2   2  12   1   3  14   7   4   1   2   4  0.24 0.21
   80 G    -1  -1   1   4   0  -1   1   2  -1  -3  -4   1  -3  -5  -4   1  -1  -7  -3  -2    5   3   6  20   2   3  10  17   1   2   2   8   1   1   1   9   4   0   1   3  0.41 0.28
   81 D     0  -1  -1   5  -7   0   4  -4   2  -5  -4  -1  -4  -2  -4  -1  -2  -7  -5  -4    7   4   3  32   0   4  23   2   4   1   2   4   0   2   1   5   3   0   1   2  0.89 0.51
   82 F    -3  -6  -6  -9   3  -6  -9  -7  -2   4  -2  -6  -3   6  -6  -6  -6  -8   2   4    3   1   0   0   5   0   0   1   1  22   4   1   1  29   1   1   1   0   7  23  1.45 0.67
   83 D    -6  -7  -2   8 -10  -6  -1  -6  -2  -6  -5  -5  -9  -3  -7  -5  -3  -9   0  -2    1   0   2  74   0   1   5   1   1   1   2   1   0   1   1   1   2   0   4   3  2.32 1.10
   84 I    -1  -5  -5  -4  -2  -6  -3  -7  -4   4   2  -4  -2   4  -9  -5  -5   0   4   3    6   1   1   1   1   1   2   1   1  18  18   1   1  15   0   1   1   1  14  16  0.91 0.46
   85 L    -3  -9  -9  -6  -4  -5  -9  -9  -9   3   4  -6   0   6  -9  -7  -8  -2   2   1    3   0   0   1   1   1   0   0   0  13  34   1   2  29   0   1   0   1   7   8  1.43 0.67
   86 A     5  -9  -9  -7   2  -9  -5  -2  -2   1  -2  -9  -5   3  -5  -4  -4   1   1   3   40   0   0   0   4   0   1   4   1   8   5   0   0  10   1   2   1   2   4  15  1.03 0.56
   87 V     1  -6  -3  -5   1  -6  -5   0  -5   3   1  -6   0   0  -8  -3  -3  -3   0   5   10   0   2   1   3   0   1   7   0  15  14   1   2   3   0   2   2   0   3  34  0.77 0.42
   88 V    -5  -2  -5  -4  -2  -6  -6  -7  -2   2   1  -3  -1   0  -5  -7  -1  -1   6   5    1   2   1   2   1   0   1   1   1   9  12   2   2   4   1   0   4   1  22  33  1.07 0.57
   89 V     0  -1   0   3   3  -1   0  -1   1   0   0   0  -2  -1  -2   0   0  -5   0  -1    9   3   4  18   7   3   5   5   3   5   8   5   1   3   2   6   5   0   3   5  0.15 0.14
   90 D    -2  -2   1   2  -3  -2   1  -1  -1  -3   0   0  -1  -1   5  -2   0  -7  -3  -4    4   2   7  11   1   2  11   5   2   2   9   5   2   3  25   3   6   0   1   1  0.46 0.36
   91 E    -5  -2   0   4  -5   1   4   1  -4  -6  -4  -1  -4  -6   3  -3  -3  -2  -8  -5    1   2   5  23   0   6  25  10   1   0   2   4   0   0  14   2   2   1   0   1  0.85 0.56
   92 D    -1   2   2   4   1   1   1  -2  -1  -4  -3   2  -3  -5  -5   0   0  -7  -3  -3    4  11  10  20   3   5  10   3   2   1   2  13   1   0   0   6   6   0   1   2  0.45 0.34
   93 V    -1  -2  -3  -4   4  -4  -3  -5  -2   3   0  -1   1   2  -4  -2  -2   0   3   3    6   2   2   1   8   1   2   1   1  16   8   4   3   7   1   3   3   1   9  22  0.50 0.32
   94 L    -1  -3  -8  -6  -2  -6  -6  -4  -4  -3  -2  -5  -2   2  -5  -7  -4   9   7   0    6   2   0   1   1   0   1   2   0   2   4   1   1   7   1   0   2  24  39   7  1.87 0.94
   95 I    -3  -1  -5  -8  -2  -4  -4  -8  -6   4   2  -4   1   3  -8  -4  -5   2   5   3    2   4   1   0   1   1   1   0   0  19  18   1   3   9   0   1   0   2  20  17  0.93 0.53
   96 F    -6  -4  -5  -4  -7  -5  -6  -7  -5   6   1  -4   1   4  -6  -5  -4  -4   1   4    0   1   1   1   0   1   0   0   0  35  12   1   3  16   0   1   1   0   4  22  1.20 0.62
   97 T    -4  -3  -3  -4  -5  -5  -1  -6   0  -3  -5  -3  -5  -2   8  -2   0  -2  -5  -5    2   2   1   1   0   0   4   1   2   2   2   2   0   2  65   3   7   1   1   1  1.86 1.01
   98 W     1  -1  -2  -3  -2  -4  -2  -3  -1   3  -1  -1   0   2  -1   1   0   4   1   2   11   3   2   1   1   0   2   2   2  15   5   3   2  10   3   9   7   5   5  12  0.24 0.21
   99 D     1   1   1   3  -3  -1   3  -2   0  -4  -5   1  -4  -5  -3   1  -1  -6  -4  -4   10   8   6  16   1   2  20   4   3   1   1   9   0   0   1  12   3   0   0   1  0.45 0.36
  100 E     1  -1  -1   3  -4   0   5  -3   0  -2  -3   0  -2  -7  -6  -2  -2  -7  -4   1   11   3   3  14   0   4  32   2   2   2   2   7   1   0   0   3   2   0   0  11  0.61 0.44
  101 V    -2  -3  -5  -4   1  -6  -5  -6  -3   4   2  -3   1   2  -2  -4  -2  -2  -2   4    4   2   0   1   2   0   1   0   1  23  16   2   3   9   2   1   3   1   1  30  0.77 0.44
  102 K     1   0   1   0  -2   0   1   1   0  -2  -2   1  -2  -2   1   0   1  -3  -2  -1   12   6   6   4   1   4   9  11   3   2   3  10   1   1   6   5   9   0   1   4  0.13 0.14
  103 G     0   0   3   0  -5   1  -1   4   2  -3  -4   0  -5  -2  -2   1  -1  -6  -3  -3    6   6  12   4   0   5   5  26   5   2   2   5   0   2   2  12   3   0   1   2  0.40 0.30
  104 K    -2   4   1  -2  -1   2  -1  -3  -2  -3   0   4   0  -6  -4  -1  -1  -6  -2  -3    3  23   7   2   1  10   3   2   1   2   8  24   2   0   1   5   4   0   1   1  0.57 0.40
  105 T    -1   1   0  -3  -3  -1  -3  -2   1   0  -2   2   1  -2  -2   2   2  -3  -1   1    5   8   4   1   0   2   1   3   3   6   3  11   3   1   2  19  15   0   2   9  0.24 0.25
  106 S     0   0  -1  -3   0   0   2  -2  -1  -4  -4  -2  -4  -5  -5   4   4  -3  -6  -3    9   5   3   1   2   3  13   3   1   1   1   2   0   1   0  30  23   0   0   1  0.68 0.52
  107 M    -2  -5  -7  -7  -3  -3  -6  -5  -6   5   3  -5   4   1  -4  -5  -4  -2  -2   2    3   1   0   0   1   1   0   1   0  34  26   1  11   5   1   0   1   1   2  12  1.02 0.54
  108 C    -1   3   1  -3   3  -1  -4  -3   2  -2  -4   1  -2  -2  -1   2   2   2   1  -2    5  17   6   1   7   2   0   1   4   3   1   7   1   2   3  15  15   3   5   3  0.39 0.34
  109 V    -1  -4  -4  -5  -5  -5  -6  -6  -6   3   4  -4   0   3  -7  -4  -2  -5  -3   2    5   1   1   1   0   0   0   0   0  14  42   1   2  12   0   1   3   0   1  15  0.89 0.50
  110 G    -1   4   0  -1  -1  -1   1   2  -2  -2  -1   0  -2  -2  -3   1  -1  -5   0  -3    5  24   5   3   1   1  10  16   1   2   6   4   1   2   1   9   4   0   4   1  0.30 0.26
  111 K     0   1   0  -1  -4   0   2  -3  -2  -1  -1   2  -1  -3   3   1  -1  -5  -1   0    6   9   5   3   0   2  12   1   1   4   7  13   1   1  13  11   3   0   2   7  0.21 0.21
  112 R    -1   3   3   0  -2  -1   1  -3   2  -4  -4   3  -2  -5  -3   1   1  -1   0  -5    5  18  12   4   1   2   8   1   5   1   1  18   1   0   1  11   8   1   3   0  0.44 0.33
  113 N     0   0   4   1  -4  -1   0   0  -1  -1  -3   0  -1  -3  -2   2   0  -2   0  -2    6   5  24   6   0   2   6   6   1   4   2   5   1   1   2  16   5   0   4   3  0.29 0.26
  114 K    -2   0   0   2  -6   0   2  -4   0  -4  -6   2  -3  -6   5  -1  -2  -7  -3  -3    3   4   4  12   0   4  12   1   2   1   0  15   1   0  34   4   2   0   1   2  0.85 0.50
  115 G     0   5   0  -1   1  -1  -1   1   1  -4  -5   4  -5  -3  -5  -2  -2  -6  -5  -4    7  31   4   3   3   1   4  11   3   1   0  26   0   1   0   2   2   0   0   1  0.74 0.45
  116 I     2  -2  -3  -3  -1  -2  -3  -4   0   0   0  -1   0   2   2   1  -1  -1   3   0   17   1   0   1   1   1   0   0   2   7   7   3   3  11  13  14   2   1  11   6  0.28 0.25
  117 K    -4   4   0  -2  -6   0   0  -1  -4  -6  -6   6  -5  -6  -4   1  -1  -6  -5  -5    0  20   4   1   0   3   6   4   0   0   0  47   0   0   0  11   4   0   0   0  1.03 0.53
  118 L    -3  -5  -5  -6  -3  -4  -5  -6  -5   4   4  -5   4   1  -5  -4  -3  -4  -3   3    0   0   0   0   0   0   0   0   0  23  37   0  11   6   0   0   0   0   0  23  0.87 0.37

                      K         Lambda
Standard Ungapped    0.1334     0.3171
Standard Gapped      0.0425     0.2670
PSI Ungapped         0.1389     0.3188
PSI Gapped           0.0425     0.2670
