
Last position-specific scoring matrix computed, weighted observed percentages rounded down, information per position, and relative weight of gapless real matches to pseudocounts
           A  R  N  D  C  Q  E  G  H  I  L  K  M  F  P  S  T  W  Y  V   A   R   N   D   C   Q   E   G   H   I   L   K   M   F   P   S   T   W   Y   V
    1 M   -1 -1 -2 -3 -1  0 -2 -3 -2  1  2 -1  6  0 -3 -2 -1 -1 -1  1    0   0   0   0   0   0   0   0   0   0   0   0 100   0   0   0   0   0   0   0  0.36 0.01
    2 E   -1  0  0  1 -4  4  4 -2  0 -3 -3  1 -1 -3 -1  0 -1 -3 -2 -2    0   0   0   0   0  34  66   0   0   0   0   0   0   0   0   0   0   0   0   0  0.65 0.01
    3 I   -1 -3 -3 -3 -1 -2 -3 -4 -3  3  3 -3  1  0 -3 -2 -1 -2 -1  3    0   0   0   0   0   0   0   0   0  31  35   0   0   0   0   0   0   0   0  34  0.33 0.01
    4 V   -1 -3 -3 -3 -1 -2 -3 -3 -3  3  1 -3  1 -1 -3 -2  0 -3 -1  4    0   0   0   0   0   0   0   0   0  34   0   0   0   0   0   0   0   0   0  66  0.36 0.01
    5 S    1  1  0  0 -2  0  0 -1 -1 -3 -3  3 -2 -3 -1  3  1 -3 -2 -2    0   0   0   0   0   0   0   0   0   0   0  35   0   0   0  65   0   0   0   0  0.36 0.01
    6 K   -1  2  0 -1 -3  1  1 -2 -1 -3 -3  5 -1 -3 -1  0 -1 -3 -2 -2    0   0   0   0   0   0   0   0   0   0   0 100   0   0   0   0   0   0   0   0  0.55 0.02
    7 L   -1 -3 -3 -4 -1 -2 -3 -4 -3  3  3 -3  2  0 -3 -3 -1 -2 -1  2    0   0   0   0   0   0   0   0   0  35  65   0   0   0   0   0   0   0   0   0  0.39 0.01
    8 T    0 -1  0 -1 -1 -1 -1 -1 -1 -1 -2 -1 -1 -2 -1  3  4 -3 -2 -1    0   0   0   0   0   0   0   0   0   0   0   0   0   0   0  34  66   0   0   0  0.42 0.01
    9 L    2 -2 -2 -2 -1 -1 -2 -1 -2  0  1 -1  0 -1  5  0 -1 -3 -2  0   34   0   0   0   0   0   0   0   0   0  31   0   0   0  35   0   0   0   0   0  0.51 0.01
   10 K   -1  4  0 -1 -3  3  1 -2  0 -3 -2  4 -1 -3 -1  0 -1 -3 -2 -2    0  28   0   0   0  26   0   0   0   0   0  46   0   0   0   0   0   0   0   0  0.51 0.02
   11 T    0  0  0 -1 -1  0  0 -2 -2 -1 -2  2 -1 -3 -1  1  4 -3 -2 -1    0   0   0   0   0   0   0   0   0   0   0  26   0   0   0   0  74   0   0   0  0.39 0.03
   12 I   -1 -3 -3 -3 -1 -3 -3 -4 -3  4  1 -3  1  0 -3 -2 -1 -3 -1  3    0   0   0   0   0   0   0   0   0  72   0   0   0   0   0   0   0   0   0  28  0.40 0.02
   13 G    0 -3 -2 -2 -2 -2 -2  4 -3  1 -1 -2 -1 -2 -2 -1 -1 -3 -2  2    0   0   0   0   0   0   0  50   0   0   0   0   0   0   0   0   0   0   0  50  0.37 0.02
   14 A    3 -2 -2 -2  5 -2 -2  3 -2 -2 -2 -2 -2 -3 -2  0 -1 -3 -2 -1   46   0   0   0  28   0   0  26   0   0   0   0   0   0   0   0   0   0   0   0  0.44 0.02
   15 Q   -1 -1  3 -1 -2  2  0 -2 -1 -1  1  0  0 -2 -2  0  2 -2 -2 -1    0   0  26   0   0  22   0   0   0   0  28   0   0   0   0   0  24   0   0   0  0.18 0.01
   16 P    0 -2 -1 -2 -2 -1 -1 -2 -2  0 -1 -1 -1 -2  5  1  0 -3 -2  1    0   0   0   0   0   0   0   0   0   0   0   0   0   0  46  28   0   0   0  26  0.71 0.02
   17 K   -1  1 -1  0 -3  1  2 -2 -1 -1 -2  4 -1 -3 -1 -1 -1 -3 -2  0    0   0   0   0   0   0  23   0   0   0   0  58   0   0   0   0   0   0   0  20  0.32 0.03
   18 P    1 -2 -2 -2 -2 -2 -2 -2 -2 -2 -2 -1 -2  2  6 -1 -1 -2 -1 -2   20   0   0   0   0   0   0   0   0   0   0   0   0  20  60   0   0   0   0   0  1.04 0.04
   19 H   -1 -1  2 -1 -3 -1 -1  2  5 -3 -3 -1 -2  0 -2 -1 -1 -1  3 -3    0   0  20   0   0   0   0  23  37   0   0   0   0   0   0   0   0   0  20   0  0.45 0.03
   20 S    1 -1  0  2 -1  0  0  0 -1 -1 -1  0 -1 -1  0  1  0 -1 -1 -1   24   2   2  22   1   2   3   3   1   2   4   2   1   2   2  20   2   1   1   3  0.15 0.01
   21 V    0 -1 -1 -1 -1 -1 -1 -1 -1  2  0 -1  0 -1  4 -1  0 -1 -1  1    3   2   2   2   1   2   3   3   1  22   4   2   1   2  22   3   2   1   1  20  0.21 0.01
   22 K   -1  1  0 -1 -2  3  1 -1 -1 -2 -2  3 -1 -2  4  0 -1 -2 -2 -2    2   1   1   1   0  24   1   1   0   1   2  38   0   1  21   1   1   0   1   1  0.42 0.02
   23 E   -1 -1  0  4 -3  1  3 -1 -1 -2 -2  0 -2 -3 -1  0 -1 -3 -2 -2    2   1   1  41   0   1  41   1   0   1   2   1   0   1   1   1   1   0   1   1  0.51 0.02
   24 N   -1 -1  2 -1 -1 -1 -1 -2 -1  1  0 -1  0  3 -2  0  2 -1  0  0    2   1  18   1   0   1   1   1   0  21   2   1   0  24   1   1  21   0   1   1  0.10 0.01
   25 T    0 -2 -2 -2 -1 -1 -2 -2 -2  2  0 -1  0 -1 -1 -1  2 -2 -1  3    2   1   1   1   0   1   1   1   0   1   2   1   0   1   1   1  18   0   1  65  0.19 0.02
   26 A    1 -1 -1  2 -1 -1  0 -1 -2  0 -1 -1 -1 -2  3  0  0 -2 -2  1   19   1   1  21   0   1   1   1   0   1   2   1   0   1  21   1   1   0   1  24  0.26 0.01
   27 L   -1 -2 -2 -3 -1 -2 -2 -2 -2  1  3 -2  1  3 -2 -2 -1 -1  1  0    2   1   1   1   0   1   1   1   0   1  59   1   0  24   1   1   1   0   1   1  0.26 0.02
   28 A    1 -1 -1 -2 -1 -1 -1  2 -1 -1  1 -1  0  0 -1  0 -1  0  3 -1   19   1   1   1   0   1   1  24   0   1  22   1   0   1   1   1   1   0  21   1  0.14 0.01
   29 S    0  2  0 -1 -2  0  0 -1 -1 -1  0  2  2 -1 -1  1  0 -2 -1 -1    2  21   1   1   0   1   1   1   0   1   2  21  23   1   1  19   1   0   1   1  0.15 0.02
   30 I   -1 -3 -3 -3 -1 -3 -3 -4 -3  3  1 -3  1 -1 -3 -2  0 -3 -1  4    0   0   0   0   0   0   0   0   0  37   0   0   0   0   0   0   0   0   0  63  0.41 0.03
   31 Y    1 -2 -2 -3 -2 -2 -2 -2  1 -1 -1 -2 -1  4 -3 -1 -2  1  6 -1   20   0   0   0   0   0   0   0   0   0   0   0   0  20   0   0   0   0  60   0  0.59 0.04
   32 G    0 -2  0 -1 -2 -1 -2  5 -2 -3 -3 -1 -2 -2 -1  0 -1 -2 -2 -2    2   1   1   1   0   1   1  79   1   1   2   1   1   1   1   2   1   0   1   1  0.72 0.02
   33 R   -1  4 -1 -1 -2  1  2 -2 -1 -1  0  1 -1 -2 -2  1  0 -3 -2 -1    0  40   0   0   0   0  20   0   0   0  20   0   0   0   0  20   0   0   0   0  0.26 0.02
   34 V    3 -2 -1 -2 -1 -1 -1  0 -2  0 -1 -1 -1 -2 -1  2  0 -3 -2  1   63   0   0   0   0   0   0   0   0   0   0   0   0   0   0  20   0   0   0  17  0.29 0.03
   35 R   -1  3  2 -1 -3  3  0 -2  0 -3 -2  1 -1 -3 -2  0  2 -3 -2 -2    0  37  20   0   0  23   0   0   0   0   0   0   0   0   0   0  20   0   0   0  0.39 0.03
   36 G    0 -1 -1 -1 -3 -1 -1  4 -2 -3 -3  1 -3 -3  4 -1 -1 -3 -3 -3    0   0   0   0   0   0   0  58   0   0   0  20   0   0  23   0   0   0   0   0  0.71 0.03
   37 K    1  0 -1 -1 -2  0  2 -2  0 -1  1  1  0  0 -2  0 -1 -1  3 -1   20   0   0   0   0   0  23   0   0   0  20  17   0   0   0   0   0   0  20   0  0.14 0.02
   38 K   -1  2  0  2 -2  0  0 -2 -1  0 -1  2 -1 -2 -2  0  2 -3 -2  1    0  20   0  20   0   0   0   0   0   0   0  17   0   0   0   0  23   0   0  20  0.19 0.02
   39 V    1 -2 -1 -2 -1 -1 -2 -2 -2  1  0 -1  0 -2 -2  0  3 -3 -2  2   20   0   0   0   0   0   0   0   0   0   0   0   0   0   0   0  43   0   0  37  0.25 0.03
   40 G    1 -2  0  3 -2  0  2  3 -1 -3 -3 -1 -2 -3 -2  0 -1 -3 -3 -2   20   0   0  23   0   0  20  37   0   0   0   0   0   0   0   0   0   0   0   0  0.42 0.02
   41 Q   -1  3  0 -1 -3  5  1 -2  0 -3 -2  3 -1 -3 -2  0 -1 -3 -2 -3    0  20   0   0   0  58   0   0   0   0   0  23   0   0   0   0   0   0   0   0  0.57 0.04
   42 S    1 -1  0  0 -1  0  0 -1 -1 -2 -2  0 -1 -2 -1  3  2 -2 -1 -1    2   1   1   1   0   1   1   2   1   1   2   1   1   1   1  58  22   0   1   1  0.29 0.02
   43 T   -1 -1  1  4 -2  2  1 -1 -1 -2 -2  0 -1 -2 -1  0  1 -2 -2 -2    2   1   1  42   0  20   1   2   1   1   2   1   1   1   1   2  18   0   1   1  0.33 0.02
   44 F   -1  0  2 -1 -2  0 -1 -1  0 -1 -1  1 -1  3 -1  0 -1  0  3 -1    2   1  21   1   0   1   1   2   1   1   2  22   1  18   1   2   1   0  20   1  0.17 0.01
   45 G    0 -3 -1 -2 -3 -2 -2  6 -2 -4 -4 -2 -3 -3 -2  0 -2 -3 -3 -3    0   0   0   0   0   0   0 100   0   0   0   0   0   0   0   0   0   0   0   0  1.15 0.05
   46 D   -1 -1 -1  2 -3  0  3 -2 -1 -3 -3  0 -3 -4  5 -1 -1 -4 -3 -3    0   0   0  17   0   0  40   0   0   0   0   0   0   0  43   0   0   0   0   0  0.92 0.03
   47 F   -2 -3 -3 -4 -3 -3 -3 -3  0 -1  0 -3 -1  6 -4 -2 -2  1  5 -1    0   0   0   0   0   0   0   0   0   0   0   0   0  60   0   0   0   0  40   0  0.80 0.04
   48 I   -1 -2 -2 -3 -1 -2 -3 -3 -3  3  2 -2  1 -1 -2 -1  2 -3 -1  2    0   0   0   0   0   0   0   0   0  40  20   0   0   0   0   0  20   0   0  20  0.26 0.02
   49 K    1  4 -1 -1 -3  1  0 -2 -1 -3 -2  3 -1 -3 -2  0 -1 -3 -2 -2   20  42   0   0   0   0   0   0   0   0   0  37   0   0   0   0   0   0   0   0  0.44 0.03
   50 F   -2 -3 -3 -4 -2 -3 -3 -4 -2  1  3 -3  1  5 -4 -3 -2  0  2  0    0   0   0   0   0   0   0   0   0   0  40   0   0  60   0   0   0   0   0   0  0.54 0.04
   51 E    0 -1 -1 -1 -2  0  1  2 -2 -1  0 -1 -1 -2 -2  1  2 -3 -2 -1    0   0   0   0   0   0  17  23   0   0  20   0   0   0   0  20  20   0   0   0  0.17 0.01
   52 G    0 -3 -1 -2 -3 -2 -2  6 -2 -4 -4 -2 -3 -3 -2  0 -2 -3 -3 -3    0   0   0   0   0   0   0 100   0   0   0   0   0   0   0   0   0   0   0   0  1.15 0.05
   53 E   -1  2  0  2 -2  0  2 -2 -1 -2 -1  0  2 -2 -2  1  0 -3 -2 -1    0  20   0  20   0   0  17   0   0   0   0   0  23   0   0  20   0   0   0   0  0.22 0.02
   54 F   -3 -3 -3 -4 -3 -3 -4 -3 -2  0  0 -3  0  7 -4 -3 -2  1  3 -1    0   0   0   0   0   0   0   0   0   0   0   0   0 100   0   0   0   0   0   0  0.92 0.06
   55 E   -1 -1 -1  1 -3  1  5 -3 -1  1 -2  0 -1 -3 -2 -1 -1 -3 -2 -1    0   0   0   0   0   0  80   0   0  20   0   0   0   0   0   0   0   0   0   0  0.52 0.04
   56 G    3 -2 -1 -2 -1 -1 -1  4 -2 -2 -2 -1 -2 -3 -1  1 -1 -3 -2 -1   63   0   0   0   0   0   0  37   0   0   0   0   0   0   0   0   0   0   0   0  0.49 0.03
   57 V   -1  2 -1 -2 -2  2  0 -2 -1  0 -1  0  0 -2 -2  0  2 -3 -2  2    0  23   0   0   0  20   0   0   0   0   0   0   0   0   0   0  20   0   0  37  0.19 0.02
   58 N   -1  2  4  3 -3  0  0 -1  0 -3 -3  0 -2 -3 -2  1  0 -4 -2 -3    0  23  37  20   0   0   0   0   0   0   0   0   0   0   0  20   0   0   0   0  0.43 0.03
   59 I   -1 -1 -2 -2 -1 -1 -2 -2 -2  2  2 -1  4  0 -2 -1 -1 -1 -1  1    2   1   1   1   0   1   1   2   1  18  22   1  41   1   1   2   1   0   1   1  0.20 0.02
   60 A    1  0 -1 -1 -1  0 -1 -1 -1  0  1  1  0 -1 -1  0  2 -2 -1  0   19   1   1   1   0   1   1   2   1   1  22  21   1   1   1   2  22   0   1   1  0.08 0.01
   61 T    1 -2 -1 -1 -1 -1 -1  2 -2 -1 -2 -1 -1 -3 -1  1  4 -3 -2 -1   20   0   0   0   0   0   0  23   0   0   0   0   0   0   0   0  57   0   0   0  0.36 0.03
   62 G    0 -1  0  2 -3 -1  0  4 -2 -4 -4  2 -3 -3 -2  0 -1 -3 -3 -3    0   0   0  20   0   0   0  57   0   0   0  23   0   0   0   0   0   0   0   0  0.57 0.03
   63 E   -1 -1  0  3 -4  1  5 -2 -1 -3 -3  0 -2 -4 -1  0 -1 -3 -2 -3    0   0   0  23   0   0  77   0   0   0   0   0   0   0   0   0   0   0   0   0  0.75 0.04
   64 V   -1  2 -2 -1 -2  0  2 -3 -2  1  1  0  0 -1 -2 -1 -1 -3 -2  2    0  20   0   0   0   0  23   0   0   0  20   0   0   0   0   0   0   0   0  37  0.15 0.02
   65 F   -2 -2 -2 -3 -3 -2 -2 -3  4 -1  0 -2 -1  5 -3 -2 -2  1  4 -1    0   0   0   0   0   0   0   0  20   0   0   0   0  60   0   0   0   0  20   0  0.64 0.04
   66 R   -1  5 -1 -2 -3  2  0 -3 -1  1 -1  1 -1 -2 -2 -1 -1 -3 -2 -1    0  60   0   0   0  20   0   0   0  20   0   0   0   0   0   0   0   0   0   0  0.43 0.03
   67 S    3 -1  0 -1 -1 -1 -1  0 -1 -2 -2 -1 -1 -3 -1  3  1 -3 -2 -1   40   0   0   0   0   0   0   0   0   0   0   0   0   0   0  60   0   0   0   0  0.41 0.03
   68 G    2 -2  0 -1 -2 -1 -1  4 -2 -3 -3 -1 -2 -3 -2  2  0 -3 -3 -2   20   0   0   0   0   0   0  57   0   0   0   0   0   0   0  23   0   0   0   0  0.58 0.03
   69 A    2  0 -1  0 -2  2  2 -1 -1 -2 -2  0 -1 -3 -1  2  0 -3 -2 -1   37   0   0   0   0  20  23   0   0   0   0   0   0   0   0  20   0   0   0   0  0.32 0.02
   70 L   -1 -3 -3 -4  7 -2 -3 -3 -3  0  2 -3  3 -1 -3 -2 -1 -2 -2  0    0   0   0   0  40   0   0   0   0   0  40   0  20   0   0   0   0   0   0   0  0.53 0.04
   71 I   -2 -3 -3 -3 -2 -3 -3 -4 -3  4  1 -3  1  3 -3 -3 -1 -2  0  2    0   0   0   0   0   0   0   0   0  80   0   0   0  20   0   0   0   0   0   0  0.41 0.04
   72 L   -1 -2 -3 -4 -1 -2 -3 -4 -3  2  4 -3  2  0 -3 -2 -1 -2 -1  2    0   0   0   0   0   0   0   0   0   0  77   0   0   0   0   0   0   0   0  23  0.42 0.03
   73 P   -1 -2 -3 -2 -3 -2 -2 -3 -3 -1  0 -1 -1 -2  7 -1 -1 -3 -3 -2    0   0   0   0   0   0   0   0   0   0  20   0   0   0  80   0   0   0   0   0  1.51 0.05
   74 K    0  0  0  2 -2  2  1  2 -1 -3 -3  1 -2 -3 -1  1  0 -3 -2 -3    0   0   0  20   0  20   0  20   0   0   0  17   0   0   0  23   0   0   0   0  0.32 0.02
   75 V   -1 -3 -3 -3 -2 -2 -3 -3 -3  2  0 -2  0  2  3 -2 -1 -2  0  3    0   0   0   0   0   0   0   0   0  20   0   0   0  20  20   0   0   0   0  40  0.35 0.02
   76 L    1 -2 -2 -3 -1 -2 -2 -2 -3  1  1 -2  0 -1 -2  0  2 -3 -1  3   20   0   0   0   0   0   0   0   0   0  17   0   0   0   0   0  20   0   0  43  0.19 0.02
   77 E   -1 -1  0  1 -3  1  4  2  4 -4 -3  0 -2 -3 -2  0 -1 -3 -1 -3    0   0   0   0   0   0  60  20  20   0   0   0   0   0   0   0   0   0   0   0  0.51 0.03
   78 S    3 -1  2  0 -1  0 -1  0 -1 -2 -2 -1 -2 -3 -1  3  1 -3 -2 -1   40   0  20   0   0   0   0   0   0   0   0   0   0   0   0  40   0   0   0   0  0.34 0.03
   79 L   -1 -1 -2 -2 -2  4  0 -3 -1  1  2  0  1 -1 -2 -1 -1 -2 -1  1    0   0   0   0   0  43   0   0   0   0  37   0   0   0   0   0   0   0   0  20  0.24 0.03
   80 L   -1 -2 -3 -4 -1 -2 -3 -4 -3  2  4 -3  2  0 -3 -2 -1 -2 -1  2    0   0   0   0   0   0   0   0   0   0  77   0   0   0   0   0   0   0   0  23  0.42 0.03
   81 A    2 -2 -2 -2 -1 -1 -2  2 -2  0  0 -1  3 -2 -2  0 -1 -2 -2  1   37   0   0   0   0   0   0  20   0   0   0   0  23   0   0   0   0   0   0  20  0.19 0.02
   82 G    1 -2  0  2 -2 -1  0  3 -2 -3 -3 -1 -2 -3 -1  2  0 -3 -3 -2   20   0   0  20   0   0   0  37   0   0   0   0   0   0   0  23   0   0   0   0  0.41 0.02
   83 A    4  0 -1 -2 -1  0 -1  0 -2 -2 -2  2 -1 -3 -1  1  0 -3 -2 -1   80   0   0   0   0   0   0   0   0   0   0  20   0   0   0   0   0   0   0   0  0.37 0.04
   84 V   -1 -2 -3 -3 -2 -2 -3 -3 -1  1  3 -2  3  1 -3 -2 -1  0  3  1    0   0   0   0   0   0   0   0   0   0  40   0  20   0   0   0   0   0  23  17  0.30 0.02
   85 D   -1 -1  4  3 -3  0  2 -1  0 -3 -3  0 -2 -3 -2  2  0 -4 -2 -3    0   0  40  17   0   0  23   0   0   0   0   0   0   0   0  20   0   0   0   0  0.47 0.03
   86 G    1  0 -1 -1 -2  2  0  3 -1 -3 -3  2 -2 -3 -2  0 -1 -3 -2 -2   23   0   0   0   0  20   0  37   0   0   0  20   0   0   0   0   0   0   0   0  0.36 0.02
   87 E    1  0 -1  0 -2  3  2  2 -1 -3 -3  2 -1 -3 -1  0 -1 -3 -2 -2   20   0   0   0   0  23  17  20   0   0   0  20   0   0   0   0   0   0   0   0  0.31 0.02
   88 N    0 -1  2  2 -2  2  0 -1 -1 -1 -2  0 -1 -2 -2  1  0 -3 -2  1    0   0  17  20   0  20   0   0   0   0   0   0   0   0   0  20   0   0   0  23  0.21 0.02
   89 T    3 -1  0 -1 -1 -1 -1  0 -1 -2 -2 -1 -1 -2 -1  3  2 -3 -2 -1   40   0   0   0   0   0   0   0   0   0   0   0   0   0   0  43  17   0   0   0  0.35 0.03
   90 V   -1 -3 -3 -3 -1 -2 -3 -3 -3  2  2 -3  1 -1 -3 -2  0 -3 -1  4    0   0   0   0   0   0   0   0   0   0  20   0   0   0   0   0   0   0   0  80  0.38 0.04
   91 D    1 -1  0  4 -3  2  2 -1 -1 -3 -3  0 -2 -3 -1  0 -1 -3 -2 -2   23   0   0  37   0  20  20   0   0   0   0   0   0   0   0   0   0   0   0   0  0.43 0.02
   92 F   -2 -3 -3 -4 -2 -3 -3 -3 -2  0  2 -3  0  6 -4 -3 -2  0  2 -1    0   0   0   0   0   0   0   0   0   0  23   0   0  77   0   0   0   0   0   0  0.67 0.04
   93 A    4 -2 -2 -2 -1 -1 -1  0 -2 -2 -2 -1 -1 -2 -1  1  0 -3 -2  0  100   0   0   0   0   0   0   0   0   0   0   0   0   0   0   0   0   0   0   0  0.50 0.05
   94 V   -2 -3 -3 -4 -2 -3 -3 -3 -2  1  2 -3  1  5 -3 -2 -2  0  2  1    0   0   0   0   0   0   0   0   0   0  20   0   0  63   0   0   0   0   0  17  0.50 0.03
   95 E   -1  2 -1  0 -3  1  4 -3 -1 -2  0  1 -1 -2 -2 -1 -1 -3 -2 -2    0  23   0   0   0   0  57   0   0   0  20   0   0   0   0   0   0   0   0   0  0.38 0.03
   96 I   -1 -3 -3 -3 -2 -3 -3 -4 -3  4  1 -3  1  3 -3 -2 -1 -2  0  3    0   0   0   0   0   0   0   0   0  57   0   0   0  23   0   0   0   0   0  20  0.36 0.03
   97 W   -1  2 -1 -2 -3  2 -1  3 -1 -3 -3  0 -2 -2 -2 -1 -2  6 -1 -3    0  23   0   0   0  20   0  40   0   0   0   0   0   0   0   0   0  17   0   0  0.54 0.03
   98 A    2 -2 -2 -2 -1 -1 -2 -1 -2  1  0 -1  0 -2 -2  0  2 -3 -2  2   37   0   0   0   0   0   0   0   0   0   0   0   0   0   0   0  23   0   0  40  0.22 0.02
   99 K   -1  1 -1 -1 -3  1  0 -2 -1 -1 -2  4 -1 -3 -1 -1 -1 -3 -2  1    0   0   0   0   0   0   0   0   0   0   0  77   0   0   0   0   0   0   0  23  0.36 0.04
  100 P    0 -1 -1  0 -2  0  2 -1 -1 -2 -2  0 -2 -2  5  1  0 -2 -2 -2    2   1   1   1   0   1  24   1   0   1   2   1   0   1  38  22   1   0   1   1  0.61 0.02
  101 S    1  0  0  3 -2  0  0 -1 -1 -2 -3  2 -2 -3 -1  2  0 -3 -2 -2   20   0   0  23   0   0   0   0   0   0   0  20   0   0   0  37   0   0   0   0  0.30 0.02
  102 E    2  0 -1  0 -1  0  2 -1 -1 -2 -2  2 -1 -2 -1  0  0 -2 -1 -1   42   1   1   1   0   1  18   1   0   1   2  24   0   1   1   1   1   0   1   1  0.20 0.01
  103 K    0  1  0 -1 -2  1  0 -1 -1 -3 -3  4 -2 -3 -1  3  0 -3 -2 -2    0   0   0   0   0   0   0   0   0   0   0  57   0   0   0  43   0   0   0   0  0.40 0.04
  104 G    1 -1  0 -1 -1 -1 -1  2 -1 -2 -3 -1 -2 -3 -1  3  2 -3 -2 -2    0   0   0   0   0   0   0  17   0   0   0   0   0   0   0  63  20   0   0   0  0.40 0.03
  105 N   -1 -2  2 -1 -2 -2 -2 -2 -2  1 -1 -1 -1 -2  5 -1 -1 -4 -2  2    0   0  17   0   0   0   0   0   0   0   0   0   0   0  40   0   0   0   0  43  0.59 0.03
  106 T   -1 -2 -2 -2 -1 -2 -2 -3 -3  3  1 -2  0 -1 -2  0  3 -3 -2  2    0   0   0   0   0   0   0   0   0  43   0   0   0   0   0   0  37   0   0  20  0.27 0.03
  107 G    0 -3 -1 -2 -3 -2 -2  6 -2 -4 -4 -2 -3 -3 -2  0 -2 -3 -3 -3    0   0   0   0   0   0   0 100   0   0   0   0   0   0   0   0   0   0   0   0  1.15 0.05
  108 Y   -2 -2 -2 -3 -3 -2 -2 -3  1 -2 -1 -2 -1  3 -3 -2 -2  2  7 -2    0   0   0   0   0   0   0   0   0   0   0   0   0   0   0   0   0   0 100   0  1.08 0.07
  109 E   -1 -1  0  3 -3  1  4 -2 -1  1 -1  0 -1 -2 -2 -1 -1 -3 -2 -1    0   0   0  20   0   0  58   0   0  23   0   0   0   0   0   0   0   0   0   0  0.41 0.03
  110 Y   -2 -2 -3 -4 -3 -2 -3 -3  0 -2 -1 -3 -1  4 -3 -2 -2  7  6 -2    0   0   0   0   0   0   0   0   0   0   0   0   0  20   0   0   0  23  57   0  0.99 0.05
  111 G    0  2 -1 -2 -2 -1 -2  1 -2  1 -1  0  0 -2 -2  0  1 -3 -2  2    0  23   0   0   0   0   0  17   0   0   0   0   0   0   0   0  20   0   0  40  0.15 0.02
  112 V    2 -3 -3 -3  5 -2 -2 -2 -3  1  0 -2  0 -2 -2 -1  0 -3 -2  3   23   0   0   0  20   0   0   0   0   0   0   0   0   0   0   0   0   0   0  57  0.31 0.03
  113 K   -1  1  0  2 -3  0  0 -2 -1 -1 -2  4 -1 -3 -2 -1 -1 -3 -2  0    0   0   0  23   0   0   0   0   0   0   0  57   0   0   0   0   0   0   0  20  0.29 0.03
  114 P   -1 -2 -2 -2 -3 -1 -2 -3 -2 -2 -1 -1  3 -3  7 -1 -1 -3 -3 -2    0   0   0   0   0   0   0   0   0   0   0   0  23   0  77   0   0   0   0   0  1.46 0.05
  115 L   -2 -3 -4 -4 -1 -2 -3 -4 -3  2  4 -3  2  0 -3 -3 -1 -2 -1  1    0   0   0   0   0   0   0   0   0  23  77   0   0   0   0   0   0   0   0   0  0.45 0.03
  116 I   -1 -1 -2 -3 -2 -1 -1 -3 -2  2  1  1  4 -1 -2 -1 -1 -2 -1  2    0   0   0   0   0   0   0   0   0  17   0  23  40   0   0   0   0   0   0  20  0.20 0.03
  117 E   -1 -1  0  3 -4  1  5 -2 -1 -3 -3  0 -2 -4 -1  0 -1 -3 -2 -3    0   0   0  23   0   0  77   0   0   0   0   0   0   0   0   0   0   0   0   0  0.75 0.04
  118 P   -1 -1  2  2 -3 -1  0 -1 -1 -3 -3 -1 -2 -3  5  1  0 -4 -3 -3    0   0  20  20   0   0   0   0   0   0   0   0   0   0  40  20   0   0   0   0  0.76 0.03
  119 A    1  2 -1 -2 -2  0 -1 -2 -1 -1  1  2  0 -2 -2  0  1 -3 -2 -1   17  20   0   0   0   0   0   0   0   0  23  20   0   0   0   0  20   0   0   0  0.15 0.01
  120 A    2 -2 -1 -2 -1 -1 -1  2 -2 -2 -2 -1 -2 -3  3  1  2 -3 -2 -1   37   0   0   0   0   0   0  20   0   0   0   0   0   0  20   0  23   0   0   0  0.42 0.02
  121 S    0 -1  0  0 -1  0  2 -1 -1 -2 -2  0 -1 -3 -1  3  3 -3 -2 -1    0   0   0   0   0   0  20   0   0   0   0   0   0   0   0  37  43   0   0   0  0.37 0.03
  122 D   -2 -2  1  6 -4 -1  1 -2 -1 -3 -4 -1 -3 -4 -2  0 -1 -5 -3 -3    0   0   0 100   0   0   0   0   0   0   0   0   0   0   0   0   0   0   0   0  1.07 0.05
  123 E    1 -1 -1 -1 -2  0  1 -1 -1 -3 -3 -1 -2 -3  5  1  0 -3 -2 -2   20   0   0   0   0   0  17   0   0   0   0   0   0   0  43  20   0   0   0   0  0.75 0.03
  124 L   -2 -2 -3 -4 -1 -2 -3 -4 -3  1  4 -2  3  0 -3 -2 -1 -2 -1  1    0   0   0   0   0   0   0   0   0   0  80   0  20   0   0   0   0   0   0   0  0.47 0.03
  125 A    4 -2 -1 -2 -1 -1 -1  0 -2 -1 -2 -1 -1 -2 -1  1  2 -3 -2  0   80   0   0   0   0   0   0   0   0   0   0   0   0   0   0   0  20   0   0   0  0.40 0.04
  126 A    2  2  0  2 -2  0  0 -1 -1 -2 -2  0 -1 -3 -1  1  2 -3 -2 -1   37  20   0  23   0   0   0   0   0   0   0   0   0   0   0   0  20   0   0   0  0.25 0.02
  127 L   -2 -2 -4 -4 -1 -2 -3 -4 -3  1  4 -3  2  0 -3 -3 -1 -2 -1  1    0   0   0   0   0   0   0   0   0   0 100   0   0   0   0   0   0   0   0   0  0.54 0.04
  128 R   -2  5 -1 -2 -3  1 -1 -3 -1 -2 -1  2  2 -2 -2 -1 -1 -3 -2 -2    0  80   0   0   0   0   0   0   0   0   0   0  20   0   0   0   0   0   0   0  0.61 0.05
  129 N    2 -1  2  2 -1 -1  0  0 -1 -2 -2 -1 -2 -3 -1  2  0 -3 -2 -1   42   0  17  20   0   0   0   0   0   0   0   0   0   0   0  20   0   0   0   0  0.31 0.02
  130 Q    1  1 -1  0 -2  3  3 -1  0 -3 -2  2 -1 -3 -1  0 -1 -3 -2 -2   24   0   0   0   0  22  28   0   0   0   0  26   0   0   0   0   0   0   0   0  0.35 0.01
  131 V    0 -2 -2 -2 -1 -2 -2 -2 -3  2  0 -2  0 -1 -2  1  0 -3 -1  3    0   0   0   0   0   0   0   0   0   0   0   0   0   0   0  24   0   0   0  76  0.24 0.02
  132 K   -1  3  0 -1 -2  1  0 -1  0 -2 -2  3 -1 -2 -1  0 -1 -2 -1 -2    2  26   1   2   1   1   2   2   1   1   3  49   1   1   1   2   2   0   1   2  0.31 0.01
  133 A    3 -2 -2 -2 -1 -1 -1 -1  0 -1 -1 -1 -1  0 -1  0 -1  0  4 -1   72   0   0   0   0   0   0   0   0   0   0   0   0   0   0   0   0   0  28   0  0.34 0.02
  134 A    4 -2 -2 -2 -1 -1 -1  0 -2 -1 -2 -1 -1 -2 -1  1  0 -3 -2  0  100   0   0   0   0   0   0   0   0   0   0   0   0   0   0   0   0   0   0   0  0.46 0.03
  135 L   -2 -2 -4 -4 -1 -2 -3 -4 -3  1  4 -3  2  0 -3 -3 -1 -2 -1  1    0   0   0   0   0   0   0   0   0   0 100   0   0   0   0   0   0   0   0   0  0.51 0.02
  136 P   -1 -2 -2 -2 -3 -1 -1 -2 -2 -3 -3 -1 -3 -4  8 -1 -1 -4 -3 -3    0   0   0   0   0   0   0   0   0   0   0   0   0   0 100   0   0   0   0   0  2.11 0.04
  137 A    4 -2 -2 -2  0 -1 -1  0 -2 -1 -2 -1 -1 -2 -1  1  0 -3 -2  0  100   0   0   0   0   0   0   0   0   0   0   0   0   0   0   0   0   0   0   0  0.42 0.01
  138 P   -1 -2 -2 -2 -3 -1 -1 -2 -2 -3 -3 -1 -3 -4  8 -1 -1 -4 -3 -2    0   0   0   0   0   0   0   0   0   0   0   0   0   0 100   0   0   0   0   0  2.07 0.02
  139 A    3 -1  0 -1 -1  0 -1  0 -1 -2 -2  0 -1 -2 -1  3  1 -3 -2 -1   50   0   0   0   0   0   0   0   0   0   0   0   0   0   0  50   0   0   0   0  0.35 0.00
  140 A    3  1 -1 -1 -1  0  0 -1 -1 -2 -2  3 -1 -3 -1  1  0 -3 -2 -1   50   0   0   0   0   0   0   0   0   0   0  50   0   0   0   0   0   0   0   0  0.29 0.00
  141 A    3 -1  0 -1 -1  0 -1  0 -1 -2 -2  0 -1 -2 -1  3  1 -3 -2 -1   50   0   0   0   0   0   0   0   0   0   0   0   0   0   0  50   0   0   0   0  0.35 0.00
  142 G    0 -2  0 -1 -3 -2 -2  6 -2 -4 -4 -2 -3 -3 -2  0 -2 -3 -3 -3    0   0   0   0   0   0   0 100   0   0   0   0   0   0   0   0   0   0   0   0  1.04 0.00
  143 E   -1  0  0  2 -4  2  5 -2  0 -3 -3  1 -2 -3 -1  0 -1 -3 -2 -3    0   0   0   0   0   0 100   0   0   0   0   0   0   0   0   0   0   0   0   0  0.74 0.00
  144 A    3  0 -1 -1 -1  4  1 -1  0 -2 -2  0 -1 -3 -1  1  0 -2 -2 -1   50   0   0   0   0  50   0   0   0   0   0   0   0   0   0   0   0   0   0   0  0.34 0.00
  145 A    3 -2 -2 -2 -1 -1 -2 -1 -2  1  0 -1  0 -2 -2  0  0 -3 -2  3   50   0   0   0   0   0   0   0   0   0   0   0   0   0   0   0   0   0   0  50  0.21 0.00
  146 A    4 -1 -2 -2  0 -1 -1  0 -2 -1 -2 -1 -1 -2 -1  1  0 -3 -2  0  100   0   0   0   0   0   0   0   0   0   0   0   0   0   0   0   0   0   0   0  0.41 0.00
  147 E   -1 -1  1  5 -4  1  4 -2 -1 -3 -3  0 -3 -3 -1  0 -1 -4 -3 -3    0   0   0  50   0   0  50   0   0   0   0   0   0   0   0   0   0   0   0   0  0.69 0.00
  148 A    4 -1 -1 -2  0 -1 -1  0 -2 -1 -1 -1 -1 -2 -1  1  0 -2 -2  0    0   0   0   0   0   0   0   0   0   0   0   0   0   0   0   0   0   0   0   0  0.00     0.00
  149 K   -1  2  0 -1 -3  1  1 -1 -1 -3 -2  4 -1 -3 -1  0 -1 -3 -2 -2    0   0   0   0   0   0   0   0   0   0   0   0   0   0   0   0   0   0   0   0  0.00     0.00
  150 P   -1 -2 -2 -1 -3 -1 -1 -2 -2 -3 -3 -1 -2 -3  7 -1 -1 -3 -3 -2    0   0   0   0   0   0   0   0   0   0   0   0   0   0   0   0   0   0   0   0  0.00     0.00
  151 A    4 -1 -1 -2  0 -1 -1  0 -2 -1 -1 -1 -1 -2 -1  1  0 -2 -2  0    0   0   0   0   0   0   0   0   0   0   0   0   0   0   0   0   0   0   0   0  0.00     0.00
  152 A    4 -1 -1 -2  0 -1 -1  0 -2 -1 -1 -1 -1 -2 -1  1  0 -2 -2  0    0   0   0   0   0   0   0   0   0   0   0   0   0   0   0   0   0   0   0   0  0.00     0.00
  153 K   -1  2  0 -1 -3  1  1 -1 -1 -3 -2  4 -1 -3 -1  0 -1 -3 -2 -2    0   0   0   0   0   0   0   0   0   0   0   0   0   0   0   0   0   0   0   0  0.00     0.00
  154 A    4 -1 -1 -2  0 -1 -1  0 -2 -1 -1 -1 -1 -2 -1  1  0 -2 -2  0    0   0   0   0   0   0   0   0   0   0   0   0   0   0   0   0   0   0   0   0  0.00     0.00
  155 K   -1  2  0 -1 -3  1  1 -1 -1 -3 -2  4 -1 -3 -1  0 -1 -3 -2 -2    0   0   0   0   0   0   0   0   0   0   0   0   0   0   0   0   0   0   0   0  0.00     0.00
  156 A    4 -1 -1 -2  0 -1 -1  0 -2 -1 -1 -1 -1 -2 -1  1  0 -2 -2  0    0   0   0   0   0   0   0   0   0   0   0   0   0   0   0   0   0   0   0   0  0.00     0.00
  157 K   -1  2  0 -1 -3  1  1 -1 -1 -3 -2  4 -1 -3 -1  0 -1 -3 -2 -2    0   0   0   0   0   0   0   0   0   0   0   0   0   0   0   0   0   0   0   0  0.00     0.00
  158 A    4 -1 -1 -2  0 -1 -1  0 -2 -1 -1 -1 -1 -2 -1  1  0 -2 -2  0    0   0   0   0   0   0   0   0   0   0   0   0   0   0   0   0   0   0   0   0  0.00     0.00
  159 E   -1  0  0  1 -3  2  5 -2  0 -3 -3  1 -2 -3 -1  0 -1 -3 -2 -2    0   0   0   0   0   0   0   0   0   0   0   0   0   0   0   0   0   0   0   0  0.00     0.00
  160 A    4 -1 -1 -2  0 -1 -1  0 -2 -1 -1 -1 -1 -2 -1  1  0 -2 -2  0    0   0   0   0   0   0   0   0   0   0   0   0   0   0   0   0   0   0   0   0  0.00     0.00

                      K         Lambda
Standard Ungapped    0.1285     0.3103
Standard Gapped      0.0410     0.2670
PSI Ungapped         0.1285     0.3103
PSI Gapped           0.0410     0.2670
