
Last position-specific scoring matrix computed, weighted observed percentages rounded down, information per position, and relative weight of gapless real matches to pseudocounts
            A   R   N   D   C   Q   E   G   H   I   L   K   M   F   P   S   T   W   Y   V   A   R   N   D   C   Q   E   G   H   I   L   K   M   F   P   S   T   W   Y   V
    1 M    -7  -7  -8  -9  -7  -6  -8  -9  -8  -5  -4  -7  11  -6  -9  -7  -7  -7  -7  -5    0   0   0   0   0   0   0   0   0   0   0   0 100   0   0   0   0   0   0   0  4.23 1.43
    2 N    -5  -2   8  -3  -7  -3  -5  -4  -2  -4  -7   0  -6  -6  -6  -2   4  -8  -6  -6    0   2  61   1   0   1   0   1   1   1   0   6   0   0   0   2  24   0   0   0  1.83 0.82
    3 K    -6   2  -4  -5  -8  -1  -4  -7  -4  -8  -5   8  -6  -8  -6  -5  -4  -8  -7  -7    0   8   1   0   0   2   0   0   0   0   1  87   0   0   0   0   1   0   0   0  2.46 1.00
    4 T     3  -1   0  -2  -4   1  -2  -1  -2  -3  -3   2  -3  -5  -1   2   3  -5  -4  -3   24   3   5   2   0   6   2   3   1   1   1  12   0   0   2  18  18   0   0   1  0.44 0.34
    5 E    -4  -4  -3   5  -8   3   6  -5  -4  -7  -7  -3  -5  -8  -6  -4  -4  -8  -7  -6    1   0   1  26   0  10  57   1   0   0   0   1   0   0   0   0   1   0   0   0  1.72 0.79
    6 L    -6  -7  -8  -8  -6  -7  -7  -8  -7   1   6  -7   1   3  -7  -7  -5  -6  -4  -2    0   0   0   0   0   0   0   0   0   7  78   0   2  10   0   0   0   0   0   2  1.75 0.74
    7 I     0  -6  -6  -7  -4  -6  -5  -7  -7   6  -2  -5  -2  -3  -7  -4  -3  -7  -5   5    9   0   0   0   0   0   1   0   0  48   1   1   1   1   0   1   2   0   0  37  1.52 0.67
    8 K     2   0   1   3  -5   1   3  -3  -1  -4  -5   2  -4  -6  -4   0  -1  -6  -4  -4   19   4   7  18   0   5  21   2   1   1   0  13   0   0   0   6   4   0   0   1  0.53 0.36
    9 A     4   1   0  -2  -2   1   1  -3   0  -2  -2   2  -2  -4  -4   0  -1  -4  -2  -1   36   8   4   1   1   5   9   1   2   2   5  12   1   0   0   7   3   0   2   3  0.37 0.31
   10 I    -4  -7  -7  -7  -5  -6  -7  -7  -7   5   2  -6   2  -4  -7  -5  -4  -6  -4   5    1   0   0   0   0   0   0   0   0  31  20   0   5   0   0   0   1   0   0  42  1.37 0.61
   11 A     6  -3  -5  -5  -2  -2  -3  -4  -2  -4  -5  -4  -3  -4  -5   2  -3  -7  -4  -2   74   1   0   0   1   2   1   1   1   1   0   1   1   1   0  13   1   0   0   2  1.51 0.75
   12 Q     1   0  -1   2  -5   2   4  -2  -2  -4  -3   2  -3  -5  -3   0  -1  -6  -3  -2   13   4   3  11   0   9  30   2   0   1   2  13   0   0   1   5   4   0   1   2  0.52 0.35
   13 D     0   3   1   0  -5   1   2  -2   1  -4  -4   4  -3  -6  -4   0  -1  -3  -4  -3    9  15   6   5   0   6  12   2   3   1   1  31   0   0   0   5   3   0   0   1  0.57 0.36
   14 T     3  -4  -1  -4   0  -2  -3  -2  -1  -2   0  -3   0  -2  -3   2   4  -5  -3  -1   27   0   2   0   2   1   1   3   2   1  10   1   2   1   1  12  29   0   1   4  0.52 0.38
   15 E    -3  -3   2   2  -5  -1   2   6  -1  -7  -7  -1  -4  -7  -5  -1  -3  -7  -6  -7    1   1  10  11   0   2  12  51   2   0   0   4   0   0   0   4   1   0   0   0  1.09 0.54
   16 L    -3  -4  -4  -4  -1  -1  -4  -2  -3   3   4  -4   4   0  -5  -2  -1  -2  -2   1    2   0   0   1   1   2   1   3   0  15  42   1   9   3   0   3   4   0   1   9  0.61 0.35
   17 T    -2  -2  -1  -1  -3  -3  -3  -3  -5  -5  -6  -1  -4  -5   1   5   5  -7  -4  -4    1   3   3   3   0   1   1   2   0   0   0   3   0   0   7  38  36   0   0   0  1.02 0.60
   18 Q    -3   2  -2  -4  -7   3  -2  -5  -2  -3  -4   7  -4  -4  -2  -4  -3  -7  -6  -3    2   8   2   0   0  14   2   0   1   2   2  61   0   1   2   1   1   0   0   2  1.39 0.68
   19 V     3   1  -1  -2  -3  -1  -1  -2  -2  -3  -4   4  -3  -4  -3   0   1  -3  -3   0   25   6   3   2   0   2   3   2   1   1   1  32   0   0   1   7   7   0   1   6  0.51 0.36
   20 S     0  -2  -1   5  -6   4   3  -4  -1  -3  -4   0  -2  -5  -4  -2   0  -6  -4  -2    9   1   2  29   0  17  19   0   2   2   1   6   1   0   0   2   5   0   0   3  0.70 0.42
   21 V     6  -5  -5  -6   0  -5  -5  -3  -6  -1  -4  -5  -2  -5  -5   1   1  -6  -5   3   58   0   0   0   2   0   0   2   0   3   1   0   1   0   0   8   8   0   0  18  1.12 0.59
   22 S     1   0   0   1  -3   0   3   1  -2  -4  -3   2  -2  -4  -4   0   1  -3  -4  -3   14   5   5   7   0   3  24   9   0   0   2  12   1   0   0   6   9   0   0   2  0.35 0.27
   23 K     2   3  -1   0  -4   1   2  -2  -1  -2  -2   3  -1  -4  -3  -1  -1  -5  -3   0   16  16   3   6   0   4  12   3   2   2   3  19   1   0   0   3   3   0   0   7  0.31 0.24
   24 M     4  -5  -4  -5   0  -4  -4  -4  -2   2  -1  -4   1   1  -5  -2   0  -2  -2   4   33   0   0   0   2   0   1   1   1  13   3   0   3   5   0   2   5   1   1  30  0.67 0.41
   25 L    -4  -6  -7  -7  -3  -6  -6  -7  -6   3   4  -6   1   0  -6  -5  -3  -1  -2   5    0   0   0   0   0   0   0   0   0  14  36   0   2   3   0   0   1   1   1  41  1.14 0.52
   26 A    -1  -3   4   6  -6   1   3  -2  -3  -5  -6   0  -5  -5  -5  -1  -1  -7  -6  -5    4   1  18  38   0   5  17   2   0   0   0   5   0   0   0   4   3   0   0   1  0.97 0.49
   27 S     5  -4  -2  -3  -1  -2  -2   0  -2  -2  -3  -3  -2  -4  -4   1   2  -6  -4  -1   50   0   1   1   1   1   2   7   1   2   3   1   1   1   0  10  15   0   0   3  0.73 0.45
   28 F    -1  -5  -6  -6  -3  -5  -5  -5  -5   2   2  -5   2   5  -6  -4   0  -2  -1   4    6   0   0   0   0   0   0   1   0  11  18   0   5  23   0   1   6   0   1  28  0.77 0.40
   29 E    -2  -4  -4  -4  -2  -2  -1  -3  -4   3   3  -4   1   4  -5  -3   0  -3  -2   2    2   1   0   0   1   2   5   2   0  15  29   0   3  20   0   1   7   0   0  12  0.52 0.31
   30 K     0  -2   1   5  -4   0   4   0  -1  -5  -5   0  -3  -5  -4   0  -2  -4  -4  -5    9   2   6  27   0   3  29   6   1   0   0   5   0   0   0   8   2   0   0   0  0.71 0.41
   31 I     1  -3  -1  -3  -1  -1   0  -2  -1   1  -1  -2  -1  -3  -4   2   3  -5  -2   2   14   1   3   0   1   2   7   3   1  10   4   1   1   0   0  16  21   0   1  15  0.29 0.26
   32 T    -2  -7  -7  -7  -5  -6  -7  -7  -7   7   0  -6   3  -2  -7  -6  -2  -6  -5   4    3   0   0   0   0   0   0   0   0  60   6   0   6   1   0   0   2   0   0  22  1.57 0.64
   33 T     1  -1  -3  -3  -1   1   0  -1  -1   0  -2   0   1  -3  -3   1   4  -4  -3   1   10   2   0   0   1   7   7   4   1   6   3   7   3   1   0   8  29   0   1  10  0.30 0.27
   34 E     0   0   1   3  -4   0   4  -2  -2  -5  -5   1  -3  -6  -4   0   0  -6  -3  -4    8   5   7  18   0   4  30   3   1   0   0  10   0   0   0   7   5   0   1   1  0.57 0.35
   35 T     4  -2  -1  -3   0  -1   1  -1  -1  -3  -4  -2  -3  -3  -4   2   3  -4  -4  -1   40   2   3   0   2   2   9   4   1   1   1   2   0   1   0  12  16   0   0   3  0.55 0.38
   36 V    -2  -6  -7  -7  -5  -6  -6  -6  -7   0   6  -6   3  -3  -6  -5  -3  -6  -5   3    3   0   0   0   0   0   0   0   0   4  65   0   5   0   0   0   1   0   0  20  1.35 0.60
   37 A     3   0  -1  -2  -2   1  -1  -2   0  -2  -3   4  -2  -5  -3   1  -1  -5  -3   0   29   3   2   1   1   5   4   2   2   2   2  27   0   0   0   8   4   0   1   7  0.44 0.33
   38 K     1   2   1   0  -2   1   1  -2  -1  -5  -4   4  -3  -5  -4   1  -1  -5  -3  -3   14  12   7   5   1   4  10   3   1   0   1  28   0   0   0  10   2   0   0   1  0.47 0.31
   39 G    -3  -2   0   0  -6  -4  -1   7  -3  -7  -7  -1  -6  -6  -5  -3  -4  -6  -6  -5    1   2   4   6   0   1   4  73   1   0   0   4   0   0   0   1   0   0   0   1  1.60 0.65
   40 D    -3  -2   1   4  -6   0   5   2  -1  -5  -6   0  -5  -5  -4  -2  -3  -6  -4  -4    1   2   5  24   0   4  38  13   1   0   0   6   0   1   0   1   1   0   0   1  0.92 0.47
   41 K    -2   2   0   1  -5  -1   2  -2  -1  -4  -4   5  -3  -5  -1   1   0  -5  -4  -3    3  12   4   6   0   2  16   2   1   1   1  35   1   0   3   9   5   0   0   1  0.60 0.36
   42 V    -4  -6  -6  -7  -3  -6  -6  -7  -6   4  -1  -6  -2  -1  -6  -5  -3  -6  -3   7    1   0   0   0   1   0   0   0   0  18   5   0   1   2   0   0   1   0   1  70  1.64 0.67
   43 Q     1   1   0  -2  -3   3   1  -3  -2  -2  -3   0  -2  -4  -2   2   3  -5  -3  -1   10   8   5   2   0  15   7   1   0   1   2   6   1   0   1  14  20   0   1   6  0.33 0.27
   44 L    -5  -6  -6  -6  -5  -5  -6  -6  -6   5   5  -6   0   2  -6  -5  -4   0  -2   0    0   0   0   0   0   0   0   0   0  29  53   0   1   7   0   0   1   1   1   5  1.22 0.52
   45 T     0   1  -2  -4  -4  -2  -3  -2  -2   1  -2  -2  -1  -3   3   0   3  -5  -3   3    8   9   1   0   0   2   0   2   1  10   3   1   1   1  16   7  17   0   0  21  0.37 0.27
   46 G    -3  -4  -1  -2  -6  -5  -4   7  -4  -7  -7  -4  -6  -7  -4  -3  -4  -3  -6  -6    1   1   2   2   0   0   1  85   0   0   0   1   0   0   1   2   1   1   0   1  2.08 0.77
   47 F    -5  -7  -7  -7  -6  -4  -7  -7  -5  -2   0  -7  -3   9  -7  -6  -5   0  -1  -3    1   0   0   0   0   1   0   0   0   2  10   0   0  81   0   0   1   1   1   2  2.51 0.87
   48 L    -3  -6  -5  -5  -2  -6  -6   7  -6  -4  -4  -6  -2  -3  -6  -4  -6  -6  -6  -5    1   0   0   0   1   0   0  88   0   1   2   0   1   2   0   0   0   0   0   1  2.21 0.81
   49 N    -1  -2   0  -4  -3  -3  -3  -3  -3  -1  -4   2  -4  -5  -4   3   6  -6  -4   0    5   1   5   0   1   0   0   1   1   3   1  12   0   0   0  18  45   0   0   6  0.86 0.49
   50 I    -4  -7  -7  -7  -6  -7  -7  -7  -6  -2  -1  -7  -4   9  -7  -6  -6   0   0  -3    1   0   0   0   0   0   0   0   0   2   6   0   0  84   0   0   0   1   1   1  2.64 0.90
   51 K    -1   0  -2   0  -3   0   4  -2  -1  -3  -3   2  -2  -2  -3   2   1  -5  -1  -2    4   5   1   3   0   4  28   2   1   2   2  14   1   2   0  17   9   0   2   3  0.40 0.29
   52 P     0   0  -3  -5  -1  -1  -4  -4  -4   1  -1   0  -1  -3   1  -1   1  -5  -3   5    8   5   1   0   1   2   0   1   0   6   4   5   1   0   6   4  10   0   0  43  0.53 0.34
   53 V     0   4  -2  -3  -4   0  -2  -2  -1  -3  -3   3  -3  -4  -4   1   0  -2  -2   2    7  26   1   1   0   4   1   2   1   1   1  22   0   0   0   9   6   1   1  14  0.51 0.33
   54 A    -1   0   0   1  -4   2   3  -3   4  -3  -3   2  -2  -3  -2   0   0  -3  -1  -2    5   5   3   8   0   9  23   1  10   1   2  13   1   1   2   5   6   0   2   4  0.35 0.25
   55 R    -5   8  -4  -5  -4   0  -4  -6  -1  -5  -4   1  -5  -6  -6  -3  -2  -4  -1  -4    1  77   1   0   0   3   0   0   2   1   1   6   0   0   0   1   3   0   2   1  1.97 0.78
   56 Q     4  -1  -1  -1  -4  -1   0  -1  -3  -4  -4   4  -3  -5   2   1  -2  -5  -4  -3   34   2   3   3   0   2   6   4   0   0   1  24   0   0  10   8   2   0   0   1  0.58 0.37
   57 A     6  -4  -5  -4  -4  -2   2  -2  -5  -6  -5  -3  -5  -6   0  -1  -3  -7  -6  -4   68   1   0   1   0   1  14   3   0   0   0   1   0   0   5   4   1   0   0   0  1.30 0.66
   58 R    -5   8  -5  -6  -8  -3  -5  -5  -1  -8  -7  -1  -4  -7  -7  -3  -3  -7  -2  -7    0  89   0   0   0   1   0   1   1   0   0   2   0   0   0   2   2   0   2   0  2.60 0.98
   59 K    -2  -1   0  -2  -4   1   1  -4  -3   0  -2   3   2  -5  -2  -1   4  -3  -3   0    2   2   4   2   0   6  10   1   0   5   2  18   6   0   2   2  32   0   0   6  0.48 0.36
   60 G     1  -4  -5  -6  -3  -6  -6   7  -6  -5  -7  -5  -4  -6  -6  -3  -6  -3  -7  -2   11   1   0   0   1   0   0  80   0   1   0   0   0   0   0   2   0   0   0   3  1.95 0.77
   61 F    -6   8  -5  -6  -7  -3  -5  -7   0  -1  -5   0  -3  -3  -7  -5  -2  -4  -3   0    0  76   0   0   0   0   0   0   2   4   1   4   1   1   0   0   2   0   1   7  1.93 0.80
   62 N    -7  -6   9  -2  -8  -5  -5  -6  -1  -5  -9  -4  -7  -8  -7  -3  -5  -9  -7  -6    0   0  93   2   0   0   0   0   2   1   0   1   0   0   0   1   0   0   0   1  2.98 1.09
   63 P    -6  -5  -7  -7  -8  -7  -6  -8  -8  -4  -5  -6  -3  -9   9  -6  -6  -9  -8  -7    0   1   0   0   0   0   0   0   0   1   1   0   1   0  96   0   0   0   0   0  3.32 1.17
   64 Q     0   5  -3  -4  -6   5  -3  -3   0  -6  -4   3  -3  -3  -5  -1  -3  -2  -3  -5    9  27   1   0   0  31   0   2   2   0   2  19   0   1   0   5   1   0   1   0  1.02 0.55
   65 T    -4  -4  -1  -3  -6  -5  -6  -6  -6  -6  -6  -4  -6  -7  -6  -2   8  -7  -7  -4    1   1   2   1   0   0   0   0   0   0   0   1   0   0   0   2  91   0   0   1  2.47 1.01
   66 Q    -4  -3  -1  -4  -7  -2  -5   7  -3  -8  -6   0  -7  -6  -2  -4  -4  -7  -7  -7    0   2   3   1   0   2   0  81   0   0   1   6   0   0   2   0   1   0   0   0  1.92 0.76
   67 E     1  -2  -3   0  -7   2   6  -4  -4  -6  -5   1  -5  -7  -5  -3  -2  -7  -6  -4   12   1   0   4   0   8  60   1   0   0   1   8   0   0   0   1   2   0   0   1  1.27 0.63
   68 A     1   0  -3  -3  -5   0   3  -4  -3  -3  -4   2  -2  -5   4   0   2  -6  -5  -2   14   4   1   0   0   2  20   0   0   1   1  16   1   0  18   5  13   0   0   3  0.54 0.36
   69 L    -4  -6  -7  -7  -2  -6  -7  -7  -5   7   1  -4   5  -3  -6  -5  -3  -6  -5   3    1   0   0   0   1   0   0   0   0  53   8   1  13   0   0   1   1   0   0  21  1.47 0.61
   70 E    -2   1   0   1  -5   4   2  -4   1  -2  -3   3   0  -4  -1  -1   1  -3  -3  -1    3   5   3   8   0  18  13   0   3   3   2  18   3   0   3   3  11   0   1   4  0.38 0.29
   71 I    -4  -6  -7  -7  -5  -7  -7  -8  -4   8  -1  -6  -1  -3  -7  -5  -3  -7  -4   3    1   0   0   0   0   0   0   0   0  72   3   0   1   1   0   1   1   0   0  19  1.88 0.73
   72 A     2  -3  -5  -3  -6  -3  -2  -4  -6  -6  -6   2  -6  -7   7  -2  -3  -7  -6  -6   19   1   0   2   0   1   3   1   0   0   0  11   0   0  57   2   1   0   0   0  1.63 0.71
   73 P     6  -4  -5  -4  -3  -3   1  -2  -5  -5  -5  -2  -5  -5   0   0  -3  -6  -6  -4   72   0   0   0   0   1   9   3   0   0   0   3   0   0   6   4   1   0   0   0  1.31 0.66
   74 S     0   3  -3  -4   0  -1  -3  -1   0  -5  -5   4  -1  -5  -4   3   1  -5  -2  -2    7  16   0   0   2   2   0   4   2   0   0  24   2   0   0  26  10   0   1   3  0.59 0.40
   75 V    -2   3   2  -2  -5  -1  -2  -4  -2  -2  -4   5  -2  -3  -3  -1   2  -2   0  -1    2  15  10   1   0   2   1   0   1   2   1  39   1   1   1   4  13   1   3   4  0.68 0.42
   76 G     1  -1  -2  -3  -3  -2  -3  -2  -3   0  -1   0  -2  -3  -4   0   2  -5  -1   5   11   3   1   1   0   1   0   3   1   3   4   6   0   0   0   8  12   0   2  43  0.50 0.35
   77 V     0  -6  -6  -6  -3  -5  -6  -5  -6   0  -1  -5  -2  -6   7  -5  -4  -7  -6   4    7   0   0   0   1   0   0   0   0   5   5   0   1   0  50   0   0   0   0  31  1.57 0.69
   78 S     1   2  -3  -4  -4  -2  -2  -1  -1  -3  -4   5  -3  -1  -4   1   0  -5   0   0   14  12   0   0   0   0   0   5   2   1   0  36   0   3   0   8   6   0   3   8  0.52 0.36
   79 V    -5  -7  -8  -8  -7  -8  -8  -8  -6  -2  -3  -8  -3   9  -8  -7  -7  -4  -1  -2    1   0   0   0   0   0   0   0   0   2   2   0   0  91   0   0   0   0   0   2  2.99 1.01
   80 K    -3   4  -2  -4  -4  -2  -3  -5  -2  -4  -4   6  -4  -6  -5   1   1  -6  -5  -2    2  19   1   0   0   1   0   0   1   1   2  52   0   0   0   9  10   0   0   2  1.14 0.57
   81 P     5  -5  -5  -5  -3  -4  -5  -4  -6  -3  -4  -5  -3  -3   6  -2  -3  -7  -6   0   40   0   0   0   0   0   0   0   0   1   1   0   1   2  43   3   1   0   0   7  1.44 0.66
   82 G     1  -6  -4  -5  -6  -5  -5   6  -4  -7  -5  -4  -6  -5  -5   2  -3  -6  -5  -6   12   0   0   0   0   0   0  68   0   0   1   0   0   0   0  17   1   0   0   0  1.61 0.68
   83 E     0   0  -2  -3  -6   1  -1  -4  -4  -5  -5   7  -4  -7  -2   1  -1  -7  -5  -5    6   2   2   1   0   5   2   1   0   1   0  63   0   0   2  10   4   0   0   0  1.24 0.61
   84 S     2   0   0   0  -2   1   2   1  -1  -2  -2   1  -2  -2  -1   1   1  -4  -2  -1   22   3   5   4   1   6  13   9   1   2   2   8   1   1   2   9   9   0   1   3  0.18 0.17
   85 L    -5  -6  -7  -7  -4  -6  -7  -7  -6  -1   6  -6   1   5  -6  -6  -5  -2  -3  -2    0   0   0   0   0   0   0   0   0   2  72   0   2  20   0   0   0   1   0   2  1.59 0.67
   86 K    -3   3  -3  -5  -5  -2  -3  -6  -4  -6  -4   7  -5  -7  -5  -3  -4  -7  -6  -5    2  14   0   0   0   0   1   0   0   0   2  77   0   0   0   2   1   0   0   0  1.92 0.80
   87 K     0  -1   0   5  -6  -1   5  -3  -3  -6  -5   0  -4  -6  -5  -1  -2  -7  -5  -5    8   3   3  34   0   2  36   2   0   0   0   5   0   0   0   3   2   0   0   0  1.03 0.51
   88 A     5   1  -4  -4  -3  -1  -2  -3  -2  -2  -1   1  -1  -4  -4   0  -1  -3  -3   0   50   8   0   0   0   3   1   1   1   2   7  10   1   0   0   6   3   0   1   5  0.60 0.40
   89 A    -1  -6  -5  -7  -1  -6  -6  -7  -7   2   2  -6   0  -3  -6  -5  -4  -6  -5   6    4   0   0   0   1   0   0   0   0   9  21   0   2   1   0   0   0   0   0  62  1.35 0.59
   90 E     1   0   6   0  -5  -1  -1  -3  -3  -6  -4   3  -3  -6  -5   0  -2  -6  -5  -4   12   5  43   4   0   2   3   1   0   0   2  20   0   0   0   5   2   0   0   1  0.91 0.48
   91 G    -2  -3   0  -1  -5  -1  -2   6  -3  -5  -6  -1  -4  -6  -1   2  -2  -5  -4  -5    2   1   3   2   0   3   3  61   0   1   0   3   0   0   2  17   1   0   0   0  1.12 0.44
   92 L     1   0  -1   0  -2   0   0   1  -2   0   0   2  -1  -2  -2   0   0  -1  -2   0   18   3   2   5   1   3   5  11   0   4  10  16   0   1   1   4   6   1   0  10  0.08 0.09
   93 K    -2   3  -1   1  -5   1   0  -2  -1  -5  -5   5  -4  -5   1   0  -2  -5  -4  -4    1  15   2  10   0   6   3   3   1   0   0  45   0   0   8   6   1   0   0   1  0.71 0.31
   94 Y     0  -2  -2  -2  -2  -1   0  -2  -1   0  -1   0  -1   1   3   0   1   1   0   1    9   0   0   0   0   1   7   1   1   7   4   9   1   6  13   8  10   2   4  17  0.15 0.10
   95 E    -1  -1   1   2  -4   2   3  -3   0  -2  -2   3  -1  -4   2   0  -1  -4  -3  -2    5   0   7  10   0   7  23   0   2   3   2  21   2   0  10   6   3   0   0   2  0.34 0.15
   96 D    -2  -2   1   5  -5   1   4  -3  -2  -5  -5  -1  -4  -5  -1  -1  -1  -5  -4  -4    3   0   5  44   0   7  31   0   0   0   0   2   0   0   3   3   2   0   0   0  0.86 0.24
   97 F     1  -2  -2  -3  -2  -2  -2  -3   2   2   1   0   0   3   0  -1  -2  -1   2   0   18   0   0   0   0   0   0   0   8  20  15   8   0  14   5   0   0   0  11   0  0.17 0.08
   98 A     4  -2  -2  -2  -1  -2  -2   0  -3   1   0  -2  -1  -2  -2   2  -1  -3  -2   0   59   0   0   0   0   0   0   5   0  13   6   0   0   0   0  17   0   0   0   0  0.37 0.12
   99 K    -2   3  -1  -1  -4   1   2  -2  -1  -4  -3   6  -2  -4  -2  -1  -1  -4  -3  -3    0   9   0   0   0   0  10   0   0   0   0  81   0   0   0   0   0   0   0   0  0.77 0.13

                      K         Lambda
Standard Ungapped    0.1255     0.3092
Standard Gapped      0.0594     0.2670
PSI Ungapped         0.1941     0.3178
PSI Gapped           0.0594     0.2670
