
Last position-specific scoring matrix computed, weighted observed percentages rounded down, information per position, and relative weight of gapless real matches to pseudocounts
            A   R   N   D   C   Q   E   G   H   I   L   K   M   F   P   S   T   W   Y   V   A   R   N   D   C   Q   E   G   H   I   L   K   M   F   P   S   T   W   Y   V
    1 M    -1  -2  -3  -4  -1  -1  -3  -3  -2   1   3  -2   5   0  -3  -2  -1  -2  -1   1    0   0   0   0   0   0   0   0   0   0  50   0  50   0   0   0   0   0   0   0  0.35 0.00
    2 V     1  -2  -2  -3  -1  -2  -2  -2  -3   0   2  -2   2  -1  -2   1   2  -3  -2   2   11   0   0   0   0   0   0   0   0   0  24   0  10   0   0  11  25   0   0  19  0.22 0.07
    3 V    -2  -4  -5  -5  -3  -4  -4  -5  -5   4   2  -4   0  -1  -4  -3  -1  -4  -3   4    0   0   0   0   0   0   0   0   0  34  17   0   0   2   0   0   3   0   0  44  0.80 0.24
    4 S     0   2  -1  -2   1   1   0  -2  -1  -1  -1   1   2  -1  -2   1   1  -3  -2  -1    3  16   1   0   4   8   5   1   1   5   3  12   9   3   0  17   9   0   0   3  0.17 0.11
    5 I    -2  -4  -5  -5  -3  -4  -4  -3  -5   5   2  -4   0  -2  -4  -4  -2  -4  -3   4    0   0   0   0   0   0   0   3   0  44  17   0   0   0   0   0   0   0   0  36  0.85 0.26
    6 S    -3   6   1  -1  -5   1  -1  -3   3  -4  -4   3  -1  -3  -3   0  -2   2  -1  -3    0  49   6   2   0   3   0   0   8   0   0  20   1   1   0   5   0   3   1   1  0.80 0.26
    7 I     0  -3   1  -3   6  -3  -2  -3  -3   2  -1  -3  -1   0  -3   2  -1  -4  -3   2    5   0   7   0  26   0   2   0   0  13   4   0   0   4   0  18   0   0   0  20  0.50 0.21
    8 R    -3   1   3   5   1   0  -1  -2  -2  -4  -4  -1  -3  -1  -3   0  -1  -4   2  -2    0  11  14  43   4   3   0   2   0   0   0   2   0   2   0   5   3   0   8   2  0.60 0.23
    9 G     1  -3  -1   0  -1  -2  -3   6  -4  -5  -5  -3  -4  -5  -2  -2  -2  -4  -5  -4    9   1   2   6   1   1   0  76   0   0   0   0   0   0   2   0   1   0   0   0  1.31 0.35
   10 S    -1   2   2   0   1   0   0   0   1  -3  -3   0  -2  -1  -3   3   2  -3   0  -2    1  15  11   3   4   4   3   5   3   0   0   2   0   3   0  26  14   0   3   3  0.26 0.16
   11 L    -1   4  -2  -2   0   2   1  -2   1  -2  -2   2   0  -2  -3  -1   2  -3  -1  -1    3  29   0   1   3   8   8   2   5   2   2  12   2   1   0   1  16   0   2   4  0.31 0.16
   12 L    -2  -2  -5  -5  -3  -4  -4  -5  -4   3   4  -4   1  -2  -4  -3  -2  -4  -1   4    0   2   0   0   0   0   0   0   0  14  45   0   1   0   0   1   0   0   2  34  0.74 0.26
   13 K    -2   2  -2  -1  -3   1   3  -3   0  -1  -1   0  -1   0  -3   0   0   3   3   0    0  12   0   1   0   6  26   0   2   4   4   3   1   3   0   8   6   4  14   7  0.27 0.16
   14 V    -1  -4  -4  -5  -1  -4  -4  -5  -4   4   2  -4   2   3  -4  -3  -2  -3  -1   3    3   0   0   0   1   0   0   0   0  29  19   0   6  15   0   0   0   0   0  27  0.62 0.22
   15 S    -1   0   0   3  -2   2   3  -3   0  -4  -4   1  -3  -4  -3   3  -1  -1   0  -4    1   3   1  20   1   8  19   0   2   0   0  10   0   0   0  28   2   1   4   0  0.47 0.21
   16 G     1  -4  -3  -4   2  -4  -4   7  -4  -5  -5  -4  -4  -2  -4  -2  -3  -5  -5  -2    9   0   0   0   5   0   0  81   0   0   0   0   0   2   0   0   0   0   0   3  1.50 0.39
   17 N    -3  -3   7  -1   3  -2  -3  -3  -2  -5  -5  -3  -4  -5  -4   3  -2  -6  -4  -5    0   0  68   0   6   0   0   0   0   0   0   0   0   0   0  26   0   0   0   0  1.50 0.44
   18 P    -3  -5  -5  -4  -5  -4  -4  -5  -5   1  -1  -4  -4  -2   8  -4  -3  -6  -5   1    0   0   0   0   0   0   0   0   0  10   4   0   0   2  73   0   0   0   0  11  1.91 0.48
   19 S     2  -3  -1  -3  -1  -2  -2   2   2  -3  -3  -1  -3  -4   0   4   0  -4  -3  -1   23   0   1   0   1   0   0  16   6   1   1   2   0   0   5  35   5   0   0   4  0.46 0.24
   20 R    -1   6  -3  -4  -5  -1  -2  -4  -3  -5  -3   5  -3  -5  -4  -3  -3  -5  -4  -2    5  50   0   0   0   0   0   0   0   0   2  40   0   0   0   0   0   0   0   4  1.27 0.43
   21 W    -3  -4  -5  -5  -4  -4  -5  -3  -4   2   2  -5   0   5  -5  -4  -3   7   3   1    0   0   0   0   0   0   0   2   0  11  21   0   2  26   0   0   0  20   8  10  0.96 0.31
   22 G    -1  -2   2   1  -1   1  -2   3  -1  -1   2  -2   0   0  -3  -1  -2  -3  -2  -1    2   1  15   8   1   7   1  25   1   2  27   0   1   3   0   3   0   0   0   2  0.25 0.16
   23 R    -2   6  -2  -3  -5   5  -1  -3  -2  -4  -2   0   0  -1  -4  -2  -1  -4  -3  -4    2  48   0   0   0  31   0   1   0   0   3   3   2   3   0   2   4   0   0   0  1.01 0.36
   24 L    -1   0  -2  -2  -1  -1  -2   3   1  -1   0  -1   0  -3   3   0   0  -3  -3  -1    2   7   0   0   1   1   0  31   4   2  13   4   2   0  16   6   4   0   0   4  0.31 0.15
   25 D    -3  -3   2   6  -5   0   2  -3   7  -5  -5  -2  -4  -4  -3  -2  -3  -5  -2  -4    1   0   7  44   0   3  10   1  30   0   1   0   0   0   0   1   0   0   0   0  1.20 0.36
   26 N     0  -3   8  -1  -5  -3  -3  -3  -2  -5  -5  -3  -4  -5  -4  -2  -3  -5  -4  -5    9   0  86   0   0   0   0   0   0   0   0   0   0   0   0   0   0   0   0   0  1.92 0.52
   27 L    -1  -4  -5  -5   1  -4  -5  -5  -5   1   4  -4  -1   1  -5  -4  -3  -4  -3   4    3   0   0   0   3   0   0   0   0   6  45   0   0   5   0   0   0   0   0  38  0.85 0.35
   28 F    -3  -5  -5  -2  -5  -2  -2  -5   0  -2  -1  -3  -1   8  -6  -4  -4   4   2  -1    2   0   0   2   0   2   2   0   2   1   3   2   2  66   0   0   0   6   6   4  1.43 0.47
   29 G    -3  -5   2  -4  -5  -4  -5   7  -4  -6  -6  -4  -5  -6  -5   0  -4  -5  -6  -6    0   0  11   0   0   0   0  83   0   0   0   0   0   0   0   6   0   0   0   0  1.83 0.55
   30 L    -1  -2  -2  -3   1  -2  -3  -2   2   0   2  -2  -1   2  -1   1   1  -2   3  -1    3   2   0   0   4   0   0   2   6   6  21   0   0  12   3  17   9   0  11   3  0.21 0.16
   31 P     0   0   0   2   1   1   0   0   1  -1  -2   0  -2  -3   0   1   1  -3   0  -2    8   4   4  13   4   8   5   7   3   3   4   3   0   0   5  13  10   0   3   0  0.15 0.15
   32 T     0  -3   1   3   2   0  -2  -1  -3   0  -1  -2  -2   0  -3   2   2  -4  -3   0    5   0   6  19   4   5   0   5   0   5   6   0   0   5   0  19  15   0   0   6  0.24 0.23
   33 L     0  -3  -3  -4  -2  -3  -3  -1   0   2   2  -3   1   1   0  -1  -2   4   0   2    7   0   0   0   0   0   0   5   3  14  25   0   4   8   4   5   0   6   3  14  0.24 0.19
   34 D    -1   1   0   4  -4   0   2  -2   0  -2  -2   1  -3   0   0   0  -1   0  -1  -2    5   8   3  24   0   4  13   2   2   2   3   7   0   5   5   8   2   2   2   3  0.27 0.22
   35 S     0  -1   0   2  -3   2   2  -1   2  -2  -1   0  -1  -1   0   0   0  -3   1  -2    6   2   3  10   0  13  17   5   6   2   6   4   1   2   4   7   5   0   5   3  0.18 0.17
   36 C     1  -5  -4  -5   9  -4  -5  -4  -5   0   1  -4  -3  -4  -4  -2   2  -4   0   0   13   0   0   0  40   0   0   1   0   4  16   0   0   0   0   2  11   0   3   7  1.21 0.55
   37 V     1  -2  -4  -4  -3  -2  -3  -4  -1   3   1  -1   4   1  -4  -2  -2   1   0   3   10   2   0   0   0   2   0   1   2  17  11   5  11   5   0   2   0   2   3  27  0.42 0.29
   38 S     1   1  -1   2   0   1   2  -1   0  -2  -1   1  -1  -2  -2   0  -1   0  -1  -2   15   8   1  11   2   5  15   5   2   2   8   8   1   2   1   6   2   2   2   1  0.14 0.15
   39 V     1   1  -2  -3   0  -1  -1  -2  -3   1   0   1   2   0  -3  -1   0   0  -2   2   15   9   1   1   2   2   3   3   0   7  10  11   5   4   1   4   4   1   0  19  0.14 0.15
   40 F     0  -3  -2  -4   2  -3  -3  -3  -1   3   0  -3   1   4  -3  -1  -1   2   4   1   10   1   2   1   5   1   1   1   1  16   5   1   4  17   1   4   3   3  14  10  0.40 0.26
   41 N    -1   0   5   2   0   0  -1  -1   0  -1  -1  -1  -1   0  -3  -1  -2  -4  -3  -3    6   4  37  10   2   5   3   5   2   5   7   2   2   5   1   2   1   0   0   1  0.49 0.32
   42 T     1   2   0   1  -1   1   1   0   1  -2  -2   1  -2  -1  -2   0   0  -1   0  -1   11  15   4  10   1   8   7   6   4   2   4   6   0   3   0   4   6   1   4   3  0.12 0.12
   43 I    -2  -2  -5  -5   0  -2  -4  -5  -5   4   3  -2   0   1  -4  -4  -2  -4  -3   3    3   2   0   0   2   2   0   0   0  27  31   2   1   6   0   0   2   0   0  20  0.69 0.37
   44 L    -1  -2  -4  -5   4  -1  -2  -1   0   0   4  -4   2   0  -5  -2  -2  -4   0   0    6   3   0   0   8   3   3   4   2   3  44   0   6   3   0   3   3   0   3   6  0.50 0.38
   45 A     1   1   0   0   0   1   1   0   0  -1  -1   1   0  -1  -1   0  -1   1  -1  -1   17   9   3   6   2   6  10   6   2   2   5   9   2   3   2   6   3   2   2   2  0.09 0.11
   46 E     0   1   0   1  -3   2   1  -3   0   0   0   0   1  -3  -1   0   0  -3  -1   0    9   8   5   8   0  12   8   1   3   6   8   5   4   0   2   8   6   0   2   5  0.11 0.14
   47 I    -2  -2  -2  -1   0  -1  -1  -4   3   1   2  -2   1   4  -4  -2  -3  -2   4  -1    3   2   2   4   2   2   4   1   8   7  20   3   4  18   0   2   1   0  15   4  0.37 0.28
   48 G     0   1   1   1   2   1   0   0   2  -2  -2   0   1  -3   1   0   0  -3  -2  -1    7   7   7   7   6   7   7   7   6   0   1   7   6   0   7   7   7   0   0   7  0.12 0.14
   49 L    -3   1  -4  -4  -3  -1  -4  -4  -3   2   4  -3   3   2  -4  -3  -1  -3   1   0    1  10   0   0   0   3   1   1   0  10  42   1   7  10   0   1   3   0   5   4  0.58 0.32
   50 P     0  -3  -3   0  -4   0  -1   0   0  -4  -1  -3  -3  -4   6   0  -1  -4  -4  -1    9   1   1   6   0   4   4   8   3   1   6   1   0   0  43   5   4   0   0   4  0.83 0.38
   51 Q     0  -1  -1  -1   0   1   0  -1   0   0   0  -1   1  -1   3  -1   0  -3  -1  -1    9   3   2   3   3   6   8   5   2   6  12   3   6   3  16   3   4   0   2   4  0.12 0.10
   52 F     0   1  -1   0  -3   1  -1  -2   2   0   0   0   1   1   1   0   0  -2   1  -1    7   7   0   7   0   7   0   0   7   7   7   7   7   7   7   7   7   0   7   0  0.09 0.13
   53 T    -1  -3  -2  -1   0  -2  -1  -1   4   0  -1  -1   0   0   1   0   4  -3  -1  -1    3   1   1   4   2   1   3   4  12   6   5   3   2   4   8   7  30   0   2   5  0.32 0.30
   54 K     0   1   1   1  -3   0   1  -2   1  -1  -2   1  -2   0   1   0   0  -3   0  -1    9  10   5   9   0   2  10   1   4   4   3  11   0   5   6   7   6   0   3   4  0.11 0.12
   55 C     0  -1   0   0   3  -1  -1   2  -2   0  -1  -2   0   0   0   1  -1  -2   1   1   10   3   3   4   8   3   3  16   0   6   5   1   3   3   3  10   3   0   5  11  0.08 0.12
   56 K    -1   0   0   1   0   1   1  -1   2  -3  -1   1  -2  -1  -1   0   2   2  -1  -1    4   3   4   6   2   5  11   3   5   0   6  11   0   3   3   5  17   4   2   3  0.15 0.19
   57 R     1   3   1   1  -3   1   1  -2  -2  -1  -1   1   0  -1   0   0  -1  -4  -3  -1   12  19   7   7   0   7   9   3   0   4   4   6   3   3   5   5   2   0   0   4  0.17 0.19
   58 L    -1  -1   0  -3  -3   0  -1  -1   1   1   1   0   1   1  -3  -1   0   4   1   1    4   3   4   0   0   4   2   5   4   9  17   5   5   6   0   4   6   6   5   9  0.11 0.14
   59 M     0  -1  -1   0   1   0   0   0  -2   0   1   0   1   0  -2  -1  -1   4   1   0    6   3   3   5   3   6   7   7   0   5  13   6   3   4   2   3   3   6   5  10  0.05 0.08
   60 P    -1   0   0   0  -1  -1  -1  -1   2   0   0   0  -1   1   2   0  -1  -2   1   0    3   6   3   6   2   2   3   4   6   7  12   5   0   8  10   7   3   0   7   6  0.07 0.11
   61 G     1   2   0  -1  -1  -2   0   0   0   0   0  -1  -1  -2   1   0  -1   2  -2   0   16  12   4   3   1   0   5   8   2   5  10   2   1   2   7   7   3   3   0   6  0.09 0.14
   62 Q    -1   0   0   1  -4   3   0  -1  -2  -1  -1   0   0   1   0   0   1  -3   1  -1    6   4   4   8   0  16   7   6   0   4   6   4   3   6   4   6   7   0   5   3  0.12 0.17
   63 A     0   0   0   0   1   0   0   1  -2   0   0   0   0   0   0   0   0   2   0   0    8   4   3   4   4   4   5  10   0   6   7   4   3   4   5  10   6   3   4   6  0.02 0.04
   64 K     0   2  -1   2  -4   1   1   0   0  -3  -2   1  -3  -2   2   0   0  -4   0  -1    9  12   2  15   0   7   7   6   2   1   3   6   0   2   9   6   6   0   4   4  0.21 0.20
   65 E     0  -1   0   4  -4   1   2  -2  -1  -3  -2  -1   0  -1  -1   1  -1  -4   1  -4    6   3   4  23   0   6  14   3   2   1   4   2   3   3   3  13   3   0   6   1  0.32 0.29
   66 N    -1   0   0   2   0   0   0   3  -1  -2  -2   0  -1   0   0  -1   0   0   0  -2    5   5   5  12   2   3   5  22   1   2   5   5   2   5   5   4   5   1   3   2  0.15 0.14
   67 E     0   1   0   1  -2   0   1   0   1   0  -1   0  -1   0  -1   0   0   1   0   0    7   7   3   9   0   4  10   7   5   6   6   7   0   4   2   8   3   2   2   7  0.05 0.06
   68 K    -2   2  -1   2  -1   1  -1   0   1  -1   0   2  -2  -1  -1  -1   0  -3   0  -1    2  11   3  11   1   5   2   6   3   5   9  18   0   2   3   3   6   0   4   5  0.13 0.16
   69 A     0   0  -2  -1   1   1   0  -1   2   1   0  -1  -1   0  -1   1   0   1   1   0   10   4   0   2   3   7   5   5   6   9  10   3   0   4   3  11   6   2   6   5  0.05 0.10
   70 P     0   2  -1  -1  -3   0   1   1  -2  -3  -1   0   0  -1   1   1  -1   1  -3   0    9  11   2   3   0   4  11  13   0   0   5   6   3   2   6  13   2   2   0   7  0.14 0.18
   71 L    -1  -1  -1  -1   0  -1  -1  -2   0   0   1  -1   2   0   1   0   0   4   0   0    4   4   3   4   2   2   4   2   2   6  17   4   5   4   7   7   6   8   3   6  0.12 0.13
   72 V    -1  -1   0   0   0  -2   0  -2  -3   3   0  -1   0   0  -3   0   0   3   1   2    6   4   5   6   2   0   6   2   0  17   8   3   2   3   0   6   5   4   5  16  0.15 0.17
   73 A     1   0  -2  -4   3  -2   0   0   0  -1  -1   0   0  -3  -2   1  -2   7   2  -2   11   5   2   0   5   2   6   7   2   3   7   5   2   0   2  12   2  15   8   3  0.40 0.32
   74 D     0   0   1   0  -3   1   0   0   2  -2  -1   0   1   1   1   0   0  -2   1  -2    6   6   6   6   0   6   6   6   6   0   6   6   6   6   6   6   6   0   6   0  0.08 0.11
   75 G     0   0   0  -1  -3   0  -1   5  -2  -3  -2  -1  -2  -3  -2  -1   0   3  -2  -3    6   5   3   3   1   5   3  44   1   1   4   3   1   1   1   3   8   4   1   2  0.53 0.21
   76 A     4  -3  -3  -2   0  -1  -2   0  -3  -1  -2  -2  -1   1   0  -1   0   1   0   0   47   1   1   2   2   2   2   6   0   2   2   1   1   6   4   1   6   2   4   6  0.45 0.26
   77 I    -1   2  -1  -1   1   1   1  -2   1   0  -1   1  -1  -2  -2  -1   1   0   0   1    2  13   2   3   3   7   8   2   3   5   4  10   1   0   1   3  12   1   4  16  0.13 0.13
   78 I    -3  -5  -3  -5   0  -5  -5  -6  -5   5   3  -5  -1   1  -5  -4  -3  -4  -1   4    0   0   1   0   2   0   0   0   0  37  24   0   0   6   0   0   0   0   2  25  0.95 0.38
   79 K    -1   1  -1   1  -1   0  -1  -2   0  -2  -2   2  -1  -1  -3   2   3  -4  -2  -2    2   8   2   7   1   2   3   2   3   2   3  16   1   3   0  21  21   0   1   3  0.29 0.23
   80 E    -2   6  -2  -2   0   0   2  -4   2  -5  -4   0   1  -3  -5  -2  -2  -5  -1  -5    3  55   2   2   2   4  12   1   4   0   1   2   4   1   0   2   2   0   3   0  1.03 0.45
   81 V    -3  -5  -5  -5   0  -5  -5  -6  -5   5   3  -5   1  -3  -5  -4  -2  -5  -4   4    0   0   0   0   2   0   0   0   0  38  26   0   3   0   0   0   2   0   0  27  1.03 0.40
   82 H    -6  -5  -3   8  -8  -4  -3  -6   6  -7  -8  -5  -7  -7  -6  -4  -5  -8  -5  -7    0   0   0  79   0   0   0   0  21   0   0   0   0   0   0   0   0   0   0   0  2.53 0.82
   83 I    -2  -5  -5  -5   2  -4  -5  -5  -5   5   3  -5   0  -1  -5  -3  -2   2   0   3    2   0   0   0   4   0   0   0   0  32  27   0   2   1   0   1   2   3   3  21  0.77 0.33
   84 T    -1  -4   3  -4   1  -4  -4  -4  -4  -4  -4  -4  -4  -2  -4  -2   7  -5  -4  -1    5   0  16   0   3   0   0   0   0   0   1   0   0   2   0   0  67   0   0   4  1.41 0.58
   85 S     1   2  -1  -2  -1   1   1  -1   1  -2  -2   0   1   0  -3   0   1  -3   2  -1   10  15   2   0   1   7  11   4   3   2   1   2   4   3   0   8  13   0   7   5  0.16 0.15
   86 N    -2  -1   7   1  -5  -3  -3  -3   2  -4  -3  -3   3  -5  -4   2  -1  -5  -4  -3    2   3  54   5   0   0   0   0   4   0   3   0   8   0   0  13   3   0   0   2  1.12 0.47
   87 R     0   1  -4  -4  -4  -1  -4  -4   2   1   0  -2  -2   5  -4  -2  -2   3   4   0    7   8   0   0   0   3   0   0   4   8   8   1   0  28   0   3   1   3  17   6  0.57 0.28
   88 A     2   0  -1   0   1   0   1  -1   0  -1  -1  -1   0   0  -1   1   0   2  -1  -1   18   6   1   6   4   4   8   4   3   3   4   2   3   4   2  14   5   3   2   5  0.08 0.09
   89 A     0  -2  -2  -3   3  -2  -3  -4  -3   0   2  -2   1   1  -3  -2   2  -3   0   3    7   1   2   1   6   1   0   0   0   2  25   1   4   5   1   2  14   0   2  25  0.33 0.22
   90 G    -1  -1   0   0  -4   1  -1   5  -3  -4  -3   0  -3  -4   2   0  -1  -4  -3  -2    4   3   4   4   0   6   4  45   0   1   2   6   0   0  10   5   3   0   1   2  0.58 0.28
   91 K     0   0   3  -1  -3   2   0  -1   0  -3  -3   1  -1  -4   0   3   0  -4  -3  -2    7   5  15   3   0   8   5   2   2   0   3   8   1   0   4  30   3   0   0   2  0.35 0.25
   92 G     0   1   0   0  -3   1   1   2   0  -3  -2   0   0  -1   2   0  -1  -3  -3  -3    9   8   4   6   0   6  11  17   2   0   3   6   3   2  11   8   2   0   0   0  0.21 0.17
   93 N    -1   0   4   2  -4   0   1  -1  -2  -2  -2   1   1  -3  -1   0  -1  -4  -1  -2    3   4  28  10   0   4  11   3   0   3   3   9   5   0   3   5   3   0   3   3  0.31 0.27
   94 E     1  -1  -1  -1   1   0   1  -3  -3   1   0  -2   1  -2  -3   0   0  -3  -1   3   16   4   3   3   4   4   9   0   0   7   6   0   3   0   0   5   4   0   3  28  0.17 0.21
   95 D     2   1  -1   0  -3   1   0  -2   0   0   0   0   0  -1  -1   0  -1   2  -1   0   19   9   2   5   0   9   6   1   3   6  10   6   2   2   1   7   3   3   1   5  0.08 0.13
   96 D     3   0   1   2  -3   1   1  -3   1  -2  -2  -2  -1  -4   1   1   0   0  -3  -2   25   4   6  15   0   6   8   0   3   2   4   0   1   0   7  10   4   1   0   2  0.28 0.27
   97 Y     1  -2  -4  -3   0  -1  -4  -4   2   0   0  -4   0   4  -5  -2  -3   4   5   2   13   2   0   1   2   2   0   0   4   4   8   0   2  18   0   2   0   5  20  17  0.55 0.38
   98 I    -1   0  -4  -4   2   0  -1  -4   1   2   3  -1   3   0   0  -3  -3  -4  -2   0    5   6   0   0   4   4   4   0   4  15  31   4   8   5   4   0   0   0   0   6  0.31 0.26
   99 S     1   2   0   0   1   2   0  -1   1   0   0   1  -1  -2  -2   0   0  -3   0  -1   12  12   4   4   3  12   3   4   3   7   8   9   0   0   0   7   3   0   3   4  0.09 0.12
  100 G     2   0  -1  -1  -3  -1  -3   1   0  -3  -2  -2   1  -1  -2  -1  -1   7   2  -1   19   5   3   5   0   3   0  12   2   0   2   2   4   2   2   4   4  17   8   6  0.43 0.31
  101 L     0  -2  -5  -5   1   0  -4  -5  -4   2   4  -4   3   0  -5  -4  -2   1   1   1    8   2   0   0   3   5   0   0   0   9  43   0   9   3   0   0   2   2   6   9  0.57 0.37
  102 S     1   0   0  -1   0   0  -1   0   1  -1   1   0   1  -3  -1   2  -1  -3  -3  -1   16   5   3   4   2   3   3   8   4   3  16   5   3   0   2  19   2   0   0   2  0.11 0.16
  103 T     0   0   1   1   0   1   1   0   0  -2  -2  -1   0  -4  -3   2   2  -4  -1  -1    7   6   6   8   2   8   7   6   2   2   3   3   2   0   0  15  18   0   2   3  0.20 0.23
  104 Q     0   0   0  -1  -4   4  -1   0   1  -2   0   0   0   0  -3   0   0  -4  -1   0   10   5   3   3   0  24   3   7   3   2   8   5   2   4   0   7   6   0   2   6  0.20 0.25
  105 P     1   2   1  -1  -4   2   0   0   2  -2  -1   1  -3  -4   0   2   0  -4  -3  -3   10  14   5   2   0   9   5   6   5   3   6   9   0   0   5  15   4   0   0   0  0.21 0.22
  106 Y     0   0   0  -2   1   0  -1  -1   1   0   0  -1   1   1   0   0   0   2   1   0    8   5   4   0   3   3   4   4   4   6   9   3   5   6   4   8   7   3   6   8  0.04 0.08
  107 R    -1   3   0  -3   1  -2  -1   2  -3  -1  -1   1   1   0   0   1   0  -4   0  -1    5  16   4   0   3   0   4  16   0   4   4   9   4   3   4   9   7   0   3   4  0.16 0.20
  108 N     0   4   1  -3  -4   1  -1   1   3  -3  -3   1  -3  -2  -4   1   0   1   1  -4    7  23   8   0   0   5   2  10   9   2   2   8   0   2   0   9   6   2   5   0  0.38 0.33
  109 S    -3   3  -1  -1  -4   0  -1   0   3  -2  -1   2   2  -2  -4   1   0   0   1  -2    0  20   2   2   0   3   3   8   8   2   6  12   5   2   0  11   7   2   5   3  0.28 0.28
  110 V    -1   2   0   0  -3   1   0   0   1   0  -1   2   1  -3   0   0   0  -4  -3   0    5  11   4   4   0   5   4   8   4   8   6  18   4   0   4   6   5   0   0   5  0.12 0.15
  111 P     0   0   0  -1   1   0  -1   2   0  -1  -2   1  -2  -3   2   0   0   3   0  -1    7   5   5   3   3   5   3  16   3   3   4   9   0   0  11   5   7   4   3   4  0.15 0.16
  112 R    -1   5  -1  -1  -1   1  -1  -1   5  -6  -4   2  -5  -1  -1   0  -2  -6  -2  -4    5  28   3   3   1   6   3   5  14   0   2  13   0   2   3   6   3   0   1   1  0.61 0.43
  113 L    -1   1  -1  -2  -3  -1  -2   0   0  -1   2  -2   0   1   0   1   1  -4  -1   0    5   8   3   2   0   2   2   9   3   2  21   1   2   7   5  11   9   0   1   7  0.11 0.16
  114 H    -1   2  -2  -1   0   1  -2   1   2  -1  -2  -1  -1   2  -2  -1  -2   2   4  -1    5  12   1   4   2   8   2  11   6   3   2   3   1   7   2   5   2   2  14   5  0.23 0.23
  115 S     0   0   0   0  -1   0   0  -1   1  -2  -2   1   0  -1   2   1   1  -3   2  -1    6   5   5   6   1   4   7   4   3   2   3   9   2   2  10  10   8   0   8   4  0.13 0.13
  116 N     0   1   3   2  -4  -1  -1   2   1  -1  -4  -1  -4   1  -4   0   0  -4   2  -1    6   9  14  13   0   3   3  13   3   3   1   4   0   6   0   7   5   0   7   4  0.25 0.21
  117 G    -1  -1  -1   0   0   2   1   4   0  -3  -3  -2  -4  -2  -1  -1   0   1  -2  -2    5   4   3   5   2   9   8  36   2   2   2   2   0   2   3   4   7   2   2   3  0.46 0.31
  118 K    -1  -2   1   0   0  -1   1   1  -1   0  -1  -1   2   0  -1   1   1   1   0   0    2   1   7   4   2   2   9  11   1   5   6   4   7   5   3  11   9   2   3   6  0.07 0.11
  119 S    -1  -5  -4  -2  -5  -1  -1  -2  -5  -1  -5   0   1  -5  -5   3   6  -6   1  -5    4   0   0   2   0   3   4   3   0   3   1   6   3   0   0  17  47   0   4   0  1.04 0.62
  120 V     0  -2   0   0   2  -1   0   0  -2   0   0   0   1   1  -3   0   0   4   1   0    6   0   6   6   6   0   6   6   0   6   6   6   6   6   0   6   6   6   6   6  0.07 0.12
  121 D    -1  -1   1   1  -3  -1   0   2   0  -1   0  -1   0  -2  -3  -1   1   1   2   0    4   2   9  10   0   2   4  16   2   3   8   3   3   0   0   3  10   2  11   6  0.13 0.17
  122 W    -4  -4  -1  -1  -4  -3  -1  -4   0   0  -1   0  -3   3  -4   0  -1   9   3  -1    1   0   3   3   0   0   4   0   3   6   5   6   0  12   0   6   4  29   9   5  0.92 0.48
  123 L    -1  -1   0  -2  -4  -1  -1   4  -1  -2   0   0   0   0  -4  -1   1   1   2  -2    5   3   4   2   0   3   3  33   2   2   8   5   2   5   0   3   9   2   7   2  0.29 0.25
  124 S     0   0   0   0  -2   1   0   0   1   0  -1   0   1   0   1   0   0  -2   1   0    6   6   5   6   0   5   6   6   5   6   6   6   5   5   6   6   6   0   5   6  0.03 0.06
  125 K     0   3   1  -1  -2   1   0   1  -1  -3  -3   2  -3  -1   1  -1   0  -1   0  -2    9  16   7   2   1   5   4  11   1   1   2  17   0   2   8   3   4   1   3   3  0.23 0.17
  126 K    -1   2   0   0  -3   1  -1   1   0  -1  -1   2  -1  -1  -1   1  -1   0  -2  -2    3  12   4   5   0   6   2  13   2   5   5  18   1   3   2  14   2   1   1   1  0.17 0.14
  127 G    -1   2   0  -2  -3  -1  -1   4   2  -3  -3   0  -3  -1  -3   0  -2  -3   1  -2    4  12   5   1   0   2   4  36   6   1   2   6   0   2   1   6   2   0   5   2  0.45 0.24
  128 N     0   4   3   1  -2   0  -1   1   3  -4  -4   0  -1  -4  -3   1   0  -4  -2  -4    9  22  14   7   1   3   2  12   7   0   1   4   2   0   0   9   5   0   1   0  0.39 0.26
  129 V     1   0  -1  -1   0  -2  -2  -1  -1  -3   0   0  -3  -4   0   4   1   2  -3  -2   10   6   2   2   2   1   0   5   1   1   9   6   0   0   5  35   8   3   0   2  0.34 0.28
  130 N    -2   5   0  -1  -4  -1  -1  -3   0  -3  -3   3  -2  -2  -2   0   2  -4  -1  -2    2  32   5   3   0   2   2   1   2   2   2  19   1   2   2   8  12   0   2   2  0.57 0.33
  131 L    -2   2  -1  -2  -3  -1  -2   0   1   0   1  -1   0   0   1  -2  -1   5   3  -1    2  12   2   2   0   2   2   7   4   4  19   3   2   3   7   2   4   9  11   4  0.23 0.17
  132 I    -1   1  -1  -2   0   1  -2  -2   1   2   1  -1   0  -1  -3  -1  -1   5  -1   1    5   8   3   1   2   7   2   3   5  12  19   4   2   2   1   3   2  10   2   9  0.20 0.15
  133 Y     0   0  -1  -3  -1   1  -2  -3  -2  -2   0   0   1   0  -2   0   1  -2   5   0    9   5   3   1   1   6   2   2   0   1   9   5   4   3   2   8  10   0  25   5  0.29 0.22
  134 P     0   1  -1  -2  -2   1  -1   0   0   0   0  -1  -1   0   1   0  -1   3   0   0    9   8   2   1   0   7   3   8   2   6  12   2   1   4   7   8   3   5   2   9  0.06 0.07
  135 T    -2  -1  -3  -2   0  -2  -2   2  -4  -2  -5   6  -4  -5  -4   0   0  -5  -4  -2    2   1   0   1   2   0   1  15   0   3   0  58   0   0   0   5   7   0   0   2  0.95 0.45
  136 V     2  -4  -3  -4   4  -3  -1  -2  -4   2   1  -3   0   3  -4  -2  -2  -3  -1   2   22   0   1   0   9   0   6   2   0  12  17   0   2  12   0   1   0   0   1  14  0.35 0.24
  137 Y    -6   2  -6  -7  -7  -5  -6  -1  -3  -6  -5  -5  -5  -1  -7  -6  -6  -2   9  -6    0  13   0   0   0   0   0   6   0   0   0   0   0   0   0   0   0   0  81   0  2.66 0.89
  138 N     1  -2   1   3   2   1   1  -1   0  -1   0  -1  -1  -2  -3   2  -1  -4  -1  -2   12   1   6  18   6   6   7   4   2   4  10   1   1   1   0  16   1   0   2   2  0.18 0.17
  139 K    -4  -2  -4  -5  -7  -3  -3   0  -5  -6  -1   8  -5  -7  -5  -4  -5  -7  -6  -6    0   0   0   0   0   0   0   6   0   0   7  87   0   0   0   0   0   0   0   0  2.04 0.80
  140 A     2  -2  -1  -2  -4   1  -3   3   3  -4  -3  -2  -2  -1  -4   1  -2   1   2  -4   21   1   1   2   0   8   0  28   9   0   3   1   1   3   0  10   2   2   7   0  0.46 0.30
  141 H     0   0   0   1  -3   1   0   0   1  -1  -1   0  -1   0   2   0  -1  -2   0   0    9   6   5   8   0   7   4   7   4   2   7   5   2   5  10   9   2   0   4   6  0.07 0.06
  142 E    -1  -3  -3   1  -6   0   6   0   4  -5  -5  -2  -1  -5  -4  -1  -4  -5  -4  -5    5   0   0   7   0   4  60   7  10   0   0   0   2   0   0   3   0   0   0   0  1.21 0.54
  143 M    -2  -1  -4  -4  -3  -1  -4  -5  -4   3   3  -1   4   2  -1  -3  -3  -3   0   1    3   3   0   0   0   3   0   0   0  23  27   3  16   8   3   0   0   0   3   8  0.50 0.32
  144 E     0   1   0   0  -3   1   1  -1   0   0   0   1   0  -1  -2  -1   0  -3  -2   0    5   9   4   6   0   9  12   4   2   5  11  13   3   2   0   3   7   0   0   5  0.10 0.11
  145 L     1   1   0   0  -2   0   0   0   0  -2   0   2  -1  -1  -2   0  -1  -2   1   0   15   7   6   6   0   4   6   6   3   0  10  15   0   2   0   5   2   0   5   7  0.07 0.11
  146 H    -3   1   1  -2  -4   2   0  -2   6  -3  -2   2   0   0   0  -2  -1  -3   1  -2    1   7   8   1   0  10   4   3  27   1   4  13   2   4   4   1   3   0   4   3  0.48 0.31
  147 S     0   0  -1  -1  -1   1  -1   1  -1   0   1   1   1  -1   1   0  -1  -3  -1  -1   10   5   2   3   1   7   2  12   2   7  14   9   4   1   6   7   2   0   1   4  0.05 0.09
  148 L    -1   0   0  -2  -1  -1  -1  -1   3   0   2   2   1  -1  -3   1  -1  -1  -1  -1    3   5   4   2   1   2   4   5   7   4  23  17   4   3   0  10   2   1   1   3  0.15 0.19
  149 T    -1   1  -1  -1  -1   0   0   0   1  -4  -3   3  -1  -5   4   0   0  -5  -4  -4    4   8   2   3   1   3   6   7   3   0   2  23   1   0  23   5   5   0   0   1  0.54 0.36
  150 K    -1   1   1   0  -4   0   0  -2   2  -3   0   4   0  -2   0  -1  -2   0   1  -2    4   6   6   5   0   3   5   2   5   1  12  30   3   1   4   3   1   1   5   3  0.30 0.26
  151 I     0   0   0   1   1   1   1  -1   1   0   0   0   0  -1   0   0   0  -3   0  -1    8   5   6   8   3   6   8   3   3   6  10   6   3   3   4   5   4   0   3   4  0.03 0.04
  152 K     0   2   0  -1   1   1  -2   0   1  -1   0   2  -2   0   0  -1  -1   3   0  -3    7  13   4   4   3   6   1   6   4   4   9  16   0   3   4   4   4   4   3   1  0.16 0.19
  153 N    -1   3   2   1  -4   0   0   0  -2  -2  -2   2  -3  -4   1   0  -1  -4  -1  -2    5  21  12   7   0   3   6   6   0   2   3  13   0   0   6   7   4   0   2   3  0.28 0.24
  154 R     0   1   1   0  -3   0   0  -1   1  -1   0   2  -2  -2   0   0   0   0  -1  -1   10   7   6   4   0   4   4   2   4   2  11  17   0   1   4   7   6   2   2   5  0.09 0.12
  155 F    -1   0   0  -1   2  -1   0  -1   0   0   0   0   0   2  -1   0   0  -2   1   0    3   6   5   3   6   0   9   4   3   6  11   5   2  12   3   7   4   0   5   6  0.04 0.08
  156 S     0  -1   0   0  -1  -1   1   3   1  -1  -1   1   0   0  -3   0  -1  -3  -2  -1    7   3   5   4   1   2   9  27   3   3   7   8   3   4   1   6   3   0   0   4  0.19 0.17
  157 E     0   0   0   0  -1   1   2   1   0  -1  -1   1  -1  -3   1   0  -1  -3  -3  -1   10   4   3   6   2   8  17  10   2   3   6   8   2   1   6   4   3   0   0   5  0.13 0.14
  158 Q    -1   1   0   2   0   0   1  -1   0  -2   0   1  -1   0  -2   0   0  -3  -2  -1    5   9   5  16   2   3  10   3   3   2  11   7   2   5   1   7   4   0   0   4  0.12 0.13
  159 S     0  -1  -2   0  -1   0  -1  -2  -1  -1   0   1   1  -2   2   2   0  -3  -1   0    8   3   1   4   1   4   4   2   2   2   9   9   4   2  12  22   5   0   2   5  0.17 0.19
  160 R     0   1   0   1  -3   0   2  -1   0  -1   0   0  -1  -2   2   0   0  -3  -2  -1    7   7   4   8   0   4  14   4   2   3  11   5   2   2  12   6   4   0   1   4  0.13 0.11
  161 E     1  -1   0   2  -3   1   3  -1   0  -3  -1   0  -2  -2   0   1  -1  -3  -1  -1   11   3   3  11   0   5  26   4   2   1   6   4   0   2   3   9   3   0   2   5  0.24 0.20
  162 Y    -1  -1  -2   0   0   1   1  -3  -1   0   1  -1   0   2  -1  -2   0   1   3   1    4   3   1   5   2   6  12   2   1   6  13   4   3   8   3   1   5   2  11   9  0.09 0.11
  163 N     0   1   0   1  -1   1   1  -1   0   0   0   1  -1  -1   1   0   0  -2  -1  -1    5   8   6   7   2   6   7   5   3   5  10  12   1   2   6   4   4   0   2   5  0.05 0.05
  164 Y    -2  -1  -1  -2  -3   0  -2  -2   1  -1   0  -1  -2   1  -2  -1  -1   4   6   0    3   3   2   3   0   5   3   3   3   3  10   5   0   5   2   6   3   5  28   7  0.40 0.26
  165 L     0  -1   0  -2   0   1  -2  -3  -2   1   2  -2   1   0  -1  -1   0  -2   1   1    9   2   5   1   2   7   2   1   0   8  27   2   4   2   3   5   4   0   5  11  0.14 0.14
  166 L    -1   1   0   1  -3   2   0  -2  -1   0   0   1   0  -2   1   0   0  -3  -1  -1    5   8   5  10   0  12   4   1   1   5  13   9   2   2   8   6   6   0   1   3  0.11 0.10
  167 D     0   2   1   3  -3   2   2  -1  -2  -3  -2   1  -1  -4   2   1  -2  -4  -3  -3    6  10   5  16   0   8  16   3   0   1   3   6   2   0  11  10   1   0   0   1  0.33 0.21
  168 I    -2  -2  -4  -4  -3   0  -3  -4  -4   3   4  -3   2  -1  -4  -3  -1  -3  -1   2    3   2   0   0   0   5   0   1   0  15  48   0   4   2   0   0   4   0   2  13  0.57 0.32
  169 I     0   0  -2  -3   0   0  -1  -3   1   3   1  -1   1   0  -1   0  -1  -2   2   0    9   5   0   0   3   3   5   1   3  26  10   3   5   3   2   6   2   0   9   5  0.14 0.16
  170 S     0  -1   1   3  -3   2   2  -1  -2  -3  -1   0  -1  -2  -3   0   1  -4  -3  -2    7   2   7  22   0  10  17   4   0   0   5   5   2   2   0   5   8   0   0   2  0.30 0.22
  171 F    -1  -1  -4  -2  -4  -1  -1  -4   0  -2  -1  -1   0   4  -4  -2  -3   8   5  -2    4   3   0   2   0   3   4   1   2   2   5   5   2  17   0   3   0  19  23   3  0.85 0.40
  172 C     3  -3  -1  -3   7  -3  -3  -3  -3   0   1  -3  -2  -3   0   0   0  -4  -3   0   25   0   4   1  27   0   1   1   0   4  13   1   0   0   5   6   5   0   0   6  0.64 0.35
  173 K     0   2   0   2  -1   1   2  -2   3  -2  -2   1   0  -1  -2   0  -1  -3  -2  -2    6  13   4  14   1   5  13   1   8   2   4  10   2   4   1   6   3   0   0   3  0.20 0.16
  174 E     0   0   1   0   2   1   0  -2   2   0  -2   0   1  -2   1   0   0  -3   1   0    6   6   6   6   6   6   6   0   6   6   1   6   6   0   6   6   6   0   6   6  0.10 0.14
  175 N     0   1   3   0  -2   2   1  -2   2  -1  -2   1   0  -2  -1   0  -1  -3  -1   0    6   7  16   3   0  11   7   2   7   3   3  11   2   1   2   6   3   0   2   8  0.16 0.11
  176 G    -1   0   0  -2  -3  -2  -2   6  -2  -3  -3  -2  -3   0  -2  -2  -2  -3  -3  -3    3   5   4   1   0   1   2  63   1   1   2   1   1   5   1   2   3   0   1   2  0.93 0.28
  177 V    -1  -2  -2  -3  -2  -1  -2  -2  -2   2   3  -1   2  -1  -2  -2  -1   3  -1   3    5   1   1   1   0   3   1   3   1  12  30   3   4   1   1   2   2   5   1  23  0.27 0.14
  178 V    -1  -4  -4  -1  -3  -4  -4  -3  -4   3   3  -4  -1  -2  -4  -3   1  -4  -3   4    4   0   0   4   0   0   0   2   0  16  34   0   0   0   0   0   8   0   0  30  0.57 0.27
  179 R    -5   8  -4  -5  -7  -3  -4  -6  -4  -7  -6  -1  -5  -7  -6  -4  -5  -6  -5  -6    0 100   0   0   0   0   0   0   0   0   0   0   0   0   0   0   0   0   0   0  2.71 0.81
  180 F     0  -3  -3  -2   0  -2  -1  -3   1   2   2  -3   1   4  -3  -2  -2   2   0   1   10   0   0   2   2   0   4   1   4  11  23   1   4  21   1   2   1   2   1   8  0.26 0.16
  181 E    -4  -3  -3  -2  -6   1   7  -5  -3  -6  -5  -2  -5  -6  -4  -3  -4  -5  -5  -5    0   0   0   0   0   4  91   0   0   0   1   0   0   0   0   0   0   0   0   0  2.04 0.66
  182 Q     0  -1  -1  -3   0   1  -2  -1   2   1   2  -2   1   0  -3  -1   0  -2   0   1   10   2   2   1   2   7   1   4   6   8  30   1   3   2   0   3   4   0   3  10  0.14 0.12
  183 K    -2   3  -1  -2  -1   0   2  -2  -2  -3  -3   3  -1  -2  -2   1   2  -3  -3   0    1  17   2   1   2   2  16   3   0   0   1  18   2   1   0  10  17   0   0   7  0.33 0.20
  184 L    -2   0  -4  -4  -1  -3  -4  -4  -3   2   4  -3   2   1  -4  -3  -2   0   0   0    3   6   0   1   1   0   1   1   0   9  55   1   5   6   0   1   2   1   2   5  0.57 0.25
  185 K    -2   4  -1  -1  -2   0  -1   1   1  -3  -2   4  -1  -1  -2  -2  -2  -3   0  -3    1  22   2   3   1   1   1  13   3   1   3  37   1   2   1   1   2   0   4   2  0.52 0.26
  186 S     1   3   1  -1  -3   1  -1   0   0  -3  -3   1  -2  -3  -1   3   1  -3  -3  -3    9  21   5   2   0   6   1   5   2   1   1   9   0   0   3  27   7   0   0   1  0.36 0.20
  187 R    -2   5   0   0  -4   1   2  -3  -1  -3  -1   1  -1  -4   0  -1  -1  -4  -1  -3    2  38   3   3   0   5  15   2   1   0   8   9   2   0   4   3   3   0   2   0  0.49 0.25
  188 F    -2  -2  -2   0  -4   0   2  -2  -1   0   0   0   0   3  -4  -3  -2   6   3  -2    2   2   1   4   0   4  14   4   1   7   7   6   2  17   0   0   2  14  13   0  0.44 0.22
  189 L     0   1  -2  -2  -2  -1   1  -2  -2   1   1  -1   2   2  -2  -1  -1   5   0   0   12  12   0   1   0   0  12   1   0  12  12   1  11  12   1   1   1  11   0   1  0.18 0.10
  190 Q    -1   2   1   0  -4   3   2  -2   0  -2  -2   3  -2  -2  -3   0   0  -3  -1  -2    5  12   7   5   0  15  12   2   2   2   3  18   0   2   0   4   5   0   2   3  0.28 0.21
  191 K    -1   4   1   2  -4   1   2  -2   0  -2  -2   2  -3  -4  -3   0  -1  -4  -1  -2    4  25   5  14   0   7  11   3   3   2   3  11   0   0   0   6   3   0   2   2  0.35 0.24
  192 N     0   0   1   0  -3   1   0  -3   2   0  -1   0   1   1  -3   0   0   4   1  -2    6   6   6   6   0   6   6   0   6   6   6   6   6   6   0   6   6   6   6   0  0.11 0.15
  193 A     0   0   2   1   1   0   0   3   1  -1  -1   0   2  -3  -3   0  -2  -4  -3  -3    6   5  13   6   4   5   4  25   4   4   5   5   6   0   0   6   0   0   0   0  0.24 0.22
  194 L    -1  -1  -3  -3   1   0  -1  -2  -3   0   4   0   2   0  -1  -1  -2   1  -2   0    5   4   0   0   4   4   3   4   0   5  46   5   5   3   3   4   0   2   0   3  0.31 0.27
  195 N    -1   2   2   0   4   1   0  -2   1  -1  -2   0  -2  -1   0   1   0  -3   0  -3    4  14  10   5  11   7   6   3   4   4   2   5   0   3   4  10   6   0   3   0  0.20 0.20
  196 Y    -1   0   1   1  -1   0  -1  -2   1  -1  -1  -1   0   2  -2  -1  -1   4   4  -1    5   5   7   8   2   4   4   3   3   3   7   3   2  10   2   3   2   6  18   3  0.24 0.22
  197 W     0  -5  -6  -6  -1  -2  -5   0  -5  -2   2  -3  -4   1  -2  -3  -5   9   2   1    7   0   0   0   2   2   0   8   0   2  18   2   0   5   3   2   0  33   6   9  1.23 0.63
  198 G     1  -1   1   1  -1   0   0   4   0  -2  -3   0  -1  -2  -3   1  -1   1  -2  -2   10   3   5   9   1   4   5  28   3   2   2   6   2   1   0  10   3   2   2   2  0.29 0.24
  199 L     0  -1   2   2   0   0   0  -1   0   0   2  -1   0  -1  -3  -1   0  -4  -1  -1    7   3  10  13   2   4   4   5   3   4  22   4   3   2   0   4   6   0   2   2  0.12 0.16
  200 S    -2  -5  -2  -2  -2  -5  -3  -6  -1   3   0  -3  -1   4  -3  -1   0   8   0   1    4   0   2   3   1   0   1   0   2  14  10   2   1  15   1   6   7  20   3   9  0.77 0.47
  201 D    -2  -3   2   4  -1  -2   0  -2  -2  -3  -4  -1  -5  -3  -1   1   4  -6  -3  -3    3   1   8  26   1   1   6   3   1   1   2   4   0   1   3   9  27   0   1   1  0.63 0.47
  202 Y     0  -2  -1   2  -5   1   3  -3   0  -1  -1   0   3   0   1  -1  -1  -4   2  -3    6   2   2  10   0   5  20   1   2   3   5   5   8   4   8   4   4   0   7   1  0.27 0.28
  203 S     0  -2  -1   1   0   2   2  -1  -3  -1  -2  -1  -1  -2  -2   2   0   0   0  -2    9   2   3   9   2  11  16   5   0   3   4   3   2   2   2  16   5   1   4   2  0.22 0.26
  204 I    -1   1   1   2  -2   1   1  -4   0  -1   0   2   1  -2  -2  -1   0  -1  -1  -2    5   8   6  14   1   7   7   0   2   3  10  16   4   1   2   2   7   1   2   3  0.20 0.22
  205 L     0  -3  -2  -5  -1  -2  -1  -2  -1   1   4  -2   1   2   0  -3  -3   2   0   0    8   1   2   0   1   2   4   3   1   7  36   2   3   9   5   2   1   2   3   7  0.37 0.29
  206 N    -1   0   3   0  -1   2   1  -2  -1  -2  -1   1   0  -1  -1  -1   0   4   1  -2    5   4  14   4   2  11   8   2   1   2   8   9   2   3   3   4   5   5   5   2  0.18 0.20
  207 K     1   0   1   1  -4   2   1  -1   1  -2  -2   1   0  -1   1   0   0  -4  -3  -2   10   4   7   7   0  11  11   5   3   2   5  10   2   3   7   6   4   0   0   2  0.17 0.18
  208 L    -1  -2  -2  -1   0  -2  -1  -5   3   4   3  -3  -2  -3  -5  -1  -4   3  -1   1    4   2   2   4   2   2   5   0   6  21  29   1   0   0   0   5   0   4   2  10  0.47 0.34
  209 H    -3  -2  -1  -1  -5   1  -1  -2   5  -2   0  -3  -3   5  -5  -2  -2   3   4  -1    2   2   3   3   0   6   3   4  13   2  11   1   0  21   0   3   2   4  15   4  0.63 0.41
  210 S    -1   1   1   2  -1   0   1  -1   0  -2   0   1   1  -1  -2   0   0  -1  -3  -1    2   6   9  12   1   5   7   5   2   2  10  11   3   2   1   9   5   1   0   6  0.10 0.13
  211 D     0   0   0   3   1   1   2  -1   1  -1  -2   0  -2  -3   0   0   0  -3   0  -1    6   5   4  17   3   8  15   4   3   5   4   5   0   0   4   5   5   0   3   4  0.16 0.16
  212 F    -3   1  -1  -3   1   0   0  -4   1   1   0  -1  -2   5  -4  -3   0   4   2  -1    0   7   4   0   3   4   6   0   4   7   9   4   0  24   0   0   7   5   8   4  0.37 0.29
  213 L    -1  -1  -1  -1   0  -1   0  -2  -2   1   2  -1   1   2  -3  -1   0  -3   0   1    3   3   3   4   2   2   6   2   0  10  25   4   2   9   0   5   7   0   3   9  0.11 0.15
  214 E     0   2   2   0  -4   1   2   0  -2  -2  -2   2  -1  -4  -1   0   0  -4  -2  -2    6  10   9   5   0   7  17   6   0   2   3  15   2   0   2   7   5   0   2   2  0.25 0.23
  215 L     0   0   0  -2  -2   1   0   0   2   0   0   0   1   1   1   0   0  -2   1   0    6   6   6   0   0   6   6   6   6   6   6   6   6   6   6   6   6   0   6   6  0.04 0.08
  216 D     0   0   0   0   2   0   0  -1   1   0  -1   0   1   0   0   0   0  -2   1   0    5   5   5   5   5   5   5   5   5   5   5   5   5   5   5   5   5   0   5   5  0.03 0.05
  217 K    -1   1   1   1  -4   1   2  -1   1  -1  -2   1   1  -1   0   1   0  -4  -3  -1    4   7   5   7   0   7  16   5   4   3   4  11   4   3   4   9   5   0   0   3  0.16 0.18
  218 K    -1   0   0   0  -3   0   0  -1   2   0  -1   0   1   0   0   0   0   3   1   0    5   5   5   5   0   5   5   5   5   5   5   5   5   5   5   5   5   5   5   5  0.06 0.08
  219 L     0  -3  -1  -1   1   0   0  -2  -1   1   2  -2   3   0  -1  -1  -1  -3  -1   0    8   0   3   3   4   5   8   3   1   9  22   2   9   4   2   4   3   0   2   7  0.12 0.17
  220 S    -1   0   1   2  -4   1   2  -1   2  -2  -3   1   0  -1  -1   1   1  -4  -1  -1    4   5   6  10   0   8  14   4   5   2   0   7   3   3   3   9  10   0   2   4  0.18 0.20
  221 V    -1   0   1  -1  -1  -1  -2  -2   1   2   1  -2   4   0  -2  -3  -1   0  -3   3    4   5   7   4   2   2   2   3   3  13  11   2  12   4   2   0   2   1   0  20  0.23 0.24
  222 N     0   0   2   0  -4   1   0  -2   1  -2  -2   0   2  -1  -1   2   2  -4   0  -2    5   5  12   4   0   5   4   2   3   2   3   6   6   2   3  15  16   0   3   2  0.19 0.23
  223 A     0  -1   1   0   1   0   0  -1   1   0   0  -1   1   0  -1   0   0  -2   1   1    9   3   7   5   3   4   4   3   5   5   7   4   5   3   3   6   5   0   7  13  0.03 0.08
  224 M     0   0   1   0  -2   1   0  -2   2   0   0   0   1   1  -2   0   0  -2   1   0    6   6   6   6   0   6   6   0   6   6   6   6   6   6   0   6   6   0   6   6  0.06 0.10
  225 D     0  -1   1   5  -4   2   2  -3  -3  -2  -4   0  -4  -1   0   0  -1  -5  -4  -2    8   3   7  35   0   9  11   1   0   2   1   4   0   3   4   5   4   0   0   3  0.56 0.37
  226 F    -1   0  -1   2  -3  -1   0  -3   1   0   0  -1   2   2  -3  -1  -1   4   1   0    5   5   3  13   0   3   6   0   3   6  10   4   7   9   0   5   3   7   4   6  0.14 0.17
  227 E     0  -1   1   2   0   1   2   0   0  -1  -1   0   1  -1   0   0   0  -3  -2  -1    7   3   6  13   2   6  15   6   2   3   4   6   5   3   4   4   7   0   0   4  0.11 0.14
  228 T     0   0   1   0  -3   1   0   0   2  -2  -1   0  -1   0   1   0   0  -2   1  -1    6   6   6   6   0   6   6   6   6   0   6   6   0   6   6   6   6   0   6   6  0.07 0.08
  229 I    -1  -4  -1  -1   1  -3  -3  -2  -4   4   1  -3   1   0  -1  -1   1  -4  -3   2    3   0   3   3   3   0   0   3   0  28  13   0   4   5   4   4  11   0   0  14  0.33 0.26
  230 S    -1   1   0   0  -3   0  -1  -1  -2   0   0   0   1   0   3   0  -1   1   0   0    5   9   6   5   0   3   3   3   0   7  10   5   4   4  14   9   3   2   3   7  0.10 0.11
  231 D     0  -1   0   3  -4   1   2   0   1  -3  -2   1  -1  -2   0   0   0  -4  -3  -2    7   3   3  21   0   6  14   6   3   0   4  10   2   1   4   5   6   0   0   3  0.24 0.21
  232 H     0   2   0  -1  -1   2   0  -3   1  -1   0   2   0  -3   0   0   0   0  -2  -1    9  15   4   2   1   9   5   0   3   2  13  13   2   0   5   5   5   1   0   4  0.15 0.17
  233 L    -1  -4  -4  -5  -4  -2  -2  -5  -4   1   5  -2   1   0  -1  -2  -2  -4  -1   0    6   0   0   0   0   2   3   0   0   7  59   2   2   3   3   3   2   0   2   4  0.70 0.45
  234 V    -1   1  -3  -3   1   0   0  -2  -3   1   1   0   2   0   2  -1  -1  -3  -2   0    5  11   0   0   3   3   8   2   0   9  19   4   6   3  10   5   4   0   0   6  0.14 0.17
  235 S     1   1   0   0  -2   0   0  -1  -2  -1   0   0   0   0   0   1   0  -3  -2  -1   15   7   4   6   0   5   6   3   0   4  14   3   2   4   4  13   7   0   0   4  0.07 0.12
  236 S     1   0   0   0   0   0   1  -2   0  -1  -1   1  -2  -1   0   0   1  -3   1   0   13   3   3   4   2   3  12   1   3   2   5  13   0   2   4   6  12   0   5   7  0.11 0.15
  237 G    -1   0   0   0   0   1   0   3   0  -2  -2   0   0   0  -3   0  -1  -2   2  -3    4   4   4   6   2   7   4  27   2   3   3   6   3   4   1   6   2   0   8   1  0.21 0.18
  238 V     0   0   0   0  -3  -2   0  -2   0   2   0   0  -1  -1  -1  -1   0  -3  -2   2    7   6   5   7   0   0   5   3   3  14   6   7   0   2   3   4   5   0   0  22  0.11 0.15
  239 V    -1  -2  -1  -1   4  -1  -1  -2  -3   1   1  -1   1   0   1  -2   0  -4  -3   3    4   2   4   4   9   2   4   2   0   8  12   3   4   4   9   2   4   0   0  22  0.20 0.20
  240 E    -1   0   1   1  -3   0   1  -2   0  -1  -1   1  -3  -3   0   3   1  -4  -1  -2    5   5   7   8   0   3   8   2   3   4   5  10   0   0   4  22   9   0   2   3  0.20 0.22
  241 T     0  -1   1  -1  -3   0   0   0   0  -2   1   0   0  -1  -1   2   1  -3   0  -2    7   3   7   3   0   3   6   7   2   0  14   7   2   3   2  20   8   0   4   2  0.12 0.18
  242 T     0   0  -1   0   0   0  -1   0  -1  -1   0  -1   0  -1   0   1   2   0   0  -1    7   6   2   5   2   4   3   6   2   2  11   4   3   2   5  12  16   2   4   4  0.07 0.12
  243 R    -1   4  -1  -3  -3   2  -1  -2  -2  -3   0   3   0  -3  -2   0  -2  -3  -1  -2    6  23   2   1   0   8   3   3   0   1  10  23   2   1   1   9   1   0   3   2  0.40 0.29
  244 A     4  -3  -3  -3   0  -1  -2  -2  -1  -1  -1   0  -2  -3   2   2  -1   0  -3  -1   39   1   1   1   2   2   2   2   1   3   6   6   1   1  12  14   3   1   0   4  0.45 0.33
  245 A     3   1   0   0  -3   0   0  -1   0  -2   0  -1  -1  -3   0   1  -1  -3  -3  -2   34   8   5   5   0   3   4   4   2   2   9   2   1   1   4   8   4   0   0   2  0.23 0.23
  246 N     1   2   5  -1  -3  -1  -1  -1   0  -3  -2   2  -2  -1  -1  -1   0   0   0  -3   12  10  30   2   0   2   3   4   2   1   5  11   1   3   2   2   4   1   3   1  0.39 0.29
  247 T     3   0  -2  -2  -1  -1  -2  -3  -1   0   1  -1   0  -2  -3  -1   3  -3   0   0   26   6   1   2   1   2   2   1   2   6  15   3   2   1   1   3  19   0   3   5  0.23 0.23
  248 T    -1   1  -2  -3  -3  -1  -2  -2  -1  -1   0  -1   1   3  -3  -1   4  -2   3  -2    6   8   2   1   0   2   2   3   1   2  10   3   5  13   1   2  27   0  10   2  0.33 0.28
  249 A     2   3   1  -1  -3   0  -2   1   1  -2  -1   0   1  -1  -3  -1  -1  -3   2  -2   21  16   7   3   0   3   1  10   3   2   5   5   4   2   1   4   2   0   9   1  0.20 0.21
  250 M     0  -1  -1  -3   0  -1  -2   0  -1  -1   1  -2   2   3  -3   0   0  -2   1   0    9   3   2   1   2   2   2   8   1   2  17   2   7  18   1   6   6   0   4   7  0.16 0.16
  251 Y     0  -1  -1  -4  -4  -2  -3  -3   0  -1  -1  -2  -3   1  -4  -3   1   2   7   0    7   4   3   1   0   2   1   2   2   3   5   2   0   5   1   1   8   3  44   7  0.89 0.47
  252 A     3   1  -2  -1   0  -1  -1   0  -1  -1  -1  -1   1   1  -3  -1  -1  -2   2   0   30   8   1   3   2   2   4   7   1   3   5   3   4   6   1   3   3   0   9   5  0.18 0.20
  253 I     0   2  -1   0  -3   1   0  -2   1   0   1  -1   2   1  -2   0  -1  -2   0  -1    7  14   3   7   0   6   5   2   3   7  14   2   7   6   1   6   3   0   3   3  0.08 0.11
  254 Q     0   0  -1   0   0   1  -1   0  -1   1   2   0   1  -2  -3   0  -1  -3  -2   0   10   5   2   5   2   7   2   7   2  11  22   6   4   0   1   7   2   0   0   3  0.09 0.14
  255 W    -3   1  -6  -6  -5  -5  -2  -6  -5  -5  -1  -2   1   1  -6  -5  -1  11   2  -1    2   7   0   0   0   0   4   0   0   0   5   3   3   5   0   0   3  52   7   6  2.11 0.87
  256 F    -1   2   1  -3  -3   1   0  -1   0   0   1   1   4   0  -3  -1  -1  -3   0  -2    3  11   8   0   0   8   4   5   2   6  14  10  13   4   0   4   3   0   3   1  0.18 0.20
  257 H     1   1   2   1  -1   1   2  -2   3  -1  -2   0  -1  -1  -1   0  -1  -3  -1  -1   12   9  11   6   2   6  12   2   9   3   3   6   2   2   2   6   2   0   2   3  0.16 0.16
  258 G    -1  -4  -4  -1  -5  -4  -1   6  -5  -2  -3   0   0  -5  -1  -1  -4  -5  -5  -3    5   0   0   4   0   0   4  64   0   2   3   5   2   0   3   3   0   0   0   2  1.18 0.60
  259 H     0   0  -2  -1  -1   2   1  -1   2   0  -1   0   2  -1  -3  -1  -1   0   2   0    7   5   0   2   2  12  10   6   7   6   4   7   8   2   0   4   2   1   9   7  0.13 0.18
  260 V    -2   1   0   4  -1   0   0  -1   0   0  -2   1  -3  -3   0  -1  -1   2   0  -1    2   6   5  30   1   4   5   3   2   6   4   7   0   0   5   4   3   3   4   5  0.29 0.24
  261 F    -1  -1  -1  -1   0  -1  -1  -4  -1   1   3  -1   1   3  -1  -2  -2  -3   0   0    6   3   3   3   2   2   5   1   2   7  31   3   3  15   3   2   1   0   3   7  0.24 0.20
  262 D    -1   3   0   3  -4   1   0   1   2  -3  -2   0  -1  -4  -2   0   1  -4  -3  -1    3  17   4  16   0   7   4  10   5   0   4   5   2   0   2   7   8   0   0   5  0.24 0.22
  263 F    -3  -2  -2  -4   0  -2  -2  -1  -3   0   2  -2   5   3  -1  -1  -1  -2   3   0    0   2   2   0   2   1   2   5   0   3  20   2  17  16   3   4   2   0  10   7  0.34 0.27
  264 N     0  -1   1  -1   2  -2  -1   0  -2  -3  -4   1  -3  -2   2   3   1   0  -3  -2    5   2   8   3   4   0   2   5   0   0   0  10   0   2  12  32  10   2   0   1  0.37 0.27
  265 K    -1   4   2  -2  -4   2   1  -2   0  -4  -3   4  -1  -4  -2   0  -1  -4  -3  -3    3  24   9   0   0  10  10   2   1   0   2  27   1   0   2   5   2   0   0   2  0.51 0.30
  266 K     1   4   0  -3  -4   0  -2   0  -3  -2  -4   1  -1  -4   0   2   1  -4  -4  -3   12  31   3   0   0   2   0   6   0   3   0   6   2   0   3  21  10   0   0   0  0.45 0.31
  267 Q     0  -1  -1  -3  -4   3  -1  -2  -3  -3  -2  -2   0  -1  -3   1   5  -4  -1  -3    7   3   2   0   0  18   3   2   0   0   3   0   3   2   0   9  46   0   2   0  0.66 0.43
  268 V    -2  -2  -1  -4  -4  -1  -4  -4   1   0   0  -2   0   6  -4   0  -2   2   4   1    2   2   3   0   0   3   0   0   3   4   6   2   2  37   0   7   2   3  13  11  0.59 0.33
  269 Q    -1   1   0  -3  -5   4  -1  -4   0  -4  -4   2  -3   0  -4  -1  -2   4   6  -4    5   7   5   0   0  22   2   0   2   0   0  13   0   3   0   5   2   6  29   0  0.72 0.41
  270 T    -1   5   1  -2  -4  -1  -1  -4   1   0  -2   1   0  -4  -4  -1   1  -4  -3   0    3  41   6   2   0   1   2   0   4   6   3   7   2   0   0   3  12   0   0   7  0.51 0.32
  271 H    -3   0   0  -2  -1   0  -3  -5   8  -3  -2   0  -2  -1  -5  -2  -1   1   5  -1    2   4   4   2   1   3   0   0  40   1   4   5   1   1   0   2   4   2  18   4  1.04 0.52
  272 R     0   6  -3  -4   0  -1  -2  -4  -3   0  -1   1   0   1  -4  -2  -2  -4  -3  -1    9  46   0   0   2   1   2   0   0   7   6   8   2   6   0   2   2   0   0   5  0.66 0.40
  273 A     2   1   0  -1  -3   0   0  -2   0  -2  -2   3  -3  -3  -2   1   0  -4   1  -2   23   5   5   2   0   3   5   2   2   2   3  26   0   0   1   8   5   0   6   1  0.32 0.27
  274 R     0   2  -1   2  -3   0   2  -2   0   1  -1   0   0  -2  -3   0  -1  -4  -1  -1    7  14   1  14   0   4  17   2   3  12   6   4   2   1   0   5   2   0   2   3  0.18 0.18
  275 L    -3  -4  -1  -4  -4  -3  -1  -5  -4   2   4  -1   2   2  -5  -4  -3  -3  -2   0    0   0   4   0   0   0   4   0   0  11  55   5   5  10   0   0   0   0   0   5  0.69 0.35
  276 R    -1   3   0  -1   1   0   0  -3  -2   0   1   2   1  -1  -3  -1   0  -3  -2  -1    5  21   5   3   3   3   4   0   0   4  19  13   4   2   0   3   7   0   0   3  0.18 0.16
  277 K     0   1   0   1  -4   2   3  -1  -2  -2  -2   3  -2  -4   0   0   0  -4  -3  -2    6   6   3   9   0   8  20   3   0   3   3  25   0   0   3   5   4   0   0   3  0.32 0.21
  278 I     0  -2  -3  -3   1  -1  -3  -1   1   2   1  -2  -1   1  -3  -1   1  -2   3   1    7   2   0   0   3   2   0   5   3  16  15   2   0   4   0   3  10   0  16   9  0.18 0.15
  279 G     0  -2   0   0   2   1   0   4  -2  -3  -3   0  -2  -3  -2   0  -2   3  -2  -1    5   1   5   5   5   8   5  44   0   1   1   5   0   0   1   5   1   4   0   5  0.42 0.16
  280 I    -2  -3  -3  -3  -2  -2  -3  -3  -2   4   1  -3   3   2  -3  -1  -1  -2   2   2    1   1   0   1   0   0   1   1   0  38   8   1  11  11   1   7   1   0   7  13  0.36 0.18
  281 D    -1  -2   2   6  -3  -1   1  -2  -2  -3  -4  -2  -3  -4   0   1   0  -5  -4  -1    5   0   8  51   0   0   6   0   0   0   0   0   0   0   4  14   3   0   0   6  0.71 0.28
  282 I    -1  -1  -3  -1  -2  -2  -2  -3  -3   4   0   1   1  -1  -3  -1  -1   1  -1   2    6   3   0   5   0   0   0   0   0  43   5  12   2   0   0   2   2   2   2  13  0.29 0.19
  283 A     3   1   0  -1  -2  -1   0   0  -2  -2   0   1   0  -1  -2   2   0  -3  -2  -1   34   8   3   2   0   0   4   5   0   0   9   7   4   2   0  16   5   0   0   0  0.19 0.15
  284 Q     0   1   0   0  -1   2   1  -1  -1   0   0   1   0  -1  -2   1   0  -3  -1   0    6   6   5   5   1  16   6   5   1   7   8   8   2   2   0  11   4   0   1   6  0.08 0.09
  285 K     0   1  -2  -1   2   0  -1  -3   1  -2   0   0  -1  -3   5  -1  -1  -4  -2  -2    8  10   1   3   5   3   2   0   5   2  13   5   1   0  32   2   4   0   1   2  0.48 0.25
  286 C    -1   1   0   0   5   2  -1  -1   2  -3  -1  -1  -1   1   1   0  -2  -1   1  -1    4   8   4   5  16  11   1   4   6   0   5   3   2   6   6   7   0   1   5   4  0.23 0.19
  287 N    -2   1   5   4   0   0  -1  -1   0  -3  -3  -1  -4  -1   0  -1  -2  -5  -4  -3    2   7  34  21   2   5   3   4   2   1   2   4   0   4   4   4   1   0   0   2  0.62 0.36
  288 V     0  -1  -2  -3   2  -1  -2  -1  -2   1   2   0   1   0   1  -2  -1  -3  -2   3    9   4   1   0   5   2   1   4   1   6  19   6   4   3   7   1   3   0   0  23  0.18 0.17
  289 S     1   0  -1   1  -3   0   1  -1   2  -1  -2   1  -2  -3   0   2   1  -4  -3   0   10   3   2   9   0   4  11   4   5   3   3   9   0   0   4  16   9   0   0   8  0.16 0.16
  290 K     0   3   0  -1  -4   0   1  -1  -1  -3  -2   2  -3  -3   3  -1   0  -4  -3  -2    9  16   4   3   0   3   9   5   1   1   4  17   0   1  16   2   5   0   0   2  0.33 0.23
  291 F    -1   0  -1   1   1   0  -1  -3   3   0   0  -1   0   4  -2  -1  -1  -2   1  -1    5   4   3   9   3   3   4   0  10   6  10   4   2  21   2   3   3   0   3   4  0.18 0.17
  292 S     1   0   2   0   1   0   0  -1  -1  -3  -1   0  -1  -2   1   1   1  -4  -3  -1   14   5  11   3   4   4   7   4   1   0   5   6   1   1   8  14   8   0   0   4  0.16 0.15
  293 P     0  -2   1  -1  -3   0  -2  -1  -1  -1  -1  -1  -2  -3   4   2   1  -4  -3   0    6   2   8   3   0   5   2   4   2   3   7   3   0   0  20  16  10   0   0   8  0.30 0.22
  294 V     0   0   3  -2  -3   0  -2  -3  -2   1   0   1   0  -2  -1  -1   0  -4  -2   3    6   4  18   1   0   4   2   1   0   7   7   8   2   2   2   4   5   0   1  26  0.22 0.21
  295 I    -1   0  -1   0  -3  -2  -2  -3   0   2   0  -1   0   1   0  -2   0   0  -1   3    3   5   4   6   0   1   1   1   2  13   9   4   1   6   6   3   4   1   1  30  0.22 0.20
  296 V    -2  -1  -1  -1  -1  -2  -3  -4  -1   3   1  -2   0  -1   2  -3  -1  -3  -3   3    2   4   3   3   1   2   1   1   2  23  15   2   2   1  11   1   2   0   0  23  0.35 0.24
  297 K    -1   2  -1  -1  -3  -1  -1  -2   0   1   0   1  -1  -3   4  -1  -1   0  -3   1    3  13   2   4   0   2   2   2   2   8   8  12   2   0  21   4   4   1   0   9  0.29 0.21
  298 Q    -1   2   0   0  -1   0   1  -3  -1  -1   1   1   1   1   0   0  -1  -3   0   0    4  13   6   5   1   4   9   1   1   1  15   8   4   8   4   8   2   0   3   6  0.08 0.12
  299 T     0   0  -3  -4   2  -2  -3  -3  -2   3   1  -1   1   1  -1   0  -1  -3  -1   2    7   7   0   0   5   2   0   2   1  21   9   3   4   5   2   7   4   0   1  20  0.23 0.21
  300 R    -4   6  -1  -1  -1   1   1  -5  -1  -2  -4   2  -4  -1  -3  -2  -2  -5  -4  -3    0  51   2   3   2   7   8   0   1   2   1  12   0   3   1   2   2   0   0   2  1.00 0.54
  301 E    -1  -1  -3  -1  -1   1   3  -4  -3   1   0  -2   0   1   0  -2  -1  -4  -1   3    4   4   0   3   1   7  20   0   0   6   6   1   2   7   4   1   3   0   2  29  0.31 0.29
  302 I    -2  -3  -5  -5  -4  -2  -5  -5  -5   5   2  -2   1   0  -5  -3  -2  -4  -3   3    2   1   0   0   0   2   0   0   0  41  18   3   2   3   0   2   1   0   0  21  0.84 0.44
  303 K    -2  -1   2   1  -3   1   5  -4   1  -3  -2   1  -3  -2   1  -1   0  -5  -4  -2    1   2  11   8   1   4  37   0   3   2   4   7   0   2   8   2   6   0   0   2  0.53 0.36
  304 V     2  -1  -2  -2   0  -2  -2  -1  -2   1   2  -1   1  -1   1  -1  -1  -3  -2   3   17   3   1   2   1   0   2   3   1   7  19   3   4   2   7   3   2   0   0  23  0.19 0.19
  305 Q    -1   2   2   2  -4   1   0  -2  -2  -2  -2   3  -1  -2  -3   0   0  -4  -3  -1    6  11  12  12   0   7   3   1   0   2   3  20   1   2   0   8   6   0   0   6  0.27 0.24
  306 E    -1   0  -1   0  -5   1   0  -4   0  -1  -2  -1  -2   1   6  -1  -3  -1  -3   0    5   4   2   6   0   6   6   0   2   4   3   4   1   7  36   3   0   1   0   6  0.63 0.38
  307 C     2  -3  -2  -2   3  -2  -2  -3  -4   0   2  -2   1   1  -3   0  -1  -4  -3   3   22   0   2   2   7   1   2   0   0   3  20   2   3   5   0   6   2   0   0  22  0.31 0.26
  308 V     0  -2  -1  -1  -4   3   1   1  -2  -2  -2  -1  -3  -4   3   1   1  -5  -4  -1    7   1   3   2   0  19   8   9   1   2   3   3   0   1  17  12   9   0   0   5  0.36 0.30
  309 A     2  -1  -4  -4   0   1  -3  -3  -2   4   0  -3   0  -3   1  -3  -2  -4   0   3   19   3   0   0   2   7   0   1   1  24   8   0   2   0   8   0   1   0   3  21  0.42 0.33
  310 P    -3  -3  -6  -5  -6  -5  -5  -6  -6  -6  -6  -5  -6  -7   9  -3  -2  -7  -6  -6    1   1   0   0   0   0   0   0   0   0   0   0   0   0  90   2   3   0   0   0  2.90 1.08
  311 S     0  -2   2   5  -4  -2   1  -3   1  -2  -4  -3  -4  -5  -2   3   0  -6  -4  -3    7   1   8  31   0   1  10   0   3   3   1   0   0   0   1  26   6   0   0   1  0.65 0.43
  312 W    -6  -6  -2  -2  -3  -4  -6  -2  -6  -4  -6  -7  -5   3  -7  -4  -6  12  -2  -6    0   0   2   3   1   1   0   4   0   1   0   0   0  10   0   2   0  75   0   0  3.46 1.16
  313 Y    -5  -5  -5  -6  -6  -5  -5  -6  -2  -4  -3  -5  -4   1  -6  -5  -5   1   9  -2    0   0   0   0   0   0   0   0   0   0   2   0   0   3   0   0   0   1  87   3  2.73 0.91
  314 V    -2   3  -2  -3  -4   3   1  -1  -1  -1  -3   2  -2   2  -4  -2  -1   5  -2   1    2  16   1   0   0  16  10   4   1   2   0  15   0   9   0   0   3   8   0  12  0.42 0.30
  315 R    -3   2  -1  -1  -4   2   3  -4   2  -1   0   0   4  -3   0  -1  -2  -4   0  -2    0  15   2   2   0   9  23   0   6   4   9   5  13   0   5   2   1   0   3   2  0.36 0.27
  316 P    -1  -5  -5  -5  -6  -4  -4  -5   3  -6  -6  -4  -5  -6   8  -3  -4  -6  -5  -5    6   0   0   0   0   0   0   0   8   0   0   0   0   0  82   1   0   0   0   0  2.48 0.79
  317 S    -2   3   2   2  -1   4   1  -3  -2  -5  -4   2  -3  -5  -2   1  -2  -5  -4  -4    1  19  13  11   1  26   8   0   0   0   0  10   0   0   1   9   0   0   0   0  0.63 0.32
  318 H    -3   1   2  -2  -4   0   0  -4   8   0  -2  -2  -3  -1   1  -2  -2  -4   0  -2    0   7   9   0   0   3   6   0  47   6   4   0   0   3   6   2   1   0   2   3  0.82 0.32
  319 L    -3  -4  -4  -4  -3  -3  -1  -5   0   0   5  -4   1   1  -4  -1  -3  -3  -2   1    0   0   0   0   0   0   4   0   2   0  76   0   2   4   0   5   0   0   0   6  0.83 0.32
  320 R    -3   6  -2  -3  -5   4  -1  -4   0  -5  -4   3  -3  -5  -4  -2  -3  -4  -3  -4    0  60   0   0   0  21   0   0   2   0   0  16   0   0   0   2   0   0   0   0  1.20 0.37
  321 V    -1   2  -4  -4  -2  -3  -3  -4  -3   1   4  -2   0  -1  -4  -3  -2  -3  -2   2    2  14   0   0   0   0   0   0   0   6  56   0   0   0   0   0   0   0   0  22  0.54 0.21
  322 A     4  -3  -4  -4  -2  -3  -3  -2  -4   0  -1  -3  -1  -3  -3  -1  -1  -4  -3   4   50   0   0   0   0   0   0   0   0   0   0   0   0   0   0   0   0   0   0  50  0.72 0.26

                      K         Lambda
Standard Ungapped    0.1332     0.3186
Standard Gapped      0.0395     0.2670
PSI Ungapped         0.1289     0.3174
PSI Gapped           0.0395     0.2670
