
Last position-specific scoring matrix computed, weighted observed percentages rounded down, information per position, and relative weight of gapless real matches to pseudocounts
            A   R   N   D   C   Q   E   G   H   I   L   K   M   F   P   S   T   W   Y   V   A   R   N   D   C   Q   E   G   H   I   L   K   M   F   P   S   T   W   Y   V
    1 M    -1  -2  -3  -4  -2  -1  -3  -3  -2   1   2  -2   7   0  -3  -2  -1  -2  -1   0    0   0   0   0   0   0   0   0   0   0  15   0  85   0   0   0   0   0   0   0  0.51 0.05
    2 S     0  -1   4   0  -2   0   0  -1  -1  -3  -3   0  -2  -3  -1   4   1  -3  -2  -2    0   0  30   0   0   0   0   0   0   0   0   0   0   0   0  70   0   0   0   0  0.48 0.04
    3 T     0  -1   0  -1  -1  -1  -1  -2  -2  -1  -2  -1  -1  -2  -1   1   5  -3  -2   0    0   0   0   0   0   0   0   0   0   0   0   0   0   0   0   0 100   0   0   0  0.60 0.05
    4 L     0  -2  -1  -2  -1  -1  -2  -2  -2   0   3  -1   1  -1  -2   2   0  -2  -2   0    0   0   0   0   0   0   0   0   0   0  56   0   0   0   0  44   0   0   0   0  0.22 0.03
    5 R    -2   6  -1  -2  -4   1   0  -3  -1  -3  -3   2  -2  -3  -2  -1  -1  -3  -2  -3    0 100   0   0   0   0   0   0   0   0   0   0   0   0   0   0   0   0   0   0  0.89 0.05
    6 E    -1   3   0   0  -3   1   3  -2  -1  -3  -3   3  -2  -3  -1   1  -1  -3  -2  -3    0  15   0   0   0   0  28   0   0   0   0  44   0   0   0  13   0   0   0   0  0.43 0.02
    7 L    -1  -1  -2  -3  -2   1  -1  -3  -2   1   3   1   3   0  -2  -2  -1  -2  -1   0    0   0   0   0   0  14   0   0   0   0  57  13  15   0   0   0   0   0   0   0  0.23 0.02
    8 R    -1   5  -1  -2  -3   1   0  -2  -1  -3  -2   3  -1  -3  -2   0   1  -3  -2  -2    0  70   0   0   0   0   0   0   0   0   0  14   0   0   0   0  15   0   0   0  0.59 0.03
    9 L    -1   2  -1  -2  -2   3   0  -3   3   0   2   0   1  -1  -2  -1  -1  -2  -1  -1    0  14   0   0   0  30   0   0  15   0  41   0   0   0   0   0   0   0   0   0  0.22 0.02
   10 R    -1   3  -1   0  -3   1   2  -2  -1  -2   0   1  -1  -2   3   1  -1  -3  -2  -2    0  28   0   0   0   0  28   0   0   0  14   0   0   0  14  15   0   0   0   0  0.31 0.02
   11 R    -2   5   0   2  -3   2   0  -2  -1  -2   0   1  -1  -3  -2  -1  -1  -3  -2  -2    0  57   0  15   0  14   0   0   0   0  13   0   0   0   0   0   0   0   0   0  0.41 0.03
   12 A     1   0  -2  -2  -2   1  -1  -2  -1   1  -1   2   0   1  -2   0  -1  -2  -1   0   26   0   0   0   0  11   0   0   0  24   0  26   0  13   0   0   0   0   0   0  0.10 0.02
   13 L    -2  -2   4  -1  -2  -1  -2  -2  -1   0   3  -2   1  -1  -3  -1  -1  -3  -2   0    0   0  37   0   0   0   0   0   0   0  63   0   0   0   0   0   0   0   0   0  0.30 0.04
   14 K    -1   4   2  -1  -3   1   0  -2  -1  -3  -3   4  -2  -3  -2   1  -1  -3  -2  -3    0  29  13   0   0   0   0   0   0   0   0  47   0   0   0  11   0   0   0   0  0.46 0.04
   15 E    -1   0  -1  -1  -3   3   2  -3  -1  -1   1   2   0  -2  -2  -1  -1  -3  -2  -1    0   0   0   0   0  23  23   0   0   0  31  22   0   0   0   0   0   0   0   0  0.25 0.03
   16 Q    -1   3   2  -1  -3   3   0  -2  -1  -2   0   1   0  -2   2  -1  -1  -3  -2  -2    0  30  14   0   0  23   0   0   0   0  20   0   0   0  13   0   0   0   0   0  0.30 0.03
   17 S     1  -1   0  -1   3  -1  -1  -1  -2  -2  -1  -1  -1  -2  -1   4   1  -3  -2  -2    0   0   0   0  11   0   0   0   0   0   9   0   0   0   0  80   0   0   0   0  0.41 0.06
   18 M    -1  -1  -2  -2  -2   1  -1  -3  -2   0   0  -1   5  -1   1  -1   2  -2  -2   1    0   0   0   0   0  10   0   0   0   0   0   0  47   0   8   0  27   0   0   8  0.30 0.07
   19 K    -1   2  -1  -1  -3   1   0   0  -1  -3  -3   3  -2  -3   2   0   1  -3  -2  -2    0  12   0   0   0   7   0   8   0   0   0  44   0   0  10   0  19   0   0   0  0.36 0.04
   20 Y     0   1  -1  -2   3  -1  -1  -2   0  -2  -2  -1  -2   2   1   2   0   0   4  -2    0  12   0   0   8   0   0   0   0   0   0   0   0   8   8  37   0   0  27   0  0.29 0.05
   21 R    -2   3  -2  -2  -3  -1  -1  -3   3  -2   1   0  -1  -2   5  -1  -2  -3  -1  -2    0  25   0   0   0   0   0   0  16   0  20   0   0   0  38   0   0   0   0   0  0.64 0.06
   22 L    -1   1  -1   0  -2  -1  -1   0  -2   0   1   1   0  -1  -2   0  -1  -3  -2   1    0  10   0   8   0   0   0   8   0   0  27  16   0   0   0  10   0   0   0  20  0.06 0.02
   23 S     0  -1   3   0  -2  -1  -1   1  -1  -3  -3  -1  -2  -3  -2   4   2  -3  -2  -2    0   0  19   0   0   0   0   8   0   0   0   0   0   0   0  54  20   0   0   0  0.42 0.06
   24 I    -1  -3  -2  -2  -2  -2  -2   3  -3   3   0  -2   0  -2  -2  -1   2  -3  -2   1    0   0   0   0   0   0   0  29   0  43   0   0   0   0   0   0  28   0   0   0  0.27 0.06
   25 K    -1   3  -1  -1  -3   1   0  -2  -1  -2  -1   5  -1  -3  -2  -1  -1  -3  -2  -2    0  17   0   0   0   0   0   0   0   0  11  73   0   0   0   0   0   0   0   0  0.53 0.07
   26 K     0   3  -1  -1  -3   2   0  -2  -1  -2  -2   4  -1  -3  -2   0   0  -3  -2  -1    9  19   0   0   0   7   0   0   0   0   0  51   0   0   0   0   7   0   0   7  0.37 0.05
   27 T    -1   0  -1  -2  -1  -1  -2  -2  -2   2  -1  -1   0  -2  -2   1   4  -3  -2   1    0   7   0   0   0   0   0   0   0  29   0   0   0   0   0   7  57   0   0   0  0.32 0.07
   28 L    -1   1  -2  -3  -2  -1  -2  -3  -2   0   3  -1   1   0  -3   0  -1   6   2  -1    0  11   0   0   0   0   0   0   0   0  48   0   0   0   0  16   0  16   9   0  0.35 0.05
   29 P    -1   3  -1  -2  -3   3   0  -3  -1  -1   0   1  -1  -2   3  -1  -1  -3  -2   0    0  32   0   0   0  24   0   0   0   0  16   0   0   0  19   0   0   0   0   9  0.38 0.05
   30 R    -1   5   2  -1  -4   0  -1   2  -1  -4  -3   1  -2  -3   3  -1  -1  -3  -3  -3    0  52  16   0   0   0   0  17   0   0   0   0   0   0  15   0   0   0   0   0  0.53 0.06
   31 W     0  -2  -2  -3  -2  -2  -2  -2  -2   0   1  -2   0   0  -2   0   1   8   0   0    9   0   0   0   0   0   0   0   0   0  25   0   0   0   0   9  10  28   0   7  0.43 0.05
   32 K    -1   5  -1  -2  -3   1   0  -2  -1  -3  -3   4  -2  -3  -2  -1  -1  -3  -2  -3    0  49   0   0   0   0   0   0   0   0   0  39   0   0   0   0   0   0   0   0  0.55 0.07
   33 G     2  -1  -1  -2  -1  -1  -1   1   2  -1   0   0   0  -2  -2   0  -1  -2  -1   0   32   0   0   0   0   0   0  14   9   0  16   9   0   0   0   0   0   0   0   7  0.06 0.03
   34 A     2  -2  -3  -3  -1  -2  -2  -2  -2   1   2  -2   2  -1  -2  -1  -1   4  -1   1   28   0   0   0   0   0   0   0   0  10  27   0   7   0   0   0   0   9   0   7  0.15 0.03
   35 L    -2  -2  -3  -3  -2  -2  -3  -3  -3   1   4  -2   1  -1   3  -2  -2  -2  -2   0    0   0   0   0   0   0   0   0   0   0  68   0   0   0  20   0   0   0   0   0  0.42 0.06
   36 I    -1   0  -2  -3  -2  -2  -2  -3  -3   3   1  -2   0  -1  -2  -1   1  -3  -2   2    0   9   0   0   0   0   0   0   0  45  10   0   0   0   0   0  14   0   0  11  0.15 0.04
   37 G     2  -2  -1  -2  -2  -2  -2   5  -2  -3  -3  -2  -2  -3  -2   0  -2  -3  -3  -2   20   0   0   0   0   0   0  69   0   0   0   0   0   0   0   0   0   0   0   0  0.69 0.07
   38 L    -1  -2  -3  -3   2  -2  -3  -3  -3   1   4  -2   1   0  -3  -1  -1  -2  -2   0    0   0   0   0   7   0   0   0   0   0  74   0   0   0   0   7   0   0   0   0  0.31 0.06
   39 F    -2  -2  -3  -4  -2  -2  -3  -3  -3   1   4  -3   1   2  -3  -3  -2   4   0   0    0   0   0   0   0   0   0   0   0   0  72   0   0   8   0   0   0   9   0   0  0.40 0.06
   40 L    -1  -2  -3  -3  -2  -2  -3  -3  -3   2   3  -2   4   0  -3  -2  -1  -2  -1   1    0   0   0   0   0   0   0   0   0  20  30   0  31   0   0   0   0   0   0   7  0.27 0.05
   41 I     0  -3  -2  -3  -2  -2  -3   1  -3   3   0  -2   0  -1  -2  -1   0  -3  -2   1   11   0   0   0   0   0   0  16   0  54   0   0   0   0   0   0   7   0   0   0  0.14 0.05
   42 C    -1  -3  -3  -4   9  -3  -4  -3  -2  -1   0  -3  -1  -1  -3  -2  -2  -2   2  -1    0   0   0   0  68   0   0   0   0   0  11   0   0   0   0   0   0   0  10   0  0.93 0.10
   43 V     0  -3  -3  -3  -1  -2  -3  -3  -3   2   1  -2   0  -1  -2  -2  -1  -3  -2   4    9   0   0   0   0   0   0   0   0   0  11   0   0   0   0   0   0   0   0  69  0.26 0.06
   44 R     1   0  -1  -2  -1  -1  -1  -1  -2   0   0  -1   1  -2  -2   2   1  -3  -2   1    7   8   0   0   0   0   0   0   0   0   7   0   9   0   0  35   7   0   0  16  0.08 0.03
   45 T     0  -2  -2  -2  -1  -2  -2  -2  -2   2   2  -2   2  -1  -2  -1   2  -2  -2   1    9   0   0   0   0   0   0   0   0  21  27   0   7   0   0   0  23   0   0   0  0.12 0.03
   46 I     0  -2  -2  -2  -1  -2  -2  -2  -3   3   0  -2   0  -1  -2  -1   2  -3  -2   2   11   0   0   0   0   0   0   0   0  40   0   0   0   0   0   0  21   0   0  17  0.16 0.04
   47 S     1  -1   0  -1  -1  -1  -1  -1  -1  -2  -2  -1  -2  -1  -1   4   2  -2   2  -2    7   0   0   0   0   0   0   0   0   0   0   0   0   0   0  61  10   0  11   0  0.29 0.07
   48 G     2  -2  -1  -2  -2  -2  -2   5  -2  -3  -3  -2  -2  -3  -2   0  -1  -3  -3  -2   23   0   0   0   0   0   0  65   0   0   0   0   0   0   0   0   0   0   0   0  0.64 0.06
   49 S    -1  -4  -3  -4  10  -3  -4  -3  -4  -2  -2  -3  -2  -3  -3   0  -1  -3  -3  -2    0   0   0   0  92   0   0   0   0   0   0   0   0   0   0   8   0   0   0   0  1.62 0.13
   50 G     3  -1  -1  -1  -1   2   0   1  -1  -2  -2   0  -1  -3  -1   2   1  -3  -2   0   39   0   0   0   0  23   0   8   0   0   0   0   0   0   0  17   7   0   0   7  0.25 0.04
   51 S     1  -1   0  -1  -1  -1  -1  -1  -1  -3  -3  -1  -2  -3  -1   5   1  -3  -2  -2    0   0   0   0   0   0   0   0   0   0   0   0   0   0   0 100   0   0   0   0  0.70 0.11
   52 E     0   1   4   0  -3   1   2   1   0  -3  -3   2  -2  -3  -2   0  -1  -3  -2  -3    7   7  32   0   0   0  19  10   0   0   0  24   0   0   0   0   0   0   0   0  0.36 0.04
   53 S     0  -1   0  -1  -2  -1  -1  -1  -1  -2  -1  -1  -1  -2   2   4   1  -2   1  -2    0   0   0   0   0   0   0   0   0   0   9   0   0   0  11  73   0   0   7   0  0.41 0.07
   54 N     0   3   3   0  -3   3   0  -1   0  -3  -3   1  -2  -3  -2   1  -1  -3  -2  -3    9  23  26   0   0  28   0   0   0   0   0   7   0   0   0   7   0   0   0   0  0.40 0.05
   55 L    -1  -2  -2  -3  -2  -2  -2  -3  -3   1   2  -2   0  -1   5  -1   1  -3  -2   0    0   0   0   0   0   0   0   0   0   9  40   0   0   0  33   0  18   0   0   0  0.53 0.05
   56 P    -1  -2  -2  -2  -3   1  -1  -2  -2  -3  -3  -1  -3  -4   8   0  -1  -4  -3  -3    0   0   0   0   0   7   0   0   0   0   0   0   0   0  84   9   0   0   0   0  1.76 0.10
   57 E     1  -1  -1   1  -2   0   3   0  -1  -1  -1  -1  -1  -2   2   0  -1  -3  -2   0   14   0   0   7   0   0  33   9   0   0  10   0   0   0  11   7   0   0   0   9  0.21 0.03
   58 P     0  -1   1  -1  -3   1   1  -2  -1  -3  -3  -1  -2  -2   6   1  -1  -3   1  -2    9   0   7   0   0   9  11   0   0   0   0   0   0   0  47  10   0   0   7   0  0.79 0.05
   59 P    -1  -1   1  -1  -3   3   0  -2  -1  -3  -3   0  -2  -4   5   2   0  -3  -3  -3    0   0   7   0   0  28   0   0   0   0   0   0   0   0  40  25   0   0   0   0  0.77 0.07
   60 K    -1   1   0   3  -4   4   1  -2  -1  -3  -3   4  -2  -4  -2  -1  -1  -3  -2  -3    0   0   0  21   0  35   0   0   0   0   0  44   0   0   0   0   0   0   0   0  0.54 0.07
   61 V     0  -2  -3  -3  -1   0  -2  -3  -3   2   2  -2   1  -1  -3  -2  -1  -3  -2   3    9   0   0   0   0   7   0   0   0   7  22   0   0   0   0   0   0   0   0  56  0.28 0.05
   62 S     0  -1   0  -1  -2   2   0  -2  -1  -1  -2  -1  -1  -3  -2   2   4  -3  -2   0    0   0   0   0   0  19   0   0   0   0   0   0   0   0   0  19  55   0   0   7  0.39 0.07
   63 V    -1  -3  -4  -4  -1  -3  -3  -4  -4   3   1  -3   0  -1  -3  -2  -1  -3  -2   5    0   0   0   0   0   0   0   0   0  11   0   0   0   0   0   0   0   0   0  89  0.55 0.08
   64 D    -2  -2   1   6  -4   0   2  -2  -2  -4  -4  -1  -4  -4  -2  -1  -2  -5  -4  -4    0   0   0  89   0   0  11   0   0   0   0   0   0   0   0   0   0   0   0   0  1.10 0.10
   65 S     3  -1  -1  -2  -1   1  -1  -1  -2  -2  -2  -1  -2  -3   3   2   0  -3  -2  -1   53   0   0   0   0  10   0   0   0   0   0   0   0   0  18  19   0   0   0   0  0.45 0.06
   66 S     2  -1   0  -1  -1  -1  -1  -1  -1  -3  -3  -1  -2  -3  -1   5   1  -3  -2  -2   10   0   0   0   0   0   0   0   0   0   0   0   0   0   0  90   0   0   0   0  0.61 0.09
   67 L    -2  -3  -4  -4  -2  -3  -3  -4  -3   1   5  -3   2   0  -3  -3  -2  -2  -2   0    0   0   0   0   0   0   0   0   0   0 100   0   0   0   0   0   0   0   0   0  0.66 0.08
   68 M    -2  -2  -3  -4  -2  -1  -3  -4  -2   1   1  -2   8  -1  -3  -2  -1  -2  -2   0    0   0   0   0   0   0   0   0   0   0   0   0 100   0   0   0   0   0   0   0  0.92 0.14
   69 I    -1  -3  -4  -4  -1  -3  -3  -4  -4   3   1  -3   0  -1  -3  -2  -1  -3  -2   5    0   0   0   0   0   0   0   0   0  19   0   0   0   0   0   0   0   0   0  81  0.52 0.08
   70 E    -1   0   0   0  -3   1   4  -2  -1  -3  -3   3  -2  -3  -1   1   2  -3  -2  -2    0   0   0   0   0   0  49   0   0   0   0  25   0   0   0   7  19   0   0   0  0.46 0.06
   71 P    -1  -3  -2  -2  -3  -2  -2  -3  -3  -3  -4  -2  -3  -4   8   0  -1  -4  -4  -3    0   0   0   0   0   0   0   0   0   0   0   0   0   0  93   7   0   0   0   0  2.06 0.12
   72 N    -1  -1   6   1  -3   0  -1  -1   0  -4  -4  -1  -3  -4  -2   2   0  -4  -3  -3    0   0  84   0   0   0   0   0   0   0   0   0   0   0   0  16   0   0   0   0  0.86 0.10
   73 L    -2  -2  -3  -4  -2  -2  -3  -4   0   0   3  -3   0   3  -4  -3  -2   1   6  -1    0   0   0   0   0   0   0   0   0   0  41   0   0  10   0   0   0   0  50   0  0.60 0.07
   74 T    -1  -1   0  -1  -2   1   1  -2  -2  -2  -2  -1  -1  -3  -2   1   5  -3  -2  -1    0   0   0   0   0  10   9   0   0   0   0   0   0   0   0   0  81   0   0   0  0.56 0.09
   75 T     0   0   2   0  -2   2   2  -1  -1  -3  -3   2  -1  -3  -1   1   2  -3  -2  -2    9   0  14   0   0  17  20   0   0   0   0  14   0   0   0   7  19   0   0   0  0.30 0.03
   76 E    -1   2   0   0  -2   3   2  -2  -1  -2  -2   0  -1  -3  -2   1   2  -3  -2  -2    0  11   0   0   0  28  19   0   0   0   0   0   0   0   0  15  28   0   0   0  0.37 0.05
   77 M    -2  -2  -4  -4  -2  -2  -3  -4  -3   1   4  -3   4   0  -3  -3  -1  -2  -1   0    0   0   0   0   0   0   0   0   0   0  74   0  26   0   0   0   0   0   0   0  0.55 0.07
   78 L    -2  -3  -4  -4  -2  -3  -3  -4  -3   1   5  -3   2   0  -3  -3  -2  -2  -2   1    0   0   0   0   0   0   0   0   0   0  93   0   0   0   0   0   0   0   0   7  0.59 0.07
   79 N    -1   0   3   2  -3   2   2  -2   0  -3  -3   3  -2  -4  -2   1  -1  -3  -2  -3    0   0  19  16   0  16  14   0   0   0   0  28   0   0   0   7   0   0   0   0  0.41 0.04
   80 V    -1  -2  -2  -3  -1  -2  -2  -3  -2   2   1   0   0   0  -2   0   0  -2   1   3    0   0   0   0   0   0   0   0   0   7  20   7   0   0   0   9   7   0  10  40  0.16 0.03
   81 F    -2  -3  -4  -4  -2  -3  -3  -4  -3   1   4  -3   1   3  -4  -3  -2  -1   0   0    0   0   0   0   0   0   0   0   0   0  81   0   0  19   0   0   0   0   0   0  0.54 0.07
   82 S     1  -1   0  -1  -1  -1  -1  -1  -1  -3  -3  -1  -2  -3  -1   5   1  -3  -2  -2    0   0   0   0   0   0   0   0   0   0   0   0   0   0   0 100   0   0   0   0  0.70 0.11
   83 Q    -1   1   0   0  -4   4   4  -2   0  -3  -3   2  -2  -4  -1   0  -1  -3  -2  -3    0   0   0   0   0  32  46   0   0   0   0  21   0   0   0   0   0   0   0   0  0.59 0.04

                      K         Lambda
Standard Ungapped    0.1322     0.3176
Standard Gapped      0.0389     0.2670
PSI Ungapped         0.1271     0.3169
PSI Gapped           0.0389     0.2670
