
Last position-specific scoring matrix computed, weighted observed percentages rounded down, information per position, and relative weight of gapless real matches to pseudocounts
            A   R   N   D   C   Q   E   G   H   I   L   K   M   F   P   S   T   W   Y   V   A   R   N   D   C   Q   E   G   H   I   L   K   M   F   P   S   T   W   Y   V
    1 M    -5  -6  -7  -7  -5  -5  -6  -7  -6   3   0  -6  10  -4  -7  -6  -4  -6  -5   3    0   0   0   0   0   0   0   0   0  15   5   0  61   0   0   0   0   0   0  19  2.13 0.75
    2 K    -3   2  -2   1  -6   0   1  -5  -3  -5  -2   6  -2  -6  -5   1  -2  -7  -5  -5    1  11   1   8   0   4   9   0   0   0   4  47   1   0   0   9   2   0   0   0  0.94 0.50
    3 I    -5  -7  -8  -8  -6  -7  -8  -8  -6   6   5  -7  -2  -2  -8  -7  -5  -7  -3   2    0   0   0   0   0   0   0   0   0  40  43   0   0   2   0   0   0   0   1  13  1.58 0.69
    4 S     0  -5  -4  -2  -2  -5  -5  -4  -6  -7  -6  -5  -7  -7  -6   7   1  -6  -3  -6    6   0   1   2   1   0   0   1   0   0   1   0   0   0   0  77   9   0   1   0  1.87 0.94
    5 L    -3  -7  -8  -8   0  -7  -7  -8  -8   6   2  -7  -2  -1  -6  -7  -5  -5  -3   5    1   0   0   0   2   0   0   0   0  40  14   0   0   3   0   0   0   0   1  38  1.50 0.66
    6 V    -3  -8  -8  -9  -2  -8  -8  -9  -8   5  -1  -8  -4  -5  -8  -6  -5  -8  -6   7    2   0   0   0   1   0   0   0   0  26   4   0   0   0   0   0   0   0   0  67  2.02 0.86
    7 V    -1  -7  -7  -7  -2  -7  -7  -7  -7   5   0  -7   0  -2  -7  -1  -1  -7  -5   5    4   0   0   0   1   0   0   0   0  35   8   0   2   2   0   4   4   0   0  41  1.29 0.61
    8 P    -3  -8  -8  -8  -6  -8  -7  -8  -9  -8  -8  -7  -9 -10   9  -2  -4 -10  -6  -8    2   0   0   0   0   0   0   0   0   0   0   0   0   0  92   3   1   0   0   0  3.25 1.31
    9 V     1  -7  -7  -8   8  -7  -7  -7  -7   1   0  -7   2   0  -7  -4  -3  -7  -5   5   13   0   0   0  26   0   0   0   0   6   7   0   5   3   0   1   1   0   0  38  1.41 0.66
   10 F    -8  -3  -8  -9  -4  -6  -8  -9   2  -6  -1  -5  -3   6  -9  -7  -7  -1   9  -7    0   2   0   0   1   0   0   0   5   0   6   1   1  26   0   0   0   1  59   0  2.47 1.01
   11 N    -7  -1   9  -1  -2  -3  -5  -3  -4  -9  -9  -2  -8  -5  -8  -5  -6  -9  -3  -9    0   3  84   3   1   1   1   2   0   0   0   3   0   1   0   0   0   0   1   0  2.71 1.13
   12 E    -4  -6  -1  -1  -1  -4   8  -6  -6  -9  -9  -5  -8  -9  -7  -3  -6  -9  -8  -8    2   0   3   3   2   0  88   1   0   0   0   0   0   0   0   2   0   0   0   0  2.53 1.13
   13 E     3  -3  -4  -3  -5   2   6  -2  -2  -6  -7  -2  -4  -7  -4  -1  -5  -8  -5  -5   19   1   1   1   0   9  55   3   1   0   0   1   0   0   1   5   0   0   0   1  1.33 0.73
   14 D     2  -2  -1   3  -5   1   4   1  -2  -5  -3   1  -5  -6  -1   0  -3  -6  -5  -4   14   1   2  13   0   5  31   9   1   0   3   9   0   0   3   5   1   0   0   1  0.58 0.40
   15 T     0  -5   5  -4   3  -4  -5   0  -1   0  -2  -5  -1  -4  -6   1   1  -7  -4   3    7   0  31   0   5   1   0   8   1   4   3   0   1   1   0   9   7   0   1  20  0.70 0.46
   16 I    -5  -7  -8  -8  -6  -7  -8  -9  -8   6   5  -7  -3  -2  -8  -7  -5  -7  -6   2    1   0   0   0   0   0   0   0   0  39  44   0   0   2   0   0   0   0   0  14  1.60 0.71
   17 P     0   0  -1   1  -3   0   3  -1  -1  -3  -3   0  -3  -4   5  -1  -2  -5  -3  -2    7   5   3   9   1   5  17   4   2   1   2   4   1   0  27   4   2   0   1   4  0.53 0.36
   18 I     1   1  -2  -1  -5   0   4  -4   0   0   1   0  -1  -3   1  -1  -1  -3  -2  -1   10   7   2   3   0   4  26   1   3   5  13   5   1   1   6   4   4   0   1   5  0.24 0.23
   19 F    -3  -6  -3  -7   0  -6  -7  -7  -5  -1   4  -7   1   6  -7  -2   2  -5  -2  -2    2   0   2   0   2   0   0   0   0   3  43   0   4  29   0   3  11   0   1   2  1.17 0.59
   20 Y    -1  -3  -3  -5   0  -4  -4  -6   4   2   1  -4  -1   2  -6  -3  -2  -1   6   2    4   1   1   0   2   1   1   0  11  10  14   1   1   8   0   1   3   1  29  11  0.83 0.46
   21 K     1   3   1   2  -4   2   3  -2  -1  -5  -4   2  -4  -5  -1   0  -1  -6  -5  -4   10  16   6  12   0   8  17   2   1   0   1  10   0   0   4   8   3   0   0   1  0.43 0.32
   22 T     1   6  -3  -3  -4   1   2  -4  -1  -4  -5   1  -5  -7  -6  -2   0  -5  -6  -2   11  45   1   1   0   6  13   1   1   1   1   7   0   0   0   3   5   0   0   3  1.01 0.57
   23 V    -2  -7  -8  -8  -2  -7  -7  -8  -7   3   5  -7   1  -3  -7  -6  -2  -6  -5   3    3   0   0   0   1   0   0   0   0  17  56   0   3   1   0   0   3   0   0  17  1.31 0.62
   24 R     0   2   0   0   0   0   0  -2   0   0   0   2  -1  -2  -3   1   1  -3  -2   0    6  13   4   4   2   3   7   2   3   5   8  12   1   1   0   9  10   0   1   9  0.11 0.13
   25 E     2   1   0   1  -4   1   2  -2  -1  -3  -3   2  -3  -5   1   1   0  -5  -4  -3   17   8   5   7   0   6  13   3   1   2   1  13   0   0   7   9   5   0   0   2  0.29 0.25
   26 F     1  -4  -3  -4  -1  -2  -1  -5  -2   2   1  -2   0   0  -5  -2   1  -2  -2   5   12   1   2   1   1   2   4   0   1   9  12   2   2   3   0   2   8   1   1  37  0.51 0.34
   27 N     0  -3  -2  -5   1  -4  -3  -4  -1   1   4  -2   4   2  -4  -2  -2  -4  -3   0    7   1   2   0   3   1   1   1   2   6  41   3  10   9   1   2   3   0   1   6  0.58 0.36
   28 E     1   1   1   3  -5   1   3  -2  -1  -4  -4   2  -3  -4  -2   0  -1  -3  -4  -3   11   7   7  16   0   6  18   3   1   1   1  12   1   0   2   7   3   0   0   2  0.39 0.29
   29 L     1   1   0   0  -3   1   0   0  -1  -1   1   1  -1  -3   0   1  -1  -3  -3  -2   11   6   4   4   0   7   6   8   1   4  16  11   1   1   4  11   4   0   0   2  0.10 0.13
   30 K    -1  -2   0  -2   0  -1  -1  -3  -1   2   3  -1   1  -2   0  -1   0  -1  -2   0    5   2   5   2   2   2   4   1   2  15  30   4   4   1   5   4   7   1   1   3  0.21 0.19
   31 E     0  -1   1   2  -2   1   0   3  -1  -3  -4   1  -4  -4   1   1   1  -5  -4  -3    6   3   8  11   1   5   5  21   1   1   1  10   0   1   8   9   7   0   0   1  0.31 0.24
   32 Y    -1  -1  -2   0   0  -1   1  -2   0   1   0  -1  -1   0  -1  -1  -1   0   5   1    5   3   2   6   3   2  10   3   2   8   7   4   1   3   3   4   4   1  20   9  0.19 0.18
   33 E    -1   1   2   4  -3   0   2  -3  -1  -4  -5   0  -5  -5   1   1   0  -6  -4  -4    5   8   8  27   1   4  11   1   2   1   1   5   0   0   6  12   7   0   0   1  0.53 0.36
   34 I    -3  -6  -6  -7   1  -5  -6  -6   2   0  -1  -6  -3   5  -5   0  -3   5   7  -2    2   0   0   0   3   0   0   0   5   5   5   0   0  24   1   7   1   7  35   3  1.35 0.65
   35 E    -5   0  -3  -2  -4  -1   8  -7  -3  -8  -7  -2  -7  -2  -7  -3  -4  -8  -3  -7    0   4   1   2   0   2  81   0   0   0   0   2   0   2   0   2   1   0   1   0  2.12 0.98
   36 I    -4  -7  -7  -8  -3  -6  -7  -8  -3   6   2  -7   0   3  -7  -7  -5  -2   0   3    1   0   0   0   0   0   0   0   1  47  19   0   2  10   0   0   0   1   3  16  1.35 0.61
   37 V    -6  -7  -8  -8  -1  -7  -8  -8  -5   6   2  -7  -1  -2  -7  -7  -4  -2  -3   4    0   0   0   0   2   0   0   0   0  47  20   0   1   1   0   0   1   1   1  26  1.53 0.67
   38 F    -3  -7  -8  -8   1  -7  -8  -7  -6   0   2  -7  -1   8  -8  -7  -6  -2   4   0    3   0   0   0   3   0   0   0   0   5  17   0   1  51   0   0   0   0  11   6  1.65 0.72
   39 I    -3  -8  -8  -8  -2  -8  -8  -9  -9   4  -4  -8  -4  -6  -8  -5  -2  -8  -7   7    2   0   0   0   1   0   0   0   0  20   1   0   0   0   0   1   2   0   0  74  2.14 0.91
   40 N    -6  -7   6   7  -6  -6  -1  -6  -6  -8  -6  -6  -6  -9  -7  -4  -5 -10  -8  -6    0   0  33  60   0   0   4   0   0   0   1   0   0   0   0   1   1   0   0   0  2.27 0.99
   41 D    -8  -8   2   9 -10  -6  -4  -6  -7  -9 -10  -7  -9 -10  -8  -6  -7 -11  -9  -9    0   0   8  91   0   0   0   0   0   0   0   0   0   0   0   0   0   0   0   0  3.10 1.23
   42 G    -1  -4  -4  -5   1  -5  -7   7  -1  -7  -9  -6  -8  -6  -4  -4  -7  -8  -6  -7    4   1   1   1   3   0   0  85   2   0   0   0   0   0   1   1   0   0   0   0  2.28 0.96
   43 S    -5  -7  -5  -6  -1  -6  -6  -4  -7  -9  -9  -6  -8  -7  -6   8  -5  -9  -8  -8    0   0   0   0   1   0   0   1   0   0   0   0   0   0   0  97   0   0   0   0  2.76 1.26
   44 K    -1   3  -1  -2  -4  -1  -1  -3  -1  -3  -4   2  -3  -4   1   2   4  -4  -3  -2    3  15   3   2   0   2   4   2   2   2   1  13   0   1   8  13  26   0   1   2  0.48 0.37
   45 D    -7  -7  -4   9 -10  -6  -4  -6  -6  -9 -10  -5  -7 -10  -7  -6  -7 -11  -9 -10    0   0   0  98   0   0   1   0   0   0   0   0   0   0   0   0   0   0   0   0  3.30 1.29
   46 A     0   2   4   2  -5   1   0   2   1  -5  -4   1  -4  -6  -4   0  -2  -6  -4  -5    8  12  17  13   0   5   6  16   3   0   1   9   0   0   0   7   2   0   0   0  0.47 0.33
   47 T    -4  -7  -5  -4  -5  -6  -6  -5  -7  -7  -6  -6  -6  -8  -5   4   7  -8  -7  -5    1   0   0   1   0   0   0   1   0   0   0   0   0   0   1  32  64   0   0   0  2.07 1.01
   48 E     0  -1  -5  -4  -5  -2  -1  -3  -3  -2   2  -3  -1   3   0  -3  -4   8   1   0    8   4   0   1   0   2   5   2   1   2  22   1   1  10   5   2   1  23   4   6  0.80 0.45
   49 S     1  -1   1   2  -2   2   4  -2  -2  -4  -3   1  -2  -4  -1   1  -1  -6  -4  -3   12   3   5  12   1   9  25   3   1   0   3   8   1   0   3   9   3   0   0   2  0.40 0.31
   50 I    -1   1  -4  -5  -2  -1   0  -5  -2   4   2   1   1  -3  -5  -4  -2  -3  -3   3    5   7   1   0   1   3   6   0   1  25  19   9   2   0   0   0   2   0   1  18  0.48 0.32
   51 I    -2  -7  -8  -8  -1  -7  -7  -7  -7   6   5  -7   3  -3  -7  -5  -4  -7  -4   1    4   0   0   0   1   0   0   0   0  38  43   0   5   0   0   1   0   0   1   6  1.40 0.65
   52 N     0   3   0  -1  -1   2   2  -4  -1  -2  -1   3  -1  -4  -4  -1   0  -3  -3  -2    7  16   4   3   2   8  11   1   2   2   8  21   1   1   0   4   5   0   1   2  0.36 0.29
   53 K     1   2   0   2  -4   2   3  -1  -1  -4  -4   2  -3  -4  -3   1   0  -6  -4  -3   13   9   5  10   0   9  18   5   1   1   1  12   1   0   0   9   4   0   0   2  0.36 0.29
   54 I     0  -4  -4  -6  -3  -2  -2  -6  -1   3   5  -3   1   1  -6  -4  -4   1   0  -1    7   1   1   0   0   2   3   0   1  15  49   1   3   6   0   1   1   2   3   3  0.79 0.45
   55 A     4   1  -1  -4   4   1  -2  -3   3   0  -3  -1  -3  -4  -3   2  -1  -5  -1  -1   30   9   3   0   8   6   2   1   7   5   2   3   0   0   1  13   3   0   2   4  0.44 0.34
   56 A     2   1   0   0  -4   2   2  -2   0  -2  -2   2  -2  -4  -3   1  -1  -4  -3  -3   20   8   5   4   0   8  13   2   2   2   4  15   1   1   1   8   3   0   0   1  0.29 0.25
   57 S     0   2   1   0  -5   2   1  -1   1  -2  -2   3  -2  -4  -4   1   0  -5  -3  -2    9  13   5   4   0  10  11   4   3   2   4  18   1   0   0   8   6   0   1   2  0.30 0.25
   58 D    -5  -3   3   7  -4  -2  -1  -4   2  -3  -5  -3  -3  -2  -4  -2  -3   2   2  -5    1   2  12  52   0   1   3   1   5   2   1   1   1   2   1   3   2   3   6   1  1.24 0.63
   59 P     0   0   1   0  -3   0   0  -2  -1  -4  -4   2  -4  -5   6   2  -1  -4  -5  -5    6   5   7   5   1   3   5   2   1   1   1  10   0   1  34  14   3   0   0   0  0.73 0.45
   60 L    -2   5   2  -1  -1   1   0  -2   3  -4  -4   1  -2  -2  -2   0  -2  -3  -2  -5    3  35  11   3   2   6   5   4   7   1   2   7   1   2   2   6   2   0   1   0  0.62 0.40
   61 V    -3  -6  -6  -7  -2  -6  -7  -7  -6   5   1  -6  -1   1  -7  -5  -3   0   0   6    2   0   0   0   1   0   0   0   0  25  12   0   1   5   0   0   1   1   3  48  1.26 0.60
   62 I    -3   4  -2  -4  -2   0  -2  -3   1  -2  -4   5  -2  -4  -5  -1   0  -6  -3  -1    1  25   2   0   1   3   1   2   3   3   2  38   1   1   0   5   5   0   1   6  0.85 0.50
   63 P     1  -5  -5  -6   0  -5  -5   3  -4   2   1  -5  -2   0  -3  -3  -3  -2   3   3   12   0   0   0   2   0   0  19   0  12  15   0   0   4   1   1   1   0  12  19  0.51 0.35
   64 L    -5  -7  -8  -7  -4  -7  -7  -7  -6   6   3  -7  -1  -2  -7  -7  -4  -7  -2   4    1   0   0   0   0   0   0   0   0  45  21   0   1   1   0   0   0   0   1  29  1.51 0.68
   65 S    -2   4   2   0  -1   1   0  -4   1  -3  -3   2  -4  -2  -4   3  -1  -6  -4  -3    2  22  11   6   2   5   5   0   3   1   2  11   0   2   0  23   2   0   0   2  0.51 0.38
   66 F    -7  -7  -5  -9  -7  -5  -8  -8  -1  -4   5  -8   1   7  -8  -7  -6  -5  -3  -5    0   0   1   0   0   1   0   0   2   0  54   0   3  39   0   0   0   0   0   0  1.92 0.84
   67 T     1  -2  -2  -6  -5  -4  -5  -5  -6  -6  -6  -5  -6  -5  -5   7   2  -8  -4  -4    8   3   1   0   0   0   0   0   0   0   0   0   0   0   0  73  10   0   1   1  1.73 0.90
   68 R    -4   9  -3  -7  -6  -4  -6  -5  -2  -7  -8   0  -7  -7  -8  -5  -6  -8  -5  -8    2  88   1   0   0   0   0   1   1   0   0   5   0   0   0   0   0   0   0   0  2.74 1.13
   69 N    -8  -1   9  -4  -9  -5  -6  -6  -3  -9 -10  -6  -8  -9  -8  -5  -5 -10  -8  -9    0   3  95   0   0   0   0   0   0   0   0   0   0   0   0   0   0   0   0   0  3.31 1.31
   70 F    -5  -3  -8  -9  -4  -6  -8  -7  -1  -5  -5  -5  -6   9  -9  -3  -7  -1   2  -3    1   2   0   0   0   0   0   0   1   0   0   1   0  82   0   2   0   1   6   2  2.76 1.07
   71 G    -6  -6  -6  -7  -6  -6  -7   8  -6 -10  -8  -6  -8  -9  -8  -5  -6  -8  -9  -9    0   0   0   0   0   0   0  97   0   0   0   0   0   0   0   0   0   0   0   0  2.90 1.14
   72 K    -3  -3  -3  -6  -4   4  -4  -6   8  -6  -5   5  -3  -3  -3  -1  -4  -7  -2  -4    2   1   1   0   0  15   0   0  36   0   1  32   1   1   1   5   1   0   1   2  1.58 0.78
   73 E    -4  -5  -3  -1  -8   7   5  -6   5  -6  -6  -4  -1  -4  -3  -4  -4  -4  -3  -5    1   0   1   3   0  39  36   0  11   0   0   0   2   1   1   1   1   0   1   1  1.60 0.84
   74 P     4  -1   1  -4  -2  -1  -3  -1  -1   1  -1  -2   1  -3   1   1  -1  -5   0  -1   34   3   7   0   1   2   1   4   1   9   4   2   4   0   6   9   3   0   4   4  0.33 0.30
   75 A     7  -7  -7  -7  -1  -6  -6  -2  -7  -7  -7  -6  -7  -8  -6   0  -4  -8  -7  -5   88   0   0   0   1   0   0   3   0   0   0   0   0   0   0   7   1   0   0   0  2.25 1.04
   76 L    -5  -6  -3  -6  -3  -5  -7  -6  -7   5   4  -6   4  -1  -7  -5  -2  -6  -2   2    0   0   1   0   1   0   0   1   0  31  37   0  11   2   0   1   3   0   1  11  1.15 0.56
   77 F    -1  -2  -3  -4   0  -2  -3  -5   0  -1   2  -1   2   2  -5   2   4  -1   2  -2    5   2   1   1   2   2   1   0   2   3  18   4   4   7   0  15  24   1   6   2  0.37 0.32
   78 A     7  -4  -4  -7   2  -6  -5  -4  -7  -6  -7  -6  -6  -6  -6  -1  -2  -8  -7  -4   87   1   1   0   4   0   0   1   0   0   0   0   0   0   0   3   2   0   0   1  2.16 1.01
   79 G    -2  -7  -5  -7  -6  -8  -8   8  -8 -10  -8  -7  -8  -9  -8  -6  -7  -8  -9  -9    3   0   0   0   0   0   0  96   0   0   0   0   0   0   0   0   0   0   0   0  2.86 1.14
   80 L    -5  -7  -4  -8  -4  -7  -7  -8  -7   3   6  -7   4   1  -7  -6  -5  -5   1  -2    0   0   1   0   0   0   0   0   0  14  64   0   8   6   0   0   0   0   4   2  1.47 0.69
   81 D    -1   1   0   4  -2   1   3  -4   2  -3  -4   0   0  -4  -5   0  -1  -5  -2  -5    6   9   4  25   1   6  20   0   4   1   2   6   3   1   0   7   3   0   1   0  0.54 0.37
   82 H     0   0   1  -4  -2   1   0  -5   7  -2  -2  -1   0   1  -6  -2  -2  -3   5  -2   10   4   7   0   1   5   6   0  24   2   5   3   2   5   0   2   2   0  17   3  0.69 0.43
   83 A     6  -4  -6  -6   3  -5  -6  -4  -5  -3  -5  -5  -5  -5  -5   2  -1  -5  -6   0   61   1   0   0   6   0   0   1   0   1   1   0   0   0   0  16   4   0   0   8  1.35 0.73
   84 T    -1   4   0   1   0   1  -1  -3  -1  -3  -3   2  -3  -4  -4   2   2  -6  -4  -3    4  22   5   7   2   7   4   1   2   1   2  13   0   0   0  14  14   0   0   1  0.46 0.35
   85 G     0  -3  -4  -4   0  -5  -5   7  -5  -8  -8  -4  -7  -6  -6  -2  -4  -8  -4  -7    7   1   1   1   2   0   1  80   0   0   0   1   0   0   0   3   1   0   1   0  2.03 0.89
   86 D    -2  -1   0   7  -8  -1   3  -5  -2  -7  -8  -1  -5  -8  -5  -3  -5  -9  -8  -8    4   4   4  64   0   3  15   1   1   0   0   3   0   0   0   1   0   0   0   0  1.73 0.81
   87 A     5  -4  -6  -6   4  -5  -6  -3  -5   0  -1  -4  -1   0  -5  -2  -4   4   3   1   46   1   0   0   9   0   0   2   0   5   5   0   2   3   0   2   0   6   9   9  0.93 0.55
   88 V     1  -4  -6  -6   2  -6  -7  -7  -7   3  -1  -6  -1  -5  -7  -3  -1  -7  -4   6   13   1   0   0   4   0   0   0   0  16   5   0   1   0   0   1   3   0   0  55  1.29 0.65
   89 I     0  -7  -7  -8  -1  -7  -7  -4  -7   6   0  -7  -1  -2  -7  -4  -3  -7  -5   5    6   0   0   0   2   0   0   2   0  43   6   0   1   2   0   1   1   0   0  37  1.41 0.67
   90 P    -3  -5  -3  -5   1  -2  -4  -5  -4   3   1  -5   2   0  -1   1   3  -3  -1   3    1   0   1   0   3   2   0   0   0  17  13   0   5   4   4  11  16   0   2  22  0.49 0.36
   91 I    -6  -7  -4  -9  -5  -7  -8  -9  -8   5   2  -6   9  -4  -8  -7  -4  -7  -5  -2    0   0   1   0   0   0   0   0   0  29  17   0  50   0   0   0   1   0   0   1  2.21 0.96
   92 D    -2  -7  -4   8  -6  -5  -3  -4  -4  -9  -9  -6  -9  -6  -5  -2  -5 -10  -7  -9    4   0   0  89   0   0   1   1   0   0   0   0   0   0   0   2   1   0   0   0  2.75 1.16
   93 V     5  -4  -5  -4   5  -5  -5   2  -6  -4  -6  -5  -5  -7  -5   2  -3  -7  -6   0   52   1   0   1  10   0   0  15   0   1   0   0   0   0   0  12   1   0   0   7  1.21 0.67
   94 D    -8  -4  -3   9  -9  -6  -4  -7  -7  -9  -9  -7  -9  -9  -7  -6  -7 -10  -9  -9    0   1   1  97   0   0   0   0   0   0   0   0   0   0   0   0   0   0   0   0  3.27 1.30
   95 L    -6  -6  -7  -7  -5  -6  -8  -1  -6  -3   7  -7   2  -1  -8  -5  -6  -6  -5  -4    0   0   0   0   0   0   0   5   0   1  84   0   4   2   0   1   0   0   0   0  1.90 0.87
   96 Q    -7  -5  -6  -6  -9   9  -2  -8  -6  -9  -8  -4  -7  -9  -7  -4  -7  -8  -8  -6    0   0   0   0   0  95   2   0   0   0   0   0   0   0   0   1   0   0   0   1  3.36 1.43
   97 D    -6  -3  -1   7  -5   0  -1  -7   8  -7  -8  -5  -6  -6  -7  -5  -6  -8  -4  -8    0   1   3  56   0   3   3   0  31   0   0   0   0   0   0   0   0   0   0   0  2.26 0.98
   98 P    -5  -2  -5   2  -5  -2  -5  -7  -4  -7  -7  -5  -6  -9   8  -2  -5  -9  -7  -7    1   2   1  10   0   2   1   0   0   0   1   0   0   0  77   3   0   0   0   0  2.48 1.10
   99 I    -5  -8  -8  -7  -5  -7  -6  -8  -8   0  -4  -7  -3  -5   9  -5  -5  -9  -7  -1    1   0   0   0   0   0   0   0   0   5   2   0   1   1  82   1   1   0   0   5  2.69 1.16
  100 E     0  -2   0   0  -6  -1   7  -4  -2  -6  -6  -1  -4  -7  -5   1  -2  -4  -3  -5    8   2   3   5   0   2  60   1   1   0   1   2   0   0   0   9   2   0   1   1  1.28 0.71
  101 V    -1  -4  -5  -2  -1  -3   0  -5  -3   1   4  -1   2  -1  -5  -4  -2  -5  -1   3    5   1   0   2   1   1   7   0   1   6  42   4   5   2   0   1   3   0   2  17  0.57 0.37
  102 I    -4  -8  -8  -8  -2  -7  -8  -8  -8   8   2  -7   1  -1  -7  -6  -5  -7  -6   0    2   0   0   0   1   0   0   0   0  70  16   0   3   2   0   0   0   0   0   5  1.97 0.83
  103 P     0  -2  -2  -2  -4  -3   0  -2  -1  -1  -1  -1  -4  -4   7  -2  -2  -6  -4  -1    6   2   2   2   0   1   6   4   1   4   7   4   0   1  49   3   2   0   0   4  1.02 0.57
  104 H    -1   2  -2   3  -6   3   4  -4  -3  -4  -3   2  -3  -6  -2  -2   0  -6  -4  -2    6  10   1  13   0  12  30   0   0   1   2  12   0   0   2   2   5   0   0   2  0.63 0.43
  105 L    -6  -7  -8  -9  -6  -7  -8  -9  -7  -3   3  -7   9   5  -8  -5  -6  -6  -4  -4    0   0   0   0   0   0   0   0   0   1  27   0  51  19   0   1   0   0   0   0  2.32 1.01
  106 I    -4  -6  -7  -7  -4  -6  -6  -7  -4   5   3  -6   0   0  -7  -6  -4   0   4   3    1   0   0   0   0   0   0   0   0  29  29   0   2   3   0   0   0   1  13  21  1.12 0.56
  107 E     2   2   0   2  -5   1   4  -3   0  -5  -4   2  -4  -5  -4  -1  -2  -6  -4  -4   16  11   5  10   0   6  26   2   2   0   1  13   0   0   0   4   3   0   0   1  0.54 0.38
  108 K     1   1  -3  -4  -2   0   0  -3   2  -2   0   5   0  -3  -4  -2  -2  -3   0  -2   12   7   1   0   1   3   7   1   4   2  11  37   2   1   0   3   2   0   3   2  0.51 0.38
  109 W     0  -5  -7  -9  -4  -6  -6  -7  -1   0   0  -7   1   0  -9  -5  -7  11   3  -4    9   1   0   0   0   0   0   0   1   6   8   0   4   4   0   1   0  54  10   1  2.51 1.04
  110 Q    -3   4   0  -1  -2   3   4  -4   0  -4  -1   2  -2  -5  -5  -2  -2  -6  -2  -4    2  23   5   3   1  14  23   1   2   1   7  12   1   0   0   1   2   0   1   1  0.66 0.44
  111 A     0  -1   1   2  -6   3   5  -3  -2  -6  -4   1  -4  -7  -5   0  -2  -7  -5  -5   10   3   6  10   0  12  37   2   1   0   2   8   0   0   0   7   2   0   0   0  0.76 0.49
  112 G    -5  -4  -1   0  -6  -5  -3   7  -5  -9  -9  -5  -8  -9  -7  -4  -6  -8  -8  -8    0   1   3   5   0   1   2  86   0   0   0   1   0   0   0   1   0   0   0   0  2.32 0.99
  113 A     2  -6   0  -5   0  -5  -5  -5   2  -1  -3  -3  -5   3  -5  -2  -3   1   7  -1   19   0   5   0   2   0   0   1   4   3   2   2   0  12   0   3   1   1  38   5  1.10 0.61
  114 D    -4  -2  -2   7  -7   0   3  -6  -1  -8  -7   1  -4  -7  -4  -4  -6  -9  -6  -7    1   2   2  60   0   4  19   0   1   0   0   8   0   0   1   0   0   0   0   0  1.71 0.82
  115 M    -4  -6  -3  -4   2  -3  -6  -8  -3   5  -1  -7   2  -5  -7  -4  -3  -7  -5   6    1   0   1   1   3   1   0   0   1  26   3   0   5   0   0   2   1   0   0  53  1.41 0.68
  116 V    -2  -8  -9  -9   0  -8  -8  -9  -9   1  -4  -8  -5  -6  -8  -6  -5  -8  -7   8    3   0   0   0   2   0   0   0   0   7   0   0   0   0   0   0   0   0   0  88  2.45 1.05
  117 L    -1  -5   0  -4  -1  -2  -1  -3   1   0   1  -5  -3   2  -6  -2  -3   2   7   0    6   0   5   1   2   2   4   2   3   5  11   0   0   6   0   2   2   3  40   5  0.91 0.53
  118 A     5  -4  -5  -6   0  -5  -6   5  -6  -5  -6  -5   1  -7  -4  -3   2  -7  -6  -4   39   1   0   0   2   0   0  37   0   0   0   0   4   0   1   1  14   0   0   1  1.25 0.69
  119 K    -2   3  -4  -5  -2   2  -2  -6  -3   3  -2   2  -3  -3  -5  -4  -2  -4   0   4    3  16   0   0   1   8   2   0   0  15   2  12   0   1   0   1   2   0   3  33  0.68 0.45
  120 R    -6   8  -4  -7  -8  -1  -5  -7  -3  -4  -7   2  -6  -5  -6  -5  -6  -4  -5  -4    0  79   0   0   0   3   0   0   1   1   0  11   0   1   0   1   0   0   0   1  2.38 1.03
  121 S     0   3   0  -1  -3   1   1  -2  -1   0  -2   2  -1  -4  -2   1   1  -4  -3   0    6  14   4   3   0   5   8   2   1   7   3  15   1   0   1  11  11   0   0   8  0.22 0.21
  122 D    -1   0   2   4  -3   0   1  -2   1  -4  -5   2  -4  -4  -4   2   0  -4  -3  -3    4   5   9  20   1   4   8   3   3   1   1  15   0   0   0  18   6   0   1   2  0.45 0.34
  123 R    -5   8  -1  -3  -8  -2  -4  -5  -3  -7  -6  -1  -4  -6  -5  -3  -1  -7  -4  -6    1  80   3   2   0   1   1   1   1   0   1   2   0   0   1   2   3   0   1   1  2.23 0.98
  124 S     0   1   0   1  -4   2   2   0   1  -3  -4   3  -3  -5   0   1   0  -5  -3  -3    7   6   5   7   0   9  13   6   3   1   1  20   0   0   4  10   4   0   0   1  0.31 0.25
  125 T    -1   0   0   2  -3   0   0   3   1  -3  -3   0  -2  -2  -2   1   1  -3  -2  -2    5   4   5  10   1   3   7  27   3   1   2   6   1   1   1   8  10   0   1   3  0.29 0.19
  126 D    -2  -3  -1   5  -4  -1   5  -3  -3  -2  -3  -2  -4  -5  -3  -2  -2  -6  -4  -2    3   1   2  32   0   2  39   2   1   3   2   2   0   0   1   2   2   0   1   3  1.05 0.56
  127 G    -2  -2   1  -4  -6  -4  -5   3   0  -6  -6  -2  -4  -5   2   4   3  -5  -5  -5    2   2   7   0   0   0   0  20   2   0   1   2   0   0  11  36  15   0   0   0  0.86 0.57
  128 R    -1   0  -6  -6  -5  -4  -5  -4  -4   0   2   0  -1   5   1  -3  -3   8   0   0    6   6   0   0   0   0   0   2   0   4  18   5   1  22   6   2   1  17   3   5  0.80 0.45
  129 M    -2  -5  -6  -6  -4  -6  -6  -4  -3   2   3  -5   2   6  -3  -3  -3   2  -1   0    3   0   0   0   0   0   0   1   1  11  30   1   4  33   1   3   1   3   1   6  0.97 0.50
  130 K    -4   4  -3  -4  -7  -1  -3  -5  -1  -3  -3   6  -1  -5  -5  -2  -3  -3   0  -4    1  21   1   1   0   2   1   1   1   2   3  54   2   0   0   3   2   0   4   1  1.31 0.69
  131 R    -3   6   0  -4  -5  -1  -3  -3  -3  -4  -2   4  -2  -5  -6   0  -2  -5  -5  -4    2  44   4   1   0   2   1   2   0   1   4  25   1   0   0   7   3   0   0   1  1.12 0.62
  132 K     0  -2  -3  -5  -3  -3  -4  -2  -1   2   2  -1   1   4  -5  -1   1   4   0   1   10   1   1   0   0   1   0   3   1  11  20   4   4  16   0   4   8   6   2   7  0.36 0.26
  133 T     1  -3  -3  -5   2  -4  -5   0  -5  -2   1  -4   0   4  -3   2   4  -3  -2  -2    9   1   1   0   4   0   0   8   0   2  12   1   3  15   1  13  28   0   1   2  0.53 0.40
  134 A     5  -1  -4  -5  -4  -4  -5  -3  -5  -5  -5  -1  -4  -1  -5   5   0  -6   1  -3   39   3   0   0   0   0   0   2   0   1   0   3   0   3   0  36   5   0   5   2  1.00 0.63
  135 E    -1   4   1  -2  -5   0   0  -1   2  -3  -3   4  -3  -2  -4   1  -2   1  -1  -4    6  21   7   1   0   4   6   5   5   1   2  23   0   2   0  10   2   2   2   0  0.47 0.35
  136 W     1  -3  -4  -5   0  -3  -4  -1  -4   2   3  -3   2   2  -5  -1  -1   3  -1   0   14   1   0   0   2   1   0   6   0  12  29   1   5   8   0   5   3   4   1   7  0.39 0.28
  137 F    -4  -8  -9  -9  -6  -9  -9  -5  -5  -6  -5  -9  -3   9  -9  -8  -6  -2   5  -4    2   0   0   0   0   0   0   1   0   0   0   0   1  77   0   0   0   0  16   1  2.86 1.13
  138 Y    -7  -5  -1  -7  -6  -6  -6  -8   2  -7  -7  -6  -6  -1  -9  -6  -8   1  10  -7    0   1   4   0   0   0   0   0   5   0   0   0   0   2   0   0   0   2  85   0  3.22 1.30
  139 K    -2   6  -2  -4  -5  -2  -4  -1   0  -5  -4   4  -4   0  -5  -1  -3   4  -1  -4    4  38   2   1   0   1   0   4   2   1   2  26   0   4   0   4   1   6   3   1  0.98 0.56
  140 L    -2  -6  -7  -7  -2  -6  -6  -5  -5   4   4  -6   1   2  -6  -4  -1  -3  -4   3    3   0   0   0   1   0   0   1   0  21  43   0   3   8   0   1   4   0   0  15  0.99 0.51
  141 H    -3  -5  -4  -7  -4  -4  -6  -6   0   3   3  -6   6   5  -7  -4  -3  -1   0   0    2   0   1   0   0   1   0   0   3  17  27   0  17  20   0   1   2   1   3   5  0.97 0.51
  142 N    -1   3   6   0  -4   1  -2  -1   1  -6  -5   1  -5  -5  -5   1  -2  -7  -2  -5    5  15  36   5   0   5   2   4   3   0   1   8   0   0   0  12   2   0   1   0  0.82 0.50
  143 K     0   4  -3  -4  -3  -1  -2  -3   1  -2   0   3   0   1  -5   0  -1   4   2  -2    7  21   1   0   0   2   1   2   3   2   8  21   2   7   0   6   3   6   6   2  0.43 0.33
  144 I    -2  -5  -4  -6  -2  -5  -6  -4  -6   4   4  -6   4   2  -6  -2  -2  -2  -3   0    3   0   1   0   1   0   0   2   0  19  42   0  10   9   0   3   2   0   1   6  0.90 0.48
  145 S     2  -4  -2  -4  -1  -3  -4  -1  -5  -2  -4  -4  -2  -4  -4   5   3  -6  -4  -1   15   1   1   1   1   1   1   5   0   2   1   0   1   1   0  49  15   0   0   5  0.95 0.58
  146 N    -2   0   2   4  -5  -1   2   3   0  -4  -4   0  -4  -4  -2   0  -1  -6  -1  -4    2   4   8  22   0   2  12  25   2   1   2   5   0   1   1   7   3   0   2   1  0.53 0.36
  147 P    -1  -2  -3  -2  -3  -1  -3  -3   0   3   0  -2   0   1  -1  -2   2  -5   0   4    4   2   1   2   0   3   2   1   2  18   9   3   2   6   4   2  11   0   3  26  0.33 0.26
  148 K    -3   1   2   4  -6   1   2  -3   1  -6  -6   3  -4  -6   2  -1  -1  -6  -3  -4    2   7   9  21   0   5  13   1   4   0   0  17   0   0  10   4   4   0   1   1  0.60 0.40
  149 I    -3  -6  -7  -6  -4  -2  -6  -6  -6   6   3  -6   4   1  -5  -3  -2  -4   0   2    2   0   0   0   0   2   0   0   0  38  22   0   9   6   0   2   2   0   4  12  0.98 0.51
  150 E    -3  -2  -3   1  -5  -1   1  -4  -1   0  -3  -2  -2  -5   6  -2  -1  -6  -4   1    2   2   1   7   0   3   9   1   1   6   3   3   1   0  43   2   4   0   1   9  0.93 0.50
  151 E     0   1   0   0  -3   1   2  -2   0  -2  -1   1  -2  -2   3   0  -1  -3  -1  -1   10   7   4   6   0   6  13   2   2   2   8   8   1   1  16   5   2   0   2   4  0.21 0.19
  152 N    -3  -3   5   4  -7   0  -2   3   2  -7  -6  -3  -5  -6  -6  -1  -3  -7  -2  -7    1   1  30  25   0   4   2  24   4   0   0   1   0   0   0   4   1   0   1   0  1.12 0.60
  153 V     4  -4  -4  -4  -2  -2  -2   0   3   0  -2  -4  -2  -5  -4   1   2  -6  -3   2   30   0   0   0   1   2   2   7   8   4   3   0   1   0   0  11  13   0   1  17  0.53 0.40
  154 G     2  -1  -4  -5  -1  -3  -5   5  -6  -6  -5  -5  -2  -1  -3   2   0  -7  -6  -5   19   3   0   0   2   1   0  46   0   0   1   0   1   3   1  17   6   0   0   0  1.05 0.59
  155 D    -4  -7   1   8  -8  -5  -2  -5  -3  -5  -7  -6  -1  -8  -6  -3  -3  -9  -6  -4    1   0   7  79   0   0   2   1   1   1   0   0   2   0   0   2   2   0   0   2  2.25 1.00
  156 F    -7  -9  -9  -9  -3  -9  -9  -9  -7  -4  -3  -9  -2   9  -9  -7  -8  -5   4  -5    0   0   0   0   1   0   0   0   0   1   2   0   1  82   0   0   0   0  12   1  3.01 1.18
  157 R    -4   8  -4  -7   3  -3  -5  -1  -5  -6  -6   1  -3  -1  -7   0  -6  -7  -3  -4    1  65   0   0   5   1   0   5   0   0   1   8   1   3   0   6   0   0   1   1  1.72 0.84
  158 L    -3  -7  -8  -8  -5  -7  -8  -6  -8   2   6  -7   1  -3  -8  -6  -5  -3  -5   0    3   0   0   0   0   0   0   1   0   9  75   0   3   1   0   0   0   0   0   6  1.68 0.77
  159 M    -5  -6  -7  -8  -5  -6  -7  -8  -7   4   4  -7   8   0  -7  -6  -5  -6   1   0    1   0   0   0   0   0   0   0   0  19  33   0  31   4   0   0   0   0   4   6  1.49 0.71
  160 S    -5   1   1   6  -7  -4  -4  -3  -1  -8  -8  -2  -7  -8  -6   4   0  -8  -7  -6    0   6   6  45   0   0   0   2   1   0   0   2   0   0   0  32   5   0   0   0  1.41 0.76
  161 R    -3   8  -2  -5  -9  -1  -4  -6  -4  -6  -7   3  -7  -7  -3  -3  -6  -8  -6  -8    3  72   2   0   0   3   0   0   0   0   0  15   0   0   1   2   0   0   0   0  2.14 0.97
  162 A    -1   5  -1  -2  -1   2   0  -5  -2  -5  -5   5  -4  -6  -2  -1  -2  -7  -4  -2    4  25   2   2   1   8   6   0   1   0   1  35   0   0   3   5   2   0   1   3  0.87 0.52
  163 V     3  -7  -7  -8  -1  -6  -7  -7  -6   0  -3  -7   0  -3  -5  -4  -2  -7  -1   7   20   0   0   0   1   0   0   0   0   5   1   0   2   1   0   1   2   0   2  64  1.54 0.77
  164 V     0  -3  -6  -7  -1  -5  -6  -7  -4   3   1  -4  -1  -5  -7  -5  -3  -7  -1   6    9   2   0   0   1   1   0   0   0  16  14   1   1   0   0   0   1   0   2  51  1.14 0.59
  165 E    -2  -1   3   6  -5   1   3  -5  -1  -5  -3   0  -5  -6  -6  -2  -2  -8  -6  -5    3   4  11  42   0   7  17   0   1   0   3   6   0   0   0   2   2   0   0   1  1.04 0.58
  166 N     4  -2  -1  -3  -2  -1   1  -3  -1   0  -2  -2  -2  -3  -4   0   0  -1  -2   2   39   2   3   1   1   3  10   1   2   6   3   2   1   1   0   6   5   1   2  12  0.43 0.35
  167 I    -5  -7  -7  -8  -4  -7  -7  -8  -6   4   5  -7   1   3  -7  -7  -5   0   1   1    0   0   0   0   0   0   0   0   0  21  49   0   3  11   0   0   0   1   4   9  1.24 0.60
  168 K    -1   3   3  -4   2  -1  -3  -4  -4   0   2   3  -1  -4  -5  -1  -1  -6  -5  -1    4  16  14   0   4   2   1   1   0   4  25  16   1   0   0   4   3   0   0   5  0.42 0.33
  169 Q     1   1   1  -1  -1   3   1  -2  -2  -5  -2   1  -2  -5  -4   2   0  -6  -4  -4   13   9   8   3   1  16   8   3   1   0   5  10   1   0   0  19   5   0   0   0  0.39 0.33
  170 M    -5  -6  -6  -7   2  -5  -6  -8  -2   1   4  -6   7   4  -7  -4  -4  -3   2  -2    0   0   0   0   4   0   0   0   1   6  37   0  25  15   0   1   1   0   8   2  1.28 0.64
  171 P    -3   3   0   0  -7  -1  -1  -1   1  -6  -6   2  -6  -7   6  -1  -1  -7  -6  -5    1  15   5   5   0   3   4   6   3   0   0  12   0   0  37   4   4   0   0   0  0.97 0.56
  172 E    -6  -5  -5   1 -10  -3   8  -5  -6  -9  -9  -5  -8  -9  -7  -5  -5  -9  -8  -7    0   0   0   6   0   1  90   1   0   0   0   0   0   0   0   0   0   0   0   0  2.67 1.20
  173 R    -3   6   0  -3  -4   2  -2  -4   3  -5  -5   2  -4  -4  -3   0   0  -6   2  -2    1  36   4   1   0   8   2   1   6   0   0  13   0   1   2   8   5   0   7   3  0.79 0.49
  174 N    -2   0   6   1  -4   1   0  -2   5  -4  -4  -2  -3  -3  -4   1  -1  -7  -1  -3    3   4  36   8   0   6   5   3  12   1   1   2   1   1   1   8   4   0   2   2  0.79 0.49
  175 L    -4   7  -5  -6  -7  -2  -5  -5  -3  -2   1   0  -2  -3   1  -3  -1  -3  -3  -3    1  57   0   0   0   1   0   1   1   3  13   4   1   1   7   2   4   0   1   2  1.31 0.70
  176 F    -5  -8  -4  -8  -6  -7  -8  -6  -1  -2  -3  -8   0   8  -7  -3  -4  -4   6  -2    1   0   1   0   0   0   0   1   1   2   2   0   3  62   0   2   1   0  20   3  2.18 0.93
  177 M    -4  -5  -3  -6  -4  -5  -6  -6  -3   2   3  -5   4   4  -5   0   0  -3   2   1    0   0   2   0   0   0   0   0   1  11  31   0  12  15   0   8   5   0   6   8  0.74 0.44
  178 K    -4   7  -4  -5  -8  -2  -4  -4  -4  -6  -5   4  -4  -2   1  -3  -3  -5  -5  -4    1  56   0   0   0   1   0   2   0   0   1  23   0   2   7   2   1   0   0   1  1.58 0.79
  179 G     0  -7  -4  -7  -5  -6  -5   7  -7  -5  -2  -7  -4  -5  -7  -3  -4  -8  -6  -3    8   0   1   0   0   0   1  79   0   1   5   0   1   1   0   2   1   0   0   2  1.97 0.89
  180 V    -4  -6  -7  -4  -6  -2  -6  -8  -7   3   5  -6   5  -1  -7  -6  -3  -6  -3   0    1   0   0   1   0   2   0   0   0  17  53   0  15   3   0   0   1   0   1   4  1.31 0.65
  181 L    -2   2  -5  -6  -3  -5  -6  -6  -5   4   0  -5   0   4  -6  -3  -1  -2   2   3    2  10   0   0   0   0   0   0   0  23   9   0   2  19   0   2   3   0   6  22  0.77 0.44
  182 S     3  -1   0  -1   0   0  -1  -1   1  -4  -3  -2  -1  -3   2   3  -1  -6  -2  -3   25   3   4   3   2   4   3   4   3   1   3   1   2   1  11  23   4   0   1   1  0.39 0.34
  183 W    -5  -5  -2  -5  -8  -4  -4  -8  -2  -4  -3  -5  -3  -1  -9  -2  -3  12   1  -8    1   1   2   1   0   1   2   0   1   1   3   1   1   2   0   4   2  74   4   0  3.50 1.34
  184 V    -1  -6  -6  -7  -3  -5  -6  -5  -7   4   3  -6   3  -2  -3  -3  -1  -6  -3   5    5   0   0   0   0   0   0   1   0  20  24   0   8   1   1   2   4   0   1  33  0.95 0.51
  185 G    -3  -8  -5  -6  -8  -7  -6   8  -5 -10  -9  -7  -8  -9  -8  -3  -7  -8  -9  -8    1   0   0   0   0   0   1  95   0   0   0   0   0   0   0   2   0   0   0   0  2.77 1.13
  186 G    -6  -5  -5  -8  -8  -8  -8  -3  -4  -6  -1  -7  -3   9  -9  -6  -7  -3   4  -5    0   1   1   0   0   0   0   2   0   0   5   0   1  74   0   0   0   0  14   1  2.60 1.05
  187 K    -3   5   2  -1  -5  -1   0  -5   0  -7  -6   5  -6  -7   2  -1  -2  -7  -6  -6    1  25  10   3   0   2   5   0   2   0   0  32   0   0  11   5   3   0   0   0  0.96 0.56
  188 T    -2   1  -3  -4  -3   6  -2  -5   0  -3  -5   0  -4  -4  -2   2   3  -6  -1  -1    3   7   1   0   1  32   1   0   3   2   1   6   0   0   2  17  16   0   3   5  0.75 0.53
  189 D     1  -1  -3  -1   1  -2   1  -1  -2   1  -2   2  -2  -3  -4   0   3  -5  -1   1   14   2   0   3   3   1   9   4   1  10   2  12   0   1   0   5  21   0   2  12  0.28 0.28
  190 V     0  -2  -2  -2  -1   0   0   2  -2   0  -2  -1  -1   0  -1   0   1   1   2   0    9   2   1   1   1   3   8  17   1   6   2   4   1   4   3   7  12   2   8   8  0.13 0.17
  191 V    -5  -7  -8  -8  -4  -7  -7  -8  -6   6   2  -7   0  -1  -7  -7  -5  -7  -4   5    0   0   0   0   0   0   0   0   0  36  15   0   2   3   0   0   0   0   0  42  1.56 0.71
  192 K    -2  -2  -1   1  -5  -1   4  -4  -1  -4  -2  -1  -4  -2   5  -1  -1  -2   2  -2    3   2   3   8   0   2  27   1   1   1   4   4   0   1  24   4   5   0   8   2  0.64 0.44
  193 Y    -6  -8  -7  -7  -4  -6  -8  -9  -2  -1  -4  -8  -3   6  -9  -7  -5  -3   9   1    0   0   0   0   0   0   0   0   1   4   1   0   1  24   0   0   0   0  58   9  2.34 1.00
  194 A    -1   0  -1   4  -4   1   4  -4   1  -2  -4   1  -2  -5  -3  -1   1  -6  -4   0    4   4   3  20   0   6  25   1   3   2   0   7   1   0   1   5   9   0   0   8  0.48 0.36
  195 R     0   6   0  -4  -4  -2  -3  -6   4  -3  -5  -2  -3  -5   1  -3  -4  -3  -3   1    9  48   5   1   0   1   1   0   9   1   0   1   0   0   8   1   1   0   1  10  1.11 0.63
  196 A     1   0   0   2  -3   2   2   0   0  -3  -3   1  -3  -4   3  -1  -2  -5  -4  -2   14   6   4  11   0   8  14   7   3   1   2   7   0   0  14   3   2   0   0   4  0.31 0.26
  197 E     2   0  -2   0  -5   0   4  -3  -2  -4  -5   2  -4  -6   3  -1  -3  -7  -6  -3   16   4   2   5   0   3  30   2   1   1   1  14   0   0  15   3   1   0   0   2  0.65 0.45
  198 R    -7   9  -6  -8 -10  -5  -6  -7  -4  -9  -8  -3  -7  -9  -7  -5  -7  -9  -8  -9    0  97   0   0   0   0   0   0   0   0   0   0   0   0   0   1   0   0   0   0  3.29 1.33
  199 V     1  -1  -1  -2  -3   0   0  -2   2   0   0   0   1   3  -1   0   0  -2   2   0   14   3   2   1   0   5   7   1   5   5   7   5   3  13   3   5   5   0   6   8  0.11 0.14
  200 A     5  -1  -1  -1  -3  -2  -1  -1   3  -2  -4   0  -2  -1  -5   1  -2  -4   0  -2   42   3   3   3   0   2   4   5   7   3   1   6   1   3   0  11   2   0   3   2  0.51 0.39
  201 G    -5  -6  -3  -4  -8  -6  -7   8  -8 -10  -9  -6  -8  -9  -8  -4  -7  -8  -9  -9    0   0   1   1   0   0   0  95   0   0   0   0   0   0   0   1   0   0   0   0  2.77 1.13
  202 D    -2   2  -1  -1  -4   1   3  -4   1  -4  -5   4  -4  -5  -4   1   2  -6  -4   0    3   9   2   2   0   6  22   1   3   1   0  25   0   0   0   8  11   0   0   7  0.58 0.42
  203 S    -2  -6  -5  -5  -5  -6  -5  -4  -6  -6  -7  -6  -7  -8   0   6   5  -8  -7  -5    2   0   0   0   0   0   0   1   0   0   0   0   0   0   6  60  30   0   0   0  1.77 0.94
  204 K    -3   1  -1  -5  -7  -1  -3  -1   1  -6  -7   7  -4  -5  -5   2  -1  -5  -5  -5    2   6   2   0   0   2   0   5   3   0   0  59   0   1   0  13   4   0   0   1  1.36 0.73
  205 F    -4  -7  -3  -8  -8  -3  -6  -7  -3  -6  -6  -8  -2   5  -9  -5  -5   9   8  -3    2   0   2   0   0   2   0   0   1   0   0   0   1  18   0   1   1  24  47   2  2.41 1.02
  206 N    -3  -1   4  -2  -5  -4  -4   0  -3  -6  -6  -2  -6  -5   3   5   3  -7  -5  -6    1   3  18   2   0   0   0   6   0   0   0   2   0   0  13  38  16   0   0   0  1.00 0.63
  207 G    -3  -4  -4  -7  -6  -5  -6  -4  -5   1   4  -5   1   6  -2  -4  -1   2   2  -1    2   1   1   0   0   0   0   2   0   6  32   1   3  33   2   1   3   3   6   4  0.96 0.51
  208 W    -1   3  -3  -4  -5  -2  -3   0  -1  -2   0   2  -1   2  -2   1   0   6  -2  -3    5  19   1   0   0   1   0   7   2   2   9  15   1   8   2  10   5  10   1   2  0.41 0.32
  209 K    -2   3  -2  -2  -7  -1  -3  -2   0  -6  -7   7  -3  -7  -4   0  -2  -5  -4  -5    3  15   2   2   0   3   0   4   2   0   0  57   1   0   1   8   2   0   0   0  1.32 0.70
  210 L    -5   0  -3  -7  -5  -3  -6  -6  -6  -3   5  -1   7  -4  -6  -1  -5  -6  -1  -3    0   5   2   0   0   1   0   0   0   1  53   4  25   0   0   4   0   0   2   1  1.37 0.71
  211 W    -2  -5  -7  -7  -2  -5  -6  -6  -5   4   3  -6   2   4  -6  -3  -2   4  -2   2    3   0   0   0   1   0   0   0   0  19  30   0   5  19   0   2   2   6   1  12  0.89 0.47
  212 N    -1   4   3   0  -5   0  -1  -1   0  -4  -3   3  -4  -4  -4   1  -2  -1  -3  -4    5  22  14   5   0   3   3   5   3   1   2  21   0   1   0  10   2   1   1   1  0.54 0.38
  213 L    -4  -6  -5  -6  -6  -5  -6  -7  -1  -2   5  -5   0   4  -7  -6  -4   2   4  -3    1   0   1   0   0   1   0   0   1   1  57   0   2  16   0   0   1   2  15   1  1.38 0.68
  214 A     7  -7  -4  -7  -5  -5  -6   0  -7  -6  -5  -6  -6   0  -6   1  -2  -4  -6  -4   76   0   1   0   0   0   0   6   0   0   1   0   0   4   0   9   2   0   0   1  1.71 0.87
  215 L    -2  -3  -5  -5  -3  -5  -4  -5  -5   4   3  -2   2   3  -6  -3  -1   3  -2   2    3   1   0   0   0   0   1   1   0  22  30   3   5  11   0   2   4   4   1  11  0.64 0.37
  216 E    -3  -1   4   6  -5  -1   1  -3  -1  -5  -5  -1  -4  -6  -6  -1   0  -6  -5  -4    2   4  17  46   0   2  10   1   1   1   1   3   0   0   0   5   5   0   0   1  1.11 0.60
  217 G     3  -5  -1  -6  -4  -6  -6   6  -5  -2  -3  -5  -3  -5  -6   1  -1  -5  -3  -4   20   1   3   0   0   0   0  54   0   3   2   0   1   0   0  11   3   0   1   1  1.21 0.64
  218 I    -4  -7  -8  -8  -5  -7  -8  -8  -7   7   2  -7   2   1  -7  -5  -3  -7  -4   2    1   0   0   0   0   0   0   0   0  57  17   0   5   6   0   0   2   0   0  12  1.57 0.70
  219 T    -2  -6  -5  -6  -2  -5  -6  -6  -6   2   1  -6   1   3  -6  -2   5  -6  -3   2    2   0   0   0   1   0   0   0   0  12  14   0   3  13   0   2  39   0   0  14  0.96 0.57
  220 S     2  -5   0  -3  -1  -3  -5   1  -4  -6  -6  -5  -6  -5  -5   6  -2  -5  -4  -6   15   0   5   1   2   1   0   9   0   0   0   0   0   0   0  63   2   0   1   0  1.38 0.78
  221 F    -5  -7  -3  -8  -4  -3  -7  -6   1  -4  -2  -8  -2   9  -9  -3  -4  -5   3  -5    1   0   2   0   0   1   0   1   3   1   4   0   1  75   0   3   1   0   7   1  2.37 0.98
  222 S    -4  -6  -2  -6  -7  -6  -6  -5  -7  -7  -8  -6  -7  -8  -7   7   2  -8  -7  -7    0   0   2   0   0   0   0   0   0   0   0   0   0   0   0  86  11   0   0   0  2.34 1.14
  223 T     0  -2   1   1  -3  -2  -2  -3  -1   1  -1  -1  -1   0  -2   1   3  -4   2   1    6   2   7   7   0   1   2   1   1  10   5   3   1   3   1  10  22   0   8   8  0.23 0.24
  224 F     1   1  -4  -5  -4  -2  -3  -4  -4   1   1   3   1   2  -4  -2  -1   2  -2   2   14   7   0   0   0   1   1   0   0   6  14  23   4   8   0   1   4   3   1  13  0.37 0.30
  225 P    -6  -8  -8  -8  -9  -7  -7  -7  -8  -9  -4  -7  -6  -7   9  -6  -6 -10  -9  -8    0   0   0   0   0   0   0   0   0   0   2   0   0   0  96   0   0   0   0   0  3.46 1.39
  226 L    -5  -7  -8  -9  -6  -7  -8  -9  -8   2   7  -7   0  -4  -8  -7  -6  -7  -6  -2    1   0   0   0   0   0   0   0   0  11  84   0   2   0   0   0   0   0   0   1  2.05 0.89
  227 R    -4   7  -4  -4  -8   1  -2  -6   1  -4  -4   3  -3  -4  -6  -3  -2  -5   1  -5    1  56   1   1   0   6   2   0   3   1   2  15   1   1   0   1   3   0   5   1  1.45 0.72
  228 I    -2  -6  -7  -7  -2  -6  -6  -6  -5   4   4  -6   3   3  -5  -4  -4   2  -1   1    4   0   0   0   1   0   0   1   0  21  38   0   8  12   0   1   1   3   2   8  0.93 0.48
  229 W     3  -5  -5  -5   1  -5  -5  -2  -5   3  -1  -5   2   0  -3   1  -1   5  -4   2   26   0   0   0   3   0   0   3   0  20   5   0   5   4   2  12   3   7   0  12  0.57 0.39
  230 T    -1  -4  -3  -5  -4  -4  -5   0  -4   2   0  -3   1   1  -4   3   4  -2  -2   0    5   1   0   0   0   0   0   6   0  10   8   1   4   7   1  22  27   1   1   5  0.53 0.41
  231 Y    -1  -1  -3  -6  -3  -3  -5  -2  -1   2   1  -1   0   2  -5  -3  -2   5   6   1    6   3   1   0   0   1   0   4   1   9  15   4   2   8   0   1   2   7  25   9  0.59 0.37
  232 I     0  -6  -6  -6   0  -5  -6  -3  -6   3   4  -6   2   3  -6  -3  -1  -2  -4   2    8   0   0   0   2   0   0   2   0  18  36   0   4  13   0   2   4   1   0  11  0.75 0.42
  233 G    -1  -8  -6  -7  -4  -7  -7   8  -8  -9  -7  -7  -8  -9  -8  -2  -5  -4  -8  -8    4   0   0   0   0   0   0  91   0   0   0   0   0   0   0   4   0   0   0   0  2.57 1.06
  234 L     0  -6  -5  -6  -2  -5  -6  -1  -5   2   3  -5   2   5  -6  -2  -2  -3  -2   1    9   0   0   0   1   0   0   5   0  13  29   0   5  21   0   3   2   0   0  11  0.68 0.40
  235 F     1  -5  -5  -6  -1  -5  -5   0  -5   3   3  -5   1   3  -5  -2   0  -1  -2   2   10   0   0   0   1   0   0   7   0  16  25   0   3  14   0   3   5   1   0  14  0.52 0.33
  236 I    -1  -5  -4  -5   0  -4  -5  -1  -5   4   2  -5   3   2  -4   0   1  -4  -3   3    5   0   0   0   2   0   0   4   0  21  17   0   6   9   1   7   9   0   0  17  0.49 0.33
  237 A     3  -5  -4  -5   1  -4  -5  -1  -5   0   0  -5   0   3  -5   4   1  -2  -3  -1   25   0   0   0   3   0   0   4   0   5   8   0   3  12   0  28   7   1   0   4  0.60 0.44
  238 G     1  -4  -5  -6   0  -5  -5   0  -5   2   3  -5   1   4  -5  -1  -1  -4  -3   1   11   1   0   0   2   0   0   9   0  13  28   0   3  15   0   5   4   0   0  10  0.50 0.33
  239 M     0  -5  -5  -6   0  -5  -5  -1  -5   3   3  -5   1   3  -3  -1  -1  -3  -3   2    9   0   0   0   2   0   0   6   0  14  32   0   3  13   1   4   3   0   0  13  0.55 0.34
  240 S     4  -6  -4  -4   1  -5  -5   3  -6  -5  -5  -5  -4  -3  -5   5   0  -5  -6  -5   27   0   0   0   3   0   0  18   0   0   1   0   0   1   0  45   4   0   0   0  1.18 0.68
  241 F    -1  -6  -6  -7  -1  -6  -6  -3  -6   2   2  -6   1   6  -6  -2  -2  -2  -2   1    7   0   0   0   2   0   0   3   0  12  21   0   3  35   0   3   3   0   0  10  0.93 0.49
  242 L     0  -6  -6  -6   1  -5  -6   0  -6   3   4  -5   0   1  -5  -3  -2  -3  -4   2    9   0   0   0   3   0   0   7   0  18  37   0   2   6   0   2   1   0   0  14  0.68 0.40
  243 Y     0  -5  -5  -6  -4  -5  -4   0  -3   1   2  -5   2   3  -6  -3  -3   0   6   0    9   0   0   0   0   0   1   7   0   7  19   0   5  10   0   2   2   1  31   6  0.78 0.46
  244 G     3  -5  -4  -5  -4  -5  -5   3  -5   2   1  -5   1   1  -5   0  -2  -5  -4  -1   25   0   0   0   0   0   0  25   0  12  14   0   4   5   0   7   2   0   0   4  0.57 0.39
  245 A     1  -5  -5  -6   1  -5  -5  -1  -6   4   3  -5   0   2  -4  -2  -2  -5  -4   2   12   0   0   0   2   0   0   6   0  22  29   0   2   7   1   3   2   0   0  14  0.60 0.37
  246 W    -1  -3  -4  -3  -5  -1  -4  -2  -2   1  -1  -3  -1   4  -6  -3  -3   6   7   1    4   1   1   1   0   3   1   3   1   8   6   1   1  14   0   2   2  10  32   9  0.93 0.50
  247 M     1  -3  -3  -4  -3  -2  -4  -4  -3   3   1  -4   2   0  -5   0   1  -2   2   2   14   1   1   0   0   2   1   1   1  19  13   0   5   4   0   6  10   0   6  17  0.39 0.28
  248 I    -1  -5  -6  -7  -3  -5  -6  -4  -6   4   4  -5   0   2  -6  -4  -1  -4  -4   3    5   0   0   0   1   0   0   2   0  21  36   0   2   9   0   1   3   0   0  19  0.86 0.45
  249 I     0  -5  -6  -6  -2  -5  -6  -2  -4   4   1  -5   0   3  -6  -3  -2   3   4   3    6   0   0   0   1   0   0   3   0  24  11   0   1  11   0   2   2   4  13  22  0.72 0.41
  250 D     0   2   0   0  -2   1   1  -1   0  -1   0   1   1  -2  -3   1  -1  -1  -1  -1    8  12   4   6   1   8   8   5   2   4   8   9   6   1   0   9   2   1   2   3  0.10 0.12
  251 K     0   3  -2  -4  -4  -1  -3  -3   2  -3  -4   4  -2  -1  -4  -1   1   4   4  -2    9  15   1   0   0   2   0   2   4   1   1  25   1   3   0   4  10   5  13   3  0.56 0.39
  252 L    -2  -5  -5  -5  -3  -4  -5  -5  -3   3   4  -5   0   4  -5  -3  -3   3   1   0    3   0   0   1   0   0   0   1   1  14  39   1   2  19   0   2   2   3   4   6  0.83 0.42
  253 I     0  -3  -3  -5   0  -4  -4  -4  -3   3   2  -4   2   5  -4  -3   0   0   0   2    8   2   1   0   2   1   1   1   0  15  16   1   4  27   1   2   5   1   2  12  0.59 0.34
  254 F    -2  -1   1  -2  -3  -1  -2   0   2  -1   1  -2   0   4  -3   0   1   1   2  -1    2   3   7   2   0   2   1   9   5   2  12   2   3  17   1   6  10   2   8   5  0.20 0.19
  255 G    -2  -3   1   1  -6  -2  -2   6   1  -3  -4  -2  -5  -5   0  -1  -3   0  -3  -4    2   1   6   7   0   2   3  53   4   2   1   2   0   0   5   5   1   1   1   1  0.94 0.51
  256 N    -1   0   2   1  -3   1   0  -1   1   1  -1   0  -1  -2  -1   0   1  -1  -1   0    4   5  13   8   0   6   7   4   4  10   3   4   1   2   2   7   8   1   2   9  0.10 0.12
  257 N     2  -2   0   1  -4  -1  -1  -2  -1  -2  -2  -2  -2  -2   3   1   2  -4  -2   0   18   2   4  10   0   2   4   2   2   2   3   2   1   2  17   8  14   0   1   7  0.32 0.27
  258 V    -1  -4  -4  -5  -5  -3  -3  -5  -6   3   0  -4  -1   0   1  -3   0   0  -2   5    5   1   1   0   0   1   2   0   0  17   8   1   1   4   8   2   5   1   2  42  0.75 0.44
  259 P     0  -1  -2  -1  -5   1   0  -3  -1  -3  -3  -1  -4  -4   6   2   0  -1  -4  -3    9   4   1   3   0   6   7   1   1   2   3   3   0   1  35  14   6   1   0   1  0.71 0.45
  260 G    -3  -6  -4  -5  -7  -6  -6   7  -5  -5  -5  -5  -4  -6  -4  -3  -6  -2  -5  -7    2   0   1   0   0   0   0  87   0   1   2   0   1   0   1   1   0   1   0   0  2.31 0.95
  261 Y    -5  -7  -5  -8  -7  -4  -6  -6  -5  -2  -1  -6  -4   5  -6  -4  -3  11   5  -3    1   0   1   0   0   1   0   1   0   2   5   1   0  18   0   2   2  45  18   2  2.36 0.95
  262 P     4  -4  -3  -5  -4  -3  -4  -2  -5  -3  -3  -4  -2  -2   3   1   5  -4  -3  -2   30   0   1   0   0   1   1   2   0   1   2   1   1   2  13   9  31   0   1   2  0.82 0.53
  263 S    -1  -5  -3  -4  -5  -4  -4  -3  -5  -4  -3  -4  -2  -1  -2   5   5   1  -4  -3    5   0   1   0   0   1   0   1   0   1   3   0   1   3   2  48  29   2   0   1  1.18 0.69
  264 L    -3  -6  -5  -6  -5  -4  -6  -5  -6   4   5  -6   2  -2  -4  -5   2  -6  -5   2    2   0   0   0   0   1   0   1   0  21  45   0   4   1   1   0  12   0   0  12  0.99 0.52
  265 L     0  -6  -4  -6  -3  -5  -5  -3  -5   5   1  -5   6   1  -6  -3  -1  -4  -3   3    7   0   1   0   0   0   0   2   0  29  11   0  19   5   0   2   4   0   1  18  0.88 0.48
  266 V     1  -5  -3  -4   1  -4  -4  -2  -5   3   2  -5   0   0  -4   0   1  -5  -4   4   13   0   1   1   3   0   0   3   0  16  16   0   2   4   0   6   7   0   0  27  0.50 0.33
  267 S     2  -5  -4  -5  -1  -4  -4  -1  -5   2   2  -4   0   0  -2   2   1  -5  -4   2   17   0   0   0   1   0   0   4   0  10  23   0   2   4   2  15   8   0   0  14  0.41 0.32
  268 V    -3  -6  -2  -6  -5  -2  -5  -5  -4   6   2  -5   3  -2  -6  -4  -1  -6  -5   4    1   0   2   0   0   2   0   1   0  39  18   0   6   2   0   1   4   0   0  23  1.02 0.52
  269 L    -1  -5  -5  -6   0  -5  -5  -4  -5   0   4  -5   2   3  -6   0   0   4   0   0    5   0   0   0   2   0   0   1   0   3  44   0   5  10   0   8   6   5   3   6  0.71 0.43
  270 F    -3  -7  -7  -7  -4  -7  -7  -2  -6   2   2  -7   0   8  -7  -5  -4  -2  -2   0    2   0   0   0   0   0   0   4   0   9  19   0   2  55   0   1   1   0   0   6  1.58 0.71
  271 L    -3  -6  -4  -7  -1  -6  -6  -4  -5   3   4  -6   2   5  -6  -2  -2  -5  -2   1    2   0   1   0   1   0   0   1   0  15  38   0   5  23   0   3   3   0   1   8  0.92 0.48
  272 G     0  -6  -2  -5  -2  -5  -6   6  -5  -1  -3  -5  -2   2  -6   2  -2  -4  -5  -3    7   0   2   0   1   0   0  55   0   3   2   0   1   7   0  16   2   0   0   2  1.15 0.61
  273 G     0  -7  -5  -6  -4  -6  -7   7  -7  -7  -8  -6  -6  -6  -7   2  -3  -7  -8  -6    7   0   0   0   0   0   0  76   0   0   0   0   0   0   0  13   2   0   0   0  2.01 0.89
  274 V    -1  -6  -6  -7  -2  -5  -6  -5  -6   5   3  -6   2   1  -6  -3  -2  -6  -4   4    4   0   0   0   1   0   0   1   0  27  24   0   4   4   0   1   3   0   0  30  0.98 0.50
  275 Q    -5  -5   2  -5  -5   7  -3  -6  -3   3   1  -4  -1  -6  -6  -4  -1  -7  -6  -1    0   0   8   0   0  54   1   0   0  14  12   0   1   0   0   1   4   0   0   4  1.46 0.79
  276 L    -3  -6  -5  -8  -4  -6  -7  -7  -7   1   5  -7   5   3  -7  -3  -3  -6  -4  -3    2   0   0   0   0   0   0   0   0   8  60   0  14   9   0   2   2   0   0   1  1.40 0.68
  277 I    -2  -6  -6  -7  -1  -5  -6  -6  -6   4   4  -6   3   4  -6  -3   0  -5  -3   1    3   0   0   0   1   0   0   0   0  24  33   0   6  16   0   2   5   0   0   8  0.92 0.48
  278 G     2  -5  -2  -5   5  -4  -5   1  -4   0  -1  -4   3   2  -5   3   0  -5  -3   0   14   0   1   0  11   0   0  11   0   5   5   0   7  10   0  23   5   0   1   6  0.49 0.37
  279 I    -5  -7  -5  -8  -5  -3  -7  -8  -6   4   5  -7   2  -2  -7  -6  -2  -6  -5   0    0   0   0   0   0   1   0   0   0  24  60   0   5   2   0   0   3   0   0   4  1.43 0.67
  280 G    -2  -6  -6  -7  -5  -7  -7   8  -5  -9  -9  -7  -8  -7  -7  -1  -5   0  -4  -8    3   0   0   0   0   0   0  88   0   0   0   0   0   0   0   4   1   1   1   0  2.44 1.01
  281 I    -5  -7  -7  -8  -4  -6  -7  -7  -7   7   1  -7   2  -2  -7  -6  -4  -7  -6   4    0   0   0   0   0   0   0   0   0  51  12   0   4   2   0   0   1   0   0  28  1.60 0.71
  282 L    -4  -7  -5  -8  -4  -5  -7  -8  -7   6   4  -6   3  -2  -7  -6  -4  -6  -5   2    1   0   0   0   0   0   0   0   0  44  31   0   5   2   0   0   1   0   0  14  1.40 0.64
  283 G    -1  -8  -4  -7  -8  -7  -7   7  -7  -9  -8  -7  -8  -8  -7  -1  -6  -8  -8  -8    6   0   1   0   0   0   0  88   0   0   0   0   0   0   0   4   0   0   0   0  2.46 1.01
  284 E    -2  -3  -4  -2  -6   0   7  -6  -2   0   0  -2  -3  -4  -6  -3  -3  -7  -2  -3    3   1   0   1   0   3  64   0   1   5  10   2   1   1   0   1   1   0   1   2  1.32 0.72
  285 Y    -8  -8  -9 -10  -4  -8  -9 -10  -5  -8  -8  -8  -7  -3 -10  -7  -8  -4  10  -8    0   0   0   0   0   0   0   0   0   0   0   0   0   0   0   0   0   0  99   0  4.05 1.51
  286 I    -4  -7  -8  -8  -5  -6  -7  -8  -7   6   3  -7   0  -3  -7  -6  -4  -7  -5   4    1   0   0   0   0   0   0   0   0  39  30   0   2   1   0   0   1   0   0  26  1.44 0.65
  287 G     3  -4  -4  -5  -4  -4  -4   6  -3  -5  -5  -5  -4  -3  -6   1  -4   4  -2  -4   20   1   1   0   0   1   1  54   1   1   1   0   0   1   0  11   1   5   2   1  1.24 0.64
  288 R    -3   7  -2  -5  -5   0  -4  -5   0  -4  -4   4  -2  -6  -6  -3  -4  -5  -4  -4    2  57   2   0   0   3   1   1   2   1   1  23   1   0   0   1   1   0   0   1  1.59 0.76
  289 I    -3  -7  -3  -7  -3  -6  -6  -5  -7   7   0  -7   2  -5  -7  -5   0  -7  -6   2    2   0   2   0   0   0   0   1   0  64   7   0   4   0   0   1   7   0   0  11  1.61 0.72
  290 Y    -5  -7  -3  -8  -5  -7  -7  -7   4  -4  -1  -6  -2   6  -8  -6  -6  -1   8  -3    1   0   2   0   0   0   0   0   8   1   7   0   1  31   0   0   0   0  47   2  2.07 0.88
  291 I    -1   0   1   3  -4   0   3  -3  -1   0  -1   0   1  -2  -4  -1   0  -3  -1  -1    3   4   6  20   0   3  19   1   2   7   7   4   4   1   0   4   6   0   2   4  0.28 0.24
  292 E    -2  -5  -2  -2  -9   4   7  -4  -4  -6  -7  -4  -6  -9  -6  -4  -4  -8  -7  -8    3   0   2   2   0  15  74   2   0   0   0   0   0   0   0   1   1   0   0   0  2.05 0.97
  293 T     0  -6  -3  -5  -4  -3  -5  -3  -6   1  -1  -5  -1  -5  -6   2   3  -7  -5   5    8   0   1   0   0   1   0   2   0   7   4   0   1   0   0  13  17   0   0  45  0.91 0.54
  294 K    -5   3  -4  -6  -8   2  -4  -7  -6  -5  -4   7  -2  -5  -6  -4  -5  -8  -7  -5    0  15   0   0   0   9   0   0   0   1   2  69   1   0   0   1   0   0   0   1  1.95 0.90
  295 Q     0   3   3   0  -4   3  -1   3   3  -6  -5   2  -3  -5  -4  -1  -4  -6  -4  -5    8  16  16   4   0  11   2  20   6   0   0  11   1   0   0   3   0   0   0   0  0.61 0.40
  296 R    -7   9  -6  -6  -9  -4  -6  -8  -4  -9  -7  -2  -4  -6  -7  -7  -7  -5  -8  -8    0  95   0   0   0   0   0   0   0   0   0   2   0   0   0   0   0   0   0   0  3.12 1.24
  297 P    -6  -8  -8  -8  -9  -5  -7  -8  -8  -9  -9  -5  -6 -10   9  -6  -7 -10  -9  -9    0   0   0   0   0   1   0   0   0   0   0   1   0   0  98   0   0   0   0   0  3.62 1.40
  298 K    -2   3   0  -3  -3   0  -2  -4   2   2   3  -1   0  -2  -1  -2  -1  -5  -2   0    3  16   4   1   0   4   1   1   5  10  33   4   2   1   4   3   4   0   1   5  0.32 0.27
  299 Y    -5  -8  -8  -9  -8  -7  -8  -8  -3  -6  -6  -8  -6   5  -9  -5  -4   0  10  -4    1   0   0   0   0   0   0   0   0   0   0   0   0  18   0   1   1   1  76   1  3.01 1.18
  300 I    -4  -6  -6  -7  -4  -6  -7  -7  -3   6   2  -7  -2   2  -7  -5  -4  -4  -3   3    1   0   0   0   0   0   0   0   1  49  19   0   0   7   0   1   1   0   1  19  1.36 0.62
  301 L    -3  -7  -8  -8  -5  -6  -5  -8  -8   6  -1  -6  -2  -4  -7  -7  -4  -7  -6   6    2   0   0   0   0   0   1   0   0  44   5   0   0   0   0   0   1   0   0  46  1.77 0.77
  302 K     1   4  -1   2  -6   1   3  -3  -3  -6  -6   3  -3  -6  -5   1  -3  -4  -5  -5   11  22   2  13   0   6  17   1   0   0   0  17   1   0   0  10   0   0   0   0  0.70 0.44
  303 R    -4   2  -2   3  -7   1   6  -6  -2  -7  -7   2  -6  -7  -5  -1  -3  -7  -2  -6    0  11   2  15   0   6  46   0   1   0   0  12   0   0   0   5   1   0   1   0  1.14 0.61
  304 K    -2   3  -2   0  -5   0   2  -4  -1  -4  -5   4  -3  -6  -4   0   4  -6  -5  -4    1  15   1   6   0   3  16   0   2   0   0  25   0   0   0   5  25   0   0   1  0.74 0.45
  305 G     0  -3   5  -1  -2  -2  -3   3  -3  -2  -4  -3  -3  -5  -4   3   3  -5  -5  -3    7   1  26   2   1   1   0  20   0   2   1   0   0   0   0  19  20   0   0   0  0.68 0.39
  306 F    -2  -1   0  -4   0  -3  -1  -2  -3   2   1  -3   0   6  -5  -2  -2   1   2  -1    2   4   6   0   2   0   5   3   0  13  11   1   2  37   0   2   1   1   5   3  0.52 0.28
  307 K    -2   0   2   3  -3  -1   3  -1  -1  -4  -4   2  -4  -4  -1   1  -1  -5  -4  -3    1   3   9  21   0   1  22   4   1   0   1  17   0   1   2  13   1   0   0   2  0.48 0.27
  308 S     0  -1   2   2  -2   0   2  -2  -2  -4  -3   1  -3  -2   0   3   1  -4  -3  -3    8   3  13  12   1   3  11   2   0   0   2   9   0   2   5  23   8   0   0   0  0.33 0.20
  309 E    -2  -2  -2   2  -5   2   5  -4  -3  -5  -4   2  -4  -5  -3   2  -1  -5  -4  -5    1   0   0  11   0   7  51   0   0   0   1  11   0   0   0  15   3   0   0   0  0.92 0.39
  310 I    -2  -4  -4  -5  -2  -4  -4  -5  -4   4   3  -4   0  -1  -4  -3  -2  -4  -2   4    0   0   0   0   0   0   0   0   0  32  30   0   0   0   0   0   0   0   0  38  0.66 0.18

                      K         Lambda
Standard Ungapped    0.1410     0.3218
Standard Gapped      0.0639     0.2670
PSI Ungapped         0.2088     0.3176
PSI Gapped           0.0639     0.2670
