
Last position-specific scoring matrix computed, weighted observed percentages rounded down, information per position, and relative weight of gapless real matches to pseudocounts
            A   R   N   D   C   Q   E   G   H   I   L   K   M   F   P   S   T   W   Y   V   A   R   N   D   C   Q   E   G   H   I   L   K   M   F   P   S   T   W   Y   V
    1 M    -1  -1  -2  -3  -1   0  -2  -2  -1   1   2  -1   5   0  -2  -1  -1  -1  -1   1    0   0   0   0   0   0   0   0   0   0   0   0   0   0   0   0   0   0   0   0  0.00     0.00
    2 W    -2  -2  -3  -4  -2  -2  -3  -2  -2  -2  -1  -3  -1   1  -3  -3  -2  10   2  -3    0   0   0   0   0   0   0   0   0   0   0   0   0   0   0   0   0   0   0   0  0.00     0.00
    3 S     1  -1   0  -1  -1   0   0  -1  -1  -1  -2   0  -1  -2  -1   3   3  -3  -2  -1    0   0   0   0   0   0   0   0   0   0   0   0   0   0   0  50  50   0   0   0  0.39 0.00
    4 R    -1   6   0  -2  -3   1   0  -2   0  -3  -2   2  -1  -3  -2  -1  -1  -3  -2  -3    0 100   0   0   0   0   0   0   0   0   0   0   0   0   0   0   0   0   0   0  0.77 0.01
    5 K    -1   1   0   1  -3   2   4  -2   0  -3  -3   3  -2  -3  -1   0  -1  -3  -2  -2    0   0   0   0   0   0  66   0   0   0   0  34   0   0   0   0   0   0   0   0  0.55 0.01
    6 D    -2  -2   1   6  -4   0   1  -1  -1  -3  -4  -1  -3  -4  -2   0  -1  -4  -3  -3    0   0   0 100   0   0   0   0   0   0   0   0   0   0   0   0   0   0   0   0  1.00 0.03
    7 H    -2   0   0   0  -3   1   2  -2   7  -3  -3   0  -2  -2  -2  -1  -2  -3   1  -3    0   0   0   0   0   0  26   0  74   0   0   0   0   0   0   0   0   0   0   0  0.74 0.03
    8 M    -2  -2  -3  -4  -2  -1  -3  -3  -2   1   2  -2   7  -1  -3  -2  -1  -2  -2   0    0   0   0   0   0   0   0   0   0   0  16   0  84   0   0   0   0   0   0   0  0.88 0.15
    9 R    -1   4  -1  -2  -3   2   0  -3  -1   1  -1   3  -1   0  -2  -1  -1  -3  -1  -1    0  33   0   0   0  18   0   0   0  16   0  27   0   6   0   0   0   0   0   0  0.35 0.07
   10 I    -2  -3  -4  -4  -2  -3  -4  -4  -4   5   2  -3   1  -1  -3  -3  -1  -3  -2   3    0   0   0   0   0   0   0   0   0  76   9   0   0   0   0   0   0   0   0  14  0.60 0.10
   11 Q    -2   6  -1  -2  -4   2   0  -3  -1  -3  -3   3  -2  -3  -2  -1  -2  -3  -2  -3    0  73   0   0   0  12   0   0   0   0   0  14   0   0   0   0   0   0   0   0  0.87 0.11
   12 S     1  -1   1  -1  -2  -1  -1  -1   3  -1  -2  -1  -1  -2  -2   3   0  -3  -1   0    9   0   9   0   0   0   0   0  14   0   0   0   0   0   0  53   0   0   0  14  0.32 0.08
   13 T     1   1  -1  -1  -2   0   0  -2  -2  -2  -2   3  -1  -3  -1   0   3  -3  -2  -1   11   5   0   0   0   0   0   0   0   0   0  42   0   0   0   0  42   0   0   0  0.40 0.09
   14 L    -1  -2  -2  -3  -2   0  -2  -3  -2   3   1  -2   0   1  -3  -1   0  -1   2   1    5   0   0   0   0   9   0   0   0  39  17   0   0   5   0   4   6   0  11   4  0.18 0.05
   15 N    -2  -1   6   0  -3  -1  -1  -1   0  -4  -4  -1  -3  -4  -3   0   1  -4  -3  -3    0   0  92   0   0   0   0   0   0   0   0   0   0   0   0   0   8   0   0   0  1.07 0.14
   16 G     0  -3  -1  -2  -3  -2  -3   6  -3  -4  -4  -2  -3  -4  -3  -1  -2  -3  -4  -4    0   0   0   0   0   0   0 100   0   0   0   0   0   0   0   0   0   0   0   0  1.38 0.13
   17 G     2   0  -1  -2  -2  -2  -2   5  -2  -3  -3  -1  -3  -3  -2   0  -2  -3  -3  -3   21   8   0   0   0   0   0  71   0   0   0   0   0   0   0   0   0   0   0   0  0.82 0.09
   18 F    -1  -2  -2  -2  -2  -1   1  -3   1   2   2  -2   1   2  -3  -2   0  -1   1   1    0   0   0   0   0   0  14   0   5  18  32   0   0  13   0   0   5   0   4   8  0.17 0.04
   19 A     4  -2  -2  -3   2  -2  -2  -1  -2   1  -1  -2  -1  -2  -2   0  -1  -3  -2   1   65   0   0   0   6   0   0   0   0  14   0   0   0   0   0   0   0   0   0  15  0.35 0.08
   20 E    -1  -1  -1   3  -3   1   4  -3  -1   1  -2   0  -2  -3  -2  -1   0  -3  -2  -1    0   0   0  17   0   0  60   0   0  18   0   0   0   0   0   0   6   0   0   0  0.51 0.09
   21 V    -1  -3  -3  -4  -1  -3  -3  -4  -4   2   1  -3   0  -1  -3  -2  -1  -3  -2   5    0   0   0   0   0   0   0   0   0   0  14   0   0   0   0   0   0   0   0  86  0.58 0.11
   22 S     0  -2   0   3  -2  -1   1   1  -1  -3  -3  -1  -2  -3  -2   3   1  -3  -3  -2    0   0   0  29   0   0   5  14   0   0   0   0   0   0   0  42   9   0   0   0  0.43 0.07
   23 E    -1  -1   0   4  -3   0   3  -2  -1  -3  -3   1  -2  -4   1   0   0  -4  -3  -3    0   0   0  40   0   0  31   0   0   0   0  14   0   0   6   0   9   0   0   0  0.57 0.07
   24 E     0  -1  -1   2  -3   1   5  -2  -1  -3  -3   0  -2  -4  -2   0  -1  -3  -3  -3    9   0   0  12   0   0  71   0   0   0   0   0   0   0   0   7   0   0   0   0  0.71 0.10
   25 F    -2  -2  -2  -3  -3   1   0  -3   0  -1  -1  -2  -1   4  -3  -2  -2   1   6  -1    0   0   0   0   0  10   7   0   0   0   0   0   0  24   0   0   0   0  54   6  0.70 0.10
   26 A     3  -2  -2  -2  -1  -2  -2   4  -2  -1  -2  -2  -1  -3  -2   0  -1  -3  -2   1   48   0   0   0   0   0   0  38   0   0   0   0   0   0   0   0   0   0   0  14  0.46 0.08
   27 K    -1   0   0   2  -3   3   3  -2  -1  -3  -3   3  -2  -3  -2   0   0  -3  -2  -3    0   0   0  12   0  19  33   0   0   0   0  31   0   0   0   0   5   0   0   0  0.52 0.07
   28 Q     0   3   2   1  -3   1   1  -2  -1  -2  -1   2  -1  -3  -2   0  -1  -3  -2  -2    9  35  14   8   0   4   6   0   0   0   7  17   0   0   0   0   0   0   0   0  0.33 0.05
   29 L    -2  -2  -4  -4  -2  -2  -3  -4  -2   1   4  -3   3   0  -3  -3  -2  -2   1   0    0   0   0   0   0   0   0   0   0   0  79   0  14   0   0   0   0   0   7   0  0.57 0.09
   30 I    -2  -3  -4  -4  -2  -3  -4  -4  -4   5   2  -3   1  -1  -3  -3  -1  -3  -2   2    0   0   0   0   0   0   0   0   0  81   9   0   0   0   0   0   0   0   0  10  0.62 0.10
   31 A     3  -1  -1   1  -2   0   2  -1  -1  -1  -2  -1  -2  -3  -1   1   0  -3  -2  -1   50   0   0   8   0   0  22   0   0   5   0   0   0   0   0  14   0   0   0   0  0.32 0.07
   32 T     2  -2  -1  -1  -1  -1  -1   2  -2  -1  -1  -1  -1  -2  -2   2   2  -3  -2   0   21   0   0   0   0   0   0  18   0   0   6   0   0   0   0  26  20   0   0   9  0.24 0.05
   33 G     0   0  -1  -1  -3  -1   1   5  -2  -4  -4  -1  -3  -3  -2   1  -1  -3  -3  -3    0   8   0   0   0   0  14  68   0   0   0   0   0   0   0  10   0   0   0   0  0.74 0.08
   34 G     0  -2  -1  -2  -2   0  -1   4   1   1  -1  -1  -1  -2  -2   0   1  -3  -2   0    0   0   0   0   0   6   4  42   5  14   6   0   0   0   0   7  11   0   0   5  0.26 0.05
   35 W    -3  -3  -4  -4  -3  -3  -3  -3  -3  -3  -2  -3  -2   1   2  -3  -3  11   1  -3    0   0   0   0   0   0   0   0   0   0   0   0   0   6  14   0   0  80   0   0  2.38 0.19
   36 K    -1   0  -1   0  -3   1   5  -3  -1  -2  -2   1  -2  -3  -2  -1   0  -3  -2   0    0   5   0   0   0   0  70   0   0   0   0   8   0   0   0   0   5   0   0  12  0.58 0.10
   37 V     1   1  -2  -2  -1  -1  -2  -2  -2   1   1   0   0  -1   1  -1  -1  -3  -2   2   21   9   0   0   0   0   0   0   0   0  20   9   0   0   8   0   0   0   0  32  0.15 0.04
   38 P     2  -2  -2  -2  -2  -2  -2  -2  -2  -1  -2  -1  -2  -3   6  -1  -1  -3  -2   1   27   0   0   0   0   0   0   0   0   0   1   0   0   0  55   0   0   0   0  14  0.99 0.09
   39 R     1   1   0   3  -3   1   2  -1  -1  -3  -2   1  -2  -3  -1   0   0  -3  -2  -2   15  12   0  30   0   6  18   0   0   0   1  10   0   0   0   0   5   0   0   0  0.34 0.04
   40 K     2   0  -1  -1  -2   0  -1  -1  -2  -2  -2   2  -1  -3   2   0   1  -3  -2  -1   40   0   0   0   0   0   0   1   0   0   1  28   0   0  13   1  14   0   0   0  0.32 0.06
   41 P    -1   1  -2  -2  -3  -1  -1  -2  -2  -2  -2  -1  -2  -3   7  -1  -1  -3  -2  -2    1  10   1   1   0   1   1   1   0   1   5   1   0   1  74   1   1   0   0   1  1.43 0.10
   42 R     1   4  -1  -1  -2   1   2  -2  -1  -2  -2   2  -1  -2  -1   0  -1  -2  -2  -2   15  40   1   1   0   1  21   1   0   1   1  14   0   1   1   1   1   0   0   1  0.38 0.05
   43 N     2   3   0   0  -2   0   0  -1  -1  -2  -2   1  -2  -3   3   0   0  -3  -2  -2   28  26   4   7   0   0   0   0   0   0   1   6   0   0  19   0   5   0   0   0  0.34 0.05
   44 T     2   1  -1  -1  -2   0  -1   0  -2  -2  -2   1  -1  -3   3   1   2  -3  -2  -1   27  10   0   0   0   5   0   7   0   0   0   7   0   0  18   6  20   0   0   0  0.33 0.05
   45 K    -1   2  -1   1  -4   1   3  -2  -1  -3  -3   3  -2  -4   4  -1  -1  -3  -2  -3    0  16   0   7   0   0  25   0   0   0   0  29   0   0  22   0   0   0   0   0  0.58 0.07
   46 T     1   1  -1  -1  -2  -1  -1  -2  -2  -2  -2   1  -1  -3   1   1   4  -3  -2  -1   18   9   0   0   0   0   0   0   0   0   0  12   0   0   5   5  52   0   0   0  0.36 0.08
   47 K    -1   2   0  -1  -3   0   0  -2  -1  -3  -3   4  -2  -4   5  -1   0  -4  -3  -3    0  11   5   0   0   0   0   0   0   0   0  46   0   0  32   0   6   0   0   0  0.71 0.09
   48 T     1   2  -1  -2  -2   1  -1  -2  -2  -1  -2   2  -1  -3   3   0   1  -3  -2   0   20  13   0   0   0   5   0   0   0   0   0  16   0   0  18   0  14   0   0  14  0.28 0.05
   49 A     3   0  -2  -2  -1  -1  -1  -1  -2   1  -1  -1  -1  -2   1   1   0  -3  -2   0   60   8   0   0   0   0   0   0   0  14   0   0   0   0   7   6   6   0   0   0  0.30 0.07
   50 P     0  -2   0  -1  -2  -1   0  -2  -2  -2  -2  -1  -2  -3   6   0   2  -4  -3  -1    6   0   7   0   0   0   8   0   0   0   0   0   0   0  53   0  20   0   0   7  0.94 0.09
   51 E    -1   0   1   0  -3   3   3  -2  -1  -3  -3   1  -2  -4   3   0   0  -3  -2  -2    0   0   7   0   0  25  32   0   0   0   0  10   0   0  21   0   7   0   0   0  0.57 0.07
   52 E     1  -1   1   0  -2   0   3  -2  -1  -1  -2   1  -1  -3   1   0   0  -3  -2   0   16   0   7   0   0   0  38   0   0   0   0  12   0   0   7   0   7   0   0  14  0.26 0.06
   53 P    -2  -3  -3  -2  -4  -2  -2  -3  -3  -4  -4  -2  -3  -4   8  -2  -2  -4  -4  -3    0   0   0   0   0   0   0   0   0   0   0   0   0   0 100   0   0   0   0   0  2.39 0.18
   54 K     1   0   0   3  -2   0   1  -1  -1  -2  -2   2  -2  -3  -1   0   2  -3  -2  -2   18   0   0  25   0   0   8   0   0   0   0  28   0   0   0   0  22   0   0   0  0.31 0.06
   55 N     0  -1   3   0  -2  -1  -1  -1  -1  -2  -2  -1  -1  -3  -2   2   4  -3  -2  -1    0   0  30   0   0   0   0   0   0   0   0   0   0   0   0  19  51   0   0   0  0.45 0.05
   56 E    -1   0  -1   1  -4   1   4   2  -1  -3  -3   1  -2  -3  -2   0  -1  -3  -2  -3    0   0   0   0   0   0  68  19   0   0   0  13   0   0   0   0   0   0   0   0  0.58 0.06
   57 E    -1   0  -1   1  -4   2   5  -2   0  -3  -3   0  -2  -3  -1   0  -1  -3  -2  -3    0   0   0   0   0   0 100   0   0   0   0   0   0   0   0   0   0   0   0   0  0.90 0.07

                      K         Lambda
Standard Ungapped    0.1256     0.3089
Standard Gapped      0.0378     0.2670
PSI Ungapped         0.1234     0.3175
PSI Gapped           0.0378     0.2670
