
Last position-specific scoring matrix computed, weighted observed percentages rounded down, information per position, and relative weight of gapless real matches to pseudocounts
           A  R  N  D  C  Q  E  G  H  I  L  K  M  F  P  S  T  W  Y  V   A   R   N   D   C   Q   E   G   H   I   L   K   M   F   P   S   T   W   Y   V
    1 M   -1 -2 -2 -3 -2 -1 -2 -3 -2  1  2 -2  7  0 -3 -2 -1 -2 -1  1    0   0   0   0   0   0   0   0   0   0   0   0 100   0   0   0   0   0   0   0  0.48 0.04
    2 S    0 -1  3  1 -2  0  2 -1  0 -3 -3  0 -2 -3 -1  3  1 -3 -2 -2    0   0  22   0   0   0  24   0   0   0   0   0   0   0   0  54   0   0   0   0  0.39 0.01
    3 K    1  0  3  0 -2  0  0  2 -1 -3 -3  2 -2 -3 -2  0 -1 -3 -2 -2   24   0  28   0   0   0   0  22   0   0   0  26   0   0   0   0   0   0   0   0  0.29 0.01
    4 Q   -1  1  0  1 -4  4  4 -2  0 -3 -3  2 -1 -3 -1  0 -1 -3 -2 -3    0   0   0   0   0  36  45   0   0   0   0  19   0   0   0   0   0   0   0   0  0.57 0.03
    5 N   -2 -1  6  1 -3  0 -1 -1  0 -4 -4  0 -3 -3 -2  0  0 -4 -2 -3    0   0 100   0   0   0   0   0   0   0   0   0   0   0   0   0   0   0   0   0  0.92 0.07
    6 A    2  0 -1 -1 -2  0  0 -1 -1 -2 -2  2 -1 -3  3  1  1 -3 -2 -1   25   0   0   0   0   0   0   0   0   0   0  31   0   0  16  12  16   0   0   0  0.33 0.03
    7 I   -2 -3 -4 -4 -2 -3 -3 -4 -3  4  3 -3  1  0 -3 -3 -1 -3 -2  2    0   0   0   0   0   0   0   0   0  70  30   0   0   0   0   0   0   0   0   0  0.46 0.05
    8 C    0 -2 -1 -1  8 -1  1 -2 -2 -2 -2 -2 -2 -3 -2  1  1 -3 -2 -1    0   0   0   0  53   0  15   0   0   0   0   0   0   0   0  16  16   0   0   0  0.65 0.06
    9 I   -2 -3 -4 -4 -2 -3 -4 -4 -3  4  2 -3  3  1 -3 -3 -1 -3 -1  2    0   0   0   0   0   0   0   0   0  59  18   0   9   7   0   0   0   0   0   7  0.51 0.11
   10 N   -1 -1  4  0 -2  3  0 -2 -1 -2 -2 -1 -2 -3 -2  1  2 -3 -2  0    0   0  36   0   0  21   0   0   0   0   0   0   0   0   0  11  24   0   0   9  0.41 0.11
   11 I   -2 -3 -4 -4 -2 -3 -4 -4 -4  5  2 -3  1  1 -4 -3 -1 -3 -2  3    0   0   0   0   0   0   0   0   0  60  19   0   0   4   0   0   0   0   0  16  0.59 0.13
   12 H    0 -1  2 -1 -3  4  0 -2  3 -2 -3  0 -1 -3 -2  1  2 -3 -2 -1   10   0  14   0   0  37   0   0  11   0   0   0   0   0   0   6  17   0   0   6  0.38 0.12
   13 M   -2 -3 -4 -4 -2 -3 -4 -4 -4  4  3 -3  2  1 -4 -3 -2 -2 -1  1    0   0   0   0   0   0   0   0   0  53  34   0   6   7   0   0   0   0   0   0  0.56 0.13
   14 E   -2 -2  0  5 -4  1  2 -2  2 -4 -4 -1 -3 -4  3  0 -2 -4 -3 -4    0   0   0  50   0   8  13   0   8   0   0   0   0   0  16   5   0   0   0   0  0.74 0.14
   15 Q    1 -1 -1  0 -2  2  0 -2 -2 -1 -2 -1 -1 -3 -2  1  4 -3 -2  1    8   0   0   4   0  12   5   0   0   0   0   0   0   0   0  12  42   0   0  16  0.31 0.11
   16 P   -2 -3 -3 -3 -4 -3 -2 -4 -4 -4 -4 -2 -4 -5  8 -2 -2 -5 -4 -4    0   0   0   0   0   0   0   0   0   0   0   0   0   0 100   0   0   0   0   0  2.57 0.30
   17 Y   -3 -3 -3 -4 -3 -3 -3 -4  0  0 -1 -3  1  4 -4 -3 -3  1  7 -2    0   0   0   0   0   0   0   0   0   7   0   0   5  16   0   0   0   0  72   0  1.22 0.23
   18 M   -1 -3 -3 -4  2 -2 -3 -4 -3  2  1 -3  5 -1 -3 -2 -1 -2  1  4    0   0   0   0   5   0   0   0   0   5   8   0  30   0   0   0   0   0   7  45  0.48 0.15
   19 T   -1 -2 -1 -2 -2  0 -2 -3 -3 -2 -2 -2 -2 -3 -2  0  6 -4 -3 -1    0   0   0   0   0   6   0   0   0   0   0   0   0   0   0   0  94   0   0   0  1.06 0.25
   20 R   -1  2 -2 -3 -2 -1 -2 -3 -2  2  1  1  0 -1  1 -2 -1 -2  0  2    0  18   0   0   0   0   0   0   0  18  15  15   0   0   9   0   0   0   5  21  0.19 0.07
   21 E   -1  2  1  2 -3  0  2 -2 -1 -3 -3  4 -2 -4 -2  1  1 -4 -3 -3    0   9   4  10   0   0  17   0   0   0   0  40   0   0   0  11   8   0   0   0  0.43 0.11
   22 E   -2 -1 -1  2 -4  1  5 -3 -1 -3 -3  2 -3 -4 -2 -1 -2 -4 -3 -1    0   0   0   7   0   0  73   0   0   0   0  16   0   0   0   0   0   0   0   5  0.85 0.19
   23 F   -1 -3 -3 -4 -3 -3 -3 -4  0 -2 -1 -3 -1  6 -4 -3 -3  1  6 -2    7   0   0   0   0   0   0   0   0   0   0   0   0  45   0   0   0   0  47   0  1.11 0.21
   24 A    4 -2 -2 -2  3 -1 -2 -1 -2 -2 -1  0 -2 -3 -2  2  0 -3 -3 -1   59   0   0   0   9   0   0   0   0   0   5   5   0   0   0  22   0   0   0   0  0.47 0.14
   25 K    0  4 -1  0 -3  0  2 -2 -1 -3 -3  3 -2 -4 -2  0 -1 -4 -2 -3   12  32   0   5   0   0  16   0   0   0   0  28   0   0   0   7   0   0   0   0  0.47 0.11
   26 K   -1  5 -2 -3 -3  0 -1 -3 -2  0  1  2  0  0 -3 -2 -2 -3 -2  0    5  46   0   0   0   0   0   0   0   5  22  12   0   5   0   0   0   0   0   5  0.37 0.12
   27 L    1 -2 -1 -2 -2 -1 -2 -2 -2 -1  1 -2  2 -2 -2  2  4 -3 -2 -1    9   0   0   0   0   0   0   0   0   0  18   0   7   0   0  22  44   0   0   0  0.37 0.13
   28 D   -1  0  1  0 -4 -2 -2  6 -2 -5 -4 -2 -3 -4 -3 -1 -2 -4 -4 -4    0   7   7   5   0   0   0  81   0   0   0   0   0   0   0   0   0   0   0   0  1.10 0.18
   29 V   -1 -2 -3 -3 -2  0 -2 -3 -3  2  2 -2  3 -1 -3 -1  1 -3 -2  2    4   0   0   0   0   8   0   0   0  17  26   0  14   0   0   0  12   0   0  18  0.26 0.08
   30 S    0 -1  2 -1 -2 -1 -1 -2 -2 -3 -3  1 -2 -3  2  4  3 -4 -3 -2    0   0   9   0   0   0   0   0   0   0   0  12   0   0  10  48  21   0   0   0  0.48 0.14
   31 T   -1  0 -2 -2 -2 -1  1 -3 -2  1  0  0  2 -2  1 -1  0 -3 -2  2    0   7   0   0   0   0  13   0   0  10   4   6  12   0   8   5   5   0   0  31  0.16 0.07
   32 R   -1  5 -1  1 -3  0 -1  1 -1 -2 -3  0 -2 -3 -2  1  1 -3 -3 -1    0  49   0   8   0   0   0  12   0   0   0   0   0   0   0  13  11   0   0   7  0.43 0.13
   33 T    2 -2 -1 -2 -2 -1 -1 -2 -2 -1 -2  0 -1 -3 -2  2  5 -3 -2  0   18   0   0   0   0   0   0   0   0   0   0   8   0   0   0  12  57   0   0   5  0.50 0.15
   34 I    0 -3 -4 -4 -2 -3 -3 -4 -4  3  2 -3  0  1 -3 -2 -1 -3 -1  4    5   0   0   0   0   0   0   0   0  20  19   0   0   5   0   0   0   0   0  51  0.45 0.12
   35 D   -2  3  3  3 -3  1  0 -2 -1 -3 -3  2 -2 -4 -2  0  0 -4 -3 -3    0  28  18  27   0   5   0   0   0   0   0  10   0   0   0   5   7   0   0   0  0.49 0.11
   36 R    0  3  3  0 -3  2  0 -2  1 -3 -3  2 -2 -3 -2  1  1 -3 -2 -2   12  22  18   5   0  10   0   0   4   0   0  12   0   0   0   5  10   0   0   0  0.31 0.08
   37 L   -1  0 -3 -3 -3  0 -1 -3 -2 -1  1  0  5  1 -3 -2 -2  6  1 -1    5   5   0   0   0   5   3   0   0   0  15   9  36   5   0   0   0  13   5   0  0.39 0.13
   38 R    0  3 -2 -3 -2  0 -2 -3 -2  4  0 -1  0 -2 -3 -2 -1 -3 -2  1   10  27   0   0   0   5   0   0   0  43   5   0   0   0   0   0   0   0   0   9  0.30 0.12
   39 Q    1  1  2  1 -3  2  2 -2  3 -2 -3  1 -2 -3 -2  1  0 -3 -1 -2   13   7  15   4   0  11  14   0  12   4   0   5   0   0   0   9   5   0   0   0  0.25 0.06
   40 Q    1  3 -1  2 -3  3  1 -2 -1 -3 -3  0 -2 -3 -2  0  0 -3 -2 -2   20  20   0  14   0  27   8   0   0   0   0   0   0   0   0   5   5   0   0   0  0.38 0.11
   41 G   -1 -3 -1 -2 -4 -3 -3  7 -3 -5 -5 -3 -4 -4 -3 -1 -3 -4 -4 -4    0   0   0   0   0   0   0 100   0   0   0   0   0   0   0   0   0   0   0   0  1.59 0.23
   42 V   -2  2 -1  0 -3  0  2 -3 -1 -1  1  3  1 -2 -2 -1 -1 -3 -2 -1    0  14   0   4   0   0  23   0   0   0  20  27   7   0   0   0   0   0   0   5  0.26 0.09
   43 L   -2 -3 -4 -4 -2 -3 -4 -4 -3  3  4 -3  1  2 -4 -3 -2 -2  1  1    0   0   0   0   0   0   0   0   0  25  55   0   0   9   0   0   0   0   5   7  0.50 0.12
   44 K   -2 -1 -2 -2 -3 -1 -1 -3  2 -3 -1  2 -2 -3  7 -2 -2 -4 -2 -3    0   0   0   0   0   0   0   0   7   0   9  18   0   0  61   0   0   0   0   0  1.21 0.17
   45 C   -1 -1 -3 -4  4 -3 -3 -4 -3  4  1 -1  0 -1 -3 -2 -1 -3 -2  3    0   5   0   0  12   0   0   0   0  46   5   6   0   0   0   0   0   0   0  26  0.42 0.12
   46 I   -1  2 -2 -2 -2 -1 -1 -2 -1  1  1  1  2  1 -2  0 -1 -1  1  1    4  16   0   0   0   0   1   1   0  11  12  10  15   5   0   7   1   0   7   8  0.10 0.05
   47 K   -2  2 -1  2 -4  1  1 -2 -2 -3 -3  2 -2 -4  5 -1 -1 -4 -3 -3    0  12   0  15   0   7   5   0   0   0   0  20   0   0  38   0   0   0   0   0  0.76 0.12
   48 M    0  2 -1 -1 -2  1  1 -2 -1 -2 -2  3  0 -3  1  0 -1 -3 -2 -2    8  11   1   1   0   6   7   1   0   1   1  40   5   1   8   8   1   0   0   1  0.31 0.08
   49 K    0  3  1 -1 -2  0  0 -2  1 -2 -2  4 -1 -2 -1  0  0  2 -1 -2    8  18   7   1   0   1   1   1   4   1   2  39   0   1   1   1   6   4   1   1  0.31 0.08
   50 N    0 -1  1  1 -1  0  0 -1 -1 -1  0  0  0 -1  1  1  1 -2 -1  0    9   1  11   7   1   6   2   2   1   1  13   9   1   1   6   7  14   0   1   9  0.07 0.02
   51 D   -1  0  2  2 -2  0  0  2 -1 -1 -2  2 -2 -2 -1  0 -1 -2 -2 -2    2   1  13  15   0   1   2  19   1   6   2  28   1   1   1   2   1   0   1   2  0.21 0.05
   52 E   -1 -1 -1  0 -2  0  2 -1 -1 -1 -1  1 -1 -2  4  0  1 -2 -2 -1    2   2   1   2   1   1  16   2   1   2   7   8   1   1  27   8  14   0   1   2  0.37 0.05
   53 G    0 -1  0  1 -2  0  1  3 -1 -2 -2  1 -1 -1 -1  0 -1 -1  1 -2    3   2   2   8   1   2   9  35   1   2   4  11   1   2   2   3   2   1   8   3  0.20 0.03
   54 E   -1  1  0  0 -2  3  2 -1 -1 -2 -2  4 -1 -2 -1  0  0 -2 -2 -2    2   1   1   1   1  16  16   2   1   1   2  41   1   1   1   2   6   0   1   2  0.33 0.07
   55 E   -1  1  1  0 -2  0  2 -1  0 -1 -1  1 -1 -1  3  0  0 -1  1 -1    2   8   9   2   1   1  20   2   1   8   3   8   1   1  14   8   2   0   6   2  0.18 0.03
   56 T    0 -1  1 -1 -2 -1 -1  2 -1 -2 -2  0 -1  0  2  1  1 -2 -1 -1    6   1   6   2   1   1   2  23   1   1   3   7   1   7   9  18   8   0   1   2  0.18 0.03
   57 E    1  0 -1  1 -2  0  2 -1 -1  0 -1  0 -1 -2  2  0 -1 -2 -2  0   22   6   1   6   0   1  23   1   0   7   5   1   0   1  12   5   1   0   0   8  0.18 0.05
   58 R   -2  4  4 -1 -3  0 -1 -2 -1 -3 -1  3 -2 -3 -2 -1 -1 -3 -2 -3    0  33  28   0   0   0   0   0   0   0   7  28   0   0   0   0   0   0   0   0  0.52 0.12
   59 G    0 -2  1  0  2 -1  1  3 -1 -3 -3 -1 -2 -2 -2  1  0 -2  0 -2    5   0   6   4   8   0  15  34   0   0   0   0   0   0   0  16   7   0   6   0  0.32 0.08
   60 L    2 -2 -1 -2 -1 -1 -2 -2 -2  0  0  0 -1 -2 -2  1  4 -3 -2  0   22   0   0   0   0   0   0   0   0   6  12   5   0   0   0  11  44   0   0   0  0.31 0.11
   61 V   -1 -2  0 -3 -2 -2 -2 -3 -3  2  1  0  0 -2  0 -2  0 -3 -2  4    0   0   6   0   0   0   0   0   0   7  12   8   0   0   6   0   5   0   0  57  0.30 0.11
   62 L   -2 -3 -4 -4 -3 -3 -1 -4 -2  0  3 -3  0  5 -4 -3 -2 -1  2 -1    0   0   0   0   0   0   6   0   0   0  45   0   0  41   0   0   0   0   8   0  0.60 0.14
   63 V   -2 -4 -4 -4 -2 -3 -4 -4 -4  5  1 -3  2 -1 -3 -3 -1 -3 -2  4    0   0   0   0   0   0   0   0   0  53   0   0   6   0   0   0   0   0   0  41  0.66 0.15
   64 D   -3  1  7  3 -4 -1 -1 -2 -1 -4 -4 -1 -3 -4 -3  0 -1 -5 -3 -4    0   7  79  14   0   0   0   0   0   0   0   0   0   0   0   0   0   0   0   0  1.06 0.19
   65 L   -2 -3 -4 -4 -2 -2 -3 -4 -3  1  4 -3  6 -1 -3 -3 -2 -2 -2  2    0   0   0   0   0   0   0   0   0   0  45   0  42   0   0   0   0   0   0  13  0.64 0.15
   66 V    0 -3 -3 -4 -2 -3 -3 -4 -3  3  1 -3  0 -1  1 -2 -1 -3  0  4    5   0   0   0   0   0   0   0   0  26   8   0   0   0   7   0   0   0   5  49  0.39 0.10
   67 A    4 -1 -1  1 -2 -1  1  1 -2 -2 -3  1 -2 -2 -2  0 -1 -3  0 -1   58   0   0  11   0   0   8   8   0   0   0  10   0   0   0   0   0   0   5   0  0.34 0.10
   68 I   -2 -3 -3 -4 -2 -2 -3 -4 -3  2  3 -3  3  0 -3 -2  1  3 -1  1    0   0   0   0   0   0   0   0   0  20  47   0  11   0   0   0  16   5   0   0  0.40 0.10
   69 A    3 -2 -2 -2  4  0 -2 -2 -2 -1  0 -2 -1  1 -2  0  2 -2 -1  0   37   0   0   0  13   6   0   0   0   0   6   0   0  11   0   0  19   0   0   8  0.23 0.08
   70 V    0 -1 -2 -2 -2  1  1 -3 -2  1  1  2  2 -1 -2 -1 -1 -3 -2  2    5   0   0   0   0   8  12   0   0   8  20  19   9   0   0   0   0   0   0  20  0.14 0.06
   71 R   -2  3 -1 -1 -4  4  3 -3 -1 -1 -1  1 -1 -3 -2 -1 -1 -3 -2 -2    0  22   0   0   0  27  32   0   0   7   6   5   0   0   0   0   0   0   0   0  0.45 0.11
   72 N    4 -2  0 -2  3  1 -1  0 -2 -2 -1 -1 -1 -3 -2  1 -1 -3 -2 -1   59   0   7   0   7   8   0   6   0   0   8   0   0   0   0   5   0   0   0   0  0.33 0.10
   73 A    4 -2 -1  0 -1 -1 -1  1 -2 -1 -2 -1 -2 -3 -2  1  1 -3 -2  0   65   0   0   6   0   0   0   9   0   0   0   0   0   0   0   5   7   0   0   7  0.39 0.10
   74 K    0  2  1  1 -3  0  1 -2 -1 -3 -3  3 -2 -3 -2  1  1 -3 -2 -2    9   9   9   7   0   0   6   0   0   0   0  42   0   0   0   9   9   0   0   0  0.33 0.07
   75 N    0  0  2  2 -3  3  3 -2  0 -3 -3  2 -2 -3 -2  0 -1 -3 -2 -2   12   0  12  13   0  29  22   0   0   0   0  12   0   0   0   0   0   0   0   0  0.41 0.05
   76 A    4 -1 -1 -2 -1 -1 -1  0 -2 -2 -2  1 -1 -3 -1  2  0 -3 -2 -1   74   0   0   0   0   0   0   0   0   0   0  13   0   0   0  13   0   0   0   0  0.41 0.06
   77 F   -2 -1 -2 -1 -3  2  1 -3 -1  0  1 -1  0  4 -3 -2 -2  0  1 -1    0   0   0   0   0  17  18   0   0   0  22   0   0  43   0   0   0   0   0   0  0.26 0.02
   78 Q   -1  5  0 -1 -3  4  1 -2  0 -3 -2  2 -1 -3 -2 -1 -1 -3 -2 -3    0  60   0   0   0  40   0   0   0   0   0   0   0   0   0   0   0   0   0   0  0.59 0.01
   79 I   -1 -3 -3 -3 -1 -3 -3 -4 -3  3  1 -3  1 -1 -3 -2  0 -3 -1  4    0   0   0   0   0   0   0   0   0  40   0   0   0   0   0   0   0   0   0  60  0.35 0.01

                      K         Lambda
Standard Ungapped    0.1332     0.3203
Standard Gapped      0.0398     0.2670
PSI Ungapped         0.1299     0.3180
PSI Gapped           0.0398     0.2670
