
Last position-specific scoring matrix computed, weighted observed percentages rounded down, information per position, and relative weight of gapless real matches to pseudocounts
            A   R   N   D   C   Q   E   G   H   I   L   K   M   F   P   S   T   W   Y   V   A   R   N   D   C   Q   E   G   H   I   L   K   M   F   P   S   T   W   Y   V
    1 M    -1  -2  -2  -3  -2  -1  -2  -3  -2   1   2  -2   6   0  -3  -2  -1  -2  -1   1    0   0   0   0   0   0   0   0   0   0   0   0 100   0   0   0   0   0   0   0  0.43 0.02
    2 Y    -1   4  -2  -3  -2   0  -1  -3   0   0  -1   0  -1   0  -3  -1  -1   0   4   1    0  41   0   0   0   0   0   0   0   0   0   0   0   0   0   0   0   0  29  30  0.26 0.01
    3 N    -1  -1   5   1  -2   0  -1  -1   0  -2  -3   0  -2  -3  -2   1   3  -4  -2  -2    0   0  68   0   0   0   0   0   0   0   0   0   0   0   0   0  32   0   0   0  0.54 0.02
    4 I    -1  -3  -4  -4  -2  -3  -3  -4  -4   3   1  -3   0  -1  -3  -3  -1  -3  -2   5    0   0   0   0   0   0   0   0   0   8  11   0   0   0   0   0   0   0   0  81  0.61 0.13
    5 K    -1   1  -1  -2  -4   3   0  -2  -1  -4  -3   5  -2  -3   2   0  -1   4  -2  -3    0   0   0   0   0  17   0   0   0   0   0  60   0   0   8   8   0   7   0   0  0.63 0.15
    6 C    -2  -4  -4  -4   7  -3  -4  -4  -4   3   0  -3   6  -2  -4  -3  -2  -3  -3   1    0   0   0   0  31   0   0   0   0  28   0   0  33   0   0   0   0   0   0   9  0.85 0.24
    7 L    -2  -2   0  -3  -2  -2  -1  -4  -2   1   3  -1   0   3  -3  -2   0  -2   0   1    0   0   6   0   0   0   5   0   0   8  40   5   0  18   0   0   7   0   0  10  0.24 0.11
    8 T     0  -1   0   3  -3   1   1  -2  -2  -3  -3   0  -2  -4   2   1   2  -4  -3  -2    5   0   0  27   0   6  10   0   0   0   0   7   0   0  12   9  24   0   0   0  0.43 0.14
    9 K     0   1  -1   4  -3   1   3  -2  -1  -3  -1   2  -2  -3  -2   0  -1  -4  -3  -3   10   5   0  27   0   4  22   0   0   0   8  18   0   0   0   4   0   0   0   0  0.38 0.14
   10 N    -1  -1   1   1  -3   2   3  -2   2   0  -1   0  -1  -3  -2   1   0  -3  -2   0    0   0   8   7   0  14  27   0   7   7   4   4   0   0   0   9   5   0   0   8  0.25 0.12
   11 E    -1   3  -1   0  -3   2   3  -3  -1  -1  -2   3  -2  -3  -2   0   0  -4  -3  -1    4  17   0   4   0  12  21   0   0   5   0  21   0   0   0   4   7   0   0   3  0.34 0.13
   12 Q    -2   2   1   3  -4   2   1  -2  -1  -3  -3   4  -2  -4  -2  -1  -1  -4  -3  -1    0  11   5  21   0  14   5   0   0   0   0  34   0   0   0   0   0   0   0   8  0.44 0.16
   13 A     2  -1   2   1  -2   1  -1  -1  -2   0  -1   1  -1  -3  -2   1  -1  -3  -2   0   30   0  12   9   0   7   0   0   0   4   5  11   0   0   0   8   0   0   0  11  0.16 0.10
   14 E     0   0   1   1  -3   1   1   1  -1  -2  -1   3   0  -3  -2   0  -1  -3  -2  -1    8   0  10  10   0   5   6  14   0   0   5  28   4   0   0   4   0   0   0   5  0.20 0.10
   15 I    -2  -4  -4  -5  -2  -4  -4  -5  -4   6   1  -4   2   1  -4  -3  -2  -3  -2   3    0   0   0   0   0   0   0   0   0  64   3   0   6   6   0   0   0   0   0  20  0.81 0.26
   16 V     1  -2  -2  -3  -2  -1  -2  -3  -2   1   0  -1  -1   2  -3   0  -1  -2   2   3   18   0   0   0   0   3   0   0   0   5   3   5   0  12   0  11   0   0  11  33  0.22 0.14
   17 K    -1   2   2   2  -4   0   2  -2  -1  -4  -3   4  -3  -1  -2  -1  -1  -4  -2  -3    5  12  13  15   0   0  14   0   0   0   0  33   0   4   0   0   3   0   0   0  0.43 0.17
   18 L     0  -1  -2  -1  -2  -1  -2   0   2   1   2  -2   0   1  -3  -2  -2  -2   2   0    7   3   0   5   0   3   0  11   7  13  33   0   0   5   0   0   0   0   8   6  0.13 0.10
   19 Y    -2  -3  -3  -4  -3  -2  -3  -4   3  -1   0  -3  -1   3  -4   0   0   6   4   1    0   0   0   0   0   0   0   0  11   0  11   0   0  17   0   8   6  12  21  14  0.52 0.19
   20 S     0  -1   1   0  -3   0   2   0  -2  -3  -1   1  -2  -3  -2   2   0  -4  -3  -2    6   0   8   4   0   0  22   6   0   0  10  13   0   0   0  28   3   0   0   0  0.26 0.14
   21 S     0   0   2   1  -2   0   1  -2  -1  -1  -1  -1  -1  -3  -2   2   2  -3  -2   0    4   5  14   7   0   4   9   0   0   0   7   0   0   0   0  20  17   0   0  11  0.18 0.11
   22 G    -1  -1  -1  -2  -3   1   1   4  -2  -3  -3   1  -2  -3  -2   0   1  -3  -3  -1    1   0   0   0   0   8   9  48   0   0   1  11   0   0   0   4  10   0   0   7  0.48 0.17
   23 N     0  -1   2   1  -2   0   3  -2  -1  -2  -1   1  -1  -1  -1   0   1  -2  -2  -2   11   1  12   4   0   1  34   1   0   1   5   7   0   4   1   4   8   0   1   1  0.24 0.10
   24 Y    -2   1   0  -2  -3  -1  -2  -3   1   0   0   2   3   2  -3  -2  -1  -1   3   1    1   7   5   0   0   0   0   0   4   5   4  17  14  11   0   0   0   0  15  14  0.19 0.13
   25 T    -1  -1   3  -2  -3  -1  -2  -2  -2  -3  -3   2  -2  -4  -2   2   5  -4  -3  -2    0   0  19   0   0   0   0   0   0   0   0  16   0   0   0  19  46   0   0   0  0.66 0.28
   26 Q    -2   1  -1   0  -3   3   0  -3   3  -1  -1   3  -1   0  -2   0  -1  -3   0   0    0   7   0   6   0  18   0   0   9   3   5  28   0   5   0   6   2   0   3   8  0.25 0.16
   27 Q     2   1   2   0  -3   0   1  -2   2  -3  -3   2  -2  -3  -2   0   1  -3   0  -2   21   6  16   3   0   2  10   0   6   0   0  18   0   0   0   3  11   0   3   0  0.27 0.14
   28 E     1  -1  -1   2  -4   2   4   0  -2  -4  -4   1  -3  -4  -2  -1  -1   2  -3  -3   14   0   0  14   0  12  42   6   0   0   0   6   0   0   0   0   3   3   0   0  0.55 0.23
   29 L    -1  -3  -1  -3  -2  -3  -3   1  -3   2   3  -3   1  -1  -3  -2   1  -3   0   1    4   0   3   0   0   0   0  11   0  19  37   0   3   0   0   0  14   0   3   7  0.26 0.15
   30 A     5   0  -3  -3  -2  -2   0   0  -3  -3  -3  -2  -2  -4  -2   1  -1  -4  -3   0   70   6   0   0   0   0   5   5   0   0   0   0   0   0   0   7   0   0   0   6  0.68 0.30
   31 D     2   3   1   0  -3   0   1  -2  -2  -3  -3   2  -2  -4   1   2  -1  -4  -3  -3   20  19   7   5   0   2  10   0   0   0   0  11   0   0   5  21   0   0   0   0  0.34 0.16
   32 W    -1   0  -1  -1  -3   3   0  -1   4  -2   0   2  -1   1  -3  -1  -2   2   3  -2    2   3   0   3   0  19   3   5  14   0  11  16   0   6   0   3   0   2  12   0  0.27 0.16
   33 Q    -3  -3  -3  -3  -3  -2  -1  -4   2   1   1  -3  -1   5  -4  -3  -1  -1   4   0    0   0   0   0   0   2   6   0   6   9  13   0   0  37   0   0   4   0  16   8  0.51 0.21
   34 G    -2   0   1   2  -4  -2  -2   6  -2  -5  -5  -1  -4  -4  -3  -2  -3  -4   0  -4    0   6   7  11   0   0   0  67   0   0   0   4   0   0   0   0   0   0   5   0  0.96 0.29
   35 V    -1  -3  -3  -3   5  -3  -3  -1  -3   3  -1  -1  -1  -2  -3  -2   1  -3  -2   3    0   0   0   0  17   0   0   6   0  23   0   6   0   0   0   0  13   0   0  32  0.41 0.20
   36 S     0  -2  -1   0  -2  -1  -1  -2  -2  -3  -3   0   1  -3   2   4   1  -3   1  -2    6   0   0   6   0   0   0   0   0   0   0   6   6   0  10  54   5   0   5   0  0.47 0.24
   37 V     1   1   0  -2  -2  -1   0  -2  -2   0  -1   1  -1   0   1   0   1   1  -1   2   15   9   5   0   0   0   5   0   0   0   3  11   0   6   6   6   9   2   0  24  0.10 0.11
   38 D     0   4  -1   3  -3   0   1  -1  -2  -4  -4   2  -3  -4  -2   1   0  -4  -3  -3    8  34   0  20   0   0   6   3   0   0   0  11   0   0   0  15   3   0   0   0  0.48 0.21
   39 T    -1   0  -2  -2  -2  -2  -2  -3  -3  -2  -2   0  -2   2  -3   2   5  -3  -2   0    0   5   0   0   0   0   0   0   0   0   0   5   0  10   0  17  50   0   0   9  0.54 0.29
   40 I     1  -3  -1  -3  -2  -3  -1  -1  -3   3   1  -3   0   1  -3  -2  -1  -3  -2   3   12   0   5   0   0   0   5   4   0  29   8   0   0   8   0   0   0   0   0  29  0.30 0.19
   41 R    -1   3   1  -1  -4   1  -1   3  -2  -4  -4   2  -3  -4  -3   2  -1  -4  -1  -4    0  16   5   3   0   5   0  29   0   0   0  20   0   0   0  19   0   0   3   0  0.46 0.22
   42 R     0   5  -2   1  -4   1   0  -1   2  -4  -3   1   1   0  -3  -2  -2  -4  -2  -3    8  47   0   9   0   6   5   6   7   0   0   4   5   4   0   0   0   0   0   0  0.57 0.29
   43 V     0  -4  -4  -1  -2  -3  -3  -4  -4   3   0  -3  -1  -2   2  -2   1   3  -2   4    8   0   0   3   0   0   0   0   0  21   5   0   0   0   9   0   8   5   0  41  0.48 0.27
   44 L    -2  -2  -3  -3  -2  -2   0  -3  -3   2   3  -1   0  -1  -3  -1   1  -3  -2   2    1   0   0   0   0   0   7   1   0  15  42   5   0   0   0   5  10   0   0  13  0.31 0.19
   45 K     0   2   0   1  -3   1   0  -1  -2  -3  -3   4  -2  -4   0   1   0  -4  -3  -2    8  12   3   7   0   5   4   4   0   0   1  34   0   0   4   9   6   0   0   3  0.35 0.22
   46 N     0   2   3   0  -4   1   4  -3  -2  -1  -2   1  -3  -4  -3  -1   0  -4  -3  -3    9  10  18   3   0   3  36   0   0   4   3   7   0   0   0   0   4   0   0   0  0.48 0.30
   47 A     0   1  -1  -2   0   1   0   0   2  -1   0   1   0   0   0   1  -1  -2   1   0    5   7   2   0   3   6   4   6   9   3   9   8   3   4   5  13   0   0   5   7  0.04 0.07
   48 E     0   1  -1   1  -3   1   2   1   1  -3  -3   2  -2  -2  -2   0   0  -3   1  -1    8   8   0   9   0   6  14  11   5   0   0  14   0   0   0   8   8   0   5   3  0.19 0.12
   49 E     0  -1  -1   2  -3   1   1   0  -1  -2  -1   2  -2  -2   1  -1  -1  -3   0  -2   10   0   0  16   0   9   9   8   0   0  10  22   0   0   8   1   0   0   5   0  0.21 0.15
   50 A     2  -2   0  -1   2  -1   1   0  -2   0  -2   0  -1  -3  -2   1   1  -3  -2   1   24   0   6   0   6   0  12   7   0   6   1   6   0   0   0  10   7   0   0  11  0.15 0.14
   51 K     0   1  -1   1  -2   1   1   0  -1   0   0   1  -1  -2  -2   0   1  -3  -2   0    8   8   0   8   0   8   8   8   0   8   8   8   0   0   0   8   8   0   0   8  0.07 0.07
   52 R     0   1   1  -1  -3   0   1  -2   1  -2  -1   1  -1   1   1   0  -1  -2   1  -1   11  10   8   0   0   4   8   1   4   0   6  12   0  10   8   6   0   0   6   5  0.12 0.12
   53 P    -1  -1   0   1  -3  -1   0  -2  -2  -1  -1   0  -2  -1   5   0   0  -3  -2  -2    4   3   3   8   0   1   4   1   0   4   8   7   0   3  37   9   4   0   1   1  0.55 0.21
   54 K     1   1  -1  -2  -2   0   1   1   0  -2  -1   2  -1   1   0   0  -1   2   0  -1   15   5   1   1   0   4   8  10   2   1   7  22   0   7   3   3   1   4   3   3  0.13 0.12
   55 V     1   0   0  -2   0   0  -1   1  -2   0  -1   1  -1  -1  -2   0   0  -2  -1   1   11   5   5   1   2   3   3  10   0   4   5  14   0   3   1   5   6   0   2  21  0.05 0.08
   56 T    -1   0  -2   1  -2   1   1  -1  -2   0   0  -1  -1  -2   4  -1   0  -3  -2   0    5   6   1   8   0   8  12   4   0   5  11   1   0   1  19   1   7   0   0  10  0.23 0.14
   57 I     0  -1  -2   0  -2  -1   0  -2   0   1   0   0   1  -1   1  -1   1  -2   0   2    7   3   1   5   0   1   8   1   3  12   9   6   3   1   6   1  12   0   3  18  0.08 0.09
   58 S     0   1   0  -1  -2   1   0   0  -1  -1  -1   2  -1  -1   0   1   1  -2  -1   0    4   8   2   3   0   6   3   7   0   4   6  16   0   2   3  13  11   0   2   8  0.08 0.07
   59 G     1   0  -1  -2  -2  -1   0   3  -2  -2  -2   1  -2   1   2   1   0  -2  -2  -2   10   6   1   1   0   1   7  25   0   1   4   9   0   9   9   9   6   0   1   1  0.21 0.13
   60 D     1  -1   2   3  -3   0   2  -2  -1  -3  -3   0  -2  -1  -1   1   1  -3  -2  -1   11   1  11  19   0   3  17   1   0   1   1   5   0   3   2  14   8   0   0   4  0.27 0.16
   61 I     0  -1  -2  -2  -2   1   0  -2  -2   2   0   1  -1  -1   2  -1   1  -3  -2   2    5   1   1   1   0   9   4   1   0  13   7  13   0   2  10   3  11   0   0  19  0.16 0.14
   62 T     0  -1   0   1  -2   1   1  -2  -2  -1  -1   2   0  -1  -2   0   2  -3  -2   1    8   1   3  11   0   5   8   1   0   2   4  18   4   2   1   5  14   0   0  13  0.14 0.13
   63 V     0   0  -1  -2  -2   0  -1  -1  -2   1   1   1   0  -1  -1   0   0  -3  -2   1   10   3   3   1   0   6   1   5   0  13  12  12   0   3   2   7   5   0   0  16  0.07 0.09
   64 K     1  -1  -1  -1  -2   1   1   0   0  -1  -2   2  -2  -3   1   0   1  -3   0   0   12   1   2   3   0   8  10   5   2   3   1  20   0   0   7   5   9   0   3   8  0.15 0.13
   65 V     1  -1  -2  -1  -2   0   1   0   0   0   0   0  -1  -2   2   0  -1  -3   0   2   13   3   0   2   0   2  10   6   3   3   9   4   0   0  10   4   2   0   3  24  0.10 0.12
   66 N    -1  -1   2   0  -3   1   1   1   3  -2  -3   1  -2  -3  -1   1   1  -4  -2   0    3   0  12   3   0   5   9  10  10   0   0   9   0   0   3  14  10   0   0  10  0.21 0.17
   67 S     0  -1  -1   1  -2   1   1   0  -2   0   0  -1  -1  -2   2   0   0  -3  -2   0    4   2   1   9   0   9  12   8   0   7  10   2   0   0   9   8   6   0   0  10  0.11 0.10
   68 D     0   0   0   3  -3   1   2  -2  -2   0  -2   1  -2  -1  -1   0   0  -3  -2   0    8   4   3  22   0   5  16   0   0   5   1   9   0   3   2   7   4   0   0   9  0.22 0.16
   69 A     2  -2  -1   0  -2  -1   1   0  -2  -1  -1   0  -1   0   0   1   1  -3  -2   0   22   0   2   4   0   2  10   6   0   0   7   6   0   5   3  12   9   0   0  11  0.11 0.12
   70 V    -1  -1  -2  -1  -3   0   0  -1  -2   1   0   2  -1  -2   3   0   0   1  -2   1    3   0   0   3   0   2   7   5   0   8  10  16   0   0  18   5   5   3   0  14  0.20 0.15
   71 I     1  -1   0  -1  -2   0   1  -2  -2   1   0   0   1  -1   1   0   0  -3  -2   1   16   0   5   3   0   3  11   1   0   9   9   5   5   3   6   6   4   0   0  14  0.08 0.09
   72 A     1   0  -1  -1  -2   0   1   1   0  -1  -2   1  -2  -3   2   0   0  -3  -2   0   18   3   0   2   0   3  12  10   3   5   3  12   0   0  10   7   5   0   0   7  0.14 0.11
   73 P     0   0  -1  -2  -3   0   1  -2  -3  -3  -2   2  -3  -4   6   0   1  -4  -3  -1    6   3   3   0   0   3   9   2   0   0   3  13   0   0  38   4  10   0   0   5  0.68 0.30
   74 V     0  -2  -2   1  -3   0   2  -3  -2   0   0   1   2  -2  -3  -1   1  -3  -1   2    6   0   0   7   0   4  16   0   0   3   6   8   7   0   0   3  10   0   2  25  0.18 0.18
   75 A     3   0   2   0  -3  -1   1  -2   1  -3  -3   2  -3  -4   1   0   1  -4  -3  -2   28   5  10   5   0   0  12   0   5   0   1  13   0   0   8   3   9   0   0   0  0.31 0.22
   76 K     0   0   0   1  -2   1   1   0  -2   0  -1   2  -1   0  -2   1   0  -3  -1   0    8   2   2   8   0   5   9   8   0   6   6  16   0   4   0  14   4   0   1   7  0.08 0.09
   77 S     1  -1  -1   1  -3   0   1   0  -2  -2  -2   0  -2   0   2   1   1  -3   0  -1   11   1   0   8   0   4   9   6   0   2   2   7   0   5  13  12  10   0   5   3  0.17 0.13
   78 D    -1   1   2   1  -4   1   3  -1   0  -2  -3   2  -3  -4  -1   1  -2  -4  -3  -2    5   5  13   8   0   6  20   5   2   4   0  17   0   0   2   9   0   0   0   3  0.31 0.21
   79 I    -1  -3  -3  -2  -1  -1  -1  -4  -1   2   1  -2   0   2   2  -2  -1  -3   0   3    4   0   0   2   1   3   5   0   1  17  16   1   1   8   9   3   1   0   3  22  0.23 0.19
   80 I     0  -1  -1  -1  -3  -1  -1  -3   0   1  -1   1  -1  -3   5   0   0  -4  -2   1    5   2   2   3   0   1   4   1   3  11   6   8   1   0  27   6   7   0   1  12  0.37 0.22
   81 W    -1   1  -3  -3  -1   0  -2  -3   3  -1  -2  -1  -1   3  -3   0  -2   7   5   0    3   7   1   1   1   4   2   1   7   3   1   4   2  12   1   7   1  15  22   6  0.61 0.32
   82 N    -1  -3   3   0  -3  -1   0  -2  -1   2   0  -2   0  -2  -3   0   2  -4  -3   1    5   0  16   4   0   1   5   2   2  19   5   0   3   1   0   8  18   0   0  11  0.23 0.22
   83 A     3  -3  -1  -3  -3  -2  -2   0  -1   3   0  -2   2  -2  -3  -1  -1  -4  -2   1   31   0   4   0   0   1   2   7   1  23   9   1   5   1   0   4   2   0   1   6  0.32 0.28
   84 S     1  -1   2  -1   0  -1  -1   1  -3  -2  -2  -1  -3  -4  -2   3   4  -5  -4  -2    9   2   8   2   2   1   2  10   0   1   3   3   0   0   1  26  28   0   0   1  0.45 0.36
   85 K     0   0   1   2  -4   1   2   1  -2  -4  -3   2  -2  -3   2   1   0  -4  -3  -3    7   4   7  13   0   5  12  10   0   0   1  13   1   1  11   9   4   0   1   1  0.30 0.22
   86 K    -1   0   2   2  -4   2   1   0   0  -4  -3   3  -3  -2  -3   1  -1  -4  -1  -3    3   4  12  13   0  10   7   8   2   0   2  19   0   2   0  11   3   0   2   1  0.32 0.25
   87 F     1  -1   2  -2  -1  -1  -2   0   0  -2  -2   0  -2   3  -2   3   1   0  -1   0   10   2  10   2   1   2   0   6   2   2   2   6   0  14   1  25   7   1   1   7  0.21 0.24
   88 I    -1  -4  -5  -5  -3  -1  -4  -5  -5   5   2  -4   2   0  -3  -4  -2   1  -3   4    4   0   0   0   0   4   0   0   0  31  22   0   5   3   1   0   1   2   0  26  0.73 0.41
   89 S    -1  -2   2  -2  -1   0  -2  -4   0  -3  -4  -2   0  -5  -4   3   6  -5  -4  -1    3   2   8   1   1   3   1   0   2   1   0   1   2   0   0  21  48   0   0   4  0.86 0.55
   90 I     0  -5  -5  -3   2  -4  -5  -5  -5   4   1  -4   2   2  -2  -2  -3  -4  -3   4   10   0   0   1   4   0   0   0   0  31  11   0   4   7   2   2   0   0   0  27  0.64 0.39
   91 T     1  -4  -3  -3  -3  -4  -3  -4  -3   1  -1  -4   0   4  -4  -2   3  -3   3   3   12   0   1   1   0   0   1   0   0   8   4   0   2  22   0   1  18   0   9  20  0.52 0.38
   92 V    -1  -1  -3  -2   1  -2  -1  -2  -2   2   2  -1   1   1  -1  -1  -1   1  -1   2    5   3   0   2   3   1   3   2   1  17  18   3   4   5   2   4   1   2   2  20  0.17 0.17
   93 D     0  -2   3   5  -5  -2   1   2   0  -5  -3   0  -4  -5  -1  -1  -2  -5  -4  -4    8   1  12  34   0   1   8  17   2   0   3   6   0   0   3   2   1   0   0   0  0.63 0.39
   94 G    -2   0   1   2  -5  -1   1   5  -4  -5  -4  -2  -5  -5  -4  -1  -2  -5  -3  -5    1   5   6  12   0   2  11  52   0   0   2   1   0   0   0   5   2   0   1   0  0.88 0.48
   95 V    -2   1   0   0  -1   1   2   2  -1   0  -2   2  -2  -2  -2  -1  -1  -4  -2   0    1   8   3   3   1   7  15  15   1   9   2  15   1   2   1   4   2   0   1   9  0.16 0.19
   96 T     0  -3  -1   0  -3  -1  -1  -3  -3  -1  -1   0   3  -3   4   1   3  -4  -3   0    6   0   2   5   0   3   2   1   0   4   5   6  10   0  19  12  18   0   0   6  0.35 0.29
   97 Y     0  -2  -2  -3  -3   1  -1  -3   3   0  -1  -2  -2   2   1  -1  -1   1   4   0    7   0   1   0   0   8   4   1   7   6   6   2   0  10   8   5   4   2  20   8  0.29 0.24
   98 N    -2   1   2  -1  -2   0   1  -2   3  -1  -2   1  -1  -1  -3   0   3  -3  -1  -1    1   7  12   2   1   4  10   2   8   5   2   7   1   3   0   7  20   0   2   5  0.21 0.21
   99 A     2  -2  -3  -3  -3  -1  -3  -3  -3   2  -1  -2   1  -1  -3   0   2  -4  -2   2   24   2   0   0   0   3   0   0   0  13   5   1   4   3   0   6  17   0   1  19  0.34 0.30
  100 T    -1  -1  -1   2   0  -1  -1  -3  -3   3   0  -1   0  -1  -1   0   1  -3  -2   2    4   3   2  17   2   1   3   1   0  21   5   3   2   2   2   5  12   0   1  14  0.18 0.19
  101 P     1  -1   1   2  -3   0   0  -1   0  -2  -3   1  -1  -3   4   1   0  -3  -3  -2   13   3   6  11   0   3   5   3   2   2   1   7   1   1  24  11   5   0   0   2  0.37 0.22
  102 N     0   1   1   2  -3   0   1  -1   1  -2  -2   2  -1  -3  -1   1   1  -4  -3   0    7   6   6  10   0   4   7   3   3   1   2  13   2   0   1  15   8   0   0   9  0.16 0.16
  103 T     0  -1  -1   3  -1  -1   1   0  -1  -4  -4  -1  -3  -1  -3   3   3  -4  -3  -3    5   2   2  16   1   1   9   8   2   0   1   2   0   3   0  27  20   0   0   0  0.44 0.34
  104 H    -1  -3   1   2  -4  -1  -2  -4   8  -4  -3   0  -4  -2  -2   1  -2  -4   1  -4    4   0   7  12   0   2   1   1  42   0   3   7   0   2   1  11   3   0   3   1  1.01 0.52
  105 S     0  -3  -2   0  -5  -2   1  -4  -4  -2  -4   1  -2  -5   6  -2   0   0  -5  -1   10   1   1   5   0   1  11   0   0   3   1   7   1   0  47   2   5   1   0   4  1.02 0.54
  106 N    -1   1   5  -1  -4   0   1  -1   2  -1  -3   1  -1  -4  -2   0   0  -5  -3  -1    3   8  33   1   0   4  10   4   5   4   2   8   2   0   2   7   4   0   0   4  0.42 0.33
  107 F    -2  -5  -5  -6  -1  -5  -5  -4  -1  -3  -1  -5   0   7  -6  -5  -3   3   6  -2    4   0   0   0   1   0   0   1   1   0   6   0   2  51   0   0   1   4  24   2  1.51 0.68
  108 Q     0   0   1   2  -4   1   3   0   1  -3  -3   2  -2  -4  -1  -1  -1  -4  -2  -3   10   5   5  15   0   7  19   6   3   1   1  17   1   0   2   2   3   0   1   2  0.32 0.25
  109 E     2   1  -1   1  -3   2   2  -1  -2  -3  -3   2  -3  -2  -1   0   0  -4  -3  -2   20   6   2   9   0   9  16   3   0   1   1  17   0   1   3   5   4   0   0   2  0.30 0.25
  110 I     2  -3  -4  -4  -1  -3  -3  -4  -4   4   2  -2  -1  -1  -1  -1  -1  -4  -1   3   20   0   0   0   1   0   0   1   0  23  16   2   0   2   3   3   2   0   1  24  0.44 0.31
  111 L    -1   2  -2  -3   1  -1  -1  -2  -1   1   2   1   2  -1  -3  -1  -1  -3  -1   2    4  14   0   0   3   2   3   3   2   9  19  11   5   3   0   3   2   0   1  15  0.16 0.17
  112 N     0   0   0   2  -3   2   3   0  -1  -2  -2   1  -2  -4  -2   0   0  -4  -2  -2   10   4   4  14   0   9  24   6   1   2   3   7   1   0   0   6   5   0   1   3  0.30 0.23
  113 L     3  -1  -2  -2   2   0   1  -1   1  -1   1   0   1  -1  -3  -1   0  -3   0  -2   29   3   0   1   4   3  10   5   3   2  16   7   4   3   1   2   5   0   3   1  0.16 0.20
  114 L    -2  -4  -4  -3  -1  -2  -4  -5  -4   3   4  -3   2   0  -4  -4  -3   0   0   1    3   0   0   2   1   1   1   1   0  20  49   2   4   3   0   1   1   1   3   8  0.69 0.38
  115 V     1   2   0  -2  -3   1   0  -2  -2   0   0   3   0  -2  -3   0   0   0  -2   1   11  11   3   0   0   5   4   1   0   4   9  21   3   1   0   7   7   2   0  10  0.16 0.19
  116 A     2   0   1   2  -3   1   2   0  -2  -3  -2   0   0  -4  -3   1   0  -4  -3  -2   25   6   5  12   0   5  12   6   0   0   3   6   3   0   0   9   5   0   0   3  0.25 0.23
  117 D    -1  -1   1   3  -4  -1   1   3   2  -2  -4   2   0  -4  -2  -1  -3  -4  -4  -3    4   3   8  16   0   2   9  28   5   2   0  14   3   0   1   3   0   0   0   1  0.44 0.32
  118 K     1   1   1   5  -4   2   2  -2  -3  -4  -3   1  -4  -5  -2  -1   0  -5  -4  -3   10   7   7  33   0   8  10   3   0   0   2   7   0   0   1   3   5   0   0   2  0.54 0.37
  119 L     0  -1  -1  -2  -3  -2  -1  -3   1   2   0  -2  -1   2  -2  -1  -1   4   1   2    9   4   2   3   0   0   5   2   3  12   9   2   0  10   2   3   2   7   5  18  0.19 0.20
  120 E    -1  -1   1   4  -5   0   4  -4   0  -3  -3   0  -4  -3  -1  -1   0  -5  -4  -1    5   3   7  24   0   3  30   0   2   2   2   4   0   1   3   4   5   0   0   4  0.55 0.39
  121 E     1   0  -1   1  -3  -1   3   0   0  -2  -2   1  -3  -1   0   0   1  -4  -1  -3   13   4   2   6   0   1  24   6   2   3   4   9   0   3   3   5  11   0   3   0  0.22 0.23
  122 A     3  -1  -2  -2   0  -1  -1  -2  -3   1   1  -1  -1   0  -3  -1   0  -3  -2   2   27   3   2   2   2   2   3   3   0   7  16   3   1   5   0   2   5   0   1  18  0.21 0.23
  123 A     0   1  -1  -2  -1   0   1  -2  -2   2   1   0   0   0  -1  -1   1  -3   0   1    8   9   2   0   1   3   9   2   0  15  13   4   1   4   3   4   9   0   4  10  0.07 0.12
  124 Q     0   0   0   2  -4   2   3  -1   1  -2  -2   1  -3  -4   0   1   0  -4  -3  -2    8   5   3  14   0   8  19   4   3   2   3   7   0   0   5  10   7   0   0   3  0.26 0.22
  125 K     1   0  -2  -2   0  -1  -1  -4   1   1   3  -1   2   0  -4  -3  -1  -3  -1  -1   12   4   2   2   2   2   5   0   3   8  39   4   5   4   0   0   2   0   2   3  0.29 0.27
  126 I     1  -2  -3  -2  -3  -3  -2  -4  -1   3   1  -3   3   2  -4  -1  -1  -3   1   2   13   2   0   3   0   0   3   0   2  22  15   0   7  10   0   3   3   0   4  12  0.30 0.25
  127 N    -1  -1   2   4  -1   0   1  -2   0  -4  -2   0   1  -2  -3   2   0  -5  -4  -2    3   3   9  30   1   4   9   2   2   0   4   4   4   1   0  14   7   0   0   2  0.42 0.32
  128 V    -1  -2  -2  -1  -3  -2  -2  -2  -3   3   0  -1   0   0   2  -1   0   0  -1   3    4   2   2   3   0   1   3   2   0  22   8   3   2   3  10   3   6   1   2  22  0.25 0.23
  129 R     1   2  -2  -2  -3   0   1   0   0  -1  -2   2   0  -1   1   0   0  -3  -2   0   11  11   0   0   0   4  10   8   2   4   3  17   2   3   7   6   4   0   0   7  0.15 0.16
  130 R     0   1   0  -1  -4   1   2  -1   1  -1  -3   3   0  -3  -1   0   1   0  -2  -1    7   7   3   3   0   4  12   4   3   4   0  25   2   0   2   5  11   1   1   4  0.23 0.23
  131 A     3  -1  -1   0  -1   0   1   0   0  -2  -2   0   0  -1   0   0   0  -1  -1   0   30   3   2   5   1   4  10   5   2   1   2   6   3   4   4   7   4   1   1   7  0.15 0.18
  132 V    -1  -3  -5  -5  -1  -4  -2  -5  -2   5   1  -4   0  -1  -4  -3  -1  -5  -3   4    5   1   0   0   1   0   3   0   1  34  14   0   1   2   0   1   4   0   0  32  0.76 0.41
  133 E     1   0   0   0  -4   1   4  -3  -1  -2  -2   2  -2  -3  -2   1  -1  -4  -3   0   13   5   4   3   0   4  28   1   1   2   3  12   1   1   1   8   4   0   0   8  0.30 0.26
  134 K     0   1   1   2  -3   0   2  -2   1  -2  -3   2  -2  -4  -3   1   1  -4  -3   0    8   7   5  11   0   3  17   1   3   2   1  14   1   0   0  10   8   0   0   8  0.25 0.21
  135 Y     1  -1   0  -1  -3   0  -1  -2   0  -1   0  -2  -1   3  -4  -2  -1   4   4   0   13   3   6   3   0   5   3   2   2   3   7   2   1  14   0   2   4   7  19   5  0.32 0.24
  136 I     0  -2  -1   0  -1  -1   0  -1  -3   0   1  -1  -1  -2  -2   3   2  -4  -2   0    6   1   3   6   1   1   5   5   0   7  14   2   1   1   1  27  14   0   1   5  0.19 0.21
  137 S    -1  -1   1   2  -4   1   2   1   0  -2  -3   2  -2  -2  -1   1   0  -4  -2  -1    2   1   5  15   0   6  13  12   2   2   1  14   1   2   2  11   7   0   1   4  0.23 0.19
  138 G    -2  -5   0   1  -1  -3   0   6  -4  -3  -5  -4  -5  -5  -2  -1  -1  -5  -2  -5    2   0   3   8   1   1   6  64   0   1   1   0   0   0   2   3   4   0   1   0  1.16 0.54
  139 D     0   2   2   2  -4   1   0  -1   1  -1   0   1  -1  -3  -3  -1  -1  -4  -1  -2    9  14  14  15   0   5   4   5   3   3   9  10   1   1   0   1   2   0   2   2  0.20 0.18
  140 V    -1  -4  -4  -5  -3  -4  -3  -5  -4   3   1  -2   0   4  -4  -3  -1  -3   0   4    5   0   0   0   0   0   2   0   0  21  10   2   2  17   0   0   4   0   2  34  0.64 0.36
  141 R    -1   2  -2  -1  -2   1   2  -3  -1   0  -1   1  -1  -2  -3   0   2  -3   0   1    5  11   0   2   1   5  13   0   1   6   4  10   1   2   0   7  16   0   3  14  0.18 0.19
  142 I    -3  -4  -5  -2  -4  -4  -5  -4  -5   4   1  -4   1   1  -2  -2  -2   0   0   5    0   1   0   3   0   0   0   1   0  23  12   0   4   5   2   3   1   1   3  41  0.71 0.40
  143 E    -1   1   0   3  -4   0   2  -2  -2   0  -2   2  -2  -2   0  -1  -1  -4  -3   1    3   7   4  16   0   4  18   3   0   6   2  13   0   2   5   3   3   0   0  12  0.22 0.20
  144 G    -1  -1   4   3  -2  -3   0   4  -1  -3  -5  -1  -4  -5   0  -2  -3  -5  -3  -2    4   3  19  19   1   0   7  32   1   1   0   3   0   0   4   2   0   0   1   4  0.63 0.38
  145 G    -1  -2   0   2  -5  -2   0   5   0  -3  -5  -1  -3  -5  -3  -1  -2  -5  -2  -2    5   1   4  13   0   2   5  50   2   1   0   3   1   0   1   5   2   0   1   3  0.75 0.40
  146 S    -1   1   0   0  -1   2   1  -1   0  -1  -2   1  -2  -2  -3   0   2  -4  -3   1    5   8   5   5   1  13  11   4   2   3   1  10   0   1   0   3  15   0   0  12  0.19 0.20
  147 L    -3  -4  -4  -3   0  -4  -1  -5  -4   3   3  -1   0   0  -4  -3  -3  -4  -2   4    0   0   0   1   2   0   5   0   0  17  25   4   1   3   0   1   0   0   1  37  0.63 0.36
  148 F    -2   0  -2  -2  -3  -1  -1  -4   0   0   1   0   0   3  -3  -2   1  -2   4   0    3   5   2   2   0   3   3   1   2   6  11   5   2  15   0   2  12   0  19   7  0.29 0.22
  149 Y    -2  -4  -4  -4  -4  -2  -4  -4   2  -1   0  -3   1   3   1  -4  -3   5   6   1    3   0   0   0   0   1   0   1   5   3   9   2   3  13   8   1   1   7  33   9  0.81 0.41
  150 Q    -1  -1   2   3  -3   1   1   1   2  -4  -4   3  -3  -2  -3  -1  -1  -4  -1  -3    3   2  11  19   1   4   8  12   6   0   1  21   0   1   0   3   3   0   2   1  0.41 0.27
  151 N     0  -4   2   2  -4  -2  -1   5  -3  -2  -3  -3  -4  -5  -2  -1   0  -5  -4  -3    7   0  11  11   0   2   4  46   0   3   2   0   0   0   2   2   6   0   0   1  0.72 0.38
  152 I    -2   0  -1   2  -3   2   2  -2   1   1  -1   0   0   0  -3  -1  -1  -1  -2   0    2   4   2  11   0  12  16   2   4  13   5   6   2   6   0   3   3   1   0   9  0.16 0.17
  153 E     0  -1   0  -1  -4   1   3  -4  -1  -2  -3   1  -3  -4   4  -1  -1  -5  -2   0    9   2   5   2   0   5  24   0   1   2   2   9   0   0  25   2   2   0   1   8  0.54 0.34
  154 L    -1  -4  -5  -5  -3  -2  -4  -5  -4   4   3  -4   3  -1  -4  -2  -3  -4  -1   3    4   0   0   0   0   2   0   0   0  27  27   0   7   2   0   2   0   0   2  25  0.72 0.38
  155 R     1   0  -1   1  -4   0   0  -3   6  -1  -3   1  -3  -4   3  -1   0  -4  -3  -3   13   5   3  10   0   3   5   1  21   4   2   8   0   0  15   3   6   0   0   1  0.45 0.30
  156 S     0  -1   3   0  -1   0   0   2   0  -1  -3   0  -3  -4   0   2   0  -4  -2  -2    5   2  17   4   1   3   6  19   2   4   1   5   0   0   5  19   4   0   1   2  0.29 0.22
  157 G     1  -1   0  -1  -1   2   0   1  -1  -2  -1   0  -2   0  -1   1   1  -3   1   0   13   2   5   1   1  10   4  13   0   0   5   5   0   4   3  11   9   0   5   8  0.10 0.14
  158 L    -2  -4  -5  -5  -1  -2  -4  -5  -4   3   4  -3   2   1   0  -4  -3   3  -3   2    3   0   0   0   1   1   0   0   0  15  47   2   5   5   4   0   0   4   0  11  0.65 0.35
  159 V     3  -2  -1  -3   0  -2  -1   0  -3  -1   0  -1  -2  -2  -3   0   2  -4  -3   3   25   1   3   0   2   1   3   6   0   1   8   4   0   1   0   6  16   0   0  22  0.27 0.26
  160 D    -1   1   1   3  -4   2   3  -1   2  -4  -4   1  -2  -4  -3   0   1  -4  -2  -3    4   6   5  21   0   7  17   3   6   0   1   9   1   0   0   5   8   0   1   2  0.39 0.25
  161 R    -1   5   0  -1  -5   0   0  -2   3  -3  -3   3  -3  -4  -4  -1  -1  -4  -2  -3    6  39   4   3   0   2   4   2   8   1   2  20   0   0   0   3   3   0   1   2  0.70 0.38
  162 I    -2  -4  -5  -5  -3  -1  -4  -5  -1   5   2  -4   3   0  -4  -4  -3  -4  -1   2    3   0   0   0   0   4   0   0   2  43  21   0   8   4   0   0   0   0   1  12  0.82 0.41
  163 L    -2  -1  -3  -4  -3  -2  -1  -3  -4   4   3  -1   3   0  -4  -2  -2  -3  -1   1    2   3   1   0   0   2   5   2   0  26  29   4   8   3   0   2   0   0   2   9  0.43 0.28
  164 D     0   3   1   2  -4   1   2  -1   1  -4  -2   1  -3  -4  -3   1   0  -4  -1  -3    8  15   5  10   0   6  18   3   3   0   4   9   0   0   0  10   6   0   2   0  0.30 0.22
  165 S     0  -1   0   0  -1   0   0  -3   4   0   1   0   3   2  -2   0  -1   1  -1  -1    6   3   4   5   1   3   4   0  12   4  14   5  12   9   1   8   2   2   1   3  0.14 0.17
  166 M     2  -1  -1  -4  -1  -2  -3  -3   0   3   2  -2   4   0  -4  -1  -2   1   0   0   18   4   3   0   1   1   0   0   3  17  17   1  14   4   0   5   2   2   3   6  0.29 0.25
  167 E     1   1   1   1  -4   1   2  -2   1  -3  -2   2  -1  -2  -3   0   1  -4  -2  -2   11  10   5  10   0   4  18   2   4   0   4  12   2   1   0   7   8   0   1   1  0.24 0.20
  168 K     0   1   2   1  -4   2   2  -1   1  -3  -1   2   0  -3  -3   0  -1  -4  -2  -2    8   6  12   6   0   8  15   4   3   1   7  15   2   1   0   8   1   0   1   3  0.22 0.20
  169 G     0  -1   1   1  -5  -2  -2   6  -4  -5  -2  -1  -4  -5  -3  -3  -2  -5  -5  -5    6   3   7  10   0   2   3  56   0   0   6   3   0   0   1   0   3   0   0   0  0.94 0.47
  170 E     0   0   0   2  -2   0   2   0  -1  -1  -1   1   0   1  -3  -1  -1   1  -1  -1    6   6   3  11   1   2  17   8   1   3   7  10   3   9   0   1   3   2   2   3  0.11 0.13
  171 N    -2  -2   2   5  -4   1   1   0  -3  -4  -4  -2  -4  -2   2   0  -1  -5  -4  -4    3   2  10  37   0   7   8   7   0   0   1   0   0   2  12   7   2   0   0   0  0.65 0.36
  172 F     0  -3  -1  -1  -3  -2  -3  -2  -1   1   1  -2   0   4   0  -1   0   1   2   0    8   0   3   3   0   1   0   3   2  12  16   1   2  19   5   3   6   2   9   5  0.20 0.17
  173 E     0  -1   0   2  -3   1   3  -2   0  -1  -2   2  -2  -2  -2   0   1  -2  -3  -1    8   2   3  10   0   5  20   2   2   5   3  13   1   2   1   5  12   1   0   5  0.19 0.17
  174 F     1   0  -2  -3  -4  -2  -3   3   1  -3  -3   0  -3  -1   5   0  -2  -4  -2  -3   11   5   1   0   0   1   0  25   4   1   3   5   0   3  29   7   2   0   1   1  0.62 0.33
  175 Y    -2  -4  -4  -5  -3  -3  -4  -2  -2   1   3  -4   4   2  -3  -2  -2   4   2   0    3   0   0   0   0   0   0   3   1   7  37   0  12  10   1   4   1   6   8   5  0.56 0.32
  176 F     1  -1  -1  -1  -1   0   0  -2  -3   1   1   0   0  -1  -3  -1   0  -1  -2   2   14   3   2   3   1   5   6   2   0   7  12   5   2   3   0   3   5   1   0  23  0.10 0.13
  177 P     0   2   5  -2  -5   0  -2  -2  -1  -3  -2   3  -2  -4  -1  -1  -1  -5  -4  -4   10  12  34   0   0   2   1   2   1   1   4  23   1   1   3   2   2   0   0   0  0.67 0.40
  178 F    -1  -2  -6  -6  -5  -6  -6  -6  -5  -4  -1  -6   0   9  -6  -5  -5  -3   0  -4    6   2   0   0   0   0   0   0   0   0   5   0   2  81   0   0   0   0   2   0  2.23 0.81
  179 L    -3  -5  -5  -6  -4  -4  -5  -4   1   2   4  -5   5   2  -5  -5  -3   5  -1  -1    2   0   0   0   0   0   0   1   3  10  48   0  15   8   0   0   1   9   1   3  0.94 0.47
  180 E    -1   2   1   2  -5   2   4  -1  -2  -1  -3   1  -2  -4  -3  -2  -1  -5  -2  -3    4  10   6  12   0   9  31   3   0   5   2   9   1   0   0   1   4   0   1   1  0.45 0.30
  181 N    -4   5   4  -1  -5  -2  -1  -4   0  -5  -1   3   0  -5  -4  -1  -3   1  -4  -5    0  39  20   3   0   0   3   0   2   0   6  19   2   0   0   4   0   2   0   0  0.85 0.46
  182 L    -1  -4  -5  -5   1  -2  -5  -5  -5   2   4  -4   2   2  -5  -4  -1   2  -3   1    4   0   0   0   4   2   0   0   0   9  52   0   4   8   0   0   3   3   0  11  0.73 0.39
  183 L     2  -1  -2  -2  -3   1  -1  -3   0   0   0  -1   5   0  -3   0  -1   0   1   0   22   3   1   1   0   7   2   0   2   4  10   2  20   3   0   7   2   1   5   7  0.28 0.26
  184 E     1   1  -1   0  -3   2   0  -1   0   0  -1   1   0  -3  -1   0   1  -3  -1  -1   11  10   2   6   0   9   5   4   2   7   7  11   2   0   2   7  11   0   2   2  0.10 0.12
  185 N    -4   0   7   0   0  -3  -3  -4   1  -1  -2  -1  -3  -5  -4  -1  -1  -6  -4   2    0   6  53   4   3   0   0   0   3   3   5   3   0   0   0   3   2   0   0  14  0.94 0.51
  186 P    -1  -3   0   0  -4   0   0  -3  -3  -1  -2   0   0  -1   6   0   0  -4  -3  -1    4   0   5   5   0   4   5   0   0   4   4   6   3   4  42   5   4   0   0   4  0.71 0.33
  187 S     0   2   1   2  -3  -1   0  -1   3  -3  -2   0  -2  -3  -2   2   0  -3   0  -3    4  16   5  12   0   0   4   4   9   0   5   4   0   0   0  24   5   0   4   0  0.28 0.23
  188 Q     1   1   1  -1  -3   2   1  -2  -1  -3  -1   2  -1   0   2   0  -1  -1   1  -2   12   8   7   3   0  11   7   1   1   0   5  15   2   4   9   4   3   1   6   1  0.18 0.14
  189 K     0   3   1   0  -4   1   1  -3   4  -3  -3   2  -1  -3  -3   0  -1  -4  -1  -1    8  21   6   6   0   4   7   0  14   1   2  15   2   1   0   6   3   0   1   4  0.38 0.24
  190 A     3  -3   0  -3   0  -3  -3  -3  -4   2  -2  -3  -1  -1  -3   4   0  -4  -3   2   24   0   4   0   2   0   0   0   0  13   2   0   1   2   0  33   4   0   0  15  0.50 0.34
  191 V    -1   3  -2  -4  -1   0  -2  -4  -2   3  -1   0   1  -2  -4  -2   0  -4  -2   3    4  20   1   0   1   4   1   0   1  19   1   6   3   1   0   2   4   0   1  29  0.41 0.28
  192 S     0   0   2   3  -4   2   3  -2   0  -3  -2   0  -1  -3  -3   0   0  -4   1  -2    8   3   9  17   0   9  26   1   1   1   3   5   1   0   0   3   5   0   5   2  0.36 0.22
  193 R    -3   3   0   4  -1   3   3  -1   0  -4  -4  -1   0  -1  -3  -2  -1  -4  -2  -4    0  18   4  21   2  12  25   3   2   0   0   0   2   3   0   1   3   0   1   0  0.58 0.32
  194 L    -4  -5  -5  -6  -4  -4  -5  -6  -5   2   6  -5   0   0  -5  -3  -2  -4   0  -1    0   0   0   0   0   0   0   0   0  10  76   0   1   3   0   2   2   0   3   1  1.19 0.48
  195 F    -2  -3  -5  -1  -5  -1  -4  -5  -2  -1   0  -4   3   4   0  -4  -4   2   7  -2    3   1   0   3   0   3   0   0   0   2  10   0   7  20   6   0   0   3  40   2  1.01 0.45
  196 D    -1   0   1   3  -4   0   0   0   1  -2  -2   1  -1  -4   0   0   1  -4  -3  -2    4   6   6  25   0   3   4   8   4   2   5   7   1   0   5   7  11   0   0   1  0.24 0.17
  197 F    -6  -6  -7  -7  -6  -6  -7  -6  -5  -4  -1  -6   1   8  -7  -6  -5   8   2  -4    0   0   0   0   0   0   0   0   0   0   3   0   3  71   0   0   0  20   3   0  2.39 0.75
  198 L    -1  -4  -5  -5   4  -2  -5  -5  -5   3   4  -4   5  -2  -5  -4  -3  -4  -3   1    4   0   0   0   9   2   0   0   0  21  39   0  17   0   0   0   0   0   0   8  0.84 0.39
  199 V     0   0  -1   1  -4   2   4  -1   0  -4  -3   3  -1  -4  -3   1  -1  -5  -4  -2    8   4   2   6   0   7  31   4   1   0   1  18   2   0   0  11   1   0   0   2  0.45 0.27
  200 A     1   1   0   0  -4  -1  -1  -3   5  -1  -3   2  -3   0  -3  -1  -1  -3   3  -1   13   7   3   4   0   1   2   0  20   4   1  16   0   4   0   4   4   0  12   4  0.36 0.25
  201 N     0   0   4  -1   0  -1  -1   1   3  -2  -3   1  -2  -1  -3   0  -1   1   2  -3    7   4  25   1   2   2   2  14   7   2   1   9   1   2   0   8   3   2  10   0  0.32 0.23
  202 D    -2  -1   2   4  -2   1   1   2   1  -5  -5   2  -2  -3  -3  -1  -3  -5  -4  -4    2   1  10  31   1   6   6  18   4   0   0  15   1   1   0   3   0   0   0   0  0.59 0.30
  203 I    -1  -4  -2  -4   0  -3  -4  -4  -1   4   3  -4   2   2  -4  -1   0  -3  -2   2    4   0   2   0   2   0   0   0   2  26  26   0   7  11   0   4   4   0   0  12  0.43 0.26
  204 E     0   0   0   0  -1   0   2  -1  -2  -3  -3   1   0  -4   5   0   1  -4  -2  -1    9   4   4   3   2   3  14   4   0   0   0   8   3   0  27   3  10   0   2   5  0.43 0.24
  205 I    -1  -4  -1  -4  -3  -4  -4  -5   0   5   1  -4   1   1   0  -3  -1  -4  -2   2    4   0   3   0   0   0   0   0   3  44  14   0   4   5   4   0   4   0   0  16  0.55 0.32
  206 T     1  -2   1   1   2   0   0  -1   1  -2  -1  -2   0  -1  -3   0   4   2  -2  -2   10   0   6   9   6   4   4   4   3   0   6   0   3   4   0   4  33   3   0   0  0.28 0.28
  207 E     0   1   1   1  -3   1   1  -2   2  -2  -2   1  -2  -2   1   0   0  -2   1   0    8   8   7   8   0   7   8   1   7   0   1   8   0   0   8   8   8   0   7   8  0.16 0.13
  208 D    -2  -2   2   6  -4   0   2  -3  -2  -4  -4   0  -1  -5  -1   1  -2  -5  -4  -4    2   0   8  56   0   2  12   0   0   0   0   5   2   0   2   9   1   0   0   0  0.94 0.30
  209 G    -2  -4  -1  -1  -4  -3  -4   7  -4  -5  -5  -3  -4  -5  -4  -1  -1  -4  -5  -5    0   0   2   2   0   0   0  86   0   0   0   0   0   0   0   3   3   0   0   0  1.60 0.40
  210 Y    -1   0   1   2   3  -1  -1  -2   1  -1  -1   0   1   1  -2   0   0   0   2  -1    3   6   9  13  10   0   0   0   5   2   4   8   5   5   0   7   5   1  12   4  0.13 0.10
  211 F     0  -4  -4  -4  -3  -4  -4  -4  -4   5   1  -4  -1   4  -4  -3  -1  -3   0   2    7   0   0   0   0   0   0   0   0  42   6   0   0  22   0   0   2   0   2  17  0.63 0.24
  212 Y     0  -1  -2  -4   0  -2  -3  -4  -1   4   1  -1   0   0  -3  -2  -1  -2   2   3    6   3   1   0   2   1   0   0   1  28  15   3   0   2   0   0   2   0  10  24  0.32 0.16
  213 A     4  -3  -3  -3   1  -2  -3   2  -3   0   0  -2  -1  -1  -3   0   0  -3  -3   1   51   0   0   0   3   0   0  13   0   4   9   0   0   3   0   5   3   0   0   9  0.38 0.18
  214 W    -4  -3  -4  -5  -4   0  -4  -5  -1  -1  -1  -1   1   3  -5  -4  -4   6   8  -3    0   0   0   0   0   5   0   0   0   4   6   3   4  11   0   0   0  10  58   0  1.34 0.33
  215 K    -3   4  -2  -3  -5  -1  -2  -4  -3  -5  -5   7  -4  -5  -3  -2  -3  -5  -4  -5    0  18   0   0   0   0   0   0   0   0   0  82   0   0   0   0   0   0   0   0  1.57 0.39
  216 V     1   2   1  -2   2  -1  -1   1   0   0  -1   0   0  -1  -2   0   0  -3  -1   1   13  14   9   0   6   0   2  10   2   4   3   7   2   2   0   3   6   0   3  14  0.08 0.07
  217 V    -1  -4  -4  -5  -3  -4  -4  -5  -4   3   2  -4  -1   0  -4  -3   0  -4  -2   5    4   0   0   0   0   0   0   0   0  14  14   0   0   5   0   0   4   0   0  59  0.74 0.23
  218 R    -1   4   3   2  -1   0   0  -2   0  -4  -3   1  -3  -4  -1   0   1  -4  -3  -3    2  26  14  16   2   3   4   2   2   0   2  10   0   0   2   7  10   0   0   0  0.40 0.17
  219 S     0   0   1   2  -3   1   0   1   1  -1  -3   0   0  -3   0   1   1   2  -3  -1    5   5   8  11   0   5   6  12   4   3   0   7   3   0   5  10   9   3   0   3  0.16 0.15
  220 N    -3   0   2   4  -4   1   0  -1   1  -1  -2   0  -3   0  -3   0   0  -5  -3  -1    0   5  11  31   0   6   6   4   4   4   4   5   0   4   0   5   5   0   0   6  0.37 0.28
  221 Y    -5  -5  -1  -6  -6  -5  -6   1  -1  -4   0  -5   0   5  -4  -5  -5   5   7  -4    0   0   3   0   0   0   0  11   1   0   8   0   3  23   1   0   0   7  44   0  1.46 0.61
  222 F    -2   1  -2  -3  -1  -2   0  -2   0  -1  -1   2   1   0  -3  -1   2   2   1   2    1  10   1   0   2   0   6   3   2   2   5  15   5   4   0   2  19   3   5  15  0.19 0.21
  223 D    -2  -4   0   7  -5  -3  -2  -1  -4  -5  -5  -3  -5  -5  -4   3  -3  -6  -5  -2    2   0   3  57   0   0   0   5   0   0   0   0   0   0   0  27   0   0   0   3  1.36 0.59
  224 C    -1  -1  -1  -1   4   0  -1  -1   1   2  -1   1   0   0   0   0  -1   0   1   0    3   2   2   3  13   3   2   4   5  15   3  11   2   5   5   6   2   1   5   8  0.11 0.13
  225 H    -3   0  -2  -5  -1  -2  -4  -4   8  -5  -5  -4  -4   2  -6  -2  -2   5   5  -5    2   5   1   0   2   1   0   1  45   0   0   0   0   8   0   2   2   8  22   0  1.66 0.65
  226 S     0  -3   0   1  -3  -2  -1   0  -3  -3  -4   0  -2  -4  -1   4   4  -5   0  -3    6   0   4   9   0   0   2   5   0   1   1   5   1   0   2  31  30   0   3   0  0.55 0.37
  227 N    -2   2   2  -1  -5  -3  -3   5  -1  -5  -5   0  -4  -2  -1   0  -3  -5  -4  -5    1  12  11   3   0   0   0  54   1   0   0   5   0   2   3   6   0   0   0   0  0.94 0.44
  228 T    -1   2   1  -1  -4   0  -1   0   0  -4  -4   4  -2  -4  -2   1   4  -5  -4  -2    3   9   5   2   0   3   1   7   2   0   0  27   1   0   1   8  29   0   0   2  0.50 0.34
  229 F    -3  -5  -5  -5  -4  -4  -5  -5  -2   4   0  -4   3   5  -5  -4   0   2   1   3    0   0   0   0   0   0   0   0   1  23   4   1   9  28   0   0   5   2   3  23  0.82 0.40
  230 D    -2   1   1   4  -2  -1   0  -3  -1  -2  -1   2  -1  -1   2  -1  -1  -4  -3  -1    1  10   7  25   1   1   5   0   1   3   5  12   1   3  12   4   4   0   0   4  0.33 0.23
  231 N    -5  -4   6  -3  -6   3  -3  -5   1   1  -5  -4  -4  -3  -2  -3  -4  -4   6  -4    0   0  42   0   0  16   0   0   2   9   0   0   0   0   2   0   0   0  27   0  1.34 0.63
  232 S    -1   2   1  -1  -1  -1   1  -2   0  -4  -3   2  -1  -1   1   2   1   0  -1  -3    4  14   6   2   1   1   7   2   3   0   1  14   1   3   6  20   9   2   2   1  0.25 0.22
  233 P    -2  -4  -4  -2  -1  -2  -2  -5  -5   3   0  -1  -1  -4   4  -1  -1  -5  -4   4    2   0   0   2   1   1   2   0   0  16   7   5   1   0  24   6   2   0   0  32  0.64 0.37
  234 G    -2  -5   0  -5  -6  -5  -2   7  -5  -7  -7  -1  -6  -7  -6  -4  -5  -6  -7  -7    2   0   4   0   0   0   3  87   0   0   0   4   0   0   0   0   0   0   0   0  2.08 0.78
  235 K     0   0   0   1   1   2   1   0  -3  -4  -3   2   0  -4  -3   2   1  -4  -4  -2    8   3   3   9   4  12   7   6   0   0   1  16   2   0   0  18  10   0   0   1  0.31 0.25
  236 V    -1   0  -3  -2  -3  -2   0  -4  -1   1  -1   0   0   0   1  -1   2   1   0   2    4   7   0   1   0   0   7   0   2  10   5   4   2   3   7   2  19   2   4  22  0.20 0.20
  237 V    -2  -5  -3  -5   1  -4  -4  -5   0   3  -1  -4  -1   0   2  -4  -1  -4   0   5    2   0   1   0   2   0   0   0   3  14   4   0   1   4  10   0   2   0   4  52  0.81 0.43
  238 K    -1   1   0  -2   0   0   3  -3   0  -3  -3   1   0   0  -3   2   2   3  -1  -1    2   9   3   0   2   3  25   0   3   0   0   7   3   5   0  18  12   4   1   4  0.34 0.28
  239 M    -2  -4  -4  -5  -4  -1   0  -5  -4   1   0  -4   9  -1  -4  -4  -3  -4  -4   2    4   0   0   0   0   3   6   1   0   5   4   1  56   2   0   1   1   0   0  15  1.44 0.61
  240 P     0   0   0   3  -3  -2  -1  -2  -3  -1  -2   0  -1  -4   6   0  -2  -4  -3  -2    6   5   5  15   0   1   4   2   0   4   3   4   1   1  37   5   1   0   1   3  0.69 0.30
  241 R     0   6  -2  -2  -4  -1   1  -3  -1  -2  -2   0  -1  -4  -1  -2  -1   2  -3  -2    7  52   1   2   0   2  10   1   1   3   4   4   1   1   3   2   3   3   0   2  0.80 0.38
  242 T     0   0   1   0  -3   1   0   0   2   0  -2   0   1   0   1   0   0   3  -1   0    6   6   6   6   0   6   6   6   6   6   1   6   6   6   6   6   6   6   0   6  0.08 0.13
  243 R    -1   0   0   2  -1   1   3  -2   1  -2   0   2   0  -1  -2  -1   0  -3  -1  -2    4   4   3  10   2   7  19   2   4   1  10  17   3   2   1   3   5   0   2   1  0.21 0.14
  244 V    -1  -4  -4  -4   5  -4  -4  -4  -4   1  -1  -2  -2   0  -4  -3  -1  -4   0   5    3   1   1   1  14   1   1   1   0   4   5   3   0   3   1   1   4   0   4  54  0.89 0.35
  245 N    -4  -2   5   6   1  -1   1  -4  -3  -5  -6  -3  -5  -6  -4  -1  -2   0  -5  -2    0   1  28  49   3   2   6   0   0   0   0   0   0   0   0   4   2   1   0   3  1.21 0.45
  246 D    -1  -3   1   5  -2  -1   2  -2   0  -4  -3  -2   0  -2   2   0   0   3  -3  -2    5   0   5  34   1   1  12   2   2   0   1   2   3   2  12   5   7   4   0   2  0.52 0.26
  247 D    -3  -2   5   5  -5  -1   2  -1  -3  -6  -6  -1  -5  -6  -4   0  -3  -6  -5  -5    1   1  30  40   0   1  13   3   0   0   0   2   0   0   0   8   0   0   0   0  1.08 0.39
  248 D    -1   3  -2   1   0  -1   0  -2  -3   0  -3   0  -2  -3   5  -1  -1  -5  -4  -2    3  20   1   8   2   2   7   2   0   6   1   3   1   1  33   5   4   0   0   3  0.62 0.26
  249 T    -1   1   3   2  -1   0   0   0   1  -3  -1   0  -1   0  -2   1   0  -3   1  -2    4   8  20  15   2   4   4   6   3   1   5   4   1   4   1   8   4   0   6   1  0.20 0.12
  250 Q     1   1   2   0  -2   1   0  -1   0   0  -1   0  -1  -3  -1   0   1  -3  -2   0   14   9  14   4   0   8   5   2   3   5   3   6   1   0   2   6   9   0   0   8  0.12 0.09
  251 T     0  -2  -1   1   1   0   1   0   0  -2  -1  -2  -2  -3  -1   1   4  -1  -1  -1    7   1   2   6   3   5  11   7   2   1   5   1   0   0   2  10  30   1   2   3  0.24 0.16
  252 C    -1  -5  -1  -5  11  -4  -5  -4  -5  -4  -4  -4  -4  -4  -4  -2   0  -4  -4  -3    5   1   3   1  76   0   1   1   0   1   1   1   0   0   1   3   5   0   0   1  2.55 0.60
  253 S     1  -3  -2  -2  -3  -2  -1   2   0  -3  -4  -2  -3  -4  -3   5   0  -4  -3  -1   11   1   0   1   0   0   2  18   2   1   1   1   0   0   1  53   3   0   0   4  0.73 0.32
  254 R     1   1   1  -1   0   0   0  -1   1  -2  -2   1  -2   0  -1   0   1  -2   2  -1   13  10   7   1   2   3   6   4   5   1   1   7   0   5   2   7  11   0   9   4  0.11 0.09
  255 G    -2  -4  -3  -4  -4  -4  -4   7  -4  -5  -5  -4  -4  -5  -4  -3  -4  -4  -5  -5    1   1   0   1   0   0   1  90   0   1   1   1   0   0   1   1   1   0   0   1  1.97 0.51
  256 L    -4  -5  -6  -6  -4  -5  -6  -3  -5   1   6  -5  -1   2  -6  -5  -4  -4  -1  -2    0   0   0   0   0   0   0   2   0   6  80   0   0   9   0   0   0   0   2   0  1.35 0.47
  257 H    -5   2   2  -4  -6  -3  -4  -5  10  -7  -6  -4  -5  -5  -6  -1  -5  -6   1  -6    0  11   8   0   0   0   0   0  73   0   0   0   0   0   0   4   0   0   4   0  2.41 0.68
  258 V     0  -4  -5  -5   0  -4  -4  -5  -4   2   0  -4   0   4  -4  -1  -2  -4  -2   5    7   0   0   0   1   0   0   0   0   7   6   0   1  18   0   5   0   0   0  54  0.79 0.33
  259 C     3  -4  -3  -4   7  -4  -4   4  -4  -4  -4  -4  -2  -4  -4   0  -1   3  -4  -3   24   0   0   0  23   0   0  38   0   0   0   0   1   0   0   6   3   4   0   0  1.01 0.36
  260 S     1   0   1  -2  -3  -3  -3  -1  -3  -4  -4  -2  -3   0  -2   4   4  -5  -3  -3   13   5   5   1   0   0   0   3   0   0   0   0   0   4   2  43  24   0   0   0  0.68 0.35
  261 K    -2   1  -2  -1  -3  -1   0  -4   1   0   3   0   0   2   1  -1  -2   2   1  -1    2   7   1   3   0   1   6   0   4   4  34   8   1   8   7   3   1   4   6   1  0.20 0.15
  262 S     0  -1   0   4  -1   1   2   1   1  -4  -4   0  -1  -2  -3   1  -1  -4  -3  -3    8   2   4  24   1   7  15   9   4   0   0   4   2   2   0  14   3   0   0   1  0.35 0.20
  263 Y    -5  -5  -5  -6  -5  -4  -5  -6   0  -4  -3  -1   0   2  -6  -3  -4   8   8  -3    0   0   0   0   0   0   0   0   2   0   1   3   3   8   0   2   0  19  59   1  2.01 0.60
  264 I     3  -4  -4  -4   3  -3  -3  -2  -4   2   2  -3  -1  -1  -3  -2  -2   1  -2   2   30   0   0   0   7   0   0   2   0  16  22   0   0   2   0   1   0   2   1  14  0.42 0.23
  265 R    -1   2   0  -1  -3   0   0   0  -1   0   0   2   0  -1   1   1  -1  -3  -1  -2    2  13   5   2   0   3   3   8   1  10   9  16   2   4   8  11   1   0   2   0  0.12 0.11
  266 H    -2   1   3   0  -1   1  -1   2   4  -4  -3   0  -3  -2  -2   2   0  -4  -1  -4    1   6  14   5   1   7   2  17  12   0   1   4   0   2   2  18   5   0   1   0  0.36 0.22
  267 F    -4  -4  -1  -1  -5  -3  -3  -5   1  -2   0  -4  -1   6  -5  -4  -4   4   6  -3    0   0   3   4   0   1   2   0   3   2   7   0   1  39   0   0   0   5  31   1  1.25 0.45
  268 G     1  -1   0  -1   2  -1  -2   3   1  -3  -3  -2  -1  -1  -1   1  -1   3   1  -2   10   2   4   4   6   2   1  28   4   1   2   1   2   2   2  13   2   4   7   3  0.29 0.17
  269 S     0   0   1   0  -2   0   0   3   0  -3  -2   0  -2  -1   0   1   0  -3   0  -2    9   4   6   4   1   5   4  25   3   1   2   5   0   2   4  15   5   0   3   1  0.21 0.12
  270 S     0  -1   1   2   0   0   0   1   0  -3  -3   0  -2  -1   0   2   0  -3   0  -2    6   2   8  13   2   3   5  12   2   0   1   5   0   2   5  21   6   0   3   3  0.19 0.13
  271 T     1   0   1   1  -3   0  -1   4   0  -2  -3  -1  -3  -1  -3   0   0   0  -2  -2   10   4   6   9   0   3   3  36   2   3   1   4   0   3   0   5   5   1   1   3  0.33 0.18
  272 S     0   1   1   3  -1  -1   0   2   1  -3  -3  -1  -2  -3  -2   0   1  -3   0  -2    7   8   8  20   1   2   5  19   4   0   2   2   1   0   0   7   8   0   3   2  0.25 0.15
  273 R     0   5   1  -2  -4   1   0  -3   2  -1  -2   2  -2  -3  -1  -1   0  -4  -1   0    7  34   7   0   0   5   4   0   6   4   3  10   0   0   2   2   6   0   2   8  0.39 0.23
  274 V    -2  -4  -4  -4   0  -3  -4  -3  -4   4   2  -3   2   2  -4  -2   0   1  -1   3    0   0   0   0   2   0   0   2   0  24  16   1   6   9   0   2   7   2   1  25  0.46 0.24
  275 V    -2  -4  -5  -5  -3  -4  -5  -5  -5   3   3  -4   3   2  -5  -3  -1   2  -2   3    1   0   0   0   0   0   0   0   0  17  32   0  10   8   0   2   3   3   0  25  0.69 0.32
  276 K     0   0  -1  -1  -3   0   2  -2  -1   1   1   1   1  -2  -3  -1   0  -3  -2   0    9   3   1   2   0   4  16   2   1  11  20  11   4   1   0   2   4   0   1   7  0.12 0.13
  277 V    -1  -5  -5  -5   7  -5  -5  -3  -5   1  -1  -5  -2  -2  -5  -4  -2  -5  -4   6    5   0   0   0  22   0   0   3   0   7   3   0   0   2   0   0   1   0   0  56  1.19 0.47
  278 K    -1   1  -2  -2  -4   0   3  -2   0  -2   1   4  -1  -2  -1  -1  -2  -4  -3  -2    6   6   0   0   0   2  20   3   2   1  18  33   1   1   2   2   1   0   0   1  0.40 0.27
  279 V    -2  -5  -5  -6  -4  -5  -5  -6  -5   4   0  -5  -2   3  -5  -4  -1  -4  -3   5    1   0   0   0   0   0   0   0   0  25   5   0   0  13   0   0   2   0   0  52  1.08 0.44
  280 H     0   0   4   3  -4   0   1  -2   3  -4  -3   0  -2  -4  -3   0  -2   2  -2  -4    8   5  28  21   0   2   8   1   9   0   2   4   1   0   0   5   1   3   1   0  0.56 0.28
  281 P    -1  -5  -5  -5  -5  -4  -4  -5  -5   0   0  -4  -4  -5   8  -4  -4   3  -5   0    6   0   0   0   0   0   0   0   0   5   8   0   0   0  70   0   0   4   0   6  1.85 0.61
  282 R     2   2  -2   0  -4   1   2  -2   1  -3  -3   2   3  -4  -2  -1  -1  -4  -3  -3   20  12   0   5   0   4  16   2   3   1   0  17  11   0   1   3   3   0   0   0  0.35 0.24
  283 D    -5  -4   1   7  -7  -3   0  -5   4  -6  -7  -2  -6  -6  -5  -3  -2   2  -5  -6    0   0   6  73   0   0   3   0  11   0   0   2   0   0   0   0   2   3   0   0  1.82 0.63
  284 V    -1  -5  -6  -6  -4  -5  -5  -6  -6   4  -1  -5   2  -1  -5  -3  -3  -1  -4   6    3   0   0   0   0   0   0   0   0  28   3   0   5   3   0   1   0   1   0  57  1.18 0.47
  285 V     0  -5  -5  -6  -1  -5  -5  -1  -6   4  -1  -5  -2  -1  -5  -4  -1  -5  -4   6    6   0   0   0   1   0   0   5   0  22   3   0   0   2   0   0   2   0   0  59  1.06 0.45
  286 S     4  -3  -2  -3   3  -3  -3   0  -3  -3  -4  -3  -3  -4  -3   4   1  -4  -4  -1   42   0   1   0   7   0   0   5   0   0   1   0   0   0   0  31   6   0   0   3  0.74 0.37
  287 I    -3  -4  -4  -5   0  -4  -4  -5   0   5   0  -4  -1  -1  -4  -4  -2  -4  -3   5    1   0   0   0   2   0   0   1   2  33   6   0   0   2   0   1   0   0   0  49  1.01 0.39
  288 P    -3  -4  -4  -1  -5  -4  -3  -4  -4  -4  -5  -3  -4  -5   8  -3  -2  -5  -2  -4    1   1   1   3   0   1   1   1   0   1   1   1   0   0  83   1   3   0   2   1  2.34 0.62
  289 I    -1   0  -1   1  -2   0  -1  -2   2   0  -1   0   0  -1  -1   0   1   0   2   0    5   6   2   8   0   4   2   2   7   6   6   6   3   2   2   8  10   1  12   8  0.07 0.08
  290 D     0  -2   1   6  -1  -1   1   0   0  -4  -4  -2  -3  -4  -3  -1  -2  -4  -2  -3    7   2   6  50   1   1   9   8   2   1   2   1   0   1   1   3   1   0   1   2  0.80 0.30
  291 Y    -1  -2  -3  -3   4  -3   0   0   2  -2  -2  -3  -3  -1  -3   1   1  -2   6  -2    5   1   0   0   9   0   8   8   5   2   3   1   0   0   0   9   9   0  35   2  0.62 0.32
  292 N    -2  -1   3   4  -5   1   0   2   0  -5  -4  -1  -4  -5  -1   0   0  -5  -1  -4    2   2  17  30   0   5   4  15   2   0   1   3   0   0   3   8   6   0   2   0  0.56 0.28
  293 D     0  -2   2   1   0   0   0   3   0  -2  -3   0  -2  -1   0   0   0  -1  -1  -2    7   1  13   9   3   4   4  23   2   3   0   4   1   3   3   6   7   1   2   3  0.21 0.14
  294 A     2  -1   1  -1  -2   3   0   1   0  -2  -3  -1  -1  -3  -1   1   1   0  -2  -1   20   3   7   3   0  16   4  10   2   1   1   1   1   1   3   9  11   1   0   5  0.22 0.16
  295 K    -4  -1  -3  -4  -6  -2  -3  -4  -4  -5  -5   8  -4  -6  -4  -3  -4  -5  -5  -5    1   0   0   0   0   0   0   1   0   0   1  94   0   0   0   0   0   0   0   0  2.22 0.72
  296 M     1  -4  -4  -5   2  -4  -4   0  -4   2   1  -4   6   2  -4  -3  -3  -4  -3   1   11   0   0   0   5   0   0   8   0  14  12   0  30   9   0   0   0   0   0  10  0.68 0.34
  297 R    -5   8  -4  -5  -6   0  -3  -6  -4  -6  -5   0  -5  -6  -5  -4  -4  -6  -5  -4    0  90   0   0   0   3   0   0   0   0   0   4   0   0   0   0   0   0   0   1  2.34 0.74
  298 T     2  -5  -5  -5   7  -4  -5  -5  -5  -1  -2  -4  -3  -4  -5  -1   1  -5  -4   5   15   0   0   0  23   0   0   0   0   2   1   0   0   0   0   5  11   0   0  44  1.04 0.44
  299 C    -1   0  -4  -5   9  -3  -3  -5  -1  -4  -1   0  -4  -1  -2   1  -2   1   0  -4    4   5   0   0  51   1   1   0   1   0   5   7   0   2   2  13   1   2   3   0  1.37 0.50
  300 Q     1   4  -2  -3  -5   2   2   1  -3  -5  -4   3   0  -4  -3  -1  -2  -5  -4  -4   11  27   0   0   0   7  17   9   0   0   1  21   3   0   0   2   2   0   0   0  0.59 0.31
  301 Y    -3  -5  -5  -6   3  -4  -5  -6  -2  -1   0  -5   0   1  -6  -4  -4  -1   9  -1    1   0   0   0   7   0   0   0   0   2  11   0   2   2   0   0   0   0  68   5  1.78 0.59
  302 E    -2   2  -1  -1  -4   0   3  -4   3  -2  -1   2   0   1  -3  -2   0  -3   0   0    0  12   1   2   0   3  23   0  10   1   6  13   2   8   0   1   6   0   3   7  0.30 0.20
  303 V    -2  -5  -5  -6  -4  -5  -5  -6  -6   3   0  -5  -2  -1   0  -3  -2  -5  -4   6    1   0   0   0   0   0   0   0   0  18   5   0   0   3   5   1   1   0   0  66  1.17 0.45
  304 V    -1  -4  -5  -5  -3  -4  -4  -5  -3   4   3  -3   1  -2  -4  -3  -1  -4  -3   3    5   0   0   0   0   0   0   0   1  24  35   1   2   0   0   1   4   0   0  27  0.69 0.30
  305 E     1   3  -1   1  -2   0   1   3   1  -3  -3   0  -1  -2  -3   1  -1  -4  -2  -3   13  17   1   9   1   2   9  23   3   0   0   5   2   2   0   9   2   0   0   1  0.30 0.18
  306 D    -2   0   0   3  -5   1   5  -4  -1  -2  -3   0  -3  -4  -3  -2  -1  -5   0   1    2   4   3  14   0   4  47   0   1   1   1   4   0   0   0   1   3   0   3  11  0.67 0.32
  307 V    -2  -4  -4  -5  -3  -4  -4  -5  -1   3   2  -4   2   0  -4  -3  -2  -4   1   5    2   0   1   0   0   0   0   0   2  20  19   0   4   2   0   1   1   0   5  44  0.71 0.30
  308 T    -2  -2   0   4  -4  -1   3  -2  -2  -4  -4  -1  -4  -5   4   0   3  -5  -4  -4    1   1   4  23   0   1  18   3   1   0   0   2   0   0  20   4  22   0   0   0  0.68 0.30
  309 E     0   2  -1   3  -2   0   3   0   0  -3  -2   0  -3  -4  -2   1  -1  -4  -2  -3    7  14   1  18   1   3  22   7   2   1   5   4   0   0   1  11   2   0   1   0  0.30 0.16
  310 Q     0   0  -1   2  -4   1   4   0  -2  -4  -4   2  -3  -4  -3  -1  -1  -4  -1  -3    9   5   2   9   0   6  39   8   0   0   1  15   0   0   0   2   2   0   2   1  0.53 0.24
  311 F    -2  -1  -4  -1  -4  -3  -2  -4  -1   1   1  -3  -1   4  -4  -2  -3   2   6  -2    2   3   0   4   0   0   2   0   0  10  15   0   0  21   0   2   0   2  39   0  0.74 0.24
  312 K    -2   5  -1  -1  -5   1   3  -3  -1  -4  -4   4  -3  -4  -3  -1  -2  -4  -3  -4    0  40   0   0   0   3  23   0   0   0   0  34   0   0   0   0   0   0   0   0  0.81 0.19

                      K         Lambda
Standard Ungapped    0.1329     0.3172
Standard Gapped      0.0449     0.2670
PSI Ungapped         0.1465     0.3175
PSI Gapped           0.0449     0.2670
