
Last position-specific scoring matrix computed, weighted observed percentages rounded down, information per position, and relative weight of gapless real matches to pseudocounts
            A   R   N   D   C   Q   E   G   H   I   L   K   M   F   P   S   T   W   Y   V   A   R   N   D   C   Q   E   G   H   I   L   K   M   F   P   S   T   W   Y   V
    1 M    -4  -4  -5  -6  -4  -3  -5  -6  -4  -1   1  -4  10  -3  -5  -4  -3  -4  -4  -2    0   0   0   0   0   0   0   0   0   0   9   0  91   0   0   0   0   0   0   0  2.41 0.63
    2 S     3  -3  -1  -2  -3   1  -2   1  -3  -3  -3  -1  -1  -4   4   2   0  -4  -4  -3   29   0   2   1   0   7   0   9   0   0   1   2   2   0  21  20   6   0   0   0  0.53 0.25
    3 R    -3   4   0  -1  -5   3   0  -4   0  -5  -5   5  -4  -5  -4  -3  -2  -5  -4  -3    0  24   4   3   0  12   5   0   2   0   0  47   0   0   0   0   2   0   0   1  1.00 0.41
    4 L    -3  -3  -4  -5  -4  -2  -4  -5  -1  -1   4  -1   4   1  -4  -2   0   3   2  -1    0   1   0   0   0   1   0   0   1   0  50   4  14   6   0   3   5   4   7   2  0.70 0.34
    5 I    -4  -5  -5  -6  -4  -1  -5  -6  -5   6   2  -3   3  -3  -5  -5  -2  -5  -4   3    0   0   0   0   0   3   0   0   0  50  19   1   7   0   0   0   2   0   0  17  1.10 0.44
    6 T    -3   0  -1  -1  -4  -3  -2  -3  -4  -4  -1  -1  -4  -5   4   1   5  -6  -5  -2    0   4   2   3   0   0   2   1   0   0   6   4   0   0  25  12  39   0   0   2  0.85 0.44
    7 L    -2  -5  -7  -7  -4  -5  -6  -7  -6   3   6  -6  -1  -3  -6  -5  -4  -5  -4  -1    3   0   0   0   0   0   0   0   0  16  79   0   0   0   0   0   0   0   0   2  1.53 0.58
    8 Q     0   0   0   1  -4   2   3  -2   1  -3  -3   2  -1  -2  -1   1   0  -4  -3  -2    8   5   3   7   0  10  22   2   3   1   2  14   1   2   2  10   7   0   0   2  0.30 0.20
    9 D     0  -2  -1   3  -5   2   5  -4  -2  -3  -4   0  -4  -4  -4  -1   0  -5  -4   0    6   1   1  18   0   7  44   0   1   1   1   3   0   1   0   2   7   0   0   7  0.78 0.40
   10 W    -7  -8  -9  -9  -7  -7  -8  -7  -7  -7  -6  -8  -6   0  -9  -8  -7  13  -3  -8    0   0   0   0   0   0   0   0   0   0   0   0   0   4   0   0   0  96   0   0  4.93 1.28
   11 A     5   0   2  -1   1  -1  -3  -1  -4  -2  -1  -1  -3  -2  -4  -1  -3   2  -4  -2   57   4  11   3   3   2   0   4   0   2   6   3   0   1   0   1   0   3   0   1  0.71 0.43
   12 K     1   1  -1   0  -4   1   3  -2  -1  -1  -3   3  -3  -4  -1   0   0  -5  -4  -3   16   7   1   5   0   4  21   2   1   5   2  23   0   0   2   7   4   0   0   1  0.37 0.26
   13 E     0   2  -1  -1  -2   2   2  -1   1  -1   0   2   0  -3  -3   0   0  -4  -3  -1    8  14   3   1   1   9  16   4   4   4   8  13   2   0   0   5   6   0   0   2  0.21 0.18
   14 E    -2   3   2  -2  -2   2   2  -3   2  -1  -1   0   1  -4  -1  -1   1  -4  -2   0    1  16  12   0   1   9  15   0   5   3   5   4   4   0   3   2  12   0   1   7  0.28 0.23
   15 F    -4  -4  -1  -5  -5  -4  -3  -5  -3  -1  -1  -4  -1   7  -2  -4  -4  -2   6  -3    1   0   4   0   0   0   2   1   0   2   6   0   1  52   2   1   0   0  25   1  1.49 0.53
   16 G     1  -1  -1  -2  -2  -2  -1   4  -2  -1  -2   0  -2  -1   1   1  -1  -2  -2  -2   11   3   1   1   1   1   3  37   1   4   2   5   1   3   6  14   3   0   1   3  0.40 0.17
   17 D    -1   0   1   4  -4  -1   3   1  -2  -4  -3   1  -3  -1   0   0  -1  -4  -2  -3    3   5   5  24   0   1  22   9   0   0   3   9   0   2   4   8   2   0   1   1  0.40 0.23
   18 L    -2   1   0   0  -2   0   0  -2   3  -1  -2   0  -1   0   4  -1  -1  -3   2  -2    2  11   5   4   1   5   5   3  10   3   4   7   1   3  20   3   3   0   8   3  0.29 0.18
   19 A     3  -2  -3  -4   1  -2  -3  -2   2  -1  -3   0   0  -4   5  -1  -1  -5  -3   0   24   1   0   0   4   2   0   2   5   3   2   5   2   0  36   3   3   0   1   8  0.74 0.34
   20 P    -4   1  -4  -4  -5  -2  -4  -5  -1  -4  -2  -2  -4  -2   7  -4  -4  -4   2  -4    1   7   0   0   0   2   0   1   1   0   5   2   0   2  69   0   0   0   7   0  1.82 0.60
   21 S     0  -1  -1  -2   4  -3  -3  -2   4  -5  -5   0  -4  -5   0   5   1  -5  -4  -4    5   3   1   1  10   0   0   2  12   0   0   5   0   0   4  46  10   0   0   0  0.81 0.45
   22 E     0   1  -1  -1  -3   1   0  -2  -1   1   1   0   2  -2   2  -1  -1  -3   0   0    7   9   3   3   0   6   5   2   1  14  15   5   8   0  10   4   2   0   3   4  0.11 0.12
   23 R     1   3   3  -1  -1   2   0  -1   0  -3  -4   0  -3  -2  -2   1   0   0   0  -3   13  18  15   3   1   9   6   4   2   1   0   3   0   1   1  12   6   2   4   0  0.28 0.21
   24 V    -1  -2  -3  -4  -1   0  -4  -4  -4  -2  -3  -2  -2  -5   0  -1   6  -5  -4   0    5   2   0   0   1   4   0   0   0   1   2   1   1   0   5   2  68   0   0   7  1.15 0.54
   25 L    -1  -5  -6  -6   1  -5  -5  -6  -5   2   5  -5   1  -1  -5  -4  -3  -4  -3   2    4   0   0   0   3   0   0   0   0   9  68   0   2   2   0   0   0   0   0  12  1.05 0.43
   26 K    -2   5   0  -3  -1   2  -2  -4   0  -2  -1   1   0   0  -4   0   0   0   0  -1    1  40   5   0   2   8   0   0   2   1   8   6   3   5   0   6   6   1   3   3  0.48 0.29
   27 K    -1   6   0  -3   1   0  -2  -3   1  -4  -2   3  -1  -5  -4  -1  -1  -5  -4  -3    4  46   5   0   3   3   0   2   3   0   3  22   2   0   0   3   3   0   0   1  0.84 0.40
   28 Y    -3  -6  -6  -3  -6  -5  -6  -2  -1  -1  -2  -6  -5  -2  -7  -6  -6  11   5  -5    2   0   0   2   0   0   0   3   2   4   3   0   0   0   0   0   0  66  19   0  3.00 0.87
   29 A     4  -1  -4  -4   3  -3  -3  -1  -4   2  -2  -3   1  -4   1  -1  -1  -5  -4   2   46   3   0   0   7   0   0   3   0  11   2   0   4   0   6   1   1   0   0  16  0.57 0.35
   30 Q    -1   5   2  -2  -5   2  -1  -4   1  -2  -3   4  -4  -5  -4  -1  -2  -5  -4  -4    4  37   9   2   0   7   2   0   3   2   2  25   0   0   0   5   2   0   0   0  0.84 0.42
   31 G     0  -1   2   2   0   1   2   1   0  -4  -2  -1   0  -4  -3   1   1  -4  -3  -3    7   2  13  10   2   8  16  10   2   0   5   2   2   0   0  12  10   0   0   0  0.28 0.21
   32 K    -1  -1   0  -1   1  -1  -4   6  -5  -5  -6   2  -5  -6  -5  -1  -4  -6  -6   0    5   3   5   3   3   3   0  56   0   0   0  11   0   0   0   3   0   0   0   7  1.06 0.47
   33 M    -3   2   2  -1   3   2  -1  -4   2  -2   0   1   4   0  -4  -1  -3   2   2  -3    0  14  11   3   6  12   3   0   4   2   8   9  13   3   0   3   0   3   6   0  0.41 0.32
   34 M    -5  -6  -5   0  -5  -5  -6  -7   3   6   1  -6   3   3  -6  -5   0  -5  -3   0    0   0   0   5   0   0   0   0   6  50   9   0   6  14   0   0   5   0   0   5  1.15 0.54
   35 A    -1  -1  -1  -1   2   0  -1   0   1  -1  -1  -1   0   1  -1  -1   0   1   5   0    5   3   2   3   5   5   3   7   4   4   3   3   2   6   3   4   5   2  23   7  0.22 0.18
   36 P    -2  -5  -5  -4  -5  -4  -4  -5  -5  -5  -5  -4  -5   1   8  -4   0  -5  -4  -5    4   0   0   0   0   0   0   1   0   0   1   0   0   7  78   1   6   0   0   0  2.23 0.60
   37 P     1   0  -3  -4  -1   1  -2  -2  -2  -2   0  -2   2  -2   5   0   0  -5  -4  -2   14   5   0   0   1   6   2   2   1   2   9   1   8   1  36   5   5   0   0   2  0.65 0.28
   38 A     2   2  -3  -3  -3  -2  -2  -3  -3  -4  -4  -2  -3  -4   6   1  -2  -5  -4  -3   24  14   0   0   0   0   0   0   0   0   0   0   0   0  54   8   0   0   0   0  1.21 0.27
   39 I    -1   1  -2  -1  -3   2   2  -3  -1   1   0   2   1   0  -2  -1   0  -2   1   0    3   6   0   0   0  11  18   0   0  16   4  17   4   3   0   0   4   0   8   7  0.16 0.10
   40 K    -2   2  -2  -2  -4   1  -1  -3  -2   0  -1   5  -2   0  -3  -1  -2   3  -2  -2    0   9   0   0   0   5   0   0   0   8   7  57   0   5   0   4   0   4   0   0  0.53 0.21
   41 V    -1   0  -2   0  -1   0   0  -2   4   2  -1  -2   2   0  -3   0  -1  -3   0   2    2   5   0   4   1   3   4   3  15  13   2   0  10   3   0  11   2   0   2  19  0.15 0.13
   42 G    -1   0  -2   0   1  -3  -4   6  -4  -5  -5  -3  -4  -5  -4  -2  -3  -5  -5  -2    4   7   0   4   3   0   0  78   0   0   0   0   0   0   0   0   0   0   0   4  1.31 0.36
   43 R    -2   6   0  -4  -5  -2  -3   3   0  -5  -3   3  -4  -5  -4  -3  -2   0  -4  -3    3  43   4   0   0   0   0  20   2   0   2  22   0   0   0   0   2   1   0   1  0.93 0.38
   44 Y     0   3   0  -1   1   1   1  -2   2  -1  -2   2  -1  -2  -2   1   1  -3   0  -2    6  17   4   2   3   4  12   2   7   3   3  14   1   1   0   9   8   0   3   2  0.20 0.13
   45 W    -6  -6  -7  -7  -6  -5  -6  -7  -4   0  -5  -6  -5   0  -7  -6  -6  11   7  -5    0   0   0   0   0   0   0   0   0   6   0   0   0   3   0   0   0  50  42   0  2.95 0.75
   46 M    -3   4  -3  -4  -4  -1  -2  -5  -1  -2   1  -1   2   5  -5  -4  -3   1   4  -1    1  26   1   0   0   2   2   0   1   1  11   1   6  24   0   0   0   2  17   4  0.70 0.31
   47 I    -2  -5  -5  -6   4  -5  -5  -6  -5   3   0  -3  -2   0  -5  -4  -2  -5  -3   6    2   0   0   0   9   0   0   0   0  15   5   2   0   4   0   0   2   0   0  61  1.11 0.41
   48 D    -1   2   0   3   1   1   1  -3   1  -1  -2   0   0   0   0  -1  -1  -4  -3  -1    3  12   3  22   3   7  11   0   3   3   3   6   3   5   5   4   4   0   0   4  0.25 0.22
   49 R    -1   1   0   0  -4   0   2  -4   1   0  -2   0   1  -4   5   0  -3  -5  -4  -3    6   7   4   5   0   4  14   0   4   5   5   5   4   0  31   5   0   0   0   0  0.57 0.35
   50 N    -1  -1   3   4  -1   0   1   0   0   0  -4   0  -3  -4  -3   0   0  -4  -1  -2    3   3  14  30   2   4   6   8   3   6   0   4   0   0   0   7   6   0   2   2  0.38 0.23
   51 S     6  -3  -3  -3  -3  -3   0  -3  -4  -4  -4   0  -3  -4  -3   1   1  -5  -4  -3   66   0   0   0   0   0   6   1   0   0   1   5   0   0   0  10   7   0   0   1  1.04 0.49
   52 R    -1   3  -2  -1  -3   2   1  -3   0   1  -2   2  -1  -1  -2  -1   0  -3  -2   1    3  19   1   3   0  10  12   1   2  10   1  11   0   3   1   3   6   0   0  12  0.21 0.17
   53 F    -3  -1  -3  -4  -4  -3  -3  -4   1  -3   0  -1  -2   4  -4  -3  -3  -1   8  -3    1   4   1   1   0   1   1   1   3   1   9   5   0  14   1   1   1   0  56   1  1.34 0.45
   54 V    -1   0  -2  -3   0   0  -2  -3  -3   3   0  -1   1  -1  -2  -2  -1  -3  -2   4    1   5   1   1   2   7   1   1   0  24   7   3   3   2   1   1   3   0   1  34  0.32 0.17
   55 G    -1  -1   1   3  -2  -1   1   3  -2  -3  -3   0  -2  -3   1   1  -1   0  -2  -2    4   3   8  18   0   1   7  27   0   1   2   4   0   1   8   9   3   2   1   1  0.32 0.13
   56 T    -1   0  -1   0  -1  -1   0  -1   0  -1  -1   0   1  -2   4   0   0  -3  -2   0    4   5   3   5   1   1   5   4   2   3   7   7   4   1  28   4   7   0   1   8  0.32 0.13
   57 L     0   0   1   0   1   0  -1   0  -1   1   0   0   0   0   0   0   0   0  -1   1    4   4   8   5   4   3   3   7   0  10  12   5   2   3   4   5   6   2   2  11  0.01 0.02
   58 A     1   0   1   1   1   1   1   0  -1  -1  -2   1  -2  -1   0   1   1  -3  -2   0   11   3   9   6   3   6   8   5   1   2   1  10   0   3   4   9  10   0   0   7  0.11 0.08
   59 E     0   2  -1  -1  -1   3   1  -2  -1  -2  -2   2  -1  -1   0   0   1  -3  -2  -1    6  13   2   3   1  14  11   2   1   2   3  14   1   3   4   5   9   0   0   5  0.20 0.14
   60 P    -2  -1   1   0  -4  -1   0  -2  -3   0  -2  -1  -3  -2   6  -2  -2  -4  -4  -2    3   3   7   5   0   2   6   3   0   6   4   4   0   2  49   1   2   0   0   3  0.94 0.37
   61 Q     1   0  -1  -1  -2   0   1  -2   0  -1  -1  -1   0  -3  -1   1   2  -4  -3   2   12   6   2   2   0   4  13   2   2   3   4   2   2   0   3  14  12   0   0  17  0.15 0.16
   62 L    -1   2   0   0  -3  -1  -1  -2   0   2   1   1   0  -1   1  -1   0  -3  -2   0    4  13   5   6   0   0   2   2   2  17  12  14   2   2   6   2   5   0   0   8  0.11 0.12
   63 P    -1   0   1  -1  -3   1   0  -2   1   0  -2   2   0  -2   4   1   0  -4  -3  -2    3   5   6   1   0   7   5   2   4   8   3  13   2   1  21  12   5   0   0   0  0.31 0.20
   64 I     1   1   2   0  -3   0  -1  -1   0   0  -2   1  -1  -3   1   1   2  -4  -3  -1   14   8   9   5   0   3   0   3   2   6   1   8   2   0   8   7  19   0   0   3  0.19 0.17
   65 N    -1  -1   3  -1  -3   0  -2   1   2   0  -2  -1  -1  -1   0   1   3  -3   0  -2    4   3  17   3   0   4   1   9   6   6   1   2   2   2   4  11  21   0   3   1  0.23 0.19
   66 A     0  -1   1   3  -3  -1  -1   2   1  -2  -2   0   0  -3  -2   1   0  -3  -3  -1    7   2   4  23   0   2   2  17   3   0   4   6   3   0   0  12   7   0   0   4  0.25 0.17
   67 N    -1  -2   4   4  -4   0   0  -1   4  -4  -4   0  -3  -3   0   1  -1  -4   0  -4    3   0  28  24   0   4   2   3  11   0   1   4   0   0   4   8   2   0   3   1  0.59 0.30
   68 P    -1  -3   0   0  -4  -2   0  -3  -3  -3  -3  -1  -3  -4   7  -1   0  -4  -4  -2    3   1   4   6   0   0   7   1   0   2   2   4   0   0  56   5   6   0   0   2  1.22 0.44
   69 K     1   1  -4  -4  -3  -3  -2  -4  -4   1   4   1  -1  -2  -4  -2   0  -4  -3   0   11  10   0   0   0   0   2   0   0   7  49   9   0   0   0   1   7   0   0   5  0.44 0.30
   70 L     0  -4  -5  -5  -3  -4  -5  -5  -5   3   4  -4   2  -2  -5  -4  -3  -4  -3   3    6   0   0   0   0   0   0   0   0  19  48   0   3   0   0   0   0   0   0  23  0.83 0.37
   71 Q    -1   1   1   2  -4   2   2  -2  -2  -3   0   3   0  -4  -3   0  -1   0  -3  -3    5   5   8  11   0  12  18   1   0   0  10  20   3   0   0   4   2   2   0   0  0.33 0.22
   72 R    -1   7  -3  -3  -5   0   2  -1  -3  -5  -5   2  -4  -5  -4  -1  -3  -5  -4  -5    4  66   0   0   0   3  11   4   0   0   0   9   0   0   0   3   0   0   0   0  1.29 0.50
   73 I    -4  -1  -5  -5  -4  -5  -5  -6  -5   7   0  -4  -1  -3  -5  -5  -3  -5  -4   2    0   5   0   0   0   0   0   0   0  79   4   0   0   0   0   0   0   0   0  11  1.49 0.54
   74 I    -2  -1  -4  -2  -3  -3  -2  -5  -4   2   4  -1   2   2  -4  -2  -2   2  -2   0    2   4   0   3   0   0   2   0   0  15  51   3   4   9   0   2   0   3   0   1  0.51 0.26
   75 A     1   0   4  -1  -3  -1   1   0   3  -4  -2   2  -3  -4  -3   1   0  -4  -3  -3   12   3  28   0   0   0  10   5   8   0   3  14   0   0   0  12   5   0   0   0  0.41 0.24
   76 D    -2  -3   3   4  -4  -2  -2   3   5  -5  -5  -2  -4  -4  -3   1  -2  -5  -3  -5    0   0  17  30   0   0   0  27  17   0   0   0   0   0   0   9   0   0   0   0  0.86 0.33
   77 G     0  -4  -2  -3  -4  -4  -4   7  -4  -5  -5  -3  -4  -5  -4  -2  -3  -4  -5  -5    4   0   0   0   0   0   0  96   0   0   0   0   0   0   0   0   0   0   0   0  1.79 0.39
   78 C     3  -2  -1  -2   5  -1  -2  -1  -2  -2  -2  -1  -2  -3  -2   3   0  -3  -3  -1   38   0   0   0  21   0   0   0   0   0   0   0   0   0   0  41   0   0   0   0  0.55 0.12

                      K         Lambda
Standard Ungapped    0.1365     0.3209
Standard Gapped      0.0466     0.2670
PSI Ungapped         0.1523     0.3181
PSI Gapped           0.0466     0.2670
