
Last position-specific scoring matrix computed, weighted observed percentages rounded down, information per position, and relative weight of gapless real matches to pseudocounts
            A   R   N   D   C   Q   E   G   H   I   L   K   M   F   P   S   T   W   Y   V   A   R   N   D   C   Q   E   G   H   I   L   K   M   F   P   S   T   W   Y   V
    1 M    -1  -2  -2  -3  -2   0  -2  -3  -2   1   2  -1   6   0  -3  -2  -1  -2  -1   1    0   0   0   0   0   0   0   0   0   0   0   0 100   0   0   0   0   0   0   0  0.36 0.01
    2 R    -1   3   3   0  -3   1   3  -2   0  -3  -3   3  -2  -3  -2   0  -1  -3  -2  -3    0  23  26   0   0   0  27   0   0   0   0  24   0   0   0   0   0   0   0   0  0.42 0.01
    3 T     0   0   0  -1  -1   0  -1  -2  -2  -1  -2   2  -1  -3  -1   1   5  -3  -2  -1    0   0   0   0   0   0   0   0   0   0   0  20   0   0   0   0  80   0   0   0  0.43 0.03
    4 E     2   0  -1  -1  -2   0   1  -1  -1  -2  -2   2  -2  -3   3   1   0  -3  -2  -2   35   0   0   0   0   0  10   0   0   0   0  23   0   0  18  14   0   0   0   0  0.37 0.03
    5 V    -1  -3  -4  -4  -1  -3  -3  -4  -3   3   3  -3   1   0  -3  -2  -1  -3  -1   3    0   0   0   0   0   0   0   0   0  31  35   0   0   0   0   0   0   0   0  34  0.38 0.03
    6 V    -1   1  -1   0  -3   2   3  -2  -1  -1  -1   3   2  -3  -2  -1  -1  -3  -2   0    0   0   0   0   0  11  32   0   0   0   0  34  12   0   0   0   0   0   0  10  0.30 0.03
    7 V     0  -3  -3  -3  -1  -3  -3  -3  -3   4   1  -3   1  -1  -3  -2  -1  -3  -2   4   11   0   0   0   0   0   0   0   0  42   0   0   0   0   0   0   0   0   0  46  0.35 0.03
    8 F    -2  -1   0  -2  -3   0  -1  -3   8  -3  -3  -1  -2   2  -3  -2  -2  -1   3  -3    0   0   0   0   0   0   0   0  77   0   0   0   0  10   0   0   0   0  12   0  0.92 0.07
    9 T    -2  -3  -3  -4  -2  -2  -3  -3  -2   0   1  -3   3   5  -3  -2   0   0   2   0    0   0   0   0   0   0   0   0   0   0  11   0  23  55   0   0  10   0   0   0  0.45 0.04
   10 L    -1  -1  -3  -3  -2  -1  -2  -3  -2   1   3   1   4   0  -3  -2  -1  -2  -1   0    0   0   0   0   0   0   0   0   0   0  60  18  22   0   0   0   0   0   0   0  0.31 0.04
   11 H    -2   2   0  -2  -4   0  -1  -3   8  -3  -3  -1  -2  -1  -3  -1  -2  -2   3  -3    0  12   0   0   0   0   0   0  74   0   0   0   0   0   0   0   0   0  14   0  0.87 0.07
   12 E    -1  -1   0   3  -4   1   5  -2  -1  -4  -3   0  -3  -4  -2   0  -1  -4  -3  -3    0   0   0  13   0   0  87   0   0   0   0   0   0   0   0   0   0   0   0   0  0.83 0.06
   13 S     0  -1   4   2   3  -1   0  -1  -1  -3  -3  -1  -2  -3  -2   3   1  -4  -2  -2    0   0  34  12   9   0   0   0   0   0   0   0   0   0   0  36  10   0   0   0  0.39 0.03
   14 G     0  -3  -1  -2  -3  -2  -3   6  -3  -4  -4  -2  -3  -4  -3  -1  -2  -3  -4  -4    0   0   0   0   0   0   0 100   0   0   0   0   0   0   0   0   0   0   0   0  1.21 0.06
   15 K    -1  -1  -2  -3  -2  -1  -2  -3  -2   1   2   1   5  -1  -3  -2  -1  -2  -2   1    0   0   0   0   0   0   0   0   0   0  21  22  46   0   0   0   0   0   0  11  0.26 0.04
   16 S     0  -1   2   2  -2  -1   0  -1  -1  -2  -2  -1  -2  -3  -1   3   3  -3  -2  -2    0   0  12  11   0   0   0   0   0   0   0   0   0   0   0  43  34   0   0   0  0.38 0.04
   17 F    -3  -3  -4  -4  -3  -4  -4  -4  -2  -1   0  -4   0   7  -4  -3  -3   1   3  -1    0   0   0   0   0   0   0   0   0   0   0   0   0 100   0   0   0   0   0   0  1.02 0.07
   18 I    -1  -1  -2  -3  -2   1  -1  -3  -2   3   1   1   1  -1  -3  -2  -1  -3  -2   3    0   0   0   0   0  11   0   0   0  49   0  13   0   0   0   0   0   0   0  26  0.22 0.03
   19 E    -2  -1   0   5  -4   1   4  -2  -1  -4  -4   0  -3  -4  -2   0  -1  -4  -3  -3    0   0   0  51   0   0  49   0   0   0   0   0   0   0   0   0   0   0   0   0  0.79 0.05
   20 I    -2  -3  -4  -4  -2  -3  -4  -4  -4   5   1  -3   1  -1  -3  -3  -1  -3  -2   3    0   0   0   0   0   0   0   0   0  87   0   0   0   0   0   0   0   0   0  13  0.52 0.05
   21 A     5  -2  -2  -2  -1  -1  -1   0  -2  -2  -2  -1  -1  -3  -1   1   0  -3  -2  -1  100   0   0   0   0   0   0   0   0   0   0   0   0   0   0   0   0   0   0   0  0.56 0.06
   22 R    -1   4   0  -1  -4   1   0  -2   3  -3  -3   4  -2  -3  -2  -1  -1  -3  -1  -3    0  40   0   0   0   0   0   0  14   0   0  46   0   0   0   0   0   0   0   0  0.56 0.04
   23 E     0   0  -1   0  -3   2   4  -2  -1  -2  -2   2  -1  -3  -1   0  -1  -3  -2  -1   11   0   0   0   0  11  42   0   0   0   0  26   0   0   0   0   0   0   0  10  0.35 0.03
   24 L     1  -2  -2  -3  -1  -2  -2  -2  -3   2   2  -2   1   2  -2  -1   1  -2  -1   1   18   0   0   0   0   0   0   0   0  26  31   0   0  11   0   0  14   0   0   0  0.17 0.02
   25 N    -1  -2   3   2  -3  -1  -1   5  -1  -4  -4  -1  -3  -4  -2   0  -1  -3  -3  -4    0   0  24  11   0   0   0  64   0   0   0   0   0   0   0   0   0   0   0   0  0.73 0.04
   26 L    -1  -3  -3  -3   4  -3  -4   0  -3   4   1  -3   1  -1  -3  -2  -1  -3  -2   2    0   0   0   0  14   0   0  10   0  66  10   0   0   0   0   0   0   0   0   0  0.33 0.04
   27 Q     0   0   0  -1  -2   1   0  -1  -1  -2  -2   2  -1  -3  -1   3   3  -3  -2  -1    0   0   0   0   0  10   0   0   0   0   0  18   0   0   0  37  35   0   0   0  0.34 0.03
   28 A     3  -2  -2  -2  -2  -2  -2   1  -2   0  -2  -1  -1  -3   5   0  -1  -3  -2   0   44   0   0   0   0   0   0  12   0  14   0   0   0   0  29   0   0   0   0   0  0.49 0.03
   29 K     1   0  -1   0  -3   2   2  -2  -1  -2  -2   3  -1   1  -1   1  -1  -2  -1  -2   11   0   0   0   0  12  18   0   0   0   0  31   0  13   0  14   0   0   0   0  0.23 0.02
   30 E    -1  -1   0   3  -4   1   5  -2  -1  -4  -3   0  -3  -4  -2   0  -1  -4  -3  -3    0   0   0  12   0   0  88   0   0   0   0   0   0   0   0   0   0   0   0   0  0.83 0.06
   31 V     4  -2  -2  -3  -1  -1  -2  -1  -2   0  -1  -1   1  -2  -2   0   0  -3  -2   2   66   0   0   0   0   0   0   0   0   0   0   0  10   0   0   0   0   0   0  24  0.29 0.04
   32 A     4  -2  -2  -2   4  -1  -1  -1  -2  -1  -1  -1   1  -2  -1   2   0  -3  -2  -1   62   0   0   0  13   0   0   0   0   0   0   0  11   0   0  14   0   0   0   0  0.33 0.04
   33 V    -1   1  -1  -1  -3   3   0  -2  -1  -1   1   3   0  -2  -2  -1  -1  -3  -2   0    0   0   0   0   0  24   0   0   0   0  18  47   0   0   0   0   0   0   0  10  0.26 0.03
   34 L     1  -2  -2  -2  -2  -1   0  -2   2   0   2  -1   0   0  -2  -1  -1  -2   1   1   22   0   0   0   0   0  11   0   9   0  36   0   0   0   0   0   0   0   9  13  0.11 0.02
   35 W    -3  -3  -4  -5  -3  -2  -3  -3  -2  -3  -2  -3  -2   1  -4  -3  -3  11   4  -3    0   0   0   0   0   0   0   0   0   0   0   0   0   0   0   0   0  82  18   0  2.25 0.09
   36 A     3  -1   3  -1  -1   1   0  -1  -1  -2  -2   0  -1  -3  -1   1   1  -3  -2  -1   43   0  23   0   0  11   0   0   0   0   0   0   0   0   0  10  13   0   0   0  0.28 0.03
   37 R    -1   5  -1  -1  -4   1   0  -2  -1  -3  -3   4  -2  -3  -2  -1  -1  -3  -2  -3    0  53   0   0   0   0   0   0   0   0   0  47   0   0   0   0   0   0   0   0  0.67 0.05
   38 E    -1  -1  -1   1  -4   1   5  -3  -1  -4  -3   0  -3  -4   3  -1  -1  -3  -3  -3    0   0   0   0   0   0  86   0   0   0   0   0   0   0  14   0   0   0   0   0  0.82 0.06
   39 K    -1   3  -1  -1  -3   1   0  -2  -1  -1  -2   5  -1  -3  -2  -1  -1  -3  -2  -2    0  11   0   0   0   0   0   0   0   9   0  80   0   0   0   0   0   0   0   0  0.50 0.05
   40 V    -1  -3  -3  -4  -1  -3  -3  -4  -4   3   1  -3   1  -1  -3  -2   0  -3  -2   4    0   0   0   0   0   0   0   0   0  19   0   0   0   0   0   0   0   0   0  81  0.46 0.05
   41 V    -1  -3  -3  -4  -1  -3  -3  -4  -4   2   1  -3   0  -1  -3  -2   0  -3  -2   5    0   0   0   0   0   0   0   0   0   0   0   0   0   0   0   0   0   0   0 100  0.52 0.06
   42 Y    -2  -2  -3  -4  -3  -2  -3  -4   1  -2  -1  -2  -1   4  -4  -2  -2   2   7  -2    0   0   0   0   0   0   0   0   0   0   0   0   0  14   0   0   0   0  86   0  1.05 0.07
   43 R    -2   7  -1  -2  -4   1   0  -3  -1  -4  -3   2  -2  -3  -3  -1  -2  -3  -2  -3    0 100   0   0   0   0   0   0   0   0   0   0   0   0   0   0   0   0   0   0  0.97 0.07
   44 K    -1   2  -1  -1  -4   1   0  -2  -1  -3  -3   6  -2  -4  -1  -1  -1  -4  -2  -3    0   0   0   0   0   0   0   0   0   0   0 100   0   0   0   0   0   0   0   0  0.71 0.07
   45 R    -2   6  -1  -2  -4   1   0  -3   3  -3  -3   3  -2  -3  -2  -1  -1  -3  -1  -3    0  74   0   0   0   0   0   0  12   0   0  13   0   0   0   0   0   0   0   0  0.72 0.05
   46 H    -2  -2  -2  -3  -2  -1  -2  -3   4   2   3  -2   3   0  -3  -2  -1  -2   0   0    0   0   0   0   0   0   0   0  23  13  50   0  14   0   0   0   0   0   0   0  0.31 0.03
   47 I    -1  -2   1  -1  -2  -1  -2  -2  -2   2   0  -1   0   1  -2   1   2  -2  -1   1    0   0  13   0   0   0   0   0   0  34   0   0   0  10   0  18  25   0   0   0  0.15 0.03
   48 N    -1  -1   5   0  -2  -1  -1  -1   0  -2   0  -1  -1  -2  -2   0   2  -3  -2  -2    0   0  62   0   0   0   0   0   0   0  13   0   0   0   0   0  25   0   0   0  0.45 0.05
   49 K     0   0   1  -1  -2   2   0  -2  -1  -1  -2   3  -1  -3  -2   1   1  -3  -2   1    0   0  11   0   0  13   0   0   0   0   0  32   0   0   0  14   9   0   0  20  0.18 0.02
   50 K    -1   1   0   3  -4   0   1   1   3  -3  -3   3  -2  -3  -2  -1  -1  -4  -2  -3    0   0   0  29   0   0   0  13  11   0   0  46   0   0   0   0   0   0   0   0  0.40 0.04
   51 V    -1  -3  -3  -3  -1  -2  -3  -3  -3   2   1  -3   1   2  -3  -2   1  -2   0   3    0   0   0   0   0   0   0   0   0  11  14   0   0  12   0   0  11   0   0  51  0.27 0.03
   52 K    -1   2   0  -1  -4   1   2  -2  -1  -3  -3   5  -2  -4  -1   0  -1  -3  -2  -3    0   0   0   0   0   0  11   0   0   0   0  89   0   0   0   0   0   0   0   0  0.60 0.04
   53 N     0  -1   4   0  -2   0   0   0   0  -3  -3   0  -2  -3  -1   3   1  -3  -2  -2    0   0  45   0   0   0   0   0   0   0   0   0   0   0   0  55   0   0   0   0  0.47 0.02
   54 G     0  -2   0  -1  -2  -2  -2   6  -2  -4  -4  -2  -3  -3  -2   0  -2  -2  -3  -3    0   0   0   0   0   0   0   0   0   0   0   0   0   0   0   0   0   0   0   0  0.00     0.00
   55 T     0  -1   0  -1  -1  -1  -1  -2  -2  -1  -1  -1  -1  -2  -1   1   4  -2  -2   0    0   0   0   0   0   0   0   0   0   0   0   0   0   0   0   0   0   0   0   0  0.00     0.00
   56 V     0  -2  -3  -3  -1  -2  -2  -3  -3   3   1  -2   1  -1  -2  -2   0  -3  -1   4    0   0   0   0   0   0   0   0   0   0   0   0   0   0   0   0   0   0   0   0  0.00     0.00

                      K         Lambda
Standard Ungapped    0.1318     0.3201
Standard Gapped      0.0403     0.2670
PSI Ungapped         0.1318     0.3162
PSI Gapped           0.0403     0.2670
