
Last position-specific scoring matrix computed, weighted observed percentages rounded down, information per position, and relative weight of gapless real matches to pseudocounts
            A   R   N   D   C   Q   E   G   H   I   L   K   M   F   P   S   T   W   Y   V   A   R   N   D   C   Q   E   G   H   I   L   K   M   F   P   S   T   W   Y   V
    1 M    -4  -5  -6  -6  -5  -4  -5  -6  -5  -2   3  -5  10  -3  -6  -5  -4  -5  -4  -2    0   0   0   0   0   0   0   0   0   0  23   0  77   0   0   0   0   0   0   0  2.31 0.69
    2 F    -5  -6  -7  -5  -6  -4  -7  -7  -2   5   1  -6   7   5  -7  -6  -5  -5   0  -2    0   0   0   1   0   1   0   0   1  33  12   0  28  20   0   0   0   0   3   1  1.49 0.64
    3 H    -2   3   1  -1  -2  -2  -2  -4   4  -2  -3   2  -3  -3   2  -1   0  -4   3  -2    2  19   8   3   1   1   2   0  10   3   2  13   0   1  12   4   6   0  11   2  0.46 0.33
    4 C    -7 -10  -9 -10  12 -10 -10  -9 -10  -8  -8 -10  -8  -9 -10  -7  -7  -9  -9  -7    0   0   0   0 100   0   0   0   0   0   0   0   0   0   0   0   0   0   0   0  4.92 1.61
    5 P    -5  -2  -4  -4  -3  -7  -4  -6  -4  -5  -8  -1  -8  -9   8  -4  -2  -9  -8  -8    0   3   1   1   1   0   1   1   0   1   0   4   0   0  84   1   3   0   0   0  2.75 1.19
    6 K     0  -1  -1  -1  -1  -1   1  -4   8   0  -1   1  -1   1  -5  -2  -3  -1   0  -1    7   3   2   3   1   2   9   1  35   5   6   8   1   5   0   2   1   1   3   5  0.78 0.47
    7 C    -7 -10  -9 -10  12  -9 -10  -9  -9  -8  -8 -10  -8  -2  -9  -7  -7  -8  -1  -7    0   0   0   0  96   0   0   0   0   0   0   0   0   2   0   0   0   0   2   0  4.60 1.61
    8 H    -2   0   0   0  -3   1   0   5   2  -7  -3   2  -4  -4  -5  -1  -3  -6  -3  -6    2   5   5   4   1   6   5  45   5   0   3  11   0   1   0   4   2   0   1   0  0.81 0.51
    9 H     2  -2  -1  -2   3   1   0   1   3  -5  -5  -1  -3  -4  -4   3   1  -3  -1  -5   17   2   3   1   5   5   6  10   8   0   1   4   1   0   0  24   8   0   2   0  0.46 0.39
   10 A     0   3  -1  -2  -3  -1  -2  -2   0  -2  -2   3  -1  -3   3   0   0  -1  -2   0    8  18   3   1   0   2   1   3   2   1   3  18   2   1  12   8   7   1   1   7  0.33 0.30
   11 A     5  -5  -5  -6   3  -5  -5   1  -6  -2   0  -5   2  -3  -4   1   1  -6  -3  -1   45   0   0   0   6   0   0  10   0   2   8   0   6   1   1  10   7   0   1   4  0.79 0.55
   12 H    -2   4  -1  -3  -5  -1  -3  -3   5   1  -2   2  -2  -1  -4  -2   1  -5   0   1    2  22   2   1   0   2   1   2  14   9   3  13   0   3   1   2   9   0   4  10  0.49 0.39
   13 A     1  -2  -3  -3  -2  -2  -5  -3  -6   5  -1  -1  -1  -3  -5  -1   2  -6  -5   3   12   2   1   2   1   1   0   1   0  34   3   4   1   1   0   4  14   0   0  19  0.68 0.47
   14 R    -2   7  -2  -3  -1  -1  -2  -5   2  -5  -4   0  -6  -4  -7  -1   0  -7  -1  -2    3  59   2   2   1   2   2   1   5   1   2   4   0   1   0   4   6   0   2   3  1.35 0.77
   15 T    -1   0  -1   0  -2  -4  -2  -2  -1  -5  -5   2  -5  -4  -2   4   4  -2   0  -3    5   5   3   4   1   0   2   3   1   0   1  12   0   1   2  27  28   1   3   1  0.65 0.51
   16 S    -2   1  -5  -4  -2  -3  -5  -3   0  -1  -5  -5  -1  -7  -4   6   3  -7  -6  -2    3   6   0   1   1   1   0   2   2   4   1   0   2   0   1  58  15   0   0   3  1.23 0.79
   17 R    -2   4   1  -1  -6   1   2  -3   2  -2  -3   3  -2  -1  -3  -2  -1  -1  -1  -1    3  25   7   3   0   5  12   1   5   2   2  16   1   3   1   1   4   1   2   5  0.46 0.37
   18 Y     0   2  -2  -2  -2   2   1  -1   1  -1  -2   1   1  -2   1  -1   0   1   2  -2    7  14   2   2   1  10  10   4   3   3   3   8   4   1   8   3   5   2   8   2  0.21 0.23
   19 L    -1  -2  -3  -2  -4   2   1  -3   1   1   2   0   3  -1   1  -2  -1   1  -1   1    3   2   0   2   0   9  10   1   3  10  18   6   9   1   6   2   4   2   2  11  0.20 0.22
   20 T    -1  -4   0   0  -1  -4  -1  -1   4  -3  -4  -2  -2  -6  -1   4   4  -6  -5  -3    3   0   5   5   1   0   3   4  10   1   2   2   1   0   3  36  22   0   0   2  0.75 0.56
   21 E     0   1   0   2  -4   0   2  -1   0  -2  -1   0  -3  -2   3  -1  -1  -5  -2  -1    9   8   5  14   0   2  12   6   2   2   6   6   0   2  15   4   3   0   2   4  0.25 0.23
   22 N    -1   0   1   0   0   0   1  -2   1  -1   2  -1   1  -1  -2   0   2  -4  -1  -1    3   5   7   4   2   4   8   3   3   3  21   3   3   3   1   5  17   0   1   3  0.13 0.20
   23 T    -2  -2  -1  -2   1  -3  -2  -2   0   1   1  -2   2   1  -4   0   3   1   1   1    3   2   3   2   3   0   2   2   2   6  15   2   6   6   0   7  19   2   5  12  0.21 0.25
   24 K    -1   4   0  -1   1   0  -1  -2   1  -1  -4   3   0  -1  -1  -1   0   2   1  -1    5  22   4   3   3   3   3   3   3   3   0  18   3   3   3   5   6   3   5   4  0.31 0.30
   25 E     0   0   0   0  -3   1   0   0   2   0  -1   0   1   1  -3   0   0   3   1   0    6   6   5   6   0   5   6   6   5   6   6   6   5   5   0   6   6   5   5   6  0.06 0.10
   26 R     1   2  -1  -1  -1  -1  -2  -2   0   1   1   0   1   0  -2   0   0  -3   0   0   13  14   2   2   1   2   2   3   2   9  15   4   4   3   1   8   7   0   3   6  0.08 0.13
   27 Y    -2   0  -1  -1   1  -1  -1  -4   1   0  -2  -1  -3   1  -4  -1   0   5   6  -1    4   6   3   4   3   3   4   0   4   5   3   4   0   3   0   3   7   7  34   4  0.58 0.41
   28 H    -1   0  -1  -4   3  -1  -3  -1   2   0   1  -3   1   2  -4  -1  -3   3   4   0    6   7   3   0   8   3   0   4   6   5  11   0   3   9   0   3   0   4  19   6  0.34 0.29
   29 Q    -1   0  -1  -1   1   6   0  -2   1  -1  -2  -1   1  -5  -4  -1  -1  -5   0  -1    4   4   3   3   3  47   3   3   3   3   3   3   3   0   0   3   3   0   3   4  0.75 0.34
   30 C    -1  -2  -2  -3   5  -2  -2  -2  -1  -2  -2  -2  -2   1  -3   1  -1   7   4  -2    0   0   0   0  25   0   0   0   0   0   0   0   0   0   0  25   0  25  25   0  0.68 0.05
   31 Q     0   1   0  -1  -1   3   0  -2  -1  -3  -1   0   0  -3  -1   1   4  -5  -2  -2    6   8   3   2   1  15   5   3   1   1   5   5   3   1   3  10  24   0   1   2  0.32 0.28
   32 N    -3  -3   8   1  -7  -5  -2  -3  -1  -3  -7  -3  -6  -3  -6  -1  -2  -7  -1  -4    2   2  66   7   0   0   2   2   2   2   0   2   0   2   0   4   2   0   3   2  1.79 0.78
   33 I    -1  -3  -2  -1  -4  -2  -1  -3  -1   4   2  -2   0  -1   3  -2  -2   0  -1   1    5   1   2   3   0   2   4   1   2  27  16   2   1   2  15   3   2   1   2  10  0.42 0.27
   34 N     0  -1   4   2  -5   0   3   0   2  -3  -2  -1  -1  -2  -2  -2  -1  -1  -1  -2    7   3  18  12   0   3  22   6   4   2   4   3   2   2   2   2   3   1   2   3  0.36 0.27
   35 C    -6  -1  -8  -8  11  -8  -8  -8  -8  -7  -7  -8  -7  -7  -8  -2  -7  -7   1  -7    0   4   0   0  86   0   0   0   0   0   0   0   0   0   0   4   0   0   4   0  3.94 1.15
   36 S    -1   0  -1  -1  -1   0  -3   6  -5  -6  -3  -3  -1  -3  -5   3  -4  -6  -6  -6    3   5   2   3   2   5   1  52   0   0   2   1   1   1   0  21   0   0   0   0  1.03 0.49
   37 C     1  -3  -4  -5   7  -3  -1  -4   7  -3  -3  -2   0   2  -6  -3  -2   4   0  -2   11   1   0   0  24   1   4   1  28   1   2   2   2   7   0   1   3   5   2   2  1.16 0.53
   38 T    -1   3  -1  -4   0  -1  -3  -1  -2  -2  -4  -2  -2  -5  -3   2   5  -6  -5   1    5  14   2   0   2   2   1   4   1   2   0   1   1   0   1  14  42   0   0   9  0.75 0.46
   39 F    -3  -7  -7  -7   2  -7  -7   0  -1  -3  -3  -7  -2   8  -7  -4  -6   6   3  -3    2   0   0   0   4   0   0   7   1   1   1   0   1  61   0   1   0  10   7   2  1.89 0.72
   40 M    -2   2  -2  -4  -1  -1  -2  -3  -2   1  -2   4   0  -4  -4  -2   1  -5  -2   4    2  10   2   0   1   1   1   2   1   7   3  24   2   0   0   3   9   0   1  31  0.50 0.34
   41 T     3  -4  -1  -4  -1  -2  -3   1  -4  -1  -2  -3   1  -2  -3   1   4  -5  -1   0   24   0   2   0   1   1   1  11   0   3   3   1   5   1   1   9  29   0   2   6  0.49 0.35
   42 M    -1   0   0  -1  -2   1   0  -2   4   0   1  -2   2   0  -4   0   0  -1   2  -1    3   5   4   3   1   7   5   2  13   7  13   1   6   4   0   8   7   1   7   3  0.15 0.16
   43 E    -2  -2  -2  -2  -2   0   3  -4  -2   1   2   0   1   1  -4  -1   0  -4  -2   0    3   1   1   1   1   4  25   1   1   6  24   7   3   7   0   5   6   0   1   6  0.32 0.27
   44 T     0  -2  -1  -2  -1  -1   4  -1  -1  -1  -3  -2  -2  -3  -4   2   3  -5  -1  -1    9   1   3   1   1   2  28   5   1   4   1   1   1   1   0  19  16   0   2   4  0.45 0.36
   45 I    -1  -3  -5  -6  -4  -5  -4  -5  -2   4   0  -5   1   5  -1  -4  -3   1   2   3    6   1   0   0   0   0   1   1   1  21   7   0   3  24   3   1   1   2   6  20  0.72 0.39
   46 E     0  -2  -2   2  -2  -1   2  -3   0   0  -1  -1  -1  -3  -2   1   2  -5  -1   2    6   2   1  10   1   2  13   1   2   5   5   3   1   1   1  13  14   0   2  19  0.22 0.23
   47 R    -3   5  -2  -2  -1  -2   0   0   7  -4  -3   2  -3  -2  -4  -2  -2  -5   1  -4    2  28   1   2   2   1   6   7  24   1   3  10   1   2   0   3   2   0   5   1  0.83 0.47
   48 F    -2  -1  -3  -3  -4  -1  -1  -2  -2   2  -1  -3   0   1  -3   0   5  -1   0   0    2   3   1   1   0   3   5   3   1  13   6   1   2   7   1   6  34   1   3   7  0.42 0.34
   49 I    -2  -4  -6  -7  -5  -6  -3  -7  -3   6   3  -6  -1  -2  -4  -5   0  -6   0   1    3   1   0   0   0   0   2   0   1  41  31   0   1   1   1   0   5   0   4   9  1.08 0.53
   50 V     0   2   1  -3   1  -2  -2  -2  -1  -1  -2  -1   0  -4  -4   3   2  -5  -2   2    6  10   6   1   3   1   1   2   1   2   4   4   3   0   0  28  11   0   1  15  0.37 0.32
   51 T    -2   1  -3  -3  -1   0  -1  -3  -2  -3  -2   1  -3  -4   7  -1   0  -7  -6  -3    4   9   1   2   1   4   4   2   1   1   4   8   1   1  47   5   5   0   0   1  1.06 0.57
   52 P    -1   0  -2  -3  -6  -5  -4  -3  -5  -6  -5  -3  -3  -7   6   5   0  -7  -4  -5    4   5   2   1   0   0   1   2   0   0   1   1   1   0  33  43   5   0   1   1  1.26 0.70
   53 G     3  -1  -1   0  -3   1   0   3  -2  -2  -2   0  -1  -3  -1   1  -2  -5  -3  -2   24   3   2   4   0   6   5  24   1   2   3   5   2   1   3  12   2   0   1   2  0.33 0.27
   54 A    -1   1   0  -1   1   1   0  -1  -1   0   0   1   2  -2  -1   0   2  -4  -2  -1    4   7   5   3   3   6   4   5   1   6  10  10   6   1   2   8  13   0   1   3  0.09 0.12
   55 I    -1  -3  -2  -1  -3  -3  -1  -2  -5   1  -3  -1   0  -4   6  -2  -1  -6  -4   0    6   1   2   4   0   1   3   3   0  10   2   3   2   1  46   3   5   0   0   6  0.96 0.51
   56 D    -1   0   6   3  -3   0   1  -3  -1  -3  -3   1  -5  -4  -2  -1  -2  -6  -4  -3    5   4  37  14   1   4  10   2   1   2   3   8   0   1   2   4   2   0   0   1  0.73 0.44
   57 P     0  -2  -3  -2  -4  -1  -2  -4  -4  -4  -5   0  -2  -5   7  -2  -1  -7  -6  -5    6   2   1   2   0   3   3   1   0   1   1   6   1   1  62   3   3   0   0   1  1.62 0.75
   58 A     2   0   1   1  -2  -1   1  -2  -2  -2  -1  -1  -2  -3  -1   0   0  -5  -3   1   24   5   7   9   1   2  12   2   1   2   7   3   1   0   3   5   4   0   1  12  0.18 0.20
   59 P    -2  -2  -4  -4  -2  -1  -3  -4  -2   3  -2  -3  -2  -5   5  -3   0  -6  -5   4    3   2   1   1   1   3   2   1   1  16   2   1   1   0  31   1   7   0   0  27  0.85 0.48
   60 P     0   0   0   0  -4  -1   0  -4   1   0  -2  -1   0   0   5  -1  -1  -5   0  -1    9   5   4   6   0   3   5   0   4   5   4   2   2   5  30   4   3   0   4   4  0.45 0.30
   61 H    -2   1  -3   1  -4  -2  -1  -4   4   2   3  -1  -2  -1  -2  -3  -3  -5  -3   1    2   7   1   8   0   1   3   1  13  15  32   3   0   3   2   1   1   0   0   7  0.41 0.30
   62 P    -4  -3  -3  -3  -7   2  -1  -6  -6  -7  -6  -4  -6  -3   8  -2  -1  -7  -7  -4    1   1   1   1   0   9   5   0   0   0   0   0   0   1  70   3   5   0   0   1  2.04 0.86
   63 T     0   0  -2  -3  -2   2  -2  -3  -2   0   3   0   2  -1  -1   0   1  -4  -2   0    6   6   1   1   0  10   2   2   1   3  28   5   7   1   3   5  11   0   1   7  0.20 0.21
   64 V     1   1  -1  -2   1  -1  -1  -2  -3   0   0  -1   0  -2   1   2   1  -4  -3   1   14   7   3   1   4   1   4   2   0   6  12   4   1   1   7  17   7   0   0   9  0.12 0.15
   65 G     0   0   2   0  -4   3   0   2   0  -3  -3   1  -1  -4   2   1   1   0  -1  -3    6   4  10   3   0  15   5  15   3   1   1   6   1   0   9   9   8   1   2   1  0.26 0.21
   66 G     0   3  -1  -2  -4   2  -2   3   1  -3  -3   2   0  -3  -2   0   0  -4  -3  -3    9  18   2   1   0   9   0  22   4   1   1  14   2   1   1   8   6   0   0   1  0.38 0.26
   67 Q     2   0  -2  -2  -2   5   1  -2  -3  -3  -2   1   0  -4   1   1  -1  -5  -3  -1   16   4   1   1   1  28   7   2   0   1   4  10   2   0   7   9   3   0   1   5  0.40 0.30
   68 R    -2   5  -2  -1  -5   4   0  -1   0  -5  -3   1  -3  -2  -1   0  -3  -4   0  -3    3  40   1   2   0  18   6   6   1   0   2   5   0   2   3   6   0   0   4   1  0.69 0.39
   69 P     1   0  -3  -3  -4   2  -1  -3  -1  -2  -2  -1  -3  -4   5   2   0  -1  -1  -1   11   5   0   0   0  13   3   0   1   2   4   3   0   0  29  16   5   1   2   4  0.55 0.31
   70 L    -3  -2  -4  -4  -3   3  -3  -5   0   2   4  -3   4  -2  -4  -2  -3  -4  -3   1    0   2   0   0   0  14   0   0   2  14  44   0  11   0   0   3   0   0   0   9  0.62 0.31
   71 W     0  -2  -3   0  -4   4   2  -3  -2  -3  -2  -1  -2   1  -3  -1   0   8  -1  -2    9   0   0   5   0  22  13   0   0   0   4   3   0   5   0   3   5  27   0   2  0.78 0.28
   72 L    -3  -3  -5  -5  -3  -3  -4  -5  -4   1   5  -4   6   0  -4  -4  -2  -3  -2   0    0   0   0   0   0   0   0   0   0   2  67   0  27   2   0   0   0   0   0   3  0.95 0.27

                      K         Lambda
Standard Ungapped    0.1356     0.3255
Standard Gapped      0.0462     0.2670
PSI Ungapped         0.1509     0.3174
PSI Gapped           0.0462     0.2670
