
Last position-specific scoring matrix computed, weighted observed percentages rounded down, information per position, and relative weight of gapless real matches to pseudocounts
            A   R   N   D   C   Q   E   G   H   I   L   K   M   F   P   S   T   W   Y   V   A   R   N   D   C   Q   E   G   H   I   L   K   M   F   P   S   T   W   Y   V
    1 M    -2  -3  -4  -5  -3  -2  -4  -4  -3   0   1  -3   9  -1  -4  -3  -2  -3  -2  -1    0   0   0   0   0   0   0   0   0   0   0   0 100   0   0   0   0   0   0   0  1.65 0.29
    2 F    -3  -3  -4  -4  -4  -1  -4  -4   1  -2  -1  -4   2   7  -5  -3  -3   0   5  -2    0   0   0   0   0   4   0   0   3   0   0   0   6  70   0   0   0   0  18   0  1.23 0.24
    3 L    -3  -3  -4  -5  -3  -3  -4  -5  -4   0   5  -4   1  -1  -4  -2  -2  -3  -2   0    0   0   0   0   0   0   0   0   0   0  96   0   0   0   0   4   0   0   0   0  1.02 0.24
    4 K    -2   1   0  -2  -5   0   0  -3  -2  -4  -4   7  -3  -5  -3  -2  -2  -5  -3  -4    0   0   4   0   0   0   4   0   0   0   0  92   0   0   0   0   0   0   0   0  1.25 0.28
    5 T    -1   0   0  -2  -3   2  -1  -2   2  -3  -3   3  -2  -4  -2   1   4  -4  -2  -2    0   0   3   0   0  13   0   0   7   0   0  31   0   0   0   8  38   0   0   0  0.52 0.18
    6 E    -1  -1  -1   3   0   0   4  -1  -2  -3  -3   2   0  -4  -2  -1  -1  -4  -3  -1    2   0   0  21   3   0  43   5   0   0   0  15   3   0   0   0   3   0   0   4  0.52 0.16
    7 S    -1  -1   0  -1  -2   2   1  -2  -2  -1   0   0  -1  -3   1   1   3  -3  -2   0    1   0   2   2   0  11   9   0   0   0  13   4   0   0   6  10  37   0   0   6  0.27 0.12
    8 F    -3  -4  -4  -5  -3  -4  -4  -5  -3   1   2  -4   0   7  -5  -3  -1  -1   1   0    0   0   0   0   0   0   0   0   0   7  21   0   0  65   0   0   3   0   0   3  0.99 0.23
    9 E    -1  -1   3  -1   1   0   3  -1   1  -2  -3   0  -2  -3   0   1   3  -3   0  -2    0   0  16   0   4   1  24   2   3   2   0   4   0   0   5   5  29   0   5   0  0.33 0.13
   10 H    -2  -3  -3  -4  -1  -2  -3  -4   3   0   0  -3  -1   3   0  -2  -2   2   6   1    2   0   0   0   1   1   0   0   8   5   6   0   0   9   5   0   0   2  45  13  0.63 0.17
   11 N    -1  -1   4   0   0   0   1   4  -2  -4  -4  -1  -3  -4  -3   0  -2  -4  -3  -4    2   2  32   4   3   2   8  43   0   0   1   0   0   0   0   3   0   0   0   0  0.66 0.17
   12 G    -1  -2   0   3  -4  -1   1   4  -2  -4  -4   1  -3  -4  -1   0  -1  -4  -4  -4    3   0   1  24   0   0  10  43   0   0   0  10   0   0   3   4   2   0   0   0  0.58 0.14
   13 V     0  -1   0   1  -3   3   3  -2   1  -1  -2  -1  -1  -3  -2   0   0  -3  -2   1    8   0   4   8   0  19  31   0   5   2   0   0   1   0   0   2   5   0   0  16  0.32 0.13
   14 T     0  -1   1  -1  -2   1   0  -2   1  -3  -3   0  -1  -3   1   3   2  -3  -2  -1    0   0   6   0   0   9   5   0   3   0   0   6   2   0   5  43  17   0   0   2  0.36 0.11
   15 V    -1  -3  -3  -4  -2  -3  -3  -4  -3   3   1  -3   1   2  -3  -2   0  -2  -1   4    3   0   0   0   0   0   0   0   0  15   5   0   3  14   0   0   4   0   0  56  0.44 0.11
   16 T    -1  -2  -2  -1  -2  -1   1  -3  -3   0   0  -2   0  -2  -2   0   4  -3  -2   3    0   0   0   1   0   2  10   0   0   2   6   0   1   0   0   0  49   0   0  30  0.38 0.13
   17 L    -2  -3  -4  -5  -2  -3  -4  -5  -4   2   5  -3   1   0  -4  -3  -2  -3  -2   0    0   0   0   0   0   0   0   0   0   7  93   0   0   0   0   0   0   0   0   0  0.87 0.17
   18 S    -1   0   0  -2  -2  -1  -1  -2   2  -2  -1  -1  -1   2  -2   3   1  -1   3  -2    0   6   3   0   0   0   0   0   7   0   6   0   0  12   0  41   9   0  17   0  0.30 0.10
   19 E    -2  -1  -1   0  -4   3   6  -3  -1  -4  -4   0  -3  -4  -2   1  -2  -4  -3  -3    0   0   0   0   0  11  81   0   0   0   0   0   0   0   0   8   0   0   0   0  1.00 0.18
   20 L    -2  -3  -4  -4   2  -3  -4  -4  -3   1   4  -3   2   2  -4  -3  -2  -2   2   0    0   0   0   0   6   0   0   0   0   2  72   0   3   8   0   0   0   0   9   0  0.61 0.14
   21 S     0  -2  -1  -1  -2  -1  -1  -2  -2  -3  -3  -1  -2  -3   1   5   3  -4  -3  -2    0   0   0   0   0   0   0   0   0   0   0   0   0   0   6  69  25   0   0   0  0.73 0.19
   22 A     5  -3  -2  -3  -2  -2  -2   3  -3  -3  -3  -2  -2  -4  -2   0  -1  -4  -3  -2   78   0   0   0   0   0   0  22   0   0   0   0   0   0   0   0   0   0   0   0  0.80 0.21
   23 L    -2  -3  -4  -4   0  -3  -4  -4   1   1   5  -3   1   0  -4  -3  -2  -2   1   1    0   0   0   0   2   0   0   0   5   0  80   0   0   0   0   0   0   0   5   8  0.66 0.17
   24 Q    -2   1   1   2  -4   6   1  -3  -1  -4  -4   0  -2  -4  -3   0  -2  -4  -3  -4    0   8   7  15   0  64   3   0   0   0   0   0   0   0   0   4   0   0   0   0  0.89 0.24
   25 R    -2   7  -2  -3  -5   0  -1  -3   2  -4  -4   1  -3  -4  -3   0  -2  -4  -3  -4    0  87   0   0   0   0   0   0   5   0   0   0   0   0   0   8   0   0   0   0  1.31 0.29
   26 I    -1  -3  -4  -4  -2  -3  -4  -4  -3   4   2  -3   2   2  -3  -3  -2  -2   1   2    4   0   0   0   0   0   0   0   0  40  19   0   5   8   0   0   0   0   5  19  0.46 0.15
   27 E    -2   0   0   4  -5   2   5  -3  -1  -4  -4   0  -3  -4  -2  -1  -2  -4  -3  -4    0   4   3  23   0   6  59   0   0   0   0   3   0   0   0   3   0   0   0   0  0.89 0.24
   28 H    -3  -3  -2   1  -4  -2  -1  -4   5  -3  -3  -3  -2   3  -4  -3  -3   3   7  -3    0   0   0  11   0   0   3   0  19   0   0   0   0  12   0   0   0   3  51   0  1.06 0.28
   29 L    -2  -3  -4  -4  -2  -3  -4  -4  -3   2   4  -3   3   2  -4  -3  -2  -2  -1   0    0   0   0   0   0   0   0   0   0  14  65   0   8   9   0   0   0   0   0   0  0.64 0.19
   30 A     3   0   0   2  -3   1   2  -1  -2  -3  -3   1  -2  -4  -2   0   0  -4  -3  -2   35   4   3  11   0   7  16   3   0   0   0  12   0   0   0   4   5   0   0   0  0.33 0.18
   31 L    -1  -1  -3  -4  -3  -3  -3  -4   1  -2   1  -3  -1   5  -4  -3   0   3   5  -2    7   3   0   0   0   0   0   0   4   0  16   0   0  30   0   0   6   3  31   0  0.69 0.27
   32 M     0  -2  -1  -1   1   1  -2  -3  -3   1   3  -1   2  -1  -3  -2  -1  -3  -2   2    7   0   3   3   3   8   0   0   0   8  38   3   7   0   0   0   0   0   0  18  0.25 0.16
   33 K     0   1   1   1  -2   1   1  -2  -1  -2  -2   1  -1  -2  -2   1   1  -2   1   0    9   9   9   9   0   9   9   1   0   0   1   9   0   0   0   9   9   0   9   9  0.14 0.11
   34 R     0   1  -1   1  -3   2   2   0   1  -3  -1   2  -2  -3  -2   0   0  -3  -2  -2    7   7   0  10   0  14  15   7   4   0   6  14   0   0   0   7   7   0   0   1  0.22 0.14
   35 Q     1   2  -1   0  -3   2   1  -2   1  -1  -1   1  -1  -3   2   0   0  -3  -2  -1   12  13   0   6   0  16   8   1   3   3   5   6   0   0  12   5   5   0   0   4  0.21 0.13
   36 A     2  -2   1   1  -3  -1   3  -2  -2  -3  -1  -1  -2  -3  -2   1   2  -4  -3  -2   20   0   8   6   0   0  28   1   0   0   7   0   0   0   0  12  15   0   0   1  0.36 0.24
   37 E     1   0   0   2  -3   1   3  -2  -2  -3  -3   2  -3  -4   1   0   0  -4  -3  -3   18   5   4  10   0   7  25   0   0   0   1  14   0   0   6   5   4   0   0   0  0.37 0.21
   38 Q     0   0   1   2  -4   3   2   0   0  -2  -2   2  -1  -4  -2  -1   0  -4  -3  -1    5   4   5  10   0  14  18   6   3   1   2  19   2   0   0   2   5   0   0   4  0.29 0.18
   39 A     2   0  -1  -1  -2  -1   0  -1  -2   0   1   0  -1   2   0   1  -1  -2   0  -1   26   5   2   3   0   0   6   2   0   6  14   4   0  10   3  12   2   0   3   2  0.10 0.13
   40 E     0  -2  -2   2  -4   2   3  -2  -2   0  -3  -1  -3  -4   2   1   1  -4  -3  -2    6   0   0  15   0  10  27   3   0   6   0   0   0   0  11   8  11   0   0   2  0.42 0.26
   41 S     1   0   0  -1  -3   0   0   1   0  -2  -3   0  -2  -4   2   2   2  -4  -3  -1   16   5   3   2   0   2   6   8   2   2   0   5   0   0  13  19  13   0   0   4  0.26 0.18
   42 D    -1  -2   0   5  -4   0   3  -2  -2  -1  -1   0   0  -4  -3   1  -2  -5  -4  -3    4   0   2  34   0   4  26   1   0   4   7   6   3   0   0  10   0   0   0   0  0.57 0.31
   43 S     1   0  -2   0  -3   0   2   0   2  -2  -3   1   0  -1   2   0  -1  -3  -2  -1   18   6   0   4   0   1  19   8   6   2   0   7   4   4   9   5   3   0   0   4  0.19 0.16
   44 N    -1   0   3   3  -4   2   0   1   0  -3  -3   1   2  -3  -1   0   0  -4   0  -3    4   6  15  21   0  10   3  10   2   0   0   7   8   0   2   4   5   0   4   0  0.31 0.21
   45 R    -1   1  -1   2  -3  -1   2  -3   2   0   0   0   1  -1  -3   0   2  -4  -2   0    4   9   0  12   0   0  15   0   8   5   7   5   5   2   0   7  14   0   0   7  0.16 0.16
   46 K     3  -1  -3  -3   1   2   0  -3  -2  -1   0   1   0  -3  -3  -1  -2  -4   0   0   37   2   0   0   4  11   7   0   0   2   9  12   2   0   0   3   0   0   3   8  0.30 0.26
   47 F     1  -1  -2  -2  -3   1   1  -3   1   0   1  -2  -1   2   1  -1   0  -2   1   0   14   4   0   0   0   6  12   0   3   5  13   0   0  12   8   3   6   0   4   9  0.13 0.14
   48 T     0   0  -2  -1  -2  -1   1  -1  -2   1   2  -1   1   1  -3   1   1  -2   0   0    5   5   0   3   0   0  10   5   0   9  23   3   4   5   0  12   9   0   3   3  0.08 0.12
   49 V     1  -2   1   0  -2   0  -1  -2  -2   1   0  -2   2  -2  -2   0   1  -3  -2   2   17   0   9   5   0   5   3   0   0   7  11   0   7   0   0   7  11   0   0  17  0.13 0.15
   50 E     0   2   0   1  -4   2   3   0  -2  -3  -2   1  -2  -3  -2   1  -2   2  -3  -3    5  15   4   5   0  11  27   5   0   0   4   8   0   0   0  10   0   4   0   0  0.37 0.22
   51 D    -1   3   0   2  -3   0  -1  -3   0   0   1   0   3   0  -3  -1  -1  -3   0  -2    5  20   3  16   0   3   0   0   3   4  16   4  14   4   0   3   3   0   3   0  0.23 0.23
   52 A     0   0   3   0  -3   2   1   1  -1  -1  -1   0  -2  -3  -3   1   0  -3   0  -2    8   3  22   3   0  10   7  10   0   6   8   3   0   0   0   8   7   0   5   0  0.19 0.18
   53 I    -1  -3  -1  -4   1  -3  -3  -2  -3   3   1   0   3  -2  -3  -1   0   3  -2   2    4   0   3   0   3   0   0   3   0  28  10   7   9   0   0   4   5   6   0  18  0.31 0.24
   54 R    -1   4  -2   2  -5   2   3  -4  -2  -4  -4   2  -3  -5  -3  -2  -3  -5  -4  -1    4  30   0  12   0   8  26   0   0   0   0  14   0   0   0   0   0   0   0   7  0.67 0.32
   55 T    -1   0  -1  -1   0  -1  -1  -2  -2   2   1  -2   1   0   0   0   1  -3  -1   1    3   8   2   3   2   3   3   2   0  14  15   0   3   4   3   6  12   0   2  14  0.08 0.10
   56 G     0  -3   4  -2  -4  -1   0   3   3  -4  -1  -2  -3  -1  -4   1  -2  -4   0  -2    7   0  29   0   0   3   6  21  10   0   6   0   0   3   0   9   0   0   3   3  0.47 0.29
   57 A     1  -2   1  -2  -2   1  -1  -2  -2   1  -1  -1  -1   1   2   1   1  -3  -1   1   11   0  11   0   0  11   0   0   0  11   0   0   0  11  11  11  11   0   0  11  0.15 0.11
   58 F    -2   0  -3  -4   5  -2  -3  -4   2   1   1  -2   1   2  -4  -3  -2   6   3  -1    0   8   0   0  17   0   0   0   6  11  13   0   6  13   0   0   0  16  11   0  0.53 0.19
   59 L    -2  -1   1  -3  -2  -2  -3  -1  -3   1   4  -2   3   1  -3  -2  -1  -3  -2   0    0   4  11   0   0   0   0   4   0   2  56   0   8   6   0   2   2   0   0   4  0.35 0.16
   60 V    -1  -2  -3  -4  -2   1  -2  -4  -3   2   0   1   2  -2  -3  -2  -1  -4  -2   5    0   0   0   0   0   7   0   0   0   7   0  12   6   0   0   0   0   0   0  68  0.60 0.23
   61 A     4  -2  -2  -2  -2  -2  -2   0  -3  -2   0  -2  -2  -3  -2   3  -1  -4  -3  -1   57   0   0   0   0   0   0   4   0   0  12   0   0   0   0  27   0   0   0   0  0.54 0.21
   62 M    -1   4  -2  -3   2   0  -2  -3   1  -1   1  -1   6  -2  -3  -2   1  -3  -2  -1    2  31   0   0   5   2   0   0   5   0  10   0  34   0   0   0  12   0   0   0  0.51 0.22
   63 S     1  -2  -1  -2  -2  -2  -2  -2  -2  -3  -1  -2  -2   2  -2   5   0  -3  -2  -2   12   0   0   0   0   0   0   0   0   0   7   0   0  12   0  69   0   0   0   0  0.64 0.25
   64 L    -2  -2  -4  -4  -2  -3  -4  -4  -4   2   4  -3   2   1  -4  -3   0  -3  -2   1    0   2   0   0   0   0   0   0   0  16  62   0   2   5   0   0   4   0   0   8  0.56 0.17
   65 W     1  -1  -2  -3   1   0  -2   1  -2  -3  -2  -2   1   1  -3   0  -2   9   0  -2   16   3   0   1   4   4   1  13   0   1   1   1   4   5   1   6   1  38   0   1  0.90 0.19
   66 H    -2   0   2  -1  -3   4   1  -2   7  -3  -2   0  -2  -3  -2  -1  -2  -3  -1  -3    1   4  13   0   0  26   6   1  37   0   4   2   0   0   0   3   1   0   0   1  0.67 0.19
   67 N     2  -1   2  -1   0   0   0   1   1  -2  -2  -1   0  -3  -2   1   0  -3  -2  -1   25   0  14   2   2   3   7  12   4   0   2   0   3   0   0  14   6   0   0   6  0.17 0.08
   68 H    -1   1   1   3   0  -1   1   0   4  -3  -2   0  -2  -3   0   0   1  -4  -2  -3    2  10   5  20   3   0   7   6  17   0   5   5   0   0   4   7   9   0   0   0  0.27 0.13
   69 P    -1   1   1   0  -2   0   0  -2  -1  -2   0   1  -1  -2   4   0   0  -3  -2  -2    1  10  11   6   0   5   3   1   0   1  16   7   0   1  22   7   6   0   1   1  0.28 0.10
   70 Q     1   1  -1   0  -2   2   2  -2   1  -2   0   1  -1   1  -2   0   0  -2  -1  -1   16   6   1   3   0  13  17   1   5   1   9   7   0   7   1   6   5   0   0   1  0.14 0.09
   71 K     0   1   1   1   3   1   1   0  -1  -1  -2   2  -2  -3  -2   0   0  -3  -2  -2    9   9   6   9   8   6   7   5   0   6   1  21   0   0   1   5   6   0   0   1  0.17 0.12
   72 T    -1   2   1  -1  -2   0   1   0  -1   0  -1   1   1  -1  -2   0   2  -2   1  -1    1  14   6   1   0   1  13   6   0   9   6   7   5   1   1   5  16   0   8   1  0.11 0.12
   73 Q     0   1  -1   2  -3   2   2   0  -2  -3  -3   1  -2  -3   2   0   1  -3  -3  -2   10   6   0  13   0  10  15   6   0   0   1  10   0   0   9   7  12   0   0   0  0.29 0.17
   74 M    -1  -1   1   1   2   1  -1   0   2   0   0   0   1  -2  -2   0   0  -3  -2   0    1   0   7   8   7   7   0   8   7   8   8   8   7   0   0   8   8   0   0   8  0.08 0.13
   75 P     1  -1   1   0  -2   0   1   0  -1  -2  -1   0  -1  -2   4   0  -1  -2  -2  -1   15   2   6   5   1   1  12   6   1   2   5   7   1   1  23   7   2   0   1   2  0.30 0.08
   76 S     1   0   2   0  -1   0  -1  -1  -1  -1  -2   1  -1   0  -1   3   1  -2  -1  -1    8   5  10   4   1   1   2   2   1   4   2   8   1   6   1  33   9   0   1   2  0.17 0.10
   77 M     0  -1  -1   0  -2   0  -1   0  -2   0   0  -1   3   0   3  -1   1  -2  -1  -1    6   1   1   6   1   5   2   8   1   5   9   2  14   4  20   2  12   0   1   2  0.20 0.09
   78 N     0   0   3   1  -2   0   1   2  -1  -2  -2   0  -2  -3  -1   1   1  -2  -2  -2    8   5  18   6   0   1   8  22   0   1   2   5   0   1   1  12   7   0   1   1  0.24 0.09
   79 E     0   1  -1   1  -3   2   3  -2  -1  -2  -2   1  -2  -3   1   0   1  -3  -2  -2    6   9   1   8   0  14  26   1   0   1   1   8   0   1   7   1  13   0   1   1  0.32 0.13
   80 A     1  -1   2   3  -3   0   2   0  -1  -3  -2  -1  -2  -3  -2   1   1  -3  -2  -2   12   0  14  20   0   3  21   4   0   0   3   1   0   0   1   7  12   0   0   1  0.32 0.15
   81 V    -1  -1  -3  -3  -2  -2   0  -3  -3   3   1  -2   2  -1  -3  -2   0  -3  -2   4    3   3   0   0   0   0   8   1   0  22   6   0   9   0   0   1   4   0   0  41  0.35 0.19
   82 K     0   0   1   2  -3   2   1   0   2  -2  -2   1   1  -3  -2   0   1  -3  -2  -2    8   5   8  18   0  10  10   6   6   0   1   8   7   0   0   1  10   0   0   1  0.21 0.13
   83 Q     1   1  -1   2  -2   3   2  -2  -1  -2  -1   1  -1  -3  -2   0   1  -3  -2  -1   16   5   0  11   0  17  15   0   0   0   6   8   0   0   0   5   8   0   0   5  0.22 0.15
   84 I    -2   0  -4  -4  -2  -3  -4  -4  -4   4   4  -3   0  -1  -4  -1  -2  -3  -2   1    0   6   0   0   0   0   0   0   0  31  48   0   0   0   0   6   0   0   0   8  0.55 0.24
   85 E    -1   1  -2  -2   1   3   1  -3   4   0  -2  -1   2   1  -3  -2  -2  -1   4  -2    3   6   0   0   4  22  12   0  13   6   0   0   7   4   0   0   0   0  19   0  0.38 0.21
   86 Q     0   2   0   0  -3   5   1  -2   2  -3  -3   1  -1  -3   0   0   0  -3  -2  -3   10  11   4   4   0  36   6   1   7   0   1   7   2   0   3   5   3   0   0   0  0.43 0.20
   87 E    -1  -1   0   2  -3   2   4  -1  -1  -1  -2  -1   0  -1  -2   1  -1  -3   0  -2    4   0   4   9   0  12  37   3   0   5   1   0   4   3   0  11   2   0   3   0  0.35 0.18
   88 V    -1  -2  -2  -2  -1  -1  -2  -2  -2   2   2  -2   3  -1  -2  -1   1  -2  -1   2    1   1   1   1   0   1   1   1   0  18  18   1  17   1   1   1  18   0   1  18  0.16 0.04
   89 L    -2   1  -3  -3  -2  -1  -2  -3  -3   1   3   0   5  -1  -3   0  -2  -3  -2   0    0   8   0   0   0   3   0   0   0   8  37   6  26   0   0   7   0   0   0   3  0.42 0.19
   90 T     1   1   0   0  -2   1   1  -2  -1  -1  -1   0   0  -3  -2   2   1  -3  -2  -1   15   8   4   3   0   8  11   0   0   2   8   4   3   0   0  21  11   0   0   0  0.18 0.10
   91 T     0  -1   2   1  -3   1   1   1  -2  -3  -2   0  -2  -3  -2   0   3  -3  -3  -2    7   0  12   8   0   8   9  13   0   0   2   5   0   0   0   4  31   0   0   0  0.30 0.14
   92 W    -5  -5  -6  -7  -5  -4  -5  -5  -4  -4  -4  -5   2   2  -6  -5  -5  12   3  -5    0   0   0   0   0   0   0   0   0   0   0   0   5   7   0   0   0  80   8   0  3.27 0.61
   93 P    -2  -3  -2  -3  -4  -3  -3   1  -3  -4  -4  -2  -4  -1   6   3   0  -5  -4  -4    0   0   0   0   0   0   0  11   0   0   0   0   0   3  53  26   7   0   0   0  1.25 0.33
   94 T     0  -2   2   0  -3  -2  -1  -1  -2   0   0   0  -1  -2   3   0   1   1   0   0    9   0  13   5   0   0   3   3   0   5  11   5   0   0  18   3  11   3   5   6  0.20 0.13
   95 E     0   1   1   2  -4   1   3  -1  -2  -3  -4   1  -3  -4   0   0   0  -4  -3  -2    8  10   7  10   0   5  31   5   0   0   0   8   0   0   3   6   4   0   0   3  0.37 0.18
   96 A     5  -3  -3  -4  -3   1  -3  -2  -3   0   0  -3   4  -3  -3   1  -2  -4  -3  -2   54   0   0   0   0   8   0   0   0   6  10   0  13   0   0   8   0   0   0   0  0.65 0.35
   97 I    -3  -4  -5  -5  -3  -4  -5  -5  -5   5   3  -4   0  -2  -5  -4  -2  -4  -3   3    0   0   0   0   0   0   0   0   0  38  37   0   0   0   0   0   0   0   0  25  0.95 0.28
   98 S     1  -1   3  -1   0  -1   0   2  -2  -2  -3   1  -3  -4  -3   2   0  -4  -2  -3   15   1  18   2   3   0   5  21   0   2   0  12   0   0   0  15   4   0   2   0  0.32 0.16
   99 H     2   1  -1  -2  -3   2   2   0   3  -3  -1   1  -2  -2  -2   1  -1  -3  -2  -1   23   6   0   0   0  11  15   6  10   0   5  11   0   2   0   8   1   0   0   3  0.25 0.15
  100 A     5  -4  -3  -4   1  -3  -3   2  -4  -1  -1  -3  -3  -4  -3  -1  -2  -4  -4  -1   71   0   0   0   3   0   0  14   0   4   4   0   0   0   0   0   0   0   0   3  0.91 0.36
  101 E     2  -1  -2   0  -3  -1   3  -1   3  -3  -3  -1  -2   1  -3   0   0  -3   2  -1   26   3   0   6   0   0  23   2   8   0   0   0   0   7   0   7   6   0   9   4  0.29 0.19
  102 N    -1   0   2   3  -4   2   2  -3   1  -3  -2   1  -1   0  -3  -1   0  -3   1  -2    2   4  15  21   0   9  14   0   3   0   4   8   2   4   0   0   6   0   5   2  0.30 0.15
  103 V     0   1  -2  -2  -3   0   1  -3  -2   0   0   2   2   0  -3  -1   0  -3  -2   1    9   9   0   0   0   2  14   0   0   6   6  19   8   4   0   3   4   0   0  15  0.16 0.13
  104 V     0  -4  -5  -5  -3  -4  -4  -5  -5   2   1  -4  -1  -3  -4  -3  -2  -5  -3   6    7   0   0   0   0   0   0   0   0   9  11   0   0   0   0   0   0   0   0  72  1.07 0.37
  105 Y     0   2  -2  -3  -3   0  -2  -3  -2  -1   2   3   1  -2  -3  -1  -1  -3   1  -1    8  10   0   0   0   4   0   0   0   0  31  26   5   0   0   4   2   0   6   3  0.29 0.19
  106 R     1   2  -1  -2  -3   0   2  -3  -2  -1   0   1   0  -2  -3   0  -1  -3   0   2   17  12   2   0   0   2  21   0   0   0   8   7   2   0   0   6   0   0   4  19  0.20 0.14
  107 L    -4  -4  -6  -6  -3  -4  -5  -6  -5   1   6  -5   2  -2  -5  -5  -3  -4  -3  -1    0   0   0   0   0   0   0   0   0   3  93   0   3   0   0   0   0   0   0   0  1.45 0.40
  108 S    -1  -3   2  -2  -3  -2  -2  -2  -3  -4  -4  -2  -4  -4  -3   6  -1  -5  -4  -4    0   0  11   0   0   0   0   0   0   0   0   0   0   0   0  85   0   0   0   0  1.37 0.42
  109 G    -2  -3   2   2   0   0  -2   5  -3  -4  -4  -1  -4  -4  -3  -2  -3  -4  -4  -4    1   0  10  15   2   6   0  58   0   0   1   4   0   0   0   1   0   0   0   0  0.91 0.25
  110 M    -3  -4  -4  -5  -4  -3  -4  -5  -4   1   1  -4  10  -2  -4  -4  -3  -4  -3  -1    1   0   0   0   0   0   0   1   0   8   6   0  80   0   0   1   0   0   0   0  1.97 0.49
  111 Y     0  -1   1  -2  -2  -1  -2  -1  -1   1   2  -1   1  -1   1   1   0  -3   0   0    8   2   8   0   0   2   0   2   1   9  25   3   3   0   8  13   4   0   4   5  0.10 0.08
  112 E     1  -2  -1   0  -3   0   0   0  -2   0   0  -1  -2  -1   5  -1  -2  -4  -3   0   12   0   3   6   0   4   8   6   0   5   9   3   0   2  34   0   0   0   0   6  0.48 0.16
  113 F     1  -2   1   1  -2   0   0  -2  -2  -2  -1   0  -2   1   5   0  -1  -3  -2  -1   13   1   9   7   0   6   6   1   0   1   4   4   0   7  30   5   1   0   1   4  0.41 0.13
  114 V     0   0   0   0  -2   2   2   0   0  -1  -1  -1  -1   0   0   0   0  -2  -1   1    6   5   4   3   0  11  16   7   3   1   3   1   0   4   4   4   7   0   1  19  0.09 0.08
  115 V    -1  -1   0  -1  -2   1   1   0   2   0   0   0  -1  -2   1   0   0  -2  -1   1    3   1   3   2   0   7  13   6   6   4  10   8   0   1   7   7   4   0   1  15  0.08 0.06
  116 N     0  -1   3   5  -3  -1   2  -1  -2  -3  -3   0  -3  -4  -2   0   0  -4  -3  -2    7   3  16  36   0   0  12   4   0   1   1   4   0   0   1   6   5   0   0   2  0.51 0.19
  117 N     1  -1   2   3  -3   0   2  -1  -2  -2  -2   0  -2  -3   0   1   1  -4  -3  -2   14   2  13  19   0   2  14   2   0   1   3   5   0   0   4  11   7   0   0   0  0.28 0.13
  118 A     2  -2  -1   3  -3   0   2   0  -2  -3  -3   0  -3  -4   1   1   1  -4  -3  -2   22   0   0  17   0   2  19   5   0   0   0   6   0   0   7  12   8   0   0   2  0.36 0.18
  119 P     0  -3  -3   0  -4  -2   2   0  -3  -4  -5  -2  -4  -5   7   0   0  -5  -4  -4    8   0   0   6   0   0  13   6   0   0   0   0   0   0  53   6   7   0   0   0  1.20 0.35
  120 E     0  -2  -1   3  -4   0   4  -3  -2  -4  -4  -1  -3  -4  -1   3  -1  -4  -3  -2    6   0   0  18   0   2  36   0   0   0   0   0   0   0   2  31   0   0   0   2  0.69 0.29
  121 Q     1   0   1   2  -2   2   1  -1  -1  -1  -2   0  -2  -3   2   1   1  -3  -2  -1   11   4   7  13   0  10   8   4   0   5   2   2   0   0   8  14   8   0   0   2  0.19 0.09
  122 T     1   0   0   1  -3   1   2  -1   1  -3  -3   1  -2  -3   0   1   2  -3  -2  -1   12   3   3   9   0   4  20   3   4   0   1  11   0   0   3   7  16   0   0   3  0.24 0.12
  123 E     0  -1   1   2  -4   2   4   1   1  -3  -3   1  -3  -4  -1   0   0  -4  -3  -2    6   0   5  12   0   8  35   9   3   0   0   6   0   0   2   4   4   0   0   3  0.40 0.18
  124 D    -1   0   1   4  -3   0   2   1  -2  -3  -4   0  -3  -4   0   1   0  -4  -3  -3    3   5   4  31   0   3  14   9   0   0   1   5   0   0   3  13   7   0   0   0  0.42 0.17
  125 A     2  -1   0   2  -2   0   1  -2   1  -1  -1  -1  -2  -3   0   1   1  -3  -2  -1   20   2   3  18   0   4   7   0   3   3   6   2   0   0   3   9  12   0   0   4  0.17 0.11
  126 G     0  -2   0   1  -3   0   4   1  -2  -3  -2   0  -3  -4  -2   0   1  -4  -3  -1    7   0   2   5   0   2  44  11   0   0   2   4   0   0   0   3  11   0   0   7  0.44 0.22
  127 P     1  -2  -2   0  -3   0   0  -1  -3  -3  -3   1  -3  -4   5   1  -1  -4  -3  -1   15   0   0   5   0   4   6   4   0   0   0   8   0   0  38  10   3   0   0   5  0.68 0.22
  128 A     3  -2  -1   1  -2   0   3  -2   1  -2  -3  -1   0  -3  -2   1   1  -4  -3  -1   33   0   0   9   0   3  21   0   4   0   0   0   3   0   0   8  12   0   0   3  0.35 0.20
  129 E    -2  -1  -2   2  -4   1   5  -3  -2  -4  -4   3  -3  -4   0  -1  -1  -4  -3  -4    0   0   0   8   0   2  56   0   0   0   0  20   0   0   4   3   3   0   0   0  0.86 0.31
  130 P     0  -4  -3  -1  -4  -3   0  -2  -4  -4  -4  -3  -4  -5   8  -2  -1  -5  -4  -4    9   0   0   3   0   0   5   3   0   0   0   0   0   0  76   0   2   0   0   0  1.86 0.41
  131 V    -1  -2  -3  -2  -2  -2   1  -3  -3   2   1  -1   1   0  -1  -2  -1  -3  -2   3    4   0   0   0   0   0  13   1   0   9  13   5   5   4   3   1   0   0   0  41  0.25 0.14
  132 S    -1  -2  -1   0  -2  -1  -1  -2  -2  -3  -2   0  -2  -3  -2   4   4  -4  -3  -2    0   0   0   3   0   0   0   0   0   0   4   5   0   0   0  51  33   0   0   0  0.64 0.25
  133 A     3  -2  -2   0   1  -2  -2  -2  -3  -1   2  -2  -1  -2   0   1  -1  -3  -2  -1   44   0   0   6   3   0   0   0   0   0  31   0   0   0   4   9   0   0   0   0  0.31 0.16
  134 G    -2  -2  -2   0  -5   0   5   3  -2  -5  -4   1  -3  -5  -1  -1  -2  -4  -4  -4    0   0   0   0   0   0  61  28   0   0   0   8   0   0   3   0   0   0   0   0  0.89 0.27
  135 K    -2   0  -2  -2  -5   0   1  -3  -2  -4  -4   7  -3  -5  -3  -2  -2  -5  -4  -4    0   0   0   0   0   0   8   0   0   0   0  92   0   0   0   0   0   0   0   0  1.37 0.37
  136 V     1  -2  -2  -3   4   1  -1  -2  -2   0   1  -1   3  -2  -2  -1   1  -3  -2   1   14   0   0   0  14  14   0   0   0   0  14   0  14   0   0   0  14   0   0  14  0.20 0.10
  137 F    -2   2  -2  -2  -3  -1   1  -3  -1   0   2  -1   0   4  -3  -2  -2  -1   1  -1    0  18   0   0   0   0  18   0   0   0  32   0   0  32   0   0   0   0   0   0  0.22 0.03
  138 D     2  -2   0   5  -2  -1   1  -1  -2  -3  -3  -1  -3  -3  -2   0  -1  -4  -3  -2   32   0   0  68   0   0   0   0   0   0   0   0   0   0   0   0   0   0   0   0  0.64 0.06
  139 G     0  -2   0  -1  -2  -1  -2   5  -2  -4  -4  -1  -3  -3  -2   1  -1  -3  -3  -3    0   0   0   0   0   0   0  78   0   0   0   0   0   0   0  22   0   0   0   0  0.78 0.01
  140 E    -1   0   0   1  -4   2   5  -2   0  -3  -3   1  -2  -3  -1   0  -1  -3  -2  -3    0   0   0   0   0   0 100   0   0   0   0   0   0   0   0   0   0   0   0   0  0.79 0.03
  141 L    -1   1  -2  -2  -1   0  -1  -2  -1   1   2  -1   5   0  -2  -1  -1  -1  -1   0    2  10   1   1   0   1   2   2   1   1  23   1  46   1   1   2   1   0   1   2  0.18 0.03
  142 S     1   3   1   0  -2   2   1  -1   0  -2  -2   1  -1  -2  -1   1   0  -2  -1  -1   16  24   9   1   0  15   5   2   0   1   2   6   0   1   1  12   1   0   1   1  0.21 0.02
  143 F    -2  -2  -2  -3  -2  -2  -2  -2  -1   0   0  -2   0   6  -2  -2  -2   1   2  -1    2   1   1   1   0   1   1   2   0   1   2   1   0  79   1   2   1   0   1   1  0.63 0.05
  144 A     3  -2  -2  -2  -1  -1  -1  -1  -2   1   0  -1   0  -1  -1   0   0  -2  -1   2   46   1   1   1   0   1   1   2   0   8   2   1   0   1   1   2   1   0   1  28  0.16 0.03
  145 L    -2   1  -2  -3  -2   0  -2  -3  -2   0   3  -1   5  -1  -3  -2   1  -2  -2   0    0  11   0   0   0   4   0   0   0   0  29   0  41   0   0   0  16   0   0   0  0.40 0.12
  146 K     0   4   0   1  -3   2   0  -1  -1  -3  -2   2   0  -1  -2   0  -1  -3  -2  -2    6  41   3  10   0  11   0   4   0   0   0  12   4   4   0   6   0   0   0   0  0.35 0.08
  147 L    -2  -3  -4  -4  -2  -3  -4  -4  -3   2   4  -3   1   1  -4  -3  -2  -2  -1   1    0   0   0   0   0   0   0   0   0  11  79   0   0   6   0   0   0   0   0   4  0.63 0.12
  148 A     6  -2  -2  -3  -1  -2  -2  -1  -3  -2  -2  -2  -2  -3  -2   0  -1  -4  -3  -1  100   0   0   0   0   0   0   0   0   0   0   0   0   0   0   0   0   0   0   0  0.88 0.18
  149 R    -2   7  -1  -3  -4   0  -1  -3   3  -4  -3   1  -2  -4  -3  -2  -2  -4  -2  -4    0  92   0   0   0   0   0   0   8   0   0   0   0   0   0   0   0   0   0   0  1.23 0.19
  150 E    -2  -1  -1   2  -4   3   5  -3   4  -4  -4   0  -2  -4  -2  -1  -2  -4  -2  -3    0   0   0  11   0  16  57   0  16   0   0   0   0   0   0   0   0   0   0   0  0.77 0.13
  151 M     1  -3  -3  -4  -3  -3  -3  -3   1  -1   0  -3   4   6  -4  -2  -2  -1   1  -1   17   0   0   0   0   0   0   0   4   0   0   0  18  61   0   0   0   0   0   0  0.70 0.15
  152 G    -1   2   1  -2   5  -1  -2   4   1  -3  -3   0  -2  -3  -3  -1  -2  -3  -3  -1    0  19  10   0  17   0   0  41   5   0   0   4   0   0   0   0   0   0   0   5  0.46 0.09
  153 R    -2   7  -1  -2  -4   2  -1  -3  -1  -4  -3   1  -2  -4  -3  -2  -2  -4  -3  -4    0  90   0   0   0  10   0   0   0   0   0   0   0   0   0   0   0   0   0   0  1.22 0.19
  154 P     1  -3  -2   2  -3  -2  -1  -2  -3  -2  -3  -2  -2  -4   6  -1   0  -4  -3   0   21   0   0  17   0   0   0   0   0   0   0   0   0   0  48   0   5   0   0  10  0.88 0.12
  155 D    -3  -3   0   7   3  -1   0  -2  -2  -4  -4  -2  -4  -4  -3  -1  -2  -5  -4  -4    0   0   0  90  10   0   0   0   0   0   0   0   0   0   0   0   0   0   0   0  1.32 0.19
  156 W    -3  -4  -5  -5  -3  -3  -4  -4  -3   2  -2  -4  -2   0  -5  -4  -3  11   3  -2    0   0   0   0   0   0   0   0   0  17   0   0   0   0   0   0   0  73  10   0  2.29 0.24
  157 R    -2   6  -1  -3   1   0  -1  -3   4  -3  -3   1  -2   1  -3  -2  -2  -3  -1  -3    0  69   0   0   5   0   0   0  17   0   0   0   0  10   0   0   0   0   0   0  0.82 0.16
  158 A     2   5   1  -2  -3   0  -1  -2  -1  -3  -3   1  -2  -3  -2   0   1  -3  -2  -2   30  47  10   0   0   3   0   0   0   0   0   0   0   0   0   0  10   0   0   0  0.47 0.11
  159 M    -3  -3  -4  -5  -3  -2  -4  -4  -3   3   0  -3   8   1  -4  -3  -2   5  -2  -1    0   0   0   0   0   0   0   0   0  16   0   0  70   5   0   0   0   9   0   0  1.25 0.30
  160 L    -2  -2  -3  -3  -2  -2  -3  -3  -3   0   5  -3   1  -1  -3  -3  -2  -2  -2   0    1   1   1   1   0   1   1   1   0   1  85   1   0   1   1   1   1   0   1   1  0.71 0.16
  161 A     3   1  -1  -1  -1  -1  -1  -1  -2  -2  -2  -1  -2  -3  -1   3   0  -3  -2  -1   41   8   1   1   0   1   1   1   0   1   1   1   0   1   1  38   1   0   1   1  0.42 0.13
  162 G    -1  -1  -1   0  -3   1   4   3  -1  -3  -3  -1  -2  -3  -2   1   1  -3  -2  -2    1   1   1   1   0   5  40  25   0   1   1   1   0   1   1  11   8   0   1   1  0.42 0.11
  163 M    -2  -3  -3  -4  -3  -2  -3  -3  -3   2   0  -3   8   1  -3  -3  -2  -2  -2  -1    1   1   1   1   0   1   1   1   0  11   1   1  70   6   1   1   1   0   0   1  1.16 0.28
  164 S     0  -2  -1  -1  -2  -1  -1  -2  -2  -3  -3  -1  -2  -3   1   5   3  -3  -2  -2    1   1   1   1   0   1   1   1   0   1   1   1   0   1   5  66  18   0   0   1  0.70 0.21
  165 S     3  -2  -1  -2   3  -1  -1   1  -2  -2  -2  -1  -2  -3  -2   3   0  -3  -2  -1   32   1   1   1   9   1   1   7   0   1   1   1   0   1   1  37   1   0   0   5  0.40 0.14
  166 T     1   0  -1  -1  -2  -1   0  -1  -2  -2  -2  -1  -2  -3  -2   3   4  -3  -2  -2    7   5   1   1   0   1   7   4   0   1   1   1   0   1   1  35  34   0   0   1  0.42 0.15
  167 E    -2  -1  -1   0  -4   0   6  -3  -1  -3  -3  -1  -3  -4  -2  -1   0  -3  -3  -3    1   1   1   1   0   1  81   1   0   1   1   1   0   1   1   1   7   0   0   1  1.10 0.25
  168 Y    -2  -3  -3  -3  -3  -2  -3  -3  -1  -1   2  -3  -1   3  -3  -2  -2   3   6   0    1   1   1   1   0   1   1   1   0   1  23   1   0  12   1   1   1   4  44   7  0.69 0.17
  169 A     2   0  -2   1   3   0  -1   1  -2  -1   0   0  -1   1  -2   1  -1  -3  -2  -1   22   6   0   8  10   4   0  13   0   4  10   4   0   8   0  10   0   0   0   0  0.13 0.10
  170 D    -1   2  -1   4  -4  -1   3  -1   4  -4  -4  -1  -3   0  -3   0  -2  -4  -2  -4    6  14   0  33   0   0  23   4  12   0   0   0   0   4   0   4   0   0   0   0  0.57 0.21
  171 W    -5  -5  -6  -7  -5  -5  -6  -5  -5  -5   0  -6  -3  -2  -6  -5  -5  12  -1  -5    0   0   0   0   0   0   0   0   0   0  10   0   0   0   0   0   0  90   0   0  3.71 0.63
  172 H     1   1  -2  -2   1   0   0   1   4  -1  -2  -1  -2  -2  -3   0  -2  -2   3   1   17  11   0   0   4   3   5  11  17   4   0   0   0   0   0   4   0   0  12  12  0.23 0.15
  173 R     0   3   0   2  -3   1   1  -1   1  -3  -2   1  -2  -3  -2   1   0  -4  -2  -2    6  28   3  12   0   6  11   4   4   0   3   7   0   0   0   8   5   0   0   3  0.30 0.13
  174 F    -3  -3  -3   0   3  -3  -3  -4   4  -2  -2  -3  -2   5  -4  -3  -3  -1   5   0    0   0   0   6   8   0   0   0  14   0   0   0   0  36   0   0   0   0  26   9  0.86 0.27
  175 Y    -4   0  -4  -5  -4  -4  -4  -5   3  -2   0  -4  -2   7  -5  -4  -4  -1   6  -3    0   5   0   0   0   0   0   0   8   0   6   0   0  52   0   0   0   0  29   0  1.27 0.34
  176 S     0   4  -1   0   1   0  -1   1  -2  -2   0   0   0  -3  -3   1   1  -3  -3  -2    5  31   0   4   4   4   0   9   0   0  11   0   3   0   0  17  12   0   0   0  0.27 0.16
  177 T     0   0  -1   2  -3   0   2  -2   2  -2  -1   1   1  -2  -2   0   1  -3   1   0    7   3   0  15   0   0  16   0   9   0   4  14   5   0   0   3  11   0   5   8  0.18 0.12
  178 H     0   2   2  -2  -3   1   0  -3   6  -3  -3   1   0  -1  -3  -1   0  -3  -1  -2   11  15  10   0   0   8   4   0  25   0   0   8   4   3   0   0   8   0   0   3  0.39 0.18
  179 Y    -2  -3  -3  -3   1  -3  -3  -1  -2   1   0  -3  -2   1   5  -1  -2  -2   4  -2    0   0   0   0   4   0   0   6   0  11  12   0   0   4  37   6   0   0  20   0  0.68 0.20
  180 F    -3  -4  -4  -5  -3  -4  -4  -5  -3   1   1  -4  -1   7  -5  -3   1  -1   1  -1    0   0   0   0   0   0   0   0   0  10  10   0   0  69   0   0  11   0   0   0  1.10 0.29
  181 H     0  -1  -1   2  -3   2   1  -2   4  -3  -2  -1   2  -3  -2   2   2  -4  -2  -2    5   0   0  16   0  13   5   0  16   0   0   0   9   0   0  23  13   0   0   0  0.37 0.17
  182 D    -1   2   1   3  -3   2   0  -1  -1  -3  -1  -1  -2  -1   0   0  -1  -2   3  -3    3  13   9  23   0  13   3   3   0   0   5   0   0   0   4   4   3   0  16   0  0.27 0.12
  183 V    -1   0  -1   3  -3   1   2  -3   3  -2  -3  -1   0  -2   1   0   0  -3   2   0    3   7   0  20   0   5  15   0   9   0   0   0   3   0   6   4   6   0  12  10  0.27 0.16
  184 L    -2  -1  -3  -3  -3   2  -2  -4  -3   1   3  -2   3   1   2  -2   0   4  -2  -1    0   4   0   0   0  13   0   0   0   7  35   0  10   6  12   0   7   6   0   0  0.38 0.21
  185 L    -2   1  -2   0  -3   0   0  -3  -2   1   2  -1   2  -1  -3  -2   1   2   1   0    0  10   0   8   0   4   8   0   0   7  29   0   6   0   0   0  12   4   6   7  0.18 0.14
  186 D    -3  -3   2   6  -5   3  -1   1  -3  -4  -1  -2  -3  -5  -3  -2  -3  -5  -4  -4    0   0   8  59   0  14   0  12   0   0   7   0   0   0   0   0   0   0   0   0  1.00 0.35
  187 M     0   0  -3  -3   3  -2  -3  -3  -2   1   0  -2   2   2  -3   0   1   4   2   1    8   8   0   0   8   0   0   0   0   8   8   0   8   8   0   8   8   8   8   8  0.22 0.17
  188 H     1   2  -1  -1  -4   2   3   0   5  -4  -4  -1  -3  -4  -3   0  -2  -4  -2  -3   12  10   0   0   0  10  29   7  24   0   0   0   0   0   0   8   0   0   0   0  0.53 0.20
  189 F    -3  -3  -3  -4  -3   0  -3  -4  -2   2   1  -3   2   6  -4  -3   0  -1   1  -1    0   0   0   0   0   6   0   0   0  13   9   0   8  56   0   0   8   0   0   0  0.68 0.21
  190 S     2  -2  -1  -2  -2  -2  -2   3  -2  -3  -3  -2  -2   1   1   2  -1  -3  -2  -2   28   0   0   0   0   0   0  29   0   0   0   0   0   9   7  28   0   0   0   0  0.45 0.16
  191 G     0   1   0  -1   1   3   0   2   2  -1  -2   0  -2  -3  -2   1   0  -3  -2  -1    5  10   3   0   3  22   3  20   6   7   0   0   0   0   0  12   5   0   0   3  0.21 0.10
  192 L    -2  -3  -4  -4  -2  -3  -4  -4  -4   3   4  -3   2  -1  -4  -1   0  -3  -2   2    0   0   0   0   0   0   0   0   0  21  51   0   5   0   0   6   5   0   0  12  0.54 0.19
  193 T     1  -1   1  -2   4   0  -1  -2  -2  -1  -1   2   0  -3  -2   1   2  -3  -2   0    9   0   6   0  11   3   0   0   0   0   4  21   3   0   0  13  16   0   0  11  0.22 0.13
  194 Y     2  -2  -1  -3   2  -2   0   0   4  -3  -2  -2  -2  -1  -3   0  -2   3   4  -2   28   0   3   0   5   0   5   5  13   0   4   0   0   0   0   8   0   4  24   0  0.40 0.19
  195 T     2  -2   1   1  -2  -1  -1  -2   1  -1   1  -2   2  -2  -1   1   2  -3  -2  -1   20   0   9   8   0   0   0   0   4   0  20   0   7   0   2   9  22   0   0   0  0.19 0.13
  196 V     0  -3  -3  -3  -2   1  -3  -4  -3   4   1  -3   2  -2  -3  -1  -1  -3  -2   3    5   0   0   0   0   9   0   0   0  43  10   0   5   0   0   6   0   0   0  21  0.43 0.19
  197 L    -1  -3  -3  -3  -2  -2  -3  -4  -2   1   2  -3   2   1  -3   0   1  -1   3   2    0   0   0   0   0   0   0   0   0   7  26   0   5   5   0   9   9   0  17  22  0.31 0.15
  198 S     0   1   3   0  -2  -1  -1   0  -1  -2  -1   0  -2  -2  -2   2   2  -3   1  -2    9   8  18   4   0   0   0   5   0   0   9   3   0   0   0  23  14   0   6   0  0.22 0.13
  199 L    -1  -3  -4  -4   3  -3  -3  -4  -3   1   3  -3   5   1   0  -2  -1  -3  -2   1    5   0   0   0   7   0   0   0   0   7  32   0  25   5   4   0   3   0   0  11  0.42 0.18
  200 F     2  -3  -3  -4  -2  -3  -3  -3  -3   1   2  -3   2   3  -3  -1  -1  -2  -1   2   22   0   0   0   0   0   0   0   0   7  17   0   7  19   0   5   0   0   0  23  0.30 0.15
  201 F     0  -2  -2  -1   4  -2  -2   1  -2  -1   0  -1   1   3  -3   0   1  -2   1   0   11   0   0   3  11   0   0  10   0   0   7   5   6  18   0   5  15   0   5   4  0.16 0.11
  202 S     1   2  -1  -1   3  -1  -2   4  -2  -4  -4   1  -3  -4  -3   1  -2  -4  -3  -3   11  15   0   4   8   0   0  39   0   0   0  10   0   0   0  14   0   0   0   0  0.50 0.19
  203 D     0  -1  -1   3  -3  -1   1   1  -2   0  -3   2  -2  -3   0   0   0  -4  -3  -1    5   0   0  23   0   0   9  13   0   9   0  25   0   0   4   6   4   0   0   3  0.26 0.14
  204 P     1   0  -1  -2  -3   1   0  -1   4  -3  -3   2  -2  -3   3   1   1  -4  -2  -3   10   4   0   0   0   8   4   3  14   0   0  19   0   0  19  10   9   0   0   0  0.42 0.17
  205 D    -2   0   1   4  -4  -1   1   0   1   0  -1   0  -2  -3   0  -1  -2   2  -2  -2    0   6   6  38   0   0  10   7   4   8   5   5   0   0   5   0   0   4   0   0  0.37 0.16
  206 M     0  -2  -2   0   2  -2  -2  -3  -3   3   1  -2   3  -1   0   0   0  -3  -2   2   10   0   0   7   6   0   0   0   0  27   8   0  13   0   4   5   7   0   0  11  0.19 0.12
  207 H     1   0  -1   0  -2   1   1  -2   3  -1  -3   0  -2  -3   2   2   2  -4  -2  -2   10   3   0   6   0   5   7   0  11   4   0   3   0   0  11  23  17   0   0   0  0.30 0.14
  208 P     1  -3  -3   0  -3  -2  -2  -3  -3  -1   1  -2   2  -3   6  -1  -2  -4  -3   0   16   0   0   6   0   0   0   0   0   0  19   0   8   0  41   4   0   0   0   7  0.72 0.23
  209 L     1   0   0  -1  -2   1   2  -2   1  -1   0  -1  -1  -2  -2   1   2  -3  -2   0   19   3   3   0   0   5  19   0   4   0  14   0   0   0   0   9  16   0   0   6  0.17 0.12
  210 D    -2  -2  -1   6  -4   1   1  -3   2   1  -3  -2  -3  -4  -3   0  -2  -5  -3  -3    0   0   0  57   0   8   9   0   5  12   0   0   0   0   0   9   0   0   0   0  0.80 0.28
  211 F    -3  -4  -4  -5  -4  -4  -4  -4  -2  -2  -1  -4  -2   7  -5   0  -3  -1   4   0    0   0   0   0   0   0   0   0   0   0   0   0   0  73   0   9   0   0  12   6  1.34 0.34
  212 S    -1   2  -1  -2   4  -2  -2  -2  -2  -2  -1  -1   0   0  -3   3   1  -3   1   0    0  13   0   0  12   0   0   0   0   0   5   0   3   4   0  42   5   0   5  10  0.32 0.19
  213 L    -2  -3  -3  -4   4   0  -3  -4  -3   1   4  -3   2  -1  -4  -2   1  -2   2   0    0   0   0   0  10   6   0   0   0   6  51   0   4   0   0   0   9   0   9   4  0.45 0.20
  214 L    -2  -3   2  -3  -3  -3  -3  -3  -3   2   3  -3   0   1  -4   0  -2   4  -1  -1    0   0  16   0   0   0   0   0   0  13  47   0   0   8   0   9   0   8   0   0  0.44 0.21
  215 N     0   0   2  -1  -3   0  -1   2   2  -2  -3   0   0  -3   2   1   1  -3  -2  -1    9   6  16   0   0   5   0  15   8   0   0   3   3   0  12   7  10   0   0   3  0.25 0.11
  216 R    -1   1  -1   1  -4   0   2  -3   3  -4  -4   0  -3  -4   5   1  -2  -4  -3  -3    5  11   0   7   0   4  13   0  11   0   0   5   0   0  35  10   0   0   0   0  0.72 0.21
  217 R     0   2  -1  -1  -3  -1   2   0  -2   0   0  -1  -1  -1   1   1  -1  -3  -2   0    9  15   0   0   0   0  19   9   0   8   9   0   0   3   8  15   0   0   0   6  0.13 0.11
  218 E    -1   1   1   2  -4   2   4  -3   1  -3  -3  -1  -2  -4   2  -1   0  -4  -3   0    5   8   6  12   0   9  33   0   4   0   0   0   0   0  10   0   5   0   0   9  0.39 0.17
  219 A     1   2  -2   0  -3   1   4  -1  -2  -3  -3  -1  -2  -4   1   0  -1   1  -3  -1   16  14   0   4   0   4  34   4   0   0   0   0   0   0   5   6   3   3   0   7  0.34 0.19
  220 D    -1   0   1   3  -3  -1   3  -3  -2  -1  -2  -1  -2  -3   0   0   1  -3   0  -1    4   7   8  25   0   0  23   0   0   5   4   0   0   0   4   2   9   0   4   5  0.30 0.16
  221 E    -1   1   0   0   2  -1   2  -1   1  -1  -2  -1  -1  -3   3   0   1  -4  -2  -1    0   9   4   2   7   0  23   3   4   5   0   0   2   0  16   6  13   0   0   4  0.28 0.15
  222 E    -2   1  -2  -1  -5   1   6  -1  -2  -1  -4  -1  -3  -4   2  -2  -2  -5  -4   0    0   7   0   0   0   3  62   4   0   4   0   0   0   0  12   0   0   0   0   8  0.84 0.34
  223 P    -2   2  -2   2  -4   1  -1  -3  -2  -2  -2   2   5  -3   2  -2   0  -3   1  -2    0  13   0  17   0   9   0   0   0   0   0  15  22   0  13   0   5   0   6   0  0.43 0.25
  224 E    -1   0  -1   3  -3   0   3  -2  -2  -3  -3   0  -3  -4  -2   2   3  -4  -3  -3    0   6   0  20   0   0  25   0   0   0   0   5   0   0   0  21  24   0   0   0  0.51 0.18
  225 D    -1  -3   2   7  -5  -2   1  -3  -2  -4  -5  -2  -4  -5  -3  -1   0  -5  -4  -4    5   0   7  75   0   0   8   0   0   0   0   0   0   0   0   0   6   0   0   0  1.27 0.30
  226 D    -1  -2   2   5  -4   0   4  -3  -2  -4  -4   1  -4  -5  -3   0  -2  -5  -4  -4    4   0  11  38   0   0  38   0   0   0   0   7   0   0   0   3   0   0   0   0  0.83 0.23
  227 V     0  -1  -1   1  -3   3   3  -2  -1  -1  -1   0   2  -3  -2  -1   1  -3  -2   0    9   0   0   7   0  23  26   0   0   0   3   0   9   0   0   0  11   0   0  12  0.28 0.11
  228 L    -2  -3  -4  -4  -2  -3  -4  -4  -4   3   4  -3   4  -1  -4  -3  -2  -3  -2   1    0   0   0   0   0   0   0   0   0  26  60   0  14   0   0   0   0   0   0   0  0.67 0.16
  229 M     0  -2  -3  -3  -3   0   1  -3  -3  -1   1  -2   8  -2  -3  -2   0  -3  -2  -1    9   0   0   0   0   4   9   0   0   0   3   0  69   0   0   0   5   0   0   0  0.83 0.24
  230 Q     1   0   0   1  -2   2   1  -2   2  -1   1  -1   1  -2  -2   0   1  -3  -2  -1   13   3   5   9   0  17   5   0   7   2  16   0   5   0   0   7   9   0   0   0  0.12 0.06
  231 K     3  -1  -2  -3  -2  -1  -2  -2  -2   1   1   2   1  -2  -2  -1  -1  -3  -2   0   43   0   0   0   0   0   0   0   0  12  19  21   5   0   0   0   0   0   0   0  0.25 0.12
  232 A     4  -2  -1  -2  -2  -2  -2   3  -2  -3  -3  -2  -2  -3  -2   2  -1  -3  -3  -2   45   0   0   0   0   0   0  31   0   0   0   0   0   0   0  24   0   0   0   0  0.60 0.15
  233 A     2  -2  -1  -1  -2   0   4   2  -2  -3  -2  -1  -2  -3  -2   1   1  -3  -3  -2   28   0   0   0   0   0  39  15   0   0   5   0   0   0   0   6   8   0   0   0  0.38 0.12
  234 G     1  -3  -1  -2  -3  -2  -2   5  -3  -4  -4  -2  -3   1  -3   2  -2  -3  -2  -3    9   0   0   0   0   0   0  65   0   0   0   0   0   8   0  18   0   0   0   0  0.83 0.16
  235 L    -1  -3  -3  -3  -2  -2  -3  -3  -3   4   2  -3   2  -1  -3  -2   1  -3  -2   2    5   0   0   0   0   0   0   0   0  45  27   0   5   0   0   0  10   0   0   6  0.38 0.11
  236 A     3  -2  -2  -2  -2  -2  -2   0  -2  -2  -1  -2   0  -1   3   1   1  -3   0  -1   40   0   0   0   0   0   0   5   0   0   5   0   3   3  17  11  10   0   4   3  0.33 0.10
  237 G    -1  -4  -2  -2  -4  -3  -3   7  -3  -5  -5  -3  -4  -4  -3  -1  -3  -4  -4  -4    0   0   0   0   0   0   0 100   0   0   0   0   0   0   0   0   0   0   0   0  1.61 0.21
  238 G    -1  -1  -2  -3  -3  -3  -3   6  -3   0  -3  -2  -2  -3  -3  -1  -2  -3  -3   1    0   5   0   0   0   0   0  74   0   6   0   0   0   0   0   0   0   0   0  15  0.88 0.15
  239 V    -1  -2  -3  -2  -2  -1   1  -4  -3   2   1  -2   2  -1  -3  -2   0  -3  -2   4    0   0   0   0   0   0  17   0   0  14  10   0   6   0   0   0   4   0   0  50  0.33 0.10
  240 R    -3   7  -2  -3  -5   0  -1  -4  -1  -4  -3   1  -3  -4  -3  -2  -2  -4  -3  -4    0 100   0   0   0   0   0   0   0   0   0   0   0   0   0   0   0   0   0   0  1.48 0.22
  241 F    -2  -3  -3  -4  -3  -3  -3  -4  -1   2   0  -3  -1   5  -4  -3  -2   0   6   1    0   0   0   0   0   0   0   0   0  15   0   0   0  32   0   0   0   0  38  14  0.70 0.12
  242 G     0  -2  -1   2  -3   0   3   4  -2  -2  -3  -1  -2  -3  -2  -1  -2  -3  -3   0    3   0   0  10   0   0  35  39   0   0   0   0   0   0   0   0   0   0   0  13  0.46 0.09
  243 P     0   0  -2  -1  -3  -1   1   0  -2  -3  -3  -1  -3  -4   6   1  -1  -4  -3  -3    3   7   0   0   0   0   9   6   0   0   0   0   0   0  59  15   0   0   0   0  1.11 0.10
  244 D     0  -2   2   5  -3   0   2  -2  -1  -3  -3  -1  -3  -4  -2   0   0  -4  -3  -3    7   0   9  58   0   0  17   0   0   0   0   0   0   0   0   0   9   0   0   0  0.65 0.07
  245 G     1  -2   2  -1  -2  -1  -1   4  -1  -2  -3  -1  -2  -3  -2   2   0  -3  -2  -1   16   0  14   0   0   0   0  38   0   0   0   0   0   0   0  28   0   0   0   4  0.39 0.03
  246 N    -1   2   4   0  -3   0  -1   3   0  -3  -3   0  -2  -3  -2   1   0  -3  -2  -3    0  16  40   0   0   0   0  27   0   0   0   0   0   0   0  16   0   0   0   0  0.44 0.03
  247 E    -1   4   0   0  -3   1   2   0  -1  -3  -3   2  -2  -3  -2   1   0  -3  -2  -3    0  39   0   0   0   0  24   7   0   0   0   9   0   0   0  22   0   0   0   0  0.38 0.02
  248 V     0  -2  -1   2  -2  -1  -1   2  -2   0   1  -2   0  -2  -2   1   0  -3  -2   1    0   0   0  20   0   0   0  20   0   0  20   0   0   0   0  20   0   0   0  20  0.14 0.04
  249 I    -2  -2  -2  -3  -2  -2  -2  -4   4   3   2  -2   1   0  -3  -2  -1  -3   0   2    0   0   0   0   0   0   0   0  23  55  23   0   0   0   0   0   0   0   0   0  0.28 0.03
  250 P     1  -2  -3  -3  -2  -2  -2  -2  -2  -1   1  -2   0  -1   4  -1  -1   7   0  -1   23   0   0   0   0   0   0   0   0   0  24   0   0   0  30   0   0  23   0   0  0.65 0.03
  251 A     2  -1   0   3  -1   0   0   0  -1  -2  -3  -1  -2  -3  -1   3   0  -3  -2  -2   30   0   0  23   0   0   0   0   0   0   0   0   0   0   0  47   0   0   0   0  0.35 0.03
  252 S     0  -1   0  -1  -1   2   0  -1  -1  -1  -1   0  -1  -2  -1   3   1  -3  -2   1    0   0   0   0   0  23   0   0   0   0   0   0   0   0   0  55   0   0   0  23  0.24 0.03
  253 P     3  -2  -2  -2  -1  -1  -1  -1  -2  -1  -1  -1   2  -2   5   0  -1  -3  -2  -1   47   0   0   0   0   0   0   0   0   0   0   0  23   0  30   0   0   0   0   0  0.49 0.03
  254 D    -1  -1   1   4  -3   0   2   0  -1  -3  -3   0  -2  -3  -2   0   2  -4  -3  -2    0   0   0  46   0   0  23   9   0   0   0   0   0   0   0   0  23   0   0   0  0.47 0.03
  255 V    -1  -3  -3  -4   7  -2  -3  -3  -3   1   0  -3   2  -2  -3  -1  -1  -3  -2   2    0   0   0   0  54   0   0   0   0   0   0   0  17   0   0   0   0   0   0  29  0.63 0.04
  256 A     2  -2  -1  -1  -1  -1  -1   4  -2  -2  -2  -1  -2  -3  -1   0  -1  -2  -2  -2   38   0   0   0   0   0   1  55   0   0   1   0   0   0   0   1   0   0   0   1  0.53 0.02
  257 D     2  -2   0   3  -2  -1   0   3  -1  -2  -2  -1  -2  -3  -1   0  -1  -3  -2  -2   31   1   1  27   0   0   1  32   0   1   1   1   0   0   1   1   1   0   0   1  0.34 0.01
  258 M     0  -2  -2  -3  -1  -1  -2  -2  -2   2   1  -2   3  -1  -2  -1   0  -2  -1   3    1   1   1   1   0   1   1   1   0   1   1   1  32   1   1   1   1   0   0  55  0.20 0.01
  259 T     0  -1  -1  -1  -1   0  -1  -2  -1   0   1  -1   3  -1  -1   0   3  -2  -1   0    1   1   1   1   0   1   1   1   0   1   2   1  36   1   1   1  48   0   1   1  0.18 0.00
  260 E    -1  -1  -1   0  -2   0   3  -3  -1   1   0   0   0  -2  -2  -1   0  -3  -2   2    0   0   0   0   0   0  47   0   0   0   0   0   0   0   0   0   0   0   0  53  0.23 0.00
  261 D    -2  -2   1   6  -4   0   2  -1  -1  -3  -4  -1  -3  -4  -2   0  -1  -4  -3  -3    0   0   0 100   0   0   0   0   0   0   0   0   0   0   0   0   0   0   0   0  0.94 0.01
  262 D    -2  -2   1   6  -4   0   2  -1  -1  -3  -4  -1  -3  -4  -2   0  -1  -4  -3  -3    0   0   0 100   0   0   0   0   0   0   0   0   0   0   0   0   0   0   0   0  0.94 0.01
  263 V     3  -2  -2  -2  -1  -1  -2  -1  -2   1   0  -1   0  -2  -2   0   0  -3  -2   2   53   0   0   0   0   0   0   0   0   0   0   0   0   0   0   0   0   0   0  47  0.22 0.00
  264 M     2  -2  -2  -3  -1  -1  -2  -1  -2   1   1  -1   4  -1  -2   0   0  -2  -1   1   36   0   0   0   0   0   0   0   0   0   0   0  47   0   0   0   0   0   0  17  0.18 0.00
  265 L    -2  -2  -4  -4  -1  -2  -3  -4  -3   2   4  -3   2   0  -3  -3  -1  -2  -1   1    0   0   0   0   0   0   0   0   0   0 100   0   0   0   0   0   0   0   0   0  0.46 0.00
  266 M    -1  -1  -2  -3  -2   0  -2  -3  -2   1   2  -1   6   0  -3  -2  -1  -2  -1   1    0   0   0   0   0   0   0   0   0   0   0   0 100   0   0   0   0   0   0   0  0.37 0.01
  267 T    -1  -1  -1  -2  -1  -1  -2  -2  -2   0   1  -1   4  -1  -2   0   3  -2  -1   0    0   0   0   0   0   0   0   0   0   0   0   0  53   0   0   0  47   0   0   0  0.24 0.01
  268 V     2  -2  -2  -3  -1  -2  -2  -2  -3   2   0  -2   0  -1  -2   0   0  -3  -1   3   36   0   0   0   0   0   0   0   0   0   0   0   0   0   0   0   0   0   0  64  0.22 0.00
  269 S     1  -1   1   0  -1   0   0   0  -1  -3  -3   0  -2  -3  -1   4   1  -3  -2  -2    0   0   0   0   0   0   0   0   0   0   0   0   0   0   0 100   0   0   0   0  0.46 0.01
  270 E     3  -1  -1   0  -2   1   3  -1  -1  -2  -2   0  -1  -3  -1   1   0  -3  -2  -1   53   0   0   0   0   0  47   0   0   0   0   0   0   0   0   0   0   0   0   0  0.35 0.00
  271 G     0  -2   0  -1  -3  -2  -2   6  -2  -4  -4  -2  -3  -3  -2   0  -2  -3  -3  -3    0   0   0   0   0   0   0 100   0   0   0   0   0   0   0   0   0   0   0   0  1.05 0.01
  272 I    -1  -3  -3  -3  -1  -3  -3  -4  -3   4   2  -3   1   0  -3  -3  -1  -3  -1   3    0   0   0   0   0   0   0   0   0 100   0   0   0   0   0   0   0   0   0   0  0.40 0.01
  273 A     3  -2  -1  -1  -1  -1  -1  -1  -2  -2  -2  -1  -2  -3   5   1   0  -3  -2  -1   47   0   0   0   0   0   0   0   0   0   0   0   0   0  36  17   0   0   0   0  0.64 0.00
  274 G     0  -2   0  -1  -3  -2  -2   6  -2  -4  -4  -2  -3  -3  -2   0  -2  -3  -3  -3    0   0   0   0   0   0   0 100   0   0   0   0   0   0   0   0   0   0   0   0  1.05 0.01
  275 G     0  -2   0  -1  -3  -2  -2   6  -2  -4  -4  -2  -3  -3  -2   0  -2  -3  -3  -3    0   0   0   0   0   0   0 100   0   0   0   0   0   0   0   0   0   0   0   0  1.05 0.01
  276 V     0  -3  -3  -3  -1  -2  -3  -3  -3   3   1  -2   1  -1  -2  -2   0  -3  -1   4    0   0   0   0   0   0   0   0   0   0   0   0   0   0   0   0   0   0   0 100  0.35 0.00
  277 R    -2   6   0  -2  -4   1   0  -2   0  -3  -2   2  -1  -3  -2  -1  -1  -3  -2  -3    0 100   0   0   0   0   0   0   0   0   0   0   0   0   0   0   0   0   0   0  0.76 0.01
  278 Y    -2  -2  -2  -3  -3  -2  -2  -3   2  -1  -1  -2  -1   3  -3  -2  -2   2   7  -1    0   0   0   0   0   0   0   0   0   0   0   0   0   0   0   0   0   0 100   0  0.88 0.01
  279 G     0  -2   0  -1  -3  -2  -2   6  -2  -4  -4  -2  -3  -3  -2   0  -2  -3  -3  -3    0   0   0   0   0   0   0 100   0   0   0   0   0   0   0   0   0   0   0   0  1.04 0.00

                      K         Lambda
Standard Ungapped    0.1315     0.3167
Standard Gapped      0.0403     0.2670
PSI Ungapped         0.1317     0.3173
PSI Gapped           0.0403     0.2670
