
Last position-specific scoring matrix computed, weighted observed percentages rounded down, information per position, and relative weight of gapless real matches to pseudocounts
           A  R  N  D  C  Q  E  G  H  I  L  K  M  F  P  S  T  W  Y  V   A   R   N   D   C   Q   E   G   H   I   L   K   M   F   P   S   T   W   Y   V
    1 M   -1 -2 -2 -3 -2  0 -2 -3 -2  1  2 -2  6  0 -3 -2 -1 -2 -1  1    0   0   0   0   0   0   0   0   0   0   0   0 100   0   0   0   0   0   0   0  0.33 0.00
    2 K   -1  2  0 -1 -3  1  1 -2 -1 -3 -3  5 -2 -3 -1  0 -1 -3 -2 -3    0   0   0   0   0   0   0   0   0   0   0 100   0   0   0   0   0   0   0   0  0.51 0.00
    3 A    4 -2 -2 -2  0 -1 -1  0 -2 -1 -2 -1 -1 -2 -1  1  0 -3 -2  0  100   0   0   0   0   0   0   0   0   0   0   0   0   0   0   0   0   0   0   0  0.40 0.00
    4 M   -1 -2 -2 -3 -2 -1 -2 -3 -2  1  2 -2  6  0 -3 -2 -1 -2 -1  1    0   0   0   0   0   0   0   0   0   0   0   0 100   0   0   0   0   0   0   0  0.37 0.01
    5 K   -1  2  0 -1 -3  1  1 -2 -1 -3 -3  5 -2 -3 -1  0 -1 -3 -2 -3    0   0   0   0   0   0   0   0   0   0   0 100   0   0   0   0   0   0   0   0  0.53 0.00
    6 Q   -1  2  0 -1 -3  5  2 -2  0 -3 -3  3 -1 -4 -1  0 -1 -3 -2 -2    0   0   0   0   0  60   0   0   0   0   0  40   0   0   0   0   0   0   0   0  0.52 0.00
    7 R   -1  5 -1 -2 -3  1 -1 -3 -1 -1  0  1  4 -1 -3 -1 -1 -2 -2 -1    0  60   0   0   0   0   0   0   0   0   0   0  40   0   0   0   0   0   0   0  0.35 0.00
    8 I   -2 -3 -4 -4 -1 -3 -3 -4 -3  4  3 -3  2  0 -3 -3 -1 -2 -1  2    0   0   0   0   0   0   0   0   0  60  40   0   0   0   0   0   0   0   0   0  0.36 0.00
    9 A    3  0 -1 -1 -1  4  1 -1 -1 -2 -2  0 -1 -3 -1  1  0 -3 -2 -1   60   0   0   0   0  40   0   0   0   0   0   0   0   0   0   0   0   0   0   0  0.32 0.00
   10 K   -1  2  0 -1 -3  1  1 -2 -1 -3 -3  5 -2 -3 -1  0 -1 -3 -2 -3    0   0   0   0   0   0   0   0   0   0   0 100   0   0   0   0   0   0   0   0  0.53 0.00
   11 F   -2 -3 -3 -4 -3 -4 -4 -3 -1  0  0 -3  0  7 -4 -3 -2  1  3 -1    0   0   0   0   0   0   0   0   0   0   0   0   0 100   0   0   0   0   0   0  0.75 0.01
   12 S    0 -1  4  0 -2  0  0  0  0 -3 -3  0 -2 -3 -1  3  1 -3 -2 -2    0   0  40   0   0   0   0   0   0   0   0   0   0   0   0  60   0   0   0   0  0.43 0.00
   13 P   -1 -2 -2 -2 -3 -1 -1 -2 -2 -3 -3 -1 -3 -4  8 -1 -1 -4 -3 -3    0   0   0   0   0   0   0   0   0   0   0   0   0   0 100   0   0   0   0   0  2.05 0.01
   14 V    0 -3 -3 -4 -1 -2 -3 -4 -3  3  1 -3  1 -1 -3 -2  0 -3 -1  4    0   0   0   0   0   0   0   0   0   0   0   0   0   0   0   0   0   0   0 100  0.35 0.00
   15 A    3 -2 -2 -2 -1 -1 -1 -1 -2 -2 -2 -1 -2 -3  6  1  0 -3 -2 -1   60   0   0   0   0   0   0   0   0   0   0   0   0   0  40   0   0   0   0   0  0.73 0.00
   16 S    1 -1  1  0 -1  0  0  0 -1 -3 -3  0 -2 -3 -1  4  2 -3 -2 -2    0   0   0   0   0   0   0   0   0   0   0   0   0   0   0 100   0   0   0   0  0.46 0.00
   17 F   -3 -3 -3 -4 -3 -4 -4 -4 -1  0  0 -3  0  7 -4 -3 -2  1  3 -1    0   0   0   0   0   0   0   0   0   0   0   0   0 100   0   0   0   0   0   0  0.78 0.01
   18 R   -2  6 -1 -2 -4  1  0 -3  0 -3 -2  2 -2 -3 -2 -1 -1 -3 -2 -3    0 100   0   0   0   0   0   0   0   0   0   0   0   0   0   0   0   0   0   0  0.78 0.01
   19 N   -2 -1  6  1 -3  0  0 -1  1 -4 -4  0 -2 -3 -2  1  0 -4 -2 -3    0   0 100   0   0   0   0   0   0   0   0   0   0   0   0   0   0   0   0   0  0.76 0.01
   20 L   -1 -2 -1 -2 -1 -1 -2 -3 -2  0  2 -1  1 -1 -2  0  4 -2 -2  0    0   0   0   0   0   0   0   0   0   0  43   0   0   0   0   0  57   0   0   0  0.26 0.01
   21 C   -1 -4 -3 -4 10 -3 -4 -3 -3 -1 -2 -3 -2 -3 -3 -1 -1 -3 -3 -1    0   0   0   0 100   0   0   0   0   0   0   0   0   0   0   0   0   0   0   0  1.29 0.02
   22 I   -2 -3 -4 -4 -1 -3 -4 -4 -4  5  2 -3  1  0 -3 -3 -1 -3 -2  3    0   0   0   0   0   0   0   0   0 100   0   0   0   0   0   0   0   0   0   0  0.42 0.01
   23 A    4 -2 -1 -2 -1 -1 -1  0 -2 -1 -2 -1 -1 -2 -1  1  2 -3 -2  0   71   0   0   0   0   0   0   0   0   0   0   0   0   0   0   0  29   0   0   0  0.33 0.01
   24 G    0 -3 -1 -2 -2 -2 -3  5 -3 -1  1 -2 -1 -2 -3 -1 -2 -3 -3 -2    0   0   0   0   0   0   0  72   0   0  28   0   0   0   0   0   0   0   0   0  0.57 0.01
   25 S    0 -1  0 -1 -1 -1 -1 -1 -1 -2 -1 -1 -1  3 -2  3  1 -1  1 -2    0   0   0   0   0   0   0   0   0   0   0   0   0  29   0  71   0   0   0   0  0.28 0.01
   26 V    0 -3 -3 -4 -1 -3 -3 -4 -4  3  1 -3  1 -1 -3 -2  0 -3 -1  4    0   0   0   0   0   0   0   0   0   0   0   0   0   0   0   0   0   0   0 100  0.37 0.01
   27 T    2 -1  0 -1 -1 -1 -1 -1 -2 -1 -2 -1 -1 -2 -1  3  3 -3 -2 -1   29   0   0   0   0   0   0   0   0   0   0   0   0   0   0  28  43   0   0   0  0.32 0.01
   28 A    4 -2 -2 -2 -1 -1 -1  0 -2 -2 -2 -1 -1 -3 -1  1  0 -3 -2  0  100   0   0   0   0   0   0   0   0   0   0   0   0   0   0   0   0   0   0   0  0.42 0.01
   29 A    2 -2  3 -1 -1 -1 -1 -1 -1  0 -1 -1 -1 -2 -2  0  0 -3 -2  1   43   0  29   0   0   0   0   0   0   0   0   0   0   0   0   0   0   0   0  28  0.18 0.01
   30 T    0 -1  0 -1 -1 -1 -1 -1 -2 -1 -2 -1 -1 -2 -1  3  4 -3 -2 -1    0   0   0   0   0   0   0   0   0   0   0   0   0   0   0  29  71   0   0   0  0.42 0.01
   31 S    3 -1 -1 -1 -1 -1 -1  0 -1 -2 -2 -1 -1 -3 -1  3  1 -3 -2 -1   57   0   0   0   0   0   0   0   0   0   0   0   0   0   0  43   0   0   0   0  0.36 0.01
   32 L   -1 -3 -3 -4 -2 -3 -3 -4 -3  2  3 -3  1  4 -3 -2 -1 -1  1  2    0   0   0   0   0   0   0   0   0   0  43   0   0  29   0   0   0   0   0  28  0.31 0.00
   33 P    2 -2 -2 -2 -2 -1 -1 -1 -2 -3 -3 -1 -2 -4  7  0 -1 -4 -3 -2   29   0   0   0   0   0   0   0   0   0   0   0   0   0  71   0   0   0   0   0  1.31 0.01
   34 A    4 -2 -2 -2 -1 -1 -1  0 -2 -2 -2 -1 -1 -3 -1  1  0 -3 -2  0  100   0   0   0   0   0   0   0   0   0   0   0   0   0   0   0   0   0   0   0  0.42 0.01
   35 F   -2 -2 -2 -2 -2 -2 -2 -2 -1  0  0 -2  0  6 -2 -2 -1  1  3 -1    2   2   1   2   1   1   2   2   1   2   3   2   1  72   2   2   2   0   1   2  0.39 0.01
   36 A    4 -1 -1 -1  0 -1 -1  0 -1 -1 -1 -1 -1 -2  0  1  0 -2 -1  0   73   2   1   2   1   1   2   2   1   2   3   2   1   1   2   2   2   0   1   2  0.24 0.00
   37 G    2 -1 -1 -1 -1 -1 -1  4 -1 -2 -2 -1 -1 -2 -1  0 -1 -2 -2 -1   30   2   1   2   1   1   2  45   1   2   3   2   1   1   2   2   2   0   1   2  0.33 0.00
   38 V    0 -2 -2 -2 -1 -2 -2 -2 -2  3  1 -2  1 -1 -1 -1  0 -2 -1  3    2   2   1   2   1   1   2   2   1  29   3   2   1   1   2   2   2   0   1  45  0.15 0.00
   39 I   -1 -3 -4 -4 -1 -3 -3 -4 -4  4  1 -3  1  0 -3 -2 -1 -3 -1  3    0   0   0   0   0   0   0   0   0  71   0   0   0   0   0   0   0   0   0  29  0.37 0.01
   40 D   -2 -2  1  7 -4  0  2 -2 -1 -4 -4 -1 -3 -4 -2  0 -1 -5 -3 -4    0   0   0 100   0   0   0   0   0   0   0   0   0   0   0   0   0   0   0   0  0.96 0.01
   41 T    0 -1  0 -1 -1 -1 -1 -2 -2 -1 -1 -1 -1 -2 -1  1  5 -3 -2  0    0   0   0   0   0   0   0   0   0   0   0   0   0   0   0   0 100   0   0   0  0.50 0.01
   42 S    2 -1  0 -1 -1  0  0  0 -1 -2 -2  0 -2 -3 -1  4  1 -3 -2 -1   28   0   0   0   0   0   0   0   0   0   0   0   0   0   0  72   0   0   0   0  0.39 0.01
   43 A    4 -2 -2 -2 -1 -1 -1  0 -2 -2 -2 -1 -1 -3 -1  1  0 -3 -2  0  100   0   0   0   0   0   0   0   0   0   0   0   0   0   0   0   0   0   0   0  0.42 0.01
   44 V   -1 -3 -3 -4 -1 -3 -3 -4 -4  3  1 -3  1 -1 -3 -2  0 -3 -1  4    0   0   0   0   0   0   0   0   0  28   0   0   0   0   0   0   0   0   0  72  0.36 0.01
   45 E   -1  1  0  1 -4  2  5 -2  0 -3 -3  3 -2 -4 -1  0 -1 -3 -2 -3    0   0   0   0   0   0  72   0   0   0   0  28   0   0   0   0   0   0   0   0  0.59 0.01
   46 S    3 -1 -1 -1 -1 -1 -1  0 -2 -1 -2 -1 -1 -2 -1  2  3 -3 -2  0   49   0   0   0   0   0   0   0   0   0   0   0   0   0   0  22  29   0   0   0  0.31 0.01
   47 A    4 -2 -2 -2 -1 -1 -1  0 -2 -2 -2 -1 -1 -3 -1  1  0 -3 -2  0  100   0   0   0   0   0   0   0   0   0   0   0   0   0   0   0   0   0   0   0  0.42 0.01
   48 I   -1 -3 -3 -4 -1 -2 -3 -4 -3  4  2 -3  4  0 -3 -2 -1 -3 -1  2    0   0   0   0   0   0   0   0   0  72   0   0  28   0   0   0   0   0   0   0  0.34 0.01
   49 T   -1 -1  0  3 -2  0  3 -2 -1 -2 -2  0 -2 -3 -1  1  3 -3 -2 -1    0   0   0  29   0   0  28   0   0   0   0   0   0   0   0   0  43   0   0   0  0.40 0.01
   50 D    2 -1  0  3 -2  0  2 -1 -1 -3 -3  0 -2 -3 -1  2  0 -3 -2 -2   29   0   0  22   0   0  21   0   0   0   0   0   0   0   0  28   0   0   0   0  0.32 0.00
   51 G    2 -2  0 -1 -1 -1 -1  4 -2 -3 -3 -1 -2 -3 -1  2  0 -3 -2 -2   28   0   0   0   0   0   0  43   0   0   0   0   0   0   0  29   0   0   0   0  0.45 0.00
   52 Q   -1  1 -1 -1 -2  3  0 -2 -1  0 -1  3  0 -3 -2 -1 -1 -3 -2  1    0   0   0   0   0  22   0   0   0   0   0  49   0   0   0   0   0   0   0  29  0.23 0.01
   53 G    1 -2  0 -1 -2 -1 -1  4 -2 -3 -3 -1 -2 -3 -2  3  0 -3 -3 -3    0   0   0   0   0   0   0  51   0   0   0   0   0   0   0  49   0   0   0   0  0.54 0.01
   54 D   -2 -2  1  7 -4  0  2 -2 -1 -4 -4 -1 -3 -4 -2  0 -1 -5 -3 -4    0   0   0 100   0   0   0   0   0   0   0   0   0   0   0   0   0   0   0   0  0.96 0.01
   55 M    3 -2 -2 -3 -1 -1 -1 -1 -2  0  1 -1  4 -1 -2  0  0 -2 -2  0   57   0   0   0   0   0   0   0   0   0   0   0  43   0   0   0   0   0   0   0  0.22 0.01
   56 K    0  0  0  0 -3  1  3  3 -1 -3 -3  2 -2 -3 -1  1  0 -3 -2 -3    0   0   0   0   0   0  29  28   0   0   0  22   0   0   0  21   0   0   0   0  0.35 0.00
   57 A    2 -1  0 -1 -1 -1 -1 -1 -2 -1 -2 -1 -1 -2 -1  2  4 -3 -2  0   22   0   0   0   0   0   0   0   0   0   0   0   0   0   0  21  57   0   0   0  0.35 0.01
   58 I   -1 -3 -3 -4 -1 -3 -3 -4 -4  4  1 -3  1 -1 -3 -2  0 -3 -1  4    0   0   0   0   0   0   0   0   0  43   0   0   0   0   0   0   0   0   0  57  0.36 0.01
   59 G    2 -2 -1 -2 -2 -2 -2  5 -2 -3 -3 -1 -2 -3 -2  0 -1 -3 -3 -2   28   0   0   0   0   0   0  72   0   0   0   0   0   0   0   0   0   0   0   0  0.71 0.01
   60 G    0 -3 -1 -2 -3 -2 -2  6 -2 -4 -4 -2 -3 -4 -2  0 -2 -3 -3 -4    0   0   0   0   0   0   0 100   0   0   0   0   0   0   0   0   0   0   0   0  1.06 0.01
   61 Y   -2 -2 -2 -3 -3 -2 -2 -3  2 -2 -1 -2 -1  3 -3 -2 -2  2  7 -1    0   0   0   0   0   0   0   0   0   0   0   0   0   0   0   0   0   0 100   0  0.90 0.01
   62 I   -1 -3 -3 -3 -1 -3 -3 -4 -4  4  1 -3  1 -1 -3 -2  0 -3 -1  4    0   0   0   0   0   0   0   0   0  50   0   0   0   0   0   0   0   0   0  50  0.35 0.00
   63 V    3 -2 -2 -3 -1 -2 -2 -1 -3  1  0 -2  0 -2 -2  0  0 -3 -2  3   50   0   0   0   0   0   0   0   0   0   0   0   0   0   0   0   0   0   0  50  0.21 0.00
   64 G   -1 -2 -2 -2 -2 -2 -3  4 -3  0  2 -2  1 -1 -3 -1 -2 -2 -2 -1    0   0   0   0   0   0   0  50   0   0  50   0   0   0   0   0   0   0   0   0  0.36 0.00
   65 A    4 -2 -2 -2  0 -1 -1  0 -2 -1 -2 -1 -1 -2 -1  1  0 -3 -2  0  100   0   0   0   0   0   0   0   0   0   0   0   0   0   0   0   0   0   0   0  0.41 0.00
   66 L   -2 -2 -4 -4 -1 -2 -3 -4 -3  2  4 -3  2  0 -3 -3 -1 -2 -1  1    0   0   0   0   0   0   0   0   0   0 100   0   0   0   0   0   0   0   0   0  0.46 0.00
   67 V    3 -2 -2 -3 -1 -2 -2 -1 -3  1  0 -2  0 -2 -2  0  0 -3 -2  3   50   0   0   0   0   0   0   0   0   0   0   0   0   0   0   0   0   0   0  50  0.21 0.00
   68 I   -1 -3 -3 -3 -1 -3 -3 -4 -4  4  1 -3  1 -1 -3 -2  0 -3 -1  4    0   0   0   0   0   0   0   0   0  50   0   0   0   0   0   0   0   0   0  50  0.35 0.00
   69 L   -2 -2 -4 -4 -1 -2 -3 -4 -3  2  4 -3  2  0 -3 -3 -1 -2 -1  1    0   0   0   0   0   0   0   0   0   0 100   0   0   0   0   0   0   0   0   0  0.46 0.00
   70 A    4 -2 -2 -2  0 -1 -1  0 -2 -1 -2 -1 -1 -2 -1  1  0 -3 -2  0  100   0   0   0   0   0   0   0   0   0   0   0   0   0   0   0   0   0   0   0  0.41 0.00
   71 V    0 -3 -3 -4  7 -3 -3 -3 -3  1  0 -3  0 -2 -3 -1  0 -3 -2  3    0   0   0   0  50   0   0   0   0   0   0   0   0   0   0   0   0   0   0  50  0.54 0.00
   72 A    4 -2 -2 -2  0 -1 -1  0 -2 -1 -2 -1 -1 -2 -1  1  0 -3 -2  0  100   0   0   0   0   0   0   0   0   0   0   0   0   0   0   0   0   0   0   0  0.41 0.00
   73 G    0 -3  0 -1 -3 -2 -2  6 -2 -4 -4 -2 -3 -3 -2  0 -2 -3 -3 -4    0   0   0   0   0   0   0 100   0   0   0   0   0   0   0   0   0   0   0   0  1.04 0.00
   74 L   -1 -3 -3 -4 -1 -2 -3 -4 -3  2  3 -3  2  0 -3 -2 -1 -2 -1  3    0   0   0   0   0   0   0   0   0   0  50   0   0   0   0   0   0   0   0  50  0.32 0.00
   75 I   -1 -3 -3 -3 -1 -3 -3 -4 -4  4  1 -3  1 -1 -3 -2  0 -3 -1  4    0   0   0   0   0   0   0   0   0  50   0   0   0   0   0   0   0   0   0  50  0.35 0.00
   76 Y   -2 -2 -3 -4 -3 -2 -3 -3  1 -1  0 -3 -1  5 -4 -2 -2  2  6 -1    0   0   0   0   0   0   0   0   0   0   0   0   0  50   0   0   0   0  50   0  0.69 0.00
   77 S    1 -2  0 -1 -2 -1 -1  4 -2 -3 -3 -1 -2 -3 -2  3  0 -3 -3 -3    0   0   0   0   0   0   0  50   0   0   0   0   0   0   0  50   0   0   0   0  0.53 0.00
   78 M   -1 -2 -2 -3 -2  0 -2 -3 -2  1  2 -2  6  0 -3 -2 -1 -2 -1  1    0   0   0   0   0   0   0   0   0   0   0   0 100   0   0   0   0   0   0   0  0.36 0.01
   79 L   -2 -2 -4 -4 -1 -2 -3 -4 -3  2  4 -3  2  0 -3 -3 -1 -2 -1  1    0   0   0   0   0   0   0   0   0   0 100   0   0   0   0   0   0   0   0   0  0.46 0.00
   80 R   -2  6 -1 -2 -4  1  0 -3  0 -3 -2  2 -2 -3 -2 -1 -1 -3 -2 -3    0 100   0   0   0   0   0   0   0   0   0   0   0   0   0   0   0   0   0   0  0.75 0.00
   81 K   -1  2  0 -1 -3  1  1 -2 -1 -3 -3  5 -2 -3 -1  0 -1 -3 -2 -3    0   0   0   0   0   0   0   0   0   0   0 100   0   0   0   0   0   0   0   0  0.52 0.00
   82 A    4 -2 -2 -2  0 -1 -1  0 -2 -1 -2 -1 -1 -2 -1  1  0 -3 -2  0  100   0   0   0   0   0   0   0   0   0   0   0   0   0   0   0   0   0   0   0  0.41 0.00

                      K         Lambda
Standard Ungapped    0.1333     0.3223
Standard Gapped      0.0410     0.2670
PSI Ungapped         0.1370     0.3213
PSI Gapped           0.0419     0.2670
