
Last position-specific scoring matrix computed, weighted observed percentages rounded down, information per position, and relative weight of gapless real matches to pseudocounts
           A  R  N  D  C  Q  E  G  H  I  L  K  M  F  P  S  T  W  Y  V   A   R   N   D   C   Q   E   G   H   I   L   K   M   F   P   S   T   W   Y   V
    1 M   -1 -1 -2 -3 -1  0 -2 -3 -2  1  2 -1  5  0 -2 -1 -1 -1 -1  1    0   0   0   0   0   0   0   0   0   0   0   0   0   0   0   0   0   0   0   0  0.00    0.00
    2 Q   -1  1  0  0 -3  5  2 -2  0 -3 -2  1  0 -3 -1  0 -1 -2 -1 -2    0   0   0   0   0   0   0   0   0   0   0   0   0   0   0   0   0   0   0   0  0.00    0.00
    3 Y   -2 -2 -2 -3 -2 -1 -2 -3  2 -1 -1 -2 -1  3 -3 -2 -2  2  7 -1    0   0   0   0   0   0   0   0   0   0   0   0   0   0   0   0   0   0   0   0  0.00    0.00
    4 T    0 -1  0 -1 -1 -1 -1 -1 -2 -1 -2 -1 -1 -2 -1  3  5 -3 -2 -1    0   0   0   0   0   0   0   0   0   0   0   0   0   0   0  27  73   0   0   0  0.45 0.03
    5 L   -2 -3 -4 -4 -2 -3 -3 -4 -3  2  4 -3  2  0 -3 -3 -1 -2 -1  1    0   0   0   0   0   0   0   0   0  19  81   0   0   0   0   0   0   0   0   0  0.50 0.05
    6 W    0 -3 -3 -4 -2 -3 -3 -3 -2  4  0 -3  0  0 -3 -2 -1  5  3  1   11   0   0   0   0   0   0   0   0  61   0   0   0   0   0   0   0  12  16   0  0.41 0.07
    7 D   -2  2  0  2 -3  2  3 -3  3  0 -2  0 -1 -3 -2 -1 -1 -3 -1 -1    0  19   0  11   0  12  31   0  12  14   0   0   0   0   0   0   0   0   0   0  0.32 0.05
    8 I    4 -2 -3 -3 -1 -2 -2 -1 -3  2 -1 -2 -1 -2 -2  0 -1 -3 -2  1   71   0   0   0   0   0   0   0   0  17   0   0   0   0   0   0   0   0   0  12  0.42 0.11
    9 I   -1 -3 -4 -4 -2 -3 -3 -4 -4  3  1 -3  3 -1 -3 -2 -1 -3 -2  5    0   0   0   0   0   0   0   0   0  17   0   0  10   0   0   0   0   0   0  73  0.57 0.12
   10 S    3 -1 -2 -2 -1 -1 -1 -1 -2 -1  0  0 -1 -2 -2  2  0  5 -1  0   41   0   0   0   0   0   0   0   0   0  10   8   0   0   0  21   0  10   0  10  0.27 0.07
   11 R   -1  3  0  1 -3  3  2 -2  2 -3 -2  2  1 -3 -2  0 -1 -3 -2 -2    0  21   0   8   0  26  10   0   8   0   0   9  10   0   0   9   0   0   0   0  0.35 0.07
   12 V   -1 -2 -3 -4 -2 -2 -3 -4 -4  4  0  0  0 -1 -3 -2 -1 -3 -2  4    0   0   0   0   0   0   0   0   0  31   0   8   0   0   0   0   0   0   0  61  0.47 0.11
   13 E   -2 -1 -1  1 -5  1  6 -3 -1 -4 -4  0 -3 -4 -2 -1 -2 -4 -3 -3    0   0   0   0   0   0 100   0   0   0   0   0   0   0   0   0   0   0   0   0  1.17 0.18
   14 S    2 -2  0 -1 -2 -1 -1 -1 -2 -3 -3 -1 -2 -3 -2  5  1 -4 -3 -2   10   0   0   0   0   0   0   0   0   0   0   0   0   0   0  90   0   0   0   0  0.73 0.15
   15 N    2 -1  3 -1 -2 -1 -1  2 -1 -3 -3 -1 -2 -3 -2  3  1 -3 -2 -2   18   0  21   0   0   0   0  18   0   0   0   0   0   0   0  34  10   0   0   0  0.37 0.07
   16 G    1 -2  1 -2 -3 -2 -2  5  3 -4 -4 -2 -3 -3 -2  0 -2 -3 -2 -3   18   0   8   0   0   0   0  62  12   0   0   0   0   0   0   0   0   0   0   0  0.72 0.10
   17 N   -1 -1  4  3 -3  0  0  2 -1 -4 -4  2 -3 -4 -2  1 -1 -4 -3 -3    0   0  27  28   0   0   0  18   0   0   0  18   0   0   0  10   0   0   0   0  0.46 0.08
   18 L   -1 -2 -2 -2 -3 -2 -2  4 -3 -3 -1  0 -2 -3  5 -1 -2 -4 -3 -3    0   0   0   0   0   0   0  43   0   0   9   8   0   0  41   0   0   0   0   0  0.89 0.10
   19 K   -2 -2 -3 -3 -3 -2 -3 -3 -2  0  1  0  0  6 -3 -2  1  0  3 -1    0   0   0   0   0   0   0   0   0   0  18   9   0  53   0   0  12   0   8   0  0.49 0.10
   20 A    4 -1 -1  2 -2 -1  1 -1 -1 -2 -2  1 -2 -2 -2  0 -1 -3  1 -1   57   0   0  16   0   0  10   0   0   0   0   9   0   0   0   0   0   0   8   0  0.32 0.09
   21 L   -1  0 -2  0 -2 -2 -2 -3 -2  2  1 -2  3  2 -3 -2 -1 -2 -1  2    0  10   0   9   0   0   0   0   0  19   9   0  18  12   0   0   0   0   0  23  0.18 0.06
   22 R   -2  6 -2 -3 -4  0 -1 -3 -1 -2  1  1 -1 -3 -3 -2 -2 -3 -2 -2    0  82   0   0   0   0   0   0   0   0  18   0   0   0   0   0   0   0   0   0  0.91 0.18
   23 F   -3 -4 -4 -5 -4 -4 -4 -4 -2 -1 -1 -4 -1  8 -5 -3 -3  0  4 -2    0   0   0   0   0   0   0   0   0   0   0   0   0  92   0   0   0   0   8   0  1.41 0.22
   24 E   -2 -1 -1  1 -5  1  7 -3 -1 -4 -4  0 -3 -4 -2 -1 -2 -4 -3 -4    0   0   0   0   0   0 100   0   0   0   0   0   0   0   0   0   0   0   0   0  1.28 0.23
   25 P   -2  2 -3 -3 -4 -2 -2 -3 -3 -4 -4 -1 -3 -5  8 -2 -2 -5 -4 -4    0  16   0   0   0   0   0   0   0   0   0   0   0   0  84   0   0   0   0   0  1.97 0.22
   26 E    1 -1 -1 -1 -3  0  2 -2  8 -4 -4 -1 -2 -3 -3  0 -2 -3  0 -3   16   0   0   0   0   0  19   0  59   0   0   0   0   0   0   7   0   0   0   0  0.86 0.18
   27 Y   -2 -3 -3 -3 -2 -2 -3 -3  2  2  1 -3  0  4 -3 -2 -2  4  2  1    1   0   0   0   0   0   0   1   7  15  16   0   0  34   0   1   0   7   7   8  0.38 0.08
   28 Y    0 -3 -3 -3 -3 -2 -3 -3  0 -1 -1 -3 -1  6 -3 -2 -2  1  6 -2   12   0   0   0   0   0   0   1   0   0   1   0   0  45   0   1   0   0  36   1  0.76 0.14
   29 Q   -1  1  0  3 -4  2  1 -2  4 -4 -3  2 -2 -3  1  0 -1 -4 -2 -3    0   7   0  27   0  14   6   0  16   0   0  15   0   0   7   8   0   0   0   0  0.43 0.09
   30 R   -2  7 -1 -2 -4  0  1 -3 -1 -3 -1  1 -2 -3 -3 -2 -2 -4 -3 -3    0  85   0   0   0   0   7   0   0   0   8   0   0   0   0   0   0   0   0   0  1.01 0.19
   31 R   -2  4 -2 -3 -3  1 -1 -4 -1  1  2  0  0 -1 -3 -2 -2 -2  2 -1    0  42   0   0   0   8   0   0   0  12  29   0   0   0   0   0   0   0   9   0  0.35 0.11
   32 M    1 -1 -1 -2 -2 -1 -1  1 -2 -1  0  1  1 -2  2  0  3 -3 -2 -1   14   0   0   0   0   0   0  14   0   0   9  14   7   0  12   0  31   0   0   0  0.23 0.08
   33 E   -1 -1  2 -1 -3 -1  1  3 -1 -4 -4  1 -3 -4  4  1 -1 -4 -3 -3    0   0  18   0   0   0  14  29   0   0   0   9   0   0  22   8   0   0   0   0  0.53 0.09
   34 R   -1  4 -1 -1 -3  1  2  3 -1 -3 -3  1 -2 -3 -2 -1  0 -3 -2 -2    1  36   1   1   0   7  15  25   0   1   1   1   0   0   1   1   7   0   0   1  0.38 0.08
   35 G    1  1 -1 -1 -2 -1 -1  2 -2 -2 -2  1 -2 -3  3  1  1 -3 -2 -2   14   9   1   1   0   1   1  23   0   1   1  10   0   0  16   8  13   0   0   1  0.30 0.05
   36 D    1 -1  2  1 -2 -1 -1  1 -1 -2 -2  0 -2 -2  2  0  1  4 -1 -2   22   1  15   8   0   1   1   9   0   1   2   8   0   1  10   1   9   9   1   1  0.21 0.04
   37 W   -1  0 -2 -2 -2 -1 -2 -2 -1 -2  0 -1 -1  0 -2  2 -1  8  3 -2    1   8   1   1   0   1   1   1   0   1  10   1   0   1   1  23   1  29  16   1  0.60 0.10
   38 D   -1  1  2  3 -3  1  0 -2 -1 -3 -1  1 -2 -3  2  2 -1 -4 -3 -3    0   7  12  29   0   7   0   0   0   0   7   8   0   0   8  23   0   0   0   0  0.33 0.08
   39 N    0  2  1  1  2 -1 -1  0 -1 -2 -2 -1 -2  1 -2  1  1 -1  2 -2    7  16   7  12   7   0   0   7   0   0   0   0   0   9   0   8  14   0  14   0  0.14 0.06
   40 S    1 -2 -1 -1 -2 -1 -1  0 -2 -2 -2 -1 -2 -3  2  3  2 -3 -2  0   13   0   0   0   0   0   0   7   0   0   0   0   0   0  12  44  17   0   0   7  0.39 0.10
   41 I    1 -2 -2 -2 -1  0  0 -2 -2  1  1 -1  0  1 -2 -1 -1 -2 -1  3   20   0   0   0   0   7   8   1   0   7   9   1   0   9   0   1   1   0   0  35  0.13 0.06
   42 I    1  3 -2 -2 -2 -1 -1 -2 -1  0  2  0  0 -1 -2  0 -1 -2  1 -1   15  28   0   0   0   0   1   1   0   7  26   1   0   0   0   9   1   0   9   1  0.15 0.06
   43 Q    0  0 -1 -1 -2  2  2 -2  0 -2 -1  2 -1 -1 -2  0 -1 -1  2 -2    9   0   0   0   0  16  22   1   0   0   8  18   0   0   0   8   1   0  14   1  0.23 0.07
   44 N    2  1  1 -1 -2  1 -1  1 -1 -2 -2  0 -1  1 -1  1 -1 -1  1 -1   30  13   8   1   0   9   1   8   0   1   1   1   0   8   1   8   1   0   8   1  0.13 0.05
   45 I    1 -2 -2  0 -1 -2 -2 -2 -2  2  1 -2  2 -1 -2 -1  1 -2 -2  1   20   0   0   8   0   0   1   1   0  27  15   1   8   0   0   1  16   0   0   1  0.14 0.06
   46 R    0  3  2 -1 -3  1  1  1 -1 -3 -3  1 -2 -3 -2  1 -1 -3 -2 -2    8  29  14   0   0   7   7   9   0   0   1   8   0   0   0  13   1   0   0   1  0.29 0.06
   47 A    0  2 -1 -1 -2  0  2  0 -1 -1  0  0 -1 -2  1  0  0 -2 -2 -1    8  15   1   1   0   1  27  10   0   1  16   1   0   1   8   1   8   0   1   1  0.15 0.05
   48 A    2  2 -2 -2 -2 -1  0 -2 -1  0 -1  0  1 -1  2 -1 -1 -2  2  0   30  16   0   0   0   0   8   1   0   6   1   0   7   0   9   1   0   0  12   7  0.15 0.06
   49 N    0  2  2 -1 -2 -1 -1 -2  2 -2 -2 -1 -1  2  2 -1 -1  0  4 -2    9  15  14   1   0   1   1   1   6   1   1   1   0   7  10   1   1   0  29   1  0.29 0.07
   50 K    1  0  0 -1 -2  1  0  1  4 -3 -2  2 -2 -2 -1  1 -1 -2 -1 -2   16   1   1   1   0   7   1   9  19   1   1  22   0   1   1  18   1   0   0   1  0.24 0.07
   51 C    1 -2 -2 -2  6 -1  0 -2 -2  1  0 -2 -1  1 -2  0 -1 -2 -1  0   13   1   1   1  29   1   9   1   0  15  10   1   0   8   1   8   1   0   0   1  0.26 0.07
   52 S    1 -1  0  4 -2  0  1 -1 -1 -2 -2 -1 -2 -1 -1  1  0 -2  2 -2   15   1   1  32   0   1   8   1   0   1   1   1   0   1   1  17   7   0  12   1  0.28 0.07
   53 L    2 -2 -2 -2 -1 -1 -2 -1 -2  1  1 -1  0 -1 -2  1  1 -2  1  1   24   1   1   1   0   1   1   1   0  17  15   1   0   1   1   9  13   0   6   8  0.11 0.04
   54 G    1 -2 -1  3 -2 -1  1  0 -1 -2 -2 -1 -2 -2  2  0 -1  4  1 -2   22   1   1  24   0   1   9   8   0   1   1   1   0   1  13   1   1   9   6   1  0.31 0.06
   55 T    1  0 -1 -2  2 -1 -1  0 -1 -2 -2 -1 -2 -2  1  1  3 -2  1 -1    9   8   0   0   7   0   0   9   0   0   1   0   0   0   7  12  36   0   8   0  0.24 0.07
   56 A    3 -1 -2 -2 -2 -1  1 -1 -2 -1  0  1 -1 -2 -1  0  1 -3 -2 -1   50   0   0   0   0   0   9   0   0   0  12  16   0   0   0   0   7   0   0   0  0.24 0.09
   57 R    2  1 -1  2 -2  0  1 -1 -2 -1  0  1  1 -2 -2  0 -1 -3 -2 -1   31   7   0  15   0   0   7   1   0   0  15  12   7   0   0   1   0   0   0   1  0.13 0.06
   58 M    3 -2 -2 -3 -1 -1 -2 -1 -2  1  1 -2  4 -1 -2  0 -1 -2 -2  0   49   0   0   0   0   0   1   1   0   9   9   0  27   0   0   1   0   0   0   1  0.32 0.11
   59 I   -1 -2 -3 -3 -2 -2 -3  0 -3  2  2 -2  4  2 -3 -2 -1 -2 -1  1    1   0   0   0   0   0   0   9   0  20  23   0  22  12   0   0   0   0   0   9  0.25 0.07
   60 Y    2  3  0 -2 -2  1  0 -2 -1 -2  0  0 -1 -2 -2  0 -1 -2  1 -1   36  24   7   0   0   7   7   0   0   0  12   0   0   0   0   0   0   0   7   0  0.20 0.08
   61 C    3 -2 -1 -2  6 -1 -2 -1 -2 -3 -3 -2 -2 -3 -2  4  0 -3 -3 -2   31   0   0   0  22   0   0   0   0   0   0   0   0   0   0  47   0   0   0   0  0.59 0.15
   62 S    2 -2 -1 -2  3 -1 -2 -2 -2 -2 -2 -1 -1  2 -2  2  3 -2 -1 -1   24   0   0   0   7   0   0   0   0   0   0   0   0  12   0  22  35   0   0   0  0.34 0.11
   63 S    0 -2  0 -1 -2 -1 -1 -1 -2 -4 -4 -1 -3 -4 -2  6  0 -4 -3 -3    0   0   0   0   0   0   0   0   0   0   0   0   0   0   0 100   0   0   0   0  0.97 0.23
   64 W   -4 -4 -5 -6 -4 -3 -4 -4 -4 -3 -3 -4 -2  0 -5 -4 -3 12  1  0    0   0   0   0   0   0   0   0   0   0   0   0   0   0   0   0   0  88   0  12  2.86 0.31
   65 G   -1 -3 -1 -2 -4 -3 -3  7 -3 -5 -5 -3 -4 -4 -3 -1 -3 -4 -4 -4    0   0   0   0   0   0   0 100   0   0   0   0   0   0   0   0   0   0   0   0  1.52 0.21
   66 A    1  3 -1 -2 -3  0 -1  0 -1 -2  0  2  1 -2 -2 -1 -1 -2  1 -2   21  27   0   0   0   0   0   8   0   0   9  23   7   0   0   0   0   0   6   0  0.23 0.08
   67 V   -2 -3 -3 -4 -3 -3 -3 -1 -2  1  1 -3  0  5  3 -2 -2 -1  2  0    0   0   0   0   0   0   0   7   0  12   9   0   0  44  15   0   0   0   7   7  0.45 0.10
   68 Q   -2  0 -1 -1 -4  8  1 -3 -1 -4 -3  0 -2 -5 -3 -1 -2 -3 -3 -4    0   0   0   0   0 100   0   0   0   0   0   0   0   0   0   0   0   0   0   0  1.41 0.27
   69 I   -2 -4 -4 -4 -2 -3 -4 -4 -4  5  2 -3  1 -1 -3 -3 -1 -3 -2  3    0   0   0   0   0   0   0   0   0  59  14   0   0   0   0   0   0   0   0  27  0.60 0.13
   70 M   -2 -3 -4 -4 -2 -2 -3 -4 -3  0  3 -3  8 -1 -4 -3 -2 -3 -2  0    0   0   0   0   0   0   0   0   0   0  27   0  73   0   0   0   0   0   0   0  0.99 0.22
   71 G   -1 -3 -1 -2 -3 -3 -3  6 -3 -3 -4 -3 -3 -4 -3 -1 -2 -4 -4  0    0   0   0   0   0   0   0  88   0   0   0   0   0   0   0   0   0   0   0  12  1.17 0.18
   72 F   -2 -3 -3 -4 -3 -3 -3 -4 -1  0  1 -3  2  6 -4 -3 -2  0  4  0    0   0   0   0   0   0   0   0   0   0  10   0   9  53   0   0   0   0  20   8  0.69 0.12
   73 N   -2 -1  7  0 -4 -1 -1 -1  3 -4 -4 -1 -3 -4 -3  0 -1 -5 -2 -4    0   0  90   0   0   0   0   0  10   0   0   0   0   0   0   0   0   0   0   0  1.17 0.19
   74 L   -1 -2 -3 -4  3 -2 -3 -3  2  1  2 -2  3  2 -3 -2 -1 -1  3  0    7   0   0   0   8   0   0   0   7   9  34   0  14   7   0   0   0   0  15   0  0.25 0.06
   75 Y    0  1  0 -2 -3  1  0  0  0 -1 -2  0 -1  2 -3 -1 -1  0  4 -1    6   8   7   0   0   7   8   9   0   0   0   7   0  10   0   0   0   0  29   8  0.20 0.06
   76 L    2  0 -2 -2 -2 -2 -2  1 -1 -1  0 -1 -1  3 -2  0 -1 -1  2 -1   29   8   0   0   0   0   0  14   0   0   9   0   0  22   0   8   0   0   9   0  0.18 0.06
   77 N    1 -2  2 -1  3 -1  0 -2  0 -2 -2 -2 -2  2 -3 -1 -1  0  5 -2   22   0  17   0   8   0   9   0   0   0   0   0   0   8   0   0   0   0  36   0  0.35 0.09
   78 G    0 -2  2  1 -3 -1 -1  4 -2 -4 -4 -1 -3 -4  2  2 -1 -3 -3 -3    0   0  12   8   0   0   0  47   0   0   0   0   0   0  10  22   0   0   0   0  0.58 0.08
   79 A    1 -1 -1 -1 -2  0  1 -1 -1 -1  0 -1 -1  1  2  2  0 -1  1 -1   10   1   1   1   0   1  12   1   0   1  13   1   0   9  10  29   1   0   7   1  0.13 0.04
   80 F   -1 -3 -3 -3 -2 -3 -3 -4 -2  2  0 -3  0  4  1 -2  0 -1  2  3    0   0   0   0   0   0   0   0   0  18   0   0   0  26   7   0   8   0   9  32  0.31 0.07
   81 N    1 -1  1  4 -3 -1  1 -2 -1 -2 -2  0 -2  1 -2  0  1 -3 -1 -2   15   0   9  35   0   0   7   0   0   0   0   8   0  10   0   0  16   0   0   0  0.29 0.07
   82 L    2 -2 -1 -2 -2 -1  1  2 -2 -1  1 -1 -1 -2 -2  0  2 -3 -2 -1   36   0   0   0   0   0  10  15   0   0  17   0   0   0   0   0  20   0   0   0  0.20 0.06
   83 S    2 -2 -2 -2 -1 -1 -2  0 -2  0  0 -1  3  0 -2  1  2 -2 -1  1   26   0   0   0   0   0   0   7   0   0   0   0  21   7   0   9  20   0   0  10  0.17 0.07
   84 V   -1 -3 -4 -4 -2 -3 -3 -4 -4  3  1 -3  0 -1 -3 -2 -1 -3 -2  5    0   0   0   0   0   0   0   0   0   9   7   0   0   0   0   0   0   0   0  84  0.62 0.13
   85 A    2 -1  1 -1 -2  0  0 -1 -1 -2 -2  1 -2  1 -2  3  0 -3 -1 -2   24   0   6   0   0   0   7   0   0   0   0  10   0  12   0  41   0   0   0   0  0.26 0.08
   86 H    1 -1  0  3 -2  0  2 -1  4 -3 -3 -1 -2 -3 -2  2  1 -3 -1 -2   21   0   0  24   0   0  12   0  17   0   0   0   0   0   0  17   9   0   0   0  0.33 0.07
   87 F   -2 -2 -3 -3 -2 -2 -3 -3  0  1  0 -2  4  4 -3 -2 -2  0  5 -1    1   0   0   0   0   0   1   1   0   7   1   1  24  29   0   1   1   0  33   1  0.53 0.10
   88 M    2  0 -2 -3 -1 -1 -2 -2 -2  1  1  0  3 -1 -2  0 -1 -3 -2  1   32   7   0   0   0   0   0   0   0  10  12   7  17   0   0   6   0   0   0   9  0.14 0.05
   89 E    1  0 -1 -1 -2  0  2 -2 -1 -1  0  2 -1 -1 -1  0 -1 -1  2  0   15   0   0   0   0   0  18   1   0   0  11  22   0   0   0   7   1   0  12   9  0.11 0.04
   90 N    0 -1  4  0 -2 -1 -1  2 -1 -3 -3 -1 -2 -3 -2  3  0 -3 -2 -2    1   0  29   0   0   0   1  14   0   0   1   1   0   0   0  50   1   0   0   1  0.45 0.09
   91 E    0 -1  1  1 -4  1  6 -2 -1 -4 -4  0 -3 -4 -2 -1 -1 -4 -3 -3    8   0   9   0   0   0  83   0   0   0   0   0   0   0   0   0   0   0   0   0  0.84 0.15
   92 A    3 -1 -2 -1 -2  0  1 -1 -2 -2 -2  1 -1 -3  1  1 -1 -3 -2  0   53   0   0   0   0   0  12   0   0   0   0  13   0   0   7   7   0   0   0   8  0.30 0.08
   93 Y    1 -1  0 -1 -2  2  2 -2  2 -1  1 -1  0 -1 -2  0 -1 -2  1 -1   23   0   6   0   0  15  17   0   8   0  21   0   0   0   0   0   0   0   9   0  0.15 0.06
   94 Q   -2  0 -1 -1 -4  7  2 -3  3 -4 -3  0 -1 -4 -2 -1 -2 -3 -2 -3    0   0   0   0   0  81  10   0   9   0   0   0   0   0   0   0   0   0   0   0  0.96 0.17
   95 V   -2 -2 -3 -2 -2 -1  1 -4 -2  2  2 -2  1  2 -3 -2 -1 -1  2  1    0   0   0   0   0   0  21   0   0  15  36   0   0  10   0   0   0   0   9   9  0.22 0.06
   96 N   -1  1  2  3 -3  0  2  0 -1 -3 -3  2 -2 -4 -2  0  0 -4 -3 -3    0   7  15  22   0   0  18   8   0   0   0  20   0   0   0   0   9   0   0   0  0.37 0.06
   97 E    3 -2 -1 -1 -2 -1  2  0 -2  0  0 -1 -1 -2 -2  1  0 -3 -2  0   43   0   0   0   0   0  17   7   0  10   9   0   0   0   0  13   0   0   0   0  0.20 0.07
   98 F   -3 -3 -4 -4 -3 -3 -4 -4 -2  1  1 -4  2  7 -4 -3 -2  0  2 -1    0   0   0   0   0   0   0   0   0   8   9   0   9  74   0   0   0   0   0   0  0.85 0.14
   99 R   -1  2 -1 -2 -2  2  1 -3 -2  0 -1  1 -1 -2 -2  0 -1 -3 -2  3    0  17   0   0   0  12   8   0   0   0   0  10   0   0   0   9   0   0   0  43  0.20 0.07
  100 R    1  3 -1 -1 -2  1  1  0 -1 -3 -2  1 -2 -3 -2  0  2 -3 -2 -2   19  32   0   0   0   8  12   8   0   0   0   0   0   0   0   0  20   0   0   0  0.30 0.07
  101 F   -3 -3 -4 -4 -3 -3 -4 -4 -2  0  3 -3  0  6 -4 -3 -2  0  3 -1    0   0   0   0   0   0   0   0   0   0  39   0   0  52   0   0   0   0   9   0  0.68 0.11
  102 L    0 -3 -4 -4 -2 -3 -3 -4 -4  4  2 -3  1 -1 -3 -2 -1 -3 -2  3    8   0   0   0   0   0   0   0   0  47  19   0   0   0   0   0   0   0   0  25  0.41 0.08
  103 L    0  2 -1 -1 -3  2  3 -2 -1 -2  0  3 -1 -3 -2 -1 -1 -3 -2 -2    8  15   0   0   0   9  29   0   0   0  15  24   0   0   0   0   0   0   0   0  0.30 0.07
  104 K    3 -1 -1  1 -2  0  0  1 -2 -3 -3  2 -2 -3 -1  2  0 -3 -2 -2   34   0   0   7   0   0   0   8   0   0   0  20   0   0   0  30   0   0   0   0  0.31 0.08
  105 N   -2  2  2 -2 -3 -1 -2 -3 -2 -3 -2 -1 -2  3 -3  0 -2  9  1 -3    0  18  17   0   0   0   0   0   0   0   0   0   0  19   0   8   0  37   0   0  0.90 0.13
  106 G   -1  1 -1 -2 -3 -1 -2  5 -2 -4 -4  2 -3 -4 -3 -1 -2 -3 -3 -4    0  10   0   0   0   0   0  70   0   0   0  20   0   0   0   0   0   0   0   0  0.82 0.11
  107 L   -2 -3 -4 -4 -2 -3 -4 -4 -4  3  4 -3  1  0 -4 -3 -2 -3 -2  1    0   0   0   0   0   0   0   0   0  31  69   0   0   0   0   0   0   0   0   0  0.59 0.11
  108 T    1 -2  2  4 -2 -1  1 -1 -1 -2 -1 -1 -2 -3 -2  0  1 -3 -2 -2   18   0  12  41   0   0   7   1   0   0  10   0   0   0   0   0   9   0   0   0  0.34 0.06
  109 E   -1 -1  0  3 -2  0  1  1 -1 -2 -1 -1 -1  1 -1  1  0 -1 -1 -1    3   2   2  28   1   2  11  11   1   2   3   2   1  12   2  11   2   1   1   2  0.16 0.02
  110 Y   -1 -1  1  0 -1  0 -1 -1  0 -1 -1 -1 -1  2 -1  0  2  0  2 -1    4   3  13   3   1   2   3   4   1   3   5   3   1  14   3   4  20   1  10   3  0.08 0.01
  111 T    1 -1  0  0 -1  0  3 -1 -1 -2 -2  0 -1 -2  2  1  1 -2 -1 -1   11   2   2   2   1   1  28   3   1   2   3   2   1   1  12  14  11   0   1   2  0.23 0.03
  112 P    0 -2 -2 -2 -1 -1 -2 -2 -2  1  2 -1  1 -1  2 -1 -1 -2 -1  2    9   1   1   2   1   1   2   2   1   1  30   2   1   1  10   2   2   0   1  31  0.15 0.03
  113 E   -1  1  0  4 -3  2  3 -2 -1 -3 -3  0 -2 -3 -2  0 -1 -3 -2 -3    1   9   0  37   0   9  31   1   0   0   1   0   0   0   0   7   0   0   0   1  0.53 0.08
  114 R    2  3 -1  0 -2  1  3 -1 -1 -3 -2  0 -2 -3 -1  1 -1 -3 -2 -2   25  25   0   0   0   0  32   1   0   0   1   0   0   0   0  11   0   0   0   1  0.34 0.07
  115 L   -2 -2 -3 -3 -2 -2 -3 -3 -2  2  4 -2  3  0 -3 -2 -1 -1  2  0    1   0   0   0   0   0   1   1   0   9  65   0   8   0   0   1   0   0  11   1  0.40 0.08
  116 A    1  4 -1  1 -3  2  0 -2 -1 -3 -3  2 -2 -3  2  1 -1 -3 -2 -2   17  35   0   8   0  10   0   0   0   0   0  12   0   0   9   9   0   0   0   0  0.37 0.07
  117 S    0 -1  3 -1 -2 -1 -1 -1 -1 -2 -1 -1 -1 -2 -2  3  1  4 -1 -2    1   0  18   0   0   0   0   0   0   0   9   0   0   0   0  51   9   8   0   0  0.36 0.09
  118 D   -1  2  0  4 -2  0  1 -1 -1 -2 -2  1  1 -2 -1 -1 -1 -2 -2 -2    2  16   1  40   0   1  10   2   1   1   2   8   9   1   1   2   1   0   1   2  0.32 0.05
  119 K    0  2  1 -1 -2  0  0 -1 -1 -2 -2  2 -2 -2  5  0 -1 -2 -2 -2   10  17   8   1   0   1   2   2   1   1   2  17   1   1  30   2   1   0   1   2  0.45 0.04
  120 A    0  0  1  0 -2  2  2 -1  2 -2 -2  0 -1 -1 -1  0 -1  4  1 -2   11   1   9   1   1  16  23   2   7   1   2   2   1   1   1   2   2   7   8   2  0.21 0.03
  121 A    1 -1  0  4 -2  0  1 -1 -1 -2 -2  1 -2 -2 -1  1  0 -2 -2 -2   18   1   1  40   1   1   2   2   1   1   2  13   1   1   1   8   2   0   1   2  0.29 0.04
  122 R    0  1 -2 -2  3 -1 -2 -2 -2  1  0 -1 -1  0 -2 -1 -1  8  0 -1   12  10   1   1   9   1   1   2   0  13  11   1   0   1   1   2   1  30   1   1  0.50 0.06
  123 V   -1  4 -1 -2 -2  0 -1 -2 -1  0  0  0  0 -2 -2 -1  1 -2 -1  1    2  37   1   1   0   1   1   2   0   1  11   1   0   1   1   2  16   0   1  20  0.19 0.05
  124 K    3  1 -1 -2 -1 -1 -1  1 -2 -2 -2  1 -2 -3 -2  1  1 -3 -2 -1   55  12   0   0   0   0   0   8   0   0   0   9   0   0   0   8   8   0   0   0  0.33 0.08
  125 F   -3 -4 -4 -5 -3 -4 -4 -4 -2 -1  0 -4 -1  8 -5 -3 -3  0  2 -2    0   0   0   0   0   0   0   0   0   0   0   0   0 100   0   0   0   0   0   0  1.38 0.19
  126 A    5 -2 -2 -3 -1 -2 -2 -1 -2 -2 -2 -1 -2 -3 -2  0 -1 -3 -3 -1  100   0   0   0   0   0   0   0   0   0   0   0   0   0   0   0   0   0   0   0  0.77 0.16
  127 K    1  4 -1 -2 -3  0 -1 -2 -1 -3 -2  2 -2 -2 -2  0  1 -3  1 -2   22  44   0   0   0   0   0   0   0   0   0  17   0   0   0   0  10   0   6   0  0.41 0.09
  128 V   -1  5 -1 -3 -3  0 -1  1 -1 -2 -2  1 -2 -2 -3 -1 -2 -2  2  1    0  57   0   0   0   0   0  15   0   0   0   0   0   0   0   0   0   0  12  17  0.44 0.11
  129 Y   -3 -3 -3 -4 -4 -2 -3 -4  1 -2 -2 -3 -2  2 -4 -3 -3  1  8 -2    0   0   0   0   0   0   0   0   0   0   0   0   0   0   0   0   0   0 100   0  1.59 0.22
  130 N   -2 -1  7  1 -4 -1 -1 -1  0 -4 -4 -1 -3 -4 -3  0 -1 -5 -3 -4    0   0 100   0   0   0   0   0   0   0   0   0   0   0   0   0   0   0   0   0  1.29 0.20
  131 G   -1 -3 -1 -2 -3 -3 -3  7 -3 -5 -5 -2 -4 -4 -3 -1 -2 -3 -4 -4    0   0   0   0   0   0   0 100   0   0   0   0   0   0   0   0   0   0   0   0  1.42 0.16
  132 A    0 -2  3  2 -3 -1 -1 -2 -2 -3 -3 -1 -3 -4  6  1 -1 -4 -3 -3   10   0  19  13   0   0   0   0   0   0   0   0   0   0  49   9   0   0   0   0  0.94 0.10
  133 E    1  0 -1  0 -3  2  4 -2 -1 -3 -3  2 -2 -4  3  0 -1 -3 -2 -2   13   0   0   0   0  14  45   0   0   0   0  13   0   0  15   0   0   0   0   0  0.50 0.05
  134 S    2  2  2 -1 -2  0 -1 -1 -1 -2 -2  0 -2 -3 -1  2  0 -3 -2 -1   40  20  20   0   0   0   0   0   0   0   0   0   0   0   0  19   0   0   0   0  0.28 0.02
  135 Y   -2 -2 -3 -4 -2 -2 -3 -4  1  0 -1 -2 -1  2 -3 -2 -2  1  7  1    0   0   0   0   0   0   0   0   0   0   0   0   0   0   0   0   0   0  80  20  0.76 0.06
  136 A    4 -2 -2 -2 -1 -1 -1  3 -2 -2 -2 -1 -1 -3 -1  1  0 -3 -2 -1   80   0   0   0   0   0   0  20   0   0   0   0   0   0   0   0   0   0   0   0  0.45 0.04
  137 D   -1  2  3  3 -3  1  2 -1  0 -3 -3  1 -2 -3 -2  1  0 -4 -2 -3    0  20  22  19   0   0  20   0   0   0   0   0   0   0   0  19   0   0   0   0  0.39 0.02
  138 L    1  3 -2 -3 -2 -1 -2 -2 -2  0  2  0  1 -1 -2 -1 -1 -2 -2  0   23  27   0   0   0   0   0   0   0   0  49   0   0   0   0   0   0   0   0   0  0.18 0.01
  139 I   -1 -2 -3 -4 -1 -2 -3 -4 -3  3  3 -2  4  0 -3 -2 -1 -2 -1  1    0   0   0   0   0   0   0   0   0  24  51   0  25   0   0   0   0   0   0   0  0.37 0.02
  140 L   -1  3 -1 -2 -2  0 -1 -3 -2  0  2  0  0 -1 -2  0  2 -2 -2  0    0  34   0   0   0   0   0   0   0   0  33   0   0   0   0   0  33   0   0   0  0.21 0.01
  141 Q    0  0  0  0 -2  4  3 -1  0 -3 -3  1 -1 -3 -1  2  0 -3 -2 -2    0   0   0   0   0  33  34   0   0   0   0   0   0   0   0  33   0   0   0   0  0.44 0.01
  142 A    4 -2 -2 -2 -1 -1 -1  0 -2 -1 -2 -1 -1 -2 -1  1  0 -3 -2  0  100   0   0   0   0   0   0   0   0   0   0   0   0   0   0   0   0   0   0   0  0.43 0.01
  143 C   -1 -3 -3 -4  7 -2 -3 -3  0 -1 -1 -3 -1  1 -3 -1 -1  1  5 -1    0   0   0   0  50   0   0   0   0   0   0   0   0   0   0   0   0   0  50   0  0.70 0.00
  144 Q   -1  1  0  0 -3  6  2 -2  0 -3 -2  1  0 -3 -1  0 -1 -2 -2 -2    0   0   0   0   0 100   0   0   0   0   0   0   0   0   0   0   0   0   0   0  0.66 0.01
  145 F   -2 -3 -3 -3 -2 -3 -3 -3 -1  0  0 -3  0  6 -4 -2 -2  1  3 -1    0   0   0   0   0   0   0   0   0   0   0   0   0   0   0   0   0   0   0   0  0.00    0.00
  146 Y   -2 -2 -2 -3 -2 -1 -2 -3  2 -1 -1 -2 -1  3 -3 -2 -2  2  7 -1    0   0   0   0   0   0   0   0   0   0   0   0   0   0   0   0   0   0   0   0  0.00    0.00
  147 G    0 -2  0 -1 -2 -2 -2  5 -2 -4 -4 -2 -3 -3 -2  0 -2 -2 -3 -3    0   0   0   0   0   0   0   0   0   0   0   0   0   0   0   0   0   0   0   0  0.00    0.00
  148 V    0 -2 -3 -3 -1 -2 -2 -3 -3  3  1 -2  1 -1 -2 -2  0 -3 -1  4    0   0   0   0   0   0   0   0   0   0   0   0   0   0   0   0   0   0   0   0  0.00    0.00
  149 K   -1  2  0 -1 -3  1  1 -2 -1 -3 -2  4 -1 -3 -1  0 -1 -3 -2 -2    0   0   0   0   0   0   0   0   0   0   0   0   0   0   0   0   0   0   0   0  0.00    0.00

                      K         Lambda
Standard Ungapped    0.1350     0.3224
Standard Gapped      0.0410     0.2670
PSI Ungapped         0.1243     0.3171
PSI Gapped           0.0380     0.2670
