
Last position-specific scoring matrix computed, weighted observed percentages rounded down, information per position, and relative weight of gapless real matches to pseudocounts
           A  R  N  D  C  Q  E  G  H  I  L  K  M  F  P  S  T  W  Y  V   A   R   N   D   C   Q   E   G   H   I   L   K   M   F   P   S   T   W   Y   V
    1 M   -4 -5 -5 -6 -5 -4 -5 -6 -5 -2  0 -5 10 -3 -6 -5 -4 -5 -4 -2    0   0   0   0   0   0   0   0   0   0   2   0  98   0   0   0   0   0   0   0  2.91 0.86
    2 A    6 -4 -3 -4 -3 -3 -3  1 -4 -4 -4 -3 -3 -5  0  0  1 -5 -4 -3   73   0   0   0   0   0   0   9   0   0   0   0   0   0   5   3  10   0   0   0  1.05 0.48
    3 E   -1 -3 -1 -4 -3 -3 -2 -1 -3  2  3 -2  2  0 -2 -2  0 -3  1  1    4   0   3   0   0   0   3   5   0  15  40   2   5   2   1   0   5   0   6   7  0.30 0.21
    4 N   -2 -2  6  4 -5  0 -1 -2  1 -2 -3 -1 -4 -5 -1 -1  0 -6 -4 -4    2   1  41  29   0   3   1   1   3   2   3   2   0   0   3   2   6   0   0   0  0.86 0.40
    5 D    2 -2  3  5 -4 -2  1 -2 -3 -2 -4 -1 -4 -2  0  1 -1 -5 -4 -4   17   1  14  39   0   0   7   1   0   2   0   2   0   1   3   8   3   0   0   0  0.64 0.33
    6 D   -1 -2  2  4 -4 -1  0  1  0 -2 -4  0 -3 -4 -1  1  3 -5 -4 -3    4   0   8  28   0   1   4  11   2   2   0   5   0   0   2  13  20   0   0   0  0.47 0.28
    7 A    3 -2  1 -1 -3  0  1  1 -2 -3 -2  2 -1 -4 -1  1 -1 -4 -3 -3   36   0   8   2   0   4   9   9   0   0   3  12   1   0   2  10   3   0   0   0  0.34 0.25
    8 V   -1 -4 -2 -4 -3 -3 -1 -4 -4  2  1 -2  1 -2  0 -1  1 -4 -2  4    2   0   1   0   0   0   5   0   0   9  15   1   3   0   4   3  10   0   1  44  0.48 0.30
    9 L   -2  2 -3 -4 -3 -3 -3 -2  0  2  2 -2  2  3 -4 -2 -2 -3 -1  1    1  17   0   0   0   0   0   3   3  16  23   1   5  15   0   2   1   0   1  12  0.35 0.24
   10 T    0 -3 -1 -4 -3 -2 -2 -4 -4  3 -1  0  0  0 -4 -2  1 -4 -3  4    7   0   3   0   0   1   2   0   0  23   2   8   2   4   0   1  11   0   0  35  0.45 0.30
   11 A    4 -4 -4 -4 -4 -3 -2  1 -4 -2 -2 -3 -3 -2  5  0 -2 -5 -4 -1   35   0   0   0   0   0   1  11   0   2   3   0   0   1  36   4   1   0   0   5  0.93 0.44
   12 A    2 -3 -1 -1 -3 -1 -2  4 -3 -1 -2 -1 -3 -4 -2  0  1 -4 -4  1   20   0   3   3   0   2   1  37   0   2   2   3   0   0   2   5   8   0   0  10  0.45 0.27
   13 V   -1  1  0  0 -3 -2 -2 -2  1  1 -1  0 -2 -2 -3 -1  4 -3  1  1    4  10   3   5   0   0   1   3   4   7   4   4   0   1   0   2  36   0   5   9  0.30 0.26
   14 G   -1 -5 -3 -4 -5 -5 -3  7 -5 -6 -5 -4 -2 -6 -5 -2 -2 -5 -6 -6    5   0   0   0   0   0   1  86   0   0   1   0   1   0   0   2   2   0   0   0  1.88 0.67
   15 Y    2  1 -1 -3 -3 -2 -1  0  5 -2 -2 -1 -1  0 -3 -1  2 -3  3 -1   21   7   2   0   0   0   3   6  16   2   2   3   1   3   0   1  16   0  13   3  0.34 0.27
   16 V   -1 -5 -5 -5 -1 -4 -5 -5 -5  4  1 -4  2  2 -5 -4 -3 -1  0  5    3   0   0   0   1   0   0   0   0  27   9   0   4   7   0   0   0   1   4  43  0.84 0.40
   17 Y   -1 -2 -5 -6 -5 -2 -5 -5 -2 -3  1 -5  1  6 -6 -1 -4  2  6 -3    5   2   0   0   0   2   0   0   0   0  12   0   4  35   0   4   0   2  35   0  1.26 0.54
   18 V   -2 -2 -3 -2 -3 -2 -3 -2  2  1  1 -2  1  1 -4 -2  2  0  3  3    1   1   0   2   0   1   0   2   5   8  10   1   3   6   0   2  15   1  11  30  0.34 0.26
   19 G    6 -4 -1 -2 -4 -4 -4  2 -2 -5 -4 -4 -4 -5 -4 -1 -3 -6 -5 -3   74   0   2   2   0   0   0  17   1   0   1   0   0   0   0   2   0   0   0   0  1.30 0.61
   20 A    1 -4  0  2 -5 -3  1 -3 -4 -5 -4 -2 -5 -6  7 -2 -3 -6 -5 -2   12   0   5  10   0   0   9   1   0   0   1   2   0   0  55   1   1   0   0   3  1.33 0.54
   21 A    2 -2 -3 -2 -3 -1 -2 -2 -3 -1 -1  0  0 -1  3 -2  0  0 -2  3   19   2   0   2   0   3   2   2   0   1   4   6   2   3  13   1   6   1   1  33  0.32 0.26
   22 G   -2 -4  2  2 -4 -2 -1  5 -3 -5 -5 -2 -4 -5 -1  0 -1 -5 -5 -3    1   0  10  13   0   1   4  53   0   0   0   1   0   0   3   8   3   0   0   2  0.90 0.41
   23 T    1 -4 -1 -4 -4 -2 -3 -3 -4 -3 -4  0 -3 -3 -4 -1  7 -5 -4 -1   13   0   2   0   0   1   0   1   0   0   0   5   0   1   0   1  70   0   0   3  1.28 0.61
   24 A    4 -3 -1  0 -3 -2  1 -2 -3 -1 -2 -2 -2 -4  3 -1  2 -4 -3  0   38   0   2   6   0   0  10   1   0   3   3   2   0   0  14   1  12   0   0   5  0.43 0.29
   25 A    2 -2 -2 -1 -2 -1 -1 -1 -3  0  2  0  0  0  2 -1  0 -3 -2  1   24   1   1   3   0   1   4   2   0   5  22   6   2   5   9   0   5   0   0   9  0.16 0.16
   26 P   -4 -5 -5 -3 -5 -4 -4 -5 -5 -5 -4 -4 -5 -3  8 -3 -2 -6 -5 -5    0   0   0   2   0   0   0   0   0   0   2   0   0   2  87   2   2   0   0   0  2.60 0.82
   27 T    2 -2 -2  0 -3 -1 -1 -1 -3 -2 -3 -1  0 -1  0  0  5 -3 -2 -2   20   1   1   6   0   2   4   3   0   1   1   4   2   2   4   3  43   0   1   2  0.51 0.32
   28 P    0 -2  1  3 -3 -1  0  0 -1 -2  0  0 -2 -1  2  1  0 -1 -2 -2   10   1   7  25   0   1   2   6   1   1   9   6   0   2   9   9   6   1   1   1  0.23 0.16
   29 A    2 -2 -1  0 -2 -1  0  0 -2 -1 -1 -2 -1  0  3  0  0  0 -1 -1   24   1   3   6   0   1   7   7   0   4   7   1   0   5  15   5   8   2   2   5  0.17 0.13
   30 L    0 -1 -1  0 -2  0  1 -2 -1  0  1  0 -1  0 -1  1  2 -2  0  0    8   1   2   5   1   4   9   2   1   3  16   4   1   4   2   9  16   0   3   6  0.06 0.07
   31 L    0 -1  0  0 -1 -1  0 -1 -1  1  1  0  0  1 -1  1  1  0  0  0   11   3   4   4   1   1   5   3   1  11  16   5   1   6   1  10  11   2   3   3  0.03 0.05
   32 K    0 -1  0  1 -2  1  1 -1 -1 -2 -1  2 -1 -1  2  0  0 -2  0 -1    8   1   4   8   1   5  10   4   1   2   4  16   1   4  12   5   7   0   4   3  0.15 0.09
   33 T    1 -1  0  0 -1  0 -1  0 -1  0  1 -1  0  0  1  0  1  1 -1 -1   16   2   5   5   1   5   3   6   1   6  15   2   2   5   7   3  14   2   1   2  0.06 0.07
   34 I    0 -1  0  0 -1 -1  0 -1  0  1  1 -1  0  2 -1 -1  1  3  0  0    7   2   5   4   1   2   5   4   3   9  15   3   1  11   3   3  11   5   1   6  0.05 0.05
   35 D    0 -1  0  4 -2 -1  0  1  0 -1 -2  0 -2 -2  1  0  0 -2 -2 -1    6   2   3  31   1   1   4  12   2   5   4   4   1   1   5   7   5   0   1   4  0.25 0.12
   36 L    1 -1 -1  0 -1 -1 -1  1 -1  0  1  0  0 -1  2  0  0 -1  0  0   13   3   2   5   1   2   3  11   1   5  18   4   2   1  10   6   4   0   4   7  0.06 0.05
   37 S    1  0  0  1 -1  0  1  0 -1 -1 -1  0 -1  0  1  1  1 -1 -1  0   12   4   3   9   1   4   8   6   1   5   5   3   2   5   6   8  13   1   1   5  0.06 0.04
   38 K    1 -1  0  1 -1  0  0  0 -1  0 -1  0 -1 -1  0  1  1 -2 -1  0   15   2   6   9   1   3   4   6   2   7   4   8   1   3   4   8  11   1   1   6  0.06 0.04
   39 P    0 -1 -1  0 -2  0  0 -1 -1 -1 -1 -1 -1  0  4  0  1 -2 -1  0    9   3   3   6   1   3   6   3   1   3   5   2   2   6  24   7  10   1   1   6  0.26 0.10
   40 E    0 -1  0  2 -1  0  1  0 -1 -1 -1  0 -1  0  0  0  1  1  0 -1   10   3   2  15   1   2  10   5   1   5   7   5   1   4   3   7  10   2   4   5  0.07 0.05
   41 T    0 -1 -1  0 -2 -1  0  1 -2 -1  0 -1  0 -1  0  0  2  0 -1  1    5   3   2   4   1   1   7  12   1   2   7   2   2   3   4   7  21   1   1  14  0.10 0.09
   42 W    1  0 -1 -1 -1 -1 -1  3 -2 -2 -1  0 -1 -1 -1  1  0  3 -1 -2   17   4   2   3   1   1   3  22   1   1   6   7   1   3   2   9   8   4   2   2  0.16 0.10
   43 T    1 -1  0 -1 -2 -1  0  0 -2  0 -1 -1 -1 -1  0  1  2  0 -1 -1   17   2   4   3   1   1   8   8   1   5   7   2   1   4   5  11  16   1   1   4  0.10 0.08
   44 G    1 -1  0  0 -2 -1 -1  1 -2  0  0 -1  0 -1  1  0  0 -2 -1  0   12   1   3   5   0   1   4  15   1   3  14   4   3   3   8   6   8   0   2   7  0.07 0.05
   45 A    2 -2 -2  1 -2 -2  0  2 -2 -1 -1 -2 -2 -3  3  1  0  1 -1 -1   17   1   1  10   0   1   5  14   0   4   5   1   0   1  19  10   5   2   2   3  0.29 0.17
   46 T    2 -2  0  1 -2 -1 -1  1 -2 -2 -2  0 -1 -3  0  1  2 -3 -3 -1   24   1   3  10   0   2   3  10   0   1   2   4   1   1   3  11  18   0   0   5  0.24 0.17
   47 G    1 -2  0 -1 -3  0 -1  4 -3 -3 -3  1 -2 -3  2  0  0 -3 -3 -2   12   1   3   2   0   3   3  40   0   1   1   9   1   1  10   4   5   0   0   2  0.50 0.24
   48 W   -6 -6 -7 -8 -6 -6 -6 -6 -5 -5 -2 -7 -5  4 -7 -6 -6 12  4 -6    0   0   0   0   0   0   0   0   0   0   3   0   0  14   0   0   0  68  13   0  3.33 0.99
   49 T   -1 -1  0 -1 -3 -1  1 -3  1  0 -2  2 -1 -1 -3  0  3 -4 -1  1    3   2   5   2   0   1   9   0   4   7   1  19   1   2   0   6  21   0   2  14  0.23 0.22
   50 S   -2 -2  4  3  0  0  1 -1 -1 -3 -2 -1 -2 -2  2  0 -1  4 -2 -4    2   1  24  21   3   3   7   3   1   1   4   3   1   1   9   8   2   7   1   0  0.44 0.28
   51 V   -2 -4 -3 -5 -3 -4 -4 -2 -4  3  4 -4  1  1 -4 -3 -1 -4 -3  2    1   0   1   0   0   0   0   3   0  16  53   0   3   4   0   1   3   0   0  14  0.73 0.36
   52 G   -2 -5 -3 -4 -5 -2 -5  7 -5 -6 -6 -4 -5 -6 -5 -3 -4 -5 -6 -6    3   0   0   0   0   2   0  93   0   0   0   0   0   0   0   0   0   0   0   0  2.19 0.74
   53 H   -2 -3  1  1 -4 -3 -3 -4  8 -4 -1 -3 -3  1 -4 -3 -4 -2  6 -4    4   0   6   9   0   0   0   1  37   0   7   0   0   5   0   0   0   0  28   0  1.23 0.51
   54 T   -2 -2 -3 -4 -1 -3 -4 -4 -2  1  0 -3  1 -3 -4 -1  6 -4 -4  2    2   2   0   0   1   0   0   0   1   9  10   0   3   0   0   2  55   0   0  12  0.86 0.46
   55 S    0 -2 -2 -1 -4 -3 -3 -2 -4 -5 -5 -1 -4 -2 -4  6  1 -5 -4 -4    5   2   1   3   0   0   0   2   0   0   0   3   0   2   0  75   6   0   0   0  1.27 0.62
   56 R    0  2  1  0 -3  1  2 -2 -1 -1  1  1 -1 -2 -1  0  0 -3 -2 -1    6  12   6   3   0   4  19   1   0   2  16  10   1   1   2   6   7   0   0   2  0.16 0.13
   57 G   -2 -3  1  6 -6 -1  4 -2 -3 -6 -6 -1 -5 -6 -2 -1 -3 -6 -5 -5    3   0   7  44   0   2  34   3   0   0   0   2   0   0   1   5   0   0   0   0  1.18 0.53
   58 T   -1 -3  4  5 -5 -1  1  3 -3 -5 -5 -3 -4 -5 -4  0 -2 -5 -5 -5    4   0  26  30   0   2   8  22   0   0   0   0   0   0   0   6   2   0   0   0  0.87 0.42
   59 L   -2 -3 -3 -3 -3 -3 -3  3 -4  1  2 -1  2 -3  1 -2  1 -4 -3  1    1   0   0   1   0   0   0  27   0  10  21   4   7   0   7   1  11   0   0   9  0.34 0.25
   60 P   -2 -3 -3 -4 -3 -3 -3 -4 -4  2  1 -1 -1  2  4 -2  1 -3 -2  2    2   0   0   0   0   0   0   1   0  15  11   4   1  11  24   1   9   0   0  19  0.50 0.27
   61 E    1 -2 -1 -2 -3  0  4 -1 -3 -3 -2  0 -3 -2 -3  2  3 -4 -3 -2   13   1   1   0   0   3  29   3   0   0   3   4   0   2   0  17  20   0   0   3  0.44 0.32
   62 F   -1 -2 -2 -4 -3 -3 -2 -3  0  3  1 -3  2  5  0 -2 -1  1  0  0    4   2   2   0   0   0   2   1   3  17  12   0   5  33   4   2   4   2   1   4  0.46 0.28
   63 G    1 -2  2 -1 -3 -2  1  1 -1 -3 -2  0 -3 -3 -1  2  3 -4 -2 -3   13   0   9   1   0   0  12  10   1   0   3   5   0   1   2  18  25   0   1   0  0.36 0.28
   64 F    0  2  0 -1 -3 -1  0 -3 -1  0  0  1 -1  1  1  1  1 -3  0 -1    5  11   3   2   0   1   7   0   1   5   9  10   1  10   8  11  11   0   2   3  0.11 0.12
   65 E   -3 -2  0  6 -5  0  4 -3 -3 -5 -4 -1 -4 -5 -4  0 -3 -5 -5 -5    0   1   2  45   0   4  33   1   0   0   2   3   0   0   0   8   0   0   0   0  1.14 0.52
   66 G    0 -1 -2  0 -3 -2 -2  5 -3  0 -3  0 -3 -4 -1  0  1 -4 -3 -1    5   3   1   6   0   0   1  48   0   6   1   7   0   0   3   5   8   0   0   3  0.59 0.29
   67 G   -1 -2  0  2 -3 -2  1  5 -3 -3 -3 -2 -3 -2 -3  1 -1 -4 -3 -3    2   2   4  13   0   1   8  44   0   1   3   2   0   1   1  12   3   0   0   2  0.59 0.29
   68 E   -3 -3 -1  5 -5 -2  4 -1 -3 -4 -4  0 -4 -2 -3 -2  1 -5 -4 -3    1   0   2  42   0   0  30   4   0   0   1   5   0   2   0   2   9   0   0   2  0.95 0.45
   69 S    1  1  0  0 -3  0  0 -1 -2 -1 -2  0 -2 -3  2  1  3 -4 -2  0   12   8   3   4   0   4   4   3   0   2   1   6   0   0  10   8  27   0   1   5  0.26 0.22
   70 E   -2 -2  0  0 -4  2  5 -3 -3 -3 -4  0 -3 -4 -2  1  4 -4 -4 -3    1   0   3   4   0   7  38   0   0   2   1   6   0   0   1   8  27   0   0   0  0.71 0.41
   71 V   -1 -2  0  1 -3  0 -1 -2 -3  1 -2 -2 -2 -3  0  1  2 -4 -1  3    4   1   4   8   0   4   3   2   0   6   1   0   0   0   5   9  18   0   2  30  0.27 0.24
   72 K   -2  1 -1 -2 -3 -2 -1 -4 -1  1  2  3  1  0 -2 -2 -1 -3 -1  0    1   9   2   2   0   0   3   0   2  10  27  22   3   4   2   2   2   0   2   7  0.23 0.20
   73 G   -2  3  1  2 -4 -1  0  4 -3 -4 -4  1 -3 -2 -2 -1 -2 -4 -4 -3    2  17   8  14   0   1   4  33   0   0   0  10   0   2   1   3   1   0   0   2  0.54 0.30
   74 S    2 -3 -1 -2 -3 -3 -3 -1 -1 -3 -3 -3  0 -4 -1  3  4 -4 -3  0   18   0   2   2   0   0   0   3   2   0   1   0   3   0   2  24  35   0   0   8  0.59 0.38
   75 W   -5 -4 -2 -7 -6 -2 -3 -6 -6 -6 -1 -6 -2 -1 -7 -6 -6 12 -1 -6    1   1   2   0   0   2   2   0   0   0   6   0   1   1   0   0   0  81   1   0  3.65 1.10
   76 Q   -1 -1 -2  1 -5  6  1  0 -3 -4  0 -2 -3 -5 -4  0 -3 -1 -4 -4    5   3   1   7   0  49   9   9   0   1  10   0   0   0   0   5   0   1   0   0  0.85 0.51
   77 K   -1  1  4  0 -3  0  0  1  0 -3 -2  1 -1 -2 -3  2 -1 -4 -1 -2    5   8  28   3   0   3   4  11   1   0   4   7   1   1   0  14   3   0   2   3  0.32 0.24
   78 K    2  1 -2  1 -3 -1  0 -1  0 -3 -1  2 -1 -3  1  0 -1 -4 -1 -1   18   9   0  11   0   0   6   2   3   0   7  19   1   0   7   8   1   0   2   5  0.21 0.20
   79 K    2  0  2  0 -3 -1 -1  0 -2 -1 -2  1 -2 -2 -1  1  2 -4 -3  0   18   4  10   4   0   2   3   5   0   3   3  10   0   1   2  11  16   0   0  10  0.16 0.17
   80 L    1 -2 -3 -4 -3 -3 -3 -2 -4  1  3 -1 -1  0  2 -2 -1 -4 -3  2   13   1   1   0   0   0   0   2   0   6  36   4   0   4  12   0   4   0   0  15  0.37 0.26
   81 R   -2  6 -3 -3 -4 -2 -3 -4 -3 -1 -2  1 -1 -4 -4 -1 -3  0 -4  2    3  54   0   1   0   0   0   0   0   3   4   9   1   0   0   4   0   1   0  18  0.95 0.48
   82 E   -1  4 -1  1 -3  0  2 -2 -1 -1 -2  0 -2 -3 -2  0  2 -3 -3 -1    3  26   2   8   0   3  13   2   1   3   2   5   0   1   1   6  19   0   0   6  0.32 0.22
   83 I   -2  0 -1 -2 -3 -2 -2 -4 -3  1 -1 -1 -1  0 -3  1  3 -3  1  3    0   6   2   2   0   0   1   0   0   8   5   4   1   4   0   9  26   0   6  25  0.31 0.27
   84 T   -1 -1  0 -1 -3  1 -1 -3 -1  1  0 -1  0 -2 -3  0  3 -3  1  2    3   3   3   4   0   9   3   0   1   7   9   3   1   0   0   7  26   0   5  15  0.21 0.22
   85 T   -1  1  0 -1 -3  0 -2 -2 -1  1 -2 -1 -2 -2 -1  2  3 -3  2  1    4   8   4   2   0   4   0   1   1   8   1   2   0   0   2  20  22   0   8  10  0.24 0.24
   86 E    1 -2 -2  1 -3  0  3 -1 -3 -1 -3 -1 -3 -4  2  1  2 -4 -1 -1   14   0   0   8   0   3  25   4   0   3   0   3   0   0   9   8  16   0   2   3  0.36 0.27
   87 D    1  0 -1  2 -3  0  2  1  0 -3 -3  0 -3 -2  1  1  0 -4 -2 -1   11   6   2  15   0   2  14  10   3   0   0   5   0   2   7  12   6   0   1   5  0.21 0.16
   88 P    1  1 -1 -1 -2  0  0  1 -2 -1 -2  1 -2 -1  1  1  0 -3 -1  0   14   9   1   1   0   4   5   9   0   5   2  10   0   3   6  14   6   0   2   9  0.11 0.11
   89 I    0 -3  0  0 -3 -2 -1 -3 -3  0 -2  0 -2 -3 -3  1  4  3 -3  2    5   0   4   5   0   0   4   1   0   4   3   6   0   1   0  13  36   4   0  14  0.41 0.32
   90 D    0  0  0  0 -1 -1  2 -1  0  0  0 -1  0  0 -3  0  1  1  2 -1    5   4   4   6   1   1  16   5   2   7   9   0   3   3   0   4  13   2  10   4  0.09 0.12
   91 Y   -1 -1 -2 -2 -3  1 -1  0 -2 -3 -3  0 -2 -1 -3  3  4  0  2 -2    4   2   0   2   0   6   3   8   0   0   1   4   1   2   0  26  30   1   8   2  0.43 0.32
   92 V   -2 -4 -4 -4 -3 -3 -4 -2 -4  3  2 -3  2  3 -4 -3 -1  1  1  3    2   0   0   0   0   0   0   4   0  15  21   2   6  14   0   0   2   2   4  28  0.49 0.27
   93 T    0 -2  0 -2 -3  1  0 -2 -3 -3 -4  2 -3 -2 -3  1  5 -5 -4 -1    9   0   4   1   0   6   7   3   0   1   0  13   0   2   0  10  42   0   0   4  0.55 0.37
   94 V    0 -4 -5 -5 -4 -2 -5 -3 -4  3  1 -4  2  5 -5 -3 -2  4  0  2    7   0   0   0   0   2   0   2   0  20   8   0   5  33   0   1   1   5   1  14  0.70 0.36
   95 L    1 -1  3  1 -3  1 -2 -2  0 -2 -2  1 -1  0 -1  1  2 -4 -2  0   10   2  20   6   0   6   0   1   2   1   1  10   2   5   2   7  16   0   1   8  0.23 0.21
   96 L    1 -3 -3 -4 -3 -3 -2 -2 -1  0  3 -3  2  0  1  2 -1 -4 -3 -1   15   0   0   0   0   0   2   2   1   5  40   0   4   5   6  17   1   0   0   2  0.39 0.30
   97 H   -1 -3 -2 -4 -3  2  0 -4  2  2  2 -3  3 -2 -4 -1 -2  0 -1  2    5   0   1   0   0  12   5   0   5  13  26   0   9   0   0   3   1   1   1  16  0.34 0.26
   98 Q   -2 -3  0  2 -6  7  3 -5 -3 -6 -6 -2 -4 -6 -4  0 -4 -6 -5 -5    3   0   3  10   0  60  18   0   0   0   0   0   0   0   0   6   0   0   0   0  1.50 0.69
   99 F   -1 -2 -4 -4  0 -4 -4 -1 -4  1  0 -4  2  5 -2  0  2  6  0 -1    5   2   0   0   2   0   0   5   0   8   8   0   5  25   1   6  17  12   2   3  0.53 0.32
  100 D   -2 -1  4  5 -5 -1 -1 -2 -3 -5 -5  1 -4 -5 -4  2  1 -6 -5 -5    1   2  25  34   0   1   1   1   0   0   0   8   0   0   0  15  10   0   0   0  0.87 0.45
  101 E    2  1 -1 -2 -4 -1  3 -1 -3 -3 -1  3 -3 -4 -1  0  0 -5 -4 -2   20   9   2   1   0   0  20   4   0   1   6  25   0   0   2   4   4   0   0   3  0.36 0.28
  102 Q   -1  0 -1  3 -4  1  4  0  0 -3 -4 -1 -3 -5 -1  0  0 -5 -3 -2    5   5   2  20   0   4  33   6   2   1   1   1   0   0   3   6   6   0   1   3  0.49 0.30
  103 S    0 -4  1 -3 -3 -3 -3 -2 -4  0 -2 -3 -1 -2 -1  1  5 -5 -4  2    9   0   8   0   0   0   0   3   0   5   1   0   1   2   2  10  46   0   0  13  0.65 0.42
  104 L   -1 -4 -5 -5 -4 -4 -5 -5 -4  1  4 -4  1  4 -5 -4 -2  1  2  1    5   0   0   0   0   0   0   0   0   7  46   0   3  16   0   0   2   1   8  10  0.74 0.37
  105 G    0  1  0  0 -5  2  3 -1 -2 -5 -4  4 -1 -5  0  0 -1 -5 -4 -4    7   8   3   3   0   8  25   3   0   0   0  28   2   0   4   5   4   0   0   0  0.53 0.32
  106 L    1 -2 -2 -5 -4 -3 -4 -5  1 -1  4 -2  3  2 -5 -3  0 -4 -1 -2   12   2   1   0   0   1   0   0   3   2  53   3   7  10   0   0   5   0   1   0  0.63 0.38
  107 Y    1  0 -4 -5 -4 -4 -4 -3 -1  1 -1 -4  0  4 -5 -3 -1 -2  7  0   13   5   0   0   0   0   0   1   1   9   3   0   2  14   0   1   3   0  40   7  0.87 0.45
  108 Y   -5 -5 -5 -6 -5 -5 -5 -6  2 -4 -2 -3  1  7 -6 -5 -2  4  7 -4    0   0   0   0   0   0   0   0   5   0   2   2   4  43   0   0   3   6  36   0  1.72 0.66
  109 G   -2 -3  2 -3 -5 -3 -5  7 -5 -6 -6 -3 -5 -6 -2 -3 -2 -6 -6 -6    1   1   9   1   0   1   0  80   0   0   0   1   0   0   2   1   2   0   0   0  1.73 0.65
  110 P    3 -3  0  1 -4 -2  0  4 -3 -4 -5 -2 -4 -5  0  0  0 -5 -4 -3   23   0   4   7   0   1   5  41   0   0   0   2   0   0   4   6   5   0   0   1  0.65 0.35
  111 N   -2 -3  4  3 -4 -1 -1  3 -1 -4 -4 -1 -2 -2 -3  1  1  2 -3 -3    1   0  22  17   0   2   2  24   1   0   0   3   1   2   0  10   9   3   0   1  0.54 0.32
  112 A    2 -1 -1  1 -2 -1  0  0 -2 -1 -2 -1 -1 -1 -3  0  1  2  0  1   20   2   2  10   0   1   5   8   0   2   1   3   1   2   0   7  13   3   3  14  0.14 0.16
  113 S    0 -1  0  1 -2 -1  0  0 -1  0 -1 -1  1 -2 -1  0  2 -1 -2  1    9   2   4   9   0   1   4   7   2   6   3   3   4   1   2   6  21   1   0  15  0.11 0.14
  114 E    2 -2  0  1 -3  0  2 -1 -3 -1 -3  0 -1 -4  2  0  2 -4 -3 -1   18   1   3   7   0   4  13   3   0   5   1   4   1   0  10   5  20   0   0   4  0.26 0.22
  115 T    1 -3 -1  3 -3 -1  1  0 -3 -3 -4 -1 -3 -4 -1  2  3 -5 -4  0   11   0   1  17   0   1  12   8   0   0   0   3   0   0   2  15  22   0   0   9  0.37 0.29
  116 P    1 -3  0  3 -4  1  0  3 -1 -4 -3  0 -3 -4  2 -1  0 -5 -4 -2   15   0   3  19   0   6   6  22   2   0   2   5   0   0  10   2   6   0   0   2  0.38 0.25
  117 G   -1 -1  1  1 -5 -2 -3  6 -4 -5 -5  0 -5 -5 -3  0 -1 -5 -5 -3    4   3   6   8   0   1   0  60   0   0   1   5   0   0   1   6   3   0   0   1  1.01 0.46
  118 V   -1 -1 -1 -3 -3 -1  0  1 -1  1 -1 -1 -1 -2 -3  0  2 -3  2  2    3   3   3   0   0   3   6  13   1   9   4   3   1   0   0   7  17   0  10  19  0.17 0.20
  119 F   -1 -4 -4 -2 -4 -2 -4 -1  0  1 -1 -2 -2  5 -3 -3  0  3  3  2    6   0   0   2   0   1   0   6   2   8   4   2   0  34   1   0   5   3  10  14  0.55 0.32
  120 G    1  0 -1  1 -3 -1  0  2  0  1 -1  0 -2 -1 -3  0  0 -1 -2  1   11   7   1   9   0   1   5  17   2   9   2   6   0   2   0   5   5   1   0  17  0.11 0.14
  121 V    0 -4 -2  0 -3 -3 -2 -2  1  2  0 -3 -1 -3  3 -1 -1 -4  0  4    6   0   2   5   0   0   3   2   5  14   6   0   1   0  15   3   2   0   3  34  0.39 0.28
  122 K    0 -1  0  2 -4 -1  0 -1  0 -3 -2  1 -2 -4  4  1 -1 -5 -4 -3    9   2   5  14   0   2   5   4   2   1   5  10   1   0  25  13   2   0   0   0  0.45 0.26
  123 T    1 -1  1  0 -2 -1 -1 -1 -1  0 -1 -1  0 -1 -1  1  2 -4 -2  0   10   3   8   6   0   2   3   4   1   6   6   1   2   3   3  14  20   0   0   6  0.13 0.15
  124 G    0 -2  2  0 -4 -2 -1  1 -3 -4 -4  1  0 -4  4  2  0 -5 -1 -2    7   1   9   6   0   0   2  13   0   0   0   8   2   0  25  16   6   0   2   2  0.49 0.30
  125 Q    1  0  1  1 -3  0  1  0 -1 -2 -2  1 -2 -2  1  1  1 -4 -2 -1   13   3   6   6   0   4  10   8   1   1   2  11   0   1   8   9   9   0   1   6  0.16 0.13
  126 T   -1  0 -2  0 -4 -2 -1 -1  0 -3 -2  1 -3 -4  5  0  2 -5 -2  1    5   5   1   5   0   0   3   5   3   0   3   8   0   0  32   5  13   0   1  11  0.53 0.31
  127 N    0 -1 -1 -1 -3  1 -1 -2 -3  1 -1 -2  0 -3  3  0  2 -4 -2  2    9   3   3   3   0   8   3   2   0   7   3   0   3   0  18   6  16   0   1  16  0.26 0.22
  128 E   -2  2  0  1 -5  2  4 -2  0 -3 -3  0 -3 -4 -1 -2  0 -5 -2  1    1  10   4   6   0   9  38   2   2   0   1   4   0   0   3   0   7   0   1  11  0.50 0.34
  129 K   -1  3 -2 -1 -2  0 -1 -1 -1  0 -1  3  0 -1  0 -2 -1 -1  1  0    2  21   0   3   1   2   1   5   1   5   6  27   2   3   5   0   4   1   5   6  0.27 0.24
  130 A    5 -2 -3 -4 -3  1 -2 -2  0 -4 -3  0 -3 -2 -2  2 -1 -5 -4 -1   59   1   0   0   0   6   1   2   2   0   2   4   0   1   2  14   2   0   0   3  0.77 0.46
  131 V    0 -4 -4 -4  0 -3 -1 -4 -4  1  3 -4  2  3 -4 -2 -1  3  1  1   10   0   0   0   2   0   4   0   0   6  38   0   5  13   0   3   2   5   5   8  0.47 0.29
  132 L   -2 -4 -2 -2 -1 -3 -4 -1 -4  1  3 -4  2  4 -5 -3 -2  3  0  2    2   0   1   3   1   1   0   6   0   7  30   0   5  19   0   0   1   5   2  15  0.46 0.28
  133 V   -1 -4 -3 -5 -3 -4 -5 -4 -5  4  2 -4  1  2 -5 -1 -3 -4 -3  4    4   0   2   0   0   0   0   1   0  27  19   0   4   8   0   4   0   0   0  32  0.67 0.36
  134 V   -2 -1 -1  2  1 -2  1 -4 -3  2  1 -1  0 -1 -3 -2 -2 -4 -1  3    2   4   3  12   3   1  11   0   0  12  17   3   1   1   0   0   1   0   3  26  0.25 0.22
  135 I    1 -4 -4 -5 -3 -4 -4 -3 -4  3  0 -2  4  3 -4 -2  0  3 -1  3   13   0   0   0   0   0   0   2   0  18   4   2  11  13   0   1   4   5   1  26  0.51 0.32
  136 E   -1  0 -1 -1 -3  0  1 -3 -3  2 -1  1 -1 -2 -3 -1  1 -4  0  3    3   6   3   2   0   5  13   1   0  15   3   8   0   1   0   3  12   0   3  24  0.21 0.21
  137 D   -5 -5 -2  8 -7 -2 -1 -5 -1 -7 -7 -2 -6 -7 -2 -2 -2 -8 -6 -7    0   0   0  87   0   1   1   0   1   0   0   2   0   0   2   3   2   0   0   0  2.22 0.83
  138 G   -1 -3  0 -3 -5 -1 -2  6 -4 -6 -6 -4 -5 -2  0  0 -1  1 -5 -5    2   2   3   1   0   3   3  69   0   0   0   0   0   2   5   5   3   2   0   0  1.27 0.54
  139 D    1 -3  1  4 -4  0  0 -1 -3 -3 -3  0 -3 -5  0  1  2 -5 -4 -3   13   0   6  32   0   5   5   5   0   1   2   4   0   0   5   9  14   0   0   0  0.49 0.31
  140 M    0  1  1  1 -3  1  1  1  2 -1 -2  2  0 -1 -2  0  0 -3  0 -1    9   6   6   7   0   7   9  12   6   3   2  15   3   2   0   3   4   0   3   4  0.13 0.12
  141 R    0  3 -1 -1 -3  0  0  0  2  0 -1  1 -1 -1 -2 -1 -1  1  0  1    8  22   1   3   0   2   5   6   6   6   5  11   1   3   1   1   2   2   3  12  0.14 0.16
  142 L    0 -1 -1 -4  1 -3 -3 -3 -1  2  1 -2  1  3 -4 -3 -1  0  0  3    8   4   4   0   3   0   1   1   1  14  14   2   4  15   0   0   2   1   2  23  0.27 0.21
  143 G    1  3 -3 -1 -4 -3 -3  4 -3 -3 -4 -1 -1  0 -1 -2 -2 -4 -1  1   13  22   0   3   0   0   0  34   0   0   0   1   1   4   3   1   2   0   2  12  0.51 0.34
  144 H    0  0 -4 -4 -3 -2 -1 -4  0  2  2 -3  2  4 -4 -3 -1  2  1  0    8   5   0   0   0   1   5   0   2  14  19   0   5  26   0   0   2   2   4   5  0.38 0.25
  145 H   -4 -2 -4 -5 -4 -1 -3 -3  5  0 -1 -4 -1  1 -5 -3 -1  5  7  0    0   2   0   0   0   2   1   2  15   5   6   0   1   5   0   1   4   9  40   7  1.05 0.48
  146 A    2 -3 -4 -4  1 -3 -3 -2  1  2  1 -3  2  2 -4 -1 -2  0  3  2   18   0   0   0   4   0   0   2   3  13  12   0   7  11   0   3   0   1  10  15  0.32 0.23
  147 H    0  1 -4 -4 -5 -4 -2 -2 -2 -3 -5 -2 -5 -3  7 -1 -1  1 -5 -5    9   8   0   0   0   0   2   4   1   1   0   2   0   1  61   4   4   2   0   0  1.50 0.60
  148 K   -3  5  3  0 -5 -2  0 -4 -3 -5 -3  4 -4 -5 -4  0 -2 -5 -4 -3    0  32  16   4   0   0   6   0   0   0   2  30   0   0   0   7   2   0   0   1  0.88 0.46
  149 A    3 -4 -2 -4  2 -3 -4  2 -4 -1 -2 -3 -2 -4 -4 -1  2 -5 -4  3   31   0   2   0   4   0   0  16   0   2   3   0   0   0   0   3  17   0   0  23  0.52 0.35
  150 G   -1 -2 -1  1 -4  4  2 -2 -3 -4 -4  0  0 -5 -2  4  0 -5 -4 -2    2   1   1   7   0  18  15   1   0   0   0   4   2   0   1  40   4   0   0   3  0.65 0.41
  151 V   -1 -4 -5 -5 -3 -2 -5 -5 -5  5  2 -4  1  1 -5 -4  0 -4 -3  4    4   0   0   0   0   2   0   0   0  35  15   0   4   5   0   0   5   0   0  31  0.77 0.38
  152 R    0  1 -1 -3 -3 -1 -2  0 -3  1 -1  0  1 -1 -3  1  4 -4 -1 -1    9   7   1   0   0   1   1   9   0   8   3   6   5   2   0  10  34   0   2   1  0.32 0.27
  153 R    0  3 -2  0 -4  0  2  1 -2 -3 -1 -1 -2  0  2  0 -2 -4 -1 -3   10  20   0   5   0   2  19  14   0   0   7   0   1   4  11   4   0   0   2   0  0.30 0.24
  154 D    1  2  1  2 -3 -1  0  1 -2 -2 -3  0 -1 -3 -2  1  0 -4 -3  0   12  12   7  17   0   0   6  12   0   2   0   4   1   0   0  12   5   0   0  10  0.21 0.16
  155 D   -2 -3  0  5 -4 -2  2  3 -3 -4 -3 -1 -4 -4 -3 -1 -2 -4 -4 -2    1   0   3  39   0   0  14  26   0   0   3   3   0   0   0   4   2   0   0   4  0.74 0.35
  156 A    2 -3  0  4 -3 -2  2  1 -2 -2 -2 -2 -1 -1 -1  1 -2 -4 -2 -3   22   0   2  24   0   0  14   8   0   2   4   0   1   3   2  14   0   0   1   0  0.36 0.25
  157 I   -2 -4 -4 -3 -3 -3 -4 -2 -4  4  1 -2  0  0  4 -2 -1 -4 -3  2    2   0   0   1   0   1   0   3   0  30  15   3   2   3  24   1   2   0   0  13  0.59 0.31
  158 E    0 -1  0  1 -3  2  2 -2 -2 -3 -4  1 -1 -4 -1  2  3 -4 -3 -2    7   1   2   6   0  12  15   2   0   0   0   8   1   0   1  17  25   0   0   1  0.41 0.29
  159 L   -2 -4 -3 -5 -4 -4 -5 -3 -3  1  3 -4  1  5 -3 -3 -3 -2  3 -1    2   0   1   0   0   0   0   2   0   9  34   0   2  31   1   2   1   0  11   3  0.73 0.36
  160 P    2 -2  2  4 -3 -1 -1 -1 -2 -3 -4 -1 -2 -4  1  2  1 -5 -4 -1   17   0  10  28   0   2   2   3   0   0   0   3   1   0   6  16   7   0   0   5  0.42 0.26
  161 I    1  1  0 -1 -3 -1 -1  0 -1 -1 -1  1 -1 -3  3  0  2 -4 -3  0   16  10   4   2   0   2   2   7   1   4   4   8   2   0  15   3  15   0   0   5  0.21 0.16
  162 D    0 -1  1  3 -4 -1  4  0 -3 -4 -4 -1 -4 -5 -3  0  2 -5 -4 -4    7   2   6  21   0   0  33   6   0   0   0   1   0   0   0   6  18   0   0   0  0.63 0.35
  163 D    1 -2  2  3 -4  1  3  0 -2 -4 -4  1 -3 -4 -3  0 -1 -4 -4 -2   16   0  13  20   0   7  21   5   0   0   0   9   0   0   0   5   1   0   0   2  0.46 0.26
  164 L    0 -4 -2 -4 -3 -3 -1 -4 -3 -1  2 -3  0  5  2 -3 -1  2  2 -1   11   0   2   0   0   0   5   0   0   1  22   0   2  33  10   0   5   2   7   2  0.51 0.30
  165 A    2 -3 -1 -3 -2 -1 -2 -1 -3  2  0 -2  2  1 -3  1  2 -3 -2  1   23   0   3   0   0   2   0   4   0  12   7   0   6   7   0  10  13   0   0  13  0.20 0.19
  166 A    1  0 -2 -1 -4  1  4  2 -2 -2 -3  1 -1 -4 -1  0  0 -4 -3 -2   13   3   0   0   0   7  30  18   0   2   0   8   2   0   3   5   7   0   0   2  0.38 0.25
  167 L   -2 -2 -4 -5 -3  0 -4 -5 -3  2  3 -3  2  3 -4 -3 -1  3  3  1    1   2   0   0   0   5   0   0   0  11  39   0   5  13   0   0   3   3  12   6  0.53 0.28
  168 P   -1 -4 -2 -1 -5 -1  1  2  0 -5 -5 -2 -4 -6  7  0 -3 -5 -5 -5    4   0   1   3   0   2   9  17   2   0   0   1   0   0  53   6   0   0   0   0  1.27 0.46
  169 V   -2 -4 -5 -5 -3 -4 -4 -5 -5  3  3 -4  2  1 -4 -4 -2 -4 -2  4    1   0   0   0   0   0   0   0   0  17  34   0   6   5   0   0   1   0   0  35  0.76 0.34
  170 R   -1  3  1 -2 -3  0  0 -2 -2 -1 -3  2 -2 -4 -3  1  4 -4 -3  0    2  21   5   0   0   2   5   2   0   2   0  11   0   0   0   8  34   0   0   8  0.45 0.29
  171 F    3 -3 -3 -4  1 -3 -3  1 -3  1  1 -3  0  2 -3 -2 -2 -3  0  1   34   0   0   0   3   0   0  12   0   7  12   0   3  13   0   0   0   0   4  13  0.34 0.24
  172 T    0 -2  0  0 -3 -1 -1 -2 -3 -3 -4  0 -3 -4 -3  1  6 -5 -4 -1    5   1   5   4   0   2   2   2   0   0   0   6   0   0   0   9  60   0   0   4  0.83 0.43
  173 Y    1 -4 -4 -4  0 -3 -4 -4 -3  3 -1 -3  1  2  1 -2 -2  2  2  3   17   0   0   0   2   0   0   0   0  21   2   0   4  12   6   0   1   3   7  25  0.40 0.25
  174 L   -3 -2 -3 -4 -3  0  0 -5 -4  1  5 -3  2 -1 -1 -3 -1 -3  0  0    0   1   1   0   0   5   6   0   0   4  65   0   5   1   3   0   2   0   3   3  0.66 0.34
  175 D    1 -1 -1  3 -3  1  1  2 -2 -4 -3  0 -3 -4 -1  2  1 -4 -3 -3   12   1   1  21   0   6   7  17   0   0   1   7   0   0   2  17   8   0   0   0  0.35 0.20
  176 H    1 -1 -2  0 -3  0  0  1  2 -2 -1 -1  1 -2  3  0  0 -3  1  0   13   2   0   5   0   5   6  11   8   0   3   1   5   0  15   4   6   0   6  10  0.18 0.14
  177 E    2 -2  2  2 -3  0  1  1  0 -4 -4 -2 -3 -4  3  1  0 -4 -3 -3   20   0  11  14   0   3  12   9   2   0   0   0   0   0  16   8   5   0   0   0  0.41 0.21
  178 D   -1 -1  1  2 -4 -1  0  5 -3 -4 -5  0 -4 -5 -3  1  0 -4 -4 -3    2   2   7  16   0   2   5  47   0   0   0   5   0   0   0   9   4   0   0   1  0.68 0.28
  179 E    1  1  1  0 -3  1  1  2  0 -2 -2  1  0 -3  0  0  0 -3 -2 -1   11   6  10   4   0   5  12  15   1   0   1  13   3   0   4   5   5   0   1   4  0.17 0.10
  180 L    0  0  2  2 -3 -1  1 -1  0 -2 -1  1 -2 -3  1  0  2 -4 -3 -2    7   4  11  12   0   0  10   3   2   2   9  12   0   0   6   2  20   0   0   0  0.20 0.15
  181 P    0 -2 -2 -1 -2 -2 -2  1 -2  0  1  0  1 -1  3  0  0  2  0  0    8   0   0   5   0   0   0  11   0   4  21   7   3   2  16   5   4   3   4   6  0.15 0.10
  182 F    1 -1 -3 -2 -3 -2 -3 -3 -2 -1  0 -2  0  3 -1 -2  1  4  4  0   16   2   0   3   0   0   0   1   0   0  12   0   2  17   2   1  12   7  21   4  0.37 0.20
  183 S    0  0  0  0 -2  0  1  0 -1  0 -1  0  0  0 -2  0  1 -2  1  0    6   7   3   6   0   3  15   7   0   5   5   7   2   4   0   3  14   0   8   5  0.07 0.07
  184 W   -2 -4 -4 -5 -4 -1 -1 -2 -3 -3 -2 -4 -3  3 -5 -2 -2 10  3 -1    4   0   0   0   0   2   5   3   0   0   3   0   0  11   0   3   2  51  11   5  1.72 0.48
  185 I   -2 -4 -4 -4 -3 -3 -4 -1 -3  5  1 -3  1  2 -4 -3  1 -2  2  1    0   0   0   0   0   0   0   5   0  45  11   0   2  10   0   0   9   0   9   8  0.49 0.24
  186 N    1 -1  1  1 -3 -1  0  2 -2 -3 -2  0  1 -3 -2  2  2 -4 -3 -2    9   2   9  10   0   0   7  14   0   0   3   5   5   0   0  20  16   0   0   0  0.24 0.15
  187 E    1 -1  1  3 -4 -1  3 -3 -2 -4 -4  0 -3 -4  5  0 -2 -4 -4 -3   17   3   5  18   0   0  20   0   0   0   0   4   0   0  29   3   0   0   0   0  0.69 0.25
  188 D    0  0 -1  4 -3  1  0  0  2 -3 -2  1 -2 -4  0 -1  0 -4 -3 -2    6   6   0  36   0   6   3   8   6   0   4   9   0   0   4   0   8   0   0   3  0.35 0.17
  189 L    0 -1 -3 -1 -2 -2 -2 -1  1  1  2 -2  0 -1  0 -2 -2  5 -1  2    9   3   0   5   0   0   0   4   4  10  33   0   0   0   5   0   0   9   0  15  0.23 0.13
  190 F   -2 -3  0  0 -3 -3 -1 -4 -2  2  0 -3 -1  5 -4 -1 -1 -1  2  1    0   0   5   6   0   0   4   0   0  17   4   0   0  41   0   5   4   0   4  11  0.44 0.20
  191 N    0 -2  1  1 -3 -1  1  1 -2 -1 -2 -1 -2  0 -1  0  3 -3  0 -2    5   0   7   8   0   0   9  13   0   4   0   3   0   6   2   5  34   0   4   0  0.23 0.14
  192 V    3 -1  0 -2 -2  1  0  0 -2 -2 -3  1 -2 -2  1  1  2 -3  0 -1   32   0   3   0   0   6   4   5   0   0   0   9   0   0   6  14  14   0   5   3  0.24 0.13
  193 P    1 -3 -2  2  1 -2 -2  1 -3 -3 -3 -2 -3 -4  6  0 -2 -4 -4 -1   16   0   0  17   4   0   0  11   0   0   0   0   0   0  43   5   0   0   0   4  0.84 0.20
  194 E    0 -2 -1  2 -2  0  2 -2 -2 -2 -3 -1 -2 -3  3  2  1 -4 -3  0    7   0   0  17   0   4  16   0   0   0   0   0   0   0  15  25   6   0   0  10  0.35 0.11
  195 V    2 -2 -2  1 -2 -2 -1 -2 -3  0  0  0 -1 -2 -2 -1  0 -3 -2  3   32   0   0  13   0   0   0   0   0   0   6   8   0   0   0   0   5   0   0  36  0.22 0.12
  196 P    0 -3 -3 -3 -4 -2 -2  0 -3 -4 -4 -2 -3 -5  8 -2 -2 -5 -4 -3   10   0   0   0   0   0   0   9   0   0   0   0   0   0  81   0   0   0   0   0  1.84 0.22
  197 E   -1 -1  0  5 -3  0  3 -2 -1 -3 -3  0 -2 -3 -2  0  2 -4 -3 -2    0   0   0  48   0   0  32   0   0   0   0   0   0   0   0   0  20   0   0   0  0.60 0.05
  198 G    0 -3 -1 -2 -3 -2 -2  6 -2 -4 -4 -2 -3 -3 -2  0 -2 -3 -3 -3    0   0   0   0   0   0   0 100   0   0   0   0   0   0   0   0   0   0   0   0  1.12 0.04

                      K         Lambda
Standard Ungapped    0.1350     0.3139
Standard Gapped      0.0410     0.2670
PSI Ungapped         0.1370     0.3178
PSI Gapped           0.0419     0.2670
