
Last position-specific scoring matrix computed, weighted observed percentages rounded down, information per position, and relative weight of gapless real matches to pseudocounts
           A  R  N  D  C  Q  E  G  H  I  L  K  M  F  P  S  T  W  Y  V   A   R   N   D   C   Q   E   G   H   I   L   K   M   F   P   S   T   W   Y   V
    1 M   -2 -3 -3 -4 -2 -2 -3 -4 -3  3  1 -3  7  3 -4 -3 -2 -2  0  0    0   0   0   0   0   0   0   0   0  24   0   0  56  20   0   0   0   0   0   0  0.70 0.16
    2 S   -1 -2  2 -2 -2 -1 -2 -2 -2 -3 -3 -2 -2 -4 -2  4  4 -4 -3 -2    0   0   9   0   0   0   0   0   0   0   0   0   0   0   0  54  37   0   0   0  0.77 0.23
    3 L   -2  2  0 -2 -3  0 -1 -3 -2  1  1  4 -1 -3 -2 -1 -1 -4 -2  0    0   8   4   0   0   0   0   0   0  13  15  51   0   0   0   4   0   0   0   4  0.39 0.16
    4 L    2 -2  2 -2 -2 -2 -2 -2 -2 -2  0 -2 -1 -3 -2  1  4 -4 -3 -1   18   0  16   0   0   0   0   0   0   0  12   0   0   0   0  11  42   0   0   0  0.42 0.16
    5 N   -2  5  2  0 -4  1  0 -3 -1 -3 -1  0 -2 -3 -3  1 -2 -4 -3 -3    0  55  10   4   0   7   5   0   0   0   8   0   0   0   0  11   0   0   0   0  0.63 0.19
    6 N   -1 -1  3  2 -3  2  2  1 -1 -3 -2 -1  0 -3 -2  1  0 -4 -3 -3    0   0  17  16   0  10  14  12   0   0   4   0   5   0   0  15   7   0   0   0  0.31 0.11
    7 K    1 -1  0 -2 -3 -1 -1  3 -2 -1  0  3 -1 -3 -2  0 -1 -3 -3 -2   18   0   5   0   0   0   0  27   0   3  15  28   0   0   0   4   0   0   0   0  0.27 0.12
    8 A    5 -2 -2 -3 -2 -2 -2 -1 -3 -2 -2 -2 -2 -3 -2  3  0 -4 -3  1   62   0   0   0   0   0   0   0   0   0   0   0   0   0   0  26   2   0   0   9  0.64 0.21
    9 G   -1  1 -1 -2 -3  1  0  3  1 -3 -1  3  1 -3 -2  1 -1 -3 -2 -3    0   7   0   0   0   7   6  27   5   0   5  26   6   0   0  12   0   0   0   0  0.31 0.12
   10 V   -2 -3  3 -2 -2 -2 -3 -3  1  2  1 -3 -1 -2 -3 -2 -1 -4 -2  4    0   0  26   0   0   0   0   0   5  12  11   0   0   0   0   0   0   0   0  47  0.45 0.18
   11 I   -1  2  0 -2 -2 -1 -2 -3 -2  0 -2  1 -1  1  2  0  2  4  0  0    0  16   3   0   0   0   0   0   0   9   0   8   0   9  10   8  19   8   3   7  0.22 0.10
   12 S   -1 -2  1 -2 -3 -1  0 -2 -2 -4 -4 -2 -3 -4 -2  6  0 -4 -3 -3    0   0   4   0   0   0   7   0   0   0   0   0   0   0   0  87   3   0   0   0  1.05 0.31
   13 R   -3  7 -2 -1 -5 -1 -2 -4  2 -5 -4  0 -3 -4  0 -1 -3 -4 -3 -4    0  83   0   3   0   0   0   0   7   0   0   0   0   0   4   3   0   0   0   0  1.31 0.31
   14 L   -1 -1  2  2 -3 -1  1 -2  3 -1  2  1  1 -1 -2 -1  0 -3 -2 -1    3   0  11  15   0   0   7   0   9   0  27  10   6   2   0   2   7   0   0   0  0.16 0.10
   15 A    5 -2 -2 -3 -2 -2 -2 -1 -3 -3 -3  0 -2 -4 -2  2 -1 -4 -3 -2   77   0   0   0   0   0   0   0   0   0   0   6   0   0   0  18   0   0   0   0  0.84 0.26
   16 D    1  0  2  3 -2 -1 -1  0 -2 -1 -3 -1 -2 -3 -2  1  2 -4 -3 -2   15   4  13  27   0   0   0   6   0   6   0   0   0   0   0  11  18   0   0   0  0.33 0.13
   17 F   -1 -1 -2  0 -3 -2  0 -3  4 -2 -2 -2 -2  5 -4 -1 -1 -1  4 -2    4   4   0   7   0   0   7   0  14   0   0   0   0  42   0   4   3   0  14   0  0.60 0.19
   18 L    0 -2 -2  0 -2 -2 -2 -3  4  2  3 -2  0 -1 -3  0 -1 -3 -1  0    7   0   0   6   0   0   0   0  18  16  39   0   0   0   0   8   3   0   0   4  0.29 0.13
   19 G   -2 -1 -1 -1 -4  4  4 -1 -1 -4 -4  2 -2 -3 -2  0  0 -3  0 -3    0   0   0   0   0  24  43   5   0   0   0  10   0   0   0   7   7   0   4   0  0.61 0.19
   20 F   -3 -4 -4 -5 -4 -4 -4 -5 -1 -2 -1 -4 -2  7 -5 -3 -1  0  6 -2    0   0   0   0   0   0   0   0   0   0   2   0   0  55   0   0   6   0  37   0  1.35 0.29
   21 R    0  2  1  2 -3  0  2 -2 -1  0 -1  0 -2 -3 -2  1  0 -3 -2 -1    9  16   6  18   0   0  20   0   0   9   3   0   0   0   0  11   3   0   0   4  0.22 0.09
   22 P   -1 -2 -2 -3 -2  2 -2 -3 -3  2  0 -2  0 -1  2 -1  3 -3 -2  2    0   0   0   0   0  16   0   0   0  13   9   0   2   2  12   0  31   0   0  16  0.32 0.15
   23 K    0 -1  1  3 -3  1  0  1  1 -2 -2  1 -2 -3 -2  0  1 -3 -2 -1    4   0   8  23   0   6   0  12   4   0   4  14   0   0   0   6  13   0   0   4  0.22 0.08
   24 T   -1  1  0  1 -3  1  0 -1  1 -3 -3  0 -2 -3  4  1  2 -3 -2 -2    1  11   4   8   0   7   6   3   4   0   1   3   0   0  26  11  15   0   0   0  0.44 0.11
   25 G    0  0  2  0 -3  0  1  2  1 -2 -3  1 -2 -2 -2  1 -1 -3 -2 -1    3   4  15   4   0   4  12  17   4   0   0  10   0   2   0  17   0   0   0   7  0.20 0.08
   26 D   -1 -1  3  3 -3  1  0  1 -1 -1 -1  0  0 -3  1  1 -1 -3 -3 -2    0   0  16  22   0   8   0  13   0   4   5   5   4   0   6  15   0   0   0   0  0.26 0.10
   27 I    0 -3 -2  0 -2 -2 -2  1 -3  3  0 -2 -1 -2  3  0  2 -4 -3  0    6   0   0   8   0   0   0  10   0  28   6   0   0   0  15   6  21   0   0   0  0.27 0.12
   28 D    1 -2  1  3 -2 -2 -1 -2 -2  1  1 -2  0  1 -2  0  0 -2  1  0   16   0   6  21   0   0   0   0   0  12  14   0   2   6   0   5   8   0   6   3  0.13 0.08
   29 V   -1 -3 -3 -4 -2 -3 -3 -4 -4  3  0 -3  0 -2  0  0  1 -4 -2  4    0   0   0   0   0   0   0   0   0  27   4   0   0   0   6   7   8   0   0  49  0.52 0.18
   30 M    2 -3 -2 -3 -3 -2 -3  4 -3 -2 -1 -2  4  1 -3  0 -2 -3 -2 -2   18   0   0   0   0   0   0  47   0   0   3   0  17   7   0   8   0   0   0   0  0.58 0.18
   31 N   -2 -2  5  2 -4 -2 -2  4 -2 -4 -2 -2 -3 -4 -3 -1 -2 -4 -4 -2    0   0  44  11   0   0   0  38   0   0   4   0   0   0   0   0   0   0   0   4  0.80 0.21
   32 R    0  2  2 -1  1  2  0  0 -1 -2 -2  1 -2 -3 -2  1  2 -3 -2  0    9  14  13   0   3  12   2   5   0   0   0  10   0   0   0   7  18   0   0   8  0.21 0.09
   33 Q   -1  3  2  0 -3  3 -1 -1 -1 -2 -1  0 -1 -1 -3 -1  0  2 -2 -1    4  22  16   4   0  26   0   4   0   0   5   0   0   4   0   0   6   3   0   7  0.29 0.13
   34 S    0 -3  3  0 -4 -2  0 -3 -2 -4 -4 -2 -3 -5  7 -1  0 -5 -4 -3    6   0  21   3   0   0   5   0   0   0   0   0   0   0  57   3   5   0   0   0  1.27 0.24
   35 V   -2 -3 -3 -4 -2 -3 -3 -4 -2  4  2 -3  0  1 -3 -3 -2 -2  3  2    0   0   0   0   0   0   0   0   0  42  19   0   0   5   0   0   0   0  15  14  0.47 0.14
   36 G   -1 -3 -2 -3 -4 -3 -3  7 -3 -5 -4 -3 -4 -4 -3 -2 -3 -4 -4 -4    0   0   0   0   0   0   0  94   0   0   1   0   0   0   0   0   0   0   0   0  1.60 0.28
   37 S    1 -2  1  0 -2  0 -1  2 -2 -2 -1 -1 -2 -3 -2  3  1 -3 -2 -2   12   0   7   4   0   4   0  17   0   0   7   0   0   0   0  37  10   0   0   0  0.30 0.11
   38 V    1 -2 -1 -2 -2  0 -2 -2 -2  0  0 -2 -1 -2  4  0  0 -3 -2  2   20   0   4   0   0   4   0   0   0   3  12   0   0   0  20   8   6   0   0  21  0.28 0.09
   39 T    0 -2  2  1 -2 -1 -1 -2 -2 -2 -3 -1 -2 -3 -2  2  5 -3 -3 -2    3   0  11   7   0   0   0   0   0   0   1   0   0   0   0  20  55   0   0   0  0.62 0.20
   40 I    0 -3 -3 -3 -2 -3 -3 -3 -3  4  2 -3  0  0 -3 -2  1 -3 -2  2    6   0   0   0   0   0   0   0   0  38  23   0   0   4   0   0   9   0   0  17  0.36 0.12
   41 S    0  1  1  3 -3  1  2 -2  1 -3 -3  0 -2 -3 -2  1  1 -3 -2 -2    7   9   7  22   0   7  13   0   4   0   0   3   0   0   0  14  10   0   0   0  0.32 0.09
   42 Q   -1 -1  0  2 -4  6  1 -3 -1 -4 -3  0 -2 -4 -2  1 -2 -3 -3 -3    3   0   4  11   0  67   4   0   0   0   0   0   0   0   0   8   0   0   0   0  0.94 0.26
   43 L    0 -1 -1 -2 -2  0 -1 -2 -2  1  1  0  1 -1 -2  1  2 -2  0  0    7   0   0   0   0   7   0   0   0  14  16   6   4   0   0  13  24   0   3   3  0.15 0.09
   44 A    1  0  0  0 -2  2  1 -2 -1  0 -1  0 -1 -2 -2  2  1 -3  0  0   14   5   2   4   0  11  10   0   0   8   4   3   0   0   0  24   7   0   3   5  0.15 0.08
   45 K    0  0 -1  2 -3  1  1 -2  1 -2  0  4 -1 -3 -2  0 -1 -4 -2 -2    6   0   0  12   0   6  10   0   3   0  15  38   0   0   0   9   0   0   0   0  0.31 0.13
   46 G   -1 -3  3 -2 -4 -3 -3  6  2 -5 -5 -3 -4 -4 -4 -1 -3 -4 -4 -5    0   0  16   0   0   0   0  77   7   0   0   0   0   0   0   0   0   0   0   0  1.29 0.26
   47 F   -1 -1 -3 -4 -2 -3 -3 -4 -3  3  0 -3  0  2 -3 -2 -1 -2  1  4    4   5   0   0   0   0   0   0   0  19   0   0   0  12   0   3   0   0   6  51  0.47 0.17
   48 Y   -1 -2  2  3 -3 -1  0 -3  1 -3 -3 -1 -2  2 -3 -1  1  6  3 -3    3   0  10  22   0   0   5   0   4   0   0   3   0  12   0   3  10  13  15   0  0.44 0.14
   49 E   -3  0 -2  0 -4  2  0 -4  2 -3 -2 -2 -2  3 -4 -2 -3  0  7 -2    0   5   0   6   0  14   5   0   4   0   0   0   0  12   0   0   0   0  50   3  0.81 0.23
   50 P    0 -3 -1 -3 -4 -2 -2 -3  0 -4 -4  0 -4 -5  7  0 -2 -5 -4 -4    7   0   3   0   0   0   0   0   3   0   0   5   0   0  73   9   0   0   0   0  1.70 0.29
   51 N   -2 -2  7 -1 -4 -2 -2 -2 -1 -4 -4 -2 -3 -4 -3  0  3 -5 -3 -3    0   0  73   0   0   0   0   0   0   0   0   0   0   0   0   4  23   0   0   0  1.23 0.30
   52 I   -2 -4 -4 -4 -2 -3 -4 -4 -4  3  0 -4  0 -2 -4 -3  1 -4 -3  5    0   0   0   0   0   0   0   0   0  19   0   0   0   0   0   0   8   0   0  73  0.87 0.24
   53 E   -3 -1 -2 -2 -5  8  3 -4 -1 -5 -4  0 -2 -5 -3 -2 -2 -4 -3 -4    0   0   0   0   0  86  14   0   0   0   0   0   0   0   0   0   0   0   0   0  1.58 0.37
   54 S    2 -2  1  0 -2 -1 -1  1 -2 -3 -4 -2 -3 -4 -2  4  0 -4 -3 -3   23   0   7   5   0   0   0  12   0   0   0   0   0   0   0  54   0   0   0   0  0.58 0.20
   55 A    6 -3 -3 -3 -2 -2 -2 -1 -3 -3 -3 -2 -3 -4 -2  0 -2 -4 -3 -2  100   0   0   0   0   0   0   0   0   0   0   0   0   0   0   0   0   0   0   0  1.25 0.33
   56 I   -3 -4 -5 -5 -3 -4 -5 -5 -5  7  1 -4  0 -2 -4 -4 -2 -4 -3  1    0   0   0   0   0   0   0   0   0  89  11   0   0   0   0   0   0   0   0   0  1.21 0.30
   57 N   -2 -2  2  5 -4  1  2 -1 -2 -1 -3 -1  0 -4 -3  0 -2 -4 -3 -1    0   0   9  51   0   5  10   3   0   5   0   2   4   0   0   7   0   0   0   4  0.62 0.17
   58 D   -3 -3  0  7 -5  0  1 -3 -3 -5 -5 -2 -4 -5 -3 -2 -3 -6 -5 -5    0   0   0  90   0   4   6   0   0   0   0   0   0   0   0   0   0   0   0   0  1.64 0.33
   59 V    0 -3 -4 -4  1 -3 -4 -4 -4  3  4 -3  1  0 -3 -3 -2 -3 -2  2    7   0   0   0   4   0   0   0   0  17  50   0   2   4   0   0   0   0   0  16  0.48 0.14
   60 H    3  2 -2 -2 -2  1 -1 -2  0 -1 -2  1  0 -2 -2  0 -1  4  2 -1   36  14   0   0   0   8   0   0   3   4   0   6   4   0   0   5   0   6   8   4  0.24 0.12
   61 N    1 -2  2  1 -2 -1 -1  2  1 -2 -2 -1  0  0 -2  2  1 -2  1 -2   12   0  11  10   0   0   0  17   4   0   0   0   4   3   0  17  14   0   7   0  0.23 0.10
   62 F    0  1 -2 -3 -2 -2 -2 -1 -2  1  2 -1  3  1 -3 -1 -1 -2 -1  1   10  14   0   0   0   0   0   4   0   7  25   0  17   9   0   3   0   0   0  10  0.18 0.09
   63 S    3 -2 -2 -2  2  1 -2  1 -2 -1 -1 -2  1  1 -2  1  0 -2  0 -1   38   0   0   0   5   9   0  11   0   3   2   0   7   9   0  10   3   0   4   0  0.22 0.12
   64 I   -1  0 -1 -1 -2  0  2 -3 -2  2  1 -1  1  1  0  0  1 -3 -1  0    0   7   3   2   0   2  18   0   0  18  15   0   3   7   3   7  10   0   0   6  0.09 0.07
   65 K   -1 -1 -3 -3 -2 -1 -3  0  0  2  3 -1  2  0 -3 -1 -1 -3 -2  0    4   3   0   0   0   2   0   8   4  14  46   3   8   3   0   3   3   0   0   0  0.24 0.11
   66 D   -2  0  2  2 -4  1  0 -3 -2 -1 -3 -1 -3 -4  6 -1 -2 -5 -4 -3    0   6  12  12   0   6   6   0   0   6   0   0   0   0  49   3   0   0   0   0  0.97 0.20
   67 V   -2 -3 -4 -4 -2 -3 -3 -4 -4  4  1 -1  0 -2  1 -3 -1 -4 -2  4    0   0   0   0   0   0   0   0   0  40   8   4   0   0   6   0   0   0   0  42  0.61 0.18
   68 G   -2 -3  5  1 -4 -2 -2  5 -2 -5 -5 -2 -4 -4 -3 -1 -2 -4 -4 -4    0   0  39   5   0   0   0  55   0   0   0   0   0   0   0   0   0   0   0   0  1.11 0.25
   69 T    1 -2 -1  2 -2  0  0  1 -2 -3 -3 -1 -2 -4 -2  4  2 -4 -3 -2   12   0   0  15   0   3   3   8   0   0   0   0   0   0   0  43  16   0   0   0  0.45 0.16
   70 I   -2 -4 -4 -4  1 -3 -4 -2 -4  4  1 -4  0 -1 -4 -3 -1 -4 -2  4    0   0   0   0   4   0   0   3   0  39  12   0   0   0   0   0   0   0   0  42  0.63 0.18
   71 I   -2 -3 -4 -4 -2 -3 -2 -4 -3  5  1 -1  0 -1 -4 -3 -2 -2  3  2    0   0   0   0   0   0   3   0   0  54  13   6   0   0   0   0   0   0  12  12  0.53 0.18
   72 T   -2 -2 -2 -3  1 -2 -1 -4  2  4  0 -1  1 -1 -3 -1  2 -3  0  1    0   0   0   0   4   0   3   0   6  46   0   5   4   0   0   4  16   0   4   8  0.31 0.15
   73 N   -2  0  6 -1 -3 -1  0 -2 -1 -3 -3 -1  0 -4 -3  1  3 -4 -3 -3    0   4  54   0   0   0   4   0   0   0   0   0   3   0   0  10  26   0   0   0  0.80 0.25
   74 K   -2  1 -1  3 -3 -1 -1 -3 -2 -2 -1  0 -2 -3 -2  0  4  2 -3  0    0   9   0  22   0   0   0   0   0   0   6   6   0   0   0   3  44   4   0   6  0.43 0.19
   75 T   -1 -2  1  4 -3  1  2 -2 -2 -3 -3  0 -2 -4 -2  2  2 -4 -3 -1    0   0   3  28   0   4  13   0   0   0   0   4   0   0   0  23  21   0   0   3  0.47 0.16
   76 G    1 -1  2  1 -3 -1  0  5 -2 -4 -4 -1 -3 -4 -3  0 -2 -4 -4 -3   10   3  13   6   0   0   8  53   0   0   0   3   0   0   0   3   0   0   0   0  0.67 0.18
   77 V    0 -1  0 -2 -2 -2  0 -3 -3  3  1 -2  0 -2 -3 -1  2 -3 -2  2    8   4   7   0   0   0   6   0   0  30   7   0   0   0   0   3  17   0   0  18  0.20 0.12
   78 S    1 -2  3  1 -2  0  0 -1 -1 -3 -3 -1  0 -3  2  3  0 -4 -3 -2   15   0  20  10   0   5   2   0   0   0   0   0   3   0  10  30   3   0   0   2  0.37 0.14
   79 P   -3 -4 -4 -3 -5 -3 -3 -4 -4 -4 -2 -3 -4 -5  8 -3 -3 -6 -5 -4    0   0   0   0   0   0   0   0   0   0   4   0   0   0  96   0   0   0   0   0  2.58 0.42
   80 E    2 -1 -1 -1 -2  1  1  3 -2 -3 -2 -1  0 -1 -2  1  0 -3 -2 -2   26   3   0   0   0  10  12  25   0   0   0   0   5   4   0  13   3   0   0   0  0.30 0.13
   81 G    1 -3  0 -2 -3 -2 -3  5 -3 -1 -3 -1 -2  0  0 -1 -2 -3 -3 -1   17   0   4   0   0   0   0  56   0   6   0   3   0   6   3   2   0   0   0   3  0.62 0.18
   82 V    1 -1  0 -2 -2  0  0 -2 -2  2 -1  0 -1 -2 -2  1  1 -3 -2  2   10   3   4   0   0   3   6   0   0  21   0   4   0   0   0  18   7   0   0  24  0.16 0.11
   83 S    0  0  1 -1 -3  3 -1  0 -2 -3 -3 -1 -2 -4  4  2  0 -4 -3 -3    7   3   9   0   0  25   0   7   0   0   0   0   0   0  21  24   5   0   0   0  0.51 0.17
   84 Q   -3 -1 -2 -2 -5  8  0 -4 -1 -4 -4 -1  1 -5 -3 -1 -2 -4 -3 -4    0   0   0   0   0  93   0   0   0   0   0   0   4   0   0   3   0   0   0   0  1.66 0.43
   85 T    0 -2 -2 -2 -2  0  0 -3 -3  2  0 -2  0  0 -2  1  2 -3 -2  2    6   0   0   0   0   7   5   0   0  20   6   0   0   4   0  11  16   0   0  26  0.20 0.11
   86 D   -2 -2  0  5 -4  1  3 -1 -2 -3 -4 -1 -3 -4 -2  0  1 -4 -3 -1    0   0   0  46   0   4  23   3   0   0   0   0   0   0   0   5  13   0   0   6  0.67 0.20
   87 Y   -1  2  1  1 -3  3  0 -2 -1 -2 -1  0  0 -1 -2  0  2 -3  0  0    0  18   5   7   0  19   3   0   0   0   3   4   3   3   0   6  21   0   3   6  0.22 0.12
   88 W   -1 -3 -4 -4 -2 -3 -4 -4 -3  2  3 -3  0  2 -4 -3 -2  5  0  2    6   0   0   0   0   0   0   0   0  16  41   0   0   8   0   0   0  12   2  14  0.52 0.15
   89 A    1 -1 -1 -1 -2  1 -1 -2 -2  0 -2  2 -1 -3 -2  0  4 -4 -3  0   11   0   0   3   0   7   0   0   0   5   0  20   0   0   0   3  42   0   0   9  0.36 0.17
   90 F   -4 -4 -5 -5 -4 -5 -5 -5 -3  2 -1 -5 -1  8 -5 -4 -3 -1  1  0    0   0   0   0   0   0   0   0   0  13   0   0   0  82   0   0   0   0   0   5  1.47 0.34
   91 S    0 -2  0  2 -2 -1 -1 -2 -2 -3 -3 -2 -2 -4 -2  4  4 -4 -3 -1    3   0   3  14   0   0   0   0   0   0   0   0   0   0   0  46  32   0   0   3  0.61 0.23
   92 G   -1 -4 -2 -3 -4 -3 -4  7 -4 -5 -5 -3 -4 -5 -4 -2 -3 -4 -5 -5    0   0   0   0   0   0   0 100   0   0   0   0   0   0   0   0   0   0   0   0  1.85 0.36
   93 T   -1 -2 -1 -1 -2 -2 -1 -3 -3  1  0 -2 -1 -1 -2  2  4 -3 -2  2    0   0   2   3   0   0   3   0   0   7   5   0   0   3   0  15  41   0   0  20  0.36 0.19
   94 V    1 -4 -4 -4 -2 -3 -3 -4 -4  2 -1 -3 -1 -2  1 -1 -1 -4 -3  5   13   0   0   0   0   0   0   0   0  10   0   0   0   0   7   3   0   0   0  67  0.67 0.26
   95 T    2  0  1 -1 -2  0  0 -2 -2  0 -2  0 -2 -3 -2  2  2 -3 -2 -1   17   7   9   0   0   3   5   0   0   6   0   3   0   0   0  26  21   0   0   4  0.26 0.14
   96 D    1 -1  1  2 -2 -1 -1  1 -2 -1 -1 -1 -1 -1 -2  2  0 -3  0  0   13   3   6  17   0   0   0  12   0   2   6   0   0   2   0  21   3   0   3  12  0.14 0.10
   97 D   -1 -2  1  3 -3  1  2 -2 -2 -3 -3 -1 -2 -4  4  0  2 -4 -3 -3    3   0   7  20   0   9  14   0   0   0   0   0   0   0  22   7  16   0   0   0  0.52 0.16
   98 S   -1 -2  2  2 -3 -1  1  3  1 -1 -3 -1 -2 -3  1  0 -1 -3 -3 -1    3   0  12  12   0   0  13  32   3   6   1   0   0   0   7   5   0   0   0   4  0.33 0.12
   99 L    0  0  2  0 -2  0  1  1  0 -2 -1  2 -1 -2 -1  1  0 -2 -1 -1   10   2  14   2   1   1   8  12   3   2   8  18   1   1   2   9   2   0   1   2  0.12 0.05
  100 P    0 -1  1  0 -1  0  1  0 -1  0 -1  0 -1 -1  3  0  1 -1 -1  0    4   2   7   2   1   2  10   6   1   9   4   3   1   2  16   9  13   1   1   6  0.15 0.03
  101 P    0 -1  0  2 -1 -1  0 -1 -1 -1  0 -1 -1 -1  1  0  2 -2 -1  0    6   2   2  18   1   2   5   3   1   2  10   2   1   2   7   3  23   1   1  10  0.12 0.05
  102 G    0 -2  0 -1 -2  0  1  5 -2 -2 -3 -1 -2 -3  0 -1 -1 -2 -2 -1    5   1   4   1   0   4  12  52   0   1   2   1   0   1   4   1   1   0   1   8  0.50 0.14
  103 S   -1 -1  1  4 -2  0  1  2 -1 -2 -2 -1 -2 -2 -1  1  0 -3 -2 -1    2   1   4  30   0   4   9  17   0   1   5   1   0   1   1  12   7   0   1   5  0.28 0.09
  104 P   -1 -1 -1  1  1  0 -1 -2 -2 -2 -2  2 -2 -3  3  1  2 -3 -2  0    1   1   1   8   3   3   1   1   0   1   1  19   0   1  20  12  18   0   1   9  0.30 0.11
  105 I    1 -2 -2 -2 -1  0 -2 -2 -2  2  0  0  0 -2 -2  0  1 -3 -2  3   18   1   1   1   0   4   1   1   0  11   1   7   0   1   1   4  11   0   1  37  0.20 0.11
  106 T   -1 -2  1  0 -2 -1 -2 -3 -2  4  1 -2  2 -1 -2 -1  1 -3 -2  2    1   1  10   5   0   4   1   1   0  38  12   1   6   0   1   1   9   0   0   9  0.22 0.12
  107 V   -1 -4 -4 -4 -2 -3 -4 -4 -4  4  1 -3  0  0 -3 -3  0 -3 -2  4    4   0   0   0   0   0   0   0   0  42  11   0   0   3   0   0   6   0   0  34  0.57 0.21
  108 L    0 -1  3  3 -3  0  1 -2  3 -3 -1  0 -2  0 -2  1  0 -3  1 -3    7   0  22  17   0   3   6   0   9   0   5   6   0   4   0  12   3   0   6   0  0.27 0.12
  109 V   -2 -4 -4 -4 -2 -4 -4 -5 -4  4  1 -4  0  2 -4 -3 -2 -3 -2  5    0   0   0   0   0   0   0   0   0  30   6   0   0   9   0   0   0   0   0  55  0.75 0.25
  110 F   -3 -4 -4 -5 -3 -4 -4 -5 -1 -1  2 -4 -1  6 -5 -4 -3  0  6 -2    0   0   0   0   0   0   0   0   0   0  28   0   0  39   0   0   0   0  33   0  1.05 0.30
  111 G   -1 -3 -2 -3 -4 -3 -3  7 -3 -5 -5 -3 -4 -4 -3 -2 -3 -4 -4 -4    1   0   0   0   0   0   0  94   0   0   1   0   0   0   0   0   0   0   0   0  1.63 0.34
  112 L   -2  0 -3 -3 -3 -1 -3 -4 -2  2  1 -2  0  5 -3 -2 -2 -1  2  1    1   9   0   0   0   4   0   0   0  12  16   0   0  37   0   0   0   0   7  12  0.40 0.15
  113 P    0  2 -1 -2 -3 -2 -2 -3 -2 -3 -3  0  0 -1  6 -1 -2 -3  0 -3    7  13   3   0   0   0   0   0   0   0   1   4   4   3  56   4   0   0   3   0  1.09 0.24
  114 V   -2 -3 -3 -4 -2 -3 -3 -4 -3  2  0 -3  0  3 -3 -3  0 -2 -1  5    1   0   0   0   0   0   0   0   0  10   4   0   0  19   0   0   4   0   0  60  0.61 0.22
  115 S   -1  0  0  0 -2  1  1 -2 -2  0 -1  1 -1 -2  1  0  2 -3 -2  1    1   4   3   3   0   7  13   0   0   9   3  13   0   0   8   7  16   0   0  13  0.14 0.08
  116 A    1 -3 -3 -3 -2 -3 -3 -3 -3  3  1 -3  0  1 -3 -2  0 -3 -1  4   12   0   0   0   0   0   0   0   0  17  14   0   0   6   0   0   3   0   0  44  0.37 0.15
  117 T    0 -1  1  2 -2 -1  0 -2 -2  0  0  0 -1 -2  2  0  2 -3 -2 -1    7   0   7  18   0   0   6   0   0   5  12   7   0   0   9   3  20   0   0   3  0.18 0.09
  118 T   -1 -2  1  2 -2  1 -1  0 -2  1 -1 -1 -1 -2  0  0  1 -4 -2  2    3   0   9  15   0  11   0   6   0   8   3   0   0   0   4   3  12   0   0  26  0.15 0.12
  119 G   -1 -3  0 -3 -4 -3 -3  6 -3 -5 -5 -1 -4 -4 -3 -1  1 -4 -4 -4    0   0   3   0   0   0   0  81   0   0   0   3   0   0   0   3  10   0   0   0  1.28 0.31
  120 M   -2 -3  1  6 -4 -1  1 -3 -2 -3 -4 -2  1 -4 -3  1  2 -5 -4 -3    0   0   3  58   0   0   6   0   0   0   0   0   5   0   0  12  16   0   0   0  0.86 0.27
  121 T    0 -2  2  1 -2 -2 -2 -2 -2  0 -3 -1 -2 -3 -2  2  5 -4 -3 -1    3   0  12   6   0   0   0   0   0   7   0   3   0   0   0  18  50   0   0   0  0.54 0.24
  122 A    4 -2  0  1 -2  0 -1  1 -2 -3 -3 -2 -2 -1  0  2 -1 -4 -3 -2   50   0   3  11   0   4   0  12   0   0   0   0   0   3   3  15   0   0   0   0  0.42 0.19
  123 I    1 -2  0  3 -2 -1  2 -2 -2  0 -2 -1 -2 -3 -2  1  1 -3 -2  0   17   0   3  22   0   0  21   0   0   5   0   0   0   0   0  11   7   0   0  11  0.27 0.12
  124 E    0 -1 -1  1 -3  2  3  0 -1  0 -1 -1  0 -3 -2  0  1 -3 -2 -1    6   0   0   7   0  13  32   7   0   6   4   0   3   0   0   4  13   0   0   3  0.26 0.13
  125 F    0 -3 -4 -4 -2 -3 -3 -4 -3  3  1 -3  0  3 -3 -2 -1 -2 -1  4    6   0   0   0   0   0   0   0   0  22   8   0   0  15   0   0   0   0   0  46  0.49 0.18
  126 V    4 -1 -2 -3  4 -2 -2 -2 -3 -2 -2  0 -2 -3 -2  0  2 -3 -3  0   51   4   0   0  12   0   0   0   0   0   0   6   0   0   0   3  16   0   0   5  0.46 0.20
  127 A    2 -2  1  1 -2  1  2 -2 -2 -2 -2 -1 -2 -3 -2  2  2 -4 -3  0   18   0   5   7   0   7  17   0   0   0   0   0   0   0   0  18  20   0   0   8  0.29 0.14
  128 K    0  2 -2 -2 -4  2 -1 -3 -2  0 -3  5 -2 -4 -2 -1  0 -4 -3 -2    8   7   0   0   0   9   0   0   0   7   0  63   0   0   0   0   6   0   0   0  0.69 0.27
  129 V    0 -3 -4 -4 -2 -3 -3 -4 -4  3  1 -3  0  2 -3 -2 -1  4 -1  4   11   0   0   0   0   0   0   0   0  17   8   0   0   9   0   0   0   6   0  48  0.51 0.20
  130 R    0  1  0 -2 -2  0  0 -2 -1 -1  1  2 -1  2 -2  0  0 -2  1  0    7  10   4   0   0   3   6   0   0   0  18  20   0  11   0   3   6   0   6   6  0.11 0.09
  131 V    1  0  2  2 -2  0  0 -2 -2  0 -1  0 -1 -1 -2  0  2 -3 -2  0   20   3  12  15   0   4   3   0   0   5   5   3   0   3   0   0  21   0   0   5  0.17 0.11
  132 A    1  0 -2 -2 -2  0  1 -2 -2  1 -1  1 -1 -2 -2 -1  1  2 -2  2   18   4   0   0   0   3  10   0   0  10   3  15   0   0   0   0   8   3   0  26  0.16 0.12
  133 L   -1 -3 -4 -4 -2 -3 -4 -4 -3  1  4 -3  3  4 -4 -3  0 -2 -1  1    6   0   0   0   0   0   0   0   0   3  48   0  10  22   0   0   5   0   0   6  0.51 0.19
  134 Q    1  0  1  1 -3  2  2 -2  1 -1  0  0 -1 -3 -2  0  1 -3 -2 -1   16   3   6   8   0  15  20   0   3   5  11   3   0   0   0   0  10   0   0   0  0.20 0.11
  135 E   -1 -1  1  3 -3  1  3 -2 -1 -1 -2  1 -2 -3 -2  1  1 -3 -2 -2    1   1   8  16   0   4  32   1   0   7   1   8   0   0   1  11   9   0   0   1  0.35 0.13
  136 A    3 -2 -3 -3 -2 -2 -1 -2 -1  0  1 -2  3  1 -2 -1 -1 -1  3 -1   36   0   0   0   0   0   4   0   0   3  16   0  13   7   0   0   0   0  17   0  0.30 0.16
  137 I    1  0 -2  0 -2  0  1 -2 -2  2  0  0  1 -2 -2 -1 -1 -3 -2  2   11   6   0   4   0   4  10   0   0  13   6   4   7   0   0   4   0   0   0  30  0.13 0.09
  138 A    2 -1  2  0 -2  0  0  0 -1  0  0 -1 -1 -1 -2  0  1 -3 -2  0   23   0  17   6   0   4   4   4   0   6   9   1   0   3   0   5  13   0   0   5  0.11 0.08
  139 S    0  0  3  3 -3  1  0 -2 -1 -2 -2  2 -2 -3 -2  0 -1 -3 -2 -1    8   4  21  19   0   5   3   1   0   0   4  19   0   0   1   6   1   0   0   7  0.27 0.11
  140 F   -1 -2  3 -1 -3  0 -1  4 -1 -3 -3  0 -2  2 -3  1 -1 -3 -1 -3    1   0  23   0   0   3   4  36   0   0   1   7   0  14   0   9   0   0   0   0  0.45 0.17
  141 T   -1 -1  0  0 -2  1  1 -3  1  2  0  1  0  0 -2 -1  0 -2  0  0    1   0   3   6   0   9   9   0   5  24  10  16   0   3   0   0   5   0   3   3  0.10 0.09
  142 A    2 -3 -1 -3 -2 -2 -3 -3 -2  1  0 -2  1  1 -3 -1  1 -1  4  2   23   0   3   0   0   0   0   0   0  11   9   0   3   3   0   0   9   0  20  19  0.26 0.15
  143 I   -3 -3  0 -4 -3  0 -3 -4 -3  4  1 -3  0  5 -4 -3 -2 -2  0  1    0   0   5   0   0   7   0   0   0  36   6   0   0  36   0   0   0   0   0  10  0.58 0.23
  144 N    1 -1  2  2 -3  0 -1 -2 -2 -3 -3  1 -2 -1  2  1  1 -4 -2 -1   14   0  16  14   0   3   0   0   0   0   0  13   0   3  10  15   9   0   0   3  0.28 0.13
  145 S    0  0  0  0 -2  1  1 -2 -1 -2  0 -1  1  2 -2  2  1 -2 -1 -2    3   6   4   3   0   6  12   0   0   0   9   0   6  16   0  23  10   0   0   0  0.15 0.11
  146 Y   -1 -1 -3 -1 -2 -3 -3 -4 -3  2 -1 -3 -1 -1 -3 -2  0 -3  2  5    4   3   0   4   0   0   0   0   0  13   0   0   0   0   0   0   3   0  11  60  0.52 0.23
  147 K    0 -1  3 -1 -3  2  2 -2  1 -2 -2  1 -2 -1 -2  1  1 -3 -2  0    4   0  19   0   0   9  14   0   4   0   0   9   0   3   0  15  12   0   0   9  0.23 0.12
  148 D   -1  2 -1  0 -2  2 -1 -1 -2  1 -1  1 -1 -2 -2  0 -1 -3 -2  2    1  16   1   6   0  15   1   3   0  10   1   8   0   0   1  11   1   0   0  26  0.15 0.11
  149 H    1 -2 -1  3 -2 -1  1 -2  0 -1 -2  0 -2  0 -2  2  0 -3 -2  0   17   0   0  25   0   0   7   0   3   3   0   6   0   6   0  21   3   0   0   7  0.23 0.13
  150 P    1 -2  0 -2 -2 -2 -2  3 -2 -3 -3 -2 -3 -3  4  3 -1 -3 -3 -3   12   0   3   0   0   0   0  29   0   0   1   0   0   0  21  29   0   0   0   0  0.60 0.19
  151 T    1 -2 -1 -2 -2 -1 -2  0 -2 -1  0 -1 -1 -2  1  2  3 -3 -2  1   14   1   0   1   0   0   1   7   0   1  12   1   0   0   7  19  25   0   0  11  0.21 0.11
  152 D    0 -2  3  3 -2 -1 -1  0 -2  0 -2 -1 -2 -3 -2  2  2 -4 -3  0    9   0  19  20   0   0   0   5   0   6   0   0   0   0   0  17  17   0   0   6  0.31 0.15
  153 G    1 -2  1  0 -3  0  0  3 -2 -2 -1 -1 -2 -3  3  0  2 -3 -3 -2   12   0   6   4   0   6   4  23   0   0   6   0   0   0  19   0  18   0   0   0  0.36 0.14
  154 S    0 -2  2  2 -2  0  0  0 -2 -3 -3 -1 -2 -1  1  1  3 -3 -2 -2    7   0  12  18   0   4   3   6   0   0   0   0   0   4   5  14  26   0   0   0  0.30 0.13
  155 K   -1  0 -2 -2 -2  1  1 -3 -2  3  0  0  1 -1 -3 -1  1 -3  0  2    0   7   0   0   0   6  10   0   0  28   4   5   3   0   0   4  11   0   3  18  0.17 0.12
  156 L   -2 -4 -4 -5 -2 -3 -4 -5 -4  3  4 -4  1 -1 -4 -3 -2 -3 -2  3    0   0   0   0   0   0   0   0   0  22  59   0   0   0   0   0   0   0   0  19  0.74 0.24
  157 E   -2 -1  3  2 -3  3  3 -2 -1 -3 -3 -1 -2 -4 -2  1  1 -4 -3 -2    0   0  22  14   0  18  23   0   0   0   0   0   0   0   0   8  10   0   0   3  0.48 0.18
  158 V   -2 -4 -4 -4 -2 -3 -4 -4 -3  4  0 -3  0  3 -4 -3 -2 -2  2  3    0   0   0   0   0   0   0   0   0  45   4   0   0  16   0   0   0   0   7  26  0.60 0.21
  159 T   -1  3 -1 -2 -3  2  1 -3  1 -1 -2  2 -2 -3 -2 -1  3 -3 -2  0    4  23   0   0   0  15   7   0   3   3   0  14   0   0   0   0  24   0   0   6  0.35 0.15
  160 Y   -3 -3 -3 -4 -4 -3 -3 -4  6 -3 -3 -3 -2  4 -5 -3 -3  0  7 -3    0   0   0   0   0   0   0   0  21   0   0   0   0  19   0   0   0   0  59   0  1.49 0.35
  161 L   -1  1  2 -2 -2 -2 -2 -3 -2  3  2 -1  0 -2 -3 -1  0 -3 -2  1    3  13  17   0   0   0   0   0   0  31  22   0   0   0   0   3   6   0   0   5  0.24 0.14
  162 D   -3 -3  0  7 -5 -2  0 -3 -3 -5 -5 -2 -5 -5 -3  0 -3 -6 -5 -5    0   0   0  95   0   0   0   0   0   0   0   0   0   0   0   5   0   0   0   0  1.78 0.39
  163 N   -2 -2  3 -2  2  0 -2 -2  2 -3 -2 -2  0  1 -3  1  1 -1  5 -2    0   0  20   0   6   3   0   2   4   0   0   0   4   6   0  13   9   0  32   0  0.45 0.19
  164 Q   -1  4 -1  0 -4  5  0 -3 -1 -1 -2  3 -2 -4 -3 -1 -2 -4 -3 -1    5  27   0   5   0  36   0   0   0   3   3  18   0   0   0   0   0   0   0   3  0.57 0.21
  165 K   -1  0  3  1 -3  0  0 -2 -1 -2 -1  1 -2 -3  3  0  2 -3 -1 -1    4   3  18  10   0   3   5   0   0   0   6   8   0   0  15   0  21   0   3   3  0.28 0.12
  166 H   -4 -2 -1 -3 -5 -2 -2 -4 10 -5 -5 -3 -4 -3 -4 -3 -4 -4  2 -5    0   0   0   0   0   0   0   0  94   0   0   0   0   0   0   0   0   0   6   0  2.44 0.50
  167 V   -1 -2  1  1 -2 -2  0 -3 -2  1 -1 -1 -1 -3  4  0  1 -4 -3  2    3   0  11  11   0   0   4   0   0  11   0   3   0   0  20   3   9   0   0  25  0.31 0.13
  168 L    0 -3 -1 -2 -2 -2  0 -3 -2  1  2 -2  0  2  3 -2 -2 -2  0  1    7   0   4   0   0   0   9   0   0   8  24   0   0  14  19   0   0   0   3  11  0.27 0.11
  169 S   -2 -1 -1  1 -3  0  3 -3 -2 -1 -3  2 -2  1  4  0  2 -3  0 -2    0   0   0   5   0   0  29   0   0   4   0  14   0   8  20   2  16   0   3   0  0.43 0.16
  170 T    0 -2  3  2 -3  1  2 -2 -1 -3 -3 -1  0 -4  3  1  1 -4 -3 -3    4   0  19  12   0   5  16   0   0   0   0   0   3   0  15  15  11   0   0   0  0.42 0.14
  171 Y   -2 -2 -2  0 -3 -2  0 -1 -1  0 -1  1 -1  4 -3 -2  0  4  4 -1    0   0   0   6   0   0   7   5   0   8   3  11   0  23   0   0   9   8  19   0  0.34 0.15
  172 S   -1 -1  2 -1 -2 -1  0 -2 -2 -1 -1  1 -1 -2 -2  3  2 -3  0  1    0   0  12   0   0   0   6   0   0   0   3   9   0   0   0  31  19   0   4  17  0.26 0.15
  173 T   -1 -1  1  0 -3  3  1 -2 -1 -2 -1  1  0 -2  1  1  1  2  0 -1    0   0   7   3   0  27   6   0   0   0   6   9   3   0   5  14   7   3   4   6  0.23 0.12
  174 Y   -1 -2  4  0  2  0 -2 -3  2 -3 -3 -2  0  1 -3  0  0 -1  5 -3    3   0  27   4   5   5   0   0   6   0   0   0   3   5   0   6   5   0  31   0  0.47 0.19
  175 G   -1 -4 -2 -3 -4  0 -3  7 -3 -5 -5 -3 -4 -5 -4 -2 -3 -4 -5 -5    0   0   0   0   0   4   0  96   0   0   0   0   0   0   0   0   0   0   0   0  1.71 0.35
  176 I   -1 -4 -4 -4  1 -3 -4 -4 -4  5  1 -4  2 -1 -4 -3 -2 -4 -2  3    6   0   0   0   3   0   0   0   0  57   6   0   4   0   0   0   0   0   0  24  0.69 0.22
  177 T   -1  0  2 -2 -2 -1 -2 -2 -2 -2 -2  1 -2 -3 -2  1  5 -4 -3  0    0   3  13   0   0   0   0   0   0   0   0  10   0   0   0  11  53   0   0   9  0.55 0.23
  178 I    0 -4 -4 -4 -2 -3 -4 -4 -4  5  0 -3  4 -2 -4 -3 -2 -4 -2  3    6   0   0   0   0   0   0   0   0  45   0   0  19   0   0   0   0   0   0  30  0.71 0.24
  179 S    0 -2  1  0 -2 -1  1 -2 -2 -1 -2 -1 -2 -3 -2  3  4 -4 -3  0    2   0   7   4   0   0   9   0   0   3   0   3   0   0   0  28  38   0   0   6  0.41 0.18
  180 Q   -1  0 -1 -2 -3  3 -1  3 -2 -2 -2 -1  0  1 -1  0  1  2 -1 -1    2   5   0   0   0  27   0  26   0   0   0   0   3   9   3   3  12   4   0   6  0.30 0.16
  181 E   -1 -2  1 -1 -2 -1  2 -2 -2 -2 -1  0 -2 -3 -2  2  4 -4 -3  0    0   0   6   0   0   0  18   0   0   0   4   5   0   0   0  19  41   0   0   9  0.40 0.19
  182 I   -1 -1 -3 -3 -2 -3 -3 -4 -3  4  0 -2  0 -2 -3  0  3 -4 -2  3    0   4   0   0   0   0   0   0   0  32   3   0   0   0   0   5  26   0   0  30  0.45 0.19
  183 I    1 -2 -1  2 -2  1 -1  0 -2  0  0 -1 -1 -2 -2  1  2 -3 -2  1   12   0   0  14   0  10   0   7   0   5   9   0   0   0   0   9  23   0   0  12  0.16 0.10
  184 S    0 -2 -1  0 -2  1 -1  0 -2 -1 -2 -2 -2 -3 -2  4  1 -4 -3  2    3   0   0   3   0   7   0   5   0   0   0   0   0   0   0  50   9   0   0  22  0.41 0.21
  185 E   -2 -2  0  0 -4  2  2 -3 -2 -4 -4 -2 -3 -5  7 -1 -2 -5 -4 -4    0   0   3   4   0  12  18   0   0   0   0   0   0   0  61   3   0   0   0   0  1.43 0.30
  186 S    4 -2 -2 -2 -2 -2 -2  2  0 -3 -3  0 -3 -4  4  1 -1 -4 -3 -2   45   0   0   0   0   0   0  13   3   0   0   5   0   0  26   8   0   0   0   0  0.66 0.20
  187 K   -1  4 -1 -2 -3  1 -1 -3  1 -2 -3  4 -2 -3 -2  1 -1 -3  1  0    4  28   0   0   0   6   0   0   3   0   0  34   0   0   0  11   0   0   5   9  0.44 0.18
  188 P    1 -2 -1 -2 -2 -1 -1 -1 -2 -1  0 -1 -1  0  4  0  0 -2  1  0   18   0   3   0   0   3   3   4   0   0  10   4   0   6  25   3   3   0   8  11  0.30 0.10
  189 G   -1 -4 -2 -3 -4 -3 -4  7 -4 -4 -5 -3 -4 -5 -4 -2 -3 -4 -5 -1    0   0   0   0   0   0   0  94   0   0   0   0   0   0   0   0   0   0   0   6  1.64 0.35
  190 Y   -3 -3 -4 -5 -4 -1 -4 -5  0 -3 -3 -4 -3  3 -5 -3 -3  0  8 -1    0   0   0   0   0   3   0   0   0   0   0   0   0   6   0   0   0   0  85   6  1.80 0.41
  191 G   -1 -4 -2 -3 -4 -3 -4  7 -4 -5 -5 -3 -4 -5 -4 -1 -3 -4 -5 -5    0   0   0   0   0   0   0  97   0   0   0   0   0   0   0   3   0   0   0   0  1.75 0.36
  192 T    0  0  0  0 -2  1  0 -2 -1 -1 -2 -1  0 -2 -2  2  3 -3  1  0    3   6   3   6   0   7   5   0   0   0   0   0   3   0   0  22  29   0   7  11  0.24 0.14
  193 W   -5 -5 -6 -7 -5 -4 -5 -5 -5 -5 -4 -5 -4 -1 -6 -5 -5 12  0 -5    0   0   0   0   0   0   0   0   0   0   0   0   0   0   0   0   0 100   0   0  4.08 0.62
  194 N   -1 -1  2  1 -3  1  3 -2 -1 -1 -2 -1 -2 -1 -2  1  1 -3 -2  0    0   2  12   8   0   4  32   0   0   4   0   0   0   3   0  12  13   0   0  10  0.30 0.14
  195 L   -1  3 -2 -3 -3 -1 -2 -3 -2 -1  2  3  1  0 -3 -2 -2  1  2 -2    3  23   0   0   0   0   0   0   0   0  30  26   4   3   0   0   0   2   8   0  0.35 0.17
  196 L   -2 -3 -4 -4 -2 -3 -4 -5 -3  3  4 -4  2  2 -4 -3 -2 -2  1  1    0   0   0   0   0   0   0   0   0  26  54   0   3   8   0   0   0   0   5   3  0.62 0.19
  197 G    0 -3  1 -2 -3 -3 -3  6 -3 -4 -2 -3 -3 -4 -3 -1 -2 -4 -4 -4    4   0   6   0   0   0   0  82   0   0   4   0   0   0   0   0   0   0   0   0  1.23 0.27
  198 A    0  0  0 -1 -2  2  2 -2 -1 -2 -3 -1 -2 -3 -2  3  3 -3 -2 -1    5   3   3   0   0  12  18   0   0   0   0   0   0   0   0  26  26   0   0   4  0.36 0.15
  199 Q    0 -1 -1  1 -3  4  4 -2 -1 -1 -3  1 -2 -3 -2  0  0 -3  0 -1    6   0   0   6   0  28  33   0   0   4   0   7   0   0   0   4   3   0   4   4  0.44 0.16
  200 T    0 -2  1  2 -2 -1  2 -2 -2 -2 -3 -1 -2 -3 -2  1  4 -3 -3 -2    6   0   8  13   0   0  16   0   0   0   0   0   0   0   0  11  42   0   0   0  0.46 0.18
  201 V   -2  1 -2 -2 -3  0  1 -3 -2  1  1  3 -1  0 -2 -1 -1 -3 -2  0    0   3   0   0   0   3  10   0   0  11  14  39   0   6   0   0   3   0   0   8  0.22 0.13
  202 T    0 -2 -1  0 -2 -1 -1 -2  1  0 -1 -1 -1  0 -2  0  5 -3 -2  1    4   1   1   5   0   0   1   1   5   6   1   4   0   4   1   4  52   0   0  10  0.37 0.17
  203 L   -1 -2  0 -2 -2 -2 -2  0 -2  0  3 -2  1  3 -2 -1  0 -1  0  0    2   1   5   1   0   1   1   7   1   1  41   1   4  18   1   2   6   0   1   5  0.19 0.08
  204 D    0 -2  0  4 -2 -1  0  2 -2 -2 -2 -1 -2 -3 -2  0  1 -3 -2 -1    8   1   1  33   0   1   4  19   0   1   2   1   0   1   1   4  15   0   1   7  0.32 0.11
  205 N    0 -2  2  0 -2 -1 -1  4 -1 -2 -1 -1 -2 -2  0  1  1 -2 -2 -2    5   1  16   5   0   1   1  36   0   1   6   1   0   1   4   9   9   0   1   1  0.32 0.09
  206 Q    2 -1 -1  2 -2  1  0  2  0 -2 -2 -1 -2 -2  0  0  1 -2 -2 -1   29   1   1  14   0   9   1  16   4   1   2   1   0   1   4   1  10   0   1   4  0.20 0.09
  207 Q    2 -1  0 -1 -1  1  0 -1 -1 -1 -1 -1 -1 -2  1  1  3 -2 -2  0   20   1   4   1   0   7   5   1   0   4   2   1   0   1   7  11  27   0   1   7  0.20 0.09
  208 T   -1 -2  2  2 -2 -1 -1  1 -1 -1 -1 -1 -2  2 -2  1  1 -2  1 -2    3   0  15  15   0   0   0  14   0   3   4   0   0  12   0  17   9   0   5   0  0.18 0.09
  209 P   -1 -2 -2 -1 -2 -2 -2  1 -3 -2 -2  0 -2 -3  5  0  3 -3 -3  0    1   0   0   3   0   0   1  10   0   0   1   5   0   0  36   4  28   0   0   8  0.67 0.18
  210 T   -1  1 -2  0 -2 -2 -2 -3 -2  1  0 -2 -1  0 -3  0  2 -2  2  3    0   9   0   5   0   0   0   0   0  10   3   0   0   3   0   7  24   0   8  31  0.22 0.14
  211 V   -1  0 -2 -2 -2 -1 -2 -3 -3  0 -1  1 -1 -3  0  0  5 -3 -3  1    0   6   0   0   0   0   0   0   0   3   3  12   0   0   3   0  57   0   0  13  0.52 0.22
  212 F   -2 -3 -4 -3 -2 -3 -1 -4 -3  2  4 -3  2  3 -3 -3 -2 -2 -1  1    0   0   0   0   0   0   6   0   0   9  50   0   4  20   0   0   0   0   0   9  0.47 0.16
  213 Y   -3 -3 -1 -4 -4 -1 -3 -4  4 -2 -2 -3 -2  3 -4 -3 -3  0  7 -1    0   0   3   0   0   2   0   0  14   0   0   0   0   9   0   0   0   0  65   4  1.27 0.32
  214 H   -1 -3 -3 -4 -4 -3 -3 -4  3 -3 -3 -3 -3  1 -4 -1  0  0  8 -1    4   0   0   0   0   0   0   0   8   0   0   0   0   0   0   5   6   0  74   4  1.37 0.36
  215 F   -4 -4 -5 -5 -4 -4 -5 -5 -2 -2 -2 -4 -2  7 -5 -4 -4  8  5 -3    0   0   0   0   0   0   0   0   0   0   0   0   0  60   0   0   0  22  18   0  1.67 0.35
  216 E   -1  3 -1 -1 -4  2  2 -3 -2 -3 -2  5 -2 -4 -2 -1 -2 -4 -3 -3    3  15   0   0   0   8  17   0   0   0   5  52   0   0   0   0   0   0   0   0  0.67 0.22
  217 R   -3  8 -2 -3 -5 -1 -2 -4 -2 -5 -4  0 -3 -5 -4 -3 -3 -5 -4 -4    0 100   0   0   0   0   0   0   0   0   0   0   0   0   0   0   0   0   0   0  1.86 0.43
  218 T   -2 -3 -3 -3 -2 -3 -2 -4 -3  5  0 -1  0 -1 -3 -2  1 -3  0  3    0   0   0   0   0   0   3   0   0  56   0   4   0   0   0   0  13   0   4  21  0.55 0.21
  219 A    5 -2 -2 -2 -2 -2 -2 -1 -2 -3 -3 -2 -2 -3 -2  3  0 -4 -3 -2   64   0   0   0   0   0   0   0   0   0   0   0   0   0   0  36   0   0   0   0  0.74 0.23

                      K         Lambda
Standard Ungapped    0.1311     0.3145
Standard Gapped      0.0410     0.2670
PSI Ungapped         0.1358     0.3171
PSI Gapped           0.0416     0.2670
