
Last position-specific scoring matrix computed, weighted observed percentages rounded down, information per position, and relative weight of gapless real matches to pseudocounts
           A  R  N  D  C  Q  E  G  H  I  L  K  M  F  P  S  T  W  Y  V   A   R   N   D   C   Q   E   G   H   I   L   K   M   F   P   S   T   W   Y   V
    1 M   -1 -2 -3 -3 -1 -1 -2 -3 -2  2  2 -2  5  0 -3 -2 -1 -2 -1  2    0   0   0   0   0   0   0   0   0   0   0   0  66   0   0   0   0   0   0  34  0.32 0.02
    2 R    1  6 -1 -2 -3  0 -1 -2 -1 -3 -2  2 -2 -3 -2 -1 -1 -3 -2 -2   18  82   0   0   0   0   0   0   0   0   0   0   0   0   0   0   0   0   0   0  0.72 0.08
    3 T   -1  2  0  0 -3  1  3 -2 -1 -2 -2  2 -2 -3 -2  0  2 -3 -2 -2    0  16   0   0   0   0  35   0   0   0   0  18   0   0   0   0  31   0   0   0  0.38 0.05
    4 T    1 -2 -1 -2 -2 -1 -2  3 -2 -2 -2 -1 -2 -3 -2  1  4 -3 -2 -1   17   0   0   0   0   0   0  32   0   0   0   0   0   0   0   0  51   0   0   0  0.42 0.05
    5 T   -1 -1  4  2 -3 -1 -1  1 -1 -3 -3 -1 -2 -3  2  2  1 -4 -3 -3    0   0  36  12   0   0   0  10   0   0   0   0   0   0  11  21  10   0   0   0  0.45 0.07
    6 K   -1  3 -1 -2 -4  5  0  0 -1 -3 -3  3 -2 -4 -2 -1 -2 -3 -2 -1    0  19   0   0   0  39   0   7   0   0   0  27   0   0   0   0   0   0   0   8  0.53 0.15
    7 K   -1  1 -1  0 -3  0  2 -3 -2 -2 -3  4 -2 -4  3 -1  1 -4 -3 -1    0   6   0   5   0   0  13   0   0   0   0  38   0   0  17   0  13   0   0   8  0.44 0.13
    8 Q   -2  2 -2 -3 -3  3 -1  1 -2  2  0 -1  1  1 -3 -2 -2 -3 -1  1    0  19   0   0   0  21   0  11   0  23   5   0   6   8   0   0   0   0   0   7  0.20 0.12
    9 I   -1 -1 -4 -4 -2 -3 -3 -4 -4  3  1 -1  4 -2 -1 -3  0 -4 -2  3    4   4   0   0   0   0   0   0   0  22   9   3  18   0   3   0   4   0   0  33  0.46 0.22
   10 E   -1  2 -1  2 -3  0  0 -3 -2 -2  0  3 -2 -3  0  0  1 -4 -3  0    2  16   0  12   0   2   4   0   0   0  12  21   0   0   3   5  12   0   0  10  0.23 0.17
   11 R   -3  4  6 -1 -5  1  0 -2 -1 -1 -5  2 -4 -3 -4 -2  0 -6 -4 -5    1  20  42   2   0   5   4   1   1   4   0  13   0   1   0   2   4   0   0   0  0.90 0.44
   12 T    0 -1 -2 -1 -3 -1  0 -3  0  2  0  0  0 -2  3 -1 -1 -4 -1  2    6   3   1   2   0   2   6   1   3  17   6   5   1   1  17   5   3   0   2  19  0.24 0.18
   13 D   -5 -5  6  6 -7 -3  1 -3  0 -6 -3 -4 -6 -7 -3 -3 -3 -7 -6 -6    0   0  34  51   0   0   7   1   2   0   3   0   0   0   1   0   1   0   0   0  1.64 0.68
   14 P   -2 -2  4 -1 -4  0 -1 -3  2 -1  3 -1 -2 -2  2 -2  2 -5 -4 -2    2   1  20   3   0   4   3   1   5   2  28   3   0   1  11   1  14   0   0   1  0.40 0.32
   15 T    2 -1  0 -3 -2 -2 -2 -3 -4  0 -3  1  0 -3 -2  3  1 -5 -4  3   17   3   5   1   0   1   1   0   0   4   0   8   2   1   2  22   9   0   0  23  0.36 0.32
   16 L    0  2  2 -2 -4 -2 -2 -4  2  0  4 -1  0 -2 -2 -2 -1 -5 -3 -1    9  11  11   2   0   1   1   1   6   4  40   3   1   1   2   2   2   0   0   2  0.38 0.31
   17 P   -3 -2 -1  6 -6 -3  1 -5 -1 -2 -4  1 -5 -6  3  0 -1 -7 -6 -5    2   1   3  42   0   0  10   0   1   2   1  10   0   0  17   7   4   0   0   0  0.99 0.54
   18 N    3 -3  4 -2 -1 -2 -4  4 -3 -4 -4 -3 -1 -6 -2  0 -3 -6 -5 -3   28   1  20   1   1   1   1  32   1   1   1   1   1   0   2   5   1   0   0   2  0.84 0.49
   19 V   -1  2 -2 -1 -5  1  1 -3  0 -3 -1  1 -4 -5  5 -2 -2 -5 -3  0    6  12   2   4   0   5  11   2   3   1   7   9   0   0  26   3   2   0   1   7  0.49 0.34
   20 H   -6 -1  0 -5 -8 -6 -6 -8 11  2 -4 -7 -7 -5 -8 -6 -4 -8 -5 -5    1   3   4   1   0   0   0   0  76  10   2   0   0   0   0   0   1   0   0   1  3.14 1.25
   21 H    3 -2 -4 -4  0 -3 -1  3 -3  1  0 -4  0 -3 -5 -1  2  0 -2  1   21   2   0   1   2   1   4  19   1   7   9   1   2   1   0   3  14   1   1  12  0.38 0.31
   22 L    1 -7 -8 -8  3 -7 -7 -4 -7  1  5 -7  3  2 -7 -4 -4 -6 -3  1   12   0   0   0   6   0   0   1   0   7  48   0   6   8   0   1   1   0   1   9  1.08 0.57
   23 V   -5 -9 -9 -9 -2 -9 -9 -10 -8  6 -2 -9 -2 -1 -3 -7 -5 -8  3  6    1   0   0   0   1   0   0   0   0  35   3   0   1   3   2   0   1   0   9  45  1.77 0.83
   24 V    4 -6 -5 -5  1 -2 -6  0 -6  3  0 -6 -1  1 -4 -1  0 -4 -2  1   35   0   0   1   3   2   0   7   0  13   8   0   2   5   1   4   7   0   1  11  0.60 0.41
   25 G    1 -10 -8 -9 -1 -9 -9  8 -9 -11 -11 -9 -10 -11 -9 -7 -9 -10 -10 -10   10   0   0   0   1   0   0  89   0   0   0   0   0   0   0   0   0   0   0   0  2.84 1.26
   26 A    2  0 -2 -4 -4  1 -4 -1 -3 -2 -2  1  2 -5 -2  0  4 -3 -6 -2   19   6   2   1   0   6   1   5   0   2   4   9   5   0   2   5  29   0   0   3  0.54 0.42
   27 T   -5  1 -5 -8 -8 -6 -7 -6 -3 -8 -6 -2 -8 -9 -4  4  7 -10 -9 -8    1   8   0   0   0   0   0   1   1   0   1   3   0   0   1  24  60   0   0   0  1.96 1.07
   28 G   -4 -3 -2 -9 -10 -4 -6  8 -9 -11 -8 -6 -10 -7 -10 -8 -9 -2 -5 -11    2   2   2   0   0   1   1  91   0   0   0   1   0   0   0   0   0   1   1   0  2.76 1.26
   29 S    1 -5 -5 -5  0 -2 -5 -1 -3 -9 -7 -7 -3 -5 -8  7  1 -2 -4 -6   10   1   0   0   2   2   1   5   1   0   0   0   1   0   0  67   8   1   1   0  1.68 0.97
   30 G   -4 -5 -8 -9 -2 -10 -10  8 -10 -12 -12 -9 -11 -11 -10 -8 -9 -10 -11 -11    1   1   0   0   1   0   0  97   0   0   0   0   0   0   0   0   0   0   0   0  3.19 1.44
   31 K   -9 -4 -5 -9 -11 -7 -4 -10 -9 -11 -11  9 -10 -11 -9 -8 -9 -11 -10 -11    0   1   1   0   0   0   1   0   0   0   0  97   0   0   0   0   0   0   0   0  3.46 1.60
   32 S   -5 -9 -5 -8 -9 -8 -5 -4 -9 -10 -7 -8 -9 -10 -5  7  3 -11 -9 -9    1   0   0   0   0   0   1   2   0   0   1   0   0   0   1  78  18   0   0   0  2.44 1.36
   33 A   -2 -3 -2 -3 -4  0  4 -4  2 -2 -4 -5 -3 -1 -6  0  3  0  2  3    3   1   2   2   0   4  24   2   4   2   1   0   1   3   0   6  15   1   6  22  0.63 0.49
   34 F    2 -2 -6 -8  4 -7 -6 -5 -3 -3  4 -4 -1  4 -7 -3 -2  4  1  0   16   2   0   0   8   0   0   1   1   1  33   1   1  14   0   2   3   5   5   6  0.84 0.52
   35 I    1 -8 -8 -5 -4 -6 -8 -6 -8  4  4 -8  0 -5 -6 -6 -1 -3 -7  3   11   0   0   1   0   0   0   1   0  20  41   0   2   0   0   0   3   0   0  18  1.19 0.67
   36 R    0  3  3 -3 -2  3 -1 -4 -2 -1 -3  4  1 -4 -6 -3 -2 -7 -4 -1    7  17  12   1   1  12   5   1   1   4   3  22   4   1   0   1   3   0   1   4  0.59 0.44
   37 D    0  0  0 -2 -4  2  2 -2  1 -5 -3  0  0 -7 -5  3  3 -7 -2 -3    8   6   4   2   0   9  12   4   3   0   3   5   3   0   0  18  20   0   1   2  0.45 0.40
   38 Q   -3 -1 -3 -5 -3  0 -1 -4 -7  2  4 -2  3 -2 -8 -2 -4  5 -1 -1    3   3   1   1   1   5   5   1   0   9  42   3   6   1   0   3   1   8   2   4  0.79 0.50
   39 V    0 -7 -3 -7 -3 -6 -7 -5 -4  5  4 -9  1 -2 -5 -5 -6 -9 -3  3    7   0   2   0   1   0   0   1   0  31  32   0   3   2   1   1   0   0   1  16  1.19 0.64
   40 D    1  0 -2  2 -3  0  1 -2 -3 -1  1  1 -2 -5  1 -1  1 -3 -5 -2   13   5   2  13   1   3   9   3   1   3  16   8   1   0   6   5   8   0   0   3  0.22 0.22
   41 F    1  1 -2 -1 -6  0 -1  0  0 -2 -1  1 -1  1  3  0 -1 -5  3 -2   13   7   2   4   0   4   3   7   2   2   5   8   1   6  14   6   4   0   9   3  0.22 0.22
   42 K    0  2 -1 -3 -2  1  1 -3 -1 -4 -1  5  1 -3 -2  1 -1 -3 -3 -2    7  12   3   1   1   5   7   2   1   1   7  28   3   1   2  10   4   1   1   3  0.47 0.36
   43 G    3 -2 -1  1 -1  0 -1  4  0 -5 -3 -3 -1 -2  3 -2 -3  0  0 -6   19   2   3   8   1   4   5  25   2   1   3   2   2   2  12   3   2   1   3   1  0.50 0.37
   44 A    1  0 -2  0 -5 -1 -1  2 -1 -1 -1  1 -1 -2  2 -1 -1 -1 -1  1   13   5   2   7   0   2   3  13   2   3   7   7   1   1  10   5   4   1   2  12  0.13 0.15
   45 R   -2  6 -1 -4  0  3  0 -1  0 -5 -4  1 -4 -2  0 -2 -3 -3 -4 -6    4  40   3   1   2  10   6   6   2   1   2   8   0   2   6   3   2   0   1   1  0.90 0.57
   46 V    0 -2 -5 -6  0 -2 -5 -5 -4  1  3 -5  2  0 -3 -4 -1 -2 -3  4    8   2   1   1   2   2   1   1   1   7  27   1   5   5   1   1   5   1   1  29  0.74 0.44
   47 L    1 -7 -4 -8 -7 -7 -5 -6 -4  3  4 -5  1  2 -5 -5 -4 -2 -3  3   11   0   1   0   0   0   1   1   0  16  35   1   3   7   1   1   1   1   1  19  0.95 0.53
   48 A    1 -6 -3 -4  1 -5 -4 -5 -2  4  3 -5  1  1 -2 -3 -2 -7 -4  3   10   0   2   1   3   1   1   1   1  18  24   1   4   6   3   2   3   0   0  19  0.65 0.39
   49 W   -4 -6 -8 -6 -4 -7 -5 -4  1  4  0 -7 -2  6 -6 -5 -4  7  1  2    2   1   0   1   0   0   1   2   3  20   9   0   1  27   1   1   1  12   5  14  1.26 0.65
   50 D   -7 -5 -2  8 -4 -5 -6 -5 -2 -11 -2 -3 -10 -5 -6 -2 -10 -11 -6 -5    1   1   2  79   1   1   0   1   1   0   4   2   0   1   1   4   0   0   0   1  2.60 1.30
   51 V   -3 -5 -5 -6 -5 -9 -4 -7 -2 -2 -2 -5 -1  2  7 -4  2 -3  2  1    3   1   1   1   0   0   2   1   1   3   5   1   1   8  47   2  10   1   7   8  1.33 0.82
   52 D   -3 -2  1  1 -2 -2  1 -4  2 -2  0  5  0 -1 -6 -3 -2 -1  2 -2    2   3   5   7   1   2   8   2   5   2   8  35   2   3   1   2   3   1   6   3  0.68 0.44
   53 E   -1  1  0  2  1 -2  1  5  1 -4 -4 -1 -1 -3 -2 -2 -3 -7 -4 -4    6   6   5  10   2   2   9  35   3   1   2   3   2   1   3   3   2   0   1   2  0.60 0.39
   54 D   -3 -3 -1  4 -7 -1  4  1 -1 -5 -6 -4 -2 -4  2 -2 -2 -7 -2  0    2   2   3  21   0   3  27  10   2   1   1   1   1   1  10   3   3   0   2   8  0.75 0.51
   55 Y   -1 -7 -4 -4 -4 -7 -1 -1  6 -4 -1 -3 -4  3 -3 -2 -2  3  7 -4    6   0   1   1   1   0   4   5  16   1   6   2   1   9   2   3   2   3  35   1  1.29 0.69
   56 R    0  0  1  1 -2 -2  0  1  0 -3  0  1  0 -2 -2 -1  1  0  0 -1    9   6   6   8   1   2   6  13   2   1   9   8   2   1   3   5  10   1   3   4  0.10 0.11
   57 L    1 -3 -2 -3  0 -4 -3  3 -1  0  2 -3  0  3 -3  0 -1 -3 -2  0   11   2   2   2   2   1   2  20   2   5  18   1   2  10   2   6   4   0   1   7  0.31 0.21
   58 P    0 -1 -2 -2 -4  0 -1  1  3 -1  1 -1 -2 -2  3 -1  0 -2 -1 -1    9   3   2   3   0   4   4  12   7   4  14   5   1   2  13   5   6   1   2   5  0.17 0.16
   59 R   -1  2 -2  1 -2 -1 -2 -1  3 -3 -2  2 -3 -4  1 -2 -1 -7  1  2    6  12   2   8   1   3   2   5   7   2   4  11   1   1   8   3   4   0   4  16  0.30 0.24
   60 V   -2 -3 -3 -4  3 -3 -3 -4 -3  2  0 -3 -2  3 -3 -2 -1 -2  3  4    4   2   2   1   5   1   2   2   1  10  10   2   1  12   2   3   4   1   9  25  0.55 0.32
   61 R   -1  2 -2  2 -7  0 -1 -2  1 -3 -2  1 -3 -2 -2 -1  3 -7  1 -1    6  11   2  13   0   5   5   4   4   2   4   9   1   2   2   5  18   0   4   4  0.32 0.27
   62 S    0 -2  1  4 -7 -3  0  1  0 -2 -4 -2 -3 -4 -1  3  2 -2 -3 -4    8   3   7  18   0   2   6   9   2   3   2   3   1   1   4  17  10   1   1   2  0.40 0.33
   63 I    0 -1 -4 -3 -1 -3 -4 -2 -3  1  3 -1  0 -1  2 -3 -3  2 -1  2    8   4   1   2   1   1   2   4   1   8  28   4   3   3   9   3   2   2   2  13  0.36 0.25
   64 K    2  1 -1  1 -1  1  1 -2  1 -4 -3  2 -2 -8  2  0  1 -8 -3 -4   16   7   3   7   1   5   8   4   3   1   3  12   1   0  10   6   9   0   1   1  0.33 0.30
   65 Q    1  0  1  2 -8  1  3 -1  4 -4 -2  0 -3 -8 -4  0 -1 -2 -7 -1   11   6   6  11   0   6  15   6  10   1   5   6   1   0   1   7   5   1   0   4  0.38 0.31
   66 F    1 -2 -5 -5 -1 -5 -3 -5 -4  1  4 -5  1  4 -3 -4 -1  0  0  1   10   2   1   1   1   1   3   1   1   6  31   1   3  17   2   2   4   1   3  10  0.66 0.40
   67 E    2  0 -1  0 -2 -1  0 -2  0 -1  0 -1 -1 -1 -1  0  0 -2  0  1   19   6   3   6   1   3   7   2   2   4  11   3   1   2   4   7   7   1   4   8  0.11 0.13
   68 K    2  3 -1  1 -3  0  1  0  2 -2 -5  2 -2 -4  0 -1  0 -1 -3 -3   14  13   4   7   1   4  10   7   5   2   1  10   1   1   4   6   6   1   1   2  0.28 0.25
   69 L    3 -1 -2 -2  0 -4 -2 -3 -2  0  3 -2  0  0 -2 -1 -1  1  0  1   21   4   2   3   2   1   3   2   1   4  25   2   2   4   2   5   4   2   3   9  0.32 0.24
   70 V    2 -2 -3 -2 -1 -4 -3 -3 -3  2  3 -4  1  0 -4 -3 -3  0 -1  3   16   3   1   2   1   1   2   3   1   9  24   1   3   4   1   2   2   1   2  19  0.48 0.31
   71 K    1  2 -2  0 -6  0  0 -2  0  0 -1  2  0 -2 -3  0  0  0 -1 -1   12  10   2   6   0   5   6   4   3   4   7  14   3   2   1   7   7   1   2   5  0.15 0.14
   72 K    0  2 -1  1 -1  0  2 -2  0 -2  0  2 -1 -3 -1 -1 -1  2 -6 -1    9  12   3   9   1   4  12   3   2   2   8  12   2   1   4   4   4   2   0   5  0.20 0.19
   73 S    2  1  0 -1 -1 -1 -1 -1  1 -1 -1  0  1 -1  1  1 -1  0 -2  0   16   9   4   3   1   3   4   5   3   3   7   6   4   2   7   9   4   1   2   7  0.09 0.11
   74 G    1  0  0  0 -1 -2  0  2  1 -2 -1  0  1 -1 -1  0 -1  3  0 -1   11   5   4   5   1   1   6  16   3   2   7   5   4   2   4   8   4   4   3   4  0.12 0.12
   75 F    0  1  0  0  0  0  1  0  1 -1 -1  0  0  0  0  0  0  2  1  0    6   8   4   4   3   4   9   6   3   4   5   7   3   5   4   5   5   3   5   8  0.03 0.04
   76 G    0  0  0  0  2  0  0 -1  1  0 -1  0  1  0  0  0  0 -2  1  0    5   5   5   5   5   5   5   5   5   5   5   5   5   5   5   5   5   0   5   5  0.03 0.05
   77 A    1  1 -1  0 -3  0  1  1 -2  0 -1 -1  0 -2  0  0 -1 -1  0  0   14   8   3   5   0   3  12  11   1   6   6   4   2   2   5   7   2   1   3   6  0.09 0.12
   78 I    0  3 -3 -2 -2 -3 -1 -3 -1  2  1 -2 -1  4 -3 -3 -2 -3  0  2    7  16   1   2   1   1   5   2   2  10  11   3   2  15   1   2   2   0   4  15  0.34 0.26
   79 R   -1  6 -2 -4 -4  0 -2 -5 -2 -1 -1  2 -6 -3 -1 -3 -3  0  0 -3    7  46   2   1   1   4   3   1   1   4   6   9   0   2   3   2   1   1   3   2  0.99 0.64
   80 C    1  1 -2 -2 -3 -1  0 -4 -1  3  2 -2  0  0 -1 -1 -1 -3  2  1   10   8   2   3   0   3   6   1   2  16  17   2   2   3   4   4   3   0   8   8  0.20 0.19
   81 A    3  2 -2 -1 -2  0  0  0 -2  0 -1 -1 -1 -1 -1  0 -2 -2  1  1   22  10   2   3   1   4   7   6   1   6   5   4   2   3   3   7   1   1   5   9  0.16 0.19
   82 L   -1 -1 -2 -2 -2 -2 -2 -4 -2  0  3 -3  0  2 -2 -2 -3  4  3  1    6   4   2   2   1   2   3   2   1   5  32   2   2   7   2   4   1   5   8   9  0.38 0.30
   83 T    1  1  0  1 -1 -1  0 -2  1 -1  0 -1 -1  1 -1  0  0 -2 -1  1   13   8   5   9   1   3   5   3   3   4   8   2   2   6   3   8   7   0   1  10  0.06 0.10
   84 V    2  0 -2 -1 -3 -1 -1  1 -1 -1 -1 -1  0 -1  2  0 -1 -1  1  1   16   6   1   4   0   2   4  12   2   3   6   4   2   2  10   7   3   1   4  10  0.12 0.15
   85 E    1  2  0  2 -5  0  3 -2  0 -2 -1  0 -1 -2 -1  0 -2 -3 -2  0   10  10   4  11   0   4  18   4   2   2   7   4   1   1   3   6   2   0   2   6  0.20 0.22
   86 P    2  1 -1  1 -2 -1  2  0 -1 -1 -1 -1 -2 -2  2 -1  0 -2 -1 -1   15   7   3   9   1   3  14   7   1   4   6   4   1   1   9   3   6   0   2   4  0.14 0.17
   87 T    0  1  1  1 -3 -1  0  2 -1 -2 -1  0  2 -2 -3  0  0 -2 -1 -2    9   9   8   9   0   3   7  14   1   2   7   4   6   1   1   7   5   1   3   3  0.12 0.16
   88 E    1  1 -2  0  0  1  2 -2  1 -1  0  1 -1 -3  0 -2 -1 -2 -1  0   11   9   1   5   2   5  15   2   3   3  11   9   2   0   4   2   3   0   2   8  0.13 0.17
   89 E    0  3 -1  2 -5  1  3 -2  0 -3 -2  1 -1 -4 -2 -1 -2 -6 -3 -1    8  19   3  11   0   6  18   3   2   1   5   9   1   1   2   4   2   0   1   4  0.36 0.33
   90 N    1  1  2  3 -1  2  2 -2  1 -2 -1  0 -1 -3 -3 -1 -1 -5 -2 -2   10   8  10  15   1   8  15   3   3   3   5   5   1   1   1   3   3   0   1   2  0.26 0.26
   91 F   -2  0 -4 -4 -5 -3 -3 -5  1  3  2 -2  1  5 -4 -3 -3  0  1 -1    4   5   1   1   0   1   2   1   4  13  22   2   3  27   1   2   2   1   5   4  0.66 0.42
   92 E    0 -1  1  4 -3  0  4 -2  0 -3 -1 -3 -2 -4 -3  0 -2 -6 -5 -2    7   4   5  21   0   3  30   3   2   2   5   1   1   1   2   6   2   0   0   3  0.59 0.47
   93 R    0  2 -1  0 -4  0  1 -2  0 -2  0  0  0  1 -3 -1  0  2  1 -1   10  14   2   6   0   4   9   3   2   2  12   6   2   7   1   4   5   3   4   3  0.12 0.15
   94 F   -2 -1 -3 -4 -2 -3 -3 -3 -2  1  2 -3 -1  5 -4 -4 -3  3  4  1    4   4   1   1   1   1   2   2   1   7  18   2   1  25   1   1   2   4  14   9  0.67 0.42
   95 C    3  0  1 -1  6 -1 -2 -2  0 -2  0 -2  0 -2 -2  0 -2 -4 -1 -1   22   6   8   3  19   2   3   3   2   2   9   2   2   2   2   6   2   0   3   4  0.45 0.33
   96 Q    1  5 -1  0 -5  2  2 -2  1 -4 -2  1 -1 -3 -3 -1 -2 -2 -2 -4   10  28   3   6   0   8  12   3   3   1   3   8   2   1   1   4   2   1   2   1  0.48 0.38
   97 L    1  0 -1  0  0 -1  0 -2 -1  1  2  0  3  0 -4 -1 -1  0 -1  0   14   4   3   5   2   3   5   3   1   9  20   8   8   3   0   3   3   1   1   5  0.12 0.15
   98 V    3  0 -2 -2  0 -2 -2 -1 -1  1  1 -1  1  0 -2 -1 -1 -4 -1  2   24   5   2   2   2   1   2   4   1   7  12   3   3   3   2   3   3   0   3  17  0.21 0.21
   99 F   -1  1 -2 -1 -2 -1 -1 -2  1 -3 -2  0  1  5 -3 -2 -2  8  2 -2    6   7   2   4   1   3   4   4   3   2   4   5   3  20   2   3   2  17   6   2  0.69 0.44
  100 A    2  1  0  2 -4  0  2 -1  1 -2 -2  1  0 -2 -2  0  0 -1  0 -2   17   6   4  10   0   4  15   5   4   2   3   7   3   1   2   7   5   1   3   2  0.18 0.20
  101 I    1  0  0 -1  0 -1  0 -2  0  0  1  0  0 -1  0  0 -1  4  0  0   14   5   4   3   2   3   6   2   2   5  12   5   2   2   5   5   4   7   4   7  0.08 0.11
  102 S    1  1  0 -1  0  0  0  3  0 -2 -1  0 -1 -2 -1  1 -1 -4 -1 -2   10   7   4   3   2   4   6  23   2   3   7   4   1   2   3  10   4   0   2   2  0.17 0.18
  103 H   -3  2  3  4 -7  0  2 -1  2 -3 -4  0 -1 -2 -2 -2 -2 -7  0 -3    2  11  12  21   0   4  12   6   4   2   2   6   1   2   3   3   2   0   4   2  0.50 0.35
  104 A    1  1  0 -1  3  0  0  2  2 -2 -2  0  0 -1  0 -1 -2  1  0 -2   11   6   5   4   5   5   5  15   5   2   4   7   2   3   5   4   3   2   4   3  0.13 0.12
  105 G    1  2  0  0  1  0  0 -1  1 -1 -1  1  1 -1  0  0 -1  2  0 -1   10  10   5   5   3   5   6   5   3   3   6   9   3   3   5   6   4   3   3   4  0.07 0.07
  106 A    0  0  0  0  2  0  0 -1  1  0 -1  0  1  0  0  0  0 -2  1  0    5   5   5   5   5   5   5   5   5   5   5   5   5   5   5   5   5   0   5   5  0.03 0.05
  107 P   -2  1  0  0 -4 -1 -1 -1 -1 -2 -1 -1 -1  0  6  0 -2 -1 -1 -2    2   7   5   6   0   3   4   5   1   2   7   3   1   5  37   5   1   1   2   2  0.58 0.28
  108 M   -2 -2 -3 -4  1 -2 -3 -3 -2  3  2 -2  3  2 -3 -1  1  0  0  1    2   2   0   0   3   1   1   2   1  18  24   1   8  10   0   5   8   1   2  10  0.29 0.18
  109 V    0 -2 -2 -2  0 -1 -2 -2  2  1  2 -1  1  2 -3 -1  0  0  1  2   10   2   2   2   2   1   1   1   6  10  21   2   2   9   0   1   5   1   4  17  0.13 0.11
  110 V   -1  0 -3 -4  0 -3 -2 -4 -3  3  2 -2  1  2 -3 -2 -1  2  0  3    3   6   0   0   2   0   2   0   0  21  18   0   4   9   0   2   2   3   2  25  0.30 0.15
  111 I   -1 -3 -2 -4  0 -3 -3 -3 -4  3  2 -3  0  0 -3 -2 -1  0 -1  4    3   0   2   0   2   0   0   2   0  14  16   0   2   2   0   2   2   2   2  48  0.50 0.22
  112 V   -1 -3 -3  0  3 -3 -3 -2 -3  3  1 -3  1  0 -3 -2 -1  0  0  3    5   0   0   6   9   0   0   2   0  21  15   0   2   3   0   2   2   1   3  26  0.28 0.15
  113 E   -2 -1  0  4 -4  1  5 -2  3 -3 -3  0 -3 -3 -2 -1 -2 -3 -2 -3    1   0   0  31   0   0  54   1   9   0   1   0   0   0   0   1   0   0   0   1  0.74 0.15
  114 E   -2  1 -1  2 -4  1  6 -3 -1 -4 -4  0 -3 -3 -2 -1 -2 -3  1 -3    0   9   0   8   0   0  74   0   0   0   0   0   0   0   0   0   0   0   8   0  0.84 0.20
  115 L    2 -2 -2 -2  1 -2 -2 -1 -2  0  1 -2  1  1 -2  1  0 -2  0  0   32   0   0   0   3   0   0   3   0   4  25   0   3   7   0  12   3   0   4   4  0.13 0.07
  116 A    4 -1 -2 -1 -6  0 -4  0  7 -4 -6 -3 -2 -3  0 -1 -4 -1 -1 -4   33   3   1   4   0   4   1   6  29   1   0   1   1   1   6   4   1   1   2   1  1.05 0.55
  117 D    0  2  1  4 -2  0  1 -1  0 -3  0 -1 -1 -2 -3 -1 -1 -1 -2 -2    8  11   8  23   1   4  10   5   2   1  10   3   2   1   1   3   3   1   1   2  0.28 0.21
  118 V   -3 -5 -3 -3  0 -3 -3 -3 -1  1  3 -3  2  3 -6 -2 -2  1  4  2    2   0   1   2   2   1   1   2   2   6  23   2   4  13   0   3   2   2  16  15  0.58 0.40
  119 A    1 -2 -1 -2  2 -1 -1 -1  0  1  0 -1  3 -1 -1  0  2  1 -1  1   15   2   3   2   5   2   3   3   2   8   9   3   8   2   2   7  12   2   2   8  0.11 0.15
  120 R   -1  1  0  0  1  1  0 -1  1 -1 -2  0  2 -4  3  0  0 -4  0 -1    5   8   4   5   3   5   7   5   3   3   3   6   7   0  15   7   7   0   3   3  0.19 0.20
  121 I    0  0  0  0  0  0  0 -1  1 -1 -1  0  0  0  3  0  0 -3  0 -1    9   4   5   6   3   4   6   5   4   4   4   5   3   3  13   7   6   0   4   5  0.10 0.10
  122 G    0 -1  1  0 -4  0 -1  3  1 -2 -3  0 -2 -2  1  2 -1  0 -1 -2    9   3   6   6   0   4   4  23   4   2   2   4   1   2   6  14   3   1   2   3  0.24 0.23
  123 K   -1  1  0 -1 -5  0  2  0  0 -3 -3  3 -1 -1  2  0 -2  1  0 -2    6   6   4   4   0   3  12   7   2   2   2  21   1   3  12   6   2   2   3   2  0.29 0.28
  124 A    3 -2  0  1  0 -1  0  0 -1 -1 -1 -1 -1 -1 -1  1 -1 -1 -2 -1   24   2   3   9   2   3   7   6   1   3   7   3   2   3   3  11   3   1   1   5  0.14 0.19
  125 S    0  1  0  1 -4  0  0 -1  0 -1 -1  0  0 -2  2  2  0 -4 -2  0    6   6   4   8   0   4   6   3   3   3   6   7   3   1  12  14   6   0   2   6  0.14 0.16
  126 P    0 -1  0  2 -5  0  1  1 -1 -3 -3  0 -2 -2  3  0  0 -5 -1 -2    7   3   4  14   0   3  11  13   1   2   3   5   1   2  14   6   7   0   3   3  0.26 0.25
  127 H    2  0 -1 -1 -1 -1  1  0  0  1 -1 -1 -1  0  0  0 -1  1  1  0   21   5   2   2   1   2   9   6   2   8   4   2   2   4   4   8   3   2   5   7  0.09 0.15
  128 W   -1 -4 -6 -4 -1 -3 -4 -4  1  3  2 -3  2  4 -3 -3 -2  4  0  2    6   1   0   1   1   1   1   1   3  15  21   2   4  18   1   2   2   6   3  11  0.57 0.38
  129 G    0  2  0 -1  0  0  2  2  0 -2 -3  1  0 -3 -4  0 -1 -5 -1 -1    9  13   3   3   2   4  17  16   2   3   2   7   2   1   0   6   3   0   2   6  0.24 0.25
  130 Q   -1  5  0  1 -4  1  1 -2 -1 -1 -3  2 -1 -3 -4 -1  0  0 -2 -1    4  32   4   9   0   4   7   2   1   5   2  12   2   1   0   3   7   2   1   3  0.40 0.26
  131 L   -2 -3 -5 -5  2 -4 -5 -3 -5  4  4 -4  2 -1 -5 -4 -2  0 -1  1    3   1   0   0   4   0   0   2   0  28  43   0   5   1   0   0   2   1   2   7  0.76 0.35
  132 S    3 -3 -1 -3  2 -2 -2 -2 -3  2  0 -3  2 -1 -3  0  0  2 -1  2   26   0   4   0   5   1   1   2   0  14  10   0   6   2   0   4   5   3   1  14  0.27 0.21
  133 R    0  4  0 -1 -1  2 -1 -2  0 -2 -1  1  0 -2 -3  1  2 -4 -2 -2    7  27   5   4   1  10   1   1   2   1   5   7   2   1   0   9  13   0   1   2  0.33 0.23
  134 K   -1  4 -2  0 -4  3  2 -1 -1 -2 -2  1  0 -4 -4 -2 -1  1 -1 -1    3  23   0   5   0  15  17   5   1   3   3   7   3   0   0   2   4   2   3   3  0.38 0.26
  135 G    0 -5 -4 -2  2 -5 -5  6 -5 -3 -6 -1 -1 -6 -5 -1 -4 -6 -1 -5    8   0   0   2   4   0   0  72   0   2   0   4   2   0   0   4   0   0   2   0  1.49 0.57
  136 R   -1  8 -4 -6 -7 -3 -4  0 -4 -6 -1 -2 -5 -6 -6 -5 -5 -7 -6 -6    5  82   0   0   0   0   0   7   0   0   7   0   0   0   0   0   0   0   0   0  2.07 0.77
  137 K    1 -1  0 -4 -5  0 -1 -1  5 -5 -5  5 -4 -6 -2  1 -2 -6 -4 -4   10   1   4   0   0   2   2   4  17   0   1  44   0   0   1   8   2   0   0   1  0.92 0.50
  138 Y   -1  3 -3 -3 -1  1 -2 -5  1 -2  0  0 -2  4 -4 -2 -3  0  5 -2    5  15   1   1   1   6   2   0   3   2   9   5   0  21   0   2   1   1  24   1  0.65 0.37
  139 G   -2 -3  1 -2 -3 -4 -3  7 -1 -5 -6 -2 -6 -5 -6 -2 -5 -6 -4 -7    3   1   5   2   1   1   1  77   1   1   1   2   0   0   0   3   0   0   1   0  1.68 0.67
  140 V   -2 -5 -2 -5  0 -3 -5 -2 -2  4  3 -5  1  1 -3 -3 -2 -4 -1  3    3   0   2   0   2   1   0   3   1  27  24   0   4   6   1   1   1   0   1  22  0.61 0.33
  141 Q    0  0  0 -1 -1 -1 -1  2  4  0 -2 -1 -1  0 -2  1  0  0  0  0    5   5   4   3   1   2   4  16  12   6   2   2   1   4   1  12   8   1   3   7  0.12 0.13
  142 L   -1 -5 -5 -5  2 -3 -4 -2 -1  2  4 -4  2  0 -3 -2 -2 -1  0  1    5   0   0   0   4   1   1   3   2  13  43   0   5   3   1   4   2   1   3   9  0.54 0.31
  143 Y   -1 -2 -3 -4  1 -3 -4 -1  3  4  1 -3  2  1 -5 -3 -2  3  0  2    4   2   1   1   4   1   0   5   9  30  11   1   5   5   0   1   2   5   3  14  0.47 0.29
  144 V    1 -4 -1 -4  0 -3 -4  1 -2  2  1 -3  0  1 -2  0  0  2 -1  1   11   0   3   0   2   0   0  14   1  13  17   1   3   7   1   6   5   3   2  11  0.19 0.17
  145 A    2 -5 -2 -5  3 -4 -4 -1 -5  3 -1 -4  2 -2 -4 -1  1 -5 -4  3   21   0   2   0   7   0   0   4   0  19   5   0   4   1   0   5  10   0   0  23  0.52 0.33
  146 T    0 -5 -2 -3  0 -4 -4 -1 -5 -3 -5 -4 -4  1 -5  4  5 -6 -2 -2    7   0   2   1   2   0   0   4   0   1   0   0   0   7   0  33  39   0   1   3  0.97 0.55
  147 Q   -6  0 -5 -5 -8  9 -3 -7  1 -8 -4 -1 -5 -8 -2 -5 -3 -7 -6 -7    0   4   0   0   0  85   0   0   3   0   2   2   0   0   2   0   2   0   0   0  2.58 1.04
  148 S   -3  8 -3 -6 -3 -2 -4 -6 -2 -4 -5  0 -2 -3 -6 -2 -2 -6 -1 -5    2  81   1   0   1   1   0   0   1   1   1   3   1   1   0   2   2   0   2   1  2.03 0.81
  149 P   -1 -6 -6 -6 -2 -5 -5  0 -6 -2 -1 -5 -2 -6  8 -3 -2  0 -1 -2    5   0   0   0   1   0   0   7   0   3   6   0   1   0  66   2   2   1   2   3  1.73 0.71
  150 Q    3 -1 -2 -3 -4  4 -2 -1 -2 -3 -3 -2 -1 -3 -2  3  1 -5 -1 -1   30   3   2   1   0  19   1   4   1   1   1   2   1   1   1  22   7   0   2   3  0.52 0.39
  151 E   -2  0  0  2 -3  1  4  2  0 -3 -2  0 -3 -3 -2  0 -2 -3 -2 -2    2   4   4  10   0   5  30  16   2   1   5   5   0   1   1   6   1   0   1   4  0.38 0.29
  152 I   -3 -6 -5 -6 -2 -5 -6 -6 -6  5  2 -5  1 -1 -6 -3 -2 -5 -3  4    2   0   1   0   1   0   0   0   0  33  21   0   3   2   0   1   2   0   0  34  1.07 0.51
  153 D   -1 -2  1  4 -5 -3 -2 -2  2 -3 -5 -2 -4 -4  3  3  0 -2 -4 -3    5   2   6  27   0   0   1   3   5   2   1   1   0   0  17  22   5   1   0   1  0.67 0.43
  154 K   -1  2  0  0 -5  0  1 -1 -1 -4 -4  5 -2 -5  1 -1  0 -6 -2 -3    4   9   4   4   0   3   7   5   1   1   1  40   1   0   8   3   6   0   1   1  0.59 0.39
  155 T    0 -3  2  3 -3  0 -1 -3 -1 -3 -2 -2 -3 -3 -1  1  5 -5 -4 -2    7   1   8  16   0   5   3   1   1   0   5   2   0   1   2   7  36   0   0   2  0.55 0.40
  156 I    0 -5 -4 -6 -1 -5 -5 -6 -2  4  1 -5  1  2 -4 -3 -1  0 -2  4    7   0   1   0   1   0   0   0   1  29   9   0   3   8   1   2   4   1   1  32  0.75 0.41
  157 V   -2  2 -3 -5 -4 -3 -4 -4 -4  2  3  0  1  0 -4 -2  1  3  0  0    3  12   1   0   0   0   0   1   0  14  33   6   4   4   1   2   9   4   3   4  0.41 0.30
  158 R    3 -1  0 -1 -4 -2 -1  1 -4 -5 -4 -2 -4 -5 -3  4  1 -6 -3 -3   25   4   5   3   0   1   3  10   0   0   1   1   0   0   0  36   9   0   1   1  0.66 0.46
  159 Q   -2 -4  6 -4 -3  6  0 -2 -4 -7 -3 -3 -1 -7 -4 -3 -4 -7 -6 -4    3   0  39   0   1  42   6   3   0   0   3   1   1   0   1   1   0   0   0   1  1.55 0.79
  160 C    3 -5 -3 -5  8 -5 -5 -3 -3  1  0 -4 -1 -1 -4  1  0 -2 -5  0   22   0   1   0  34   0   0   1   1   7   7   1   2   2   1  11   4   1   0   6  1.03 0.52
  161 N   -1 -1  4  2 -5  0  0  1 -1 -5 -4 -1 -3 -5  2  2  2 -3 -3 -4    5   3  19  12   0   5   4  10   1   0   1   4   1   0   9  14  11   0   1   0  0.42 0.31
  162 F   -1  0  2 -2 -3 -1 -1 -2  3  0  0 -2 -2  0 -4  0  3  1  2  1    3   5  11   1   0   1   3   2   7   5   8   1   0   4   0   7  21   2   6   9  0.24 0.24
  163 K   -2  3 -2 -4 -3  1 -3 -4 -1  2  1  1  0  2 -4 -2 -1  4  0  1    2  20   1   0   0   6   0   0   1  13  12   9   3   9   0   2   3   5   2   9  0.36 0.27
  164 F   -2 -1 -4 -5  0 -4 -5 -5  1  4  1 -3 -1  4 -6 -4 -4  4  2  2    4   4   1   0   2   0   0   0   3  28  10   1   1  16   0   0   0   5   8  15  0.71 0.40
  165 C    2 -3 -4 -5  5 -4 -5 -4 -5  4  0 -5  0  0 -5 -1 -1  1 -2  3   17   1   0   0  15   1   0   0   0  21   8   0   2   4   0   5   4   2   1  19  0.63 0.38
  166 G   -3 -4 -3 -5 -1 -4 -6  3  3 -2  2 -4  3  5 -6 -4 -4 -2  0 -4    1   1   1   0   1   0   0  25   7   1  20   1   9  29   0   1   1   0   2   0  0.93 0.52
  167 A   -1  7 -2 -3 -3 -1 -3 -2 -2 -2 -4  2  1 -3 -4 -2 -2 -6 -1 -4    5  54   2   1   1   2   1   4   1   3   1  11   3   1   1   2   3   0   2   1  1.11 0.60
  168 L   -2 -4 -5 -4 -1  2 -4 -6 -1  2  3 -4  3 -1 -3 -2  1 -3 -4  3    2   0   0   1   1  10   0   0   2   9  31   0   7   2   1   2   8   0   0  24  0.60 0.40
  169 N    1  0  2  0 -4  1  0  0 -1 -1 -3  0 -3 -2 -2  1  2 -4 -2 -1   10   4  11   6   0   8   5   6   1   3   2   6   0   2   2  12  17   0   1   6  0.20 0.21
  170 S   -1  0  3  2 -4 -1  1 -1 -1 -2 -1 -2 -2 -2 -2  1  1  2 -1 -3    3   6  18  14   0   2  11   4   2   2   6   1   1   2   1  13   9   3   2   1  0.29 0.25
  171 A    0  0 -1  2 -5  1  2 -2 -1 -3 -3  0  0 -3  5 -1 -2 -6 -3  0    9   5   2  11   0   7  12   3   1   1   1   5   2   1  26   4   1   0   0   6  0.49 0.34
  172 S    1  2  2  2 -4  1  0 -2  0 -1 -2  0 -3 -3 -2  1  0 -5 -2 -1   16  11  12  13   0   6   4   3   2   4   3   4   0   1   1   9   6   0   1   4  0.22 0.21
  173 A   -1 -6 -2  8 -7 -3 -1 -5 -1 -5 -7 -5 -4 -3 -4 -3 -3 -8 -4 -6    5   0   2  79   0   1   3   1   1   1   0   0   1   1   1   2   2   0   1   0  2.15 0.94
  174 W    2  2 -3 -4 -2  2 -2 -3 -3  2  1 -2  0 -2 -4  2 -1 -2 -2  0   18  12   0   0   1  11   1   1   0  11  14   1   2   1   0  15   2   0   1   6  0.30 0.29
  175 R    0  4  0  2 -5  1  2 -3  0 -3 -4  3 -2 -5 -3 -1 -2 -3 -3 -1    6  21   3  12   0   5  12   1   2   1   1  22   1   0   1   4   2   0   0   5  0.51 0.35
  176 S    2  2 -2 -2 -4 -1 -1 -3  0 -1 -2  0 -1  0 -3  0  0  0  4  1   16  12   1   3   0   2   5   1   2   4   3   6   2   3   0   7   6   1  18  10  0.27 0.25
  177 M   -1 -3 -5 -6 -3 -3 -5 -5 -5  4  2 -4  4 -1 -5 -2 -3  0 -2  3    6   2   0   0   0   1   0   1   0  27  17   1  12   3   0   2   1   1   1  23  0.78 0.43
  178 A    4  2 -2 -3 -1  1  0  0 -1 -1 -1  0  0 -3 -3  1 -2 -4 -2 -2   33  10   1   1   1   5   5   6   1   4   7   6   2   1   1  12   1   0   1   2  0.32 0.28
  179 D    0  3  1  3 -5  1  1  0 -1 -4 -4  3 -3 -5 -2  0 -1 -5 -3 -3    7  14   5  19   0   5   9   7   1   1   1  18   1   0   1   6   3   0   0   1  0.42 0.29
  180 N    0  0  0 -2 -2  0  2 -2 -1  1  0  0  1  0 -2  1  0  0  0  1    8   6   4   1   0   3  15   2   1   7  12   4   4   4   1  10   4   2   3  10  0.07 0.11
  181 L   -1 -2 -3 -3 -1 -3 -2 -2 -4  2  3 -3  3  0 -2  0  2 -2 -1  1    5   2   1   1   1   1   3   2   0  12  27   1   7   4   2   7  13   1   1   9  0.29 0.23
  182 D   -2 -2  1  4 -5 -2  0  5 -3 -5 -4 -2 -5 -2  0 -1 -3 -5 -5 -5    3   3   6  23   0   2   6  41   1   1   2   2   0   2   4   3   1   0   0   1  0.84 0.47
  183 L    0 -2 -2 -1  0 -2 -2 -1 -1  3  1 -2  0  0 -2  0 -1 -4 -1  2    7   2   2   4   2   1   2   4   1  21  14   1   2   3   1   8   3   0   2  18  0.19 0.17
  184 S    0 -2  0  2 -2 -2  1  0 -2 -2 -1 -1 -2 -3  4  2  0 -5 -2 -2    6   1   4  11   1   1  10   8   1   2   5   3   1   1  20  14   7   0   1   2  0.34 0.27
  185 T    2  0 -1 -1 -2  0 -1  0 -1  0 -1 -1 -1  0  2  0  0  1  0  0   18   5   3   2   0   3   3   7   1   5   6   4   1   3  11   7   6   2   3   9  0.10 0.12
  186 R    1  2  0  4 -5  0  3 -1 -2 -4 -3  0 -2 -4 -2  1 -1 -2 -4 -4   12  10   5  20   0   3  18   5   1   1   2   5   1   1   1   9   4   1   0   1  0.39 0.30
  187 E    1 -1 -1  3 -4  2  3 -2  0 -2  0  0  0 -3 -2 -1 -1 -5 -3 -1   10   3   2  19   0   8  22   3   2   2  10   5   2   1   1   3   4   0   1   3  0.33 0.28
  188 I    1 -2 -4 -4 -4 -3 -2 -4 -3  4  3 -3  1 -1 -4 -3 -1 -3 -1  2   13   2   0   1   0   1   2   1   1  27  24   1   3   2   1   1   3   0   2  15  0.54 0.33
  189 K    2  1 -1  0 -2  1  1  0 -2 -1  0  2  1 -2 -1  0  0 -3 -1 -2   17   8   2   5   1   5  12   5   1   3   8  12   3   1   3   7   5   0   2   2  0.13 0.14
  190 Q    2  2  1  1 -3  1  1  1  0 -3 -3  1 -1 -1 -3  0 -1 -4 -3 -2   16  12   6   8   0   7  10   9   2   1   2   9   1   2   1   7   3   0   0   2  0.21 0.19
  191 L   -1 -3 -5 -5 -4 -4 -5 -5 -6  1  6 -5  1 -1 -4 -4 -3 -5 -4  0    5   2   0   1   0   1   1   1   0   7  67   0   3   2   1   1   1   0   0   7  1.20 0.59
  192 E   -1  1 -1  0 -5  1  2 -2 -2 -3 -2  1  0 -4  5  0  0 -5 -4 -2    6   7   2   5   0   5  12   3   1   2   5   8   3   1  28   6   5   0   0   2  0.48 0.33
  193 N   -1  0  0  1 -4  0  0  1 -1 -3 -2  0 -2 -2  3  2  0 -4  0 -2    5   4   4  10   0   3   5  12   1   1   3   7   1   1  13  17   7   0   4   2  0.23 0.20
  194 I   -2 -3 -4 -2 -3 -3 -3 -2 -4  2  5 -2  2  1 -3 -3 -2 -4 -2  0    2   2   1   3   0   1   2   4   0  10  52   2   4   6   1   2   2   0   1   6  0.66 0.39
  195 P    0 -1  1 -1 -4  0  1  1  0 -4 -1  0 -3 -4  5 -1 -1 -4 -2 -3    7   3   7   3   0   5   9  10   2   1   8   5   1   0  31   3   3   0   1   2  0.51 0.31
  196 K    0  1  0  0 -1  0  0  1  0 -2  0  1 -1 -1  2  0  0  0 -1 -2    7   7   5   6   1   5   5  13   2   1  10   9   1   3   9   5   5   1   2   2  0.09 0.08
  197 K   -1  2 -1  0 -4  1  0  2  2 -1 -1  1 -2 -1  0 -2 -1 -3  0 -2    3  15   2   6   0   8   5  17   7   4   5   7   1   3   5   2   2   0   4   3  0.19 0.17
  198 Q   -1  0 -2 -1 -2  1  3  1  1 -2 -2  0 -2  0  1 -1  0 -1  0 -1    6   6   1   2   1   6  23  12   3   2   3   6   1   5   8   2   5   1   3   4  0.21 0.19
  199 V    2  0 -1 -1  0 -1  0  0  0  0  0 -1  0  2 -1 -1 -1  1  1  0   19   6   2   4   2   2   6   6   3   5  10   2   2  13   2   3   3   2   4   5  0.07 0.10
  200 Q    0  0 -1 -1  0  2  2 -1  1  0  0 -1  1  1 -2 -1 -1  0  0 -1    6   6   2   3   3  10  14   6   4   7  11   2   5   6   1   2   3   1   4   4  0.08 0.11
  201 Y    0 -4 -4 -1 -2 -2 -2 -4  1  0  0 -3 -2  5 -5 -4 -3  2  6  0    9   1   1   4   1   1   3   1   4   4   9   1   1  22   0   0   2   2  28   6  0.80 0.44
  202 W   -2 -2 -3 -5 -5 -5 -4 -5 -4  3  0 -4  0  5 -5 -3 -3  7  4  0    3   3   2   1   0   0   1   1   0  17   9   1   2  24   0   2   2  15  13   6  0.93 0.46
  203 L   -1  1 -1 -2 -2 -1 -1  1  3  0  1  0  0  2 -3 -1 -1  0  1  0    5   7   2   2   1   2   4  10   8   5  16   5   3   9   0   5   2   1   6   8  0.08 0.11
  204 K   -1  3 -1  1 -1  0  1  1 -2 -2 -2  2 -2 -1  0  0  0 -2 -1 -1    4  19   2   7   1   4   7  12   1   2   3  13   1   3   5   5   4   0   2   5  0.19 0.18
  205 D    0  0  0  5 -5 -1  2  0 -1 -2 -3 -1  1 -4 -2  0 -1 -6 -4 -3    8   5   4  33   0   1  14   8   1   2   2   3   5   0   2   7   3   0   1   2  0.52 0.35
  206 G    0 -1 -2 -1 -5 -1 -2  5 -2  0 -3 -1 -1 -2  1 -1 -2  0 -4 -1    7   3   2   3   0   2   3  43   1   7   2   3   2   2   8   4   3   1   0   5  0.53 0.34
  207 T    0  0 -1 -1 -2  0  0  2 -1  0 -1  0  0 -1 -1  1  2 -4 -2  0    8   4   3   2   1   5   6  15   1   7   3   6   3   2   2   8  16   0   1   7  0.11 0.13
  208 R    0  2  0 -3 -2 -1  0  3 -1 -1  0  2 -1 -2 -1  0 -1 -1 -3 -2    6  14   3   0   1   2   5  24   1   3  10  12   1   1   3   5   3   1   1   3  0.22 0.19
  209 P   -1 -1  1 -1 -1  1  1 -1 -2 -1 -2  0  0 -4  4  1  1 -5 -3 -1    4   3   7   3   1   5  10   4   1   3   4   6   2   0  24   9   8   0   1   4  0.35 0.25
  210 T   -1 -1 -2 -2 -3 -1 -2 -4 -2  1 -1 -1  2 -1  5 -2  1  0  1  2    6   3   2   2   0   3   2   0   1   8   6   3   5   3  26   1   7   1   4  17  0.42 0.29
  211 E   -1  0 -2 -2 -2  1  4 -2 -3 -2 -3  1  0 -1 -4 -1  3 -1 -4  1    5   4   1   1   1   6  28   3   0   1   2   7   2   4   0   3  19   1   0  12  0.41 0.34
  212 K   -2  5 -1 -4 -5  0 -2 -3  1  1 -2  4 -2 -2  0 -3 -2 -1 -2 -1    3  30   2   0   0   3   1   2   3   8   3  30   1   1   4   0   2   1   1   4  0.67 0.42
  213 K   -1  2 -2 -4 -2 -1 -3  3  0  0 -1  2  1 -4 -4 -1 -1 -5 -4  2    4  13   1   0   1   2   0  26   2   5   4  12   3   0   0   3   4   0   0  19  0.38 0.30
  214 T   -2  2 -3 -3 -5  4 -1 -4 -3 -2 -3  5 -2  0 -3 -1  1 -5 -2  0    2  10   1   1   0  21   1   1   0   2   1  34   1   4   1   3   9   0   1   9  0.65 0.44
  215 L   -3 -2 -5 -2  0 -2 -4 -2 -3  3  3 -3  2  3 -3 -3 -3  0  0  1    1   3   0   2   2   2   0   4   0  20  32   1   6  14   1   1   0   1   3   6  0.49 0.31
  216 T   -1  2  1 -1 -4  1  1 -4 -2 -1 -4  3 -3 -3 -3  1  4 -5 -4 -2    3   9   8   2   0   4   7   0   1   3   0  23   0   1   0   8  29   0   0   2  0.51 0.35
  217 F   -4 -1 -6 -6 -5 -3 -6 -6  0 -2  0 -5 -3  8 -6 -4 -5  1  5 -2    1   3   0   0   0   1   0   0   2   1   8   0   0  59   0   1   0   1  20   1  1.65 0.62
  218 K   -3  6 -3 -3 -6 -1 -2 -4 -3 -5 -5  6 -4 -5 -4 -3 -3 -5 -4 -5    0  41   0   0   0   0   0   0   0   0   0  59   0   0   0   0   0   0   0   0  1.56 0.53

                      K         Lambda
Standard Ungapped    0.1333     0.3194
Standard Gapped      0.0410     0.2670
PSI Ungapped         0.1482     0.3163
PSI Gapped           0.0454     0.2670
