
Last position-specific scoring matrix computed, weighted observed percentages rounded down, information per position, and relative weight of gapless real matches to pseudocounts
           A  R  N  D  C  Q  E  G  H  I  L  K  M  F  P  S  T  W  Y  V   A   R   N   D   C   Q   E   G   H   I   L   K   M   F   P   S   T   W   Y   V
    1 M   -1 -1 -2 -3 -1  0 -2 -3 -2  1  2 -1  6  0 -3 -2 -1 -1 -1  1    0   0   0   0   0   0   0   0   0   0   0   0 100   0   0   0   0   0   0   0  0.34 0.00
    2 F   -2 -3 -3 -3 -2 -3 -3 -3 -2  2  1 -3  0  5 -3 -2 -2  0  2  1    0   0   0   0   0   0   0   0   0  37   0   0   0  63   0   0   0   0   0   0  0.46 0.01
    3 G    2 -2 -1 -2 -2 -1 -2  5 -2 -3 -3 -1 -2 -3 -2  0 -1 -3 -3 -2   37   0   0   0   0   0   0  63   0   0   0   0   0   0   0   0   0   0   0   0  0.62 0.01
    4 A    3 -2 -1 -2 -1 -1 -1  3 -2 -2 -2 -1 -2 -3 -1  1 -1 -3 -2 -1   63   0   0   0   0   0   0  37   0   0   0   0   0   0   0   0   0   0   0   0  0.45 0.01
    5 I   -1 -3 -3 -3 -1 -3 -3 -4 -3  4  1 -3  1  0 -3 -2  0 -3 -1  3    0   0   0   0   0   0   0   0   0  63   0   0   0   0   0   0   0   0   0  37  0.36 0.01
    6 A    3 -1 -1 -2 -1 -1 -1 -1 -1 -1  0 -1  2 -2 -1  2  0 -2 -2  0   46   0   0   0   0   0   0   0   0   0   0   0  25   0   0  28   0   0   0   0  0.22 0.01
    7 G    0 -2 -1 -1 -3 -2 -2  6 -2 -4 -4 -2 -3 -3 -2  0 -2 -3 -3 -3    0   0   0   0   0   0   0 100   0   0   0   0   0   0   0   0   0   0   0   0  1.08 0.02
    8 G    0 -2  0 -1 -2 -1 -2  5 -2 -3 -3 -1 -2 -3 -2  2 -1 -3 -3 -3    0   0   0   0   0   0   0  75   0   0   0   0   0   0   0  25   0   0   0   0  0.75 0.01
    9 I   -1 -3 -3 -3 -1 -3 -3 -4 -3  4  2 -3  1  0 -3 -2 -1 -2 -1  2    0   0   0   0   0   0   0   0   0  75  25   0   0   0   0   0   0   0   0   0  0.39 0.01
   10 A    4 -1 -1 -1 -1 -1 -1  0 -1 -2 -2 -1 -1 -2 -1  2  0 -3 -2 -1   72   0   0   0   0   0   0   0   0   0   0   0   0   0   0  28   0   0   0   0  0.37 0.01
   11 S    1 -1  1  0 -1  0  0  0 -1 -2 -3  0 -2 -2 -1  4  1 -3 -2 -2    0   0   0   0   0   0   0   0   0   0   0   0   0   0   0 100   0   0   0   0  0.49 0.02
   12 A    2 -2 -1 -2 -1 -1 -2  2 -2  0  1 -1  0 -1 -2  0  1 -2 -2  0   26   0   0   0   0   0   0  25   0   0  28   0   0   0   0   0  20   0   0   0  0.18 0.01
   13 L   -2 -2 -3 -4 -1 -2 -3 -4 -3  1  4 -3  2  0 -3 -3 -1 -2 -1  1    0   0   0   0   0   0   0   0   0   0 100   0   0   0   0   0   0   0   0   0  0.49 0.02
   14 A    3 -1  3 -1 -1 -1 -1  0 -1 -2 -2 -1 -1 -3 -1  1  0 -3 -2 -1   72   0  28   0   0   0   0   0   0   0   0   0   0   0   0   0   0   0   0   0  0.33 0.01
   15 G    0  1  0 -1 -3  0  0  4 -1 -3 -3  3 -2 -3 -2  0 -1 -3 -2 -3    0   0   0   0   0   0   0  46   0   0   0  54   0   0   0   0   0   0   0   0  0.49 0.01
   16 G    0 -1  0 -1 -2 -1 -1  5 -1 -2 -2 -1 -2 -2 -1  0 -1 -2 -2 -2    2   1   1   2   1   1   2  74   1   1   3   2   1   1   1   2   2   0   1   2  0.61 0.01
   17 A    1 -2 -2 -3 -1 -1 -2 -2 -2  2  2 -2  3  0 -2 -1 -1 -2 -1  1   26   0   0   0   0   0   0   0   0  25  20   0  28   0   0   0   0   0   0   0  0.19 0.01
   18 M    1 -2 -2 -3 -1 -1 -2 -2 -2  0  1 -2  4  3 -2 -1 -1 -1  0  0   25   0   0   0   0   0   0   0   0   0   0   0  50  26   0   0   0   0   0   0  0.21 0.02
   19 S    1 -1  1  0 -1  0  0  0 -1 -2 -3  0 -2 -2 -1  4  1 -3 -2 -2    0   0   0   0   0   0   0   0   0   0   0   0   0   0   0 100   0   0   0   0  0.49 0.02
   20 K   -1  2  0 -1 -2  1  1 -1 -1 -2 -2  4 -1 -2 -1  0  0 -2 -1 -2    2   1   1   1   0   1   2   2   1   1   2  77   1   1   1   2   1   0   1   2  0.34 0.01
   21 L   -1 -1 -2 -2 -1 -1 -2 -2 -2  1  3 -1  3  0 -2 -1 -1 -1 -1  1    2   1   1   1   0   1   2   2   1   1  52   1  26   1   1   2   1   0   1   2  0.20 0.01
   22 F   -1 -1 -1 -1 -1 -1 -1 -1 -1  0  1 -1  2  3 -1 -1 -1  0  1  0    4   3   2   3   1   2   3   4   1   3   5   3  21  32   3   4   3   1   2   3  0.09 0.00
   23 G    0 -1  0 -1 -1 -1 -1  4 -1 -2 -1 -1 -1 -1 -1  0 -1 -1 -1 -1    4   3   2   3   1   2   3  53   1   3   5   3   1   2   3   4   3   1   2   3  0.33 0.00
   24 G    0 -2 -1 -1 -3 -2 -2  5 -2 -4 -4 -2 -3 -3  3 -1 -2 -3 -3 -3    0   0   0   0   0   0   0  80   0   0   0   0   0   0  20   0   0   0   0   0  0.96 0.03
   25 G    2 -1  2  0 -2  0  2  2 -1 -3 -3  0 -2 -3 -1  2  0 -3 -2 -2   29   0  16   0   0   0  20  15   0   0   0   0   0   0   0  19   0   0   0   0  0.28 0.01
   26 Q    1  0  0  0 -2  3  2 -1  4 -3 -2  2 -1 -3 -1  0 -1 -3 -1 -2   22   0   0   0   0  23  19   0  20   0   0  16   0   0   0   0   0   0   0   0  0.32 0.02
   27 K    1  0 -1 -1 -2  2  0 -2 -1  1 -1  2  0 -2 -1  0  1 -3 -2  0   20   0   0   0   0  16   0   0   0  22   0  23   0   0   0   0  19   0   0   0  0.13 0.01
   28 A    3 -2 -1 -2 -1 -1 -1  2 -2 -2 -2 -1 -2 -3  3  0 -1 -3 -2 -1   60   0   0   0   0   0   0  22   0   0   0   0   0   0  19   0   0   0   0   0  0.47 0.02
   29 A    4 -1 -1 -2 -1 -1 -1  0 -2 -2 -2 -1 -1 -2 -1  2  0 -3 -2 -1   80   0   0   0   0   0   0   0   0   0   0   0   0   0   0  20   0   0   0   0  0.41 0.03
   30 S    1 -1  0 -1 -1 -1 -1 -1 -2 -1 -2 -1 -1 -2  3  3  1 -3 -2  1    0   0   0   0   0   0   0   0   0   0   0   0   0   0  16  62   0   0   0  22  0.34 0.03
   31 G    2 -2 -1 -2 -1 -2 -2  4 -2 -1  0 -1 -1 -2 -2  0 -1 -2 -2 -1   39   0   0   0   0   0   0  45   0   0  16   0   0   0   0   0   0   0   0   0  0.38 0.02
   32 G    0 -2  0 -1 -2 -1 -1  4 -2 -3 -3 -1 -2 -3 -1  2  2 -3 -2 -2    0   0   0   0   0   0   0  43   0   0   0   0   0   0   0  40  16   0   0   0  0.47 0.02
   33 I    0 -1 -1 -1 -1 -1 -1 -1 -2  2  0 -1  0 -1  3 -1  0 -1 -1  2    3   2   2   2   1   2   2   3   1  25   4   2   1   2  18   3   2   1   1  24  0.17 0.00
   34 Q    0  0  0 -1 -1  2  0  2 -1  0 -1  0  0 -1 -1  0  0 -1 -1  1    3   2   2   2   1  25   2  19   1   2   4   2   1   2   2   3   2   1   1  24  0.09 0.01
   35 G    0  0  0  0 -1  2  0  2 -1 -2 -2  0 -1 -2 -1  1  0 -1 -1 -1    3   2   2   2   1  18   2  26   1   2   4   2   1   2   2  24   2   1   1   3  0.19 0.01
   36 D    0 -1  1  4 -2  0  1  2 -1 -2 -2 -1 -2 -2 -1  1  0 -2 -2 -2    2   1   1  43   0   1   1  18   0   1   2   1   0   1   1  23   1   0   1   1  0.35 0.01
   37 V    1 -2 -2 -2 -1 -1 -1 -1 -2  1  1 -1  1 -1 -1 -1  0 -2 -1  2   23   1   1   1   0   1   1   1   0   1  18   1   0   1   1   1   1   0   1  43  0.12 0.01
   38 L   -2 -2 -3 -4 -2 -2 -3 -4 -3  1  4 -3  2  3 -3 -3 -1 -1  0  0    0   0   0   0   0   0   0   0   0   0  84   0   0  16   0   0   0   0   0   0  0.45 0.03
   39 A    3 -1 -1 -1 -1  0  2 -1 -1 -2 -2  0 -1 -2 -1  1  2 -3 -2 -1   61   0   0   0   0   0  19   0   0   0   0   0   0   0   0   0  20   0   0   0  0.30 0.02
   40 T   -1 -1  4  0 -1  0  0 -1  0 -1 -2  0 -1 -2 -1  1  3 -2 -2 -1    1   1  43   1   0   1   1   1   0   1   2   1   0   1   1   1  40   0   1   1  0.33 0.02
   41 D   -1 -1  0  4 -2 -1  0  2 -1 -2 -3 -1 -2 -3  3  0 -1 -3 -2 -2    1   1   1  46   0   1   1  22   0   1   2   1   0   1  17   1   1   0   1   1  0.48 0.01
   42 N   -1  1  3  0 -2  3  2 -1  0 -2 -2  2 -1 -2 -1  0  0 -2 -1 -2    1   1  24   1   0  21  17   1   0   1   2  23   0   1   1   1   1   0   1   1  0.30 0.01
   43 N    0 -1  2  0 -2 -1 -1  2 -1 -2 -2 -1 -2 -2  4  0  1 -2 -2 -2    1   1  24   1   0   1   1  22   0   1   2   1   0   1  23   1  17   0   1   1  0.38 0.01
   44 T    0  0  0 -1 -1  2  0 -1 -1 -1 -1  0 -1 -2 -1  1  4 -2 -1 -1    1   1   1   1   0  22   1   1   0   1   2   1   0   1   1   1  61   0   1   1  0.30 0.02
   45 V   -1 -2 -1  2 -1 -1 -1 -2 -2  3  0 -1  0 -1 -2 -1  0 -2 -1  2    1   1   1  23   0   1   1   1   0  37   2   1   0   1   1   1   1   0   1  24  0.14 0.01
   46 G    0 -1  0  2 -2 -1  0  4 -1 -2 -3 -1 -2 -2 -1  1  0 -2 -2 -2    1   1   1  23   0   1   1  45   0   1   2   1   0   1   1  18   1   0   1   1  0.40 0.01
   47 M    1 -1 -1 -1 -1  0 -1 -1 -1  0  1 -1  4 -1 -1  1  0 -2 -1  0   15   1   1   1   0   1   1   1   0   1   2   1  46   1   1  24   1   0   1   1  0.14 0.02
   48 G   -1 -1  0  3 -2  2  1  3 -1 -2 -2  0 -2 -2 -1  0 -1 -2 -2 -2    1   1   1  32   0  23   1  28   0   1   2   1   0   1   1   1   1   0   1   1  0.35 0.01
   49 D   -2 -1  4  4 -3  0  2 -1  0 -3 -3  0 -3 -3 -2  0 -1 -4 -3 -3    0   0  32  45   0   0  23   0   0   0   0   0   0   0   0   0   0   0   0   0  0.63 0.02
   50 A    4 -2 -2 -2 -1 -1 -1  0 -2 -1 -2 -1 -1 -2 -1  1  0 -3 -2  0  100   0   0   0   0   0   0   0   0   0   0   0   0   0   0   0   0   0   0   0  0.47 0.03
   51 G    0 -2 -1 -1 -3 -2 -2  6 -2 -4 -4 -2 -3 -3 -2  0 -2 -3 -3 -3    0   0   0   0   0   0   0 100   0   0   0   0   0   0   0   0   0   0   0   0  1.12 0.03
   52 I   -1 -3 -3 -3 -1 -3 -3 -4 -3  5  1 -3  1  0 -3 -3 -1 -3 -1  2    0   0   0   0   0   0   0   0   0 100   0   0   0   0   0   0   0   0   0   0  0.47 0.03
   53 K    0  1  0 -1 -2  3  1 -1  0 -3 -2  3 -1 -3 -1  1  0 -3 -2 -2    0   0   0   0   0  31   0   0   0   0   0  46   0   0   0  23   0   0   0   0  0.41 0.02
   54 S    1 -1  0  0 -1  0  0  0 -1 -3 -3  0 -2 -3 -1  4  1 -3 -2 -2    0   0   0   0   0   0   0   0   0   0   0   0   0   0   0 100   0   0   0   0  0.53 0.04
   55 A    2 -1 -1 -1 -1 -1 -1 -1 -2  0 -1 -1 -1 -2 -1  2  1 -3 -2  1   36   0   0   0   0   0   0   0   0   0   0   0   0   0   0  42   0   0   0  22  0.24 0.02
   56 I   -1 -2 -3 -3 -1 -2 -3 -3 -3  3  2 -2  4  0 -3 -2 -1 -2 -1  2    0   0   0   0   0   0   0   0   0  45  23   0  32   0   0   0   0   0   0   0  0.34 0.02
   57 Q   -1  1  0 -1 -3  6  2 -2  0 -3 -2  1 -1 -3 -1  0 -1 -2 -2 -2    0   0   0   0   0 100   0   0   0   0   0   0   0   0   0   0   0   0   0   0  0.77 0.05
   58 G    0 -2 -1 -1 -3 -2 -2  6 -2 -4 -4 -2 -3 -3 -2  0 -2 -3 -3 -3    0   0   0   0   0   0   0 100   0   0   0   0   0   0   0   0   0   0   0   0  1.12 0.03
   59 S    1 -1  0 -1 -1 -1 -1 -1 -1 -1 -2 -1 -1 -2  2  3  1 -3 -2  1    0   0   0   0   0   0   0   0   0   0   0   0   0   0  13  68   0   0   0  19  0.34 0.02
   60 N   -2 -1  6  1 -3  0  0 -1  0 -3 -4  0 -2 -3 -2  0  0 -4 -2 -3    0   0 100   0   0   0   0   0   0   0   0   0   0   0   0   0   0   0   0   0  0.84 0.04
   61 V    1 -2 -2 -2 -1 -2 -2 -2 -3  1 -1 -2  0 -2  4 -1  0 -3 -2  2   23   0   0   0   0   0   0   0   0   0   0   0   0   0  32   0   0   0   0  45  0.48 0.02
   62 P   -1 -2 -2 -2 -3 -1 -1 -2 -2 -3 -3 -1 -3 -4  8 -1 -1 -4 -3 -3    0   0   0   0   0   0   0   0   0   0   0   0   0   0 100   0   0   0   0   0  2.12 0.04
   63 N    1 -1  3  0 -2 -1 -1 -1 -1 -3 -3 -1 -2 -3  5  1  0 -3 -2 -2   23   0  27   0   0   0   0   0   0   0   0   0   0   0  37  13   0   0   0   0  0.65 0.02
   64 P    2 -2 -2 -2 -2 -1 -1 -1 -2 -2 -2 -1 -2 -3  6  0 -1 -3 -3 -1   37   0   0   0   0   0   0   0   0   0   0   0   0   0  63   0   0   0   0   0  1.17 0.03
   65 D   -1 -2  3  4 -3 -1  0  3 -1 -3 -4 -1 -3 -3 -2  0 -1 -3 -3 -3    0   0  23  40   0   0   0  37   0   0   0   0   0   0   0   0   0   0   0   0  0.59 0.02
   66 E    2  0 -1  0 -2  2  2 -1 -1 -2 -2  1 -1 -3 -1  0 -1 -3 -2 -1   42   0   0   0   0  18  27   0   0   0   0  13   0   0   0   0   0   0   0   0  0.31 0.02
   67 A    3 -1 -1 -2 -1  2  0 -1 -1 -1  0  0  0 -2 -1  0  0 -2 -2  0   59   0   0   0   0  23   0   0   0   0  18   0   0   0   0   0   0   0   0   0  0.22 0.02
   68 A    2 -1 -2 -2 -1 -1 -1 -1 -2  0 -1  1 -1 -2  3  0  0 -3 -2  1   43   0   0   0   0   0   0   0   0   0   0  19   0   0  18   0   0   0   0  20  0.28 0.01
   69 P    1 -2  2 -1 -2 -1 -1 -1 -1 -3 -3 -1 -2 -3  6  0 -1 -4 -3 -2   15   0  23   0   0   0   0   0   0   0   0   0   0   0  63   0   0   0   0   0  1.16 0.05
   70 S    0 -1  0 -1 -1  0 -1 -1 -1  0 -1  1 -1 -2 -1  3  2 -3 -2  1    0   0   0   0   0   0   0   0   0   0   0  15   0   0   0  53  10   0   0  23  0.22 0.03
   71 F   -1 -2  1 -2 -2 -1 -2 -2 -1  0  2 -2  2  3 -3  1 -1 -1  0  0    0   0  12   0   0   0   0   0   0   0  31   0  14  24   0  18   0   0   0   0  0.18 0.03
   72 V    2 -2 -2 -2 -1 -1 -2 -2 -2  1  1 -1  0 -1 -2  0  3 -3 -2  1   29   0   0   0   0   0   0   0   0  11  11   0   0   0   0   0  33   0   0  14  0.20 0.04
   73 S    0 -1  0  0 -2  2  3 -1 -1 -3 -3  0 -2 -3 -1  3  2 -3 -2 -2    0   0   0   0   0  14  30   0   0   0   0   0   0   0   0  39  17   0   0   0  0.40 0.06
   74 G    0 -2  0  2 -3 -2 -1  5 -2 -4 -4 -2 -3 -3 -2  0 -1 -3 -3 -3    0   0   0  17   0   0   0  76   0   0   0   0   0   0   0   7   0   0   0   0  0.86 0.07
   75 A    1 -2 -1 -2 -1 -1 -2 -2  3  1  2 -1  0 -1 -2  1  0 -2 -1  1   21   0   0   0   0   0   0   0  14  11  28   0   0   0   0  16   0   0   0  10  0.13 0.03
   76 M    2 -1 -2 -2 -1  2 -1 -2 -2  1  0 -1  3 -1 -2 -1 -1 -2 -2  2   28   0   0   0   0  16   0   0   0  11   0   0  24   0   0   0   0   0   0  21  0.17 0.05
   77 A    3 -1 -1 -1 -1  0  1  1 -1 -2 -2 -1 -2 -3 -1  3  0 -3 -2 -1   39   0   0   0   0   0  14  11   0   0   0   0   0   0   0  35   0   0   0   0  0.34 0.05
   78 K    0  1  3  0 -3  0  0 -1 -1 -3 -3  3 -2 -3  3  1 -1 -3 -2 -2   11   0  23   0   0   0   0   0   0   0   0  43   0   0  16   7   0   0   0   0  0.41 0.05
   79 A    3 -1 -1 -1 -1  0  1 -1 -1 -1 -2 -1 -1 -1 -1  1  0 -2  2  0   42   0   0   0   0   0  16   0   0   0   0   0   0   0   0  17   0   0  14  11  0.21 0.04
   80 G    1 -2 -1 -1 -2 -1 -2  5 -2 -3 -3 -1 -2 -2 -2  0 -1 -2 -2 -2   18   1   1   1   0   1   1  68   0   1   1   1   0   1   1   1   1   0   1   1  0.67 0.05
   81 K    1  1  0  2 -1  0  0 -1 -1 -2 -2  2 -1 -2 -1  1  0 -2 -1 -1   14  11   1  15   1   1   2   2   1   1   2  23   1   1   1  19   2   0   1   2  0.17 0.02
   82 G    0 -1  0  2 -2  1  0  2 -1 -2 -2  0 -1 -2  2  0 -1 -2 -2 -2   12   1   1  18   1  15   2  23   1   1   2   2   1   1  13   2   2   0   1   2  0.26 0.02
   83 L   -1 -3 -4 -4 -1 -2 -3 -4 -3  1  4 -3  2  0 -3 -3 -1 -2 -1  2    0   0   0   0   0   0   0   0   0   0  83   0   0   0   0   0   0   0   0  17  0.51 0.07
   84 L   -1 -2 -3 -3 -2 -2 -3 -3 -3  1  4 -2  3  0 -3  0 -1 -2 -1  0    0   0   0   0   0   0   0   0   0   0  73   0  16   0   0  11   0   0   0   0  0.40 0.06
   85 E   -1  1  0  2 -3  1  2 -2 -1 -3 -3  3 -2 -3 -1  1  1 -3 -2 -2    0   0   0  16   0   0  14   0   0   0   0  41   0   0   0  11  17   0   0   0  0.35 0.05
   86 G    1 -2  0  2 -2 -1 -1  5 -2 -3 -3 -1 -3 -3 -2  1 -1 -3 -3 -3   11   0   0  16   0   0   0  59   0   0   0   0   0   0   0  14   0   0   0   0  0.62 0.06
   87 T    1 -2 -1 -2 -1 -1 -2  2 -2  0 -1 -1  1 -2 -2  0  2 -3 -2  1   16   0   0   0   0   0   0  25   0   0   0   0  11   0   0   0  31   0   0  17  0.22 0.04
   88 L    2 -2 -3 -3 -1 -2 -2 -2 -2  2  1 -2  2  2 -2 -1 -1 -1  0  1   30   0   0   0   0   0   0   0   0  27  15   0   8  19   0   0   0   0   0   0  0.18 0.03
   89 Q   -1  0  2  0 -2  3  2 -2  0 -2 -2  0 -1 -3 -2  0  3 -3 -2 -2    0   0  19   0   0  36  11   0   0   0   0   0   0   0   0   0  34   0   0   0  0.39 0.06
   90 A    3 -1 -2 -2 -1  1 -1 -1 -2  0  1 -1  3 -1 -2  0 -1 -2 -2  0   47   0   0   0   0  15   0   0   0   0  19   0  19   0   0   0   0   0   0   0  0.20 0.05
   91 G    2 -2 -1 -2 -2 -2 -2  5 -2 -3 -3 -2 -2 -3 -2  0 -1 -3 -3 -2   28   0   0   0   0   0   0  72   0   0   0   0   0   0   0   0   0   0   0   0  0.81 0.06
   92 T    0 -2 -1 -2 -2 -2 -2  3 -2  1  0 -2  0 -2 -2  0  1 -3 -2  1    0   0   0   0   0   0   0  34   0  12  13   0   0   0   0   8  19   0   0  14  0.21 0.03
   93 S   -1 -1  3  4 -2  0  0 -1 -1 -3 -3 -1 -2 -3 -2  3  0 -4 -3 -3    0   0  26  36   0   0   0   0   0   0   0   0   0   0   0  38   0   0   0   0  0.54 0.06
   94 A    3 -1 -1 -2 -1  0 -1 -1 -2 -2 -2  2 -1 -2 -1  1  0  5 -1 -1   52   0   0   0   0   0   0   0   0   0   0  21   0   0   0  12   0  15   0   0  0.39 0.05
   95 V    1 -3 -3 -3 -1 -2 -2 -3 -3  2  1 -2  0 -1 -2 -1  0 -3 -2  4   14   0   0   0   0   0   0   0   0   0  13   0   0   0   0   0   0   0   0  73  0.35 0.06
   96 S    0  0 -1 -1 -2  0 -1  1 -1 -2  0  2 -1 -2  2  1  1 -3 -2 -1    0   0   0   0   0   5   0  15   0   0  12  21   0   0  13  19  14   0   0   0  0.22 0.03
   97 D    1 -1  3  4 -2  1  1 -1 -1 -3 -3  0 -2 -3 -2  1  0 -4 -2 -2   13   0  27  32   0   5   8   0   0   0   0   0   0   0   0  14   0   0   0   0  0.43 0.04
   98 K    1  1 -1 -1 -2  0  0 -1  3 -2 -1  3  2 -2 -1  1 -1 -3 -1 -2   14   0   0   0   0   0   0   0  14   0   0  46  13   0   0  13   0   0   0   0  0.26 0.05
   99 L   -1 -2 -2 -2 -1 -2 -2 -3 -2  1  3 -2  1  0 -2 -1  1 -2 -1  2    1   1   1   1   0   1   1   1   0   1  48   1   0   0   1   1  14   0   0  29  0.23 0.03
  100 L   -1 -1 -2 -2 -2 -1 -1 -2 -2  1  1  0  0  2  3 -1 -1 -2  0  1    1   1   1   1   0   1   1   1   0   9  26  14   0  13  16   1   1   0   0  15  0.17 0.02
  101 D   -1 -2  1  4 -2 -1  0  3 -1  0 -2 -1 -2 -2 -2 -1 -1 -3 -2 -1    1   1   6  42   0   1   1  29   0  14   1   1   0   0   1   1   1   0   0   1  0.36 0.03
  102 L    1 -1  1 -1 -2 -1 -1  1 -1  0  2  1  0 -1 -2  0 -1 -2 -2 -1   14   1  14   1   0   1   1  14   0   1  35  14   0   0   1   1   1   0   0   1  0.08 0.02
  103 V   -1 -1 -1 -2 -2 -1 -1  2 -2  1  1  1  0 -1 -2 -1 -1 -2 -2  1    1   1   1   1   0   1   1  27   0   6  23  16   0   0   1   1   1   0   0  20  0.12 0.02
  104 G   -1 -2 -1  2 -2 -1 -1  3 -1  0 -1 -1 -1  2 -2 -1 -1 -1 -1 -1    2   1   1  16   0   1   1  39   0  14   2   1   0  15   1   1   1   0   1   1  0.22 0.02
  105 L    1 -2 -2 -2 -1 -2 -2  1 -2  0  2 -2  0 -1  2 -1 -1 -2 -2  0   14   1   1   1   0   1   1  15   0   1  41   1   0   0  14   1   1   0   0   9  0.18 0.02
  106 G   -1 -2 -1  1 -2 -1 -1  4 -2 -2  0 -1 -1 -2  2 -1 -1 -2 -2 -2    1   1   1  15   0   1   1  49   0   1  14   1   0   0  13   1   1   0   0   1  0.42 0.03
  107 G   -1 -3 -2 -2 -3 -2 -2  3 -3 -3 -4 -2 -3 -4  6 -1 -2 -4 -3 -3    0   0   0   0   0   0   0  38   0   0   0   0   0   0  62   0   0   0   0   0  1.36 0.08
  108 K   -1  3  1 -1 -3  0  0  1 -1 -3 -3  3 -2 -3  2  1 -1 -3 -2 -3    0  20   7   0   0   0   0   9   0   0   0  40   0   0  10  14   0   0   0   0  0.38 0.04
  109 S    0 -1  0  2 -2  1  0 -1  2 -3 -3  0 -2 -3 -1  3  1 -3 -2 -2    0   0   0  17   0  11   0   0   9   0   0   0   0   0   0  54   9   0   0   0  0.38 0.05
  110 A    3 -2 -1 -2 -2 -1 -2  4 -2 -3 -3 -1 -2 -3  2  0 -1 -3 -3 -2   48   0   0   0   0   0   0  42   0   0   0   0   0   0  10   0   0   0   0   0  0.55 0.05
  111 A    3  0 -1 -1 -1  0  0 -1 -1 -2 -2  2 -1 -3 -1  1  1 -3 -2 -1   49   0   0   0   0   0   0   0   0   0   0  32   0   0   0  10   9   0   0   0  0.31 0.05
  112 D   -1 -1  0  4 -3  1  2 -2 -1 -1 -2  0  1 -3 -2  1 -1 -3 -2  0    0   0   0  37   0  10  19   0   0   0   0   0   9   0   0  11   0   0   0  14  0.32 0.04
  113 K    2  1 -1 -2 -2  1  0 -1 -1 -1  1  2  1 -2 -2  0 -1 -2 -2 -1   33   7   0   0   0  11   0   0   0   0  19  21   9   0   0   0   0   0   0   0  0.15 0.03
  114 G    0 -3 -1 -2 -3 -2 -3  6 -2 -4 -4 -2 -3 -4 -3 -1 -2 -3 -3 -4    0   0   0   0   0   0   0 100   0   0   0   0   0   0   0   0   0   0   0   0  1.27 0.09
  115 K   -1  4 -1 -1 -3  3  0 -2 -1 -3 -3  4 -1 -3 -2 -1 -1 -3 -2 -3    0  34   0   0   0  18   0   0   0   0   0  48   0   0   0   0   0   0   0   0  0.61 0.06
  116 D    1 -1  2  5 -3  0  2 -1 -1 -3 -3 -1 -3 -3 -2  0 -1 -4 -3 -3   18   0  14  58   0   0  10   0   0   0   0   0   0   0   0   0   0   0   0   0  0.62 0.06
  117 T    3 -1 -1 -2 -1  2  0 -1 -1 -2 -2  0 -1 -3 -1  1  2 -3 -2 -1   54   0   0   0   0  19   0   0   0   0   0   0   0   0   0   0  28   0   0   0  0.34 0.06
  118 R    0  4  2 -1 -3  0  0 -2 -1 -3 -2  3 -1  1 -2 -1 -1 -2 -1 -2    9  42  14   0   0   0   0   0   0   0   0  25   0  10   0   0   0   0   0   0  0.38 0.05
  119 D    2 -2  0  4 -2 -1  0 -1 -2 -1 -2 -1 -2 -3 -2  1 -1 -4 -3  0   27   0   0  52   0   0   0   0   0   0   0   0   0   0   0  10   0   0   0  11  0.43 0.05
  120 Y   -2 -2 -3 -4 -3 -2 -3 -4  1 -2 -1 -3 -1  4 -4 -2 -2  2  7 -2    0   0   0   0   0   0   0   0   0   0   0   0   0  19   0   0   0   0  81   0  1.10 0.10
  121 L   -2 -2 -3 -3 -2 -2 -3  0 -2  0  2 -2  3  3 -3 -2 -2 -1  2  0    0   0   0   0   0   0   0  11   0   0  36   0  19  23   0   0   0   0  10   0  0.29 0.04
  122 A    2 -1  0  4 -2  0  3 -1 -1 -3 -3  1 -2 -3 -1  0 -1 -3 -3 -2   28   0   0  37   0   0  25   0   0   0   0  10   0   0   0   0   0   0   0   0  0.44 0.05
  123 A    3 -1 -1 -1 -1 -1  1 -1 -2  0 -1  0 -1 -2 -1  1  1 -3 -2  0   53   0   0   0   0   0   9   0   0  14   0   9   0   0   0   4  11   0   0   0  0.21 0.04
  124 A    4 -2 -2 -2 -1 -1 -1  2 -2 -2 -2 -1 -1 -3 -1  1 -1 -3 -2 -1   86   0   0   0   0   0   0  14   0   0   0   0   0   0   0   0   0   0   0   0  0.53 0.07
  125 F   -2 -3 -3 -3 -3 -3 -3  1  0 -1 -1 -3 -1  5 -4 -2 -2  1  5 -2    0   0   0   0   0   0   0  14   0   0   0   0   0  56   0   0   0   0  30   0  0.70 0.07
  126 P   -1 -1 -2 -2 -3 -1 -1 -3 -2 -3 -3  1 -3 -4  7 -1 -1 -4 -3 -3    0   0   0   0   0   0   0   0   0   0   0  14   0   0  86   0   0   0   0   0  1.83 0.10
  127 E    0 -1  0  0 -3  0  2  4 -1 -4 -3  1 -2 -3 -2  1 -1 -3 -3 -3    0   0   0   0   0   0  28  48   0   0   0  10   0   0   0  14   0   0   0   0  0.51 0.05
  128 L   -1 -2 -2 -3 -1 -2 -2 -3 -2  0  2 -2  2  2 -2  0  3 -2  0  0    0   0   0   0   0   0   0   0   0   0  38   0   9  14   0   0  40   0   0   0  0.27 0.05
  129 N   -2 -1  7  1 -3  0 -1 -1  0 -4 -4 -1 -3 -4 -3  0 -1 -4 -3 -3    0   0 100   0   0   0   0   0   0   0   0   0   0   0   0   0   0   0   0   0  1.07 0.11
  130 A    1 -2 -2 -2 -2  1 -1 -2 -2 -2 -2 -1 -2 -3  6 -1 -1 -4 -3  0   17   0   0   0   0   9   0   0   0   0   0   0   0   0  63   0   0   0   0  11  1.14 0.07
  131 W   -3 -3 -4 -5 -3 -3 -4 -3 -3 -3 -2 -4 -2  0 -4 -3 -3 11  1 -4    0   0   0   0   0   0   0   0   0   0   0   0   0   0   0   0   0 100   0   0  2.95 0.16
  132 E   -1 -1  0  3 -4  1  5 -2 -1 -4 -3  0 -3 -4 -2 -1 -1 -4 -3 -3    0   0   0  25   0   0  75   0   0   0   0   0   0   0   0   0   0   0   0   0  0.83 0.08
  133 R    0  5 -1 -2 -3  2  0 -2 -1 -3 -2  3 -2 -3 -2 -1 -1 -3 -2 -2   10  56   0   0   0   9   0   0   0   0   0  25   0   0   0   0   0   0   0   0  0.59 0.06
  134 A    3 -2 -2 -3 -1 -2 -2 -1 -2  0  2 -2  0 -1 -2  0 -1 -2 -2  0   58   0   0   0   0   0   0   0   0   0  42   0   0   0   0   0   0   0   0   0  0.30 0.06
  135 G    1 -3 -1 -2 -3 -2 -2  6 -2 -4 -4 -2 -3 -3 -2  0 -2 -3 -3 -3   11   0   0   0   0   0   0  89   0   0   0   0   0   0   0   0   0   0   0   0  1.06 0.08
  136 A    4 -2 -1 -2 -1 -1 -1  2 -2 -2 -2 -1 -1 -3 -1  1  0 -3 -2 -1   77   0   0   0   0   0   0  14   0   0   0   0   0   0   0   9   0   0   0   0  0.47 0.06
  137 D    1 -2  1  2 -2 -1 -1  3 -2 -3 -3 -1 -2 -3  2  1 -1 -3 -3 -3   11   0   9  17   0   0   0  38   0   0   0   0   0   0  14  10   0   0   0   0  0.48 0.04
  138 A    3 -1  1 -1 -1 -1 -1  1 -1 -2 -2 -1 -2 -3 -1  3  0 -3 -2 -1   46   0  10   0   0   0   0   9   0   0   0   0   0   0   0  35   0   0   0   0  0.36 0.05
  139 S    2 -1 -1 -1 -2  1 -1  1 -1 -3 -3 -1 -2 -3  4  2  0 -3 -2 -2   20   0   0   0   0  10   0   9   0   0   0   0   0   0  24  36   0   0   0   0  0.48 0.05
  140 S    2 -1 -1 -1 -1 -1 -1  2 -2 -2 -2 -1  1 -2 -1  3  1 -3 -2 -1   30   0   0   0   0   0   0  14   0   0   0   0   9   0   0  40   7   0   0   0  0.30 0.04
  141 A    2 -2 -1 -2 -1 -1 -1  2 -2  0 -1 -1 -1 -2 -2  1  1 -3 -2  0   36   0   0   0   0   0   0  24   0   9   0   0   0   0   0  10  11   0   0   9  0.24 0.03
  142 G   -1 -1  3  0 -3  2  1  4 -1 -4 -3 -1 -2 -3  2  0 -1 -3 -3 -3    0   0  21   0   0  14   9  46   0   0   0   0   0   0  10   0   0   0   0   0  0.52 0.05
  143 M    1 -2 -3 -3 -1 -2 -2 -2 -3  2  2 -2  3  0 -2 -1 -1 -2 -1  2   19   0   0   0   0   0   0   0   0  10  32   0  21   0   0   0   0   0   0  18  0.25 0.04
  144 V    1 -1 -1 -1 -2  1  2 -2 -1  0 -1  0  0 -2 -1  0  0 -2 -2  2   19   1   0   1   0  12  26   1   0   1   1   1   0   0   1   1   1   0   0  36  0.16 0.03
  145 D    0 -1  0  4 -2  0  2 -1 -1 -2 -2  1 -2 -3 -1  1  1 -3 -2 -2    9   1   0  47   0   0  10   1   0   1   1  10   0   0   1   8  11   0   0   1  0.40 0.04
  146 A    3  0 -1 -1 -2  1  0  1 -1 -2 -2  3 -1 -3 -1  1  0 -3 -2 -1   41   0   0   0   0   9   0   9   0   0   0  34   0   0   0   7   0   0   0   0  0.30 0.04
  147 G    0  0 -1 -1 -2  3  0  2 -1 -2 -2  2 -1 -3 -2  0  0 -3 -2  0    7   0   0   0   0  34   0  21   0   0   0  19   0   0   0   0   9   0   0  10  0.27 0.04
  148 F   -1 -1 -1 -2 -2  3 -1 -3 -1  0  0 -1  1  4 -2 -1  1 -1  1  1    0   0   0   0   0  27   0   0   0   0   0   0   9  32   0   0  18   0   0  14  0.23 0.05
  149 E   -1  1  1  0 -3  2  3 -2 -1 -3 -3  4 -2 -3 -1  0 -1 -3 -2 -3    0   0   7   0   0  10  30   0   0   0   0  54   0   0   0   0   0   0   0   0  0.53 0.06
  150 N    1  0  2  0 -2  4  0 -1  0 -3 -2  0 -1 -3 -1  2  1 -3 -2 -2   13   0  18   0   0  37   0   0   0   0   0   0   0   0   0  21  12   0   0   0  0.36 0.06
  151 Q   -1  2 -1 -1 -3  6  1 -2  0 -3 -3  1 -1 -4 -2 -1 -1 -3 -2 -3    0  11   0   0   0  89   0   0   0   0   0   0   0   0   0   0   0   0   0   0  0.90 0.13
  152 K    0  1  1  0 -3  2  2 -1 -1 -3 -3  3 -2 -3 -1  0 -1 -3 -2 -2   13   0  11   0   0  12  21   0   0   0   0  44   0   0   0   0   0   0   0   0  0.39 0.06
  153 E   -1  2  0  2 -4  3  4 -2  0 -3 -3  2 -2 -3 -2  0 -1 -3 -2 -3    0  10   0  11   0  25  41   0   0   0   0  13   0   0   0   0   0   0   0   0  0.55 0.06
  154 L   -1 -2 -3 -3 -2 -2 -3 -3 -3  1  4 -2  3  0 -3 -2  1 -2 -1  0    0   0   0   0   0   0   0   0   0   0  71   0  16   0   0   0  13   0   0   0  0.43 0.07
  155 T    1  0 -1 -1 -2  5  1 -2 -1 -2 -1  0 -1 -3 -2  0  2 -2 -2 -1   11   0   0   0   0  55   0   0   0   0   6   0   0   0   0   0  28   0   0   0  0.42 0.08
  156 K    1  1  2 -1 -3  1  1 -1 -1 -3 -3  4 -2 -3 -1  0 -1 -3 -2 -2   20   0  13   0   0   0  10   0   0   0   0  57   0   0   0   0   0   0   0   0  0.39 0.07
  157 M   -1  2  1 -1 -3  3  0 -2 -1 -1  0  1  5 -2 -2 -1 -1 -2 -2 -1    0  11  12   0   0  22   0   0   0   0   0  10  45   0   0   0   0   0   0   0  0.30 0.08
  158 Q   -1  0 -1  0 -3  4  3 -2 -1 -1 -2  0 -1 -3 -2  0  1 -3 -2  0    0   0   0   0   0  44  33   0   0   0   0   0   0   0   0   0  11   0   0  13  0.45 0.07
  159 L   -2 -3 -4 -4 -2 -3 -3 -4 -3  2  4 -3  2  0 -3 -3 -1 -2 -1  2    0   0   0   0   0   0   0   0   0  10  78   0   0   0   0   0   0   0   0  13  0.50 0.07
  160 D    0  1  0  4 -3  3  1 -2 -1 -3 -3  0 -2 -3 -2  0 -1 -3 -2 -3   10  11   0  47   0  32   0   0   0   0   0   0   0   0   0   0   0   0   0   0  0.55 0.07
  161 N   -1 -1  4  0 -2  0 -1  2 -1 -3 -3  1 -2 -3 -2  0  2 -3 -2 -2    0   0  46   0   0   0   0  21   0   0   0  13   0   0   0   0  21   0   0   0  0.44 0.07
  162 Q   -1  4 -1 -1 -4  5  1 -2  0 -3 -3  1 -1 -4 -2 -1 -1 -3 -2 -3    0  33   0   0   0  67   0   0   0   0   0   0   0   0   0   0   0   0   0   0  0.77 0.11
  163 K   -1  1 -1 -1 -3  1  1 -2 -1 -2  0  4 -1 -2 -2  1 -1 -3 -2 -1    0   0   0   0   0   0  11   0   0   0  13  61   0   0   0  11   0   0   0   5  0.32 0.07
  164 E   -1  0  0  4 -4  3  3 -2 -1 -3 -3  2 -2 -4 -2  0 -1 -3 -2 -3    0   0   0  38   0  23  24   0   0   0   0  15   0   0   0   0   0   0   0   0  0.59 0.06
  165 I   -1 -3 -3 -4 -2 -3 -3 -4 -3  5  1 -3  3 -1 -3 -3 -1 -3 -2  2    0   0   0   0   0   0   0   0   0  77   0   0  13   0   0   0   0   0   0  10  0.52 0.09
  166 A    4 -1 -2 -2 -1  1 -1 -1 -2 -1 -2 -1 -1 -2 -1  0  0 -3 -2  1   76   0   0   0   0  13   0   0   0   0   0   0   0   0   0   0   0   0   0  11  0.39 0.08
  167 E   -1  2  2  3 -3  1  2 -1 -1 -3 -3  2 -2 -3 -1  0 -1 -3 -2 -2    1  20  12  24   0   0  14   1   0   1   1  22   0   0   1   1   1   0   0   1  0.38 0.04
  168 M   -1 -1 -2 -2 -2 -1 -2 -3 -2  4  1  0  3 -1 -2 -2 -1 -2 -1  1    1   1   0   1   0   0   1   1   0  55   1  12  24   0   1   1   1   0   0   1  0.26 0.06
  169 Q    1  0 -1 -1 -2  6  1 -2  0 -3 -2  1 -1 -3 -1  0 -1 -2 -2 -2   13   1   0   1   0  78   1   1   0   1   1   1   0   0   1   1   1   0   0   1  0.65 0.10
  170 N    1 -1  2 -1 -1 -1 -1  2 -1 -2 -2 -1  0 -2 -1  1  1 -2 -2 -1   22   1  19   1   0   0   1  22   0   1   1   1   6   0   1  13  12   0   0   1  0.23 0.03
  171 E    1  1  1  1 -2  2  2  1 -1 -2 -2  0 -1 -3 -1  0 -1 -2 -2 -2   25  11   6  10   0  12  19  11   0   1   1   1   0   0   1   1   1   0   0   1  0.22 0.03
  172 T    1  1  2 -1 -1  0 -1 -1  0 -2 -2  0 -1 -1 -1  1  2 -1  2 -1   22  13  16   1   0   0   1   1   0   1   1   1   0   0   1  12  19   0  12   1  0.17 0.03
  173 Q    0  0  1 -1 -2  5  1 -2  0 -2 -2  0 -1 -3 -1  0  1 -2 -2 -2   10   1   6   1   0  65   1   1   0   1   1   1   0   0   1   1  11   0   0   1  0.48 0.08
  174 K    1  0 -1 -1 -1  0  1 -2 -1  0  1  1  0 -1 -1  0  2 -2 -1  0   13   1   0   1   0   0  12   1   0   1  18  19   0   0   1   1  22   0   0  10  0.10 0.02
  175 E   -1  3  0  1 -3  2  2 -2 -1 -2 -2  2 -1 -3 -1  0  1 -2 -2 -2    1  24   0   5   0   6  24   1   0   1   1  22   0   0   1   1  11   0   0   1  0.35 0.04
  176 I    2 -2 -1 -2 -1 -1 -1 -1 -2  2  0 -1  0 -1 -1  1  1 -2 -1  2   24   1   0   1   0   0   1   1   0  25   1   1   0   0   1  11  12   0   0  22  0.14 0.03
  177 A    4 -2 -2 -2 -1 -1 -1  0 -2 -2 -2 -1 -1 -2 -1  1  0 -2 -2 -1   91   1   0   1   0   0   1   1   0   1   1   1   0   0   1   1   1   0   0   1  0.51 0.08
  178 G    1  1 -1 -1 -2 -1 -1  4 -1 -3 -2  1 -2 -3 -1  0 -1 -2 -2 -2   22  12   1   1   0   0   1  47   0   1   1  10   0   0   1   1   1   0   0   1  0.41 0.04
  179 I   -1 -3 -3 -3 -1 -2 -3 -3 -3  4  2 -2  1  0 -2 -2 -1 -2 -1  2    1   1   1   1   0   0   1   1   0  66  14   1   0   0   1   1   1   0   0  11  0.36 0.06
  180 Q    1  0  3  0 -2  4  1 -1  0 -3 -2  0 -1 -3 -2  0  1 -3 -2 -2   21   0  22   0   0  47   0   0   0   0   0   0   0   0   0   0  10   0   0   0  0.41 0.08
  181 S    2 -1  1  0 -2  0  1 -1  4 -2 -2 -1 -2 -2 -1  2  1 -3 -1 -2   22   0  10   0   0   0  11   0  21   0   0   0   0   0   0  24  12   0   0   0  0.29 0.05
  182 A    3 -2 -1 -2 -1 -1 -1  3  2 -2 -2 -1 -2 -3 -2  0 -1 -3 -2 -1   54   0   0   0   0   0   0  32  10   0   0   0   0   0   0   0   0   0   0   5  0.41 0.06
  183 T    0 -2 -1 -2 -1 -1 -1 -2 -2  1  1 -1  0 -1  2  1  3 -2 -2  1    1   1   0   1   0   0   1   1   0  13  12   1   0   0  11  12  35   0   0  10  0.20 0.03
  184 S    1 -1  0  0 -2  2  1  1 -1 -2 -2  0 -1 -2 -1  3  0 -2 -2 -2   10   1   0   1   0  13  11  12   0   1   1   1   0   0   1  46   1   0   0   1  0.29 0.04
  185 R    0  4 -1 -2 -2  0 -1  1 -1 -1  0  1  1 -2 -2 -1 -1 -2 -2 -1   12  46   0   1   0   0   1  12   0   1  13   1  10   0   1   1   1   0   0   1  0.24 0.04
  186 Q   -1  0 -1  1 -2  3  0 -2 -1  0  0  1  1  1 -2 -1 -1 -2 -1  0    1   1   0  12   0  30   1   1   0   1  11  13   5  12   1   1   1   0   0  11  0.13 0.03
  187 N    0  0  4  0 -2  2  0 -1  0 -2 -2  1 -1 -3 -1  0  1 -3 -2 -2   12   1  46   1   0  13   1   1   0   1   1  10   0   0   1   1  11   0   0   1  0.35 0.05
  188 T    1 -1 -1 -2 -1 -1 -1 -2 -1 -1 -1 -1  1 -1 -1  1  4 -1  2  0   12   1   0   1   0   0   1   1   0   1   1   1  10   0   1   1  57   0  13   1  0.30 0.06
  189 K   -1  0 -1 -1 -3  0  1  1 -2 -2 -1  3 -1 -3  4 -1 -1 -3 -2 -2    0   0   0   0   0   0  11  13   0   0  11  34   0   0  31   0   0   0   0   0  0.51 0.06
  190 D   -2 -2  1  5 -3  0  2 -2  2 -3 -3 -1 -3 -3 -2  0  1 -4 -2 -3    0   0   0  68   0   0  12   0  10   0   0   0   0   0   0   0  11   0   0   0  0.74 0.08
  191 Q    1  0  0  1 -2  4  1 -2  0 -3 -2  0 -1 -1 -2  2  0 -2  2 -2   10   0   0  10   0  46   0   0   0   0   0   0   0   0   0  21   0   0  13   0  0.36 0.07
  192 V   -1 -3 -3 -3 -1 -2 -3 -3 -3  2  1 -2  3  2 -3 -2 -1 -2 -1  3    0   0   0   0   0   0   0   0   0  10   0   0  23  11   0   0   0   0   0  57  0.37 0.07
  193 Y   -1  2 -1 -1 -2  0  1 -2  0 -2 -2  0 -2  0 -2  1  1  0  4 -2    0  23   0   0   0   0  13   0   0   0   0   0   0   0   0  20  10   0  34   0  0.32 0.06
  194 A    2  3  1 -1 -2  0  0 -1 -1 -3 -2  2 -2 -3 -1  2  0 -3 -2 -2   24  22  11   0   0   0   0   0   0   0   0  22   0   0   0  20   0   0   0   0  0.30 0.04
  195 Q   -1 -1 -1 -1 -2  4  0  1 -1  1 -1  0  0 -2 -2 -1  1 -3 -2  1    0   0   0   0   0  46   0  13   0  20   0   0   0   0   0   0  11   0   0  11  0.24 0.06
  196 N   -1 -1  4  2 -2  0  1  1  0 -3 -3  0 -2 -3 -2  0  1 -3 -2 -2    1   1  44  12   0   0  12  11   0   1   1   1   0   0   1   1  13   0   0   1  0.39 0.05
  197 E    2  1  0  0 -1  0  2 -1 -1 -2 -2  0 -1 -2 -1  2  0 -2 -1 -1   23  12   1   1   0   1  25   1   0   1   2   1   0   1   1  25   1   0   1   1  0.23 0.03
  198 M   -1 -1 -1 -1 -2  3  1 -2 -1  0  0  0  3 -1 -2 -1 -1 -2 -1  1    1   1   1   1   0  23  11   1   0   1   2   1  28   1   1   1   1   0   1  24  0.17 0.05
  199 L   -1  1 -2 -2 -2 -1 -2  1 -2  1  2 -1  1 -1  0 -1 -1 -2 -1  0    1  11   1   1   0   1   1  14   0  11  47   1   0   1   6   1   1   0   1   1  0.13 0.03
  200 A    1  0  2  0 -2  3  0 -1  0 -2 -2  0 -1 -2  2  1  0 -2 -2 -1   19   1  14   1   0  27   1   1   0   1   2   1   0   1  11  17   1   0   1   1  0.27 0.04
  201 Y   -1  1 -1 -2 -2  1 -1  2  0 -2 -1 -1 -1  2 -2 -1 -1  0  4 -2    1  11   1   1   0  12   1  23   0   1   2   1   0  14   1   1   1   0  28   1  0.25 0.04
  202 Q   -1 -1  3  1 -2  1  0 -1 -1  0 -1  0 -1 -2 -1  0  1 -2 -2  1    1   1  24  11   0  13   1   1   0   1   2   6   0   1   1   1  12   0   1  23  0.14 0.03
  203 Q   -1  0 -1 -1 -2  3  0 -2  0 -1  0  0  0  1 -1  0  1 -1  0 -1    2   1   1   1   1  39   2   2   1   1  14   2   1  12   1   2  14   0   1   2  0.16 0.04
  204 K   -1  2  0  2 -2  1  1 -1 -1 -2 -2  4 -1 -2 -1  0 -1 -2 -1 -2    2   6   1  13   1   1   2   2   1   1   2  58   1   1   1   2   2   0   1   2  0.32 0.05
  205 E   -1  0  0  1 -2  1  4 -1  0 -2 -2  2 -1 -2 -1  0 -1 -2 -1 -2    2   1   1   1   1   1  51   2   1   1   2  25   1   1   1   2   2   0   1   2  0.39 0.05
  206 S    0  1  1 -1 -1  1  0 -1 -1 -1  0  0 -1 -2 -1  2  0 -2 -1 -1    1  13  11   1   0  12   1   1   0   1  15   1   0   1   1  37   1   0   1   1  0.16 0.04
  207 T   -1  0 -1  0 -2  3  2  0 -1 -1 -1  0  2 -2 -1  0  1 -2 -2 -1    1   0   0   0   0  29  22   9   0   0   1   0  15   0   0   1  18   0   0   1  0.25 0.06
  208 A    3  2 -1 -2 -2 -1 -1  1 -2 -2 -2  0 -2 -3  2  1 -1 -3 -2 -1   53  19   0   0   0   0   0  10   0   0   0   0   0   0  13   5   0   0   0   0  0.36 0.07
  209 R   -2  4 -1  0 -4  1  3 -3  3 -3 -3  1 -2 -3 -2 -1 -1 -3 -1 -3    0  46   0   0   0   0  42   0  12   0   0   0   0   0   0   0   0   0   0   0  0.61 0.09
  210 V   -1 -3 -3 -3 -1 -3 -3 -4 -3  3  2 -3  1 -1 -3 -2 -1 -3 -1  3    0   0   0   0   0   0   0   0   0  34  14   0   0   0   0   0   0   0   0  52  0.42 0.06
  211 A    3 -1  0  3 -2  0  1  1 -1 -2 -2 -1 -2 -3 -1  1  0 -3 -2 -1   47   0   0  26   0   0  10   7   0   0   0   0   0   0   0   9   0   0   0   0  0.34 0.05
  212 S    0 -1  3  0 -2  0  1 -1 -1 -2 -1 -1 -1 -2  2  2  0 -3 -2 -2    7   0  34   0   0   0  12   0   0   0  11   0   0   0  12  23   0   0   0   0  0.30 0.05
  213 I   -2 -3 -4 -4 -2 -3 -4 -4 -3  5  1 -3  1  2 -3 -3 -1 -2 -1  2    0   0   0   0   0   0   0   0   0  88   0   0   0  12   0   0   0   0   0   0  0.53 0.10
  214 M    1 -1 -1  1 -2  1  1 -2 -1  0  1 -1  2 -2 -2  0 -1 -2 -2  0   24   0   0  12   0  12  11   0   0   0  12   0  18   0   0   0   0   0   0   9  0.12 0.04
  215 E    2 -1 -1  0 -2  2  3 -1 -1 -2 -2  0 -1 -3 -1  1  1 -3 -2 -1   29   0   0   0   0   9  37   0   0   0   0   0   0   0   0  12  12   0   0   0  0.34 0.05
  216 N   -2  3  4  2 -3  2  0 -2  0 -3 -3  1 -2 -3 -2  0 -1 -3 -2 -3    0  34  40  14   0  11   0   0   0   0   0   0   0   0   0   0   0   0   0   0  0.53 0.07
  217 T    0 -2  0 -1 -1 -1 -1 -2 -2 -1 -2 -1 -1 -3 -2  1  5 -3 -2  0    0   0   0   0   0   0   0   0   0   0   0   0   0   0   0   0 100   0   0   0  0.74 0.11
  218 N    1  2  3  3 -2  2  0 -1  0 -3 -3  0 -2 -3 -2  1  0 -3 -2 -2   13  15  19  21   0  16   0   0   0   0   0   0   0   0   0  16   0   0   0   0  0.32 0.04
  219 L   -1 -2 -2 -3 -2  2 -1 -3 -2  1  3 -1  1 -1 -3 -1  1 -2 -2  0    0   0   0   0   0  17   0   0   0   0  69   0   0   0   0   0  14   0   0   0  0.33 0.07
  220 S    0  0  2  2 -2  0  2 -1 -1 -3 -3  1 -2 -3 -1  2  1 -3 -2 -2    0   0  13  17   0   0  14   0   0   0   0  13   0   0   0  31  11   0   0   0  0.35 0.05
  221 K   -1  5 -1 -1 -3  2  0 -2 -1 -3 -2  3 -1 -3 -2  0  1 -3 -2 -2    0  51   0   0   0  13   0   0   0   0   0  18   0   0   0   0  18   0   0   0  0.55 0.08
  222 Q   -1  0  0  0 -2  3  3 -2 -1 -3 -2  1 -1 -3 -1  1  2 -3 -2 -2    0   0   0   0   0  24  31   0   0   0   0   8   0   0   0  14  23   0   0   0  0.41 0.06
  223 Q   -1  3 -1 -1 -3  5  1  1  0 -3 -3  1 -1 -4 -2 -1 -1 -3 -2 -3    0  17   0   0   0  70   0  13   0   0   0   0   0   0   0   0   0   0   0   0  0.68 0.11
  224 Q    2  0 -1 -2 -2  3  0 -1 -1 -1  0  1  0 -2 -2  0 -1 -3 -2 -1   35   0   0   0   0  34   0   0   0   0  17  13   0   0   0   0   0   0   0   0  0.26 0.06
  225 V    0 -1 -2 -2 -2 -1 -1 -2 -1  1 -1  1  0 -1  3 -1  0 -2  2  2   10   0   0   0   0   0   0   0   0  13   0  14   0   0  17   0   8   0  13  24  0.21 0.04
  226 S   -1  0  2 -1 -2  0 -1 -2  5 -2  0  1 -1 -2 -2  2 -1 -3  0 -2    0   0  13   0   0   0   0   0  35   0  14  13   0   0   0  24   0   0   0   0  0.33 0.07
  227 E   -1  0  2  2 -3  1  4 -2 -1 -2  0  2 -1 -3 -2 -1 -1 -3 -2 -2    0   0  13   7   0   0  53   0   0   0  13  14   0   0   0   0   0   0   0   0  0.42 0.07
  228 I   -2 -2 -3 -2 -2 -1  1 -3 -2  4  1 -2  5 -1 -3 -2 -1 -3 -2  1    0   0   0   0   0   0  14   0   0  50   0   0  36   0   0   0   0   0   0   0  0.37 0.09
  229 M    2 -1 -2 -2 -2  1 -1  2 -2 -1  0 -1  4 -2 -2  0 -1 -2 -2 -1   37   0   0   0   0  13   0  17   0   0   0   0  32   0   0   0   0   0   0   0  0.27 0.07
  230 R   -1  4 -1  0 -4  2  3 -2 -1 -3 -3  3 -2 -3 -2 -1 -1 -3 -2 -3    0  32   0   0   0  13  27   0   0   0   0  27   0   0   0   0   0   0   0   0  0.56 0.07
  231 Q    2  1 -1 -2 -2  2 -1 -2  1  2  0  0  1 -2 -2 -1 -1 -3 -1  0   27  13   0   0   0  18   0   0   7  27   0   0   8   0   0   0   0   0   0   0  0.14 0.05
  232 M    0 -2 -2 -2 -2 -1  1  1 -2  2  1 -1  4 -1 -2 -1 -1 -2 -2  1    8   0   0   0   0   0  14  13   0  17   0   0  37   0   0   0   0   0   0  10  0.18 0.06
  233 L   -2 -1 -2 -2 -2  2  0 -3 -2  1  4 -1  1 -1 -3 -2 -1 -2 -2  0    0   0   0   0   0  17  10   0   0   0  73   0   0   0   0   0   0   0   0   0  0.36 0.08
  234 T    1 -2  0  2 -1 -1 -1 -2 -2  1 -1 -1 -1 -2 -2  0  4 -3 -2  0   14   0   0  17   0   0   0   0   0  13   0   0   0   0   0   0  55   0   0   0  0.33 0.07
  235 Q   -1  1  0 -1 -2  4  0  1  2 -3 -2  0 -1 -3 -2  1  2 -3 -2 -2    0   8   0   0   0  42   0  13   7   0   0   0   0   0   0  13  17   0   0   0  0.36 0.07
  236 A    4  2 -2 -2 -1 -1 -1 -1 -2 -1  0  0 -1 -2 -1  1  0 -3 -2 -1   66  17   0   0   0   0   0   0   0   0  10   0   0   0   0   7   0   0   0   0  0.33 0.07
  237 Q   -1  2 -1 -1 -3  4  1 -2  0 -2  1  2  0 -2 -2 -1 -1 -2 -2 -2    0  13   0   0   0  52   0   0   0   0  19  16   0   0   0   0   0   0   0   0  0.41 0.06
  238 T    0 -1  0 -1 -2 -1  1  1 -2 -2 -2 -1 -1 -3 -1  2  4 -3 -2 -1    0   0   0   0   0   0  10  16   0   0   0   0   0   0   0  13  61   0   0   0  0.40 0.06
  239 A    2  2 -1 -1 -2  2  0 -1 -1 -2 -2  2 -1 -3 -1  1  1 -3 -2 -1   40  19   0   0   0  13   0   0   0   0   0  15   0   0   0   4  10   0   0   0  0.27 0.04
  240 G    0 -3 -1 -2 -3 -2 -2  6 -2 -4 -4 -2 -3 -3 -2 -1 -2 -3 -3 -3    0   0   0   0   0   0   0 100   0   0   0   0   0   0   0   0   0   0   0   0  1.18 0.06
  241 Q   -1  0 -1 -1 -3  6  1 -2  0  1 -1  1  0 -3 -2 -1 -1 -2 -2 -1    0   0   0   0   0  83   0   0   0  17   0   0   0   0   0   0   0   0   0   0  0.59 0.07
  242 Y    1  2 -1 -1 -2 -1 -1 -2  3 -1  0 -1  0  0 -2 -1 -1 -1  3 -1   20  17   0   4   0   0   0   0  17   0  17   0   0   0   0   0   0   0  25   0  0.19 0.03
  243 F   -1 -2 -2 -2 -1 -2 -2 -2 -2  1  3 -2  1  4 -2 -2 -1  0  1  0    2   1   1   1   0   1   1   1   0   1  46   1   0  37   1   1   1   0   1   1  0.29 0.02
  244 T    0 -1  2 -1 -1 -1 -1 -1 -1 -1 -2 -1 -1 -3 -1  2  4 -3 -2 -1    0   0  17   0   0   0   0   0   0   0   0   0   0   0   0  17  66   0   0   0  0.45 0.05
  245 N   -2 -1  5  0 -3 -1 -1 -1  2  1 -2 -1 -1 -2 -2  0  0 -4 -2 -1    0   0  74   0   0   0   0   0   6  20   0   0   0   0   0   0   0   0   0   0  0.51 0.06
  246 D    0 -1  0  4 -3  1  3 -1 -1 -3 -3  0 -2 -3 -1  1 -1 -4 -3 -3    7   0   0  46   0   0  36   0   0   0   0   0   0   0   0  10   0   0   0   0  0.59 0.04
  247 Q   -1  0  4  0 -3  4  2 -2  3 -3 -3  0 -2 -3 -2  0 -1 -3 -1 -3    0   0  34   0   0  35  20   0  11   0   0   0   0   0   0   0   0   0   0   0  0.50 0.04
  248 I    1 -3 -3 -3 -1 -2 -3 -2 -3  3  2 -2  1 -1 -2 -1 -1 -3 -2  2   20   0   0   0   0   0   0   0   0  59  17   0   0   0   0   4   0   0   0   0  0.25 0.03
  249 K   -1  1 -1 -1 -3  2  0 -2 -1 -2 -2  3  1 -3  5 -1 -1 -3 -2 -2    0   0   0   0   0  13   0   0   0   0   0  43  10   0  34   0   0   0   0   0  0.63 0.04
  250 E    2 -1 -1  0 -1  0  3 -1 -1  1 -1  0 -1 -2 -1  0  0 -2 -2  0   31   1   1   1   0   1  37   1   0  18   2   1   0   1   1   1   1   0   1   1  0.17 0.02
  251 M   -1  0 -1 -2 -2  0 -1 -2 -1  1  2  2  3 -1 -2 -1 -1 -2 -1  0    1   1   1   1   0   1   1   1   0  18  19  25  25   1   1   1   1   0   1   1  0.12 0.02
  252 T   -1  0 -1 -1 -1  0  1 -2 -1  1 -1  1  0 -2 -1  0  3 -2 -1  0    1   1   1   1   0   1  11   1   0  21   2  18   0   1   1   1  37   0   1   1  0.14 0.02
  253 R    1  4 -1 -1 -2  1  0 -1 -1 -2 -2  3 -1 -2 -1  0 -1 -2 -1 -1   21  37   1   1   0   1   1   1   0   1   2  28   0   1   1   1   1   0   1   1  0.31 0.02
  254 K   -1  1  0  2 -3  1  1 -1 -1 -2 -2  4 -1 -3 -1  0 -1 -2 -2 -2    1   1   1  21   0   1   1   1   0   1   2  64   0   1   1   1   1   0   1   1  0.38 0.03
  255 V   -1 -3 -3 -4 -1 -2 -3 -4 -3  2  3 -3  1  0 -3 -2 -1 -2 -1  3    0   0   0   0   0   0   0   0   0   0  47   0   0   0   0   0   0   0   0  53  0.40 0.05
  256 S    0 -1  0 -1 -2  2  2  0 -1 -2  0  0 -1 -1 -2  2  0 -2  1 -1    0   0   0   0   0  14  16   8   0   0  16   0   0   0   0  37   0   0   8   0  0.17 0.03
  257 A    3 -2 -1  1 -1 -1 -1  2 -2 -2 -2 -1 -1 -3 -1  0 -1 -3 -2  0   65   0   0  14   0   0   0  16   0   0   0   0   0   0   0   0   0   0   0   5  0.34 0.05
  258 E    2 -1 -1  1 -2  3  3 -1 -1 -2 -2  0 -1 -3 -1  0 -1 -3 -2 -1   30   0   0   8   0  20  37   0   0   0   0   0   0   0   0   0   0   0   0   5  0.35 0.04
  259 V    1 -2 -2 -3 -1 -2 -2 -3  3  3  0 -2  0 -1 -2 -1 -1 -3 -1  2   16   0   0   0   0   0   0   0  14  46   0   0   0   0   0   0   0   0   0  23  0.23 0.04
  260 D   -1  0  0  3 -3  0  3  2 -1 -3 -3  1 -3 -3 -2  0 -1 -3 -3 -3    0   0   0  31   0   0  28  24   0   0   0  16   0   0   0   0   0   0   0   0  0.47 0.04
  261 L    0  1 -2 -3 -2 -1 -2 -3 -2  0  3  0  1 -1 -2 -1  1 -2 -1  0    8  14   0   0   0   0   0   0   0   0  56   8   0   0   0   0  14   0   0   0  0.19 0.04
  262 V    0 -2 -2 -2 -1 -2 -2 -2 -2  2  1 -2  1 -1 -2 -1  1 -2 -1  3    1   1   1   1   0   1   1   1   0   9  16   1   0   1   1   1  17   0   1  46  0.18 0.03
  263 H   -1  1  0 -1 -2  0  0 -1  5 -2 -2  2 -1 -2  3  0 -1 -2  0 -2    2   9   1   2   1   1   2   2  32   2   3  18   1   1  15   2   2   0   1   2  0.32 0.02
  264 Q   -1  0  0  2 -2  4  1 -1  0 -2 -2  0 -1 -3 -1  0  1 -2 -2 -2    1   1   1  18   0  55   1   1   0   1   1   1   0   1   1   1  15   0   0   1  0.39 0.04
  265 Q   -1  1  0  1 -3  4  3 -2  1 -2 -2  2 -1 -3 -1  0 -1 -2 -1 -2    1   1   1   7   0  40  23   1   4   1   1  15   0   1   1   1   1   0   0   1  0.40 0.03
  266 T    1  0 -1 -1 -1  0 -1 -1 -1 -1 -1  1 -1  0 -1  0  2 -1  2  0   17   1   1   1   0   1   1   1   0   1   1  15   0   1   1   1  33   0  17   7  0.15 0.02
  267 Q    0  0  0 -1 -2  3  0 -1 -1 -2 -2  0 -1 -3  4  1  0 -2 -2 -2    1   1   1   1   0  39   1   1   0   1   1   1   0   1  31  17   1   0   0   1  0.58 0.04
  268 N   -1  0  5  1 -2  0  1 -1  0 -3 -3  0 -2 -3 -2  0  0 -3 -2 -2    1   1  72   1   0   1  15   1   0   1   1   1   0   1   1   1   1   0   0   1  0.56 0.05
  269 Q   -1  0 -1 -1 -2  3  0 -2 -1  0  2  0  0 -1 -1  1  0 -2 -1 -1    1   1   1   1   0  40   1   1   0   1  34   1   0   1   1  14   1   0   0   1  0.19 0.03
  270 R   -1  5 -1 -2 -3  0 -1 -3  0 -2 -2  1 -1 -1 -2 -1  1 -1  3 -2    0  68   0   0   0   0   0   0   0   0   0   0   0   0   0   0  15   0  17   0  0.53 0.06
  271 Y   -1 -2 -1 -2 -2 -1 -2 -3  1 -2 -2 -2 -1  2 -2  1  1  1  6 -1    0   0   0   0   0   0   0   0   0   0   0   0   0   0   0  14  17   0  69   0  0.63 0.07
  272 G    2 -2 -1 -2 -2 -2 -2  5 -2 -3 -3 -1 -2 -3 -2  0 -1 -3 -3 -2   38   0   0   0   0   0   0  62   0   0   0   0   0   0   0   0   0   0   0   0  0.68 0.05
  273 S    1  0  2 -1 -1  0 -1 -1 -1 -1  0  1 -1 -2 -1  2  0 -3 -2 -1   14   0  16   0   0   0   0   0   0   0  17  15   0   0   0  38   0   0   0   0  0.18 0.03
  274 S    2 -1  0 -1 -1 -1 -1  2 -1 -2 -2 -1 -2 -1 -1  3  1 -2 -2 -2   17   0   0   0   0   0   0  17   0   0   0   0   0   4   0  58   0   0   0   0  0.34 0.04
  275 H   -1  0  2  0 -2  2  2 -2  5 -3 -2  0 -1 -2 -2  0  1 -3  0 -2    0   0  17   0   0  15  16   0  31   0   0   0   0   0   0   0  16   0   0   0  0.37 0.04
  276 I   -1 -3 -3 -3 -1 -2 -3 -3 -3  4  1 -2  0 -1  3 -2 -1 -3 -2  2    0   0   0   0   0   0   0   0   0  66   0   0   0   0  16   0   0   0   0  13  0.38 0.05
  277 G    0 -2 -1 -2 -2 -2 -2  5 -2 -1 -2 -2 -2 -3 -2 -1  0 -3 -3  0    0   0   0   0   0   0   0  77   0   0   0   0   0   0   0   0   7   0   0  16  0.72 0.05
  278 A    2  2  2  0 -2  1  1 -1 -1 -2 -2  2 -2 -3 -1  0 -1 -3 -2 -2   32  15  16   0   0   0  14   0   0   0   0  23   0   0   0   0   0   0   0   0  0.27 0.03
  279 T    2 -1 -1 -1 -1 -1 -1 -1 -2 -1 -2  1 -1 -2 -1  1  3 -3 -2 -1   40   0   0   0   0   0   0   0   0   0   0  14   0   0   0   0  47   0   0   0  0.31 0.05
  280 A    3 -2 -1 -1 -1 -1  1  2 -2  0 -1 -1 -1 -2 -1  0 -1 -3 -2  0   53   0   0   0   0   0  14  17   0  16   0   0   0   0   0   0   0   0   0   0  0.23 0.04
  281 K   -1  1  0 -1 -3  2  0 -2  3 -3 -2  3 -1 -3 -1  0  1 -3 -1 -2    0   0   0   0   0  16   0   0  15   0   0  52   0   0   0   0  17   0   0   0  0.38 0.05
  282 D   -1 -1  1  5 -3  0  2 -1 -1 -3 -3 -1 -3 -3 -2  1 -1 -4 -3 -3    0   0   0  67   0   0  17   0   0   0   0   0   0   0   0  16   0   0   0   0  0.73 0.06
  283 I   -1 -3 -2 -3 -2 -2 -3  2 -3  3  1 -2  2 -1 -3 -2 -1 -3 -2  2    0   0   0   0   0   0   0  26   0  40   0   0  15   0   0   0   0   0   0  19  0.23 0.02
  284 S    0  3  0 -1 -2  0  0 -1 -1 -2 -2  0 -1 -3 -1  3  2 -3 -2 -1    0  26   0   0   0   0   0   0   0   0   0   0   0   0   0  48  26   0   0   0  0.36 0.03
  285 N   -1  0  4  0 -3  2  0 -1  5 -3 -3  0 -2 -2 -2  1 -1 -3  0 -3    0   0  45   0   0  15   0   0  32   0   0   0   0   0   0   9   0   0   0   0  0.53 0.04
  286 V   -1 -3 -3 -3 -1 -2 -3 -3 -3  3  1 -2  2 -1 -3 -2  0 -3 -1  4    0   0   0   0   0   0   0   0   0  26   0   0  11   0   0   0   0   0   0  63  0.37 0.03
  287 V   -1 -2 -2 -3 -1 -2 -2 -3 -3  2  0 -2  0  1 -2 -1  2 -2 -1  3    0   0   0   0   0   0   0   0   0  19   0   0   0   9   0   0  26   0   0  46  0.24 0.03
  288 T   -1 -1  0  3 -2 -1  0 -2 -2 -1 -1 -1  2 -2 -1  1  3 -3 -2 -1    0   0   0  26   0   0   0   0   0   0   0   0  15   0   0   8  51   0   0   0  0.32 0.03
  289 D   -1 -2  1  5 -3 -1  1  2 -2 -3 -4 -1 -3 -4 -2  0 -1 -4 -3 -3    0   0   0  75   0   0   0  25   0   0   0   0   0   0   0   0   0   0   0   0  0.79 0.04
  290 A    4 -2 -2 -2 -1 -1 -1 -1 -2  0  1 -1  0 -1 -1  0  0 -2 -2  0   74   0   0   0   0   0   0   0   0   0  26   0   0   0   0   0   0   0   0   0  0.30 0.04
  291 A    3 -1 -1 -2 -1 -1 -1 -1 -2 -1  1 -1  0 -1 -1  2  0 -2 -2  0   53   0   0   0   0   0   0   0   0   0  25   0   0   0   0  22   0   0   0   0  0.21 0.01
  292 S    1 -1  0 -1 -1  0  0  0 -1 -2 -2 -1 -1  0 -1  4  1 -2 -1 -2   10   0   0   0   0   0   0   0   0   0   0   0   0   8   0  82   0   0   0   0  0.37 0.02
  293 G    0 -2 -1 -1 -3 -2 -2  6 -2 -4 -4 -2 -3 -3 -2  0 -2 -3 -3 -3    0   0   0   0   0   0   0 100   0   0   0   0   0   0   0   0   0   0   0   0  1.10 0.03
  294 V   -1 -3 -3 -3 -1 -2 -3 -3 -3  3  2 -2  1  0 -3 -2 -1 -2 -1  3    0   0   0   0   0   0   0   0   0  14  33   0   0   0   0   0   0   0   0  53  0.33 0.01
  295 V    1 -2 -2 -3 -1 -2 -2  0 -3  2  0 -2  0 -1 -2 -1  0 -3 -1  3   22   0   0   0   0   0   0   6   0   0   0   0   0   0   0   0   0   0   0  72  0.23 0.02
  296 D   -2 -2  1  6 -4  0  1 -1 -1 -3 -4 -1 -3 -4 -2  0 -1 -4 -3 -3    0   0   0 100   0   0   0   0   0   0   0   0   0   0   0   0   0   0   0   0  1.00 0.03
  297 I   -1 -3 -3 -3 -2 -2 -3 -3 -2  3  1 -3  1  1 -3 -2 -1  6  2  2    0   0   0   0   0   0   0   0   0  45   0   0   8   0   0   0   0  22  14  11  0.47 0.02
  298 F   -2 -2 -2 -2 -2 -2 -2 -2 -1  0  0 -2  0  6 -2 -2 -2  1  2 -1    2   1   1   1   0   1   1   2   0   1   2   1   0  79   1   2   1   0   1   1  0.50 0.02
  299 H   -1  2  0  1 -2  2  0 -1  5 -2 -2  0 -1 -2 -1  0 -1 -2  0 -2    2  15   1  12   0  13   1   2  42   1   2   1   0   1   1   2   1   0   1   1  0.34 0.01
  300 G    0  1  0 -1 -2 -1 -1  5 -1 -3 -2  0 -2 -2 -1  0 -1 -2 -2 -2    2  13   1   1   0   1   1  68   0   1   2   1   0   1   1   2   1   0   1   1  0.55 0.01
  301 I    0 -2 -2 -2 -1 -1 -2 -2 -2  3  1 -1  1 -1 -1  0  0 -2 -1  2    2   1   1   1   0   1   1   2   0  53   2   1   0   1   1  14   1   0   1  15  0.14 0.01
  302 D   -1 -1  1  5 -3  0  2 -1 -1 -2 -2  0 -2 -2 -1  0 -1 -3 -2 -2    2   1   1  68   0   1  12   2   0   1   2   1   0   1   1   2   1   0   1   1  0.58 0.01
  303 K   -1  2  0 -1 -2  1  1 -1 -1 -2 -2  4 -1 -2 -1  0  0 -2 -1 -2    2   1   1   1   1   1   2   2   1   1   2  75   1   1   1   2   2   0   1   2  0.32 0.01
  304 A    3 -1 -1 -1  0 -1 -1  0 -1 -1 -1 -1 -1 -2  0  1  0 -2 -1  0   75   1   1   1   1   1   2   2   1   1   2   2   1   1   1   2   2   0   1   2  0.25 0.01
  305 V    2 -2 -2 -3 -1 -2 -2  0 -3  2  0 -2  0 -1 -2 -1  0 -3 -1  3   27   0   0   0   0   0   0   7   0   0   0   0   0   0   0   0   0   0   0  66  0.20 0.01
  306 A    4 -1 -1 -1 -1 -1 -1  0 -1 -2 -2 -1 -1 -2 -1  2  0 -3 -2 -1   73   0   0   0   0   0   0   0   0   0   0   0   0   0   0  27   0   0   0   0  0.37 0.01
  307 D   -2 -1  1  5 -3  3  2 -1 -1 -3 -3  0 -2 -3 -1  0 -1 -4 -3 -3    0   0   0  73   0  27   0   0   0   0   0   0   0   0   0   0   0   0   0   0  0.71 0.01
  308 T    0  0  0 -1 -1  2  0 -2 -1 -1 -1  0 -1 -2 -1  1  4 -2 -2 -1    0   0   0   0   0  27   0   0   0   0   0   0   0   0   0   0  73   0   0   0  0.39 0.01
  309 W   -3 -3 -4 -4 -2 -2 -3 -3 -2 -3 -2 -3 -2  1 -4 -3 -3 11  2 -3    0   0   0   0   0   0   0   0   0   0   0   0   0   0   0   0   0 100   0   0  2.40 0.03
  310 N   -2 -1  5  4 -3  0  0 -1  0 -3 -4  0 -3 -3 -2  0  0 -4 -2 -3    0   0  64  36   0   0   0   0   0   0   0   0   0   0   0   0   0   0   0   0  0.67 0.01
  311 N   -1 -1  5  1 -2  0  0 -1  0 -3 -3  0 -2 -1 -2  2  0 -2  1 -2    0   0  64   0   0   0   0   0   0   0   0   0   0   0   0  27   0   0  10   0  0.45 0.01
  312 F   -2 -3 -3 -4 -2 -3 -3 -3 -1  0  0 -3  0  6 -4 -2 -2  1  4 -1    0   0   0   0   0   0   0   0   0   0   0   0   0  88   0   0   0   0  12   0  0.74 0.01
  313 W   -3 -3 -4 -4 -2 -2 -3 -3 -2 -2 -1 -3 -1  3 -4 -3 -2 10  2 -2    0   0   0   0   0   0   0   0   0   0   0   0   0  27   0   0   0  73   0   0  1.72 0.02
  314 K   -1  2  0 -1 -3  1  1 -2 -1 -3 -2  5 -1 -3 -1  0  0 -3 -2 -2    0   0   0   0   0   0   0   0   0   0   0  93   0   0   0   0   7   0   0   0  0.49 0.01
  315 D   -2 -2  1  6 -4  0  1 -1 -1 -3 -4 -1 -3 -4 -2  0 -1 -4 -3 -3    0   0   0 100   0   0   0   0   0   0   0   0   0   0   0   0   0   0   0   0  0.96 0.01
  316 G    0 -2  0 -1 -3 -2 -2  6 -2 -4 -4 -2 -3 -3 -2  0 -2 -3 -3 -3    0   0   0   0   0   0   0 100   0   0   0   0   0   0   0   0   0   0   0   0  1.06 0.01
  317 K    0  2  0 -1 -3  1  1 -1 -1 -3 -3  4 -1 -3 -1  1  0 -3 -2 -2    0   0   0   0   0   0   0   0   0   0   0  88   0   0   0  12   0   0   0   0  0.47 0.01
  318 A    4 -1 -1 -1 -1 -1 -1  0 -1 -2 -2 -1 -1 -2 -1  2  0 -3 -2 -1   75   0   0   0   0   0   0   0   0   0   0   0   0   0   0  25   0   0   0   0  0.37 0.01
  319 D   -2 -2  1  6 -3 -1  1  1 -1 -3 -4 -1 -3 -4 -2  0 -1 -4 -3 -3    0   0   0  88   0   0   0  12   0   0   0   0   0   0   0   0   0   0   0   0  0.81 0.01
  320 G    0 -2  0 -1 -3 -2 -2  6 -2 -4 -4 -2 -3 -3 -2  0 -2 -3 -3 -3    0   0   0   0   0   0   0 100   0   0   0   0   0   0   0   0   0   0   0   0  1.06 0.01
  321 I   -1 -3 -3 -3 -1 -3 -3 -4 -3  4  2 -3  1  0 -3 -2 -1 -3 -1  3    0   0   0   0   0   0   0   0   0  69   7   0   0   0   0   0   0   0   0  25  0.36 0.01
  322 G    0 -2 -1 -2 -2 -2 -2  4 -2 -2 -2 -2 -2 -3  4 -1 -1 -3 -3 -1    0   0   0   0   0   0   0  61   0   0   0   0   0   0  26   0   0   0   0  14  0.70 0.01
  323 S    1 -1  0 -1 -1 -1 -1 -1 -1 -1  1 -1  0 -1 -1  3  1 -2 -2 -1   14   0   0   0   0   0   0   0   0   0  26   0   0   0   0  61   0   0   0   0  0.21 0.01
  324 N   -2  0  6  1 -3  0  0 -1  3 -3 -3  0 -2 -3 -2  0  0 -4 -2 -3    0   0  91   0   0   0   0   0   9   0   0   0   0   0   0   0   0   0   0   0  0.69 0.01
  325 L   -1 -2 -2 -3 -1 -1 -2 -3 -2  1  3 -2  2  0 -2 -1  2 -2 -1  1    0   0   0   0   0   0   0   0   0   0  61   0  13   0   0   0  26   0   0   0  0.27 0.01
  326 S    1  3  0 -1 -1  0  0 -1 -1 -3 -2  1 -1 -3 -1  3  1 -3 -2 -2    0  30   0   0   0   0   0   0   0   0   0   0   0   0   0  70   0   0   0   0  0.37 0.01
  327 R   -1  5  0 -1 -3  1  0 -2  0 -3 -2  3 -1 -3 -2 -1 -1 -3 -2 -2    0  70   0   0   0   0   0   0   0   0   0  30   0   0   0   0   0   0   0   0  0.63 0.01
  328 K   -1  2  0 -1 -3  1  1 -2  3 -3 -3  4 -1 -3 -1  0 -1 -3 -1 -2    0   0   0   0   0   0   0   0  15   0   0  85   0   0   0   0   0   0   0   0  0.45 0.00

                      K         Lambda
Standard Ungapped    0.1245     0.3089
Standard Gapped      0.0410     0.2670
PSI Ungapped         0.1103     0.3171
PSI Gapped           0.0338     0.2670
