
Last position-specific scoring matrix computed, weighted observed percentages rounded down, information per position, and relative weight of gapless real matches to pseudocounts
           A  R  N  D  C  Q  E  G  H  I  L  K  M  F  P  S  T  W  Y  V   A   R   N   D   C   Q   E   G   H   I   L   K   M   F   P   S   T   W   Y   V
    1 M   -5 -5 -6 -7 -5 -4 -6 -7 -5 -2  3 -5  9 -3 -6 -5 -4 -5 -5 -3    0   0   0   0   0   0   0   0   0   0  30   0  70   0   0   0   0   0   0   0  2.38 0.86
    2 R   -2  3  3 -1 -4  3  1 -3 -1 -4 -2  2 -3 -4 -3  3  0 -5 -4 -4    0  18  14   1   0  12   9   0   0   0   5  12   0   0   0  23   5   0   0   0  0.52 0.35
    3 Q   -1  1  4  1 -4  2  0 -3 -2 -3 -3  2 -3 -1  3 -1  0 -5 -4 -4    4   6  29   6   0  12   3   0   0   2   2  12   0   3  14   1   6   0   0   0  0.54 0.35
    4 E    0  1  1  0 -3  2  2 -2 -1  0  0  1 -2 -1 -1  0  1 -4 -3 -2   10   6   8   4   0  12  19   1   0   6   9   8   0   3   2   3   8   0   0   0  0.19 0.19
    5 T    3 -4 -3 -4 -4 -4 -4  0 -4 -3 -1 -3 -3 -5 -4  1  6 -5 -4 -3   25   0   0   0   0   0   0   8   0   1   5   0   0   0   0   7  54   0   0   0  1.03 0.57
    6 R    0  6 -1 -1 -4  3 -1 -4  0 -3 -2  1 -3 -4 -4  0 -1 -4  1 -3    6  46   2   2   0  13   3   0   1   1   4   7   0   0   0   6   3   0   5   1  0.72 0.40
    7 F    0  0  0  0 -3  3  2 -2  1 -2 -1  2  1 -1 -3 -1  0 -4 -2 -2    9   4   4   4   0  20  11   1   3   2   5  17   4   3   0   3   6   0   0   2  0.26 0.22
    8 K    2  1  0 -3  0  2  0 -3  0 -2  1  3 -1 -2 -3 -1 -1 -4 -1 -1   19   9   4   0   2  10   4   0   2   0  15  22   1   1   0   1   2   0   2   5  0.24 0.24
    9 F   -2 -5 -5 -6 -4 -5 -5 -5 -4  1  3 -5  1  6 -5 -4 -3  0  4 -1    4   0   0   0   0   0   0   0   0   8  30   0   2  38   0   0   1   1  12   2  1.02 0.48
   10 N    0  0  5  2 -4  1  0 -1  2 -4 -3  0 -2 -2 -3  0  0 -4 -1 -4    9   4  31  12   0   7   6   4   5   0   2   3   1   1   1   7   6   0   2   0  0.45 0.30
   11 A    2  0  1  0  1  2  1 -1  0 -3 -2  1 -1 -4 -3  0  1 -4 -3 -2   19   3   8   3   4  13  11   4   2   0   4  11   1   0   0   5   9   0   0   2  0.23 0.21
   12 Y   -3 -5 -5 -3 -5 -2 -5 -6  2 -1  1 -5  1  4 -6 -3 -3  2  8 -2    2   0   0   2   0   1   0   0   4   2  13   0   3  13   0   1   1   2  53   1  1.38 0.63
   13 L    0 -1 -3 -4 -1  0 -2 -4 -3  3  2  1  2  1 -3 -1  0 -3 -1  1    9   4   0   0   1   4   1   0   0  20  23  10   5   8   0   3   5   0   2   6  0.23 0.21
   14 S    2  0  1  1 -3  1  0  0 -2 -3 -2  0 -2 -3 -3  2  1 -4 -3 -2   18   4   8   7   0   8   6   8   0   1   5   6   0   1   0  19   7   0   0   1  0.24 0.22
   15 R    0  3  1  2 -4  3  1 -1  1 -2 -2  1  0 -2 -3  0 -1 -4 -3 -3   10  16   9  10   0  15   6   4   4   2   2   9   2   1   0   6   3   0   0   0  0.29 0.23
   16 V   -2 -3 -4 -4 -3  2 -3 -3 -4  3  3 -1  3  1 -4 -3  0 -4 -1  1    1   0   0   0   0  12   0   1   0  22  28   4   8   6   0   1   5   0   2  10  0.47 0.33
   17 A    5 -2 -3 -1 -1 -1 -3  1  2 -4 -3 -2 -2 -4 -3  1 -1 -4 -1 -3   59   2   0   3   1   2   1  10   5   0   2   1   1   0   0   8   2   0   3   0  0.79 0.48
   18 E   -1  1 -1  0 -4  2  3  0  2 -4 -2  3 -3 -4 -3  0  0 -4 -3 -3    3   9   2   3   0  12  19   6   6   0   4  19   0   0   0   7   7   0   0   1  0.37 0.26
   19 L    1 -2 -1 -1 -2  0 -1 -2 -2  0  2  1  1  0 -1  0  0 -3  0  0   16   0   2   4   0   5   3   1   0   5  24  10   4   4   2   7   7   0   2   4  0.10 0.15
   20 N   -3 -4  6 -2 -2 -3 -2 -2  2 -4 -1 -4 -4  1 -5 -2 -3 -3  6 -4    2   0  43   2   1   0   2   3   6   0   7   0   0   6   0   1   1   0  27   1  1.15 0.60
   21 G    0 -1  3 -1 -4  0 -1  5  0 -5 -4  0 -4 -5 -1  0  0 -5 -4 -4    8   3  13   3   0   5   3  44   2   0   2   5   0   0   3   4   4   0   0   0  0.65 0.36
   22 I    0 -3  0 -2 -3 -1 -2 -2  0  2  0 -1  0 -2 -3 -1  0 -4 -1  4    7   0   4   2   0   3   1   3   2  15   8   5   2   0   0   4   4   0   2  36  0.31 0.26
   23 D    0 -1  1  3  0  0  1 -2 -1 -3 -3  0 -3 -2  1  1  2 -4 -1 -2    7   2   5  23   2   4  11   1   1   0   1   5   0   1   7  11  12   0   3   2  0.33 0.24
   24 A    1  0 -1  0 -2  0 -1 -1 -1  0 -1  0  0 -2  2  2  1 -3 -2  0   15   4   2   5   0   5   2   3   1   5   4   4   2   1   9  20   7   0   1   9  0.14 0.14
   25 G    2 -1 -1  1 -2  2  0  2  0 -2 -2  0 -1 -3 -1  1  0 -3 -1 -1   17   3   2  10   0  11   5  16   2   1   4   3   1   1   2   9   7   0   2   3  0.17 0.15
   26 D    0 -1  1  4 -3  0  1  0 -1  0 -2 -2 -1 -1 -1  0 -1 -3  1 -3    8   3   7  32   0   5   7   7   1   6   3   0   2   2   2   6   3   0   6   1  0.33 0.24
   27 V    0  0  0 -1 -2 -1 -2 -1 -3  1  1 -2  2  0 -1 -1  1 -3 -2  3    8   6   4   3   0   2   1   4   0   8  13   1   6   3   2   2   9   0   0  26  0.16 0.16
   28 S    2 -1  1 -1 -2 -1 -1  1 -1 -2 -1  0 -1 -3 -1  2  1 -1 -1  0   16   2   7   2   0   2   2  11   1   1   4   6   1   0   2  20  10   1   2   9  0.17 0.17
   29 K   -1  2  0  1 -2  2  2 -1  1 -2 -1  1 -1 -3 -3  1  0 -4 -3 -1    3  13   3   9   1   8  17   3   5   2   6   8   1   0   0  11   5   0   0   6  0.21 0.18
   30 K    0  0  0 -2 -3  2  0  0  0 -2 -2  2  0 -1 -2  1  0  0  3 -1    5   5   4   1   0  10   5   9   2   2   3  13   3   2   1  10   6   1  14   3  0.15 0.17
   31 F   -1 -6 -2 -6 -5 -6 -6  0 -4 -2 -3 -6 -3  8 -6 -3 -3 -3  3 -1    6   0   2   0   0   0   0   6   0   2   0   0   0  68   0   2   2   0   8   4  1.70 0.71
   32 T    2 -1  3  0 -3 -2  0 -2  0 -4 -4  0  0 -4 -2  3  3 -4  0 -3   16   1  15   4   0   0   6   1   2   0   0   4   3   0   1  23  21   0   3   0  0.42 0.33
   33 V   -1 -4 -5 -3 -3 -4 -4 -5  1  2  3 -4 -1 -1 -1 -4 -1 -4 -1  5    4   0   0   2   0   0   0   0   4  10  29   0   0   2   3   0   2   0   2  43  0.69 0.41
   34 E    0 -1  3  2 -3  0  3 -2 -2 -1 -2 -1 -3 -4 -1  2  2 -4 -3 -2    6   2  14   9   0   2  21   2   0   3   4   2   0   0   2  14  18   0   0   2  0.35 0.28
   35 P   -1 -2 -2  0 -5 -3  1 -1 -4 -3 -5 -2 -4 -1  7 -1 -2 -5 -2 -2    4   3   1   5   0   0   8   4   0   1   0   2   0   4  59   3   1   0   2   2  1.32 0.56
   36 S    1  0 -1  0 -3  2  1 -2 -2 -3 -3  1 -1 -3  3  2  1 -4 -1 -1    9   3   2   4   0  10   8   2   0   0   0  10   1   0  14  19   9   0   2   5  0.29 0.24
   37 V    0  0 -1 -3 -3  2  0 -2 -1  0 -1  1  1  0  1 -1  0 -3 -2  2    9   4   2   0   0  13   4   3   2   6   2   9   5   4   7   2   4   0   0  24  0.17 0.21
   38 T    2 -1 -2 -1 -3  3  3 -2  1 -1 -2 -1 -2  0 -3  0  0 -4 -2  0   18   3   0   2   0  14  24   2   3   3   3   2   0   5   0   8   4   0   0   9  0.27 0.26
   39 Q   -1  1  1 -1 -5  6 -1 -2  1 -2 -4  0 -3 -5 -4 -1  1 -4  0 -2    4   7   7   3   0  47   2   2   3   2   0   3   0   0   0   2  10   0   3   3  0.83 0.50
   40 T    0  2  0  0 -3  1  1 -1  0  0 -2  2  0 -3 -3  1  1 -4 -3  0    8  12   4   3   0   6   7   4   2   6   3  16   2   0   0   9  12   0   0   5  0.17 0.16
   41 L   -1  0 -4 -5 -4 -3 -1 -1 -4  1  3 -4  3  2 -5 -3 -1  4 -2  1    6   5   0   0   0   0   5   6   0   8  33   0   8  11   0   0   5   6   0   8  0.43 0.29
   42 M   -1  0  0 -1 -3  0  2 -1  1  1  0 -1  1  1 -3  0  0 -3  0  1    4   5   4   3   0   3  17   3   4  14   7   3   4   6   0   5   5   0   4   8  0.08 0.12
   43 N    0 -1  2  3 -3  0  1 -1 -2 -2  0  1 -2 -3 -1  0  1 -4 -3 -1    8   2  12  17   0   4  11   2   0   0  11  10   0   0   2   4  11   0   0   5  0.21 0.19
   44 T    3  1  0 -1 -3  0  0 -2 -1 -2 -1  2  1 -4 -3  0  0 -4 -2 -2   35   9   3   2   0   4   7   1   1   1   5  16   4   0   0   4   5   0   1   1  0.31 0.27
   45 M    0 -3 -4 -3  0 -1 -2 -2 -4  4  2 -2  3  0 -4 -1 -1 -3 -1  2    6   0   0   1   2   2   3   2   0  27  20   1   9   4   0   4   1   0   2  15  0.35 0.25
   46 Q   -2  1 -1 -3 -4  4 -1 -2 -2 -1  0  2  2  0 -3  0  0 -3  0  0    2   7   2   0   0  29   1   2   0   3   7  16   6   5   0   6   4   0   2   8  0.34 0.29
   47 E    1 -1 -1  2 -4  3  4 -3  0 -4 -2 -1 -2 -4 -3 -1 -1  3 -1 -3   12   1   2  12   0  16  34   0   2   0   3   3   1   0   0   3   4   5   2   1  0.56 0.36
   48 S    0  0  3  1 -3  1  1  0  0 -4 -3  0 -3 -2 -1  3  0 -4 -3 -2    6   4  16   6   0   7   8   5   2   0   2   4   0   2   2  30   4   0   0   2  0.33 0.24
   49 S    2  0  1  1 -3  0  2  0  1 -1 -3 -1 -2 -3 -2  2  0 -4 -3 -1   19   5   6   6   0   3  14   6   3   3   0   0   0   0   0  24   5   0   0   5  0.24 0.18
   50 D    0 -1 -1  1 -3  0  1  1 -2 -2 -1  0  1 -3  2  0  0  4 -2 -1   10   3   2  11   0   3  11   9   0   0   4   8   7   0  12   3   5   9   0   3  0.23 0.15
   51 F   -1 -4 -5 -5 -4 -4 -5 -5  2  0  2 -4  2  7 -5 -4 -4 -2  2 -2    7   0   0   0   0   0   0   0   6   6  16   0   6  54   0   0   0   0   5   0  1.09 0.44
   52 L   -3 -4 -4 -5 -3 -4 -4 -5 -4  1  5 -4  3  1 -2 -2 -1 -3 -2 -1    0   0   0   0   0   0   0   0   0   4  69   0   8   7   3   3   4   0   0   0  0.91 0.38
   53 T   -1  1  1  2 -4  2  0  1 -2 -4 -4  3 -3 -4  0  2  0  0 -3 -3    2   7   7  11   0   9   3  11   0   0   0  22   0   0   4  16   7   2   0   0  0.34 0.21
   54 R    0  3  1 -1 -4  1  1 -2  1 -2  0  2  3 -1 -3 -1 -1 -3 -1 -2    6  16   6   1   0   7  10   1   4   0  13  17  10   2   0   2   1   0   2   0  0.24 0.19
   55 I   -2 -6 -6 -6  2 -5 -6 -6 -6  7  0 -5  2  0 -6 -5 -1 -5 -4  2    4   0   0   0   4   0   0   0   0  64   7   0   4   3   0   0   3   0   0  11  1.30 0.53
   56 N   -3  1  6  0 -4  0 -1 -1  2 -5 -5 -1 -4 -5 -4  0  3 -5 -4 -4    0   8  47   4   0   3   4   3   4   0   0   3   0   0   0   6  17   0   0   0  0.93 0.44
   57 I   -1 -1  0 -3  1 -1 -2 -3  2  1  0 -2  1  1 -1  0  1  2  1  2    4   3   4   0   4   3   0   0   7  10   8   0   5   5   3   5  12   3   5  15  0.13 0.18
   58 V   -1  0 -2 -1 -2  0  0 -1  1  2  1  0  1  1  0 -2  0 -2  1  2    4   4   0   4   0   5   5   4   4  14  11   4   4   6   4   0   4   0   4  16  0.07 0.12
   59 P   -1  1 -1  1 -3  0 -1  1  0  0 -1  0  0  0  3 -1  1 -3 -1 -1    3   8   2   9   0   3   2  12   2   6   7   5   3   4  17   4   9   0   2   3  0.16 0.17
   60 V   -1 -2 -5 -6  3 -5 -5 -6 -5 -1  0  0  2 -1 -5 -4  1 -5 -4  6    4   2   0   0   7   0   0   0   0   0   7   5   6   3   0   0   9   0   0  58  1.02 0.60
   61 S   -1  0  1  2 -3  0  1  0  0 -2 -2  1  0 -3  0  0  2 -4 -1 -1    3   4   6  11   0   3  10   6   2   1   3  11   3   0   4   7  18   0   2   4  0.17 0.19
   62 E    0  1  1  3 -4  2  3 -3  1 -2 -2  0 -3 -2 -1 -1 -2 -4 -1 -4    7   6   8  20   0   9  23   0   4   2   4   4   0   2   3   2   1   0   3   0  0.42 0.32
   63 M   -1  0  0 -2 -3  2 -1 -2  0  1  1 -1  3 -3  2  0 -1  0 -3  1    4   5   5   1   0  15   2   2   2  10  13   4  10   0   9   5   2   1   0   9  0.17 0.21
   64 K    0  0  0 -1 -3  2  1 -3  0  0 -2  2  0 -3 -1  1  0 -3  1 -1    6   4   4   2   0  11  11   0   2   6   2  19   2   0   2  13   5   0   5   5  0.20 0.21
   65 G    1 -4 -1 -3  0 -1 -2  5 -4 -4 -5 -1 -4 -2 -1 -1 -2 -4 -1 -1   11   0   3   0   2   3   3  57   0   0   0   4   0   2   3   2   2   0   2   4  0.89 0.48
   66 E   -1  2  0  1 -4  3  3 -1  1 -4 -4  0 -3 -4  1  0  0 -4 -1 -4    4  10   4   6   0  18  24   4   4   0   0   4   0   0   7   5   6   0   2   0  0.45 0.33
   67 K    2  0 -1  0 -3 -1  0 -1 -3  1 -1  3 -1 -1 -1  0  1 -4 -3  1   19   4   2   4   0   2   4   4   0   8   5  22   1   2   3   3   8   0   0  10  0.14 0.19
   68 I   -2 -2  1  0 -3  1 -1 -3  2  0  0  0  2  1  1  0  0 -2  1  0    0   0   7   7   0   7   0   0   7   7   7   7   7   7   7   7   7   0   7   7  0.11 0.15
   69 G   -1 -1  0  1 -3 -1  0  3  0 -1  0  0 -1  0 -2 -1  0  0  0 -1    4   2   5  10   0   1   5  29   2   2   9   6   2   6   1   3   6   1   3   3  0.18 0.16
   70 I   -2 -3 -3 -4 -3 -3 -3  0 -4  2  3 -3  3  0 -1 -1 -1  3 -2  2    0   0   0   0   0   0   0  10   0  11  33   0   8   4   3   6   4   4   0  14  0.36 0.26
   71 G    0 -1  0  2 -3 -1 -1  4  0 -1 -2 -1 -2 -1 -3  0  0 -3 -3 -1    8   3   4  12   0   3   3  35   2   6   3   3   0   3   0   8   5   0   0   3  0.32 0.22
   72 V    0  0  0  0 -2  1  0  0 -1  0  0  0  1  0  1  0  0 -2 -1  0    6   6   6   6   0   6   6   6   0   6   6   6   6   6   6   6   6   0   0   6  0.04 0.06
   73 T    0 -1  1  1 -2  0  0  1 -1 -1 -1  0  0 -2  1  1  1 -3  0 -1    8   3   8   7   0   2   4  13   0   4   3   4   3   0   5  17  10   0   4   5  0.12 0.10
   74 G    0  1  1  0 -3  1  0  4 -2 -3 -3  1 -3 -4 -2  1  0 -3 -3 -2    4   7   5   4   0   7   5  37   0   0   1   9   0   0   0  11   4   0   0   4  0.41 0.23
   75 S   -1  0 -2 -3 -3 -2 -2  0 -3  0  1 -1  1 -2  4  0  1 -3 -3 -1    4   6   0   0   0   0   0   8   0   7  18   4   5   0  25   8  12   0   0   0  0.36 0.23
   76 I    0 -2 -1 -3  1 -1 -3 -2  1  3  1 -2  2  0 -2 -1 -1 -3  0  2    8   2   3   0   3   3   0   3   5  28  13   0   5   3   2   2   3   0   2  13  0.20 0.17
   77 A    3 -1 -2 -3 -2 -2 -2  0 -1 -1  1 -1  0 -3 -1  1  3 -4 -3 -1   34   3   0   0   0   0   0   5   2   3  13   4   2   0   2   7  21   0   0   3  0.33 0.27
   78 S    0  1  1 -1 -2 -1 -1  0  2 -2 -2  1 -2 -2  2  1  1 -2  1  0    9   9   9   0   0   0   1   9   9   0   1   9   0   0   9   9   9   0   9   9  0.14 0.11
   79 T   -3  6  0 -3 -4 -1 -1 -1 -3 -1 -4  0  0 -4 -4 -1  3 -5 -4 -2    0  50   3   0   0   2   3   5   0   3   0   2   3   0   0   4  21   0   0   2  0.85 0.49
   80 T   -1  0  1 -2 -3 -1 -1 -1  1  0 -1  1 -2 -3 -3  0  4 -4 -3  0    5   5   7   0   0   2   2   4   4   4   6  12   0   0   0   5  34   0   0   8  0.29 0.27
   81 D   -1  1  2  4 -4  0  0 -2 -2 -2 -3  1 -3 -4  0  0  1 -4 -3 -1    5   8  13  27   0   2   6   2   0   3   1   9   0   0   4   7   8   0   0   4  0.37 0.26
   82 T   -1 -1  0 -1 -3  0  0  0  0 -1 -3 -1 -1 -4  1  1  5 -4 -3 -1    3   4   4   4   0   3   6   6   2   4   1   2   2   0   7   9  41   0   0   3  0.43 0.35
   83 A    0  0  0  0 -2  0 -1  2  1 -2 -1  1 -2 -2  0  1  1 -2  1 -1    7   6   5   4   0   2   3  20   4   2   5   8   0   0   3  10   9   0   6   4  0.13 0.12
   84 G    0  1  1  2 -2  1  0  2  0 -1 -2  0 -2 -3  0  0  1 -3 -2 -2    5   9   7  13   0   7   4  17   2   4   3   4   0   1   5   6  10   0   1   1  0.18 0.13
   85 G    0 -1  1  1 -2  0 -1  3  0 -2 -2  0  0 -1 -2  0  0 -2  0 -1    8   3   9  11   0   4   2  23   2   2   3   7   3   3   1   6   8   0   3   4  0.16 0.13
   86 T    1  1  0  0 -2  0  1 -1  2 -1 -1  2 -2 -3  1  0  1 -3 -2 -1   11   8   4   6   0   4   8   5   6   3   5  16   0   1   5   4  10   0   0   5  0.13 0.12
   87 E    0  1  0  1 -3  0  2 -2  1 -1 -2  1 -2  0  0  0  1 -3 -2 -1    7  10   4  10   0   3  20   2   3   4   2   7   0   6   3   7   8   0   0   3  0.18 0.17
   88 R   -1  6  0  0 -5 -2  0 -1 -3 -1 -4  0 -4 -5  0 -1 -1 -5 -4 -2    4  53   4   4   0   0   7   4   0   4   1   3   0   0   4   5   3   0   0   4  0.85 0.47
   89 Q    0  2  0 -1 -3  1  0  0  2 -1 -1  1  0  0  0  0  1 -3 -2 -1    6  13   3   3   0   5   7   6   7   3   5   7   3   5   5   6  12   0   0   4  0.09 0.11
   90 P    0 -3  1 -3 -4  1  0 -1 -3  0 -1  0 -3  0  4  0  1 -4 -3 -3    8   0   6   0   0   8   6   5   0   6   5   7   0   6  26   7   9   0   0   0  0.40 0.28
   91 K    0  3  1  0 -3  0  0  0  0  0 -1  1  0 -2 -3  0  0 -3 -1  0    6  19   7   5   0   4   5   6   2   6   3  11   3   2   0   4   8   0   2   7  0.13 0.14
   92 D    0  0  2  3 -3  1  0 -1  0 -1 -2  0 -2 -3 -1  0  0 -4 -1  0    9   4  10  20   0   6   6   4   2   5   2   7   0   0   2   8   6   0   2   6  0.18 0.17
   93 F    0 -1  0 -1  0  0 -1 -1 -2  1  0  1  0  0  2 -1  0  1 -1  1    7   2   4   2   2   4   2   5   0   8   7   9   2   5  13   4   6   2   2  13  0.09 0.11
   94 S    0 -2  0 -1 -3  0 -1  0  3  1  0 -1  1 -1 -1  0  1 -3 -2  0    6   0   3   4   0   5   2   7  11  10   9   3   5   3   3   8  13   0   0   8  0.10 0.16
   95 K    0 -1  1  2 -3  0  0  2 -2 -1 -1  1 -2 -1 -2  0  1  2 -1 -1    8   3   6  13   0   3   3  15   0   4   5   9   0   3   0   8   8   4   3   3  0.12 0.14
   96 L   -1  0 -2  0 -2  0  0 -1  0  0  1  0  2  0  1 -1  0 -2  0  0    4   4   0   6   0   5   4   4   3   6  18   6   7   5   6   5   4   0   4   9  0.05 0.08
   97 A    0  1  1  1 -2  1  0  0  2  0 -1  0 -1 -2  1  0  0 -3 -2  0    7   7   7   7   0   7   7   7   6   7   7   7   0   0   7   7   7   0   0   7  0.08 0.08
   98 S    0  0  1  0 -3  1  0  2 -2 -1 -2  1  1 -3  1  1 -1 -4 -1 -1    9   4   6   6   0   7   7  16   0   4   2   8   5   0   7  11   3   0   3   4  0.15 0.17
   99 N   -1  2  2  1  0  0 -1 -2  1 -1 -2  0  0  0 -3  0  0  2  0  0    3  15  10   9   3   5   3   3   4   5   3   4   3   4   0   7   6   4   4   6  0.13 0.16
  100 K    0  0  0  0 -2  1  0  0 -1  0  0  0  1  0  1  0  0 -2 -1  0    6   6   6   6   0   6   6   6   0   6   6   6   6   6   6   6   6   0   0   6  0.04 0.06
  101 Y   -4 -4  0 -2 -5 -4 -4 -5  3 -1 -2 -2 -4  3 -1 -4 -2  2  8 -2    0   0   6   2   0   0   0   0   6   4   4   2   0  10   3   0   3   2  54   3  1.37 0.63
  102 E   -1  0  0  0 -4  3  3 -2  1 -2 -2  2 -1 -1 -3 -1 -1 -4  0  0    3   5   4   5   0  13  25   2   4   2   3  12   2   3   0   3   4   0   3   8  0.30 0.25
  103 C   -1 -5  0 -5  8 -4 -2 -5 -4 -2  2 -4  2  2 -5  0 -1 -4  0  0    5   0   5   0  35   0   3   0   0   0  19   0   5   7   0   6   4   0   4   7  0.92 0.47
  104 D    0  1 -1 -1 -1  2  2 -2  2 -2 -2  1 -2  1 -3 -1  1 -3  1  0    7   6   2   3   2  10  19   1   5   1   2  10   0   6   0   2   9   0   7   8  0.19 0.19
  105 Q   -1 -1 -2 -1 -4  4  2 -3 -1 -2 -1  3 -3 -3  1  0 -1 -4 -3 -1    3   0   0   2   0  26  17   0   1   2   5  23   0   1   7   6   2   0   0   3  0.51 0.35
  106 I   -2 -3 -2 -4 -3 -2 -1 -2 -4  1 -1 -3  2 -3 -4 -1  5 -5 -4  4    0   1   1   0   0   1   3   3   0   8   3   0   6   0   0   4  38   0   0  32  0.70 0.44
  107 N   -2 -3  4  5 -5  1  2 -3  1 -5 -4 -1  0 -5 -1 -1 -3 -5 -4 -5    2   0  26  37   0   7  13   0   3   0   2   2   3   0   2   3   0   0   0   0  0.89 0.45
  108 F    0 -2 -2 -4  0 -2 -3 -3 -1  0  1 -3 -1  5 -4  2  1  0  2 -1    7   2   2   0   2   1   0   0   1   5  14   0   1  28   0  19  10   1   7   2  0.42 0.30
  109 D   -4 -4  0  7  3 -1 -2  1 -1 -5 -5 -1 -5 -1 -4 -2 -3 -5 -1 -4    0   0   3  62   7   3   0   9   2   0   0   3   0   2   0   2   0   0   3   1  1.23 0.56
  110 F    1 -3 -3 -3 -1 -3 -2 -2 -2  1 -1 -3 -2  0 -3  0  4  2  1  3   10   0   0   0   1   0   3   1   1   7   5   0   0   3   0   7  29   3   5  23  0.37 0.30
  111 Y    1 -1 -2 -3  0  0 -2  0  3  0 -1  0 -1  2 -3  1  0  0  2  0   18   3   1   0   2   4   1   5  10   4   3   5   1  13   0  11   4   1   8   7  0.15 0.17
  112 I    0 -4 -5 -5 -3 -4 -5 -5 -4  5  2 -4  2  1 -4 -4 -3  2  1  1   10   0   0   0   0   0   0   0   0  40  20   0   6   7   0   0   0   3   5   9  0.69 0.35
  113 R   -2  2  1  1 -3 -2 -1 -1  0 -3 -2  1 -3 -3  3  1  3 -4 -1 -2    0  11   5   9   0   0   2   3   2   0   4   9   0   0  14  14  21   0   3   3  0.32 0.24
  114 Y   -5 -2 -1 -2 -5 -1 -2 -5  0 -1 -2 -4 -4  3 -6 -4 -2  8  7 -4    0   2   3   2   0   2   3   0   2   4   2   0   0   8   0   0   2  20  49   0  1.56 0.60
  115 K    1  0  1  2 -3  1  2 -1 -2 -2 -2  0 -2 -4  0  2  0 -4 -3 -2   15   5   5  14   0   5  12   3   0   2   4   3   0   0   3  22   5   0   0   2  0.25 0.19
  116 T   -1  0  0  0 -3  2  0 -3  0 -1  0  2  1 -1 -3 -1  2  2  0 -1    3   4   4   5   0  10   6   0   2   2  11  14   4   1   0   1  21   4   4   3  0.18 0.18
  117 L   -2 -4 -5 -3 -4 -4 -3 -5 -5  2  5 -4  2 -1 -5 -1 -1 -4 -3  0    1   0   0   2   0   0   2   0   0  13  63   0   4   2   0   4   3   0   0   5  0.89 0.43
  118 D   -1 -2  2  6 -1 -2  2 -2 -3 -5 -5 -3 -1 -6 -4  0 -2 -6 -5 -2    5   2   8  56   2   0  13   2   0   0   0   0   2   0   0   6   2   0   0   3  1.10 0.50
  119 L    2 -1  0  1 -3  2  0 -2  1 -1  0  0  2 -1 -3  1  0 -4 -2 -1   19   2   5   8   0  12   5   2   4   3  10   4   7   2   0  10   4   0   0   4  0.14 0.18
  120 W   -1 -5  2 -4  1 -4  0 -5  1 -1 -1 -4  2  2 -5  0 -4  9  1 -4    5   0  11   0   3   0   6   0   4   5   5   0   6   9   0   8   0  35   5   0  1.21 0.57
  121 A    3  0  1 -3 -3 -1 -2  0  1 -1 -2  0  1 -3 -1  1  1  1 -3  0   30   5   8   0   0   3   0   8   4   4   3   5   4   0   3   8   9   2   0   5  0.21 0.22
  122 R    0  0  1  0  2  1  0  0  2  0 -1  0  1 -2 -3  0  0 -3  1  0    6   6   6   6   6   6   6   6   6   6   6   6   6   0   0   6   6   0   6   6  0.05 0.11
  123 Y    0  0  1 -1 -3  1  0 -1  3 -1  0 -1  0  2 -3 -1  0 -2  2  0    6   5   7   3   0   6   8   4   8   3   9   3   3  13   0   4   5   0   8   5  0.11 0.15
  124 Q   -1 -1  1  1 -4  1  1  0  2 -4 -2  1 -3 -4  4  0 -1 -4 -3 -2    5   3   8   7   0   5  10   7   6   0   3  10   0   0  26   5   3   0   0   3  0.47 0.27
  125 D   -3 -3  3  4 -5  2  3  0 -3 -5 -5  0 -4 -5 -4  0 -1 -5 -5 -2    0   0  17  29   0   8  18   8   0   0   0   5   0   0   0   6   4   0   0   4  0.71 0.40
  126 F   -5 -5 -1 -5 -5  0 -5 -1 -4 -3  1 -2  1  8 -6 -5 -4 -3  2 -4    0   0   3   0   0   4   0   5   0   0  12   3   3  63   0   0   0   0   5   0  1.52 0.62
  127 Q    1 -2 -1  1 -3  3  2 -2  1 -1 -2  0  1  0  1 -1 -1 -3  0 -2   14   0   3   6   0  18  17   2   3   3   3   4   4   5   7   4   2   0   3   3  0.24 0.22
  128 L    0  0  1  2 -3  2  2  0  0 -2 -2  2  0 -4 -1  0  0 -4 -3 -1    8   3   8  11   0  10  12   5   2   2   3  14   2   0   3   5   6   0   0   3  0.20 0.17
  129 R   -1  2  0  0  1  0  1 -3  1 -1  1  0  1 -3  1  0  0 -4 -3 -1    4  17   3   5   3   3  11   0   4   4  14   6   4   0   7   4   4   0   0   5  0.15 0.15
  130 I    0 -3 -2  0  3  1 -2 -3 -2  1  0 -2  2  2 -3 -2  0  4  2  1    8   0   0   8   8   8   0   0   0   8   8   0   8   8   0   0   8   8   8   8  0.22 0.18
  131 R    1  2  1 -1  1  0  0  0  1 -1 -1  0  0  1 -3  0  0 -3 -2 -1   12  14   6   3   4   4   6   6   5   2   4   5   4   8   0   8   7   0   0   2  0.09 0.12
  132 N    1  0  2  2 -3  2  1  0  0 -3 -2  0  0 -4 -3  0  0 -4 -3 -2   18   6  12  12   0  10  11   5   3   0   3   5   4   0   0   5   5   0   0   3  0.25 0.21
  133 A    2 -1 -1 -2 -3  2 -2 -3  0 -1  0  0  1  3 -3  0  0  1  1 -1   23   3   3   1   0  11   1   0   3   4   9   5   5  13   0   5   4   2   4   3  0.19 0.22
  134 I    0 -2 -2 -4  1 -3 -4 -4 -4  3  1 -2  2  3 -4 -1  1 -3  0  2    9   2   2   0   2   0   0   0   0  24   9   2   6  12   0   4   8   0   3  17  0.38 0.28
  135 I    1  1  1  0 -2  0  0  0 -1  0  0 -1  0  0 -3  0  1 -3 -1  0   14   9   8   5   0   5   5   6   1   7  12   2   3   4   0   3   9   0   2   6  0.05 0.10
  136 K   -1  3  1  0 -4  3  1 -2  0 -2 -2  3  0 -2 -1  0  0 -4 -3 -2    3  16   6   4   0  14   9   2   2   3   4  18   2   2   2   6   5   0   0   1  0.30 0.25
  137 R    2  4  0 -2 -1  4  0 -2  0 -2 -3  0  1 -5 -4  1 -1 -5 -4 -4   19  23   3   2   2  21   3   2   3   3   1   3   4   0   0   9   3   0   0   0  0.50 0.39
  138 Q   -3 -1 -2 -4 -4  2 -2 -3 -3  3  0  1  3  4 -2 -2 -2  1  0  0    0   3   2   0   0  10   2   1   0  23   5  10   8  19   2   3   1   2   3   6  0.38 0.32
  139 S    4 -2  0 -1 -3 -2 -3  2 -4  0 -2 -2 -1 -1 -4  0 -1  0 -1 -1   46   2   4   3   0   2   0  13   0   5   4   1   2   3   0   7   3   2   2   3  0.46 0.37
  140 L   -1  1  2  0 -3 -1 -1 -3  0 -1  3 -1 -1 -2 -2 -1 -1 -4 -3  0    5   8  10   6   0   2   4   2   3   2  41   2   0   1   2   4   2   0   0   7  0.26 0.26
  141 D   -2 -5  2  7 -6 -4  0 -1  0 -6 -7 -4 -6 -7 -5  0 -2 -7 -6 -6    2   0  11  67   0   0   4   4   3   0   0   0   0   0   0   7   2   0   0   0  1.63 0.71
  142 F   -2  4 -4 -2 -4 -1 -3 -5  0  2  2 -1  4 -1 -3 -4 -2  3 -3  0    2  25   0   3   0   2   0   0   3  12  24   3  15   2   1   0   2   4   0   4  0.55 0.37
  143 I    0 -3 -5 -5 -4 -1 -1 -5  1  5  3 -4  2 -3 -5 -4 -1 -4 -3  0    8   1   0   0   0   3   5   0   5  35  32   0   5   0   0   0   2   0   0   4  0.67 0.35
  144 M   -2  2  0  1  0  0 -2 -3  3 -1  1 -1  6 -2 -3 -2 -1 -3  0 -1    3  13   4   9   2   4   1   1   8   2  12   3  27   0   0   2   4   0   3   2  0.39 0.24
  145 A   -1 -4 -3  1  0 -3 -3 -4 -4  5  2 -3  1 -2 -3 -3  0 -4 -3  2    4   0   0   8   2   0   1   1   0  40  16   1   3   0   0   1   5   0   0  16  0.55 0.25
  146 G    1  1 -3 -3 -4 -3 -4  6 -4 -5 -4 -3  0 -4 -4 -2 -3 -4 -4 -4   12   8   0   0   0   0   1  71   0   0   1   1   3   0   0   1   1   0   0   1  1.34 0.43
  147 F   -4 -4 -5 -5  0 -4 -4 -4 -4  0 -1 -4  1  6 -5 -4 -4  9 -1  1    1   0   0   0   2   0   1   1   0   6   4   1   4  37   0   1   1  29   0  12  1.48 0.44
  148 N   -3 -1  6 -2 -1  4 -2 -3  4 -2 -4 -2 -3 -2 -4 -1 -1 -4  0 -2    2   3  46   0   1  21   0   0  11   2   0   0   0   1   0   2   3   0   4   3  0.99 0.42
  149 G   -1  3 -3 -4  2 -4 -4  6 -4 -5 -5 -3 -5 -5 -4 -3 -4 -5 -5 -5    4  16   0   0   4   0   0  72   0   0   0   0   0   0   0   0   0   0   0   0  1.53 0.49
  150 V   -1  0  0 -1  1  1  0 -3 -3  1  0  1  1 -2 -3 -1  1  4  0  1    3   3   4   4   3   7   7   0   0   8   8  11   3   0   0   3   9   6   4  14  0.15 0.19
  151 K   -1  0  0 -1  2  1  1 -1  2 -1 -1  2  0 -1 -3  2  1 -3  0 -1    4   5   3   3   6   6   7   3   5   3   4  13   3   3   0  16   7   0   3   3  0.13 0.17
  152 R    2  3 -2 -1  2  0 -1 -3  2  0 -1 -1 -2 -1 -3 -1 -1  1  0  1   24  18   0   4   5   3   3   1   5   6   3   3   0   2   0   4   3   2   3  10  0.22 0.25
  153 A    0  1  1  1  3 -1  1  0 -2 -1 -2 -1  1 -2 -2  1  1 -3 -2  0    9   9   9   9   8   0   9   9   0   0   1   0   9   0   0   9   9   0   0   9  0.11 0.11
  154 E    2 -2 -1  2  1  0  1 -1 -2 -1 -1  1 -2 -2  0  0  0  2  0 -1   22   0   2  12   4   2   9   3   0   2   8  10   0   0   4   4   7   4   3   3  0.13 0.13
  155 T    0 -2  2  1 -3  0  0 -1 -2 -1 -2 -1  0 -1  1  0  3 -3 -2  0    7   0  14  10   0   4   5   4   0   4   3   3   2   3   6   5  23   0   0   5  0.19 0.16
  156 S    0 -2 -1  0 -2 -2 -2  1 -2  0 -2 -2 -2  0 -2  2  4 -3 -2  0    5   0   0   4   0   0   0  14   0   6   1   0   0   4   0  22  37   0   0   4  0.36 0.23
  157 D    0 -2  3  5 -3  1  1 -2 -1 -3 -3  0 -3 -4 -2  0  1 -4 -3 -3    6   0  16  42   0   5   6   1   0   0   1   4   0   0   0   7   9   0   0   1  0.58 0.23
  158 R    1  1 -1  2 -3 -1 -1  0  0 -1 -1  0  0 -1  4  0 -1 -3 -2 -1   12  11   0  14   0   0   0   7   2   4   4   3   2   4  25   4   3   0   0   3  0.32 0.15
  159 S    1  0  0  2 -2  0  1 -2  0 -1 -2  0 -2 -1 -2  1  1 -3  0  1   17   4   3  14   0   4  11   0   2   2   0   4   0   2   0   8  12   0   4  13  0.15 0.16
  160 S    3 -1 -1  1 -2  0  0 -2 -2 -1 -2  1 -2 -3 -2  0  2 -3  0  0   29   2   2   8   0   4   6   0   0   2   2  10   0   0   0   6  17   0   4   7  0.22 0.21
  161 N   -1 -2  5  1  0 -2  0 -3  2 -3 -3  0 -3  1 -1 -2 -1  1  4 -3    4   0  35   9   2   0   4   0   5   0   1   6   0   7   2   0   2   2  18   0  0.58 0.35
  162 P    1 -2 -3 -3 -3  0 -1 -3 -3 -3 -2  1  0 -1  6  0  0 -4 -3 -2   10   0   0   0   0   3   3   1   0   0   3  10   2   4  49   5   5   0   0   3  0.95 0.40
  163 M    0  1  1  0  2  1 -1  0 -2 -2 -1  0  1  0  1  0  0 -3 -2 -2    7   7   7   7   7   7   0   7   0   0   7   7   7   7   7   7   7   0   0   0  0.08 0.12
  164 L   -1  1 -3 -3 -3 -2 -3  1 -3  1  2  0  2  2 -3 -2  0 -2 -1 -1    4   8   0   0   0   0   0  15   0   6  32   6   6  13   0   0   7   0   0   0  0.22 0.19
  165 Q    0  1  0  2 -3  3  2 -2 -1  0 -2  0 -2 -3 -2  1  0 -3 -2 -1    9   9   4  10   0  16  18   1   0   6   3   5   0   0   0   9   3   0   0   4  0.23 0.16
  166 D    0 -2  1  6 -3 -1  1  1 -2 -3 -3 -2 -3 -4 -2 -1  0 -4 -3 -3    8   1   6  54   0   1   6  10   0   1   1   1   0   1   1   1   7   0   0   1  0.75 0.28
  167 V    0 -2  1  1  3  1 -1 -2 -2  1  0 -1  2 -2 -2 -1  1 -3 -2  1   10   0   9  10   9   9   1   1   0  10  10   1   9   0   0   1  10   0   0  10  0.10 0.11
  168 A    1 -2  4  1 -3  0 -2  1  2 -1 -1  0  1 -3 -3 -1  0 -4 -3 -2   13   0  30   6   0   5   1  11   5   5   6   5   5   0   0   1   7   0   0   1  0.33 0.25
  169 V    0  0  1  0 -2 -1  0 -2 -2  0  0  0  1  1  1  0  0  4 -1  0    7   7   7   7   0   0   7   0   0   7   7   7   6   6   7   7   7   6   0   7  0.09 0.12
  170 G   -2 -3 -2  2 -3 -3 -3  5 -3 -3 -4 -3 -3 -4 -3  1 -2 -4 -4  1    1   1   1  11   0   0   1  57   0   1   1   1   0   0   1  11   1   0   0  12  0.94 0.31
  171 W    0 -4 -4 -5  2 -3 -4  0 -3  0  0 -4 -2  2 -4 -3 -3  9  3 -3   10   0   0   0   6   0   0   8   0   6  10   0   0  10   0   0   0  38  10   0  1.23 0.40
  172 L   -1  0 -2 -2 -2  0  0 -3  1  1  2 -1  1  1  0  0  1 -2  0  0    1   6   0   0   0   4   5   1   4  12  24   1   4   5   4  10  10   0   4   4  0.10 0.10
  173 Q    1  1 -2 -2 -4  5  2  0  1 -4 -4  2 -3 -4 -3 -1  0 -4  0 -4   13   7   0   0   0  36  11   8   3   0   0  11   0   0   0   3   5   0   3   0  0.59 0.34
  174 K    0  0 -2 -1 -3  1 -1 -3  1  1  1  2 -1  1 -1  1 -1  1  0 -1   11   2   0   2   0   6   0   0   4   9  14  20   0   9   2  11   2   2   2   3  0.11 0.14
  175 Y    1 -3 -3 -3 -2 -1 -2 -3  2  3  1 -2  3  0 -3  0 -1  2  1  1   14   0   0   0   0   2   2   0   7  20  13   0  10   2   0   7   3   4   4  11  0.23 0.18
  176 R   -1  5 -2 -3 -4  2  0 -3 -2 -2 -3  4  1 -4 -3 -1 -1 -4 -1 -3    4  42   0   0   0   7   3   0   0   2   0  28   4   0   0   2   4   0   2   0  0.81 0.37
  177 N    0 -1  3  3 -4  1  3 -1 -2 -3 -2  1 -3 -4 -3 -1  1 -4 -3 -3    6   2  15  17   0   6  26   3   0   1   3   7   0   0   0   1  13   0   0   1  0.44 0.28
  178 E    0  1  2  1 -3  1  2 -1  2 -2 -2  1 -2  0 -2  0 -1  2  1 -1    8   6  12   6   0   8  14   2   8   1   3   8   0   6   0   6   0   4   5   4  0.17 0.15
  179 A    2  1  2  1 -3  0 -1 -2  2 -2 -1  1 -2 -1 -2  0 -1 -3 -1 -1   28  10  15   7   0   2   2   0   6   2   5   7   0   2   0   4   3   0   2   2  0.20 0.20
  180 P    1 -1  0  0 -3  0  0  0  0 -3 -3  0 -3 -4  5  1  0 -4 -3 -2   12   2   3   5   0   5   4   9   2   0   1   4   0   0  32  14   3   0   0   2  0.56 0.29
  181 A    0 -2  0  1 -3  1  2  2  0 -2 -2  0 -2 -3 -1  0  1 -3 -3 -1    9   0   3   9   0   5  16  20   3   0   5   5   0   0   3   7   8   0   0   4  0.21 0.16
  182 R   -1  4  2 -2  0  3  0 -1  3 -4 -3  1 -2 -3 -1  0  0 -3 -1 -3    3  25  10   0   2  18   3   3   7   0   1   7   0   0   3   7   5   0   3   0  0.40 0.28
  183 V    0  1 -2 -2  2  1  0  0  2  0  0  0 -1  1 -3 -2 -2  4  2  0    7   7   0   0   7   7   7   7   7   7   7   7   0   7   0   0   0   7   7   7  0.12 0.14
  184 M   -1 -2  0 -3 -3  0 -3 -3 -2  2  2  0  4  1 -3 -2 -2 -2  3  1    6   0   6   0   0   5   0   1   0  13  19   6  14   6   0   1   0   0  12  10  0.28 0.22
  185 S    1  0  1  0 -2 -1  0  0  1 -1 -1  0  0 -2  1  1  1 -3 -2 -1   12   5   6   5   0   0   5   8   4   4   5   8   4   0   8  10  11   0   0   4  0.10 0.09
  186 K    0  0  0  2 -3  1  2  1  2 -3 -2  1 -2 -2 -2  0  0  2  0 -1    8   3   4  12   0   6  13  14   6   1   4   7   0   0   1   8   4   4   3   4  0.17 0.14
  187 V    0 -1  0  0  0 -1  0  1 -1  0  0  0  0 -1  0  0  0 -2  0  1    8   4   4   6   2   1   7  13   0   7   5   4   3   3   5   4   8   0   3  12  0.03 0.05
  188 T    0 -1  0  0 -2  0  0 -1 -2  1 -1  0  0  0  1  0  1  0 -1  1    8   3   3   6   0   3   5   4   0   9   5   6   3   4   7   6  14   2   2  10  0.05 0.07
  189 D    0 -1  0  2 -2  0  0  0  0  0  0  0 -1 -1 -1  0  0 -2  1  0   10   1   5  13   0   4   7   9   3   6  10   5   0   1   2   4   4   0   5   9  0.05 0.07
  190 E    1  0  1  0 -2  1  1  2 -1 -1 -1  0 -1  0 -1  1  1 -2 -2 -1   11   3   6   4   0   6   9  16   1   2   4   5   2   5   3  10   8   0   1   4  0.10 0.09
  191 E    0 -1  1  3 -2  0  2  0 -1 -1 -2  0 -2 -2 -2  2  1 -3 -2 -1    7   3   7  16   0   3  12   8   1   4   4   4   1   1   1  15   7   0   1   4  0.18 0.14
  192 G   -1  2 -2 -1 -3 -2 -1  5 -2 -1 -2  0 -2 -3  0 -1 -1 -3 -2 -1    3  13   1   2   0   1   3  43   1   3   4   5   1   1   5   5   3   0   2   4  0.51 0.27
  193 R    0  0  2  2 -3  2  1 -1 -1 -1 -1  2  0 -2 -2 -1  0 -3  0  0    7   3   9  11   0   9   7   3   1   3   5  17   3   1   1   3   7   0   3   6  0.15 0.14
  194 T    0 -1 -2 -1 -2  0  0 -1 -2  2 -1 -1  2 -1  1  0  1 -2 -2  1    7   4   1   3   0   3   6   5   0  15   4   3   6   3   7   7  11   0   1  14  0.10 0.12
  195 T   -1 -2 -1  2  0 -1  0  0 -2  1 -1  0 -1 -2  0  0  3 -3 -1  0    4   1   3  13   2   1   6   7   0  10   6   6   1   2   5   4  22   0   2   6  0.13 0.15
  196 S    1 -2  2  0 -2 -1 -1  2 -2  0 -2  0 -2 -3  1  1  0 -1 -2  0   14   1  11   6   0   2   2  16   0   6   1   5   0   1   7  12   6   1   1   8  0.17 0.15
  197 E    0  1  0  2 -3  0  1  1  0 -1 -1  2 -2 -2 -2 -1  0 -3 -2 -1    6   7   5  14   0   2  10  13   3   4   4  14   0   2   1   2   6   0   0   5  0.15 0.13
  198 V    0 -1 -1  0 -2 -1  0 -1 -1  1  0  1  0 -2  2 -1  0 -3 -1  1   10   2   3   4   0   2   5   5   2  11   7  10   1   1  13   3   6   0   2  14  0.12 0.12
  199 I   -1 -2 -2 -2  0 -2 -3 -1 -3  4  0 -1  0  1 -2 -2  0 -3  0  3    5   1   2   3   2   2   1   4   0  26   6   5   1   8   2   2   7   0   3  20  0.24 0.20
  200 R    0  1  0  1 -2  0  0  0  1  0 -1  0  0  0  0  0  0 -2  0 -1    6   8   5   9   0   4   7   7   5   7   5   6   3   4   4   6   6   0   4   4  0.04 0.04
  201 V    0  0 -1  0 -2  1 -1  0 -1  0  0  0  1  1  1  0  0 -2  1  0    7   7   0   7   0   7   0   7   0   7   7   7   6   6   7   7   7   0   6   7  0.04 0.09
  202 G    0  0  0  0 -3 -2  0  4 -2 -1 -1 -2 -2 -3  0  0  0 -3 -3 -1    9   5   5   5   0   0   6  35   0   5   5   0   0   0   5   7   6   0   0   6  0.30 0.21
  203 K    1 -1  1  0 -2  0  1  1  1 -1 -2  1 -1 -1  1  0  1 -3 -2 -1   12   0   6   6   0   3  10  11   4   3   3  10   2   3   6   5  11   0   0   3  0.11 0.12
  204 G    0 -2  2  1 -3  0  0  3  0 -2 -2  1 -2 -3 -3  0  1 -4 -3 -2    7   0  11   7   0   3   5  30   2   2   3   8   0   0   0   7   9   0   0   3  0.31 0.21
  205 G    1 -1 -1  0 -4  1  0  5  0 -2 -4 -1 -3 -4 -2 -1 -2 -4 -4 -3   13   3   2   4   0   6   5  49   2   2   1   3   0   0   2   3   2   0   0   2  0.68 0.37
  206 D    0 -1  0  4 -3  1  0 -2  0 -2 -2 -1 -1 -3 -1  0  1  2 -1 -1    7   3   3  32   0   6   3   2   2   2   4   3   2   0   2   8  11   3   2   4  0.33 0.25
  207 Y   -4 -4  0 -5 -4 -4 -4 -5  3  0 -3 -4  1  4 -5 -1 -1  4  7  0    0   0   4   0   0   0   0   0   8   6   1   0   3  17   0   4   4   5  40   5  1.11 0.54
  208 A    2  1  1 -2 -3  0  0  0  2  1 -2  3 -2 -3  0 -1 -1 -3  0 -1   19   7   6   0   0   3   7   6   5   9   3  20   0   0   3   3   3   0   3   3  0.18 0.20
  209 S   -3 -3  6  1 -4 -2 -3 -1  0 -4 -4 -3 -4 -4 -4  2  3 -5 -4 -4    1   0  48   7   0   0   1   4   2   0   1   0   0   0   0  14  19   0   0   1  1.06 0.45
  210 L   -2 -3 -4 -4 -3 -3 -4 -4 -4  2  5 -2  2 -1 -1 -3 -2 -3 -3  1    3   0   0   0   0   0   1   1   0  12  57   3   3   2   3   1   2   0   0  11  0.74 0.32
  211 D   -3 -3  2  7 -4 -2 -1 -1  2 -4 -4 -3 -4 -4 -3 -1 -3 -5 -4 -4    1   1   9  68   0   1   1   5   5   1   1   1   0   1   1   4   1   0   0   1  1.44 0.49
  212 A    3  0  0  0 -2  0  0  0  0 -2 -2 -1 -1 -2 -2  1 -1 -3 -1 -1   36   5   5   6   0   5   4   5   2   2   3   2   2   2   1  11   3   0   2   3  0.26 0.20
  213 L    0 -4 -4 -5 -3 -4 -4 -4 -4  1  4 -4  4  0 -4 -3 -1 -3  0  1    8   0   0   0   0   0   1   1   0   6  52   1  10   3   0   1   4   0   4   9  0.74 0.33
  214 V    2 -4 -5 -5 -3 -4 -4 -4 -5  2 -1 -4  2  2 -4 -3 -3  4 -3  5   18   0   0   0   0   0   0   0   0   8   5   0   4   9   0   0   0   6   0  45  0.85 0.44
  215 M   -1  0  0  0 -3  0  1 -3  2 -1 -1  1  2  0  0  0  0  2  2 -1    4   3   5   4   0   4  12   0   5   3   3   9   9   4   4   9   5   3   8   4  0.13 0.18
  216 D    0 -1  0  4  3  0  0  0  2 -1 -2 -1  0 -4 -4  0 -1  2  0 -3    8   3   4  29   6   4   5   6   5   3   4   4   3   0   0   5   3   3   3   0  0.35 0.31
  217 A    3 -4 -4 -4  1 -3 -3  0  1  0  2 -3  3 -3  0 -2  0 -4 -3  0   33   0   0   0   3   0   0   6   3   5  23   0   7   0   5   0   4   0   0   7  0.44 0.33
  218 T   -1  1 -2 -3 -1 -2 -3 -3  0  3  1  1  0 -1 -1 -2  1  2 -1  2    3   9   2   0   1   0   0   2   3  20  13  13   2   2   3   1   8   3   2  13  0.20 0.21
  219 N   -1  0  3  1 -3  2  1 -1  2 -3 -2  1 -1 -1 -2  0 -1 -3  0 -2    5   3  18   8   0  10  10   3   7   0   2  10   2   3   0   8   3   0   3   2  0.24 0.19
  220 N    0  0  2  0 -3  1  1  0  0 -2 -1  1  1 -3 -2  1  2 -3 -2 -1    7   3  10   5   0   7   9   6   2   0   4   9   5   0   0  13  15   0   0   2  0.17 0.17
  221 L   -1  0 -2 -3  1  0 -2 -3  0  2  2  0  2  0 -3 -1  0 -2  1  1    4   6   0   0   4   4   0   1   4  21  19   5   6   4   0   4   4   0   5   8  0.14 0.14
  222 I   -1 -1  1  1 -2 -1  0  0 -2  0  0  0  1  1  1  0 -1 -2 -1  0    1   0   8   8   0   0   8   8   0   8   8   8   8   8   8   8   0   0   0   8  0.06 0.10
  223 E    0 -1  2  4 -3 -1  1  0  2 -3 -3  0 -3 -3  1  1  0 -3  0 -3    7   0   9  27   0   0  10   4   6   0   1   6   0   0   6  11   4   0   4   0  0.29 0.19
  224 P    0  0  0  0 -3  1  2 -2  0 -1 -2  0 -2 -1  4  0  0 -3 -2 -1    7   3   3   4   0   4  18   1   2   4   3   7   0   3  22   7   6   0   0   5  0.30 0.18
  225 W    0  1 -1 -1 -1  1  0 -2  0  1 -1 -1 -1 -2  0 -1 -2  7  1  0    6  11   2   3   1   6   5   3   2  11   4   2   1   1   4   5   1  18   5   9  0.33 0.22
  226 Y   -1 -1 -2 -3 -3 -1 -1 -3  5 -1  0 -1  0  4 -3 -2 -2  2  4 -1    4   3   2   1   0   2   3   1  21   4   9   3   2  19   1   1   2   3  17   3  0.54 0.30
  227 Q    0  6 -1 -1 -4  2 -1 -4  2 -4 -3  2  0 -4 -4 -2 -3  0  0 -3   10  45   1   3   0  12   2   0   5   0   2   9   2   0   0   2   0   1   3   2  0.76 0.45
  228 E   -1  1  3  3 -4  1  2 -1  1 -3 -2  1  0 -1 -3  0 -1 -4 -3 -3    4   9  15  22   0   4  14   3   3   0   4   7   3   2   0   5   3   0   0   0  0.34 0.24
  229 D    0  1  1  1 -2  1  1  0  2  0 -1  1 -1 -2 -2  0  0 -3 -2  0    7   7   7   7   0   7   7   7   7   7   7   7   0   0   0   7   7   0   0   7  0.07 0.08
  230 P    0 -2  1  1 -3  0 -1  1 -2 -1 -2  0  0 -1  4  0  0 -3  0 -1    7   0   8   8   0   3   4  13   0   3   4   6   3   3  20   4   5   0   4   3  0.24 0.18
  231 D   -1  0  1  5 -4  0  2  3 -3 -4 -4  0 -4 -5 -3 -1 -3 -5 -4 -2    4   5   7  36   0   4  12  21   0   0   0   4   0   0   0   3   0   0   0   4  0.64 0.35
  232 L   -2 -3 -2 -3 -3 -3 -2 -1 -1  0  4 -3  2  1 -3 -1 -2 -3  0 -1    1   0   2   0   0   0   3   5   2   2  61   0   4   7   0   6   0   0   2   2  0.52 0.29
  233 V   -1  1 -2 -2 -2  0 -1 -1 -2  2  0  0  1  0 -2 -1  0 -3 -1  3    4   9   0   1   0   3   4   4   0  10   4   9   4   4   1   1   4   0   0  39  0.16 0.13
  234 V    1 -2 -2 -3  2 -2 -2 -2 -2  1  0 -2  1  2 -2  0 -1  3  1  2   20   1   0   1   6   0   1   1   0   6   6   1   5  10   1   6   1   5   6  26  0.18 0.11
  235 I   -1 -2 -2 -2 -2 -2 -2 -2 -1  1  1 -2  2  2 -2  0 -1 -1  2  1    1   1   1   1   0   1   1   1   0  13  14   1  13  13   1  13   1   0  13  13  0.15 0.07
  236 V    0 -3 -3 -3  5 -2 -3 -3 -3  2  1 -3  2 -2 -3 -1  0 -3 -2  3    5   0   0   0  17   0   0   1   0  12  17   0   7   0   0   6   5   0   0  27  0.36 0.18
  237 G    0 -2  1  0 -2 -1 -1  4  3 -3 -3 -2  1 -3 -2  2 -1 -3 -2 -3    6   1   6   6   0   0   1  37   9   1   1   1   6   0   1  23   1   0   0   1  0.45 0.20
  238 R    0  3  1  0 -2  1  0  0  1 -3 -2  0 -1 -2  1  0  0 -2  0 -2   11  25   7   6   0   5   3   7   3   1   1   3   3   0   8   8   5   0   5   1  0.20 0.11
  239 Q    0  0  2  3 -3  1  2 -1  1 -1 -3  1 -2 -3 -2  0  0 -3 -2 -2    6   4  14  24   0   4  14   4   4   4   1   8   0   0   1   8   3   0   0   1  0.31 0.14
  240 L   -1 -3 -3 -1  1 -1 -3 -3 -3  1  4 -3  2  0 -3 -2  1 -3 -2  1    6   0   0   5   4   3   0   0   0   5  51   0   6   3   0   0   9   0   0   6  0.36 0.21
  241 L   -1 -3 -4 -2 -3 -2 -2 -3 -1  2  4 -3  1  1 -4 -1 -1  0 -1  1    5   0   0   3   0   1   2   1   2  11  44   1   4   6   0   5   2   2   1  10  0.41 0.26
  242 A    3 -2  1 -1 -3  0  0  0  3 -1 -2 -2 -1 -2 -1  1  0 -4 -2 -1   30   1   6   2   0   3   5   7   9   5   2   1   1   2   3  12   6   0   0   5  0.24 0.22
  243 D    1  0  1  4 -4  0  1 -2  2 -3 -3  0 -3 -4 -3  1  0 -4 -1 -4   15   5   5  32   0   4   7   2   6   1   1   5   0   0   0   8   5   0   2   0  0.48 0.31
  244 K    0  2 -1  1  0  0  2 -2  1 -2 -2  4 -3 -1 -3 -1 -2 -4  1 -3    7   9   1   9   3   3  13   2   3   2   4  32   0   2   0   3   0   0   5   1  0.36 0.27
  245 Y   -1  1  0 -1 -4  2  0 -2  1 -2 -2  1 -2  1 -3 -1 -1 -2  5 -1    6   8   6   3   0  12   6   3   2   2   2   9   0   5   0   2   2   0  26   5  0.37 0.28
  246 F    0 -1  0  0  1  0  0 -1 -2  0  0  0  1  2 -3  0  0  2  2  0    7   3   5   6   4   4   4   5   0   7   8   6   4  11   0   5   5   3   7   5  0.04 0.08
  247 P    0  2  1  1 -3  1  0 -1 -2 -1 -1  2 -2 -3  2  0  0 -3  1 -3    8  11   6   7   0   7   5   5   0   4   6  12   0   0  11   5   7   0   5   0  0.18 0.18
  248 I   -1 -2 -1 -4 -3 -3 -2 -4  0  2  3 -1  2  1 -4 -2 -1 -3  2  1    5   2   4   0   0   0   2   0   2  13  34   5   5   5   0   3   2   0   8   8  0.34 0.26
  249 V    0 -2  0  0  2  0  0  0  2  0  0 -2  1  1  1  0  0 -2  1  0    6   0   6   6   6   6   6   6   6   6   6   0   6   6   6   6   6   0   6   6  0.05 0.11
  250 N    0  0  3  0 -3  1  1  2  2 -4 -3  0 -3  0 -3  1  0 -3  1 -3    9   5  14   5   0   6   8  15   5   0   1   4   0   5   0  10   7   0   5   0  0.24 0.21
  251 K    0  2  1  0 -3  2  1  0  0 -3 -2  2  0 -3 -1  0 -1 -4  0 -2    9  13   6   4   0  11  10   6   2   0   2  16   2   0   3   7   3   0   3   3  0.23 0.20
  252 E    2 -2  1  0 -3  1  0  0  1  0 -2 -1 -2 -2  1  0  0 -4 -1 -1   25   0   8   4   0   9   7   8   4   7   3   3   0   2   6   6   4   0   1   2  0.17 0.20
  253 Q    0  0  2  2 -3  2  0  1  2 -1 -1 -1 -2 -3  0  1  0 -4 -1 -2    9   4  10  16   0  10   2  10   5   3   5   2   0   0   5   8   7   0   1   1  0.20 0.20
  254 D    0 -1  0  2 -3  1  1  0 -1 -2 -2  1  0 -1  1  1  1 -4 -3 -1    8   2   5  15   0   7   9   7   1   1   3   7   2   3   7   8   9   0   0   3  0.16 0.16
  255 N   -1  0  3 -2 -4  0 -1 -1  1 -2 -1  2 -2 -1  3  0  0  1 -1 -2    5   4  15   0   0   5   4   3   3   2   7  18   0   3  14   7   5   2   2   3  0.24 0.24
  256 S    1 -1  0 -1 -3  1  1 -1  1 -1 -2  0  0 -1  1  2  2 -3 -2 -1   11   2   4   3   0   6   7   4   3   3   3   7   2   3   6  16  14   0   0   5  0.14 0.17
  257 E    0 -2  2  1  0  1  3 -3  1 -1 -2  1 -3 -4  1 -1  1 -4 -1 -3    6   0  10   9   3   4  27   0   3   3   4   8   0   0   7   3   8   0   3   0  0.34 0.30
  258 M   -1  0  1 -2 -3  1  1 -2  1  1  1  3  1 -3 -1 -1  0 -4 -3 -1    3   3   6   0   0   6   9   2   3   8  15  23   4   0   3   4   6   0   0   3  0.17 0.21
  259 L    0 -1  1 -2 -2  0  0 -3 -2  1  2  0  1  0 -1 -1  0 -3 -2  1    7   2   8   1   0   5   7   0   0   8  28   7   3   3   3   3   4   0   0  10  0.12 0.16
  260 A    4 -1  0 -1 -2  0 -1  0  1 -1 -1  0  0 -3 -1  0 -2 -3 -3  0   42   3   3   3   0   4   2   8   3   2   4   6   3   0   3   6   1   0   0   5  0.31 0.27
  261 A    1  0  1  0 -2  0  0  0  0  0  0  0  1 -2 -2  0  0  3 -2  0   17   4   7   7   0   3   4   8   2   6  11   5   4   0   0   3   5   5   0   9  0.06 0.10
  262 D   -1  0  2  3 -4  3  2  0 -2  0 -1  0  1 -3 -1  0 -2 -4 -3 -3    3   4  12  17   0  14  12   5   0   6   5   5   5   0   3   6   0   0   0   0  0.28 0.24
  263 V    0  0  1  0 -2  1  0  0 -2  0  0  0  1 -2  1  0  0 -3 -2  0    7   7   7   7   0   7   7   7   0   7   7   7   6   0   7   7   7   0   0   7  0.07 0.08
  264 I   -1  0 -1 -3 -1  0 -2 -2  0  3  2 -1  2 -2 -3 -1  0  1  1  0    5   5   2   0   1   3   2   2   3  23  21   3   7   0   0   4   7   2   4   4  0.19 0.18
  265 I   -1  0  0  0 -2  1  0  0 -1  1  1 -1  1  0 -2 -1  0 -2  1  0    4   5   6   7   0   7   5   7   0  11  17   3   5   2   1   3   3   0   6   8  0.04 0.07
  266 S    1 -1  0 -2  1  0 -1  0  1 -1  0  1  1 -2  0  2  1 -3 -2  0   11   2   4   1   3   5   2   5   5   3   7   8   4   2   3  20   8   0   0   6  0.09 0.11
  267 Q    0  0  1  0 -3  3  0 -1 -2  0 -1  1  0 -1 -2  1  0 -3 -1 -1    5   2   8   5   0  22   3   5   0   7   7  11   2   3   0   9   5   0   3   2  0.17 0.17
  268 K    0  1  2  0 -3  1  0 -1  0 -3 -2  3 -1 -3  1  1 -1 -3 -1 -3    5   8   9   4   0   8   4   3   2   0   3  28   2   0   5  14   2   0   2   0  0.28 0.18
  269 R    0  3  0  0 -3  2  2 -2  0 -2 -1  1  0 -3 -2  1  1 -3 -1 -1    5  19   3   3   0   9  15   0   2   0   6   6   3   0   0  10  12   0   2   6  0.20 0.13
  270 I    0 -3 -3 -4 -2 -2 -3 -3 -2  2  1 -1  1  3 -3 -2  0 -1  3  2    7   0   0   0   0   0   0   0   0  21   9   4   4  15   0   0   7   0  16  17  0.29 0.15
  271 G    1  0  0 -2 -3 -2 -1  5  2 -3 -2 -1  0 -3 -3 -1 -1 -3 -3 -3   12   6   5   0   0   0   4  52   7   0   4   3   4   0   0   0   3   0   0   0  0.56 0.21
  272 N    0 -1  2  0 -3  0 -1  5 -2 -4 -4 -2 -3 -4 -3  0  0 -4 -3 -2    3   4  11   4   0   3   3  57   0   0   0   0   0   0   0   5   5   0   0   4  0.68 0.23
  273 L   -1  1 -3 -4  0 -2 -3 -3  0  1  2 -1  2  1 -3 -2  0  4  1  0    4  13   0   0   2   0   0   0   2   6  30   4   8   6   0   0   6   7   5   7  0.24 0.15
  274 P   -1  1 -1  0 -4  0  0 -1 -3 -2 -3  1 -3  0  6  0  0 -4 -3 -2    2   7   2   4   0   5   6   5   0   2   0   7   0   6  41   5   6   0   0   2  0.68 0.26
  275 A    4 -1 -2 -4  1 -3 -3 -2  0  2 -1 -3 -2 -1 -2  0  0 -1 -3  2   46   3   1   0   2   0   0   1   2  11   4   0   0   3   1   5   4   1   0  14  0.44 0.32
  276 V   -1 -1 -1 -1 -3 -2  1 -2 -3  1  0 -1  2  3 -4 -3 -1 -3  3  2    4   3   4   4   0   0   9   2   0   9   8   3   6  13   0   0   4   0  10  21  0.23 0.24
  277 R    0  2  0  0  0  1 -1 -1  0  0 -1  0  0 -1 -1  1  2 -3 -1  0    5  12   3   6   3   6   2   4   3   5   3   4   2   2   3  13  18   0   2   5  0.11 0.15
  278 V    2 -1 -1 -4  2  0 -3 -4  1  0 -1 -3  0 -1  3 -1 -1 -5 -3  3   19   3   3   0   4   5   0   0   4   4   3   0   3   3  19   3   3   0   0  24  0.42 0.34
  279 P    0 -5 -5  0 -6  1 -4 -5 -5 -5 -2 -4  1 -6  7  0 -4 -6  0 -2    8   0   0   6   0   7   0   0   0   0   4   0   3   0  58   6   0   0   3   3  1.48 0.63
  280 Y   -2 -2  1 -1  0  0 -2 -1  3 -4 -2  0 -3  6 -5 -2 -2  0  3 -4    3   2   7   3   2   5   3   6   8   0   2   5   0  38   0   1   3   1  11   0  0.69 0.35
  281 F   -5 -6 -6 -7 -5 -6 -6 -7 -5  0  0 -6  6  7 -7 -6 -5  2 -1  1    0   0   0   0   0   0   0   0   0   4   7   0  23  56   0   0   0   3   0   8  1.81 0.65
  282 P   -1 -4 -4 -4 -5 -4 -4 -5  2 -1 -5  0 -4 -6  8 -3 -4 -6 -5 -1    6   0   0   0   0   0   0   0   5   5   0   7   0   0  73   0   0   0   0   5  1.95 0.60
  283 A    1  0  0  2 -3  0  0  2 -2 -2 -2  0 -2 -4  1  1 -1 -4 -3 -2   12   5   2  16   0   2   7  21   0   3   3   3   0   0   6  15   2   0   0   2  0.26 0.16
  284 D    0  1  3  1 -3  0 -1  2  1 -3 -2  1  0 -3 -3 -1  1 -3  0 -3    8   9  16  10   0   5   0  18   4   0   4   8   4   0   0   0   9   0   4   0  0.25 0.20
  285 A    1  1 -2 -2  1  0 -1  2  1 -2 -1  0  0 -2 -2  1  1 -3  1 -1   16   7   0   0   4   4   4  16   4   0   5   5   4   0   0  12   8   0   7   4  0.14 0.15
  286 M    0 -2 -3 -3 -2 -2 -3 -3 -2  2  1 -2  2  2 -3 -1  1 -1  2  1   13   0   0   0   0   0   0   0   0  13  13   0  13  13   0   0  13   0  13  13  0.21 0.10
  287 L    0 -1 -3 -3  2 -2 -3  1 -3  1  2 -2  3  1 -3 -2  0  3 -1  1    8   5   0   0   5   0   0  12   0   8  24   0  14   7   0   0   5   5   0   7  0.20 0.12
  288 I    0 -4 -4 -4  4 -3 -4 -4 -3  3  1 -3  0  1 -4 -2 -2 -2  2  3    7   0   0   0  12   0   0   0   0  24  10   0   0   8   0   0   0   0   7  32  0.47 0.19
  289 T    1 -2  1 -2  2 -2 -2 -2 -3 -2 -2 -2  1 -3 -2  1  5 -4 -3 -1   10   0   6   0   6   0   0   0   0   0   0   0   6   0   0   6  66   0   0   0  0.68 0.25
  290 K   -1  0  0 -2 -3 -2  0 -3  0 -1 -1 -1  0 -1  4  1  2 -3  1 -1    2   6   4   1   0   0   5   0   2   3   4   2   4   3  24  13  19   0   6   3  0.37 0.17
  291 L   -2 -2 -4 -4 -3  0 -3 -4  0  0  3 -1  0  3  3 -3 -2  3  0 -1    2   1   0   0   0   5   0   0   2   2  42   5   2  12  15   0   1   5   2   2  0.48 0.21
  292 E    0 -1  1  3 -4  1  2  0 -2 -4 -4  2 -3 -2 -1  1 -1 -1  1 -3    6   2   5  21   0   7  14   8   0   0   0  16   0   1   2  11   1   1   5   0  0.34 0.16
  293 N   -4 -3  8 -2 -5 -3 -3 -3 -2 -5 -1 -3 -4 -5 -5  1 -3 -6 -5 -5    0   0  84   0   0   0   0   0   0   0   7   0   0   0   0   9   0   0   0   0  1.94 0.53
  294 L   -4 -5 -6 -6 -4 -4 -5 -6 -5  1  6 -5  3 -2 -5 -5 -3 -4 -3  0    0   0   0   0   0   0   0   0   0   4  84   0   7   0   0   0   0   0   0   5  1.39 0.40
  295 S    0 -1 -2 -3 -1  2 -2 -3  3 -1 -1 -2 -3 -4  0  4 -2 -4 -1  0    8   2   0   0   1  11   0   0   9   3   7   0   0   0   3  46   0   0   2   7  0.53 0.34
  296 I   -1 -1 -3 -5 -3 -4 -4 -5 -1  5  1 -4  0  1 -4 -4 -1  0  0  3    4   5   1   0   0   0   0   0   2  44  13   0   1   5   0   0   2   1   3  19  0.65 0.30
  297 Y   -4 -1  1 -5 -5 -4 -5  0 -2 -1  0 -4  0 -1 -6 -3 -4 -2  8 -2    0   4   7   0   0   0   0   7   0   4   8   0   2   0   0   2   0   0  64   2  1.50 0.56
  298 Y   -2 -2 -2 -3 -3 -2  0 -3 -1  3 -1 -3 -1  2 -4 -2  3  6  3  0    3   1   1   1   0   1   8   1   1  21   4   0   1  10   0   0  21  11  10   4  0.46 0.27
  299 M   -3 -2 -2 -2 -5  7 -1 -2  1 -2  0  0  0 -3 -1 -1 -3 -4  1 -1    0   0   1   1   0  56   1   3   3   1   8   5   2   1   3   3   0   0   5   6  0.90 0.43
  300 D    0  2  1  2 -3  0  2 -3 -1 -1 -2  2 -2 -4  0  0  0 -4 -3 -2    8  14   8  12   0   2  17   0   1   5   3  14   0   0   4   5   6   0   0   1  0.26 0.17
  301 D   -1 -1  1  3 -4 -2 -2  4  0 -1 -3 -1  1 -4 -1  0 -2 -4 -2 -3    3   3   8  16   0   0   2  43   2   4   1   3   4   0   3   6   1   0   2   1  0.57 0.27
  302 S    0 -1 -1  0 -3  0 -2  0 -1 -2 -4  0 -3 -2 -3  4  4 -4 -3 -1    6   3   1   5   0   4   0   5   2   3   0   5   0   2   0  34  27   0   0   3  0.46 0.29
  303 H   -1  3 -2 -1 -1  1 -1 -2  4  1  0  0  1 -1 -3 -1  0  3 -1  0    4  21   0   3   1   7   2   2  12  10   6   2   4   2   0   3   6   5   1   7  0.23 0.19
  304 R   -5  7 -2 -5 -6  0 -4 -6  0 -6 -3  0  1 -2 -2 -1 -4  1 -1 -3    0  70   2   0   0   3   0   0   2   0   2   4   3   2   2   4   0   2   3   2  1.55 0.75
  305 R   -2  6 -1 -2 -5  0 -2 -3  0 -4 -1  1 -1 -1 -2 -1  0 -4  1 -2    2  47   2   2   0   3   2   2   2   0   6   9   2   2   2   4   6   0   4   3  0.68 0.46
  306 V   -1  2  0 -2 -3  1  0 -2  3  0  0  2  0  1 -3  0  0 -3  0 -1    4  13   3   0   0   7   5   2   8   5   9  12   2   7   0   9   7   0   2   4  0.14 0.18
  307 I    1 -2  0 -3 -3  0 -2 -1  1  1  0  0  1  1 -3 -1  0  3  2  1   12   0   4   0   0   3   0   4   4  12   7   6   5   6   0   4   7   5  10  10  0.14 0.17
  308 E   -1  1  0  0 -3  1  1 -1  1 -1 -1  2 -2  0 -3  0  0 -3  1  0    4   9   4   4   0   8  11   4   4   5   5  15   0   3   0   4   6   0   7   7  0.12 0.14
  309 E   -3 -1  2  5 -5  1  2 -2  2 -2 -3 -1  0 -1 -4 -1 -3  2 -3 -4    0   2   8  41   0   6  15   3   6   3   2   2   4   3   0   3   0   3   0   0  0.70 0.40
  310 N   -1  0  5  2 -4  1  3 -3  0 -1 -2  0 -3 -4 -3 -1 -1 -4 -1  0    3   3  31   9   0   4  23   0   2   3   2   4   0   0   0   2   3   0   2   8  0.49 0.33
  311 P    0 -2  1  1 -3  1  0 -1  2 -4 -4  0 -3 -4  5  1  0 -4 -3 -3    8   0   7   6   0   5   6   5   7   0   1   5   0   0  32  11   5   0   0   0  0.58 0.25
  312 K    0  0  0  3 -3  1  2 -1  1 -3 -3  1  0 -4  1  0  0 -4 -3 -3    5   4   4  19   0   4  17   5   4   0   0  12   5   0   7   8   6   0   0   0  0.31 0.19
  313 L   -2  4 -2 -1 -1  0  0 -1  0 -1  0  2  0  0 -3 -1 -1  1  2 -1    2  28   0   2   1   2   5   6   2   5   8  13   2   4   0   3   4   2   9   3  0.23 0.20
  314 D   -1  0  4  3  0 -1  0 -1 -2 -4 -3  3 -1 -4 -3  0 -2 -4 -1 -4    4   5  22  23   2   0   3   5   0   0   2  22   2   0   0   6   0   0   2   0  0.49 0.32
  315 R    0  4  0 -3  2  2  0  0 -2 -3 -2 -1 -1 -3 -3  0 -1 -3  1 -2    8  32   3   0   6  13   4   9   0   0   3   0   2   0   0   6   4   0   7   3  0.37 0.29
  316 V   -2 -3 -4 -1 -3 -3 -2 -4  0  3  1 -3 -1  3 -4 -3 -1  5  3  3    2   0   0   3   0   0   2   0   2  18  13   0   0  12   0   0   3   9  12  22  0.48 0.28
  317 E    1 -1  1  1 -4  0  4  1 -2 -1 -2  0 -1 -4 -3 -1 -1 -4 -3  0   11   3   6   6   0   4  31  11   0   4   3   4   2   0   0   3   3   0   0  10  0.29 0.25
  318 N   -1  0  4  4 -2 -1  0 -3  3  0 -3 -1  0 -1 -4 -1  1 -4 -2 -1    4   5  22  24   1   1   4   0   8   8   1   2   2   4   0   2   8   0   1   4  0.40 0.30
  319 Y   -2  1 -2 -5 -2 -1 -4 -2  0 -2 -3 -1 -2  3 -5  0 -2  4  7 -1    2   9   2   0   1   2   0   2   1   2   0   3   1  13   0   9   2   6  41   4  0.91 0.49
  320 E   -1 -2  2 -2 -4  2  1 -4  0 -2 -2 -2 -1  2  0 -1 -1  3  6 -3    5   1  10   1   0  10  11   0   1   2   3   1   2   8   4   3   3   3  30   0  0.54 0.38
  321 S    0  0  1  1 -3  1  0  0  2  0 -1 -1 -1 -2 -2  0  0  4  1 -2    7   7   7   7   0   7   7   7   7   7   7   0   0   0   0   7   7   7   7   0  0.12 0.14
  322 M   -1  4 -2 -2  2  1 -1 -3  0  0 -2  0  1  0 -3  0  0  1  0  0    3  32   0   2   5   7   2   1   3   5   2   1   4   4   0   8   5   2   3  10  0.27 0.20
  323 N    1  0  6 -1 -1  0  0 -3  2 -4 -4  0  2 -2 -2 -1 -2 -4  0 -4   13   4  45   1   2   4   5   0   5   0   0   4   7   1   2   2   0   0   3   0  0.65 0.32
  324 I    0 -2 -2  2 -4  3  4 -2 -1  0  0 -2  0 -3 -3  0 -2 -4 -3  0    7   0   0   9   0  13  36   2   1   6  10   0   2   0   0   4   0   0   0   9  0.41 0.25
  325 D    2 -4 -2  4  5 -3 -2  3 -4 -4 -4 -3 -4  0 -4 -1 -1 -5 -4 -4   17   0   0  34  14   0   0  24   0   0   0   0   0   4   0   3   3   0   0   0  0.79 0.35
  326 Y   -5 -5 -5 -6  1 -1 -5 -6 -2 -4 -4 -5 -4  4 -6 -5 -5  3  9 -4    0   0   0   0   3   3   0   0   0   0   0   0   0  17   0   0   0   3  73   0  2.22 0.66
  327 V    3 -2 -4 -4 -1 -3 -2 -1 -4  1 -1 -2  0 -3 -2 -1 -2 -4 -1  4   27   2   0   0   1   0   3   5   0   7   3   1   1   0   2   2   0   0   2  44  0.49 0.29
  328 V   -3 -5 -5 -5 -3 -4 -5 -5 -5  3  3 -4  1  0 -5 -4 -3 -4 -3  5    0   0   0   0   0   0   0   0   0  19  29   0   3   3   0   0   0   0   0  46  0.94 0.36
  329 E   -1 -3 -1  0 -5  0  6  2  0 -5 -5 -2 -4 -5 -2 -1 -2 -5 -1 -5    5   0   3   2   0   2  62  17   2   0   0   0   0   0   1   2   2   0   2   0  1.03 0.43
  330 D   -2 -2  3  5 -5  1  2 -3  0 -2 -5 -1 -4 -5 -4 -1 -2 -5 -1 -2    3   2  16  44   0   6  15   0   2   3   0   1   0   0   0   2   1   0   2   3  0.83 0.35
  331 Y   -2 -2 -4 -2 -1 -3 -1 -3  2 -2  1 -2  0  2  2 -3 -2 -2  6  0    2   1   0   3   1   0   3   2   6   1  15   2   2   6  11   0   2   0  36   6  0.60 0.32
  332 A    0  0  1  3 -4  1  2  2 -2 -3 -2  1 -1 -3 -3 -1 -1 -4 -3 -3    6   5   7  16   0   4  19  21   0   0   4   9   2   1   0   1   3   0   0   1  0.33 0.20
  333 A    3 -1 -2 -2  2  0 -2 -2  0 -1  1  2  0 -1 -3  0 -2 -4 -1 -2   36   3   1   2   4   4   0   2   3   3  15  16   3   3   0   4   0   0   2   0  0.28 0.24
  334 G    3 -3 -3 -4  4 -3 -4  1 -3  0 -2 -3  1  2 -4 -2 -1 -2  4  1   26   1   0   0   9   0   0  12   0   5   1   0   5   8   0   1   2   0  19  10  0.44 0.28
  335 C    4 -4 -4 -4  5 -4 -4 -1 -4 -1 -2 -4 -1 -2 -4 -1  0 -5 -4  3   47   0   0   0  15   0   0   4   0   3   1   0   1   2   0   1   5   0   0  22  0.79 0.40
  336 L    3 -2 -4 -4 -3 -2 -3 -1  0  0  3 -3  2  1 -4 -1 -2 -3  0 -1   29   1   0   0   0   1   0   4   2   4  39   0   6   6   0   2   0   0   3   2  0.45 0.29
  337 V   -1 -4 -4 -2 -3 -4 -4 -3 -4  4  1 -4  0  3 -1 -3 -1 -3 -1  3    6   0   0   3   0   0   0   2   0  36   9   0   1  14   3   0   2   0   2  23  0.56 0.29
  338 E   -4 -3  0  5 -6 -1  6 -4 -3 -6 -6 -1 -5 -6 -4 -3  0 -6 -5 -5    0   0   4  31   0   0  59   0   0   0   0   1   0   0   0   0   5   0   0   0  1.44 0.53
  339 K    0 -2  5  0 -4 -2  1  2  0 -4 -5  0 -4 -2 -2  0 -2 -5 -2 -3    9   0  43   4   0   0   9  18   2   0   0   4   0   2   1   5   0   0   1   1  0.68 0.32
  340 I   -1 -4 -4 -3 -3 -4 -4 -5 -5  6  0 -2 -1 -2 -4  0 -1 -5 -3  3    5   0   0   1   0   0   0   0   0  57   5   2   0   0   0  10   3   0   0  16  0.82 0.35
  341 K    0 -1  1  1 -3  1  3 -3 -1 -2 -2  1 -2 -3 -2  1  2 -4 -3  0    7   0   8   5   0   6  21   0   1   1   2  12   1   1   0   9  20   0   0   6  0.30 0.19
  342 V   -2 -4 -4 -4 -1 -3 -4 -4 -3  3  2 -4  3  3 -2 -3 -2  2  1  2    3   0   0   0   1   0   0   0   0  19  21   0   9  18   2   0   0   3   3  20  0.50 0.22
  343 G    1 -1 -1 -1 -2 -1  1  1 -2  1 -1  2 -1 -3 -1 -1  0 -3 -2  1   18   0   2   2   0   0  11  12   0   8   3  17   0   0   2   2   4   0   1  18  0.14 0.13
  344 D   -2 -2  0  4 -3  0  2  0 -2  1 -1  0 -2 -3  0 -1  0 -4 -3 -2    0   0   2  31   0   4  20   9   0  11   5   4   0   0   4   2   6   0   0   1  0.35 0.17
  345 F    2 -1 -2 -2 -2  0 -1  2 -1 -1 -1 -1 -1  0  2  0 -1  3  0  0   22   2   0   0   0   5   4  16   1   0   6   2   0   6  12   6   2   5   2   9  0.18 0.10
  346 S    1 -2  1  1 -3 -1  1 -2 -2 -2 -3  1 -3 -4  5  0  0 -4 -3 -1   16   0  10   7   0   0  11   0   0   1   0  12   0   0  29   4   4   0   0   4  0.51 0.17
  347 T    1 -1  0  1 -3  1  3 -1  0 -2 -2  0 -2 -3  0  0  1 -4 -3 -1   19   2   3   5   0   3  33   3   2   0   3   4   0   0   3   4  10   0   0   5  0.27 0.14
  348 P    0 -3 -2  1 -4 -2  0 -2 -3 -4 -4 -1 -3 -5  7 -1  0 -5 -4 -3    8   0   0   8   0   0   6   2   0   0   0   2   0   0  65   4   5   0   0   0  1.40 0.28
  349 A    3 -2 -2  0 -2 -1  2 -1 -2 -1 -2 -1 -2 -3  0  1  1  2 -2 -1   45   0   0   4   0   0  16   2   0   3   0   1   0   0   4   7  10   4   0   3  0.32 0.15
  350 K    1 -1  0  0 -3  1  3 -1  1 -2 -2  1 -2 -3  1  0  1 -3 -2  0   15   0   3   3   0   4  32   2   4   0   0   8   0   0   5   5  10   0   0   9  0.25 0.11
  351 A    2 -2  0  0 -2 -1  0  0 -2 -3 -3 -1 -2 -3  5  1  2 -4 -3 -2   30   0   3   3   0   0   5   5   0   0   0   2   0   0  29   7  15   0   0   0  0.54 0.15
  352 T    3 -1  0 -1 -2  1  2  1 -2 -3 -3  1 -2 -3  0  0  1 -3 -3 -2   37   0   3   0   0   5  21  10   0   0   0   7   0   0   3   0  14   0   0   0  0.31 0.12
  353 A    2 -1 -1 -2 -2 -1 -1  2 -2 -3 -3  1 -2 -3  4  1  0 -3 -3 -2   27   0   0   0   0   0   3  22   0   0   0  13   0   0  20   9   7   0   0   0  0.44 0.11
  354 E   -1 -1 -1  2 -3  3  4 -3 -1 -2 -2  1 -2 -3  2 -1  0 -3 -3 -1    0   0   0  11   0  18  36   0   0   0   3  10   0   0  11   0   4   0   0   8  0.44 0.11
  355 P    0 -2 -1 -1 -2 -1  0 -2 -2 -3 -3 -1 -2 -4  6  1  1 -4 -3 -2    8   0   0   0   0   0   8   0   0   0   0   0   0   0  55  17  12   0   0   0  1.03 0.09
  356 G    3 -2 -1 -2 -1 -2 -2  4 -2 -3 -3 -1 -2 -3 -2  0 -1 -3 -3 -1   57   0   0   0   0   0   0  43   0   0   0   0   0   0   0   0   0   0   0   0  0.59 0.07
  357 A    4 -2 -2 -2 -1 -1 -1  0 -2 -2 -2 -1 -1 -2 -1  1  0 -3 -2  0  100   0   0   0   0   0   0   0   0   0   0   0   0   0   0   0   0   0   0   0  0.48 0.03

                      K         Lambda
Standard Ungapped    0.1331     0.3164
Standard Gapped      0.0410     0.2670
PSI Ungapped         0.1158     0.3179
PSI Gapped           0.0354     0.2670
