
Last position-specific scoring matrix computed, weighted observed percentages rounded down, information per position, and relative weight of gapless real matches to pseudocounts
           A  R  N  D  C  Q  E  G  H  I  L  K  M  F  P  S  T  W  Y  V   A   R   N   D   C   Q   E   G   H   I   L   K   M   F   P   S   T   W   Y   V
    1 M   -1 -2 -3 -4 -2 -1 -3 -3 -2  1  1 -2  7 -1 -3 -2 -1 -2 -2  2    0   0   0   0   0   0   0   0   0   0   0   0  82   0   0   0   0   0   0  18  0.61 0.09
    2 K   -2  3 -2 -2 -5  1 -1 -3 -2 -3 -4  6 -3 -5 -3 -2 -2 -5 -3 -4    0  17   0   0   0   5   0   0   0   2   0  76   0   0   0   0   0   0   0   0  1.17 0.30
    3 Q   -2  0 -1 -1 -4  7  2 -3 -1 -2 -2  1 -2 -4 -3  0  0 -4 -3 -3    1   2   1   2   0  65   8   0   0   3   5   5   0   0   0   4   5   0   0   0  0.92 0.28
    4 N   -1  1  1  0 -2  0 -1  0 -2  1  0  0 -1 -2 -1  1  2 -3 -2  0    0   8   6   4   0   3   2   8   0  10  14   3   0   0   2   9  25   0   0   5  0.11 0.08
    5 I   -3 -4 -5 -5 -3 -4 -5 -5 -5  6  1 -4  0 -2 -4 -4 -2 -4 -3  3    0   0   0   0   0   0   0   0   0  74   9   0   0   0   0   0   0   0   0  17  1.08 0.27
    6 N   -1 -2  5  3 -4 -1  0  0 -1 -1 -4 -1 -3 -1 -3  0 -1 -4 -2 -3    5   0  46  21   0   2   3   7   0   5   0   2   0   3   0   5   0   0   1   0  0.63 0.19
    7 I   -2 -1 -2 -4 -2 -3 -3 -4 -4  4  2 -3  0 -2 -3 -2  3 -4 -2  2    0   4   1   0   0   0   0   0   0  38  17   0   0   0   0   0  24   0   0  15  0.47 0.17
    8 G   -2 -4 -2 -3 -4 -4 -4  7 -4 -6 -6 -3 -5 -5 -4 -2 -3 -4 -5 -5    0   0   0   0   0   0   0 100   0   0   0   0   0   0   0   0   0   0   0   0  1.96 0.36
    9 N    0 -1  2 -1 -2  1  0 -2 -2 -1 -2 -1 -1 -1 -2  2  3 -3 -2  1    8   1  15   0   0   7   7   0   0   3   1   0   0   3   0  18  24   0   0  13  0.24 0.12
   10 V    2 -1  0 -1 -2 -1  1 -2 -2  0 -2 -1 -1 -3 -1  2  1 -4 -2  0   29   2   6   0   0   1  11   0   0   9   0   2   0   0   1  19  12   0   0   8  0.22 0.11
   11 V    3 -3 -2 -2 -3 -2 -2  3 -3 -2 -3 -2 -2 -4  3 -1 -2 -4 -3  1   32   0   0   2   0   1   0  31   0   0   0   0   0   0  17   1   0   0   0  16  0.56 0.18
   12 D   -3 -2  7  4 -4 -2 -1 -2 -1 -4 -5 -2 -4 -1 -4  0 -2 -5 -3 -3    0   0  65  25   0   0   0   1   0   0   0   0   0   4   0   3   0   0   0   2  1.18 0.30
   13 D    0 -3 -1  7 -4 -2  0 -3 -3 -4 -5 -2 -4 -5  0  0 -2 -6 -4 -2    7   0   0  78   0   0   2   0   0   0   0   0   0   0   4   5   0   0   0   3  1.28 0.30
   14 G   -1 -4 -1 -3 -4 -3 -3  6 -3 -5 -5 -3 -4 -5  0  2 -1 -4 -4 -4    1   0   1   0   0   0   0  77   0   0   0   0   0   0   4  15   2   0   0   0  1.27 0.27
   15 T   -1 -1 -1 -3 -3 -2 -2 -3 -3 -3 -2 -2 -2 -4 -3  2  6 -4 -3 -2    3   2   2   0   0   0   0   0   0   0   3   0   0   0   0  10  81   0   0   0  1.14 0.32
   16 G    0 -4 -2 -3 -4 -4 -4  7 -4 -6 -5 -3 -4 -5 -4 -2 -3 -4 -5 -5    4   0   0   0   0   0   0  96   0   0   0   0   0   0   0   0   0   0   0   0  1.82 0.34
   17 D   -3 -3 -1  7 -5 -2  0 -3 -3 -5 -5 -2 -5 -5 -3 -1 -1 -6 -5 -5    0   0   0  90   0   0   3   0   0   0   0   0   0   0   0   3   4   0   0   0  1.73 0.36
   18 Y   -1 -2  2 -1 -2 -2 -2 -2 -1  0 -2 -1 -2 -2  2  2  3 -2  3 -1    2   0  12   2   0   0   0   2   1  10   0   2   0   0  10  15  30   0  13   1  0.32 0.15
   19 L    0 -4 -4 -5 -3 -3 -2 -5 -4  3  5 -4  1 -1 -4 -3 -2 -3 -2  0    7   0   0   0   0   0   2   0   0  16  74   0   1   0   0   0   0   0   0   0  0.79 0.23
   20 R   -2  6 -1 -3 -5  1 -2 -4  2 -4 -2  0 -3  0 -4 -2 -3 -3  3 -3    3  66   1   0   0   4   0   0   5   0   2   1   0   3   0   0   0   0  15   1  1.00 0.27
   21 K    1  0  0  2 -2  1  1 -1 -2 -1 -2  1 -2 -3 -2  1  1 -3 -2  0   18   3   4  18   0   6   8   1   0   2   3   9   0   0   0  10  11   0   0   7  0.19 0.08
   22 G    2 -3 -2 -3 -3 -3 -3  6 -3 -4 -4 -3 -4 -4 -3  0 -2 -4 -4 -4   24   0   0   0   0   0   0  69   0   0   0   0   0   0   0   7   0   0   0   0  1.16 0.26
   23 G    1 -4 -2 -3 -3 -3 -3  5 -3 -3 -3 -3  0  3 -3 -2 -2  1  0 -3   15   0   0   0   0   0   0  58   0   0   0   0   3  15   0   0   2   2   3   0  0.84 0.24
   24 I   -1  0  2  2 -3  1  1 -1 -1  1 -1  0 -1 -3 -2  0  1 -3 -2  0    3   6  12  15   0  10   8   3   0  10   1   3   1   0   0   5  13   0   0   9  0.16 0.09
   25 K   -2  0 -2 -3 -4 -1 -1 -2 -3 -2 -2  7  0 -4 -3  0 -2 -5 -4 -3    0   0   0   0   0   0   0   2   0   3   3  83   3   0   0   6   0   0   0   0  1.12 0.35
   26 I    0 -3 -4 -4 -2 -3 -3 -4 -4  4  2 -3  0 -1 -3 -1  1 -3 -2  2    8   0   0   0   0   0   0   0   0  40  27   0   0   0   0   2  10   0   0  13  0.48 0.18
   27 N   -4  0  8 -1 -5 -2 -2 -3 -1 -1 -5 -2 -4 -5 -4 -1 -2 -6 -4 -4    0   6  90   0   0   0   0   0   0   4   0   0   0   0   0   0   0   0   0   0  1.73 0.44
   28 E    1 -1  2  4 -3  1  2 -1 -2 -2 -3  0 -2 -4 -2  1  0 -4 -3 -2   14   2  11  28   0   6  15   1   0   3   2   2   0   0   0  10   5   0   0   0  0.37 0.14
   29 N   -3 -2  7  1 -4 -2 -2 -3 -2 -2 -4 -2  1 -4 -4 -1 -1 -5 -4 -2    0   0  83   4   0   0   0   0   0   3   0   0   5   0   0   0   3   0   0   4  1.44 0.39
   30 F   -3 -4 -1 -4 -4 -4 -4 -3  0  1  0 -4  1  7 -5 -2 -1 -1  1 -2    0   0   3   0   0   0   0   2   2   7   7   0   5  68   0   3   3   0   0   0  1.05 0.30
   31 D   -1 -1  4  4 -3  0  0 -1 -2 -3 -3 -1 -3 -4 -3  1  2 -4 -3 -2    3   1  27  28   0   3   4   3   0   0   1   2   0   0   0   8  18   0   0   3  0.50 0.18
   32 E    0 -2  1  1 -5  0  6 -3 -2 -5 -5 -1 -4 -5 -3  0 -2 -5 -4 -4    8   0   5   5   0   0  76   0   0   0   0   0   0   0   0   7   0   0   0   0  1.20 0.36
   33 L   -3 -4 -5 -5 -3 -4 -4 -5 -4  5  4 -4  0  1 -4 -4 -1 -3 -2  2    0   0   0   0   0   0   0   0   0  41  41   0   0   4   0   0   2   0   0  12  0.77 0.24
   34 Y   -4 -4 -4 -3 -5 -4 -4 -5 -1 -4 -2 -4 -3  3 -5 -4 -4  3  9 -4    0   0   0   2   0   0   0   0   0   0   3   0   0   7   0   0   0   3  85   0  2.15 0.49
   35 Y    0 -2  4  0 -3 -1 -1  0  2 -3 -3 -1 -2 -3 -2  1  3 -3  1 -2    9   0  26   4   0   2   3   8   6   0   1   0   0   0   0  11  25   0   5   0  0.37 0.16
   36 E    1  0  0 -2 -2  1  0 -1  0  0  0  0  0 -1 -2  0  1 -2  0  1   19   4   3   0   0   9   6   2   2   7   8   7   1   3   0   2  12   0   3  13  0.07 0.06
   37 L   -2 -2 -1 -4 -3 -3 -3 -4 -3  1  3 -3  1  5 -4 -3 -1 -2  0  0    0   2   5   0   0   0   0   0   0   9  37   0   4  32   0   0   4   0   0   4  0.50 0.18
   38 G    0 -3  0 -2 -3 -3 -2  6 -3 -4 -4 -3 -4 -4 -3 -2 -3 -4 -4 -4    6   0   3   0   0   0   2  82   0   0   1   0   0   0   0   1   0   0   0   1  1.33 0.28
   39 D   -2 -2  3  6 -4  0  0 -1 -2 -2 -4 -2 -3 -4 -2  0 -1 -4 -3 -3    1   0  12  63   0   4   1   3   0   2   1   0   0   0   0   7   2   0   0   2  0.92 0.24
   40 G   -1 -2  0  1 -3 -1 -1  5 -2 -3 -2 -1 -3 -3 -1  1  0 -3  0 -3    2   0   4   8   0   2   1  50   0   0   4   3   0   0   2  12   4   0   4   1  0.54 0.17
   41 D    0 -1  1  1 -2  3  0  0 -1 -2 -3  0  0 -3  1  2  2 -3 -3 -2    4   2   7   6   0  17   5   5   0   1   0   3   2   0   6  22  18   0   0   1  0.28 0.13
   42 V    0  1  1 -1 -2  0 -1 -2 -2  1 -1  0 -1 -1 -2  1  2 -3 -2  1    8   8  10   2   0   4   1   2   0  11   4   6   0   3   0   8  22   0   0  10  0.13 0.09
   43 P   -1 -1 -3 -3 -2 -3 -2 -3 -3  2  4 -3  0 -1  3 -3 -1 -3 -2  1    3   3   0   0   0   0   2   2   0  15  48   0   0   0  17   0   2   0   0   6  0.48 0.19
   44 Y   -1 -1  1  0 -3  0 -1 -2  6 -2 -1  0 -2  2 -2  1  0 -2  2 -1    4   1   7   5   0   3   1   2  26   2   6   5   0  10   1  11   6   0   7   3  0.29 0.14
   45 S    3 -2  0 -2 -2  0 -1  1 -2 -1 -1 -1 -2  0  1  2  0 -3 -2 -1   30   1   4   1   0   3   2  10   0   3   4   2   0   5   8  21   3   0   0   2  0.23 0.13
   46 A    2 -1 -1 -1 -2  0 -2  1 -2  0 -1 -1 -1 -2 -2  1  3 -3 -2  0   27   2   1   2   0   3   1   9   0   7   7   1   0   0   1  10  24   0   0   5  0.23 0.13
   47 G    0 -3 -2 -1 -3 -3 -3  6 -3 -2 -2 -2 -3 -1 -2  0 -1 -3 -3 -2    8   1   1   2   0   0   1  65   0   2   3   1   0   3   1   5   4   0   0   3  0.86 0.25
   48 A    2 -2 -1  0 -2 -2 -2 -1 -1 -1  0 -1 -1  1 -2  0  1 -1  4 -2   24   2   3   7   0   0   1   5   0   2  12   3   0   5   0   7   9   0  20   1  0.22 0.16
   49 W   -2 -3 -1 -1 -3 -1 -3 -2 -3  1 -1 -3 -2  2  0  0  0  7  3  0    3   0   3   4   0   3   0   3   0  11   4   0   0   7   6  10   6  20  13   6  0.53 0.33
   50 K    0  0  1  1 -3  3  0  0  0 -1 -2  3 -2 -2 -2  1  0 -4 -3 -2    9   2   5   6   0  16   5   5   2   3   2  21   0   2   0  14   3   0   0   3  0.25 0.23
   51 T   -2  0  1  0 -3  0 -2 -1 -3  1  0  1 -2 -3  0  0  4 -4 -1  0    1   4   6   4   0   3   0   4   0  12   9  11   0   0   4   4  32   0   2   4  0.26 0.27
   52 Y    0 -1 -1  0 -3 -2 -1 -3  2  0 -1 -2 -2  1  2  0  1  4  1  0    7   4   3   7   0   0   2   0   6   5   6   0   0   5  12   8  12   6   6   7  0.18 0.18
   53 N    1  0  0  1  0  0 -1  0 -2 -1 -3  0 -3 -4  0  3  2 -4 -3 -1   10   6   4   9   2   3   2   7   0   5   0   5   0   0   5  26  12   0   0   3  0.24 0.24
   54 A    1  0  0  1 -2 -1  0 -1 -2  0 -1  0 -1  0 -1  1  2 -3 -2  0   15   4   5  11   0   2   4   4   0   7   7   6   0   4   2   8  16   0   0   7  0.10 0.14
   55 S    1 -1  1 -1 -2  0 -2  1  0  0  0 -1  0  0 -1  1  1 -3  0  0   18   3   7   2   0   3   0   9   3   4  10   3   2   4   2  10   9   0   3   8  0.06 0.10
   56 S    1 -2  0  1 -3 -1  0 -1 -2 -1 -1 -1 -2  0 -3  2  3 -3  2 -1   11   0   5   9   0   1   4   4   0   4   4   3   0   3   0  15  25   0   7   4  0.23 0.26
   57 G   -1 -3  1 -1 -3 -1 -1  4  0 -4 -2 -1 -3  0  0  0  1  3  2 -3    4   0   7   2   0   3   4  37   2   0   3   3   0   3   4   5   9   4  10   0  0.43 0.29
   58 Q    1  0  2  0 -3  2  0  0  0 -1 -1  0 -2 -2  1  1  1 -3  0 -1   12   5  11   5   0  11   5   6   1   4   6   2   0   0   7   8   9   0   4   4  0.11 0.13
   59 T    1 -2  0 -1 -3 -1  0  0 -3 -1 -2  0 -2 -4  1  1  3 -4 -3  0   14   0   5   1   0   2   5   9   0   3   4   5   0   0   7  10  28   0   0   7  0.28 0.27
   60 L    0 -1  0 -2  0 -2 -3 -3 -1  1  3 -2  1  0 -1  0  1 -3  1  0    8   2   5   2   2   0   0   0   1  10  31   2   4   4   2   8   8   0   5   4  0.16 0.18
   61 T    0 -1  2  0 -3  0  0 -1  0 -1 -1  0 -2 -3  2  1  3 -4 -3  0    8   2  12   4   0   3   4   3   2   2   4   5   0   0  10  13  20   0   0   8  0.23 0.22
   62 A    1 -3 -2 -1  2 -3 -2  0 -3  3  0 -3 -1  0  1 -1  0  1 -2  2   16   0   1   4   5   0   2   6   0  20   6   0   0   4   7   4   4   3   0  18  0.20 0.22
   63 E    0 -2  2  2 -3 -1  1  0  0  0 -1  0 -2 -3  0  0  2 -4 -3  1    8   0  10  12   0   2  10   8   3   4   4   6   0   0   5   4  14   0   0  11  0.15 0.16
   64 W    0 -3 -1 -2 -1 -2  0  0  1  1  1 -2  2  3 -1  0  0  2  0  0    6   0   3   0   1   0   7   9   4   8  12   0   6  15   2   6   7   3   2   7  0.09 0.13
   65 G    0 -4  0 -1 -5 -4 -1  6 -4 -5 -4 -4 -5 -5 -4  0  1 -5 -5 -5    5   0   5   4   0   0   4  66   0   0   2   0   0   0   0   5   8   0   0   0  1.21 0.57
   66 K    0  1  0  2 -3  2  0  0 -2 -4 -4  0 -3 -4 -1  3  3 -4 -3 -2    5   7   4  12   0   9   5   6   0   0   0   3   0   0   2  25  20   0   0   2  0.38 0.31
   67 S    1 -1  0 -2  0 -1 -1  1 -2 -2  0  0  2  1 -3  2  1 -3 -2 -1   12   3   4   0   2   2   3   9   0   0  12   4   8   6   0  19  12   0   0   3  0.14 0.19
   68 Y   -1 -3 -3 -4 -1 -3 -3 -3  3  2  1 -2  0  2 -2 -1 -1  5  3  1    6   0   0   0   1   0   0   2   9  18  11   2   1  10   2   6   3   8  12   7  0.33 0.24
   69 A    1 -1  1  2 -3 -1 -2 -3 -3 -1  0 -1 -2 -1 -1  1  2 -4 -1  1   15   3   7  15   0   1   0   0   0   2   8   1   0   2   2   8  19   0   2  14  0.21 0.24
   70 I    0 -3 -2 -2 -3 -1 -3 -3 -4  4  1 -2  1 -2 -4  0  1 -4 -3  3    8   0   2   2   0   3   0   2   0  25  11   2   2   0   0   7   8   0   0  29  0.39 0.30
   71 N    0 -3  5  5 -4 -2 -1 -3 -3 -1 -4 -2  0 -1 -4  0 -1 -5 -4  0    7   0  31  34   0   0   2   0   0   4   0   2   3   3   0   6   2   0   0   7  0.77 0.46
   72 T    1 -1 -1 -2  0 -3 -3 -1 -4  0 -2 -3 -3 -2  0  0  5 -4 -1 -1   10   3   3   2   2   0   0   4   0   4   2   0   0   2   4   6  53   0   2   3  0.66 0.46
   73 S    0 -2 -2 -3  0 -2 -3 -3 -3  0  1 -1  0 -1  1  3  4 -4 -2 -2    8   1   1   0   2   1   0   0   0   5  13   2   3   2   6  24  32   0   1   0  0.43 0.37
   74 S    1 -2  3  1 -3 -2  0  1 -3 -4 -2 -1 -3 -4 -3  3  3 -5 -4 -3   12   1  13   8   0   0   7   9   0   0   4   3   0   0   0  24  20   0   0   0  0.41 0.32
   75 G    1 -1  3  1 -4 -2 -3  4 -3 -4 -2 -3 -3 -4 -2  0 -1 -5 -4 -1   13   3  14   8   0   1   0  42   0   0   4   0   0   0   1   6   2   0   0   5  0.59 0.35
   76 R    1  0  1  3 -3  0 -1  1 -2 -2 -3  0 -3 -4  1  2  1 -4 -2 -2   16   4   7  17   0   3   1   9   0   1   1   5   0   0   7  14  12   0   1   1  0.26 0.21
   77 V   -1 -1 -1 -4 -3 -3 -3 -1 -3  3  2 -1  1  0 -4 -2 -1 -3 -1  3    2   4   3   0   0   0   0   5   0  22  23   4   3   3   0   2   1   0   1  25  0.34 0.24
   78 T    0 -3  2  1 -3  0  0 -2 -3 -1 -2 -1 -3 -4 -3  0  5 -5 -4  0    6   0  13   7   0   3   6   2   0   4   2   2   0   0   0   4  44   0   0   7  0.54 0.38
   79 I   -1 -4 -2 -2 -1 -3 -4 -4 -4  3  2 -3  1  0  0 -3  0 -4 -2  3    5   0   2   2   1   0   0   0   0  24  18   0   4   3   6   0   4   0   0  29  0.43 0.27
   80 N    0 -1  4 -2 -3  1 -1 -1 -2  0 -3  0 -3 -3 -1  1  3 -4  0 -2    8   3  29   0   0   6   1   3   0   7   0   3   0   0   2   9  23   0   4   1  0.41 0.31
   81 L    0 -3 -4 -4 -3 -3 -3 -4 -4  2  4 -3  0  0 -3 -1  1  1 -2  0    9   0   0   0   0   0   0   1   0  14  54   0   0   3   0   3   8   2   0   2  0.56 0.32
   82 P    0 -1  1  0 -4 -1 -2 -1 -3 -3 -1 -2 -3 -4  6 -1 -2 -5 -4  0    7   3   7   4   0   2   2   3   0   0   7   0   0   0  52   4   0   0   0   6  1.02 0.40
   83 K    1  0  3  0 -3 -1 -1  0 -2 -3 -2  2 -2 -3 -1  1  2 -4 -3 -2   12   5  20   5   0   0   2   5   0   0   3  17   0   0   2   9  16   0   0   3  0.27 0.20
   84 G    1 -3 -2 -1 -3 -3 -3  6  0 -4 -4 -3 -4 -4 -3  1 -3 -4 -4 -4   12   0   0   3   0   0   1  67   3   0   1   1   0   0   0   8   1   0   0   1  1.13 0.41
   85 T    0 -2  0  0 -2  0 -1 -2 -2 -3 -3  2 -2 -1 -2  3  4 -3 -2 -1    6   1   3   5   0   4   1   2   0   1   1  13   0   4   1  28  29   0   0   3  0.41 0.27
   86 V    1 -1 -2 -1 -2 -2 -1  0 -3  0  0 -2 -1 -1  1  0  2 -3 -2  2   17   2   0   3   0   0   3   6   0   2   9   0   0   3   6   7  17   0   0  23  0.16 0.15
   87 N    2 -1  2 -1 -2 -1 -1  2 -2 -2 -1 -1 -1 -2 -2  1  1 -2  0 -1   23   3  13   2   0   2   2  15   0   1   7   1   0   1   1   8  13   0   4   4  0.18 0.13
   88 D    0 -2  0  5 -3  0  3 -2  0 -3 -3  1 -3 -4 -2  0 -1 -4 -3 -3    7   1   4  42   0   3  18   1   2   1   1  10   0   0   1   4   4   0   0   1  0.65 0.27
   89 Y    0 -1 -2  0 -2  0 -2 -1 -1 -2 -1 -2 -1  2 -2  0  0  3  5 -1    9   3   1   7   0   4   1   4   0   1   6   1   0  10   1   6   6   4  30   4  0.33 0.19
   90 N   -1 -3  4  1  0 -2 -1  4 -2 -2 -4 -2 -3 -4 -1  0 -2 -4 -4 -3    3   0  24   6   2   0   4  42   0   4   0   0   0   0   3   8   0   0   0   2  0.64 0.29
   91 K   -1 -1 -1  1 -3  0  3 -1  1  0 -2  2  0  1 -2  0  1 -3  0 -2    4   2   1   8   0   0  24   5   3   6   0  16   4   6   0   3  13   0   4   0  0.20 0.17
   92 V    2 -1 -3 -3  2 -1 -1  0 -3  1  0  0  1  1 -3 -1 -1 -3 -2  2   26   2   0   0   6   3   3   6   0   7   6   5   3   7   0   0   3   0   0  23  0.18 0.18
   93 I   -1 -4 -4 -4  0 -3 -2 -4 -4  5  1 -3  1 -2 -3 -3  0 -4 -3  3    4   0   0   0   2   0   4   1   0  52  10   0   3   0   0   0   4   0   0  18  0.65 0.29
   94 R   -1  2  0 -2 -2 -1  1 -2  1 -1  0  2 -1 -2 -2  1  1 -3 -2  1    1  17   4   0   0   0   9   1   3   2   7  14   0   0   0  14   8   0   0  17  0.18 0.15
   95 A   -1 -3 -1 -2 -2 -2 -3  0 -2  3  1 -2  0  2 -3 -1  0 -2  0  2    4   0   3   2   0   0   1   9   0  22  13   1   0  14   0   4   6   0   3  17  0.18 0.13
   96 R   -1  4 -1  2 -3  0 -1 -3  0  1 -1  1 -2 -3 -3 -1  0 -4 -3  0    4  31   0  15   0   2   0   0   3  15   4   9   0   0   0   4   6   0   0   4  0.31 0.20
   97 D   -2 -3  4  6 -4 -2 -1  2 -2 -4 -4 -2 -4 -4 -3 -1 -2 -4 -4 -4    1   1  23  52   0   1   1  15   0   1   1   1   0   0   1   1   1   0   0   1  1.00 0.35
   98 V    1 -2 -2 -2 -2 -1  0 -2 -2  1  0 -2 -1  1 -2  1  1 -2  1  2   10   1   1   1   0   1   7   1   0  10   7   1   0   5   1  16  13   0   6  20  0.13 0.12
   99 F    0 -2  2  0 -3 -2 -2 -2  1  0 -1 -1  0  1 -3  0  0  6  3 -1    9   0  16   4   0   0   0   0   3   5   3   4   3   4   0   8   6  14  14   4  0.31 0.19
  100 A    1 -2  0  1 -2 -2 -1  4 -2 -1 -1  0 -2 -3 -2  1 -1 -3 -3 -1   16   0   5  10   0   0   1  35   0   5   5   6   0   0   0  10   1   0   0   4  0.31 0.16
  101 T    1 -2  1  0 -2 -1 -1 -2 -2 -2 -2 -1 -2 -3 -2  3  4 -3 -3  0   14   0   8   4   0   0   0   1   0   0   1   3   0   0   0  28  31   0   0   8  0.40 0.23
  102 W    0 -3 -3 -1  0 -3 -3 -1 -3  1  2 -3 -1  0 -3 -2 -1  8 -1  1   11   0   0   4   3   0   0   4   0   9  22   0   0   2   0   1   3  29   0  10  0.68 0.25
  103 N    0 -1  1  2 -3  1  0  2 -2 -3 -3  0 -3 -4 -2  2  1 -4 -3 -3    8   2   6  17   0   8   4  19   0   0   0   4   0   0   0  23   8   0   0   0  0.35 0.17
  104 V    1  0  0 -2 -2  0  0  1 -2 -1 -2  1 -2 -3  0  1  2 -3 -3  0    9   6   2   0   0   2   7  10   0   3   2   8   0   0   5  14  23   0   0   7  0.18 0.13
  105 N    0  0  5  0 -3  1 -1 -1 -1 -4 -4  0 -3 -3 -3  2  1 -4  0 -3    8   4  43   3   0   5   0   3   0   0   0   4   0   0   0  16  10   0   4   0  0.56 0.28
  106 P    0 -1  2  1 -4 -2  0 -1 -2 -3 -3 -2 -3 -4  6  0 -1 -4  0 -2    6   4  10   8   0   0   6   3   0   0   2   0   0   0  44   6   3   0   4   3  0.79 0.27
  107 V    0 -4 -4 -4 -2 -3 -4 -4 -4  3  2 -3  1  0 -4 -2  0 -3  0  4    9   0   0   0   0   0   0   0   0  25  16   0   2   4   0   0   3   0   3  38  0.49 0.23
  108 T    0  0  1 -2 -2 -2 -2 -3 -3  1  0 -2 -1 -1  0  1  4 -3 -2  1    4   7   6   0   0   0   0   0   0  11   5   0   0   3   3  11  35   0   0  13  0.27 0.21
  109 L   -2 -3 -3 -1 -2 -3 -3 -2 -4  4  2 -1  0  0 -3 -2  1 -3 -2  3    0   0   0   4   0   0   0   4   0  34  20   4   0   2   0   0   9   0   0  23  0.39 0.22
  110 V    0  1 -1 -1 -2 -1 -2 -1 -2  2 -1 -1  1 -1 -3 -1  1 -3  1  2    8  13   2   3   0   3   0   4   0  15   0   2   4   0   0   3  12   0   7  22  0.13 0.14
  111 A    1 -1  1 -1 -3 -2 -2 -1 -3 -3 -2  0 -3 -4  6  0  1 -4 -3 -3   15   4   7   2   0   0   0   3   0   0   3   4   0   0  43   4  12   0   0   0  0.79 0.27
  112 A    2 -1  0  2  1  1 -1  1 -2 -2 -3  1 -2 -2 -2  1  1 -3 -1 -1   20   0   2  17   4   6   0  12   0   0   0   9   0   2   0  11   8   0   2   4  0.19 0.13
  113 S    1 -2 -1 -1 -3  0  0  3 -2 -2 -3  0 -2 -3 -2  3  1 -3  0 -1    8   0   0   3   0   3   4  28   0   2   0   5   0   0   0  30   8   0   4   4  0.36 0.21
  114 G    1 -2  1 -2 -3 -2 -2  4 -2 -2 -1 -1 -2  1 -3  0  1 -3  0 -2   10   0   8   0   0   0   0  44   0   2   6   3   0   7   0   6   9   0   4   0  0.43 0.20
  115 D   -2 -3  2  6 -4 -2  1  1 -2 -3 -4 -2 -3  0 -3 -2  0 -4 -3 -1    0   0   8  55   0   0   8  12   0   0   0   0   0   5   0   0   4   0   0   6  0.79 0.31
  116 T    1 -2  1 -1 -2 -1 -2  1 -2 -1 -3  0 -2 -3 -2  2  4 -4 -3 -1    9   0   6   3   0   0   0  11   0   4   0   6   0   0   0  22  34   0   0   3  0.36 0.21
  117 I   -3 -4 -4 -5 -3 -4 -4 -5 -4  5  1 -4  2  3 -4 -3 -1 -3 -2  3    0   0   0   0   0   0   0   0   0  58   5   0   5  12   0   0   4   0   0  16  0.81 0.32
  118 K    0 -1  0  3 -3  0 -1  1 -2 -1 -2  3  0 -3 -2  0 -1 -4 -3  0    7   0   5  19   0   3   0  14   0   2   2  28   4   0   0   4   0   0   0  12  0.23 0.16
  119 G    0 -1 -2 -3 -4 -3 -3  6 -4 -5 -2 -3 -4 -4 -4  1 -3 -4 -4 -4    4   3   0   0   0   0   0  77   0   0   5   0   0   0   0  11   0   0   0   0  1.26 0.38
  120 S    1 -2  1  1 -2 -1 -1  0  1  0 -1  0  0 -1 -2  3  0 -3 -2  1    9   0   6   8   0   0   0   4   5   7   3   6   3   3   0  31   2   0   0  13  0.15 0.14
  121 A    1 -2  1  0 -3  0  0  3 -2 -3 -2 -1 -2 -4  2  2  1 -4 -3 -3   14   0   9   5   0   3   5  25   0   0   3   3   0   0  11  15   8   0   0   0  0.34 0.15
  122 V   -1  0  3  0 -3 -2 -2  4 -2 -3 -2  0  1 -2 -3  0  1 -4 -3 -2    2   6  22   3   0   0   0  34   0   0   3   6   5   2   0   2  12   0   0   3  0.39 0.19
  123 P    1 -2  1  0 -2  1 -1 -1 -2 -2 -1  0 -2 -3  3  1  2 -3 -1  0   15   0   6   6   0   6   0   3   0   0   4   4   0   0  15  15  18   0   2   6  0.25 0.14
  124 V    1 -1 -2 -3 -2  0 -2 -3  2  2  2  0  1 -1 -3 -1  0 -3 -2  2   16   2   0   0   0   5   0   0   7  14  22   8   4   2   0   0   7   0   0  16  0.16 0.12
  125 E   -2  1  0 -1 -3  0  2 -2 -2  1 -2  1 -1  0 -3 -1  1 -3  0  1    0   9   6   0   0   0  23   3   0  14   0  11   0   5   0   3  12   0   3  12  0.16 0.14
  126 I   -1 -4 -4 -5 -2 -4 -4 -4 -4  3  3 -4  1  4 -4 -3 -2 -2 -1  2    4   0   0   0   0   0   0   0   0  25  35   0   3  19   0   0   0   0   0  14  0.57 0.21
  127 N    0 -1  2  2 -3  1  1  0 -1 -3 -3 -1 -2 -3  0  1  2  2  0 -1    5   2  12  13   0   8   9   8   0   0   0   0   0   0   5   8  19   4   4   3  0.23 0.13
  128 V    1  3  2 -1 -3 -1 -1 -1 -2 -1 -3  2 -2 -3 -2  2  1 -4 -3 -1   10  19  16   0   0   0   0   4   0   3   0  18   0   0   0  18   7   0   0   5  0.30 0.17
  129 R    0 -1  4  1 -4  0 -1  0 -2 -2 -4  0 -3 -4  4  0 -2 -5 -3 -1    6   2  33   8   0   4   3   5   0   2   0   4   0   0  25   4   0   0   0   5  0.59 0.22
  130 F   -1  0 -1 -3 -3 -2 -3  1 -1 -2  1 -1 -1  4 -3  0 -2  2  5 -2    5   6   2   0   0   0   0  11   0   0  15   3   0  18   0   7   0   2  30   0  0.41 0.19
  131 S    1 -2  1 -2  2  2 -1 -2 -2 -1  0 -1  2  1 -2  1  2 -3 -2  0   11   0  11   0   7  16   0   0   0   0   6   0   8   7   0  12  15   0   0   9  0.16 0.14
  132 D   -1  2  1  3 -4  1  1  1 -1 -4 -4  2 -3 -4  2  1 -1 -4 -3 -3    0  12   6  21   0   7  10  11   0   0   0  12   0   0  11  10   0   0   0   0  0.38 0.14
  133 L    1 -3  1  1 -2 -2 -2 -3 -3  3  1 -2  0 -2 -3 -1 -1 -4 -2  3   13   0  12  12   0   0   0   0   0  26  12   0   0   0   0   0   0   0   0  25  0.24 0.15
  134 E    0  0  2  1 -3  0  3 -2 -1 -1 -2  1 -2 -3 -2  0  2 -3 -2 -1    7   5  12   4   0   0  33   0   0   4   0   7   0   0   0   0  20   0   0   5  0.30 0.15
  135 L   -2 -3 -3 -1 -2 -2 -3 -3 -2  0  3 -3  3  4 -3 -2 -2 -1  3  1    0   0   0   5   0   0   0   0   0   0  37   0  13  22   0   0   0   0  11   7  0.39 0.14
  136 V   -1  1 -2 -2 -2 -1 -2 -3 -2  1  1 -1  2 -1 -2 -1  1  5 -1  1    1  13   1   1   0   1   1   1   0  13  14   1  13   0   1   1  13  13   0  13  0.22 0.08
  137 Y    0 -3 -3 -4  4  1 -2 -3 -1  1  0 -2 -1  1 -3 -2 -2  6  4  1   12   0   0   0  15   9   0   0   0   9   9   0   0   6   0   0   0  12  20   9  0.42 0.16
  138 C   -1 -2 -1  1  6 -1  1 -3 -2  1  0 -2 -1 -2 -2  1  1 -3 -2  0    0   0   0  12  24   0  10   0   0  10  10   0   0   0   0  16   9   0   0   8  0.29 0.13
  139 A    1 -1  2 -1 -2 -1 -1 -1 -1 -2 -2  1 -2 -3  1  3  1 -3 -2  0   16   1  12   1   0   0   1   1   0   1   1   8   0   0   7  38   7   0   0   7  0.29 0.13
  140 P    1  1 -1 -2 -2 -1 -1 -2  1 -2 -2  1 -2 -3  4  1  1 -3 -2  0   12   8   0   1   0   0   1   1   5   1   1  10   0   0  27  16   7   0   0  10  0.40 0.12
  141 G    0  0  0  2 -2 -1  1  2 -1 -2 -2 -1 -2 -3  0  1  0 -3 -2  0    6   5   3  19   0   0  14  18   0   1   1   1   0   0   4   9   5   0   0  12  0.19 0.08
  142 R   -2  2  2  2 -3  1  0 -2  2 -2 -2  0 -1  0 -2 -1  0 -2  1  0    1  17  15  16   0   8   1   1   8   1   1   2   0   6   1   1   7   0   5  10  0.18 0.10
  143 W   -3 -3 -3 -4 -3 -2 -3 -3  4 -3 -3 -3 -3 -1 -4  0 -3 11  3 -3    1   1   0   1   0   0   1   1  12   1   1   1   0   0   1   8   1  61  10   1  1.96 0.37
  144 E   -1  2  0  3 -3  0  3 -2 -1 -3 -3  1 -2 -3 -1  0  1 -3 -2 -2    1  12   0  22   0   0  27   1   0   1   1  10   0   0   1   7  15   0   0   1  0.36 0.11
  145 Y   -2 -2 -2 -2 -3 -1  1 -3  0 -2 -2 -2 -2  3 -3  0 -2  1  6 -2    1   1   1   1   0   1  13   1   0   1   1   1   0  13   1  10   1   0  54   1  0.69 0.18
  146 V    0 -2 -2  0 -1 -2 -2 -2 -2  2  1 -2  0 -1  1 -1 -1 -2 -2  3    9   1   1   8   0   1   1   1   0   7  18   1   0   1   7   1   1   0   0  41  0.19 0.08
  147 K    1 -1 -1  2 -2  0  3 -1 -1 -2 -2  0 -2 -2  1  1 -1  4 -2 -2   16   1   1  17   0   1  26   1   0   1   1   5   0   1   8  11   1   8   0   1  0.32 0.09
  148 N   -2 -1  6  0 -3  1 -1 -1 -1 -3 -4 -1 -3 -4 -2  2  1 -4 -3 -3    0   0  69   0   0   5   0   0   0   0   1   0   0   0   0  14   8   0   0   0  0.86 0.22
  149 K   -1  2 -1  1 -3  0  0 -2 -1 -1  0  4  1 -1 -2 -1 -1 -2  1 -1    1   9   1  10   0   1   1   1   0   1   9  44   7   0   1   1   1   0   8   5  0.25 0.11
  150 Q   -1  1 -1 -2 -3  1  1 -2  0 -2 -1  1 -1  3 -2  1 -1 -1  4 -2    0   8   0   0   0   5  10   0   0   0   6  11   0  20   0  16   2   0  19   0  0.23 0.10
  151 I    0 -3 -3 -3 -2 -3 -3  1 -3  3  1 -3  2 -1 -3 -2 -1 -3 -2  4    9   0   0   0   0   0   0  15   0  21   5   0   7   0   0   0   0   0   0  44  0.34 0.14
  152 D   -1 -2  4  4 -4 -1  2  2 -1 -4 -4 -1 -3 -4 -2  1 -1 -4 -3 -4    0   0  25  31   0   0  14  21   0   0   0   0   0   0   0   9   0   0   0   0  0.59 0.15
  153 K   -1  1  2  0 -3  0  1  0 -1 -4 -3  3 -2 -4 -2  2 -1 -4 -3 -3    0   6  15   2   0   0  11   8   0   0   0  31   0   0   0  28   0   0   0   0  0.39 0.14
  154 I    0 -3 -3 -4 -2 -3 -3 -3 -3  4  2 -3  2 -1 -3 -2  0 -3 -2  2    8   0   0   0   0   0   0   0   0  39  20   0   8   0   0   0   7   0   0  18  0.38 0.13
  155 T   -1  0 -1  1 -2  0  1 -2 -2 -1 -1  0  1 -2  1  1  3 -3 -2  0    1   3   1   9   0   3  10   1   0   1   1   5   7   1   5   6  37   0   0   9  0.21 0.09
  156 S    0 -1  1 -2 -2 -1 -2 -2 -1  0 -1  1 -1  3  1  1  0  5  2 -1    8   0   7   0   0   0   0   0   0   7   0  13   0  18   7  16   5   9   6   3  0.20 0.09
  157 S   -1 -2  1  1 -2 -1 -1  3 -2 -2 -3 -2 -2 -2  0  1  2 -2  1 -1    0   0   6   7   0   0   0  30   0   0   0   0   0   0   3  16  22   0   8   7  0.30 0.11
  158 D   -2 -2  3  5 -4  1  1 -2 -1 -4 -4  0 -3 -3 -2  0 -1 -3  1 -3    0   0  14  54   0   8   5   0   0   0   0   3   0   0   0   7   0   0   9   0  0.70 0.18
  159 I   -1 -1 -2 -2 -2 -1 -2  1 -3  2  1  1  1 -2 -2 -1  1 -3 -2  1    0   0   0   0   0   0   0  17   0  19  16  17   5   0   0   0  16   0   0  10  0.14 0.09
  160 S    0 -1 -1  1 -2 -1  1  1 -2  0 -2  0 -2 -3  1  3  1 -3 -3 -1    6   0   0   7   0   0  11   9   0   9   0   6   0   0   7  37   7   0   0   0  0.25 0.11
  161 N    0 -1  0 -1 -2 -1  1  2 -1 -2 -2  0 -2 -2 -2  2  2 -2  1 -1    1   0   4   0   0   0  10  16   0   0   1   7   0   0   0  23  22   0   7   7  0.20 0.09
  162 V   -1 -2 -3 -2 -2 -2  0 -3 -3  1  1 -2  0  1  4 -2 -1 -3 -1  3    1   0   0   0   0   0   8   1   0   0  11   0   2   9  23   1   0   0   0  41  0.38 0.13
  163 A    3 -2 -2 -3 -1 -2 -2 -2 -2  3  0 -2  0  1 -2  0 -1 -2  1  0   41   0   0   0   0   0   0   1   0  32   5   0   0   8   0   3   0   0   6   1  0.25 0.13
  164 R   -1  1  0 -2 -2  0  0 -3 -2  1  0  2 -1 -2 -2  0 -1 -3 -2  2    0  10   6   0   0   0   8   0   0  11   7  22   0   0   0   9   0   0   0  27  0.14 0.09
  165 K    0  2  0 -1  2  0  1  2 -1 -2 -3  2 -2 -3 -2  0  1 -3 -2 -1    5  18   2   0   7   0  12  18   0   0   0  18   0   0   0   7   9   0   0   4  0.24 0.08
  166 E    1 -1  0  3 -2  1  3 -2 -1 -2 -3 -1 -2 -3 -2  1  2 -4 -3 -1   12   0   0  23   0   5  25   0   0   0   0   0   0   0   0  11  17   0   0   7  0.34 0.11
  167 F   -2 -3  0 -3 -3 -3 -3 -4 -1  3  0 -3 -1  4 -4 -3 -2  5  5  0    0   0   7   0   0   0   0   0   0  35   0   0   0  21   0   0   0   8  27   0  0.58 0.17
  168 L    0  1  2 -1 -2 -1  0  1 -1  1 -1  0 -1 -2 -2  2  0 -3 -2  0    1   7  16   1   0   1   4   9   0  17   6   7   0   1   1  25   1   0   0   3  0.11 0.07
  169 V    1 -3  0 -3 -2 -2 -3 -3 -3  4  0 -2  0 -1 -3 -1  1 -3 -2  3   16   0   7   0   0   0   0   0   0  40   4   0   0   0   0   0   8   0   0  26  0.32 0.13
  170 E    1  2 -1 -1 -2  0  1 -2 -1 -1 -2  1 -1 -2  3  0  0 -2  1 -1   18  14   0   0   0   0  15   1   0   8   1   8   0   0  16   8   3   0   8   1  0.23 0.07
  171 V   -1 -2 -1 -2 -1 -1 -2  0 -2  2 -1 -1  0 -2 -2  0  3 -2 -2  2    2   1   1   1   0   1   1   9   0  15   2   1   0   1   1   2  39   0   1  21  0.23 0.10
  172 Q    0 -1  2  2 -2  2  3 -1 -1 -3 -3  0 -2 -3 -1  1  1 -3 -2 -2    9   0  10  14   0  16  23   1   0   0   1   0   0   0   0  16   8   0   0   1  0.34 0.10
  173 G   -1 -2  2  2 -3 -2 -1  5 -2 -4 -4 -2 -3 -4 -3  1  1 -4 -3 -3    0   0  14  13   0   0   0  50   0   0   0   0   0   0   0   9  14   0   0   0  0.64 0.15
  174 Q    0 -1  1  2 -3  4  2 -2 -1 -2 -3  0 -2 -4 -2  1  1 -3 -3 -1    6   0   6  15   0  40   8   0   0   0   0   0   0   0   0   8   9   0   0   7  0.42 0.15
  175 T   -1  0  1 -2 -2 -1 -2 -3 -2  1 -2  1 -1 -3 -2  0  5 -4 -2  1    0   6   6   0   0   0   0   0   0  12   0  11   0   0   0   0  57   0   0   8  0.45 0.18
  176 D   -2  1  0  5 -3 -1  1  0 -2  0 -1  0 -2 -3 -2 -1 -2 -4 -3 -1    0   8   0  48   0   0   9   6   0   7   8   7   0   0   0   0   0   0   0   6  0.42 0.13
  177 F   -2  0  1  0 -3  1 -1 -3 -2  1  0  0 -1  4 -3 -2 -2 -1  0  1    0   6   8   7   0   8   0   0   0   8   6   7   0  37   0   0   0   0   0  13  0.23 0.11
  178 L   -1 -2  0 -3 -2 -1 -2 -3 -3  2  2 -2  0  1  2 -1  1  4 -1  1    0   0   6   0   0   3   0   0   0  15  26   0   0   6  12   2  13   7   0  10  0.23 0.09
  179 D    0 -1  3  3 -3  2  0 -2 -1  0 -2 -1  1 -3  1 -1 -1 -3 -2 -2    8   0  25  27   0  13   0   1   0   8   1   0   6   0   8   1   0   0   0   0  0.35 0.12
  180 V   -1 -2  0 -3 -2 -2 -2 -3 -3  3  2  0  0  1 -3 -1 -1 -3 -1  3    0   0   6   0   0   0   0   0   0  25  23   8   0   6   0   6   0   0   0  27  0.23 0.10
  181 F   -2 -3 -3 -4 -3 -3 -3 -3 -2  2  0 -3 -1  7 -4 -1 -2 -1  1 -1    1   0   0   0   0   0   0   1   0  16   6   0   0  66   0   7   0   0   0   0  0.79 0.20
  182 R   -1  0  3  0 -2 -1  0  2  2 -3 -3 -1 -2 -3  2  2  1 -3 -2 -3    1   5  25   3   0   0   3  15   8   0   1   0   0   0  10  19   8   0   0   0  0.33 0.10
  183 G    0  1  0  0 -2  1  0  3 -1 -3 -2  2 -2 -3  1  1  0 -2 -2 -2    1   9   1   4   0  10   1  28   0   1   2  16   0   1   7  12   3   0   1   1  0.27 0.07
  184 T    0 -2  1 -1 -2 -1 -1  1  0  0 -2 -1 -1  1 -2  2  3 -2 -1  0    1   0   9   0   0   0   0  14   3   4   1   0   0   8   0  22  27   0   0   9  0.20 0.09
  185 S    0 -1  0  0 -2  2  1  1 -1 -1  0  0  2 -2  0  0  0 -3 -2  0    6   0   2   3   0  15  10  13   0   0  12   6  11   0   4   4   7   0   0   6  0.10 0.06
  186 Y   -2 -3 -3 -3 -3 -2 -3 -3  0  0 -1 -3 -2  3  1 -2 -2  1  7 -2    1   0   0   0   0   0   1   1   0   8   1   1   0  11   7   1   1   0  66   1  1.01 0.22
  187 N   -3 -2  7  1 -4 -1 -2 -2 -1 -4 -4 -2  1 -4 -3 -1 -1 -5 -3 -4    0   0  90   3   0   0   0   0   0   0   0   0   6   0   0   0   0   0   0   0  1.38 0.32
  188 V   -1 -1 -1  0 -2  1  1 -2 -2  0  0  0  1 -2 -1  1  3 -3 -2  0    0   3   0   6   0   6  10   0   0   6   9   3   8   0   2  11  28   0   0   9  0.15 0.08
  189 N    2  0  3  0 -2  0 -1  1 -1 -2 -2 -1 -2  1 -2  1  1 -3 -1  0   24   6  21   3   0   2   0  10   0   0   0   0   0   9   0   6  11   0   0   7  0.17 0.09
  190 N    2 -1  4 -1 -2 -1 -1 -1 -1 -3 -3  2 -2 -3 -2  1  1 -4 -3 -2   27   0  38   0   0   0   0   0   0   0   0  17   0   0   0   9   9   0   0   0  0.45 0.14
  191 I   -1 -1 -2 -3 -2 -1 -2 -3  2  2  2  1  0  0 -3 -2  0 -3 -1  3    0   0   0   0   0   0   0   0   8  10  23  18   0   5   0   0   3   0   0  33  0.21 0.10
  192 R   -1  0  1  2  3  1  2 -2 -1  0  0 -1  1 -2 -2  0 -1 -3 -2 -1    0   5  10  15   9   7  23   0   0   7   8   0   8   0   0   8   0   0   0   0  0.21 0.08
  193 V   -1 -3 -4 -4 -2 -3 -4 -4 -3  2  1 -3  0 -1 -4 -3 -1 -3  1  5    0   0   0   0   0   0   0   0   0   0  10   0   0   0   0   0   0   0   7  83  0.73 0.21
  194 K   -2 -2 -3 -3 -3 -2 -2 -3  0  1 -1 -1 -1  3 -3 -2 -2  1  7  0    1   0   0   0   0   0   1   1   0  10   1   6   0  13   0   1   1   0  57   8  0.72 0.15
  195 H   -1  3  2  0 -3  1  2 -2  3 -2 -1  2 -1 -2 -2 -1 -1 -2  0 -2    1  27  13   1   0   0  19   1  11   1   7  13   0   0   1   1   1   0   3   1  0.30 0.07
  196 R   -1  4  2 -1 -3  0 -1  1  3 -3 -3  1 -2 -3 -2 -1 -1 -3 -2 -3    1  46  17   1   0   0   1  14  11   1   1   5   0   0   1   1   1   0   0   1  0.46 0.10
  197 G   -1 -2  1 -1 -2 -2 -2  5 -2 -2 -3 -2 -2 -3 -2 -1 -1 -3 -3  0    1   1  11   1   0   0   1  67   0   1   1   1   0   0   1   1   1   0   0  14  0.69 0.11
  198 N   -2 -1  6  0 -3  0 -1 -1  0 -3 -3  1 -2 -3 -2  0  2 -3 -2 -2    1   1  61   1   0   0   1   1   0   1   1  14   0   0   1   1  17   0   0   1  0.62 0.13
  199 E   -1 -2 -3 -2 -2 -2 -1  0 -3  3  3 -2  1 -1 -2 -2 -1 -2 -2  1    1   1   0   1   0   0   7   9   0  32  45   1   0   0   1   1   1   0   0   1  0.26 0.08
  200 L   -1 -2 -3 -3 -2 -2 -2 -3 -3  1  4 -2  3  0 -3  0 -1 -2 -1  0    1   1   0   1   0   0   1   1   0   1  69   1  13   0   1   9   1   0   0   1  0.42 0.11
  201 Y    0 -3 -3 -4 -3 -2 -3 -3  0  1 -1 -3 -1  2 -3 -2  0  6  6 -1   10   0   0   0   0   0   0   0   0  13   0   0   0   4   0   0   8  13  52   0  0.75 0.15
  202 Y   -3 -3 -3 -4  1 -3 -3 -4  0 -1 -1 -3 -2  5 -4 -3 -3  1  7 -2    0   0   0   0   4   0   0   0   0   3   0   0   0  25   0   0   0   0  68   0  1.16 0.20
  203 G   -1 -3 -1  1 -3 -2 -2  5 -2 -3 -1 -2 -2  1 -3  1 -2 -3 -2 -3    0   0   0  11   0   0   0  58   0   0   9   0   0  10   0  13   0   0   0   0  0.55 0.11
  204 D    0 -1  3  3 -3  2  0 -1  3 -2 -3 -1 -2 -3 -2  2  0 -4 -2 -2    3   0  21  22   0  16   0   0  10   4   0   0   0   0   0  24   0   0   0   0  0.39 0.10
  205 V   -1 -1 -1  3 -3 -1  1  0 -1 -1 -2  0 -2  2 -2 -1 -1 -1  4  0    0   0   0  22   0   0   7  10   0   0   0  11   0  10   0   0   3   0  23  14  0.21 0.08
  206 F   -2 -2  0  3 -3 -2 -1 -3 -2  1  2 -2  0  3 -3 -2 -2 -1  2  0    0   0   7  24   0   0   0   0   0   8  29   0   0  21   0   0   0   0   7   4  0.25 0.08
  207 S    0 -1  1  2 -2  0  2  0 -1  0 -2  1 -2 -3 -2  2  0 -3 -2 -1    8   0   9  13   0   0  17   7   0  10   0  10   0   0   0  22   4   0   0   0  0.20 0.05
  208 E    2 -1  0  2 -2 -1  1  1 -1 -2 -3 -1 -2 -3  1  2  0 -3 -2 -1   21   0   0  19   0   0  10  13   0   0   1   0   0   0   7  22   0   0   0   3  0.27 0.06
  209 N   -1  2  4  1 -3  0  1 -2 -1 -2 -2  0 -2  0 -2  1  0 -3 -2  0    0  13  42   4   0   0  10   0   0   0   0   0   0   6   0  10   4   0   0  10  0.33 0.10
  210 S    1  1  0 -1 -2 -1 -1  1 -2 -3 -3  0 -2 -3 -2  4  1 -3 -2 -2   11  13   0   0   0   0   0  13   0   0   0   0   0   0   0  54  10   0   0   0  0.40 0.09
  211 D    0 -1  2  5 -3  2  1 -1 -1 -3 -3 -1 -2 -4 -2  1 -1 -4 -3 -3   10   0  14  46   0  13   5   0   0   0   0   0   0   0   0  13   0   0   0   0  0.55 0.09
  212 F   -2 -2  2 -2 -3 -1 -2 -3  1 -2 -1 -2 -1  3 -3 -1 -1  1  6 -2    0   0  20   0   0   0   0   0   0   0   0   0   0  15   0   0   0   0  64   0  0.62 0.03
  213 G    0 -3 -1 -2 -2 -2 -3  5 -3  1 -1 -2 -1 -2 -3 -1 -2 -3 -3 -1    0   0   0   0   0   0   0  74   0  26   0   0   0   0   0   0   0   0   0   0  0.63 0.03
  214 S    1 -1  3  0 -1 -1 -1 -1 -1 -1  0 -1 -1 -2 -2  3  0 -3 -2 -1   10   0  26   0   0   0   0   0   0   0  20   0   0   0   0  44   0   0   0   0  0.22 0.02
  215 P   -1 -2 -1  0 -2  0 -1 -2 -2  1 -1 -1  1 -2  5 -1  0 -2 -2  1    2   1   1   6   0   5   1   2   1  13   2   1   6   1  38   2   6   0   1  10  0.51 0.07
  216 G    0 -1 -1 -1 -1 -1  0  2 -1 -1  1 -1  0 -1  1  1  0 -2 -2  0    8   1   1   1   0   1   6  23   1   1  20   1   1   1   6  14   6   0   1   6  0.11 0.03
  217 E    1 -1  0  2 -2  0  2 -2  3 -2 -2 -1 -2 -1 -2  1  1 -2  2 -2   15   0   0  15   0   0  20   1  11   0   1   1   0   0   0   9  12   0  12   1  0.24 0.07
  218 N    0 -1  2  0 -2 -1  0  2 -2 -1 -2  0 -2 -3  1  1  1 -3 -2  1    5   0  12   5   0   0   4  19   0   0   0   4   0   0   6  19  10   0   0  17  0.18 0.06
  219 E    2 -2 -2 -2 -2  1  1  0 -2  0 -1 -1  0 -3  1  0 -1 -3 -2  2   34   0   0   0   0  11  13   5   0   0   0   0   4   0   5   5   0   0   0  24  0.20 0.09
  220 G    0 -2  2  2 -3 -1 -1  4 -2 -4 -4  0 -3 -4 -2  2  0 -4 -3 -3    0   0  11  12   0   0   0  41   0   0   0   4   0   0   0  28   5   0   0   0  0.52 0.11
  221 E   -1 -1  2  1 -3  2  2  2 -1 -3 -3  1 -2 -4  1  2 -1 -3 -3 -3    0   0  13   6   0   9  17  19   0   0   0  11   0   0   6  20   0   0   0   0  0.34 0.07
  222 L   -2 -3 -4 -4 -2 -3 -4 -4 -4  4  3 -3  3 -1 -3 -3 -1 -3 -2  2    0   0   0   0   0   0   0   0   0  51  29   0  12   0   0   0   0   0   0   8  0.57 0.13
  223 V    0  1  0  1 -2 -1 -1 -1 -2  1  0  0 -1 -2 -2 -1  1 -3 -2  2    9  12   4  11   0   0   0   5   0  11   4   8   0   0   0   0  11   0   0  25  0.08 0.05
  224 P    3 -2 -2  0 -2  1  1 -2 -2 -3 -3  0 -2 -3  4  0  0  5 -2 -2   41   0   0   3   0   7   8   0   0   0   0   4   0   0  22   0   4  11   0   0  0.51 0.12
  225 L   -2 -3 -4 -4 -2 -3 -4 -4 -4  2  4 -3  1 -1  0 -3 -2 -3 -2  2    0   0   0   0   0   0   0   0   0  11  73   0   0   0   4   0   0   0   0  12  0.59 0.14
  226 D   -2 -2  3  6 -4 -1  0 -2 -2 -4 -4 -1 -3 -4 -2 -1  1 -5 -4 -3    0   0  20  67   0   0   0   0   0   0   0   0   0   0   0   0  12   0   0   0  0.99 0.19
  227 G   -1  1 -1 -2 -4 -2 -3  6 -3 -5 -5 -2 -4 -4 -3 -1 -3 -4 -4 -4    0  11   0   0   0   0   0  89   0   0   0   0   0   0   0   0   0   0   0   0  1.29 0.20
  228 F   -1  2  0 -2 -3 -1 -1  1 -1 -1 -2  1 -1  1 -2  0  2 -1  2 -1    0  19   5   0   0   0   0  12   0   7   0  13   0   7   0   4  19   0  14   0  0.17 0.07
  229 N   -1 -2  4  4 -3 -1  0 -2 -1 -3 -3 -1 -2 -4 -2  2  3 -4 -3 -2    0   0  28  27   0   0   0   0   0   0   0   0   0   0   0  20  25   0   0   0  0.56 0.14
  230 I    0 -4 -4 -4 -2 -3 -4 -4 -4  5  1 -3  0 -1 -3 -3 -1 -3 -2  2   11   0   0   0   0   0   0   0   0  74   7   0   0   0   0   0   0   0   0   8  0.63 0.16
  231 R   -2  6  2 -2 -4  2 -1 -3 -1 -4 -3  1 -2 -3 -3 -1 -2 -3  1 -3    0  66  11   0   0  12   0   0   0   0   0   3   0   0   0   0   0   0   7   0  0.82 0.18
  232 L   -2 -3 -4 -4 -2 -3 -4 -4 -4  2  4 -3  1  0 -4 -3 -2 -3 -2  2    0   0   0   0   0   0   0   0   0  11  76   0   0   0   0   0   0   0   0  12  0.66 0.15
  233 R    1  4  0  0 -3  0  0 -2 -1 -2 -3  2 -2 -3  1  1  0 -3 -2 -1   12  32   4   3   0   0   3   0   0   0   0  21   0   0   7  11   3   0   0   4  0.33 0.08
  234 Q    0  0 -1  2 -3  1  1 -2 -1 -2 -1  2 -1  0 -2 -1  0  2  1 -1   12   4   0  20   0   7   5   0   0   0   6  21   0   5   0   0   5   4   7   4  0.16 0.06
  235 P    1 -3 -3 -1 -3 -2 -2 -3 -3 -1 -2 -2 -2 -3  6 -1 -1 -4 -3  2   13   0   0   4   0   0   0   0   0   0   0   0   0   0  53   0   0   0   0  30  1.01 0.17
  236 C    0 -4 -3  1  8 -3 -3 -3 -3  2  0 -3 -1 -2 -3 -2 -2 -3 -3  0   11   0   0  12  50   0   0   0   0  22   5   0   0   0   0   0   0   0   0   0  0.81 0.17
  237 N   -1 -1  3  1 -3  0  3 -2 -1 -2 -2  1  0 -2 -2  1 -1 -2  2 -1    0   0  22   7   0   0  27   0   0   0   0   9   4   0   0  12   0   0  11   9  0.27 0.09
  238 I    2  2 -1 -1 -2  0  2 -1 -1  0 -1  1 -1 -2 -1  0  0 -3 -2 -1   34  13   0   0   0   0  20   1   0   7   4  13   0   0   0   1   6   0   0   0  0.20 0.07
  239 G    0 -3 -1 -2 -3 -3 -3  6 -3 -5 -5 -3 -4 -4 -3 -1 -2 -4 -4 -4    6   0   0   0   0   0   0  94   0   0   0   0   0   0   0   0   0   0   0   0  1.43 0.21
  240 D   -2 -2  2  6 -4 -1  2  1 -2 -4 -5 -1 -4 -4 -2 -1 -2 -5 -4 -4    0   0  12  69   0   0   9  11   0   0   0   0   0   0   0   0   0   0   0   0  0.97 0.18
  241 T   -1 -1 -2 -2 -2  1 -1 -3 -2  1 -1  1 -1 -2  1 -1  2 -3 -2  3    0   0   0   0   0  12   0   0   0   5   0  11   0   0   6   0  23   0   0  43  0.27 0.12
  242 V   -1 -3 -3 -4 -2 -3 -3 -4 -3  4  1 -3  0  2 -3 -2  1 -3 -1  3    0   0   0   0   0   0   0   0   0  37   9   0   0  11   0   0  12   0   0  31  0.40 0.11
  243 Q    0 -2 -1 -2 -2  2 -1 -2 -2  1 -1 -1 -1 -2 -2  1  3 -3 -2  1    6   0   0   0   0  15   0   0   0  14   0   0   0   0   0  12  38   0   0  16  0.28 0.11
  244 I   -2 -3 -4 -4 -2 -3 -4 -4 -3  4  1 -3  2  3 -4 -3 -1 -2  0  3    0   0   0   0   0   0   0   0   0  37   0   0   6  22   0   0   0   0   0  35  0.52 0.13
  245 E   -1 -2 -2 -2 -2 -1  2 -3 -3  3  0  0  0 -2 -3 -1  1 -3 -2  3    0   0   0   0   0   0  21   0   0  20   0   5   0   0   0   0  12   0   0  42  0.29 0.11
  246 T    0 -1 -1 -2 -2 -1 -1  1 -2 -2 -3  1 -2 -3 -2  3  4 -3 -3 -2    0   0   0   0   0   0   0  11   0   0   0  12   0   0   0  29  48   0   0   0  0.49 0.15
  247 F   -3 -3 -3 -3 -3 -2  0 -4  0 -1  1 -3 -1  5 -4 -3 -2  0  6 -2    0   0   0   0   0   0  11   0   0   0  12   0   0  33   0   0   0   0  44   0  0.80 0.17
  248 M    1 -2 -2 -3 -2 -2 -2  1 -3  0  2 -2  3  0 -3  0  1 -2 -1  0   12   0   0   0   0   0   0  11   0   0  37   0  15   4   0   5  12   0   0   4  0.19 0.08
  249 D   -2 -2  0  6 -4 -1  0  1 -2 -4 -4  0 -4 -4 -2  0 -2 -5 -4 -4    0   0   0  76   0   0   0  11   0   0   0   7   0   0   0   6   0   0   0   0  1.02 0.19
  250 G   -1 -3 -1  2 -3 -2 -2  5 -3  2 -2 -2 -2 -3 -3  0 -2 -4 -3 -1    0   0   0  18   0   0   0  54   0  23   0   0   0   0   0   5   0   0   0   0  0.57 0.13
  251 V   -2 -3 -4 -4 -2 -3 -4 -4 -4  5  2 -3  1  0 -3 -3 -1 -3 -2  3    0   0   0   0   0   0   0   0   0  55  17   0   0   3   0   0   0   0   0  25  0.58 0.13
  252 S    3 -2 -1  3 -2 -1 -1  1 -2 -3 -3 -1 -2 -3 -2  2  0 -4 -3 -2   48   0   0  20   0   0   0   9   0   0   0   0   0   0   0  17   5   0   0   0  0.41 0.12
  253 Q    1 -2  1 -1 -2  1 -1 -2 -1 -1 -2 -1 -1 -1 -2  3  3 -2  2  0    7   0   5   0   0   7   0   0   0   0   0   0   0   0   0  31  29   0  12   9  0.29 0.11
  254 W    0 -3 -3 -3 -3 -2 -3 -3 -1 -2 -2 -3 -2  3 -3  0  1  8  5 -2    7   0   0   0   0   0   0   0   0   0   0   0   0  14   0  11  12  28  28   0  0.87 0.16
  255 R   -2  5 -1  1 -4  0 -1 -3 -1 -4 -3  2 -3 -4  3 -1 -2 -4 -3 -3    0  57   0  11   0   0   0   0   0   0   0  13   0   0  19   0   0   0   0   0  0.82 0.16
  256 S    0 -2 -1 -1 -2 -1 -1  1 -2 -2 -3 -1 -2 -3  2  4  1 -4 -3 -1    0   0   0   0   0   0   0  11   0   0   0   0   0   0  12  65   5   0   0   7  0.54 0.16
  257 S    0 -1  0 -1 -2 -1 -1 -1 -2 -3 -3  1 -2 -4 -2  5  1 -4 -3 -3    0   0   0   0   0   0   0   0   0   0   0  12   0   0   0  84   4   0   0   0  0.77 0.21
  258 Y    0 -3 -3 -4 -3 -3 -3 -4  0  1 -2 -3 -2  2 -4 -2 -2  1  8 -1   11   0   0   0   0   0   0   0   0  12   0   0   0   0   0   0   0   0  77   0  1.16 0.23
  259 T   -1 -1  3  0 -2  0  2 -2 -1  0 -2 -1 -1 -3 -2  0  2 -4 -2  1    0   0  26   0   0   4  18   0   0   7   0   0   0   0   0   5  24   0   0  17  0.27 0.10
  260 R    0  4 -1 -2 -2  0 -1 -2 -2 -2  0  2 -1 -3 -2  0  3 -3 -2 -2    4  30   0   0   0   0   0   0   0   0  10  18   0   0   0   5  33   0   0   0  0.37 0.12
  261 R    0  2 -1 -2 -3  0  1 -1  1 -2 -1  3  2 -1 -2 -1 -1 -2  2 -2   11  12   0   0   0   0   9   3   4   0   4  34  12   0   0   0   0   0  11   0  0.23 0.09
  262 Q    0 -1  1  1 -2  3  0 -2 -1 -1 -1 -1 -1 -3 -2  2  3 -3 -2 -1    4   0   4   7   0  22   0   0   0   4   5   0   0   0   0  18  35   0   0   0  0.32 0.11
  263 I   -1 -3 -3 -4 -2 -3 -3 -4 -4  4  1 -3  1 -1 -3 -2  1 -3 -2  3    0   0   0   0   0   0   0   0   0  45   8   0   4   0   0   0  11   0   0  32  0.48 0.12
  264 R    0  5 -1 -2 -3  3  0 -2 -1 -3 -3  2 -2 -4 -2  1  1 -3 -2 -3    4  46   0   0   0  20   0   0   0   0   0  11   0   0   0  11   8   0   0   0  0.57 0.13
  265 L   -1  1 -3 -3 -2 -2 -3 -4 -3  2  1 -2  2  0  2 -2 -1 -3 -2  3    0  12   0   0   0   0   0   0   0   9  15   0  11   4  11   0   0   0   0  38  0.28 0.09
  266 L   -2  0 -2 -3 -2  1 -2 -3 -1  1  1 -2  0  2 -3 -2  1  0  4  1    0   4   0   0   0  12   0   0   0  10  19   0   0   9   0   0  11   0  26   8  0.25 0.09
  267 D    0 -2  3  6 -4 -1  0 -2 -2 -4 -4 -1 -3 -4 -2  1 -1 -5 -4 -4    7   0  16  67   0   0   0   0   0   0   0   0   0   0   0  10   0   0   0   0  0.92 0.17
  268 S    0 -1  2  0 -2  1  1 -2 -1 -2 -3  1 -2 -3 -2  2  3 -3  0 -2    4   0  15   3   0   4   9   0   0   0   0  13   0   0   0  20  27   0   4   0  0.29 0.09
  269 K    0 -1  1  3 -2  0  1  0 -1 -1 -2  1 -2 -3 -2  1  1 -3 -2  0    9   0   6  22   0   3   5   4   0   0   0  14   0   0   0  13  13   0   0  12  0.20 0.06
  270 L   -2 -2  2  3 -2  0 -1 -2 -1  0  2 -1  1 -1 -2  0  0 -2  0 -1    0   0  13  21   0   5   0   0   0   5  37   0   4   0   0   4   4   0   4   0  0.18 0.07
  271 T    0 -1 -1 -2 -2 -1 -1 -2 -2 -2 -2  1 -2 -2  1  1  5 -3  1 -1    3   0   0   0   0   0   0   0   0   0   0  11   0   0   7   8  61   0   6   3  0.50 0.15
  272 S    1 -1  2  2 -2  0  0  0 -1 -1 -2 -1 -2 -3 -2  2  2 -3 -2 -1   11   0  14  14   0   4   4   6   0   5   0   0   0   0   0  22  20   0   0   0  0.26 0.08
  273 K    0  1 -1 -1 -2  0  2 -2 -1 -1  0  1  1 -1 -2  0 -1 -2  2  1    7  12   0   0   0   0  22   0   0   0   8  11   5   0   0   8   0   0  10  17  0.13 0.06
  274 T    0 -1 -1 -1 -2  2  1 -2 -2 -1  1  0  0 -2 -2  0  3 -3 -2  1    7   0   0   0   0  15  12   0   0   0  17   4   0   0   0   0  33   0   0  11  0.22 0.09
  275 S    0 -2 -1  0 -2 -1  0 -2 -1 -1 -2 -1 -1 -1  0  2  3 -2  2  1    0   0   0   5   0   0   6   0   0   0   0   0   0   0   5  26  28   0  11  19  0.24 0.10
  276 L   -1 -1 -2 -2 -2 -1  0  0 -2  1  1 -1  0 -1  1  0  0 -3 -2  2    0   5   0   0   0   0  10  11   0  13  19   0   0   0   7  10   5   0   0  20  0.09 0.05
  277 E   -1 -2  2  0 -3  0  3  0 -2 -3 -2 -1 -2 -4  5  0  0 -4 -3 -3    0   0  15   0   0   0  29   7   0   0   3   0   0   0  34   5   7   0   0   0  0.66 0.12
  278 G   -1 -3 -1 -2 -4  2 -2  6 -3 -5 -5 -2 -3 -4 -3 -1 -2 -3 -4 -4    0   0   0   0   0  12   0  88   0   0   0   0   0   0   0   0   0   0   0   0  1.27 0.20
  279 S    0  2 -1 -1 -3  2  2 -2 -1 -3 -2  2 -2 -1 -2  2  1 -3 -2 -2    6  18   0   0   0  12  17   0   0   0   0  11   0   5   0  18  12   0   0   0  0.30 0.08
  280 I   -2  2 -3 -3 -2 -2 -2 -4 -2  3  1 -1  1  0 -3 -2  0 -2  2  1    0  18   0   0   0   0   0   0   0  36  15   0   4   0   0   0   9   0  12   6  0.25 0.09
  281 Y    0 -3 -3 -4 -2 -2 -3 -3 -2  1 -1 -3 -1  2 -3 -2 -2  8  3  1   11   0   0   0   0   0   0   1   0  13   1   0   0   7   0   1   0  32  15  16  0.76 0.13
  282 V   -1 -2 -2 -3 -2  2 -1 -3 -2  1  0  0  0 -2 -2  0 -1 -3 -2  4    1   0   0   0   0  12   0   1   0   0   1   6   0   0   0   9   0   0   0  67  0.36 0.14
  283 T    1 -2 -1  0 -2 -2 -2  5 -2 -1 -2  0  0 -3 -2 -1 -1 -3 -3  0    9   0   0   5   0   0   0  53   0   0   1   6   5   0   0   1   4   0   0  14  0.45 0.10
  284 D   -2 -1  5  5 -4 -1  1 -2 -1 -4 -4  0 -3 -4 -2 -1 -1 -5 -3 -4    0   0  37  51   0   0   4   0   0   0   0   7   0   0   0   0   0   0   0   0  0.92 0.17
  285 L   -2 -3 -4 -4 -2 -3 -4 -4 -3  2  4 -3  1  4 -4 -3 -2 -1  0  0    0   0   0   0   0   0   0   0   0  11  62   0   0  26   0   0   0   0   0   0  0.63 0.14
  286 S    1  2 -1 -1 -2  0 -1 -1 -2 -2 -3  2 -2 -3 -2  3  1 -3 -2 -1   12  11   0   0   0   0   0   0   0   0   0  21   0   0   0  43   8   0   0   6  0.34 0.11
  287 T    2 -1  1  0 -2 -1  0  1 -2 -2 -3  1 -2 -3  1  1  2 -3 -2 -2   26   0   8   5   0   0   5  11   0   0   0  12   0   0   6   8  20   0   0   0  0.24 0.07
  288 M   -2  0 -1 -2 -3  0 -1  1  1 -3 -1  4  1 -1 -2 -1 -2  4  2 -3    0   0   0   0   0   0   0  13   5   0   4  52   7   0   0   0   0   8  11   0  0.42 0.14
  289 K    0  0 -1 -2 -2 -1 -1  0 -1 -1 -1  2  1  1  1  0  0 -2  1  0   11   4   0   0   0   0   0   7   0   0   0  25   6   8   8   4   8   0   6  12  0.11 0.06
  290 S    0  2  2  1 -2  1  2 -2 -1 -1 -2  0 -2 -3 -2  1  0 -3 -2 -2    8  18  12   4   0   6  21   0   0   5   0   0   0   0   0  18   4   0   0   0  0.26 0.07
  291 I   -2  1 -3 -4 -2 -2 -3 -4 -2  2  0 -2  0  4 -4 -3 -2  5  2  2    0  12   0   0   0   0   0   0   0  24   4   0   0  26   0   0   0  10   7  17  0.40 0.10
  292 P   -1 -2  0  0 -2 -1 -1 -2 -2 -1 -2 -1 -2 -1  4  2  3 -3 -2  0    0   0   3   5   0   0   0   0   0   0   0   0   0   4  24  15  38   0   0  11  0.48 0.12
  293 F   -2 -3 -2 -3 -2 -2 -3 -3 -3  2  2 -2  2  2  0 -1  2 -2 -1  0    0   0   0   0   0   0   0   0   0  18  31   0   8  12   4   0  27   0   0   0  0.29 0.10
  294 S    2 -1  2  1 -2  2  0 -1 -1 -3 -3  0 -2 -3 -2  3  0 -3 -2 -2   21   0  16   9   0  12   0   0   0   0   0   5   0   0   0  34   3   0   0   0  0.36 0.10
  295 A    2 -2  0  5 -3  0  3 -2 -2 -3 -4 -1 -3 -4 -2 -1 -1 -4 -3 -3   24   0   0  47   0   0  29   0   0   0   0   0   0   0   0   0   0   0   0   0  0.71 0.15
  296 F   -2 -3 -3 -3 -3 -3 -3 -3 -1 -1  1 -3  1  6 -3 -3 -2  0  4 -1    1   1   0   1   0   0   1   1   0   1  12   1   5  62   1   1   1   0  13   1  0.76 0.14
  297 G   -1 -2 -1  2 -3 -2 -1  5 -2 -3 -3 -2 -3 -3 -2 -1  1 -3 -3 -3    1   1   0  17   0   0   1  63   0   1   1   1   0   0   1   1  12   0   0   1  0.74 0.14
  298 L   -2  0 -3 -3 -2 -2 -3 -3 -1  2  2 -2  0  4 -3 -2 -2  0  4  0    1   6   0   1   0   0   1   1   0  16  20   1   0  25   1   1   1   0  21   5  0.35 0.09
  299 I    0 -1 -1 -2 -2  3 -1 -2 -1  0  1 -1  0  1  2  0  1 -2 -1 -1    4   1   0   1   0  25   1   1   0   7  16   1   0   8  11   9  14   0   0   1  0.17 0.08
  300 P    1 -1 -1  3 -3  0  3 -2 -2 -3 -3  1 -3 -4  4  1 -1 -4 -3 -3   12   0   0  22   0   0  25   0   0   0   0   9   0   0  24   9   0   0   0   0  0.58 0.12
  301 G    0 -1  3  1 -3 -1  1  3 -1 -3 -2 -1 -2 -3 -2  2 -1 -3  0 -3    4   3  18   5   0   0   8  29   0   0   4   0   0   0   0  23   0   0   4   0  0.33 0.11
  302 E   -1 -2  0  1 -3  0  4 -3 -2 -1 -2 -1 -2 -3 -2 -1  2 -4 -3  1    4   0   3   8   0   0  48   0   0   0   0   0   0   0   0   0  20   0   0  17  0.46 0.18
  303 P    1  2 -1 -2 -2  1 -1 -1  1 -2  0  0 -1 -3  1  2  2 -3 -2 -2    9  14   0   0   0   9   0   3   4   0  11   0   0   0   6  25  19   0   0   0  0.21 0.11
  304 I    1 -3 -3 -3 -2 -2 -3  0  2  1 -1 -3 -1  4 -3 -2 -2  4  2  1   15   0   0   0   0   0   0   9   8  15   0   0   0  28   0   0   0   8   6  11  0.32 0.13
  305 N   -2 -2  7  0 -4 -1  1  1 -1 -4 -4 -1 -3 -4 -3 -1  1 -5 -3 -4    0   0  75   0   0   0   8   9   0   0   0   0   0   0   0   0   8   0   0   0  1.04 0.27
  306 P   -2 -2 -2  1 -3 -2 -1 -3 -3 -3 -3  1 -3 -4  7 -1  1 -4 -3 -3    1   0   0   9   0   0   1   1   0   0   1   9   0   0  63   1  12   0   0   1  1.29 0.21
  307 N   -2 -1  5 -1 -3 -1  0 -2  0  0 -2  1  0  2 -2 -1 -1 -1  3 -2    1   0  42   1   0   0   4   1   0   9   1   9   4  10   0   1   1   0  15   1  0.37 0.14
  308 S    1 -1 -1 -1 -2  1 -1  0 -2  0 -2 -1 -1 -2 -1  3  2 -3 -2 -1   12   0   0   1   0   8   1   4   0   9   1   1   0   0   0  41  20   0   0   1  0.31 0.13
  309 L   -1 -2 -3 -3  2 -2 -3  0 -3  1  3 -2  1  1 -3 -2  0 -2 -1  1    5   0   0   1   5   0   1   9   0   9  45   1   3   7   0   1   4   0   0   8  0.21 0.08
  310 E   -1 -1  1  0 -3  3  5 -2 -1 -3 -3  0 -2 -3 -2  1 -1 -3 -3 -3    1   0   9   1   0  13  62   1   0   0   1   1   0   0   0   9   1   0   0   1  0.72 0.19
  311 V    0 -3 -3 -3 -1 -2 -3 -3 -3  3  1 -2  3 -1 -2 -2 -1 -3 -2  3    9   0   0   1   0   0   1   1   0  25  10   1  10   0   0   1   1   0   0  39  0.35 0.12
  312 R   -1  0 -2 -3 -2  1 -2 -3  0  2  3 -1  2 -1 -2 -1 -1 -2 -1  1    1   6   0   1   0   8   1   1   4  14  44   1   5   0   0   4   1   0   0   9  0.23 0.09
  313 F   -2  0 -3 -3 -2 -2 -3 -3 -3  3  3 -2  1  1 -3 -2 -1 -2 -1  2    1   9   0   1   0   0   1   1   0  21  40   1   0   6   0   1   1   0   0  17  0.31 0.10
  314 N   -2 -2  7  0 -3 -1 -1  1 -1 -4 -4 -1 -3 -4 -3 -1 -1 -4 -3 -4    1   0  83   1   0   0   1   9   0   0   1   1   0   0   0   1   1   0   0   1  1.17 0.27
  315 G    1  1 -1 -2 -3 -2 -2  5 -2 -4 -3  0 -3 -3 -2 -1 -2 -3 -3 -3    9   9   0   1   0   0   1  67   0   0   1   8   0   0   0   1   1   0   0   1  0.81 0.17
  316 I   -1  4  1 -2 -2  0 -1 -2 -1  0 -2  2 -1 -2 -2  0  2 -3 -2  1    1  32   9   1   0   0   1   1   0   6   1  12   0   0   0   1  24   0   0  11  0.29 0.12
  317 L   -1 -1 -1 -1  4  4  1 -2  2  0  0 -1  1 -2 -2 -1 -1 -2 -1 -1    4   1   1   1  12  29  11   1   8   9  12   1   4   1   1   1   1   0   1   1  0.22 0.10
  318 Q    0 -2 -2 -3 -2  0 -2 -3 -2  0  4 -2  0  0 -2  0 -1 -1  3  0    8   1   1   1   0   6   1   1   0   1  55   1   0   1   1   8   1   0  14   1  0.30 0.14
  319 E    0 -2  1 -1 -2 -1  0 -2 -2  1  0 -1  0 -2  1  0  2 -3 -2  2    8   1  10   1   0   1   6   1   0  11   6   1   0   1   8   1  19   0   0  24  0.14 0.08
  320 L   -1  1 -1 -1  2  2  2 -2  2 -2 -1  2 -1 -2 -2  0  0  4 -1 -2    1   8   0   0   6  13  17   0   7   0   5  17   0   0   0   7   7   8   0   0  0.28 0.11
  321 A    2 -1 -1  1 -2 -1 -1  0 -2 -2  0  0 -1 -2 -2  3  0 -3 -2 -2   26   0   0  11   0   0   1   4   0   0  10   8   0   0   1  36   1   0   0   1  0.27 0.14
  322 G   -1 -2  3 -1 -3 -2 -2  5 -2 -3  0 -2 -2 -3 -2  1 -1 -3 -3 -3    1   0  21   1   0   0   1  49   0   0  11   1   0   0   1  12   1   0   0   1  0.57 0.17
  323 T    0  1  0  2 -2  2  2 -2 -1 -2 -2  0 -2 -3 -2  0  2 -3 -2  0   10   7   3  17   0  10  20   1   0   0   1   1   0   0   1   5  16   0   0   8  0.24 0.10
  324 V    3 -2 -2 -2 -2 -2 -2  2 -2 -1 -1 -2  3 -2  1  1  1 -3 -2  0   36   0   0   0   0   0   0  14   0   0   0   0  14   0   7  11   8   0   0   8  0.29 0.15
  325 G    1 -2 -1  2 -2 -1  0  3 -2  0 -2 -1 -2 -3 -2  1  0 -3 -3  0   15   0   0  18   0   0   7  25   0   7   1   0   0   0   0  12   7   0   0   7  0.23 0.09
  326 M   -2 -2 -1 -2 -2  1 -1  0 -2  1  3 -2  2  1 -3 -2 -2 -2 -1  0    1   0   3   1   0  11   4   8   0   7  50   1   5   7   0   1   1   0   0   1  0.24 0.12
  327 P   -1 -2 -1  2 -3 -1  0  1 -2 -3 -3 -1 -3 -3  6  0  1 -3 -3 -2    1   1   1  14   0   1   4  11   0   1   1   1   0   1  44   8  10   0   0   1  0.80 0.17
  328 L    0 -2 -1 -2 -2 -1  0 -2 -2  1  2 -2  2  2 -2 -1  0 -2  0  0   13   1   4   1   0   1  10   1   0  15  19   1  10  14   1   1   7   0   0   1  0.11 0.08
  329 F    0  0 -1  0 -2 -1 -1 -2 -1 -1 -1  0  1  4 -2  0  0 -1  2 -1   11   7   1   8   0   1   1   1   0   1   1   8   6  29   1   8   8   0   7   1  0.18 0.10
  330 H   -1 -2  2 -1 -2  0 -1 -2  2  1 -1 -1 -1  0 -2  0  0 -2  2  2    4   0  18   1   0   7   1   1   8  13   1   1   0   4   0   8   3   0  10  21  0.14 0.10
  331 C    1 -3 -2  0  7 -3 -2  0 -3  2 -1 -3 -1 -2  0 -1 -1 -3 -3 -1   15   0   0   8  38   0   1   7   0  20   1   1   0   0   5   1   1   0   0   1  0.58 0.19
  332 V    0 -1  2  2 -3  0  2  0 -1 -1 -2  0 -2 -3  1 -1 -1 -3 -2  0    8   0  14  13   0   0  23   8   0   0   1   7   0   0   7   1   1   0   0  15  0.22 0.10
  333 G    0 -2  1  0 -2 -2 -2  4 -2  0 -1 -2 -2 -3 -2  1 -1 -3 -3  0    7   0   6   6   0   0   0  47   0   7   7   0   0   0   0  10   0   0   0   7  0.42 0.15
  334 A    4 -2  0  1 -2 -1 -1  2 -2 -3 -3  0 -2 -1 -2  1 -1 -3 -3 -2   49   0   5  10   0   0   0  14   0   0   0   7   0   3   0  10   0   0   0   0  0.39 0.20
  335 D   -2 -2  1  4 -3 -1  2  1 -1 -2 -3 -1 -3  1  0  0 -2 -3  1 -3    0   0   6  32   0   0  17  15   0   3   0   0   0   9   3   7   0   0   5   0  0.38 0.17
  336 S    0 -2  1 -2 -2 -2 -2  3 -2 -1 -3 -2 -2 -3 -2  2  2 -3 -3 -2    7   0   6   0   0   0   1  31   0   6   1   0   0   0   0  24  20   0   0   1  0.41 0.18
  337 D   -1 -2  3  2 -3  0 -1  0 -1  0  0 -1 -1 -2 -2  1  0 -3  1 -2    0   0  20  17   0   6   0   8   0   9  10   0   0   0   0  14   6   0   7   0  0.20 0.14
  338 D   -2 -2  1  4 -3 -1 -1 -2  2 -1 -1 -2 -2 -1 -2  0  2  3  3 -2    1   0   8  29   0   0   1   1   6   5   6   0   0   0   0   3  19   6  14   1  0.36 0.19
  339 E    2 -1 -1  2 -2  1  2 -2  1 -2 -1  0 -1 -3 -2  0  0 -3 -2 -1   22   0   0  17   0   5  17   1   6   0   6   7   0   0   0   6   5   0   0   6  0.20 0.12
  340 V   -1 -1  1  2 -3  1  2 -2 -1 -1 -2  0 -2  0 -2  2  0 -3 -2 -1    1   0   6  15   0   5  19   1   0   6   1   7   0   6   0  25   2   0   0   4  0.24 0.14
  341 E   -1 -2  1  1 -2 -1  1  2 -2  2 -1 -1  2 -2 -2  1  1 -3 -2 -1    0   0  10   8   0   0  14  17   0  20   1   0   8   0   0  10  10   0   0   0  0.17 0.14
  342 C   -2 -3  0  0  7  0 -2 -3 -2  0 -1 -2 -2 -2 -3 -1  2 -3  1  0    0   0   5   6  33   5   0   0   0   6   6   0   0   0   0   3  20   0   6   6  0.52 0.22
  343 S    0 -3 -2 -3  3 -1 -3  1 -3  3  1 -2  0 -1 -3  0 -1  1 -2  1    8   0   0   0   8   2   0  11   0  32  18   0   0   0   0   9   0   2   0   5  0.22 0.15
  344 V    2  0  1  2 -2 -1 -1 -1 -1 -1 -1  0 -1 -2  0  1  0 -3  0  0   22   6   9  14   0   0   0   2   0   0   5   6   0   0   3  12   3   0   5  11  0.11 0.10
  345 L   -1  0  4 -1 -3  1 -2 -2 -1 -1  1 -1  1  2 -3  0 -1 -3 -1  0    5   6  32   0   0   7   0   0   0   3  17   0   4  10   0   8   0   0   0   5  0.24 0.17
  346 G    0 -2  1 -2 -3 -2 -2  4 -3 -1 -3  0 -2 -3 -3  1  1 -3 -3 -1    6   0   6   0   0   0   0  48   0   6   0   6   0   0   0   9  12   0   0   6  0.50 0.20
  347 G    1 -3 -2  0 -3 -3 -3  5 -3 -3  0 -3 -2  1 -3 -1 -2 -3 -1 -3   12   0   0   6   0   0   0  61   0   0  11   0   0   6   0   0   0   0   3   0  0.75 0.26
  348 T   -1  0  1  3 -3  2  0 -2 -2 -1  1 -1 -1 -2 -2 -1  1 -3 -2  0    2   5   8  26   0  13   3   0   0   2  15   0   0   0   0   0  12   0   0  11  0.24 0.16
  349 W   -3 -3  0 -3 -4 -3 -1  1 -2 -3 -3 -1 -3  1 -4 -3  0 10  3 -1    0   0   5   0   0   0   5  11   0   0   0   5   0   5   0   0   6  44  12   6  1.27 0.37
  350 E    0 -2  1 -1 -2 -1  1 -3 -2  0  1  0 -1  0 -2 -1  3 -3 -2  2    6   0   8   0   0   0  14   0   0   2  13   7   0   6   0   0  24   0   0  18  0.16 0.15
  351 Q   -2  2  2  0 -3  0  1  0 -1 -3 -2 -1 -2  2  2  0  0 -2  2 -2    0  15  12   2   0   4  12   6   0   0   3   0   0  13  12   7   6   0   7   0  0.22 0.14
  352 S    2 -1  0 -2 -2 -1  0 -1 -2 -1 -2  1 -2 -3  1  2  1 -3 -2  1   20   0   5   0   0   0   5   3   0   0   0   9   0   0   5  24  12   0   0  14  0.23 0.16
  353 H   -1 -2  2  1 -3  0 -1  4  1 -3 -3 -1  0  0 -2  1 -1 -3 -2 -1    1   0  15   6   0   5   3  34   4   0   1   1   4   6   0  15   1   0   0   5  0.33 0.16
  354 T    1 -1  1  1 -2  1  2  0 -1 -1 -2 -1 -2 -2 -2  0  1  3  0  0   18   1  10   6   0   5  20   5   0   3   1   1   0   0   1   5   9   5   5   6  0.18 0.11
  355 D    0 -2  1  5 -3 -1  1 -2 -2 -2 -1 -2 -2 -3 -2  1  0 -4 -3 -1   11   0   5  47   0   0   5   1   0   0   5   0   0   0   0  12   5   0   0   5  0.54 0.23
  356 Y   -2 -2 -3 -3 -3  0 -3 -3 -1  0  0 -3 -1  4 -3 -2  0  0  7 -2    1   1   1   1   0   5   1   1   0   6  11   1   0  16   1   1   5   0  48   1  0.78 0.28
  357 S   -1  0  1  3 -2 -1  0  0 -2 -1 -3  1 -2 -3 -2  3  0 -3 -1 -2    1   3   5  25   0   1   1   8   0   5   1  10   0   1   1  31   3   0   2   1  0.33 0.18
  358 V   -1 -2 -2 -3 -2 -2 -2 -3 -2  2  2 -1  3  2  2  0 -1 -2  1  1    1   1   1   1   0   0   1   1   0  12  21   5  12  10   9   9   2   0   6   7  0.20 0.13
  359 E    0 -1 -2 -1 -2  1  1 -2 -2  1  1  1  0 -2  0 -1  0 -3 -2  1    5   1   1   1   0   9  15   1   0  10  19   9   0   0   5   3   5   0   0  16  0.13 0.11
  360 T    1 -1  1 -1  2  2  1 -2  0 -1 -1  0 -1  1 -1  0  1 -2 -1  0   13   2   8   0   5  15  11   1   2   0   2   4   0  10   2   5   9   0   0  10  0.12 0.12
  361 D   -3  0  2  6 -4 -2 -1 -3  1 -2 -2  1  1 -3 -3 -2 -2 -4  0 -3    0   4  10  55   0   0   0   0   5   2   4  10   4   0   0   0   0   0   4   0  0.80 0.34
  362 E    0 -2 -1 -1 -2  0  1 -1 -2  1  2  0  0  0 -2  0 -1 -2  0  1    5   0   2   2   0   6  10   4   0   7  27   4   0   5   0  10   2   0   4  11  0.08 0.10
  363 N    2 -2  5  2 -3 -1  0 -2 -2 -3 -1  0  1 -4 -3  0  0 -4 -3 -3   19   0  35  14   0   0   6   0   0   0   6   5   5   0   0   5   3   0   0   0  0.46 0.27
  364 G   -1 -3  1  3 -4 -2  0  5  1 -5 -5 -1 -4 -4 -3  0 -1 -4 -4 -4    4   0   8  22   0   0   4  46   4   0   0   3   0   0   0   5   4   0   0   0  0.72 0.29
  365 I   -2  2  2 -2 -3  1 -1 -1 -2  0  0  3  0 -3 -3 -1  1 -4 -1 -1    0  15  11   0   0   4   2   3   0   8   8  26   3   0   0   0  13   0   2   4  0.24 0.20
  366 P    0 -3 -1 -3 -3 -2 -3 -3  1  2  0 -3  1  1  2 -2  0  5  3  1   10   0   4   0   0   0   0   0   4  14   4   0   4   5  10   0   8   9  13  15  0.30 0.19
  367 E   -2  1  2  4 -3 -1  2 -3 -2 -1 -3  1 -3 -4 -3  1  2 -4 -3 -2    0   9   8  26   0   0  12   0   0   4   0  11   0   0   0  13  15   0   0   1  0.42 0.24
  368 I    0  1 -1  0 -3  0  1 -2  1 -1 -1  2 -1 -3  0  1  0 -4 -2 -1    8   9   0   6   0   0   7   1   4   3   9  20   0   0   4  18   6   0   0   5  0.15 0.13
  369 L   -1 -3  0 -2 -3 -2  0 -1 -2  3  0 -2 -1  3  0  0 -2 -2  1  1    4   0   7   0   0   0  10   4   0  32   6   0   0  16   4   9   0   0   4   5  0.20 0.20
  370 H   -2 -1  1  0 -3  1 -1 -1  3 -1 -2  2 -2 -1 -3 -1  1 -2  3  2    0   0   8   4   0   9   0   4   8   2   2  15   0   0   0   0   8   0  14  25  0.22 0.21
  371 F   -3 -4 -4 -5 -3 -4 -4 -5 -3  4  0 -4 -1  4 -4 -3  0 -2  3  3    0   0   0   0   0   0   0   0   0  25   4   0   0  24   0   0   6   0  12  29  0.69 0.32
  372 D   -2 -2  4  2 -3 -2 -1  0  3  1 -2 -1 -1 -1  2  0 -2 -3  0 -1    2   0  24  15   0   0   0   7   9  13   0   3   2   3  10   4   0   0   4   5  0.28 0.21
  373 S   -2  1  1  0 -3  1  2 -1 -2 -1 -1  1 -2 -3  1  0  2 -4 -3 -2    0   7   8   1   0   8  21   4   0   4   7  11   0   0   6   6  16   0   0   0  0.24 0.17
  374 V    0 -1  1  2 -3 -1  2  1 -2 -2 -3  0 -2 -3  1  0  1 -3  0  0    9   2   8  11   0   0  22   9   0   0   0   4   0   0   7   5   9   0   3  10  0.21 0.15
  375 F   -2 -3 -1 -4 -3 -3 -4 -4 -3  2  4 -3  0  4 -4 -1 -1 -2  1  1    0   0   4   0   0   0   0   0   0  10  46   0   0  20   0   4   4   0   4   6  0.51 0.27
  376 E    0  0  3  1 -3  3  3 -1 -1 -3 -3  0 -2 -4 -2  1 -1 -4 -3 -1    8   4  19   6   0  14  28   3   0   0   1   4   0   0   0   8   0   0   0   4  0.41 0.23
  377 H    0  2  0  2  1  1 -1  0  5 -1 -3  0 -2 -3 -2  1  0 -3 -2 -2    6  12   3  11   3   5   1   8  19   5   1   5   0   0   0  13   7   0   0   1  0.25 0.17
  378 G   -1  0  2  1 -3 -1  0  3 -1 -1 -3  1 -2 -2 -2  0 -2 -3  1 -3    4   4  14  10   0   0   6  27   0   6   1  13   0   0   0   5   0   0   8   0  0.29 0.18
  379 D   -1 -2  2  6 -4 -2 -1 -1 -2 -3 -4  0 -3 -1 -3  1 -2 -4 -3 -1    3   1   7  56   0   0   1   4   0   1   1   6   0   3   1  10   1   0   0   5  0.80 0.34
  380 I    0 -3  1 -1 -2 -3 -3 -3 -3  4  0 -1  0  0 -3 -2  1 -4 -2  2    8   0   8   4   0   0   0   0   0  42   6   3   1   3   0   0  12   0   0  12  0.37 0.25
  381 I   -2 -2 -3  0 -3 -2 -2 -4 -3  3  1  2 -1  0  1 -1  0 -4 -2  2    0   0   0   6   0   0   0   0   0  23  16  15   0   3   7   3   6   0   0  21  0.27 0.23
  382 N    1 -3  0 -2 -2 -2  1 -1 -3  0  0 -2 -2 -2 -3  0  4 -3  0  0   11   0   5   0   0   0   9   4   0   6   7   0   0   0   0   3  42   0   5   7  0.36 0.28
  383 I   -1 -3  1 -3  1 -2 -3 -3 -3  3  0 -1  3 -2 -1  0  0 -3 -2  3    4   0   7   0   3   0   1   1   0  24   6   3  10   0   3  10   3   0   0  23  0.27 0.21
  384 T   -2  4  0  1 -3 -1  0 -1  1 -1 -2  2 -2 -3 -2  0  2 -3  0 -1    1  30   3   7   0   0   4   4   4   5   1  11   0   0   1   5  18   0   3   4  0.31 0.22
  385 W   -1 -3 -1 -3 -3 -2  1 -3 -2 -3 -1 -3  1 -1 -3 -2  0  9  5 -1    6   1   4   1   0   1  10   1   0   1   5   1   4   1   1   1   7  29  25   4  1.00 0.40
  386 F    0 -2 -2 -1 -2 -1  0 -3 -1  0  1  1 -1  3 -2 -1  0 -1  3  0    7   1   1   4   0   1   7   1   0   3  12  12   0  19   1   4   7   0  13   9  0.17 0.15
  387 N   -2  0  5  3  0  0 -1 -1 -2 -2 -2  0 -3 -4 -3  2  0 -4 -3 -3    1   3  37  16   3   3   1   3   0   3   4   7   0   0   1  15   3   0   0   1  0.54 0.30
  388 N   -1 -1  6  1 -4  0  1  0  1 -2 -4 -2 -3  0 -3 -1 -1 -4  0 -4    6   3  46   6   0   3  10   6   3   2   1   0   0   4   0   3   2   0   3   0  0.65 0.37
  389 D   -1 -3  2  5 -4 -1  2 -1 -3 -3 -4 -2 -3  0 -3 -2  0 -4 -1  0    4   0  11  41   0   1  15   3   0   0   0   0   0   5   0   0   5   0   3   9  0.66 0.39
  390 L   -1 -4 -1 -2 -3 -3 -3 -4 -4  4  2 -3 -1 -2 -4 -1 -1 -4 -1  3    4   0   3   3   0   0   0   0   0  35  24   0   0   0   0   4   3   0   3  19  0.51 0.32
  391 G    0 -1 -1 -1  0 -2 -3  5 -3 -2 -3  1 -3  0 -3  0 -1 -3 -1 -1    6   3   3   3   2   0   0  48   0   3   1   9   0   4   0   4   4   0   2   5  0.56 0.32
  392 T   -1 -1  1  0 -3 -2 -1 -2  0 -1 -1  0  1 -1 -3  2  4 -3 -2  0    3   3   8   5   0   0   4   2   3   3   3   4   5   3   0  16  30   0   0   7  0.26 0.25
  393 L   -1 -2 -1 -1 -2 -2 -1  0 -3  0  2  1  1  0 -3  1  2 -3 -2  1    1   0   3   3   0   0   3   7   0   4  21  11   5   5   0  10  18   0   0   9  0.14 0.18
  394 L    0  0 -1 -1 -2 -2  0 -3  0  2  2 -2  2 -2 -1 -1  1 -3 -1  1    7   7   2   3   0   0   8   0   2  12  25   0   8   0   2   2  10   0   3   8  0.15 0.18
  395 T   -1 -1  1  2 -4  2  2  0  1 -3 -4 -1 -3 -4  2  1  1 -4 -3 -1    2   3   7  15   0   9  15   6   4   0   0   2   0   0  10   8  11   0   0   4  0.32 0.24
  396 K    0 -1 -2 -3 -3 -2 -1 -1 -3  2  1  1 -1 -1  0 -1  0  7  0  1    6   4   2   0   0   0   5   4   0  15  12  12   0   2   4   3   5  16   2   8  0.31 0.24
  397 D   -1 -3  3  5 -5  0  3 -3 -3 -2 -5 -1 -4 -5 -3  1 -1 -5 -1 -2    5   0  13  31   0   4  23   0   0   2   0   2   0   0   0  11   4   0   2   2  0.69 0.42
  398 E    0  0  2  1 -4  0  3  3 -3 -4 -3  0 -3 -2 -3 -1  0 -5 -4 -2    8   4  10   7   0   3  26  24   0   0   2   5   0   2   0   2   5   0   0   2  0.43 0.32
  399 I   -1  1 -1 -4 -4 -1 -2 -5 -4  5  1 -3 -2  1  0 -2 -2 -5 -3  1    6   8   4   0   0   3   2   0   0  49   8   0   0   5   6   2   2   0   0   7  0.61 0.43
  400 I   -2 -1  1 -1 -4  1 -2 -1 -3  1 -2  3 -1 -2 -1  0  3 -4 -3  0    0   2   6   2   0   8   0   4   0   9   3  25   1   2   3   7  19   0   0   8  0.29 0.30
  401 D    0 -2  2  1 -3 -1  2  1 -3 -3 -2  1 -3 -2 -1  0  3 -4 -3  0    7   0   9   9   0   1  15  11   0   0   3   8   0   2   2   6  20   0   0   6  0.25 0.25
  402 E   -1  1 -1  1 -3  1  2 -2 -1  0  0  2 -1 -1 -3  0  0  1 -2 -1    5   8   2   6   0   6  15   2   1   9  12  13   0   2   0   4   7   2   0   4  0.13 0.16
  403 T    2 -1 -2 -1  0  0 -1  0  0  0 -1 -2 -2 -3  0  0  3  1 -3  1   17   3   0   3   2   3   4   7   2   6   4   0   0   0   5   6  25   2   0  11  0.22 0.25
  404 D    0  0  2  6 -5  0  0 -1 -3 -3 -5  1 -5 -2 -4  0 -1 -6 -5 -5    7   4   9  46   0   4   4   4   0   2   0   8   0   2   0   8   4   0   0   0  0.81 0.50
  405 N   -1 -1  3  3 -1  2  2  1  0 -2 -4  1 -1 -4 -2  0 -1 -5 -4 -1    4   3  13  18   2  11  11  10   1   2   0   7   1   0   1   6   4   0   0   6  0.31 0.27
  406 L   -1  1  0 -2 -3  0  0 -1 -2  1  1  1  1  0 -3 -1  0 -3 -1  1    3  11   5   2   0   3   5   3   0  11  17   9   4   3   0   4   6   0   1  10  0.09 0.13
  407 Y   -2 -4  0 -4 -4  0 -2 -4  0 -1 -1 -2 -3  4 -4 -1  0  5  6 -2    3   1   4   1   0   4   2   1   1   4   6   3   0  16   1   4   5   7  34   2  0.84 0.48
  408 V   -1 -3 -3 -1 -3 -1 -2 -3 -1  1  2 -2  0  0 -1  0  1 -3  0  3    5   0   0   4   0   3   2   1   1   8  20   3   2   3   3   6   9   0   4  25  0.22 0.22
  409 S    1 -2  5  0 -4  0 -1 -1 -3 -4 -2  0 -1 -2 -1  1  2 -5 -2 -1   10   2  31   4   0   4   2   4   0   0   3   7   1   1   2  11  11   0   2   4  0.43 0.36
  410 Q   -1  0  1 -2  0  1 -1  1  0  0 -1  0 -1 -2 -1  2  3 -3 -1 -1    3   5   6   0   2   8   2   9   2   6   5   4   1   1   3  15  20   0   3   4  0.16 0.21
  411 G    0 -2  2  2 -3 -1  1  2 -2 -2 -2  1  0 -1 -1  0  0  0 -1 -2    7   0  14  11   0   2  11  16   0   2   5   9   3   3   3   5   5   1   2   2  0.19 0.20
  412 P   -1 -1  0  3 -1  1  2  0 -2 -2 -1  1 -3 -1  1  0 -1  1 -1 -2    5   3   5  21   1   5  13   6   0   2   6   8   0   3   8   5   4   2   2   1  0.22 0.21
  413 G    0 -1  0  1  2 -1  1  0 -1  0 -1  1  0 -2  1 -1  1  2 -1  0    8   1   4   7   5   0   9   7   1   7   7   9   2   1   8   2  11   4   1   5  0.08 0.12
  414 V    0 -2  0 -3 -3 -3 -2 -2 -1  3  1 -2  0  2 -3  0  0  1  2  2    7   2   6   0   0   0   3   3   1  18  11   1   1  10   0   7   5   2   7  14  0.18 0.20
  415 D   -1  0  3  4  1  0 -1 -2 -3 -2 -3  1 -3 -1 -1  0  1 -4 -1 -2    5   5  16  23   3   3   3   2   0   3   2   8   0   2   3   4  12   0   3   2  0.33 0.30
  416 I    1  0 -1 -2  0 -1 -1 -1 -3  2  1  0 -1 -1 -3  0  0  0 -1  1   12   6   3   2   2   2   3   4   0  15  17   6   0   2   0   6   4   1   2  11  0.08 0.13
  417 S    0  0  2  2 -3  0  0 -1 -2 -2 -2  2 -1 -2 -1  2  1 -4 -1 -1    6   3  12  10   0   4   6   3   0   3   3  13   1   1   2  17  10   0   3   3  0.22 0.23
  418 G    0 -1  4  1 -4 -2 -1  3  1 -1 -2  0 -3 -2 -1  0  0 -4 -1 -3    8   2  22   6   0   1   2  21   4   4   4   7   0   2   3   5   7   0   2   0  0.33 0.29
  419 D   -2  0  2  4 -4  0  1 -1  0 -1 -3  2 -1 -3 -3  0 -1 -1 -2  0    2   6  11  22   0   4   9   5   2   3   1  12   2   1   0   6   4   1   1   7  0.31 0.27
  420 V    1 -3 -2 -1 -3 -1 -2  0  1  3  0 -1  1 -1 -2  0  0 -1 -1  2   12   0   1   3   0   3   2   8   3  18   8   5   3   2   2   5   5   1   2  16  0.12 0.17
  421 N    0  0  1  0 -3  0  0  0  1  0 -1  0  1 -1 -1  0  1 -3  2  0    8   4   9   6   0   2   8   7   3   6   6   5   5   1   3   4  10   0   8   5  0.06 0.10
  422 L    0 -1  0 -2 -1 -1 -1 -3  0  1  1 -1  0  0 -1 -1  0  3  4  0    6   3   5   2   1   3   4   1   2  11  12   4   2   4   3   4   4   4  20   6  0.21 0.22
  423 T   -1  0  0 -1  0 -1  0  0 -3  0 -2 -1 -3 -4  0  2  3 -5 -2  1    4   5   3   3   2   2   6   8   0   6   2   3   0   0   4  20  22   0   1   9  0.27 0.30
  424 D   -2  1  3  5 -5 -1  0  1 -3 -5 -4  2 -4 -3 -4  0  0 -5 -1 -3    2   9  14  29   0   1   6   9   0   0   2  11   0   1   0   6   5   0   2   2  0.57 0.42
  425 F    0 -2 -1 -1  1 -1 -1 -1 -3  1 -1 -1 -1  2  2 -1  3 -3  0  1    5   2   3   3   3   2   3   4   0  10   5   2   1   9   9   4  19   0   4  12  0.17 0.20
  426 D    0 -2  1  2 -3  1  1 -1 -2 -1 -2  0 -1  0  1  0  0 -4 -1  1    8   0   9  12   0   6   9   3   0   3   3   6   1   5   6   8   6   0   2  11  0.12 0.17
  427 K    0 -1  4  2 -1  0  0  0 -3 -3 -2  1 -3 -2 -2  0  0 -4 -2 -2    8   2  23  13   1   3   6   7   0   1   4  10   0   2   2   7   5   0   2   3  0.29 0.28
  428 I    0 -2  1  0 -3 -2  0 -1  0  1  0 -1  0 -1  2 -1  1  0  0  0    9   0   7   5   0   0   6   4   3  10  12   4   2   2  10   4  11   2   4   6  0.09 0.14
  429 G    0 -1  2  0 -3  0  0  1 -2 -1 -1  1 -1 -1 -1  1  0  1  0 -1    6   3  13   5   0   3   7  11   0   3   7   8   2   2   2  11   7   2   3   4  0.10 0.14
  430 W   -1  0  1  0  0  1  0 -2  0  0  0  1 -1  0  1  0  1  1  1  0    5   3   6   4   2   9   4   2   2   5   9   9   0   3   7   6   8   2   5   8  0.05 0.09
  431 P    0  0  1  0  0  0  0 -1  0 -1 -1  1 -2 -1  2  0  1 -3  0 -1   10   4   9   4   3   3   4   4   3   4   6  12   0   4  10   7   9   0   3   4  0.09 0.12
  432 N    0  0  0  0  2  0  0  0 -2  0 -1  0  1 -2  0  0  0  3  1  0    6   6   5   6   5   5   6   6   0   6   6   6   5   0   6   6   6   5   5   6  0.06 0.11
  433 V    0 -1 -1 -1  0  0 -1 -2  0  1  1 -1  0 -2  0  0  1  0 -1  1    8   1   2   4   1   6   3   2   2   9  14   3   3   1   4   8  12   1   2  14  0.07 0.10
  434 E    0  0  0  2 -3  1  1 -1 -1  0 -1  1 -2 -2 -1  0  1 -4 -2 -1    7   5   5  11   0   9  11   5   1   7   7  10   0   1   2   4  11   0   1   3  0.12 0.12
  435 A    1 -2  0  1 -3  1 -1 -1 -2  0  0  0 -1 -1  2  1  1 -4 -1  0   17   1   3  10   0   8   2   3   0   5   8   6   1   2  10   9   8   0   2   7  0.13 0.14
  436 V    0 -2 -1  0 -1 -1 -1 -2 -2  2  1  1  2 -1 -3 -2  0 -2  1  2    8   1   3   5   1   1   3   2   1  14  10  11   6   1   0   1   7   0   6  19  0.14 0.16
  437 Q    1 -1  1  1 -1  1  1 -1 -1 -2 -2  1 -1 -1  1  1  1 -3 -1 -1   15   2   7   6   1   6   8   2   1   2   4  11   1   3   8   8   9   0   2   5  0.12 0.12
  438 S    1  0  2  1 -3  0  0  1 -1 -2 -2  1 -2 -3 -1  1  1 -4 -2 -1   13   3  11   7   0   4   6   9   1   2   4   7   1   0   2  14  11   0   1   3  0.16 0.14
  439 Y   -1 -2 -1  2 -2 -2 -1 -1 -1  1  1 -1  0  1 -3  0  1  0  1  0    4   1   3  13   0   1   1   5   1   8  16   4   2   8   0   6  13   1   5   7  0.10 0.13
  440 Q    0 -1  1  1 -1  1  1  0  0 -2 -2  1 -1  0  0  1  1 -3 -1 -1    9   2   6   9   1   8   8   6   2   2   4  10   1   5   3   9  11   0   2   2  0.09 0.10
  441 R    0  0  0  1 -3  1  1 -1 -1  0 -1  0  0 -1 -1  0  1  0 -1  0    6   5   5   9   0   9   9   4   1   5   5   7   3   2   1   6   9   1   2   9  0.06 0.07
  442 A    0  1  0  0 -1  0  0 -1 -1  0  0  1  0 -1 -1  0  0  0 -1  0   11   7   5   5   1   2   6   5   2   8  13   9   2   3   2   3   6   1   1   8  0.01 0.03
  443 F    0  0  2 -1 -2  0 -1 -2 -1  1  0  0 -1  1 -2  0  0 -1  0  1    6   4  14   2   0   5   1   2   0   8  10   8   1   9   1   5   5   0   3  14  0.08 0.11
  444 N    0 -2  4  2 -3  1  1  0 -2 -1 -2  0 -1 -3  0  1  1 -4  0 -1    6   0  22  12   0   6   7   5   0   3   3   5   1   0   4   9   8   0   3   4  0.24 0.19
  445 A    1 -2  2  1 -1  0  0 -1 -1  0 -1 -1 -1 -1  0  1  2 -3 -1  0   15   1  12   7   1   4   4   2   1   6   7   3   1   3   3   8  16   0   1   5  0.11 0.13
  446 V   -1 -2 -2 -2 -3 -3 -3 -2 -2  3  3 -1  2  1 -3 -2 -2  0  0  3    3   2   2   2   0   0   0   4   1  17  27   4   5   7   1   1   1   2   2  20  0.33 0.22
  447 S    0  0  0 -1 -1  2  1 -1 -1 -2 -1  3 -1 -3 -3  2  1 -4 -1 -2    9   4   4   2   1   9  10   3   1   1   5  19   1   0   0  15  11   0   2   2  0.23 0.20
  448 N    1 -1  2  1 -3  2  2  0  0 -2 -2  0  0 -3 -2  1  0 -1 -1 -3   12   1  13   7   0  13  12   5   2   2   2   5   3   0   1  11   7   1   1   0  0.24 0.20
  449 I   -1 -4 -4 -4 -2 -2 -3 -4 -4  4  3 -2  4  1 -4 -2 -1 -1 -2  2    5   0   0   0   0   1   1   0   0  25  31   2  11   4   0   3   3   1   1  10  0.55 0.31
  450 F   -1 -2 -1 -4 -3  0 -3 -3 -3  2  3  0  1  3 -4 -3 -2  0  0  1    5   1   4   0   0   5   0   1   0  13  35   8   2  13   0   0   2   1   2   7  0.34 0.25
  451 D   -2 -2  4  5 -5  2  2 -2 -3 -4 -3 -1 -2 -5 -4  0 -2 -5 -4 -4    2   1  18  36   0  11  11   1   0   1   3   3   1   0   0   7   2   0   0   1  0.76 0.40
  452 T    1  0 -1 -2  0  0 -1 -2 -1  0  2  0  2  0 -2  0  1 -1  0  0   14   6   2   1   2   3   3   2   1   6  21   8   7   3   1   6   8   0   3   4  0.08 0.11
  453 I   -1 -3 -4 -4 -1  0 -2 -3 -4  4  2 -3  3  2 -2 -2  0  0 -2  2    6   0   0   0   1   4   3   1   0  31  16   0   7   9   2   1   4   2   0  12  0.38 0.25
  454 Y   -3 -5 -2 -6 -1 -4 -5 -6  4 -1 -1 -5 -3  4 -6 -5 -3  1  8 -3    2   0   2   0   1   0   0   0  10   3   6   0   0  13   0   0   1   2  58   1  1.69 0.67
  455 P   -3 -2 -4 -4 -7 -2 -2 -5 -6 -7 -7 -1 -6 -7  8 -3 -5 -7 -4 -6    2   2   1   1   0   2   2   1   0   0   0   3   0   0  84   1   0   0   1   0  2.55 0.90
  456 I   -2 -6 -6 -7 -4 -6 -6 -7 -7  4 -2 -4 -3 -4 -6 -5 -2 -6 -5  6    3   0   0   0   0   0   0   0   0  27   1   1   0   0   0   0   1   0   0  67  1.63 0.68
  457 G   -4 -6 -2 -3 -7 -6 -6  7 -2 -8 -8 -4 -7 -7 -6 -3 -4 -7 -7 -7    0   0   1   1   0   0   0  93   1   0   0   1   0   0   0   1   1   0   0   0  2.39 0.88
  458 T    1 -1 -2  1  1 -1 -1 -2  1 -1 -3 -1 -2 -2 -3  4  2 -4 -1 -2    9   3   1   9   3   1   2   2   3   3   1   2   1   1   0  44  11   0   2   2  0.51 0.37
  459 I   -3 -3 -5 -5 -3 -2 -5 -5 -4  6  1 -4 -2 -1 -2 -3 -2 -4  0  3    1   1   0   0   0   2   0   0   0  52   9   0   0   2   2   1   1   0   4  22  1.01 0.47
  460 Y   -3 -2 -4 -4 -2 -3 -2 -4  1  1 -2 -3  0  3 -4 -3 -3  2  8  0    2   2   1   1   1   0   2   1   3   8   3   1   2  10   1   2   1   2  52   5  1.23 0.51
  461 E   -2 -2 -3 -1 -2  0  1 -4 -3  3  1 -2  4  1 -3 -1  2  0 -1  0    2   1   0   2   0   4  11   0   0  21  10   1  15   6   0   3  13   1   2   4  0.32 0.26
  462 N   -1 -1  2  0 -2 -1 -1 -2 -2 -1 -2 -2 -2  2 -3  3  3  1 -1 -2    4   3  10   5   1   2   2   2   0   3   4   1   0   9   1  29  21   2   1   2  0.36 0.28
  463 A    1 -2 -1 -2 -3 -2 -2  0 -2 -1 -2 -2  3  0 -1  1  4 -3  0  0   13   2   2   2   0   0   2   6   1   2   2   1  11   5   2  12  29   0   3   5  0.32 0.28
  464 V    0 -1  1  0 -2  0  0  0  0  0 -1  0 -1 -1 -2  1  2 -1 -1  1    5   2   8   5   0   3   4   5   2   7   5   6   0   3   1  12  13   1   1  16  0.08 0.10
  465 N   -1 -1  6  3 -4 -1  0 -1 -2 -3 -4  0 -3 -4 -2  1  0 -4 -3 -3    5   2  39  17   0   2   4   3   0   2   1   5   0   0   1  12   5   0   0   2  0.67 0.34
  466 P    1 -1  0  1 -3 -2  0  0  0 -1 -3 -1 -1 -2  3  3 -1 -3 -1 -1   11   2   5   7   0   1   5   6   2   4   1   3   1   2  17  24   2   0   2   5  0.28 0.19
  467 N    2  0  1  0 -3 -1 -1 -1 -2  0 -2 -1 -2 -1 -1  0  4 -4 -3 -1   18   5   6   5   0   3   3   3   1   5   2   2   0   4   2   5  31   0   0   4  0.27 0.23
  468 N   -2 -1  7  3 -1 -3 -1 -2  0 -5 -4  0 -5 -5 -1  1 -2 -6 -5 -5    2   2  55  15   1   0   2   1   1   0   1   4   0   0   3   9   2   0   0   0  1.14 0.51
  469 P   -1 -5 -5 -2 -5 -4 -3 -5 -5 -5 -4 -4 -5 -6  8 -1 -4 -6 -5  0    4   0   0   2   0   0   1   0   0   0   2   0   0   0  79   4   0   0   0   7  2.21 0.75
  470 V    3  0  2 -2 -3  1 -1  0 -1 -3 -3 -1 -3 -3 -3  2  0 -4 -2 -1   31   4  13   1   0   8   3   6   1   0   2   3   0   1   0  19   4   0   1   3  0.38 0.29
  471 T    0 -2  1  1 -3 -1  0 -2 -3 -1  0  0 -1 -3 -3  1  4 -4 -2  0    7   0   6   7   0   2   7   2   0   3  10   6   1   0   0   9  31   0   1   7  0.27 0.23
  472 Y   -2  0 -3 -3 -3 -2 -1 -3  1  0  2  0  0  2 -4 -2 -1  1  5  1    2   6   1   1   0   1   3   1   3   5  21   5   2   8   0   3   4   2  22  11  0.32 0.22
  473 M   -1 -2 -2 -4 -3 -3 -4 -2 -1  0  2 -2  2  5 -4  0 -2  5  2 -2    5   1   1   0   0   0   0   3   1   4  18   3   7  27   0   9   2   9   6   1  0.50 0.26
  474 G   -1 -3  0 -1 -1 -3 -2  5 -3 -3 -2 -1 -3 -4  2  0 -1 -4 -1 -2    2   0   4   2   1   0   2  51   0   2   5   4   0   0  11   6   3   0   3   2  0.66 0.29
  475 F   -1 -1 -1 -1 -2 -1 -1  1 -2  0  0 -1  0  3 -1  1 -1  4  1 -1    3   3   2   3   0   1   3  12   0   6   7   4   2  17   3  14   3   7   5   4  0.13 0.09
  476 G   -1 -2 -1  0 -3  0 -2  5 -3 -2 -2 -2  0 -3  0  0  1 -3 -3  1    1   0   0   4   0   4   1  50   0   0   1   0   4   0   4   4   9   0   0  15  0.49 0.17
  477 S    0  0  0 -2 -2  0  0 -1  0 -1 -2  0  0 -3 -2  1  5 -3 -2  0    4   3   3   1   0   3   4   3   3   3   1   5   3   0   1   5  54   0   0   4  0.42 0.18
  478 W   -1  0 -1 -1 -2  3  0 -1  0 -2 -1  0 -1  0 -1 -1 -1  8  1 -2    3   2   1   2   1  35   2   2   1   2   3   2   1   1   2   2   2  34   1   2  0.57 0.01
  479 K    0  0 -1  0 -3  2  3 -2 -2  1 -1  0 -2 -3 -3  0  0 -4 -3  2    5   3   3   4   0  11  26   3   0   7   4   6   0   0   0   5   6   0   0  17  0.24 0.24
  480 L    0  3 -1 -2 -3  2  0 -3  0 -1  0  0  2  0  1 -1 -1 -3  0 -1   10  21   2   0   0  10   6   0   2   3   9   5   7   3   8   3   3   0   3   3  0.19 0.19
  481 F   -1 -3 -3 -1 -3 -1 -3 -4  1  3  0 -1  1  3 -4 -2 -1  5  3  1    3   0   0   3   0   3   0   0   4  21   6   3   3  14   0   3   3  10  13   7  0.41 0.28
  482 G    3 -2  0 -1  0 -1  0  4 -2 -2 -2 -1 -1 -3  0  0 -1 -3 -2 -1   26   2   3   2   2   2   5  30   1   1   4   4   1   1   4   6   3   0   1   3  0.34 0.19
  483 Q    2 -1  0  1 -3  3  2 -1  0 -3 -3  1 -2 -3 -1  1  0 -3 -2 -2   18   2   4   7   0  16  17   4   2   1   1   8   1   0   3   8   5   0   1   2  0.27 0.20
  484 G   -2 -4  0  2 -4 -3 -1  6 -4 -5 -5 -1 -4 -5 -4 -3 -3 -4 -5 -5    2   0   4  10   0   0   4  69   0   0   1   4   0   0   0   1   1   0   0   1  1.33 0.52
  485 K   -2  6 -2 -2 -5  1 -1 -4  0 -4 -3  2  1 -2 -4 -2 -1 -4  0 -3    2  55   1   2   0   5   2   1   2   0   2  13   4   2   0   1   3   0   3   2  0.99 0.47
  486 V    0 -3 -1 -3  1 -3 -2 -2 -3  0 -1 -1  1  2 -3  0  3 -3  0  3    5   0   3   0   3   0   3   2   0   5   4   3   4  12   0   6  20   0   3  26  0.28 0.25
  487 L   -2 -4 -4 -4  0 -3 -4 -3 -4  2  4 -2  0 -2  3 -2  0 -4 -1  0    2   0   0   0   2   0   0   2   0  13  44   3   2   0  16   2   6   0   3   5  0.55 0.33
  488 V    0  1 -3 -4 -3 -3 -1 -4 -3  2  1 -2  2  0 -3 -1 -1 -3  0  4    7  11   0   0   0   0   4   1   0  12  13   0   5   4   0   3   3   0   3  32  0.35 0.26
  489 G    0 -4 -4 -4  1 -1 -4  6  0 -2 -1 -4 -4 -5 -4  0 -2 -5 -5 -1    9   0   0   0   3   3   0  57   3   3   6   0   0   0   0   6   3   0   0   5  1.01 0.50
  490 W    1  0 -2 -2  2  1 -2  0 -1  0  0 -1  0  0 -3 -1 -1  4  1  1   15   5   2   2   4   6   2   6   2   5   9   3   1   5   0   3   3   6   7  14  0.11 0.13
  491 N    0 -2  1  3 -3  0  0  2  1 -3 -2  0 -3  0 -3  0  0  4  0 -3    6   0   8  18   0   4   4  14   4   0   5   7   0   4   0   9   4   6   4   1  0.25 0.21
  492 E    0  0  0  0 -3  0  1  0  1 -1 -1  0  0 -2  1  1  1 -3  1 -1    6   3   4   6   0   4  10   9   4   3   7   4   4   0   6  10  10   0   6   3  0.07 0.10
  493 D    0 -2  2  2 -3 -1 -1  2  0 -2 -2 -1 -1 -1 -2  2  0 -3  0 -2    9   1  12  13   0   2   3  15   2   2   4   4   1   2   1  16   6   0   3   2  0.22 0.19
  494 I   -1 -2  1  4 -3  1  0  0 -1 -2 -3 -1 -1 -2  0  0  2 -3  1 -1    5   1   5  24   0   6   5   7   1   2   2   3   1   1   5   7  13   0   5   6  0.26 0.22
  495 S    1 -2  2  2 -2 -1 -1  1 -2 -2 -2 -1 -2 -2  0  2  2  0 -1 -2   12   2   9  13   0   1   2   8   1   2   3   3   1   1   5  20  11   1   2   3  0.24 0.21
  496 D   -1 -2  2  5 -3  0  1  0 -2 -3 -2 -1 -2 -2 -1  1 -1 -3 -1 -2    6   1   8  33   0   4  10   6   1   1   4   4   1   1   2   9   3   0   2   3  0.45 0.27
  497 P   -1 -2  1 -1 -2 -1 -1  0 -2 -2 -2 -1 -2  5  2  0  0 -2  0 -1    6   2   6   3   1   3   3   7   1   2   3   3   1  28  10   8   7   0   2   4  0.32 0.23
  498 N    0 -1  4  1 -2 -1 -1  0 -1  0 -1  0 -1 -2 -1  1  1 -1  0 -1    6   2  25   7   1   2   3   7   1   5   7   5   1   2   4   9   7   1   3   3  0.20 0.16
  499 F    0 -1 -1 -2 -2 -1 -1  0 -1  0 -1 -1  0  3 -1  0  2  2  3 -1    6   2   3   2   1   3   5   7   1   5   4   3   2  15   3   7  15   3  10   4  0.16 0.12
  500 A    1 -1  0 -1  1 -1 -1  3  1 -1 -1 -1 -1 -1 -1  1  1  0 -1  0   11   2   4   2   3   2   2  22   5   4   5   3   1   2   3   8   9   1   2   7  0.13 0.09
  501 L    0  1  0 -1 -1  0  1  1 -1  0  0  0 -1 -1  0  0  0  0  0  0   10   9   4   3   1   4  10  10   1   5   8   6   1   2   4   6   5   2   3   7  0.03 0.03
  502 N    0 -1  3  0 -2 -1  0  0  1 -1 -1  1  0 -1  0  1  0 -2  0 -1    8   3  16   3   1   2   5   6   3   3   4  11   3   3   4   8   7   1   3   5  0.10 0.09
  503 N    0  0  2  0 -2  0  0  0  0 -1 -1  0  0 -1  0  1  1  0  0 -1    7   4  12   3   1   4   4   7   1   4   5   6   2   3   4  11  12   1   4   4  0.07 0.07
  504 N    0 -1  1  0 -2  0  0  2  0  0 -1  0 -1 -1 -1  1  1 -2 -1  0    4   3   9   5   1   4   4  16   3   4   7   5   1   2   3   9   9   0   2   9  0.07 0.07
  505 D    0 -1  0  1 -1  0  0  2 -1 -1 -1  0 -1 -1  0  0  1 -1  0  0    6   3   5   7   1   3   4  16   2   4   5   6   1   2   5   8  10   1   3   9  0.07 0.06
  506 L    0  0  1  0 -1  0  0  0 -1  0  1  0  0  0 -1  0  0  0  0  0    6   3   8   4   1   4   4   9   1   3  16   4   2   3   3   9   6   1   2   8  0.02 0.04
  507 D   -1 -1  0  2 -2  0  0  0  1 -1 -1  2 -2 -1 -1  0  1 -1  0 -1    4   2   5  15   1   3   4   8   4   2   5  14   1   2   3   7   9   1   3   6  0.11 0.10
  508 S    0  0  1  0 -2  1  0  0 -1 -1 -1  0  0 -2  0  0  1 -2  0  0    8   6  10   4   1   6   5   7   1   4   5   5   3   1   5   5  13   0   4   8  0.06 0.07
  509 G    1 -2  2 -1 -2 -1 -1  2  2 -1 -1 -1 -2  1 -1  1  0 -2 -1 -1   12   2  10   3   1   3   4  20   5   3   5   4   1   6   3  11   4   0   2   4  0.14 0.12
  510 G    0 -1  0  0 -2  1  0  2  0 -1 -1 -1 -1 -2  0  0  0  1 -1 -1    6   2   5   5   1   8   6  20   3   3   8   3   1   1   5   8   7   2   1   4  0.12 0.11
  511 N    0 -1  1 -1 -2  0  0  0  0  0  0  0  0 -1 -1  1  0  1  1  0    7   3   7   3   1   5   4   6   3   7   9   4   3   1   1  15   7   2   6   8  0.04 0.07
  512 P    0  0 -1 -1  2 -1 -1 -1  2 -1 -1  1 -1  0  3 -1  0  2  0 -1    6   5   2   4   5   2   4   3   6   3   4  10   2   4  17   4   7   3   3   6  0.18 0.14
  513 S    1  0  0 -1 -2 -1 -1 -1 -1  0 -1  0 -1  0 -2  3  2 -2  0 -1   12   5   5   2   0   1   3   3   1   5   6   4   2   4   1  23  13   0   3   4  0.16 0.17
  514 H   -2 -1  1 -1 -4 -1 -2 -2  7 -3 -2  1 -3  2 -2 -1 -2  0  3 -1    3   3   8   4   0   2   1   2  32   1   3   8   0   7   2   5   3   1   9   5  0.73 0.41
  515 T    1 -1  1 -2 -3 -1 -1 -1 -3 -2 -2 -1 -2 -2 -1  2  4 -4 -2 -1   10   3   8   2   0   3   3   5   0   2   3   2   1   1   3  15  33   0   1   4  0.40 0.37
  516 A    3 -2 -1 -2 -4 -2 -2 -2  6 -1 -1 -3  0 -2 -1  1 -2 -5 -3  2   23   1   3   2   0   1   1   3  22   4   5   0   2   2   3  11   1   0   0  13  0.51 0.42
  517 G   -1 -3  2 -2 -1 -1  1  5 -1 -5 -4  0 -2 -5 -3  0  0 -5 -5 -3    5   1  10   2   2   2   9  44   2   0   2   5   1   0   1   7   6   0   0   2  0.69 0.45
  518 G    0 -1  1  0 -3  1  0  1  2 -2 -1  2 -2  0 -3  0  1  0  0 -1    6   2   7   4   0   8   4  13   5   2   5  15   1   4   0   7   9   1   3   4  0.13 0.17
  519 T   -2 -2 -1 -2 -4  0  0 -4  1  0 -3  0 -1 -3 -1  1  6 -5 -3 -2    2   2   3   2   0   4   5   0   4   6   2   5   1   1   3   9  48   0   1   2  0.76 0.55
  520 G   -1 -3 -3 -3 -5 -4 -3  5  1  0 -3 -4 -2  1 -2 -2 -1 -5  0  1    4   1   1   1   0   0   1  52   3   6   2   0   1   5   2   2   5   0   3  10  0.84 0.51
  521 G   -2 -5 -2 -3 -6 -1 -3  7  2 -3 -5 -3 -6 -6 -5 -1 -3 -6 -6 -4    3   0   2   2   0   3   1  73   4   2   1   2   0   0   0   4   2   0   0   1  1.60 0.80
  522 S    1 -1  1 -1 -4  0  3 -2  0 -3 -3 -1 -4 -4 -4  3  1  0 -2 -1   13   2   6   2   0   4  22   2   2   1   2   2   0   0   0  24  10   2   1   4  0.44 0.39
  523 T    0  0  0 -1 -4 -1  0 -1  4 -2 -3  3 -1 -1 -2  0  0 -1  3 -1    8   3   4   3   0   2   6   3  11   1   2  21   2   3   2   6   6   1  11   6  0.26 0.26
  524 S    0 -2  1  0 -4  0  0 -2 -2 -3 -2  1 -2  0 -2  3  4 -4 -1 -3    6   1   7   5   0   4   7   2   1   1   4   7   1   3   1  20  25   0   2   1  0.36 0.35
  525 V   -3 -3 -1 -2 -1 -2 -3 -2  8  1 -2 -2 -4 -1 -1 -2  0  0 -1  2    2   1   3   2   2   1   1   3  39   8   4   3   0   3   3   2   6   2   2  14  0.94 0.57
  526 T   -1 -1  2 -2 -4  1  0 -1 -1 -2 -2  0 -3 -4  0  1  4 -1 -1  0    5   2   9   2   0   7   5   4   2   2   4   5   0   0   5  12  29   1   2   6  0.32 0.33
  527 L    0 -4 -2 -2 -3 -2 -2 -2  1  1  4 -2  0  0 -2 -1 -1  0 -1  0    7   0   2   3   0   2   2   4   4   8  46   2   1   3   2   4   3   1   2   5  0.41 0.32
  528 E    1 -1  1  0 -3 -1 -1 -1  4 -2 -2 -1 -3 -3 -1  1  4 -4  0 -2   10   2   7   6   0   2   3   5  10   2   3   4   0   0   3  11  27   0   3   2  0.36 0.32
  529 N    0 -1  0 -2 -2 -1  0  0  0  1  0 -1  0 -1  0  0  1  0 -1  1    9   4   4   1   0   2   5   9   3   9   8   4   1   2   4   8  12   1   1  13  0.05 0.10
  530 A    2 -2  2  1 -4 -1  1 -1  5 -3 -3 -1 -4 -4 -1  1  1 -1 -1 -2   20   1   9   8   0   2   9   5  15   1   2   3   0   0   2  10   7   1   2   2  0.36 0.33
  531 N   -3 -2  4 -1 -5  3  4 -2  3 -5 -2 -2 -1 -3 -1  0 -1 -1 -1 -3    2   2  22   2   0  13  25   3   7   0   4   1   1   1   3   6   3   1   2   1  0.58 0.46
  532 L   -1 -4 -2 -3 -4 -2 -4 -2  1  3  2 -4  5 -1 -4 -1  0 -4 -1  2    4   0   2   2   0   1   0   3   3  17  22   0  18   2   0   4   7   0   2  13  0.51 0.37
  533 P    0 -1 -4 -3 -1 -1 -2  2  2 -3 -5 -1 -5 -3  7 -3 -2 -5  0 -5    9   3   0   2   1   3   2  14   5   1   0   3   0   1  48   1   2   0   4   0  1.16 0.66
  534 A    2 -1  1 -1 -3  0  1  0 -3 -2 -2 -1 -1 -2  1  3  1 -4 -2 -2   18   3   8   3   0   3   7   6   0   2   3   3   1   2   7  22   7   0   1   2  0.26 0.27
  535 T   -3 -1  0 -5 -5  0 -4 -2  9 -1 -2 -2 -2 -1 -5 -1  1  0  0  0    2   3   3   0   0   4   0   3  46   3   5   2   1   2   0   5   8   1   3   7  1.20 0.67
  536 E    0  0  2  1 -3  0  0  1  0 -2 -2  1 -2 -2 -2  1  1 -4  0 -1    9   4   9   8   0   4   7   9   3   1   3  10   1   1   1  14  11   0   3   4  0.16 0.18
  537 T   -1 -2  0 -1 -5 -1 -3 -1  8 -1 -3 -1 -1 -2 -2  1 -1  2  0 -2    4   1   5   4   0   2   1   5  42   3   2   3   1   2   2  11   4   3   2   2  1.01 0.60
  538 D    0 -1  2  1 -4 -1 -1  3 -1 -2 -4 -1 -2 -2  0  1  2 -4 -1 -2    7   3  11   9   0   2   3  21   1   2   1   3   1   1   5  12  13   0   2   3  0.29 0.27
  539 E    0 -1  0  0 -3  1  1  0  0  0 -1  0  0 -1 -1  0  1 -2  1  0    7   2   4   6   0   9   9   8   2   7   6   5   2   3   1   7   8   0   5   8  0.05 0.08
  540 E    0  0  1  1 -3  0  1  1  1 -1 -2  1 -2 -2 -1  1  1  2  1 -1    6   4   9   8   0   2   8  10   4   4   2   9   1   1   2  10   8   3   6   3  0.12 0.14
  541 V    0 -2  0 -1 -3 -1 -2  0 -1  0 -1 -1  0 -1 -1  1  1  1  2  1    7   1   4   2   0   2   2   9   1   7   6   3   3   2   2  11  12   2  10  13  0.10 0.15
  542 L    0 -1  1 -2 -2 -2 -2  1  2  0  1 -2  1  0 -2  1  0  1  2 -1    6   3   6   2   1   1   2  13   6   6  13   2   3   3   1  10   5   2   9   5  0.12 0.15
  543 I    0  0  1 -1 -2  0 -2  1  0  1 -1 -2 -1  0 -2  1  2  1  0  0    7   5   6   3   0   4   1  12   2  10   4   2   1   3   2  11  15   2   4   5  0.12 0.16
  544 V    1 -1  2  0 -1  1  0  0  2 -1 -2  0 -1 -1 -1  1  1  0  1  0   11   3  10   4   2   5   4   6   6   5   2   5   1   2   2  10   9   1   5   7  0.09 0.12
  545 D    0 -2  2  3 -2  0 -2  1  0 -3 -2 -1 -3 -1  0  2  0 -2 -1 -2    8   2  11  18   1   3   2  10   2   2   3   3   0   2   5  15   7   1   2   3  0.25 0.25
  546 E    1 -2  1  1 -4  1  1  1  1 -2 -3 -1 -2 -2 -1  2  1 -1  0 -2   12   1   8   7   0   5   8  13   4   3   2   3   1   1   3  14   9   1   3   2  0.19 0.21
  547 N    0 -2  4  0 -1  0 -1  2  4 -3 -3 -3  0 -3 -3  1 -1  4  1 -2    8   2  18   4   1   4   3  15   9   2   2   1   3   1   1  10   4   5   5   3  0.37 0.32
  548 G    0 -4  0  0 -3 -2 -3  5 -1 -3 -2 -3 -3 -2 -2  1  0  1  1 -3    9   1   4   5   0   2   2  41   2   1   4   2   1   2   2  10   5   2   5   2  0.61 0.42
  549 S    0 -2  2  1 -3 -2 -1  1  3 -1 -3 -1 -2 -3  0  2  1  0  0 -1    8   2   8   9   1   1   4  11   8   4   2   4   1   1   4  15  10   2   4   4  0.21 0.23
  550 V    0 -2  1  0 -4 -2 -2  1  0  2 -1 -2 -1  0 -1  1  1  1  1  1    9   2   7   4   0   1   2  10   3  12   4   1   1   3   2  11  10   2   4  11  0.12 0.16
  551 I    0  0  0 -2 -3  0 -1  0  0  1 -1 -1  1  0  0  1  2  1  0  1    8   4   4   2   0   3   2   7   2   8   5   3   3   3   4   9  14   2   4  11  0.07 0.11
  552 V    0 -1  0 -1 -2  0 -1  1  1  1 -2 -1 -1 -2  1  1  1  0  0  0    9   2   5   4   0   4   3  11   3  10   3   2   1   2   6  12  10   2   3   7  0.09 0.13
  553 G   -1 -2  0 -1 -3 -1 -3  5 -1 -3 -3  0 -3 -3 -3  2  0 -2 -2 -1    6   2   4   3   1   3   1  39   2   2   3   5   1   1   2  15   7   1   2   4  0.58 0.42
  554 G    1 -3  2 -3 -6 -2 -2  5 -3 -5 -4 -3  0 -1 -4  1 -1  0  2 -4   12   1   9   1   0   2   2  42   1   1   2   1   2   2   1   9   4   1   6   1  0.77 0.51
  555 C    0 -1 -1  0  2  0 -3  1 -2 -1 -3  0 -1 -3 -1  1  2  5 -1 -2    9   4   3   6   5   4   1  12   1   3   2   6   2   1   3  12  13   8   2   3  0.26 0.26
  556 Q   -1  1  3  0 -2  3 -2  1  0 -1 -2 -1 -1 -2 -2  0  1 -5 -1  0    6   7  14   5   1  12   2  11   3   4   3   2   1   2   2   7   9   0   2   7  0.19 0.21
  557 Y    0  0  0 -2 -4 -1 -3  1  0 -2 -1 -1 -3  0  0  0  1  2  4  0    7   5   5   2   0   3   1  11   2   2   5   3   0   4   4   8  10   3  17   6  0.24 0.24
  558 D    0  0  2  4 -5 -2 -2  2  0 -1 -3 -1 -3 -2 -2  1  1 -1 -2 -3    7   4  10  21   0   2   2  14   2   4   3   3   0   2   2  11   9   1   2   2  0.32 0.28
  559 P    0 -2 -1 -2 -3 -1 -3  0  1 -1 -2 -1 -1 -1  3  1  1  3  2  0    9   2   3   2   0   2   1   8   4   3   3   5   2   3  16  11   7   4   8   8  0.25 0.25
  560 D    0 -2  3  2 -2 -1 -1  1 -2 -1 -3 -1 -1 -3 -2  2  1 -2 -1 -1    9   2  12  13   1   2   3  13   1   3   2   4   2   1   2  15   8   1   2   5  0.26 0.25
  561 E    1 -2  1  1 -3 -1  0  2 -1 -1 -2 -1 -1 -2 -2  2  1  0  1 -2   10   2   6   7   0   2   5  16   2   3   3   3   1   2   2  19   7   1   5   3  0.20 0.21
  562 S    1 -2  2  2 -5 -1  0  1 -2 -3 -3 -1 -2 -3 -2  2  2  0 -1 -2   11   2  10  11   0   2   6   9   1   1   2   4   1   1   2  18  13   1   2   3  0.30 0.29
  563 G    1 -3  1 -2 -6 -3 -5  5  1 -4 -4 -3 -1 -2 -5  0  1 -1 -2 -1   10   1   7   3   0   1   0  41   3   1   2   1   2   2   1   8   9   1   1   4  0.72 0.48
  564 P    0 -1  3  0 -2  0 -1  2  1 -2 -3 -1 -3 -2  2  2  1 -1 -1 -2    6   3  13   5   1   3   4  14   3   2   3   4   0   2  11  13   8   1   2   3  0.24 0.23
  565 I    1 -2  0  0 -4 -1 -1  2  0  1 -2 -2 -1  1  1  0  0  3  0 -1   12   2   4   5   0   3   3  15   2   7   3   2   1   7   6   8   6   4   3   5  0.13 0.15
  566 Y    0 -2  0 -2 -5 -1 -2  0  4 -2 -1  0 -1  1 -3  1  1  4  4 -1    7   2   5   2   0   2   2   8   8   2   5   5   1   6   1  11   8   5  15   5  0.31 0.27
  567 T    0 -2  1  1  0 -2 -3  0  0  0 -2  0 -3 -3 -3  2  4 -3 -2 -2    9   2   7   9   2   2   1   7   2   5   3   6   0   1   1  13  24   0   1   3  0.33 0.31
  568 K    0 -1  2  0 -5  1 -2  1  4 -3 -4  1 -4 -3  0  1  2  1 -1 -2    7   3   8   5   0   5   2  10   9   1   2  10   0   1   5  12  13   2   2   3  0.28 0.27
  569 Y   -2 -3 -1 -2 -1 -2 -2  1  2 -1 -3 -3 -1  1 -3  1  2  3  5 -1    4   1   3   3   1   2   3  11   5   4   2   1   1   5   2   9  15   4  19   4  0.43 0.34
  570 R    0  2  3  0 -4 -1  0 -1  0 -2 -1  0 -2 -2  0  1  1 -2  0  0    9  11  14   5   0   3   5   4   2   2   5   5   1   2   4   8   8   1   4   6  0.14 0.16
  571 E   -2 -2  0  0 -3  1  1  2  2 -1 -2 -2  0 -2 -1  1  3 -1 -1 -1    3   2   5   6   0   5   8  15   5   4   3   1   2   2   3   9  19   1   2   5  0.23 0.24
  572 A    1 -3  2  1 -3 -3 -1  3 -1 -1 -3 -2 -2 -2  0  2  1  0 -3 -1   10   1  10   9   0   1   4  19   1   4   2   2   1   2   5  14   9   1   1   4  0.28 0.26
  573 K   -1 -3  3  0 -3 -1  0 -1  3 -2 -2  0 -2 -1 -1  0  3  0  0 -1    6   1  14   5   1   3   5   5   8   3   3   7   1   3   4   7  17   1   4   4  0.24 0.24
  574 A    1 -1  1 -1 -4  0 -2  1 -1  0 -1 -1 -1 -2  0  2  2  0 -2  0   11   2   7   3   0   5   3  10   2   5   5   3   1   2   5  14  14   1   1   8  0.15 0.18
  575 S    1 -1  1 -2 -3  0 -1  2  3 -2 -3  1 -2 -1 -3  1  3 -3 -2 -1   11   4   7   2   0   4   3  15   7   2   2   7   1   3   1  10  16   0   2   4  0.25 0.24
  576 T   -1 -4  0 -2 -5 -1 -1  2  1  0 -3 -3 -1 -3 -2  1  5  0 -1  1    4   1   4   2   0   3   4  14   3   6   2   2   2   1   2   8  30   1   2  10  0.47 0.38
  577 N   -2 -1  5 -3 -5 -3 -2  2 -1  0 -3 -2  0 -1 -4  2  3 -6 -3 -1    4   4  24   1   0   1   2  13   2   5   2   3   2   3   1  13  15   0   1   5  0.51 0.39
  578 S   -1 -3  1 -1 -5  1 -1  2  3 -2 -4 -2 -2 -3 -1  3  2 -5 -1 -1    5   1   8   3   0   7   4  13   8   3   2   2   1   1   3  19  14   0   2   4  0.34 0.32
  579 T    2 -4  2 -1 -5 -1 -2  2 -5 -2 -3 -3 -3 -4 -1  3  2 -3 -2 -1   14   1  11   3   0   2   3  16   0   2   2   2   1   1   3  21  13   0   2   4  0.42 0.37
  580 H    2 -2  2 -1 -5 -1 -2  2  4 -3 -4 -2 -2 -3 -4  2  2 -5 -3  0   15   2   8   3   0   3   3  13  11   1   1   3   1   1   1  14  12   0   1   8  0.40 0.33
  581 T   -1 -4  0 -1 -4 -2 -4  5 -4 -3 -5 -4 -6 -6 -1  0  3 -3 -1 -3    4   1   5   3   0   2   1  43   0   2   1   1   0   0   4   6  20   0   2   2  0.94 0.59
  582 P   -1 -4 -1  0 -5  0  0  4  2 -3 -3  0 -3 -2 -1  1  1 -5  0 -3    5   1   3   5   0   5   6  30   6   2   2   5   1   2   3   9  10   0   3   2  0.41 0.31
  583 P   -3 -3  2  1 -6 -4 -4  5 -5 -4 -6 -3 -4 -6  2  2  0 -3 -3 -3    2   1   9   9   0   1   1  40   0   1   1   1   1   0  11  14   5   0   1   3  0.87 0.56
  584 T   -1 -1  1 -2 -5  4  0  1  2 -3 -1  1 -2 -3 -4  1  2 -3 -3 -2    5   3   6   2   0  19   5  12   6   2   6   8   1   1   0   9  12   0   1   3  0.33 0.30
  585 S    3 -2  2  0 -5 -3 -1 -1 -3 -4 -5 -2 -4 -4  4  2 -1 -6 -2 -4   27   2  10   6   0   1   4   4   0   1   1   2   0   1  19  14   4   0   1   1  0.64 0.48
  586 I   -1 -5 -6 -6 -3 -3 -4 -3  9  1 -4 -1 -2  2 -1 -3 -1 -1 -3  0    6   1   0   0   1   1   1   3  51   7   2   4   1   7   3   2   3   1   0   6  1.72 0.89
  587 T   -5 -4  7  1 -7 -2  0 -3 -6 -5 -8 -2 -7 -5 -5  1  1 -8 -4 -5    1   1  54   8   0   2   6   2   0   1   0   3   0   1   0  11   9   0   1   1  1.55 0.89
  588 N   -6 -6  8 -4 -7 -4 -5 -3 -2  1 -3 -4 -7 -5 -7 -4 -1 -8  1 -1    1   0  65   1   0   1   1   2   1   9   3   1   0   0   0   1   4   0   5   5  1.92 1.01
  589 I   -4 -1 -7 -7 -3 -3 -7 -6 -5  1  4 -5  8 -4 -7 -5 -3  0 -4  2    2   4   0   0   0   1   0   1   0   7  35   1  32   1   0   1   1   1   1  11  1.44 0.76
  590 Q   -7 -6 -2 -7 -8  7 -4 -5 -6 -8 -8 -6 -1 -8  6 -3 -7 -8 -4 -8    0   0   2   0   0  51   1   1   0   0   0   0   1   0  39   2   0   0   1   0  2.35 1.26
  591 P   -4 -6 -6 -9 -10 -5 -8 -9 -9 -10 -6 -5 -10 -11  9 -5 -8 -11 -10 -9    2   1   0   0   0   1   0   0   0   0   1   1   0   0  94   1   0   0   0   0  3.47 1.67
  592 Y   -8 -6 -6 -9 -3 -8 -9 -4 -1 -5 -8 -8 -4  2 -9  1 -2 -1  9 -5    0   1   0   0   1   0   0   2   1   1   0   0   0   7   0  10   3   1  71   1  2.71 1.31
  593 I   -5 -1 -4 -7 -6  1 -3 -7 -6  6  2 -1  3 -3 -7 -5 -2 -6  2  2    1   3   1   0   0   6   2   0   0  40  15   4   8   1   0   0   2   0   6  11  1.02 0.58
  594 T    2 -5 -5 -4 -1 -6 -6 -1 -7 -4 -5 -3 -6 -7 -5  0  6 -8 -7  4   14   1   0   1   1   0   0   5   0   1   1   2   0   0   1   5  44   0   0  24  1.24 0.77
  595 V    1 -6 -8 -6  6 -6 -5 -6 -8  0 -2 -4 -2 -2 -8 -5 -1 -8 -2  6    9   0   0   1  14   0   1   1   0   5   4   1   1   2   0   1   3   0   1  55  1.47 0.78
  596 Y   -1 -4  0 -3 -2 -5 -8 -4  3 -5 -6 -8 -7  2 -6 -5 -6 -5  9 -5    5   1   5   2   1   0   0   1   7   1   1   0   0   6   1   1   1   0  67   1  2.44 1.18
  597 R    1  2 -6 -8  0 -6 -7 -5 -7  4 -3 -2  8  0 -7 -6 -3 -7  1  1   10  10   0   0   2   0   0   1   0  21   2   3  33   4   0   0   1   0   4   9  1.26 0.71
  598 W   -11 -11 -12 -12 -4 -10 -11 -11 -10 -6 -10 -11 -9 -1 -12 -11 -10 13 -2 -7    0   0   0   0   1   0   0   0   0   1   0   0   0   2   0   0   0  95   1   0  5.36 2.10
  599 I   -6  4 -5 -6 -3  0  1 -7 -1  0 -1  5 -4 -3 -6 -5 -3 -7  2  0    0  23   0   0   1   4   8   0   2   6   6  34   0   1   0   1   1   0   7   7  0.96 0.61
  600 R   -8  9 -7 -9 -11 -6 -7 -9 -7 -10 -9 -2 -3 -10 -9 -8 -8 -10 -9 -10    0  97   0   0   0   0   0   0   0   0   0   2   1   0   0   0   0   0   0   0  3.50 1.52
  601 I   -4 -5 -2 -8 -7 -7 -7 -8 -8  4 -6 -6 -4 -7 -7 -5  7 -8 -4  3    1   0   2   0   0   0   0   0   0  18   0   0   0   0   0   0  57   0   1  20  1.87 0.98
  602 A    7 -8 -7 -8 -7 -7 -7  0 -8 -8 -8 -7 -7 -8 -7  1 -6 -9 -8 -7   83   0   0   0   0   0   0   7   0   0   0   0   0   0   0  10   0   0   0   0  2.27 1.11

                      K         Lambda
Standard Ungapped    0.1348     0.3139
Standard Gapped      0.0410     0.2670
PSI Ungapped         0.1210     0.3174
PSI Gapped           0.0370     0.2670
