
Last position-specific scoring matrix computed, weighted observed percentages rounded down, information per position, and relative weight of gapless real matches to pseudocounts
           A  R  N  D  C  Q  E  G  H  I  L  K  M  F  P  S  T  W  Y  V   A   R   N   D   C   Q   E   G   H   I   L   K   M   F   P   S   T   W   Y   V
    1 M   -3 -4 -5 -6 -3 -4 -5 -5 -5  4  3 -4  8 -2 -5 -4 -3 -4 -3  1    0   0   0   0   0   0   0   0   0  22  28   0  45   0   0   0   0   0   0   5  1.20 0.39
    2 L   -3 -2 -4 -4 -4  3 -2 -5 -4  0  4  1  2 -2 -5 -2 -3  0 -1  0    0   2   0   0   0  17   2   0   0   4  54   8   4   1   0   2   0   1   2   4  0.67 0.36
    3 L    0  1 -4 -5 -4 -3 -3 -5 -4  2  4  0  2 -2 -5 -3 -2 -2  0  0   10   9   1   0   0   1   1   0   0  12  44   6   6   0   0   0   2   1   3   6  0.51 0.31
    4 T   -4  2  2 -4 -6 -2 -3 -4 -5 -3 -4  5 -5 -6 -5  1  5 -7 -6 -4    0   9  10   0   0   1   1   0   0   1   1  35   0   0   0   9  31   0   0   0  1.05 0.59
    5 G   -1  1 -3 -6 -7  1 -6 -1  0 -5 -4 -1 -6 -1 -5 -2 -2 -2  8 -5    7   7   1   0   0   6   0   5   2   0   1   5   0   1   1   4   2   0  57   0  1.59 0.76
    6 K    0  1 -2 -2 -6 -3 -4  6 -3 -7 -7  3 -4 -5 -3  1 -1 -7 -6 -5    6   8   1   2   0   1   1  50   1   0   0  16   0   0   1   8   3   0   0   0  1.06 0.55
    7 L   -4 -3 -5  1 -5  0  1 -5 -2  4  3 -4  3 -3 -4 -2 -1 -6 -2  0    1   1   0   7   0   5  10   0   1  25  28   1   7   0   1   2   4   0   1   6  0.58 0.37
    8 Y   -1 -2 -4 -4 -5 -5 -3 -3 -3  1  1 -3 -3 -5 -5  1  6 -2  0  0    4   3   0   1   0   0   2   2   1   9  11   1   0   0   0   8  48   1   3   6  0.89 0.55
    9 K    1  1 -2 -1 -1  0  1 -3 -3 -1 -1  2 -1 -3  4 -2  0 -3 -3  0   13   8   1   3   1   4   9   1   0   3   6  14   1   1  20   2   5   0   1   8  0.33 0.26
   10 E    1 -2 -2  3 -5  1  5 -1 -2 -5 -5  0 -6 -7  0 -1 -2 -7 -6 -3   13   2   1  13   0   6  41   5   1   0   1   5   0   0   4   4   2   0   0   2  0.81 0.51
   11 E   -2 -1 -4  3 -6  3  4 -4 -2 -2 -1 -2 -2 -1 -5 -3 -2  3  3  0    3   4   0  15   0  13  27   1   1   3   5   2   1   2   0   1   2   4   9   6  0.58 0.41
   12 K   -4  4 -5 -8 -8 -5 -6 -7 -1 -4 -2  1 -4  3 -6 -6 -5  4  8 -2    2  21   0   0   0   0   0   0   2   1   3   8   0  12   0   0   1   5  42   3  1.57 0.75
   13 Q    1  0  2  4 -6  1  4 -4 -2 -2 -3  1 -1 -5 -5 -2 -3  1 -3 -3   11   6   8  21   0   6  23   1   1   2   3   8   2   0   0   2   1   2   1   2  0.56 0.38
   14 K    3  3 -1  0 -4  2  2 -4 -3 -3 -3  1 -4 -4 -5  0 -1 -2 -4 -4   24  15   3   5   0  10  15   1   0   2   3   9   0   1   0   7   4   1   0   1  0.50 0.36
   15 F   -4 -2 -7 -7 -6 -1 -6 -7 -1  2  5 -2  8 -2 -7 -5 -4 -3 -4 -3    1   2   0   0   0   3   0   0   1  11  42   3  30   2   0   1   1   0   1   1  1.44 0.66
   16 Y   -2  0 -6 -6 -6 -5 -5 -6 -1  0  4 -5  0  3 -7 -4 -3  5  3  0    3   5   0   0   0   0   1   1   2   6  43   1   2  12   0   1   1   7   9   6  0.91 0.47
   17 D    2  1  0  1 -5  2  3 -4 -1 -3 -1  2 -2 -4 -3 -1 -2 -6 -3 -2   19   6   4   6   0   8  22   1   1   2   6  13   1   1   1   3   3   0   1   3  0.39 0.30
   18 A    2  2 -1  0 -4  1  3 -2 -1 -4 -2  2 -3 -1 -4  1 -2  2 -2 -3   20   9   3   4   0   5  18   2   1   1   3  12   1   2   0   9   2   3   1   2  0.36 0.28
   19 Q   -4 -3 -3 -7 -2  9 -1 -7 -2 -9 -5 -6 -7 -4 -8 -4 -3 -9 -5 -6    2   1   1   0   1  83   3   0   1   0   1   0   0   1   0   2   2   0   0   1  2.79 1.21
   20 N   -2 -1  4  3 -3 -1 -1  5 -2 -7 -5  0 -4 -3 -6 -2 -4 -7 -5 -6    4   3  18  16   1   3   4  37   1   0   1   7   0   1   0   2   1   0   0   0  0.92 0.50
   21 G   -4 -3  2 -1 -3 -5 -3  6  2 -9 -7 -3 -8 -4 -1 -3 -5  1  2 -8    1   1   9   3   1   0   2  62   4   0   1   2   0   1   3   2   1   2   6   0  1.46 0.68
   22 K   -1  4 -2 -4  4 -1 -3 -2  0  0  0  3 -1 -5 -6 -3 -3 -6 -4  2    5  23   1   1   8   2   1   4   3   5   9  18   1   0   0   2   1   0   1  14  0.57 0.35
   23 C   -9 -12 -11 -3 12 -11 -12 -11 -11 -9 -10 -11 -10 -11 -11 -5 -5 -11 -4 -9    0   0   0   2  95   0   0   0   0   0   0   0   0   0   0   1   1   0   1   0  4.78 1.59
   24 L    6 -3 -5 -5 -4 -1 -3 -1 -5 -7 -3 -1 -4 -6  3 -4 -5  0 -2 -4   60   2   1   1   0   3   2   4   0   0   3   5   0   0  15   1   1   1   2   1  1.31 0.68
   25 I   -3 -6 -9 -9  0 -6 -8 -5 -9  7  2 -8 -1 -4 -8 -6 -3 -8 -7  2    2   1   0   0   2   0   0   1   0  60  18   0   2   0   0   1   2   0   0  10  1.78 0.72
   26 C   -8 -10 -9 -10 12 -9 -10 -9 -9 -8 -5 -9 -8 -9 -9 -5 -1 -9 -9 -8    0   0   0   0  92   0   0   0   0   0   2   0   0   0   0   1   4   0   0   0  4.55 1.50
   27 Q   -3  2  0  0 -3  0  0  5  1 -5 -3  2 -3 -5 -3 -1 -4 -3 -4 -5    2  10   4   5   1   5   6  41   3   1   3  10   1   1   1   4   1   0   1   1  0.73 0.38
   28 R   -1  4 -1 -1 -2  1  0 -1 -1  0 -1  2 -3 -3 -3 -1  1  0 -1 -1    5  22   3   4   1   5   7   4   1   5   5  13   0   1   1   5  10   1   2   5  0.26 0.19
   29 E    0 -1 -2  0 -1 -1  2 -1  3 -3 -2  1 -2 -4  4 -1 -1 -5 -3 -1    6   3   1   5   1   2  14   5   7   1   5   9   1   0  23   5   5   0   1   4  0.41 0.25
   30 L   -1 -1 -2 -2 -1  0  0 -2 -2  2  2 -2  2  2  1 -2 -1 -1  0  0    4   3   1   2   1   5   7   4   1  12  19   2   5  10   8   3   4   1   3   5  0.15 0.11
   31 N   -1  0  1  3 -2 -1  0  1  0 -3 -1  0 -2 -2  1  1  1 -4 -2 -2    6   6   5  16   1   2   7  10   2   2   5   7   1   2   6  10   8   0   2   3  0.16 0.12
   32 P    0 -1  0  2 -2 -1  2  1 -1 -2 -2  0 -2 -2  2  0  0 -2 -3 -2    7   4   5  10   1   3  16  11   1   2   4   6   1   2  11   8   5   1   1   3  0.20 0.15
   33 D   -2  0  0  3 -2 -1  1  0 -1  0 -1  0 -2  0  2  1 -1 -2 -2 -1    3   5   4  17   1   2   8   8   1   5   5   6   1   5   9  11   4   1   1   4  0.15 0.12
   34 V    0  1  0 -1 -2 -1 -1  1 -1 -1 -1  1  0  0 -1  0  1  1  0  0    9   9   3   4   1   2   2  13   1   4   5  10   2   4   3   6  10   2   3   8  0.07 0.08
   35 Q    0  4  0 -2 -3  1 -1  0 -1 -2 -3  2 -2 -3  0  0 -1 -2 -2  0    6  20   5   2   0   6   4   8   2   2   2  13   1   1   4   8   4   1   2   8  0.25 0.19
   36 A    1  3 -2  0 -2 -1  0  1  0 -3 -3  1 -2 -2  1  0  0 -3 -3  0   11  18   1   6   1   1   6  12   2   1   2  10   1   1   6   8   5   0   0   7  0.23 0.19
   37 N   -1 -2 -2  1 -1 -2 -2 -2 -2 -1  3 -3  0  1  1 -2 -2  4  0 -1    6   2   2   8   1   1   2   3   1   2  37   1   2   7   8   2   2   6   4   4  0.34 0.24
   38 H    1 -3 -2  0  4 -3 -2 -3  7 -3 -3 -3 -1 -2 -2  0 -3 -5  0  3   13   2   2   5  10   1   2   2  26   1   1   1   1   2   2   8   1   0   3  19  0.73 0.38
   39 L   -2 -4 -5 -4 -2 -3 -4 -3 -5  4  2 -4 -1 -2 -5 -4 -1 -4 -1  5    2   1   0   1   1   1   1   2   0  19  17   0   1   1   0   1   3   0   2  46  0.87 0.39
   40 D   -6 -6 -1  8 -7 -5 -2 -5 -5 -7 -7 -3 -7 -7 -2 -5 -5 -7 -7 -7    0   0   2  89   0   0   1   0   0   0   0   2   0   0   2   0   0   0   0   0  2.58 0.88
   41 H   -6 -5 -4 -6 -7 -5 -5 -6 11 -7 -7 -5 -6 -6 -6 -6 -6 -7 -3 -7    0   0   0   0   0   0   0   0  95   0   0   0   0   0   0   0   0   0   0   0  4.02 1.18
   42 D   -3 -3  1  7  6 -3 -2 -5 -3 -6 -3 -3 -5 -6 -5 -2 -4 -2 -3 -6    2   2   5  59  17   1   1   0   1   0   3   1   0   0   0   3   0   1   1   0  1.61 0.63
   43 H   -6 -3 -1 -5 -6 -4 -5 -6 11 -7 -6 -5 -6 -5 -6 -4 -6 -6  1 -7    1   1   3   0   0   0   0   0  86   0   1   0   0   0   0   2   0   0   3   0  3.40 1.03
   44 E    1  0  0  2 -2  0  2 -1 -2 -1 -2  0 -1 -2 -2  1  1 -3 -1  0   14   5   3  10   0   4  14   3   1   4   3   7   2   1   1  14   7   0   2   6  0.15 0.10
   45 L    0  0  0 -1  3  0  0  1  0 -1  0  0 -1 -1  2  0  0 -1  0 -1    5   5   3   3   9   3   5  11   2   3  10   5   2   2  12   7   5   1   3   4  0.10 0.05
   46 N    0  0  0  0  2  0  0  2  3 -1 -1  0 -1 -2  0  0  0 -2 -1 -1    5   4   5   5   6   3   6  17   9   3   7   6   1   2   4   7   4   1   2   4  0.10 0.06
   47 G    0  0  1  1 -1  1  1  1  0 -1 -1  0 -1 -2  0  0  0 -1 -1 -1    5   6   5  11   2   8   8  12   2   3   5   5   2   2   5   8   5   1   2   5  0.08 0.03
   48 P   -1  2  0  0 -2  0  0  0  3 -1 -1  1 -1 -1  1  0  0  1  0 -1    5  12   3   5   1   3   6   7   9   3   6  11   2   2   7   6   5   2   2   4  0.10 0.05
   49 K    0  2  1 -1  0  0 -1  0  0 -2 -2  2 -1 -1 -1  2  0 -1 -1 -1    5  11   6   3   2   2   3   8   2   2   4  17   1   2   2  16   6   1   2   5  0.13 0.09
   50 A    0 -2 -3 -3  7 -2 -2 -2 -3 -4 -4 -2 -4 -4 -2  0  5 -4 -4 -3    8   2   1   1  22   2   3   3   1   1   1   2   0   0   2   5  43   0   0   1  1.05 0.46
   51 G   -2 -1 -1 -3 -5 -4 -5  7  2 -6 -5 -3 -2 -5 -5 -1 -4 -2 -5 -5    2   4   3   1   0   0   1  75   4   0   1   1   1   0   0   4   1   1   0   1  1.64 0.59
   52 K   -1  3  0 -1  1  0  2 -2  2 -2  0  3 -1 -3 -3 -1 -2  0 -1 -2    4  15   3   2   3   4  12   2   6   1   9  24   1   1   1   4   2   1   2   3  0.29 0.21
   53 V   -1 -4 -1 -4  6 -3 -4 -4  0  3 -1 -1  1  0 -1 -1 -1  2  0  2    3   0   3   0  22   0   0   0   3  23   4   3   3   3   3   3   3   3   3  13  0.48 0.19
   54 R   -5  7 -4 -5 -6 -3 -4 -6 -4  3 -4 -2 -4  4 -6 -4 -4 -5 -3 -4    0  67   0   0   0   0   0   0   0  17   0   0   0  17   0   0   0   0   0   0  1.63 0.48
   55 G    1 -2 -1 -1 -4 -1 -2  6 -4 -4 -3 -2  1 -5 -2 -1 -3 -5 -5 -4   14   2   2   4   0   2   2  61   0   0   2   2   5   0   2   3   0   0   0   0  0.92 0.32
   56 L   -1 -4 -4 -5  1 -4 -4 -3 -4  2  4 -4  2  0 -2 -2 -2  2 -1  2    3   0   0   0   3   0   0   2   0  12  50   0   4   2   2   2   2   3   2  13  0.54 0.23
   57 L   -1 -4 -5 -6  1 -4 -5 -5 -5  1  5 -4  0 -2 -1 -4 -1 -4 -3  0    5   0   0   0   3   0   0   0   0   5  78   0   0   0   3   0   3   0   0   4  1.02 0.37
   58 C   -2 -3 -5 -3 11 -1 -5 -2  3 -3 -3 -5 -4 -5 -2 -2 -4 -5 -5 -4    2   2   0   2  75   4   0   3   7   2   2   0   0   0   2   2   0   0   0   0  2.31 0.60
   59 N    0  3  1 -1 -2  1 -1  0  2 -2 -2  0  0  2 -2  1  1 -1 -1 -2    5  21   8   2   1   6   1   7   5   1   2   3   2  12   2  11   8   1   1   1  0.19 0.16
   60 L    0  2  1  0 -1  1  0  0  2 -3 -2  0 -1 -1  0  0  0  4  1 -3    6  17   7   5   1   6   6   6   5   1   2   4   1   2   5   8   6   6   5   1  0.19 0.13
   61 C   -1 -7 -2 -4 11 -7 -4 -4 -2 -3 -3 -7 -5 -6 -7 -5 -2 -7 -6 -1    5   0   2   1  79   0   1   1   1   2   2   0   0   0   0   0   2   0   0   4  2.92 0.78
   62 N   -6 -5  9  0 -7 -4 -4 -5 -4 -7 -8 -4 -6 -1 -6 -4 -4 -8 -6 -7    0   0  93   3   0   0   0   0   0   0   0   0   0   3   0   0   0   0   0   0  2.74 0.82
   63 A    1  2 -1 -2 -2  0 -2  1  2  0  0  0  0 -2 -2  1  1 -1 -2  0   10  12   1   1   1   5   0  11   6   7   7   4   3   1   1  12  11   1   1   6  0.10 0.12
   64 A    2 -2 -3 -3 -2 -2 -3  4 -3 -1  1 -2  1  1 -4 -1 -1  0 -2  0   22   2   1   1   1   1   1  29   1   3  12   2   4   6   0   2   4   1   1   7  0.35 0.21
   65 E   -3 -3 -5 -4 -4 -3  3 -5 -5  3  5 -4  0 -2 -3 -4 -4 -5 -4 -1    1   1   0   0   0   0  20   0   0  15  53   0   1   1   1   0   0   0   0   3  0.88 0.39
   66 G   -2 -3 -4 -2 -2 -5 -3  7 -2 -7 -7 -5 -6 -6 -5 -2 -5 -6 -6 -6    2   1   0   2   1   0   2  87   1   0   0   0   0   0   0   2   0   0   0   0  2.04 0.63
   67 Q   -1  2  0 -1 -2  1 -1  0  2 -2  0  2  1  0 -3 -1 -2  0  1 -1    5  15   3   3   1   7   2   7   6   2   8  18   5   5   0   3   1   1   5   3  0.17 0.14
   68 M    0  0 -2  0  2 -2 -2  0  2  0  0 -2  1  1  1  0  0 -2  1  0    7   7   0   7   6   0   0   7   6   7   7   0   6   6   7   7   7   0   6   7  0.06 0.12
   69 K   -1  3  1  0 -4  0  2 -1  1 -1 -1  1 -2 -1  0 -1 -1  4 -2 -1    6  17   6   4   0   4  14   5   3   3   5  10   0   3   4   3   3   7   0   3  0.19 0.19
   70 H   -1  0  2  4 -3  0  1  0  3 -3 -2  0 -3 -3  0  0 -1  1  0 -2    3   4  11  23   0   5   6   6  10   1   3   6   0   0   5   5   4   2   3   3  0.30 0.23
   71 K    0  0  1  3 -1  0  0 -2  0 -2  0  0 -1 -1 -1  0  0  4 -1 -2    7   6   7  17   2   4   4   2   2   2  10   6   2   2   3   9   5   6   2   3  0.14 0.14
   72 F    1 -1 -2 -2  2 -1 -2 -1  1  0  0 -1  0  2  1 -1 -1  2  1  0   16   3   1   2   4   2   2   6   3   5  10   3   2  10   8   3   4   3   5   7  0.10 0.12
   73 N    0  0  2  2 -3  0  1  0  0  0 -2  0  0 -1  0  0 -1  2 -1  0    7   5  10  10   0   3   9   8   2   7   3   7   3   2   5   4   3   3   2   8  0.08 0.09
   74 R   -1  7 -1 -2 -4  0 -1 -2  0 -4 -4  0  0 -2 -1 -2 -2 -4 -1 -2    4  51   3   2   0   3   4   4   2   1   2   5   3   2   3   3   3   0   2   4  0.92 0.50
   75 S    0 -1 -1 -3  0 -2 -1  0  1 -1 -1 -1  2  0  0  1 -1  6  3 -1    8   3   4   1   2   2   4   6   3   4   5   3   6   4   5  11   4  12  10   3  0.27 0.19
   76 G   -1  1 -1  0 -3  0 -1  4 -2 -1 -2  1  0 -3 -2 -1 -1  1 -1 -1    3   8   2   6   1   4   4  33   1   3   5   8   3   1   2   3   4   2   3   4  0.33 0.20
   77 L    0  0  0  0  2  0  0 -1  1  0 -1  0  1  0  0  0  0 -2  1  0    5   5   5   5   5   5   5   5   5   5   5   5   5   5   5   5   5   0   5   5  0.03 0.05
   78 K    0  0 -1 -1  1  0  0  1  0  0  0  1  0 -1  1 -1 -1  1 -2  0   10   3   3   3   3   3   6  12   3   4  12  13   2   3   6   3   4   2   0   7  0.05 0.09
   79 G    0  1  1 -1 -4  1  0  2  0 -2 -1  1  0 -3  0 -1  0  1 -1 -3    8   9   8   3   0   5   7  18   2   2   8   7   2   0   4   4   5   2   3   0  0.15 0.17
   80 Q   -1  3  0  2 -4 -1  0 -2  0 -4 -2  3  2 -2 -1 -1  0  3 -1 -2    5  16   4  10   0   2   7   3   2   0   4  17   5   2   3   4   6   5   2   2  0.28 0.26
   81 G    2 -1  0  2 -3 -1 -1  1  0 -2 -1  0 -1 -1  1  0 -2  0 -1 -1   22   3   4  11   0   1   4  12   2   2   7   6   1   2   7   6   1   2   3   4  0.16 0.18
   82 V    1  1 -1 -2  1 -1  0 -2 -1  1  0 -1  0 -1  0  0  0 -3  0  1   16   8   2   2   4   2   6   3   1  12  10   3   2   2   3   6   5   0   3  10  0.06 0.10
   83 D    1 -2  0  5 -5 -1  2 -2 -4 -3 -3 -2 -4 -5  0  0  0  0 -1 -4   10   2   4  33   0   3  15   3   0   1   3   2   0   0   5   7   7   1   2   0  0.59 0.43
   84 Y    0  0  0 -1 -1 -2 -2 -2 -2  1  0 -2  1  1  0  0 -1  0  5  0    6   6   4   4   1   1   2   3   0   8   9   2   3   6   4   8   3   1  21   6  0.21 0.22
   85 L    0 -1 -2 -2 -3 -1 -1 -2 -2  3  1 -2  1 -1  1 -1 -1 -4  0  2   10   3   2   2   0   2   3   3   1  21  15   1   3   2   8   6   3   0   3  13  0.20 0.19
   86 E    0  0 -1  3 -5  1  4 -1 -2 -2 -4  0 -2 -3  0 -1  0 -5 -2 -2    8   5   2  15   0   6  30   5   1   2   1   5   1   1   4   3   6   0   1   4  0.43 0.35
   87 W   -2 -3 -2 -5 -3 -5 -3 -3 -3  0 -2 -3  2  4 -5 -3  0  9  3  0    4   2   2   0   1   0   2   2   1   5   4   1   4  18   0   2   5  28  10   7  1.16 0.62
   88 L   -2 -4 -6 -6 -1 -3 -4 -5  0  0  6 -2  0  1 -6 -5 -3 -1 -1 -1    3   1   0   0   1   1   1   1   2   4  67   3   2   6   0   0   1   1   2   4  1.11 0.64
   89 E    0  5 -1 -1 -5  2  2 -1  0 -1 -3  2  0 -3  0 -2  0 -5 -4 -1    6  29   2   2   0   8  13   4   2   4   2  10   3   1   4   2   5   0   0   4  0.41 0.34
   90 N    1  4  4 -3 -5 -1 -2  1  0 -5 -3  1 -4 -5 -4  1  0 -5 -5 -3   12  26  19   0   0   2   2  10   2   0   3   8   0   0   0   9   6   0   0   1  0.57 0.43
   91 L    4 -5 -5 -6  1 -3 -5 -3 -5 -1  4 -5  4 -2 -5 -2 -1 -1 -1  0   35   0   0   0   3   1   0   1   0   2  34   0   9   1   0   2   3   1   3   5  0.75 0.52
   92 L    3 -2 -3 -5 -4 -3 -3 -1 -2  4  0 -4  0 -1 -3  0 -2  1 -2  2   26   2   1   0   0   1   1   5   1  26   9   0   2   2   1   6   1   2   1  12  0.44 0.36
   93 T    2  0  2  4  1  0  1 -3 -2 -4 -3  0 -2 -5 -3  0  1 -5 -2 -1   17   5   9  23   3   4   8   1   1   0   2   6   1   0   1   5   7   0   1   5  0.34 0.30
   94 Y   -6 -6 -6 -7 -7 -6 -6 -7  1 -6 -6 -6 -1  0 -7 -6 -6  1 10 -6    0   0   0   0   0   0   0   0   3   0   0   0   2   2   0   0   0   1  89   0  3.23 1.25
   95 L   -4 -2 -6 -7 -5 -5 -6 -7  1  1  6 -6  0 -2 -6 -6 -5  6  1 -1    1   2   0   0   0   0   0   0   3   6  67   0   1   1   0   0   0   9   5   3  1.36 0.67
   96 K   -2  2 -1  2 -5  2  4 -3  0 -3 -3  2 -4 -4 -4 -1  0 -5 -4 -4    3  12   2  11   0   7  31   2   2   2   3  15   0   1   0   5   6   0   0   0  0.57 0.39
   97 S    1  2  2  0 -1  1  0 -1  1 -3 -2  2 -1 -2 -1  0  0 -4 -1 -2   12  12  11   5   1   6   6   3   3   0   5  15   1   1   2   7   6   0   2   2  0.19 0.18
   98 D   -4 -2  0  5 -2 -2  1 -5  6 -6 -5  0 -5 -3  4 -2 -2 -6 -1 -6    1   1   4  30   1   1  10   0  17   0   1   5   0   1  23   2   2   0   2   0  1.00 0.53
   99 Y   -1  0 -1 -3  0  0 -1 -1  2 -2 -2 -1 -2  1  5 -1 -1 -1  4 -2    4   6   4   0   2   3   4   4   5   2   3   4   1   6  25   5   3   1  16   3  0.45 0.30
  100 T    2 -1  0 -1 -4  0 -1  2 -1 -3 -4 -2 -3 -4 -1  3  3 -1 -1 -2   15   3   3   4   0   3   4  13   1   1   0   1   0   0   2  21  22   1   2   3  0.37 0.32
  101 Q    0  0  1  1 -2  2  1 -1  1 -2 -2  0 -1 -2  2  0  1 -3  0 -2    6   5   6   9   1   9   9   5   3   2   4   5   2   2  10   5  12   0   3   2  0.14 0.13
  102 N    0  1  1  1 -3  1  0  0  2 -3 -2  0  1  1  1  0  0  4 -1 -2    7   7   7   7   0   7   7   7   6   0   1   7   6   6   7   7   7   6   0   0  0.16 0.16
  103 N   -1 -1  0  0 -3 -2 -2 -3  1  0  0  0  1  0  3 -1 -1  2  2  1    4   3   6   6   0   0   0   0   4   4  10   9   4   4  15   3   4   4   8  13  0.17 0.18
  104 I   -1 -1 -4 -4 -3 -3 -4 -4  1  4  1 -3  3  2 -1 -2 -1 -2  3  1    4   4   0   0   0   0   0   0   4  28  15   0   7   8   4   3   4   0  13   8  0.39 0.29
  105 H   -1 -4 -3 -4 -5 -3 -3  0  9 -5 -5 -4 -4 -3  0 -4  0 -4  5 -5    4   0   0   0   0   0   0   6  55   0   1   0   0   0   5   0   6   0  20   0  1.73 0.64
  106 P   -1 -3 -3  0 -4 -3 -1 -2  3 -4 -4 -1 -4 -1  7 -1 -1 -4 -1 -4    4   0   0   4   0   0   3   3   9   0   1   5   0   3  57   3   4   0   2   0  1.29 0.47
  107 N   -1  2  2 -1 -3  1  0 -1  0 -1 -1  2 -2 -2 -2  0  2 -3  1 -1    3  10  10   3   0   5   6   5   3   4   4  16   0   0   0   5  15   0   5   6  0.15 0.14
  108 F   -2  1 -2 -3 -4  0 -1 -3  8  0 -2 -1 -3  2 -4 -2 -3  2  3 -3    3   7   0   0   0   4   4   2  41   6   3   4   0   9   0   3   0   3  11   0  0.88 0.42
  109 V    0  1 -2 -3 -2 -1 -1 -3  1  1  1  1  1 -2 -1 -1  1 -3 -1  2    6   7   0   0   0   2   2   0   4   9  15  14   5   0   3   3   9   0   1  18  0.13 0.14
  110 G   -1  1  2  1 -4  0  0 -2 -2 -3 -2  1 -3 -4  3  0  3 -5 -4 -2    4  10  11   7   0   4   6   2   0   0   4  10   0   0  14   3  23   0   0   2  0.36 0.25
  111 D   -2 -1  0  6 -5  1  3 -4 -3 -3 -5 -1 -4 -2 -1 -2 -3 -5 -4 -1    3   3   4  47   0   6  22   0   0   2   0   3   0   3   3   1   0   0   0   5  0.84 0.41
  112 K   -1  2 -2  2 -4  1  3 -3 -2 -2  0  1  1  0 -3 -1 -2 -4 -1 -1    6  13   0  14   0   4  24   0   0   0  12  10   4   5   0   4   0   0   1   3  0.28 0.22
  113 S    0  2 -2 -1 -3  1  2 -1 -2 -1 -1  1 -1 -3 -1  1  1 -4 -3  0    6  13   0   1   0   5  19   3   0   3   4  10   1   0   3  14   8   0   0   9  0.20 0.17
  114 K   -2  1  1 -1 -5 -1 -1 -4 -3 -5 -3  7 -4 -5 -3 -1  1 -5 -4 -4    2   5   7   3   0   0   2   0   0   0   2  70   0   0   0   2   7   0   0   0  1.11 0.51
  115 E   -1  5 -1  0 -4 -1  0 -3  0 -1 -3  3 -3 -1 -3 -1 -2  4 -2 -1    4  35   1   4   0   0   4   0   2   5   2  24   0   3   0   5   0   7   0   5  0.54 0.29
  116 F    0 -2 -3 -4 -3 -1 -2 -4 -3  0  2 -2  0  5 -4 -1 -2 -2  1  1    8   2   0   0   0   3   1   0   0   4  25   2   1  33   0   5   1   0   3  11  0.41 0.23
  117 S    1  1  0 -1  0  0  0  0 -2 -3 -2  3 -2  0  0  2  1 -3 -2 -2   14   6   5   2   2   2   3   5   0   0   3  25   0   6   3  17   8   0   0   0  0.22 0.18
  118 R   -1  7  0 -3 -5  0 -2 -4 -2 -5 -4  3 -3 -5 -4  0 -3 -5 -4 -4    5  63   3   0   0   2   0   0   0   0   0  17   0   0   0   7   0   0   0   0  1.21 0.47
  119 L   -1  0  4 -2  1 -1 -2 -3 -2 -2  3  0  2 -2 -3 -1 -1  4 -2 -2    5   6  26   0   3   2   0   0   0   0  33   6   6   0   0   4   2   6   0   0  0.36 0.25
  120 G    0  3  3  1 -3 -1 -1 -1 -2 -2 -3  0 -2 -3 -1  0  2 -3  1 -2    9  19  17   8   0   0   1   3   0   1   2   4   0   0   2   6  20   0   6   0  0.29 0.20
  121 K    0  2  0 -2 -4 -1 -1  0 -2 -2  0  5 -2 -3 -3 -1 -1 -4 -1 -1    7   7   5   0   0   0   0   6   0   2  13  49   0   0   0   2   3   0   3   3  0.45 0.28
  122 E    1  0  2  1 -3  2  1 -1 -2 -2 -3  2 -2 -4  2  1  0 -4 -3 -3   16   4  11   9   0  10  10   2   0   3   0  13   0   0   9  10   3   0   0   0  0.28 0.16
  123 E    0  2  2  2 -4  1  3 -2 -1 -4 -4  2 -3 -4 -2 -1  0 -4 -3 -3   11  15  12  11   0   7  26   2   0   0   0  10   0   0   0   0   5   0   0   0  0.43 0.21
  124 M   -1 -1 -2 -3 -3  4 -1 -3  0  1  1  0  5 -2 -3  1 -1 -3 -2  0    5   2   0   0   0  24   0   0   2  11  14   4  21   0   0  10   3   0   0   2  0.36 0.25
  125 M    0  1 -1 -1 -3  1  0 -1 -2  1  1  2  0 -2 -3 -1 -1 -3 -2  0   11  11   3   2   0   6   4   4   0  13  20  15   2   0   0   2   0   0   0   6  0.11 0.12
  126 A    2  1  2  0 -3  0  1 -2 -2 -2 -1  1 -2 -3 -2  0 -1 -3  0  0   30   8  12   5   0   4   7   0   0   0   7  10   0   0   0   4   1   0   4   7  0.18 0.16
  127 E    1  2 -2 -2 -3 -1  1 -2  0  0 -1  3  1 -1 -2 -1 -1 -3 -2  0   17  13   0   0   0   0  12   2   3   9   5  23   6   3   0   0   2   0   0   4  0.18 0.16
  128 M    0 -1 -4 -4 -3 -3 -3 -4 -3  1  4 -2  4  1 -4 -3 -2 -2  2  0   11   2   0   0   0   0   0   0   0   4  49   3  14   5   0   0   0   0   7   3  0.50 0.25
  129 L    0  2  0  0 -3  0  1 -2 -1 -1  0  2 -1 -2 -2  0  0 -3  0 -1    8  12   6   6   0   0  11   0   0   2  15  19   0   0   0   7   6   0   3   3  0.14 0.11
  130 Q    0  2  1  1 -4  1  2 -1 -2 -4 -4  4 -3 -4 -2  1 -1 -4 -3 -3    7   9   7   6   0   6  13   3   0   0   0  36   0   0   0  11   0   0   0   0  0.44 0.22
  131 R   -2  1 -2  0  0  0  2 -3 -2  0  2  1  0  0 -3 -2 -2 -3  0 -1    0   7   0   5   2   3  22   0   0   4  31  11   2   5   0   0   0   0   4   2  0.21 0.16
  132 G   -2 -1  0  3 -4 -2 -2  5  0 -5 -5 -1 -4 -4 -1 -1 -2 -4 -1 -4    0   4   4  18   0   0   0  57   3   0   0   4   0   0   3   4   0   0   2   0  0.80 0.27
  133 F   -1 -3 -3 -4 -2 -1 -3 -4 -2  3  0 -1  0  3 -1 -1 -2 -2  3  2    5   0   0   0   0   3   0   0   0  26   6   5   0  14   3   5   0   0  13  20  0.29 0.17
  134 E    0 -1 -1  2 -3  1  3  0 -2  0 -2  1 -2 -3 -2 -1  1 -4 -3  1    7   0   0  11   0   6  22   5   0   4   0  13   0   0   0   0  14   0   0  16  0.22 0.14
  135 Y    0 -2 -2 -1 -2 -2 -2 -2 -2  2  1 -1  0  2  3 -1 -1 -2  3  1    7   0   0   4   0   0   0   3   0  21  13   3   0   8  14   5   0   0  13   6  0.20 0.11
  136 N    0 -2  0  2  1 -1  1  2 -2 -3 -1  0 -2 -3  3  1 -1 -3  0 -3    6   0   3  17   5   0  10  15   0   0   7   4   0   0  17  12   0   0   4   0  0.29 0.12
  137 E    0  0  0  3 -3  0  2 -2 -2 -3 -4  1 -3 -4  3  1  2 -4 -3 -3    6   4   3  19   0   0  20   0   0   0   0   9   0   0  13  12  15   0   0   0  0.42 0.17
  138 S    0  0  2 -2 -3  1 -1  1 -2 -3 -2  4 -2 -4 -2  1  1 -4 -3 -3    6   0  12   0   0   6   0  11   0   0   3  41   0   0   0   9  11   0   0   0  0.39 0.20
  139 D    1  0 -1  1  2  0  0  2 -2 -1 -1  1 -1 -2 -2  0  2 -2  0 -1   11   6   0   8   5   2   5  17   0   3   6  10   0   0   0   0  18   0   6   0  0.12 0.09
  140 T   -1  0 -1  1 -3  2 -1  0 -2 -2 -1  1 -2 -3 -2  1  4 -4 -3 -2    2   4   0  10   0  10   0   6   0   0   7   7   0   0   0   9  43   0   0   0  0.36 0.20
  141 K   -2  2  0 -2 -4  0 -1 -3 -2 -1 -3  6 -2 -4 -2 -2 -2 -4 -3 -1    1   6   4   0   0   0   1   1   0   4   1  76   0   0   0   1   1   0   0   4  0.96 0.32
  142 T    0  0 -1  1 -3  1  2  0  1 -2 -2  2 -2 -3  0  0  1 -3 -2 -1    5   3   0   8   0   7  14   6   5   1   1  23   0   0   5   6   8   0   0   7  0.19 0.08
  143 Q    0 -1  0  3 -4  2  4 -3 -2 -3 -4  2 -3 -4 -2 -1 -2 -4 -3 -1    8   0   3  22   0  10  35   0   0   0   0  16   0   0   0   0   0   0   0   5  0.58 0.21
  144 L   -1  2 -3 -1 -3 -2 -3 -4 -3  0  4 -2  3 -1  0 -1 -1 -3 -2 -1    4  17   0   3   0   0   0   0   0   3  51   0   9   0   5   4   4   0   0   0  0.35 0.19
  145 I    0 -1 -3 -3 -2 -1  0 -3 -3  3  0 -2  1 -2 -3 -1  1 -3 -2  3    9   4   0   0   0   2   7   0   0  31   5   0   5   0   0   3  12   0   0  21  0.24 0.14
  146 A    0  0 -2 -2 -4  3  0 -3  1 -4 -4  5 -2 -4  1 -1  1 -4 -3 -3    9   0   0   0   0  14   4   0   3   0   0  52   0   0   8   0  10   0   0   0  0.62 0.25
  147 S   -2 -2 -2 -1 -2  1 -2 -3  0  2  3  0  2 -1 -3  0  0 -3 -2  0    0   0   0   5   0   8   0   0   3  16  37   8   7   0   0   8   4   0   0   3  0.21 0.14
  148 F   -1 -4 -4 -5 -4 -4 -4 -5 -1 -1 -2 -4 -2  5 -5 -4 -3  0  8 -3    5   0   0   0   0   0   0   0   0   3   0   0   0  28   0   0   0   0  64   0  1.56 0.40
  149 K   -1  4 -1 -2 -3  0 -1 -3 -2 -1 -1  4 -2 -3 -3  1  0 -3  0  0    0  24   0   0   0   3   0   0   0   3   5  34   0   0   0  13   4   0   4  10  0.37 0.18
  150 K    0  2  1  0 -3  3  0 -2 -2 -2 -3  4 -2 -4 -2 -1  1 -4 -3 -3   10   7   8   4   0  14   2   0   0   3   0  42   0   0   0   0  11   0   0   0  0.44 0.19
  151 Q    0 -1 -1 -1 -3  3  2 -1  4 -3 -2  2 -2 -3 -2  0  0 -3  0 -3    7   0   0   0   0  22  17   3  17   0   5  13   0   0   0   8   4   0   4   0  0.36 0.16
  152 L   -3 -4 -4 -5 -3 -4 -4 -5 -3  3  3 -4  0  4 -4 -4 -2  3  2  0    0   0   0   0   0   0   0   0   0  25  39   0   0  25   0   0   0   4   7   0  0.64 0.20
  153 R   -2  4 -2 -2 -3  0 -1 -3 -2  0 -2  4  1 -3 -3 -1  0 -4 -3  1    0  32   0   0   0   0   0   0   0   5   0  38   5   0   0   0   7   0   0  14  0.48 0.17
  154 K   -2  2  1 -1 -4  3  0  0 -1 -3 -1  4 -2 -3 -2 -1 -1 -3 -2 -3    0  11   8   0   0  16   0   6   0   0   7  52   0   0   0   0   0   0   0   0  0.46 0.12
  155 S    1  1 -1 -2 -2 -1 -1  0 -1 -1 -1  1 -1  2 -2  2  1 -2  1 -1   12   8   0   0   0   0   0   7   0   7   0  13   0  16   0  21  11   0   7   0  0.12 0.05
  156 L   -2 -2 -3 -4 -2  0 -3 -4 -3  1  4 -2  1 -1 -3 -2  1 -3 -2  0    0   0   0   0   0   7   0   0   0   6  73   0   0   0   0   0  14   0   0   0  0.47 0.11
  157 K   -1  3 -1 -1 -4  2  2 -2 -1 -3 -3  5 -2 -4 -2 -1 -1 -4 -2 -3    0  10   0   0   0   8  17   0   0   0   0  65   0   0   0   0   0   0   0   0  0.63 0.09

                      K         Lambda
Standard Ungapped    0.1337     0.3157
Standard Gapped      0.0410     0.2670
PSI Ungapped         0.1418     0.3174
PSI Gapped           0.0434     0.2670
