
Last position-specific scoring matrix computed, weighted observed percentages rounded down, information per position, and relative weight of gapless real matches to pseudocounts
           A  R  N  D  C  Q  E  G  H  I  L  K  M  F  P  S  T  W  Y  V   A   R   N   D   C   Q   E   G   H   I   L   K   M   F   P   S   T   W   Y   V
    1 M   -3 -4 -5 -6 -4 -3 -4 -5 -4  0  1 -4 10 -2 -5 -4 -3 -4 -3 -1    0   0   0   0   0   0   0   0   0   3   3   0  93   0   0   0   0   0   0   0  2.14 0.54
    2 F   -3 -5 -5 -5 -3 -4 -5 -5 -4  5  1 -4 -1  2 -5 -4 -2 -3  3  4    0   0   0   0   0   0   0   0   0  40   7   0   0  11   0   0   2   0   9  31  0.84 0.33
    3 K   -2 -1  0 -2 -4 -1  4 -4  0  0 -3  1 -3 -4 -3 -1  4 -5 -4 -1    0   3   3   0   0   0  36   0   2   5   1  11   0   0   0   0  35   0   0   4  0.66 0.35
    4 V   -4 -6 -6 -6 -4 -5 -6 -6 -6  7 -1 -5 -1 -3 -5 -5 -3 -5 -4  3    0   0   0   0   0   0   0   0   0  78   0   0   0   0   0   0   0   0   0  22  1.68 0.54
    5 Y   -5 -5 -5 -6 -5 -5 -3 -6 -2 -2 -4 -5 -4  4 -6 -5 -5 -1  9 -2    0   0   0   0   0   0   1   0   0   2   0   0   0  18   0   0   0   0  77   2  2.30 0.66
    6 G   -1 -2 -1 -2 -3 -2 -2  6 -2 -1 -3 -2 -2 -3 -2  0  1 -3 -3 -2    2   1   1   1   0   1   2  60   1   4   2   1   1   1   1   6  11   0   1   3  0.80 0.25
    7 Y   -1  1 -1 -2 -2 -1 -1 -1  0  1 -1  0  0  2 -1 -1 -1  3  3  0    5  10   3   2   1   2   2   4   2  11   3   8   3  12   2   3   4   6  13   5  0.12 0.07
    8 D    0 -1  0  3 -2  0  1 -1 -1 -1 -1  0 -1 -2  3  0  0 -2 -2 -1    5   2   3  23   1   3  11   3   1   4   6   4   1   2  14   8   5   1   1   3  0.25 0.08
    9 S    0  0  0  0 -1  0  2  2 -1 -1 -1  0 -1 -1  2  1  0 -1 -1 -1    4   4   2   3   1   2  16  16   1   3   5   3   1   2  12  12   6   1   2   3  0.16 0.05
   10 N   -1 -1  1  0 -1 -1  1 -1 -1 -2 -1 -1 -1 -2 -1  2  3  0 -2 -1    3   2   6   4   1   2  10   5   1   2   5   2   1   1   2  19  30   1   1   2  0.24 0.12
   11 I   -1  1  0  1 -2  0  0 -1  0  1 -1  2 -1 -2 -1  0  1 -2 -1  0    3   8   3   7   1   1   5   3   2  11   3  23   1   1   2   6  12   0   2   6  0.11 0.08
   12 H   -1  0  2 -1 -2  0 -1 -1  3 -2 -1  0 -1  2  0  0  0 -1  2 -1    4   4  15   1   1   4   2   4  11   1   5   5   1  13   4   9   4   0   7   4  0.14 0.09
   13 K   -1  2  4 -1 -3  1 -1 -1  1 -2 -2  1 -2 -1 -3  0  3 -3 -2 -3    2  15  25   2   0   5   2   4   3   2   2   8   0   3   1   4  19   0   0   1  0.37 0.22
   14 C   -5 -8 -8 -9 12 -8 -9 -7 -8 -6 -6 -8 -6 -7 -8 -6 -6 -7 -7 -6    0   0   0   0 100   0   0   0   0   0   0   0   0   0   0   0   0   0   0   0  4.44 1.27
   15 V   -1 -2  0 -4 -5 -3 -4  3  0 -3 -4  0 -4 -4  6  0 -2 -5 -1 -1    3   1   5   0   0   1   0  22   2   2   1   6   0   1  40   7   2   0   2   5  0.90 0.43
   16 Y   -3 -6 -3 -6 -6 -5 -6 -2  0 -5 -5 -6 -5  5  0 -3 -5  4  8 -5    2   0   1   0   0   0   0   4   2   0   0   0   0  19   5   2   0   4  60   0  1.93 0.75
   17 C   -5 -8 -7 -8 12 -8 -8 -7 -8 -6 -6 -8 -6 -7 -8 -3 -6 -7 -7 -6    0   0   0   0  98   0   0   0   0   0   0   0   0   0   0   2   0   0   0   0  4.30 1.24
   18 D   -1  0  0  2 -3 -1  0 -3  1  2  0  0  0 -2 -3 -1  1 -3 -3  2    5   5   4  15   0   2   5   0   5  13   6   6   2   0   0   4   8   0   0  19  0.17 0.17
   19 N    1  4  1 -3 -4  1  0 -2 -3 -4 -2  3  2 -4 -4  0 -1 -2 -4 -3   16  25   7   0   0   5   5   2   0   0   4  21   6   0   0   4   3   0   0   1  0.46 0.31
   20 A    7 -5 -5 -6 -4 -5 -5 -4 -6 -5 -5 -5 -5 -6 -5 -2 -2 -7 -6 -2   95   0   0   0   0   0   0   0   0   0   0   0   0   0   0   2   2   0   0   2  2.09 0.85
   21 K   -4  0 -4 -3 -7  0 -2 -5 -4 -3 -5  7  0 -6 -5 -4 -4 -7 -4 -2    0   4   0   1   0   3   2   0   0   2   1  82   2   0   0   0   0   0   1   3  1.86 0.77
   22 R    2  4  0  1 -4  2  1 -2 -2 -4 -3  2  0 -5 -3  0 -1 -5 -4 -3   17  26   4   8   0  10   9   2   0   1   1  10   2   0   0   7   2   0   0   1  0.45 0.29
   23 L   -2 -4 -7 -7 -5 -5 -6 -7 -6 -1  6 -6  1  0 -6 -4 -3 -5 -3 -1    3   1   0   0   0   0   0   0   0   1  84   0   3   3   0   1   1   0   1   3  1.52 0.63
   24 L   -2 -6 -7 -7  4 -5 -6 -7 -6 -1  6 -6  2  2 -6 -5 -4 -5 -4 -2    3   0   0   0   8   0   0   0   0   1  77   0   4   7   0   0   0   0   0   1  1.48 0.62
   25 T    0  1  2  4 -5  1  3 -3 -1 -4 -4  1 -4 -5 -3  0  2 -2 -4 -3    7   6  10  22   0   7  17   0   1   0   0  10   0   0   0   4  13   1   0   1  0.51 0.31
   26 V    1  2  0  0 -4  1  3 -1 -3 -3 -3  1  0 -4 -3  3  0 -2 -4 -2   10  10   3   4   0   6  19   4   0   1   1   8   3   0   0  23   6   1   0   2  0.33 0.26
   27 K    0  4 -1 -2 -2 -1 -2 -4  1 -3 -1  6 -1 -5 -4 -3 -3 -2 -3 -3    6  19   3   1   1   1   1   0   4   2   6  49   2   0   0   1   0   1   1   2  0.87 0.46
   28 K   -2 -2  2 -1 -5 -1 -1  6 -2 -6 -5  2 -5 -6 -5 -1 -4 -6 -5 -6    2   2  10   3   0   3   5  58   1   0   1  11   0   0   0   4   0   0   0   0  1.11 0.50
   29 Q   -1 -3 -5 -5 -4 -3 -4 -6 -1  5  2 -3  0 -1 -5 -4 -3  1  1  4    4   1   0   0   0   1   1   0   2  33  18   2   1   1   0   0   0   2   4  30  0.76 0.38
   30 P    0 -1 -1  2 -5  0  4 -4 -1 -2 -5 -1 -3 -5  4  1  0 -5 -4 -3    8   2   3  11   0   4  27   0   1   2   0   3   1   0  23  10   4   0   0   1  0.63 0.35
   31 F   -6 -6 -6 -7 -6 -6 -6 -7 -3 -4 -4 -6 -4  7 -5 -6 -6  1  8 -2    0   0   0   0   0   0   0   0   0   0   0   0   0  41   1   0   0   1  54   2  2.40 0.84
   32 E   -2  0 -1  1 -4  2  4 -4 -1 -2 -3  1 -2 -5 -4 -1  2 -5 -4  1    2   5   2   7   0   8  34   0   1   2   1   9   1   0   0   2  16   0   0  11  0.52 0.34
   33 F   -2 -3 -3  0 -5 -1  5 -5 -3 -3 -3 -2 -4  3 -4 -2 -1 -1  4 -1    2   1   1   4   0   1  45   0   0   1   2   2   0  14   0   2   4   1  16   5  0.87 0.46
   34 I   -4 -3 -5 -5 -4 -4 -4 -5  3  6  0  0 -1 -1 -5 -4 -3 -4  3  3    0   1   0   0   0   0   0   0   7  44   5   7   1   2   0   1   1   0  12  17  0.91 0.47
   35 N   -3  0  4  5 -5 -1  1 -3 -1 -4 -5 -1 -4 -4  2  0 -2 -6 -5 -3    1   5  23  35   0   2   6   1   1   1   0   4   0   1   9   7   2   0   0   2  0.81 0.43
   36 I   -2 -5 -5 -5 -2 -5 -5 -5 -5  5  2 -5  1 -2 -5 -4 -3 -5 -2  5    2   0   0   0   1   0   0   0   0  29  22   0   3   1   0   0   0   0   1  38  1.01 0.47
   37 M    1 -1  1  2 -2  1  0  0  0 -1 -1 -1  0 -2 -1  1  1 -1 -1  0   10   1   6  13   0   6   6   8   3   4   7   2   4   1   2  11   7   1   1   6  0.09 0.08
   38 P    0  0  1  2 -2  0  1  0  0 -2 -2  2 -2 -2  1  1  0 -2  0 -1    6   5   6  15   0   3   8   7   2   1   2  13   1   1   7   8   7   0   4   4  0.16 0.11
   39 E   -1  0  1  2 -2  0  3 -1 -1 -1 -2  1 -2 -2  1  1 -1 -2 -1 -1    3   4   5  11   1   4  20   5   1   4   4   7   1   1   8  10   3   0   3   4  0.17 0.10
   40 K    0  1  1  0 -2  0  0  0  1 -1 -1  1 -1 -1  2  0  0 -2 -1 -1    8   8   9   4   1   3   4   8   3   3   5  11   1   3   9   8   5   1   1   3  0.10 0.05
   41 G    0  0  1  1 -1  0  1  1 -1 -1 -1  0 -1 -1  0  0  0 -1 -1  0    9   4   6   7   1   4   9  11   1   4   4   7   2   3   5   8   5   1   1   7  0.06 0.02
   42 V    0 -1  0  0 -1 -1  0 -1  0  0  0  0  1 -1 -1  0  2 -2 -1  1    9   3   3   5   1   2   6   4   3   7   9   6   5   2   2   6  17   1   1  10  0.05 0.05
   43 F   -1  0 -1  0 -2  0  0  0  0 -1  0  0  1  2 -1  0 -1  2  1 -1    4   4   2   4   1   5   9   7   2   4  11   7   4  12   3   6   3   4   7   3  0.05 0.05
   44 D   -2 -1  2  5 -3  0  1 -1  1 -1 -2  0 -2 -2 -1  0 -1 -3 -2 -1    3   3  11  32   0   3  10   3   4   3   3   5   1   2   2   6   4   0   1   4  0.39 0.21
   45 D   -1  1  0  2 -3  0  1 -2  0 -2 -2  0 -1 -1  4  0  0 -3 -1 -1    3   7   3  16   0   4  12   3   2   2   4   6   1   2  19   5   4   0   2   4  0.28 0.16
   46 E    1  0  0  1 -3  0  3 -1 -2 -1 -1  1  0 -3  0  0 -1 -1 -2 -1   13   5   3   8   0   4  27   3   0   3   5   7   3   1   4   6   2   1   1   3  0.22 0.16
   47 K    0  0 -1 -2 -2  0  0 -2 -2  1  1  1  1  0 -2 -1 -1  2  1  1    8   6   2   1   0   4   7   2   0   9  12  12   6   5   1   3   3   4   5   9  0.07 0.09
   48 I   -1  4  1 -1 -2 -1 -2 -3 -2  2  1  0  2 -1 -3 -2 -2 -1 -2  1    3  24   7   4   1   2   1   2   0  17  12   5   5   3   1   2   2   1   1   9  0.26 0.20
   49 A    1  0  0  1 -3  2  1 -1 -1 -1 -1  2 -1 -2  0  0 -1 -3 -1 -2   17   4   3   9   0   9  10   4   1   4   7  15   1   1   3   4   3   0   1   2  0.14 0.13
   50 E    0 -1 -2  2 -4  0  5 -3 -1 -3 -3  0 -3 -4 -3  0  0  0 -2 -3    9   3   1   9   0   3  45   1   1   1   3   5   0   0   0   6   7   2   2   1  0.64 0.38
   51 L   -1 -2 -3 -2 -3 -3 -4 -4 -4  1  4 -2  7 -1 -4 -3 -1 -4 -2  0    5   2   1   3   0   0   1   1   0   5  37   2  28   2   0   1   3   0   1   5  0.76 0.40
   52 L    0  0 -1 -2 -3  0  0 -2 -2  2  2 -1  4 -1 -3 -1 -1 -3 -2  2   10   4   2   1   0   4   5   2   1  12  18   4  13   2   0   3   2   0   1  14  0.19 0.17
   53 T    0  0  1  0 -3  2  2  0  1 -2 -2  2 -2 -2 -1  0  0 -3 -2 -1   10   4   6   5   0  13  14   6   4   2   3  17   1   2   2   5   5   0   1   4  0.20 0.16
   54 K   -1  5 -1 -2 -4  0  1 -2 -1 -1 -1  3  0 -4 -3 -2 -2 -4 -3 -2    5  38   2   1   0   3  11   2   1   4   7  15   3   0   1   1   2   0   0   3  0.57 0.33
   55 L    2 -1 -2 -2  0 -1 -2 -2 -2  1  1 -2  1 -1 -2  1  2 -2 -1  0   21   3   1   1   2   2   1   2   0   7  16   1   3   2   1  13  14   0   2   6  0.17 0.16
   56 G    0  0  1  0 -3 -1 -1  5 -2 -2 -2  0 -3 -3 -2  0 -2 -3 -3 -2    5   6   6   4   0   2   3  47   1   3   4   5   1   1   2   5   1   0   1   2  0.56 0.26
   57 R   -1  3 -1 -1 -2  1  0  1 -1 -2 -2  2  0  0 -2  0 -1 -1  0 -2    4  21   1   2   1   8   4  13   1   2   4  17   3   4   1   5   2   1   3   2  0.24 0.17
   58 D   -1  3 -1  0 -3  1  1 -2 -1 -2 -2  2 -1 -2  1  0  1 -3 -2 -2    4  22   3   5   0   5   9   2   2   3   4  13   2   2   8   5  11   0   1   2  0.26 0.17
   59 T    0  1  1  0 -2 -1  0  0  1 -1 -1  0 -1 -1  0  1  1 -2 -1  0    4  10   8   4   1   2   3   7   4   2   7   7   1   2   3  13  10   0   2  10  0.07 0.06
   60 Q    0  1  0  0 -1  1  0  0  0 -1 -1  1 -1  0  1  0  0 -1 -1 -1    6   9   6   4   1   7   4   8   2   4   6   8   1   4   8   6   8   1   2   5  0.06 0.02
   61 I    0  0  0  0 -1  0  0  1  0  0  0  0  0 -1  0  0  0 -1 -1  0    6   7   6   6   1   3   3  14   3   5  10   5   2   2   5   5   3   1   2  12  0.02 0.01
   62 G    1  0  0  0 -1  0  0  1 -1  0  0  0  0  0  0  0  0 -1  0  0   15   3   4   4   1   5   3  10   1   5   6   5   3   4   5   7   5   1   3   9  0.03 0.02
   63 L    0  2  0 -1 -1  1  0 -1  0  0  0  1  1  0  0  0  0 -1 -1  0    6  13   3   3   1   7   3   4   2   6  12   8   4   4   4   7   8   1   2   4  0.04 0.03
   64 T   -4 -5 -4 -5 -5 -2 -4 -3 -5 -3 -3 -4 -4 -5 -5  2  7 -6 -5 -4    0   0   0   0   0   1   0   2   0   1   2   0   0   0   0  11  79   0   0   0  1.84 0.84
   65 M   -3 -6 -6 -7 -4 -5 -6 -7 -6  1  0 -6  4  1 -6 -5 -1 -5  1  6    1   0   0   0   0   0   0   0   0   6   7   0   9   6   0   0   3   0   5  63  1.29 0.62
   66 P   -6 -7 -7 -6 -8 -6 -6 -7 -7 -8 -8 -6 -8 -9  9 -6 -6 -9 -8 -7    0   0   0   0   0   0   0   0   0   0   0   0   0   0 100   0   0   0   0   0  3.55 1.26
   67 Q   -5 -2 -1 -5 -7  9 -2 -6 -4 -4 -6 -3 -2 -3 -6 -5 -5 -6 -1 -2    0   1   3   0   0  86   1   0   0   1   0   0   1   1   0   0   0   0   2   3  2.49 1.08
   68 V   -5 -7 -7 -7 -5 -7 -7 -7 -7  8 -2 -6 -3 -4 -7 -6 -4 -6 -5  3    0   0   0   0   0   0   0   0   0  81   2   0   0   0   0   0   0   0   0  16  2.19 0.85
   69 F   -5 -6 -6 -6 -6 -6 -6 -6 -5 -1 -2 -6  0  8 -6 -6 -3  3  3 -2    0   0   0   0   0   0   0   0   0   3   3   0   2  75   0   0   1   4   7   2  2.19 0.81
   70 A   -1 -4 -3 -1 -4 -2 -4 -4 -2  5  0 -1 -1  3 -5 -4 -3  3  0  2    6   0   1   4   0   2   1   1   1  42   8   4   1  11   0   0   0   4   2  12  0.65 0.38
   71 P    0 -1  2  2  0 -1  0  3 -1  0 -2  0 -1 -2  1  0 -1 -2 -2 -1    6   3  12  14   2   2   4  21   1   6   4   5   2   1   6   5   2   0   1   3  0.18 0.10
   72 D   -4 -2  3  7 -5 -1  1 -4 -4 -5 -5 -1 -5 -5 -4 -2 -1 -6 -5 -5    1   1  15  62   0   2   8   1   0   0   1   3   0   0   0   1   3   0   0   0  1.49 0.62
   73 G   -1 -2  1 -2 -2 -1  0  5 -2 -3 -2  0 -2 -2 -2  0 -1 -2 -2 -2    5   2   6   2   1   3   5  50   1   2   4   5   1   1   2   5   3   0   1   2  0.62 0.21
   74 S   -2  2  0  0 -4  2  3 -3  1 -2 -2  3 -1 -3 -3 -1  1 -5 -3  0    1   9   3   4   0   9  18   1   4   1   2  24   2   0   1   3   9   0   0   9  0.37 0.26
   75 H   -3 -2 -1 -5  0 -3 -4 -4  8 -4  0 -4 -4  2 -4 -1 -4  0  5 -3    2   2   2   0   2   0   0   1  45   1  10   0   0   8   1   6   1   1  17   1  1.33 0.56
   76 I   -5 -7 -7 -7 -5 -6 -4 -7 -7  7 -1 -6 -2 -4 -6 -6 -4 -6 -5  3    0   0   0   0   0   0   1   0   0  76   4   0   0   0   0   0   0   0   0  19  1.95 0.72
   77 G   -4 -7 -5 -6 -7 -6 -6  8 -6 -8 -8 -6 -7 -7 -6 -4 -6 -7 -7 -7    0   0   0   0   0   0   0 100   0   0   0   0   0   0   0   0   0   0   0   0  2.75 0.91
   78 G   -4 -6 -4 -2 -7 -6 -6  7 -6 -8 -8 -6 -7 -7 -6 -3 -6 -7 -7 -7    0   0   0   2   0   0   0  96   0   0   0   0   0   0   0   1   0   0   0   0  2.55 0.86
   79 F   -3 -3 -5 -3  6 -5 -6 -6 -1 -4 -3 -6 -4  6 -6 -1 -5  1  7 -4    2   1   0   2  15   0   0   0   1   0   2   0   0  33   0   6   0   1  36   0  1.62 0.64
   80 D   -4 -3  1  7 -6 -1  1 -5 -2 -6 -4 -4 -1 -6 -5 -1  3 -7 -6 -5    1   1   6  56   0   2   6   0   1   0   1   0   2   0   0   3  22   0   0   0  1.34 0.59
   81 Q   -3 -4  1  6 -6  2  5 -2 -4 -6 -6 -1 -5 -7 -5 -2 -3 -7 -6 -6    2   0   5  43   0   9  34   3   0   0   0   2   0   0   0   2   1   0   0   0  1.28 0.56
   82 L   -5 -6 -7 -7 -5 -6 -6 -7 -6  0  6 -6  0  2 -6 -6 -3 -5 -4 -1    0   0   0   0   0   0   0   0   0   4  85   0   1   7   0   0   2   0   0   2  1.67 0.65
   83 R    2  3 -2 -3 -4  0  1 -3  1 -2 -2  3 -2 -2 -3 -1 -1 -4 -1  1   17  22   1   0   0   3   8   0   3   1   2  19   0   2   0   3   2   0   2  14  0.32 0.24
   84 E    3  0 -1  1 -4  1  4 -3 -1 -2 -4  1 -1 -4 -3  1  1 -5 -4 -3   25   5   1   6   0   5  28   0   1   2   0  10   1   0   0   8   7   0   0   0  0.44 0.28
   85 Y   -4 -1 -4 -5 -5 -3 -4 -5  6 -2  1 -4 -3  1 -5 -4 -4  7  7 -3    0   3   0   0   0   0   0   0  21   2  15   0   0   5   0   0   0  14  41   0  1.37 0.46
   86 F   -1 -4 -4 -2 -3 -3 -4 -4  2  2  3 -4  0  4 -4 -2 -2 -2  2  2    4   0   0   2   0   0   0   0   5  14  29   0   0  25   0   2   0   0   6  14  0.50 0.23
   87 K   -2  4 -1 -2 -5  3  2 -3 -2 -4 -4  5 -3 -4 -3 -2 -2 -4 -3 -4    0  27   0   0   0  16  11   0   0   0   0  46   0   0   0   0   0   0   0   0  0.87 0.26

                      K         Lambda
Standard Ungapped    0.1437     0.3240
Standard Gapped      0.0410     0.2670
PSI Ungapped         0.1631     0.3183
PSI Gapped           0.0499     0.2670
