
Last position-specific scoring matrix computed, weighted observed percentages rounded down, information per position, and relative weight of gapless real matches to pseudocounts
           A  R  N  D  C  Q  E  G  H  I  L  K  M  F  P  S  T  W  Y  V   A   R   N   D   C   Q   E   G   H   I   L   K   M   F   P   S   T   W   Y   V
    1 M   -6 -6 -7 -8 -6 -5 -7 -8 -6 -1 -2 -6 11 -5 -7 -6 -5 -6 -6  0    0   0   0   0   0   0   0   0   0   3   1   0  91   0   0   0   0   0   0   5  3.35 1.16
    2 K   -1  1  0 -4 -2  2 -2 -3 -4  0 -4  4 -4 -5  2  0  2 -6 -4 -2    4   8   4   0   1   8   1   1   0   7   1  32   0   0   9   7  16   0   0   2  0.55 0.39
    3 K   -1  2  1  1 -5  2  2 -4 -2 -2 -4  4 -2 -5 -3  0  1 -6 -5 -3    4  13   6   7   0  10  15   0   0   2   1  25   1   0   1   5  10   0   0   1  0.53 0.36
    4 V   -2 -6 -6 -6 -5 -4 -6 -5 -6  5  2 -1  5  0 -4 -4 -1 -6 -5  3    3   0   0   0   0   1   0   1   0  36  14   4  13   3   1   1   3   0   0  20  0.99 0.51
    5 R   -2  2  4  2 -4  2  1 -3 -2 -3 -4  3 -4 -4 -4  0  0 -6 -3 -2    2  13  19  11   0   7   9   1   0   1   1  18   0   1   0   7   6   0   1   3  0.51 0.36
    6 L   -4 -5 -7 -5 -3 -6 -6 -7 -3  4  4 -6  3  2 -5 -6 -3 -5 -2  1    1   1   0   1   0   0   0   0   1  25  44   0   7   7   1   0   2   0   1  10  1.11 0.55
    7 S    0 -1  3 -1 -5  0  0 -2 -2 -4 -3  2 -3 -4  3  3  1 -5 -3 -4    8   2  13   3   0   3   4   2   1   1   2  11   1   1  16  20  10   0   1   1  0.44 0.35
    8 E   -2  1  0  3 -4  0  2 -3  0 -1 -1  3  0 -1 -1  0 -1 -4  0 -2    3   7   4  15   0   3  14   1   2   4   6  20   2   2   3   6   2   0   4   2  0.28 0.23
    9 K   -2  0  0 -1 -3 -1  0 -3 -1  1  1  4  0 -2  0 -2 -1 -4 -1  1    2   4   5   3   0   2   6   1   1   9  16  26   2   2   4   2   3   0   2   9  0.24 0.23
   10 F   -3 -6 -4 -5 -3 -3 -5 -6 -5  4  2 -5  1  5 -3 -5 -2 -4  3  2    2   0   1   0   1   2   1   0   0  25  17   1   3  21   2   0   3   0  10  12  0.87 0.46
   11 T    1 -1  4 -2 -4  1 -2  0 -2 -1 -2  1 -3 -3 -1  2  2 -5 -4 -2   12   2  20   2   0   5   2   7   1   4   4   7   0   1   3  15  13   0   0   2  0.34 0.30
   12 P   -4 -2 -3 -3 -5 -4  0 -3 -1 -3 -6  1 -6 -6  8 -2 -3 -7 -7 -4    1   2   1   2   0   1   6   2   2   2   1   7   0   0  67   3   2   0   0   1  1.88 0.90
   13 H    1 -1  0 -2 -2 -1 -2 -2  4  0  1  3 -2 -1 -1 -1 -2 -1 -2  1   10   2   4   2   1   2   1   3  12   5  13  21   1   2   3   4   2   1   1  10  0.25 0.23
   14 F   -5 -5 -6 -6 -3  4 -3 -5 -3 -2 -1 -2 -3  7 -4 -4 -4  0  5 -3    1   0   0   0   1  17   2   1   0   2   5   3   1  43   1   2   1   1  17   1  1.45 0.70
   15 L   -1  1  1 -1 -2  0  0 -2  2 -1  1  2 -2  0 -2 -1 -1  2  3 -1    6   7   7   3   1   4   5   2   6   4  13  13   1   3   2   5   2   3  10   4  0.13 0.14
   16 E   -1  0 -1  2 -4  1  3 -1  1 -3 -4  3 -4 -5  4 -1 -3 -6 -5 -4    5   5   2  10   0   7  18   4   3   1   1  16   0   0  19   5   2   0   0   1  0.54 0.38
   17 V    1 -3 -2 -3 -1 -1 -3 -3 -3  1  2 -1 -1  4 -2 -2 -2 -3  0  2   13   1   2   1   1   3   1   2   0   7  21   4   1  16   2   2   2   0   3  16  0.34 0.24
   18 W   -2 -2 -3 -3 -3 -1 -3 -4  4  0  1 -4  0  4 -3 -3 -3  8  4 -2    3   2   2   1   1   3   2   1   9   5  14   1   2  14   1   2   1  18  15   2  0.90 0.45
   19 R   -2  4  1  0 -4  2  0 -3  1 -4 -2  2 -3  1 -4 -2 -1  2  0 -3    3  24   8   6   0   8   7   2   3   1   4  14   1   5   1   2   5   3   4   1  0.44 0.29
   20 T    1 -1  0  2 -1 -1  1 -2 -2 -2 -1  1 -1  0  2  1  1 -2  0 -1   14   2   4  10   1   2   9   2   1   2   5   8   1   4  10   9   7   0   4   3  0.15 0.15
   21 V    0 -2 -1 -3 -1 -2 -2 -3 -3  3  2 -1  0  1 -1 -2 -1 -1  1  1    6   2   4   1   1   1   2   2   1  19  22   5   2   6   3   3   4   1   4  10  0.22 0.15
   22 K    0  0  1  0 -1  0  0 -2  2 -1  1  1  1  2 -1 -1 -1  1  0 -1    8   6   7   5   1   4   5   2   6   2  13  11   3   9   2   4   4   2   2   3  0.08 0.09
   23 A    0  1  3  2 -4  0  1 -1  0 -2 -1  1 -2 -2  0  0  0 -2  0 -2    8   7  15  12   0   3  10   3   2   2   5   8   1   1   4   8   4   0   3   2  0.21 0.18
   24 A    0  0  2  2  2 -1  0  1  0 -2 -2  0 -1 -2  0  2  0  0  0 -2    9   4   9  10   6   2   4   9   3   1   4   5   1   1   4  14   5   1   4   2  0.14 0.14
   25 Q   -1  2  2  2 -3  1  1  0  0 -3 -2  3 -4 -4  1 -1  0 -5 -3 -3    4   9   8  12   1   5   9   7   2   1   4  17   0   1   8   4   6   0   1   1  0.29 0.23
   26 H    2  0  0 -1 -1 -2 -1 -1  4 -1 -3  2 -2  0 -1 -1 -1  0  3 -2   18   4   4   4   1   1   3   4  12   3   2  12   1   4   3   4   4   1  12   3  0.28 0.24
   27 L   -3  6 -2  0 -3 -1 -2 -2 -1 -3 -2  1 -3  0  0 -1  1 -5 -3 -4    2  43   2   6   1   3   2   3   1   2   4   7   0   5   6   4   7   0   1   1  0.75 0.46
   28 K   -2  0 -1 -1 -2 -2  1 -3  2  2 -1 -1 -1  3 -5 -3 -1  2  5  0    3   6   3   3   1   1   9   2   5  11   4   3   1  14   0   1   3   2  22   5  0.50 0.33
   29 Y   -2  2  2 -4 -3 -2 -2 -4 -1  3  0  2  0  1 -4 -3 -1 -1  3  2    3  11   9   0   1   1   2   1   1  15   9  12   2   5   1   1   3   1  11  12  0.31 0.25
   30 V    0 -4 -4 -5  1 -5 -6 -2 -5  4  1 -5 -1 -1 -5 -3 -2  3 -4  4    8   1   1   1   3   0   0   3   0  26  15   1   1   2   0   2   2   4   0  30  0.79 0.44
   31 L    1 -5  0 -5  1 -5 -3 -4 -1  2  3 -3  0  2 -5 -3 -3  2  1  1   11   0   6   0   3   0   2   1   2  11  33   1   2   8   0   2   1   3   4   9  0.49 0.33
   32 K   -2 -1 -2  0  1  0  1 -3  2 -1 -3  1 -2  1 -2 -1  0  4  5  0    2   4   2   5   3   5  10   2   4   4   1  10   1   4   2   5   6   5  19   7  0.33 0.27
   33 G   -1 -7 -6 -5 -1 -7 -7  7 -7 -8 -8 -7 -8 -8 -7 -1 -5 -8 -8 -6    4   0   0   1   1   0   0  86   0   0   0   0   0   0   0   4   1   0   0   1  2.46 1.07
   34 G    1 -5 -6 -5 -7 -6 -7  7 -7 -8 -8 -6 -7 -8 -2  2 -4 -7 -7 -7   11   1   0   1   0   0   0  70   0   0   0   0   0   0   3  13   1   0   0   0  1.88 0.91
   35 R    1  6 -2 -6 -4 -2 -5 -5 -5  0 -4 -2 -5 -3 -6 -1  1 -2 -1  1   13  46   2   0   0   2   0   0   0   6   1   2   0   1   0   6   8   1   3  10  1.04 0.63
   36 G   -1  5 -1 -3 -4 -2 -5  6 -6 -6 -8 -4 -7 -4 -7  0 -6 -4 -4 -6    4  27   3   2   0   2   0  49   0   0   0   1   0   1   0   8   0   0   1   0  1.42 0.76
   37 S    1 -4 -4 -6 -4 -6 -6  2 -6 -5 -6 -4 -7 -1 -5  6  0 -1 -7 -5   10   1   1   0   0   0   0  15   0   1   1   1   0   3   1  60   5   1   0   1  1.44 0.85
   38 A    0 -5 -6 -7 -4 -5 -7  7 -7 -6 -5 -2 -2 -2 -7  1 -1 -8 -8 -7    8   1   0   0   0   1   0  68   0   1   2   2   1   2   0  10   4   0   0   0  1.71 0.87
   39 K   -6 -3 -5 -7 -9 -6 -6 -5 -7 -9 -9  8 -8 -9 -8 -7 -7 -9 -8 -9    1   1   1   0   0   0   0   1   0   0   0  96   0   0   0   0   0   0   0   0  3.18 1.43
   40 S   -6 -7 -2 -7 -7 -7 -7 -7 -8 -8 -8 -7 -8 -9 -7  6  6 -9 -8 -7    0   0   2   0   0   0   0   0   0   0   0   0   0   0   0  52  46   0   0   0  2.27 1.23
   41 T   -3  1 -5 -3 -4 -3 -1 -6  3  0 -2 -3 -1  4 -6  0  1  6  4  1    2   7   0   2   0   1   4   0   8   4   4   2   2  14   0   8   7   9  16  10  0.62 0.42
   42 H    2 -4 -1 -1  1 -3 -3  0  0  0 -1 -4 -2  3 -5  2  1  0 -1  0   19   1   3   4   2   1   1   7   2   5   6   0   1  11   0  17  10   1   2   6  0.29 0.29
   43 I    1 -4 -2 -3  0 -3 -3  0 -5  4  1 -4  2  2 -5 -1 -1  0 -2  2   14   1   2   1   2   1   1   9   0  21  10   0   6   8   0   4   4   1   1  14  0.39 0.30
   44 A    4 -2 -2 -5  3 -3 -4  0 -3  1  1 -4  0 -1 -3  1 -1 -1 -3  0   33   2   2   0   5   1   1   6   1   8  14   0   2   2   1  10   3   1   1   7  0.44 0.36
   45 M   -1  1 -2  1  0  4  0 -3  1  1  1 -1  2 -1 -2 -2  0  0 -1  0    4   7   1   7   2  18   5   2   3   8  14   2   6   3   2   2   5   1   2   5  0.20 0.23
   46 W    0  0 -1  0  0 -2  1 -4 -1  0  0  2  1  2 -4 -1 -2  4  2 -2    8   5   3   5   2   1   9   1   2   5  11  15   4   8   0   4   2   6   6   2  0.21 0.22
   47 I    1 -4 -5 -6  0 -4 -4 -3 -4  3  3 -5  2  3 -4 -3 -2  3 -1  0   13   1   0   0   2   1   1   3   0  17  30   0   4  11   1   2   2   3   2   6  0.59 0.40
   48 I   -1 -4 -4 -3  0 -4 -2 -4 -1  5  2 -4  0  0 -3 -4 -2 -1 -1  3    6   1   1   1   2   1   2   2   2  28  20   1   2   4   1   1   3   1   2  18  0.59 0.38
   49 L   -1  1 -1 -1  0  0  0 -3  0  1  1  0  1  0 -3 -1 -1  1  2  0    6   9   4   4   2   3   7   1   2   8  18   7   3   4   0   2   4   2   8   6  0.10 0.13
   50 L   -1  2 -1  0 -1  0  0 -2  1 -1  1  2  1  0 -4 -2 -2  4  1 -2    5  14   3   5   1   3   6   3   3   3  16  12   4   4   0   2   2   5   6   2  0.20 0.22
   51 M    4 -4 -4 -6  5 -4 -4 -1 -2  2  1 -4  3 -1 -5  0 -1 -6 -3  0   31   1   1   0  11   0   1   4   1   9  15   0   8   3   0   5   3   0   1   6  0.59 0.44
   52 M    0  0 -1 -2 -1  0 -1 -3 -2  1  2  0  4  1 -3 -1 -1 -1  0  0    8   5   2   2   1   5   4   2   1   7  24   6  11   5   1   4   4   1   3   5  0.18 0.20
   53 M   -1  2  1 -1 -3  2  2 -2  0 -1 -3  2  0 -2 -3  0  1 -2  0 -2    4  11   8   3   0   8  14   3   2   3   2  13   2   2   1   8   9   1   4   2  0.22 0.24
   54 M   -1  1  1  2 -1  1  1 -2  3 -3 -2  1 -1  0  0  0 -2 -1  4 -2    5   7   8  10   1   6   9   3   6   1   3   8   1   4   5   5   2   1  14   2  0.22 0.23
   55 P   -2  0  2  0 -3 -2 -1  1 -2 -5 -6  2 -4 -7  6 -2 -2 -2 -2 -4    3   5   8   5   1   1   3  11   1   1   0  14   0   0  38   3   2   1   2   1  0.90 0.60
   56 I    0  1  1 -1  0  1  0  1  1  0  0  0  0  0 -1  0  0  0  0  0    7   8   8   2   2   6   4  10   5   6   8   6   2   3   2   5   4   1   4   7  0.02 0.04
   57 T   -2  4  3 -1 -3 -1 -1 -2  0 -2 -2  3 -1 -3 -2  0  0 -5 -2 -2    2  24  17   3   1   2   3   2   2   2   4  18   2   1   1   7   5   0   1   3  0.47 0.38
   58 F    0 -2 -3 -4  1 -3 -4  0  1  4  0 -3  0  2 -4 -3 -1  2  1  2    9   2   1   1   3   1   1   8   4  24   8   1   2  10   0   1   4   2   4  14  0.32 0.27
   59 L    0 -5 -4 -3 -1 -4 -3 -1 -2  2  4 -4  1 -1 -5 -2 -2  4  0  2    8   0   1   1   1   1   1   5   1   9  40   0   3   2   0   3   2   6   3  13  0.54 0.39
   60 V   -1 -5 -6 -6  6 -3 -5 -3 -3  4  1 -5  2  1 -6 -3 -3 -2  2  4    4   0   0   0  14   1   0   2   1  21   9   0   5   5   0   1   1   1   6  28  0.80 0.49
   61 I    1 -5 -5 -4  3 -4 -5 -2 -5  3  1 -3  2  1 -5 -2  0 -2  0  3   10   0   0   1   7   0   0   4   0  18  13   1   4   6   0   2   6   1   3  23  0.46 0.34
   62 R    1  7 -3 -5 -1 -3 -3  2 -3 -5 -5 -2  0 -3 -4 -2 -2 -2 -3 -5   10  57   1   0   2   1   1  13   0   1   1   1   2   1   1   3   3   1   1   1  1.25 0.73
   63 R   -2  2 -1 -1 -5  2  3 -3 -1 -3 -2  4 -3 -3  2 -2 -4 -2  0 -3    3  10   3   3   0   8  19   1   1   1   4  28   0   1  12   2   0   1   4   1  0.56 0.44
   64 V   -2 -2 -1 -1 -4 -3 -2 -5  0  1 -3 -2 -2  0 -5  1  5 -2  1  2    2   3   3   3   0   1   3   0   2   7   2   2   1   5   0   8  39   1   4  17  0.63 0.50
   65 Y    0  0 -2 -2 -4  3 -1 -1 -1  0  1  0  2  2 -3 -1 -2  0  3 -2   10   6   1   2   0  13   3   5   1   6  12   4   6   8   1   3   2   1  13   2  0.19 0.23
   66 N    0  0  2  0 -4 -1  0  0 -1 -3 -4  2 -4 -5  4  0  1 -2 -3 -1    7   5  12   5   0   2   6   8   1   1   1  13   0   0  19   5   9   1   1   4  0.36 0.31
   67 T    1 -2  0  1 -4  0  0 -2  1 -3 -3 -1  1 -5 -4  3  3  0 -2 -3    9   1   4   7   0   5   6   2   3   1   2   4   4   0   0  26  22   1   1   1  0.43 0.41
   68 V    0 -5 -2 -5  0 -3 -5 -4  0  4  4 -3  1 -1 -5 -3 -2 -5 -2  1    9   0   3   0   2   1   0   1   3  21  40   1   3   2   0   2   2   0   1   7  0.64 0.43
   69 E   -1  4 -1  0 -5 -1  1 -1  0 -3 -3  4 -2 -3 -3 -1  0 -5 -1 -3    6  25   2   4   0   2  10   4   2   1   2  25   1   1   1   5   5   0   3   1  0.50 0.39
   70 Q   -2  2  1  4 -5  1  2 -1  1 -2 -2  0  0 -2 -1 -1 -1 -5 -2 -3    2  12   5  25   0   6  16   4   3   2   3   5   2   1   3   3   4   0   2   2  0.38 0.32
   71 S   -2 -2  2 -3 -4 -2 -1  0 -4 -1 -2 -1 -4 -2 -2  5  2 -5 -2 -2    2   2   9   0   0   2   3   8   0   4   3   3   0   1   2  42  12   0   1   3  0.58 0.50
   72 V    1 -4 -2 -4  1  0 -3 -3 -1  2  0 -2  0 -1 -2 -1  1 -1  0  4   11   0   1   0   3   5   1   2   2  13   6   1   2   2   1   5  11   1   3  28  0.31 0.29
   73 F   -2 -1 -2 -2 -4 -1 -1 -2  1  2  1  0  1  3 -4 -3 -2  5  4  0    3   3   2   3   0   3   4   3   4  13  13   6   4  11   0   1   3   8  15   4  0.36 0.28
   74 E    0  2  1  0 -3  1  1 -1  0 -2 -1  1  0 -1  1  0  0 -3  0 -1    9  12   6   5   0   7  10   3   3   2   5   8   2   3   7   6   5   0   3   3  0.12 0.13
   75 Q   -1  0  0  0 -3  0  0 -1  2  0 -1  0  1  0  0  0  0  3  1  0    5   5   5   5   0   5   5   5   5   5   5   5   5   5   5   5   5   5   5   5  0.06 0.08
   76 L   -1 -4 -1 -1  1  0 -4 -4  1  2  2 -4  2  3 -1 -1 -1  2  1  0    4   0   3   3   3   4   0   0   3  13  19   0   6  13   3   4   4   3   4   7  0.29 0.24
   77 K   -2  1 -2 -2  0  2  2 -4 -6  1  0  4 -1  0 -3 -2 -1  0 -3 -1    3   7   2   3   2   7  11   1   0   7  11  24   2   4   2   3   4   1   1   5  0.39 0.30
   78 E   -1  0  2  4 -8  1  2 -2 -2 -4 -4  2 -3 -5 -3 -1 -1  6 -3 -5    5   5   8  20   0   5  14   4   1   1   2  11   1   1   2   5   4   9   1   1  0.61 0.44
   79 A    2 -1 -3 -3  0  0 -1 -3 -3  3  0  1  2  1 -2 -2 -1  0 -1  1   16   4   1   1   2   4   4   2   1  14  10  10   5   5   2   2   4   1   2   9  0.23 0.17
   80 I   -2 -4 -4 -5  1 -4 -4 -5 -7  6  3 -5  3  0 -5 -4 -2 -1 -2  0    4   1   1   1   3   1   1   1   0  38  21   1   6   4   1   2   2   1   2   6  1.03 0.53
   81 D    0  2  1  2 -2  0  2 -1  0 -2 -3  1 -2 -1  0  0 -2 -6  1 -3    6  10   7  12   1   5  13   6   2   3   3   8   1   2   6   6   2   0   4   2  0.23 0.21
   82 M    0  2 -1  1 -3  1  1 -2  0 -1  0  1  1 -2 -1  0 -1  0 -2 -2    9  13   3   7   1   6   8   3   2   4   9   7   4   2   4   7   5   1   1   3  0.12 0.12
   83 L   -2 -1 -2 -1  0 -1  0 -3  1 -1  3 -2  3  2 -3 -2 -2  4  3 -1    3   4   3   3   2   3   6   2   3   4  24   3   7   8   2   4   3   5   8   4  0.32 0.22
   84 E   -3 -1  2 -1 -1  0  1  4  1 -3 -4  0 -1 -2  0 -2 -3  2 -1 -3    3   3   9   4   2   5   8  33   3   2   2   6   1   2   5   3   2   2   2   3  0.50 0.36
   85 V   -2 -2 -2 -2  0 -1 -2 -2 -1  2  3 -1  1  0  1 -3 -2  3  1  1    4   3   2   3   2   2   3   3   2  11  25   4   4   3   7   2   3   3   5  10  0.28 0.20
   86 G   -1  0  0  1  1  0  0  1  1 -1 -2  0  0 -1  0  1  0  2  2 -1    5   4   5   7   3   5   7   9   3   3   5   5   3   3   6   9   5   3   7   4  0.08 0.09
   87 H   -1  0  0  0  2  0  0 -1  2  0 -1  0  2  1  0 -1  0  4  1 -1    5   5   5   5   5   5   5   5   5   5   5   5   5   5   5   5   5   5   5   5  0.09 0.08
   88 L   -2  0 -1  1 -2  0  1 -2  1  0  0  1  0  2  0 -2 -1  2  3 -1    3   6   3   7   1   4   8   3   4   6  10   7   2   7   6   3   3   2  11   4  0.15 0.13
   89 W   -3 -2 -2 -2  1 -2 -1 -3 -1  0 -3 -1 -1  6 -2 -3 -3  6  4 -1    3   2   3   3   3   2   4   3   1   6   3   5   1  28   2   3   2   8  13   5  0.82 0.47
   90 K   -1  2  1  1  0  0  1 -1  2 -2 -2  3 -1 -1 -2 -1  0  1  0 -2    6   9   8   7   2   3   8   5   5   3   5  15   2   2   2   5   5   2   3   3  0.17 0.15
   91 V   -1 -1  0 -1  2 -1 -1 -1  1  2 -1 -1  1  1  0  0 -1  4  2  1    5   4   4   4   4   3   4   4   3  11   4   4   3   7   5   8   4   5   6   8  0.11 0.10
   92 S   -1  0  0  0 -3  0  0 -1  2  0 -1  0  1  0  0  0  0  3  1  0    5   5   5   5   0   5   5   5   5   5   5   5   5   5   5   5   5   5   5   5  0.06 0.08
   93 K   -1  0  1  1 -1  0  1 -1  1 -1 -2  3 -1 -1 -1 -1  0  0  1 -1    6   5   8   9   1   4  10   4   4   3   3  17   2   2   2   5   5   1   4   4  0.15 0.17
   94 S   -1  1  2  0 -5  1 -1  0  2 -2 -2  1 -1 -1 -2  2  1 -5  0 -2    5   7  11   5   0   5   3   6   5   3   3   8   2   2   1  19  10   0   3   3  0.21 0.24
   95 P   -1  0  1  2  1  1  2 -2  1 -2 -2  1  0 -1  2 -1  0 -6  0 -1    5   4   6  10   3   5  12   3   3   3   4   7   3   3  10   6   6   0   3   4  0.14 0.15
   96 L   -1  0  0  0  2  0  0 -1  2  0 -1  0  2  1  0 -1  0  4  1 -1    5   5   5   5   5   5   5   5   5   5   5   5   5   5   5   5   5   5   5   5  0.09 0.08
   97 R   -1  0  0  0  2  0  0 -1  2  0 -1  0  2  1  0 -1  0  4  1 -1    5   5   5   5   5   5   5   5   5   5   5   5   5   5   5   5   5   5   5   5  0.09 0.08
   98 L   -1 -2  0 -3 -2 -2 -2 -1  0  5  0 -2  0  2 -3 -3 -2 -1  1  1    5   2   5   2   1   2   3   5   2  31  10   3   3   7   2   2   2   1   5   8  0.51 0.27
   99 T   -2  2 -1 -3 -2 -2 -1 -4  0  2 -2  1 -2 -1 -1 -2  4  2  1  1    3  11   3   2   1   2   4   1   3  10   4  10   1   2   3   4  22   2   4   9  0.36 0.25
  100 Y   -2  0  2 -2  3 -3 -3 -3  3  0 -1 -1 -2  4 -3 -1 -1  0  5 -1    4   4   9   2   5   2   2   3   5   5   6   4   1  15   2   4   3   1  17   4  0.50 0.28
  101 I   -1  1 -1 -1 -1 -1  0  1  1  0  1  2  0  1 -1 -1  0 -1 -1 -1    5   7   3   3   1   2   5  12   3   5  12  16   2   6   2   3   7   1   2   4  0.08 0.10
  102 P    0  0  1  0 -1 -1 -1  0  0  0 -1  0 -1  0  3  0 -1 -1 -1 -1    6   6   6   6   1   2   4   7   3   5   8   6   2   5  17   7   2   1   2   4  0.14 0.13
  103 R   -2  0  5 -2 -5 -1 -2  1  0 -3 -2 -1 -4  0 -1  0  3  1 -1 -2    2   4  25   2   0   2   2   9   2   2   4   4   0   5   3   7  19   2   2   3  0.43 0.37
  104 G   -2 -1  2 -1 -6 -2 -2  6  0 -2 -3  1 -5 -6 -2 -1 -1 -6 -2 -2    2   3   8   3   0   2   3  49   2   2   3   7   0   0   2   5   3   0   2   4  0.84 0.50
  105 N    0  0  3 -1  0  1 -1  0  0 -2 -3  0 -4 -2 -2  3  0  1 -1  0    8   4  14   3   2   6   2   7   3   2   2   4   0   2   2  21   6   2   2   7  0.22 0.24
  106 S   -2  2 -1 -1  1  0  0 -2  0  1 -2  1  3  0 -2 -1  0  2  2  0    3  12   3   4   2   4   6   3   3   7   4   7   7   5   3   4   7   3   6   8  0.16 0.13
  107 I    0  0  0 -2  2 -1  0  0 -2  0  0  0  1  1 -3  0  0  4  1  0    6   6   6   0   6   0   6   6   0   6   6   6   6   6   0   6   6   6   6   6  0.07 0.12
  108 I   -1  0 -2 -1  1  0  0 -2  1  2  1  0  1  0 -4 -1 -1  3  3  0    3   4   2   3   3   4   6   3   4  14  11   6   3   4   0   3   4   4  12   7  0.17 0.17
  109 F   -2 -2 -6 -6  2 -6 -6 -2  0  0  0 -2  2  7 -2 -3 -2  2  2  0    3   3   0   0   4   0   0   3   2   5   8   2   4  42   3   3   3   3   5   6  0.99 0.56
  110 R    0  2 -1 -1  0  0 -1  0  0  0  0  1  0  1 -1 -1 -1  1  0  0    7  12   3   2   2   3   3   8   2   7   8  10   3   9   2   5   3   2   4   7  0.05 0.08
  111 G   -2 -6 -1 -2 -6 -3 -3  6  1 -3 -4 -2 -1 -2 -1  1 -2 -6  1 -4    4   0   3   2   0   1   1  54   3   2   2   3   2   2   4   9   2   0   5   1  1.00 0.61
  112 G   -1  0 -2  0  2  0  0 -1  2  0 -1  0  1  0  0  0  0  3  1  0    5   5   0   5   5   5   5   5   5   5   5   5   5   5   5   5   5   5   5   5  0.06 0.10
  113 D   -1  0  1  4 -5  1  1 -1  1 -4 -2  0  0 -1 -1  0  0  2  0 -4    4   5   7  25   0   7   7   5   3   0   3   5   3   3   3   6   6   3   3   0  0.33 0.29
  114 D   -2  0  4  5 -1  1 -1 -1  0 -3 -3  1 -1 -3 -4  0 -1 -5 -1 -3    2   4  19  29   1   6   3   4   2   2   2   9   2   1   0   5   3   0   2   2  0.58 0.43
  115 V    1 -2 -1  0 -4 -1  1 -1 -1  0 -2 -1  0 -1  4  0  0  0 -1  0   10   2   2   6   0   2   9   4   1   6   3   4   3   2  22   8   5   1   2   6  0.26 0.24
  116 Q    0  0  0  0 -2  1  0  0  2  0  0  0  1  1 -2  0  0 -2  1  0    6   6   6   6   0   6   6   6   6   6   6   6   6   6   0   6   6   0   6   6  0.04 0.07
  117 K    0  1  1  2 -5  0 -1 -1  0 -2 -3  4 -4 -3 -2  2  0 -5 -2 -3    9   5   7  11   0   3   2   4   2   2   2  27   0   1   1  15   4   0   1   2  0.40 0.36
  118 I    0 -1 -1  0 -3  0  0 -2  0  1  1 -1  1  0  0 -1  0  3  0  1    7   3   3   6   0   5   7   3   2  12  12   3   3   4   4   2   6   4   4  11  0.05 0.09
  119 K   -1  1  1  1 -4  1  1 -1  0 -2 -2  3  0 -1 -1 -1  0  1  0 -2    5   6   6   8   0   6   7   4   2   3   4  23   3   2   2   4   6   2   4   3  0.19 0.22
  120 S   -1  1  0 -1 -4  0 -1  2  0 -2 -1  0  0 -1 -1  3 -1  1 -1 -2    4   9   5   3   0   4   2  17   2   2   5   7   2   3   2  22   3   2   2   3  0.19 0.24
  121 I    0 -1 -2 -1 -4 -1 -1 -3 -1  4  1  0  2  0 -1 -1 -1 -1  1  0    7   4   2   3   0   3   3   2   1  28  10   7   5   3   3   4   4   1   6   5  0.24 0.24
  122 K   -1  2 -1 -2 -5  3  2 -1  0 -3 -2  3  0 -3 -3  0  1  0 -2 -3    5  13   3   1   0  12  12   4   2   2   4  19   3   1   1   7   7   1   1   2  0.34 0.32
  123 A    0  0 -1 -1 -4 -2 -2  4 -1 -1 -1 -1 -1  1 -1  0 -2  2  0 -1    8   7   3   4   0   2   2  28   1   4   8   4   1   7   2   6   2   3   3   5  0.22 0.21
  124 S    0  0  1  1 -1  1  0  0  1 -1 -1  0  0 -1  1  0  0  0 -1 -1   10   5   7  10   1   6   5   6   3   4   8   6   2   3   5   8   4   1   2   3  0.06 0.06
  125 K   -1  0  0  0 -2  0  1  1  0 -1 -1  0 -1 -1 -1  0  1 -1 -1 -1    4   6   4   6   0   3  10  14   2   4   5   7   1   3   2   8  10   1   2   6  0.07 0.07
  126 F    0 -2 -1 -1 -1 -1 -1  3 -1  0  0 -1  1  1 -3 -1  0  1  2 -1    7   2   2   3   1   2   3  26   2   7   8   3   3   7   1   4   5   2   7   4  0.19 0.15
  127 P    0  0  1  1 -1  0  0  0  0 -1 -1  0  0  2  0  0  0  1  2 -1    6   4   8   7   2   3   5   7   2   4   4   6   2   8   4   5   6   2  10   4  0.06 0.08
  128 V   -1 -1 -1 -3  1 -1 -1 -2 -3  3  1 -3  0  1 -3 -2 -1  2  1  2    4   4   4   1   3   3   5   4   0  19  15   1   2   6   1   3   4   2   4  16  0.20 0.18
  129 A    0  0  1  1  2  0  0  0  1  0 -1  0  0 -1 -3  0  1 -3  0 -1    8   4   6  11   6   4   4   6   3   5   5   6   3   3   0   6  12   0   3   4  0.07 0.11
  130 G   -1  0  0  0  2  0  0 -1  2  0 -1  0  1  0 -3  0  0  3  1  0    5   5   5   5   5   5   5   5   5   5   5   5   5   5   0   5   5   5   5   5  0.06 0.10
  131 M    1 -2 -2 -2  3 -1 -1 -1  0  2  1 -2  1  0 -3 -1 -1  0 -2  1   12   2   2   2   7   3   4   4   2  15  17   2   4   5   0   3   2   1   0  12  0.13 0.15
  132 W   -1 -4 -4 -5  0 -2 -1 -2  1  1 -2 -2  0  2 -5 -2 -1  9  3  0    6   0   0   0   2   2   4   3   4   9   4   2   2   8   0   3   4  31   8   7  0.99 0.52
  133 I   -1 -3 -2 -4  2 -3 -2 -2 -1  3  1 -2  2  3 -2 -2 -1  3  2  2    5   0   2   0   4   0   2   3   2  18  11   2   5  13   2   2   2   4   9  12  0.30 0.24
  134 E   -2 -3  1  4  0 -1  4 -4 -3  0 -2 -3 -1 -5 -2 -2 -1  2 -4 -1    2   0   7  25   2   2  33   0   0   6   3   0   2   0   2   3   4   3   0   5  0.65 0.45
  135 E   -4 -4 -1  1 -6  0  7 -5 -4 -6 -5 -3 -5 -1 -4 -3 -1  4 -4 -5    1   0   3   7   0   3  70   0   0   0   1   0   0   3   0   0   3   6   0   0  1.57 0.73
  136 L    3 -2 -3 -2  1 -1  2 -1 -3  0  0 -1  0  0 -2 -1 -1  0  0  1   31   2   0   1   3   3  13   5   0   4   8   3   3   4   2   2   2   1   4  10  0.22 0.23
  137 A    2 -1  1  2 -1 -1  1 -1 -1 -1 -3 -1 -2 -1 -2  1  2 -4 -1 -2   21   3   8  11   1   2   7   3   1   3   2   3   1   3   1   9  16   0   2   3  0.24 0.23
  138 E   -2 -2  0  0 -6  4  5 -2  2 -4 -2 -1 -2 -3 -2 -1 -1 -5 -2 -2    3   1   4   6   0  17  37   3   4   1   5   3   1   1   2   4   3   0   1   3  0.67 0.47
  139 F   -2 -3 -2 -2 -1 -2  0 -3 -1  3  1 -3  2  4 -4 -1  0  2  0  0    4   1   2   2   1   2   8   2   2  15  14   1   5  20   1   4   6   3   2   6  0.33 0.26
  140 K    0  0  0  0  1  0  0 -2  1  0  0  0  0 -2  1  0  0 -3 -1  0    7   5   4   6   3   2   7   2   3   6   8   7   3   1   8   8   7   0   2  10  0.05 0.06
  141 T   -1  0  0  0 -2  0  0  0  1 -2 -1 -1 -2  1  0  2  2  0  1 -2    3   4   4   4   1   4   6   7   4   2   5   4   1   5   5  19  13   1   5   2  0.14 0.17
  142 E   -1  0  0  0 -4  1  3 -2  1 -1 -2  0  1  0  0 -1 -1  2  0 -2    5   4   4   5   0   7  25   3   4   3   4   7   4   4   5   5   3   3   3   3  0.23 0.25
  143 E    0  0  1  2  0  0  2 -1  1 -1 -2  0  0 -1 -1 -1  0 -3  0 -1    8   6   5  15   3   4  13   4   4   3   3   6   3   3   3   4   5   0   3   4  0.12 0.14
  144 E    0 -2 -1  1 -1 -1  1 -3  1 -1 -2 -1 -1  3 -1  2 -1  3  3  0    8   2   2   7   1   3   9   2   3   3   3   3   2  11   3  14   3   4   9   6  0.21 0.22
  145 V   -3 -2 -3 -2 -1  0  0 -4 -2  1  1 -1  1  4 -3 -2 -1  7  1  0    2   3   2   3   1   4   5   2   1   8  13   5   3  15   1   3   4  14   5   8  0.48 0.33
  146 S    0  0  0  0  2  0  0 -1  1  0 -1  0  1  0  0  0  0 -2  1  0    5   5   5   5   5   5   5   5   5   5   5   5   5   5   5   5   5   0   5   5  0.03 0.05
  147 V    0 -1  0 -1 -2  2 -1 -3 -1  1  2  0  2  0 -3 -2  1 -5 -1  0    7   4   4   3   1   8   5   3   1   7  17   7   5   4   2   3   8   0   3   7  0.13 0.11
  148 I   -2  0 -1 -3 -1 -2 -3 -4 -1  4  3 -3  1  0 -3 -3  0  2  1  2    3   5   3   2   1   2   2   2   2  18  25   2   4   4   2   3   5   3   4  11  0.42 0.24
  149 E   -1  1  1  2  0  0  1 -2  0  0  0  0  0 -1 -1  0  0  2 -1 -1    4   8   6  10   2   4   8   4   2   7  11   5   3   3   3   6   7   2   2   4  0.06 0.06
  150 K   -1  3  0 -1  0  3  0 -2  0 -2 -2  0  0 -1  2 -1 -2  2  0 -2    4  13   4   4   2  14   7   4   2   3   4   6   3   3  11   5   3   3   3   3  0.26 0.23
  151 S   -1  2 -1 -2  0 -1 -1 -3 -6 -2  0 -2  1 -1 -2  3  3 -7 -1 -2    5  12   4   2   2   3   5   2   0   2   9   3   3   2   3  19  18   0   3   3  0.35 0.30
  152 V   -1  1 -2 -2  1 -1 -3 -3 -1  3  2 -2  2  1 -3 -1  0  0 -1  1    5   9   2   2   3   3   2   2   2  14  17   2   4   6   2   5   6   1   2  11  0.23 0.15
  153 L   -1  0  0  0  2  0  0 -1  2  0 -1  0  2  1  0 -1  0  4  1 -1    5   5   5   5   5   5   5   5   5   5   5   5   5   5   5   5   5   5   5   5  0.09 0.08
  154 R    0  0  0  0 -2  0  0  0 -1  0 -1  0 -1  0  1  0  0  3  1  0    6   6   5   6   0   5   6   6   0   6   6   6   0   5   6   6   6   5   5   6  0.03 0.09
  155 A   -1  0  0  0  1  0  0 -1  1  0 -1  0  0 -1  1  0  0  2  0 -1    5   5   5   6   3   4   6   6   4   5   5   6   3   3   7   5   6   3   3   5 -0.00 0.04
  156 E   -1  2  0  1  0  0  1  2  0 -1 -2  1  0 -1 -1  0  0 -5 -1 -2    5  10   4   8   2   4   8  13   2   4   5   9   3   3   4   6   5   0   2   3  0.11 0.11
  157 L    0  0  1  0 -1 -1 -1  1  1 -1  0 -1  0 -1 -1  2  0  1 -1  0    8   4   6   5   2   3   4  13   3   3   9   4   3   2   3  13   5   2   2   6  0.06 0.07
  158 P   -1  1  0  1 -6 -2  2 -1  1 -2 -4  1 -5 -2  4 -1 -1 -6 -2 -2    5   9   5   8   0   2  13   5   3   3   2   8   0   2  20   6   5   0   2   3  0.39 0.30
  159 P   -1  0  0  0  2  0  0 -1  2  0 -1  0  2  1  0 -1  0  4  1 -1    5   5   5   5   5   5   5   5   5   5   5   5   5   5   5   5   5   5   5   5  0.09 0.08
  160 G    0  1  0  0 -4 -1 -2  3  1 -1 -2  0  0 -2  0  0 -1  1  0 -1    9   6   5   6   0   3   3  20   3   4   4   6   2   2   5   6   3   2   4   6  0.15 0.12
  161 C   -1  0  0  0  2  0  0  0  0  0  0  0 -1  0  0  0  0  0  0  0    5   5   5   6   6   3   4   8   2   5   8   8   2   3   5   8   6   1   4   6  0.02 0.02
  162 R   -2  2  0  0 -5  0  1 -2  0 -1 -2  2 -1  3 -1 -1 -1  2  2 -1    3  10   5   5   0   5   9   4   2   4   3  12   2  10   4   5   4   2   7   4  0.20 0.16
  163 Y   -1 -1  1 -2  0 -1 -1 -1  1  0  0  0 -1  2 -1 -1  0  3  3  0    5   4   6   3   2   3   3   5   4   6  10   7   2   9   3   4   5   4  10   6  0.14 0.10
  164 I   -2 -1 -1 -2  0  4 -2 -2  1  1 -1  0  1  2 -1 -2  0  6 -1 -1    4   4   3   2   2  17   3   3   3   8   7   5   3   8   4   3   5   9   2   5  0.36 0.26
  165 F   -1 -1  0 -2  1  0 -2 -1  1  2  0 -1  2  1 -1 -1  0  3  0  1    6   4   4   3   3   4   3   6   4  12   7   3   5   6   3   4   5   4   3  10  0.11 0.08
  166 F   -1  0  0  0  2  0 -2 -1  2  0 -1  0  1  1  0  0  0  3  1  0    5   5   5   5   5   5   0   5   5   5   5   5   5   5   5   5   5   5   5   5  0.06 0.11
  167 Y   -2 -3 -2  0  2  0 -1 -2 -1  2  1  0  1  3 -1 -2 -2  5  2  0    3   2   2   5   4   4   5   3   1  11  12   5   3  10   3   3   3   7   7   6  0.27 0.17
  168 S   -1 -2  3  1  2 -3 -3  0 -1 -1  0 -1  0 -2 -1  1  2 -1  0 -2    5   3  12   8   4   1   2   7   1   3   8   5   3   2   3  11  14   1   4   3  0.20 0.18
  169 Y   -2 -3 -3  1  2 -2 -1 -1 -2 -3 -1 -4  1  4  2 -2  2  4  4 -2    3   2   2   7   4   2   5   5   1   2   7   1   3  14   9   3  11   5  12   3  0.42 0.29
  170 N   -1 -1  4  1  1 -2 -2 -1  1  1  0 -1  1  0 -1 -1  0  2  0  0    3   4  22   7   3   0   0   4   3   8  10   4   3   5   3   4   6   3   3   5  0.16 0.20
  171 P    0  0  1  0 -3  1  0  0  2 -2 -1  0 -2  0  1  0  0  3 -1 -1    6   6   6   6   0   6   6   6   6   0   6   6   0   6   6   6   6   6   0   6  0.09 0.11
  172 P   -2 -2 -1  1 -1 -2  1  0 -1  0 -4  0 -1 -2  5 -1 -1  4  0 -2    3   3   3   7   2   2   8   7   1   5   2   7   2   2  27   4   4   5   3   3  0.49 0.37
  173 K   -1  1  2  2 -1 -1  0  0  0 -1 -1  0  0 -1  0  1  0  1 -1 -2    6   7   9  10   1   3   5   7   2   3   6   7   2   3   4  12   5   2   2   3  0.10 0.11
  174 R   -2  1  0  0 -1  0  2  0  3  0 -2  0  0 -2  1  0 -1  0  1 -1    4   7   5   5   1   4  15   7   6   6   4   6   2   2   7   8   3   1   4   4  0.14 0.14
  175 K   -1  1  0  0 -6 -1  1  1 -1 -3 -2  2 -1 -2  2 -1  1 -6 -1 -2    5   8   5   5   0   3   8   9   1   2   5  13   2   2  10   6   9   0   2   3  0.18 0.17
  176 Q   -2 -1  2  4 -1  0 -1 -2  7 -2 -3 -2 -1 -2 -3 -1  0  1  0 -4    3   3   8  21   1   4   4   4  19   2   4   3   1   2   2   4   7   2   3   2  0.68 0.41
  177 S   -1  0  0  0  2  0  0 -1  2  0 -1  0  2  1  0 -1  0  4  1 -1    5   5   5   5   5   5   5   5   5   5   5   5   5   5   5   5   5   5   5   5  0.09 0.08
  178 W   -1 -6 -3 -3 -1 -2 -3 -4 -6  2  0 -6 -1  1 -1 -3  1  9  1  0    5   0   2   2   2   2   2   2   0  10  10   0   2   5   4   2   8  32   4   6  1.15 0.65
  179 V   -1  0 -1 -1  1 -2 -1 -1  1  1  1  1  1  1 -4 -1 -1  2  3  1    4   4   3   3   3   0   3   4   3   9  11  11   4   6   0   3   4   3  11  11  0.12 0.15
  180 N   -1  0  2  1 -4  1  0 -2  2 -1 -2  1  0  0 -1 -1  0  2  2 -1    3   6  10   8   0   8   6   3   5   3   4  11   3   3   3   4   4   3   8   4  0.15 0.17
  181 K   -1  2 -1  1 -4  1  1 -1  1 -1 -1  2  1  0 -1 -1  0  1  0 -1    3  12   3   7   0   7  11   4   3   3   5  13   4   4   2   3   6   2   3   4  0.13 0.16
  182 V   -2  1 -1 -1 -1 -1  0 -3  0 -1 -1  0  1  4 -4 -2 -1  4  3  0    3   7   3   4   2   2   7   2   2   3   6   6   4  20   0   2   4   5  11   7  0.31 0.27
  183 F   -2 -2 -3 -2  0 -2 -2 -3 -2  2  0 -3 -1  5 -3 -3 -1  3  3  1    3   3   1   3   2   2   3   2   1  10   8   2   2  28   2   2   3   4  10  10  0.53 0.37
  184 N   -1  0  0  0  2  0  0 -1  2  0 -1  0  2  1  0 -1  0  4  1 -1    5   5   5   5   5   5   5   5   5   5   5   5   5   5   5   5   5   5   5   5  0.09 0.08
  185 S   -1  1  1  3 -6  1  1  0  0 -3 -2  2 -1 -2 -1 -1  0 -6 -1 -2    5   8   7  16   0   6  10   8   2   2   4  10   2   2   4   5   6   0   2   3  0.26 0.22
  186 S    0  1  1  1  0  0  1  0  0 -1 -1  1  0 -1  0 -1 -1  0 -1 -1    6   7   7   7   2   5  10   8   3   4   6  10   2   2   5   5   4   2   2   4  0.06 0.06
  187 F    0  0  1  0  0  1  1  0  1 -1 -1  1  0  0  0  0  0  1  1 -1    7   6   6   5   2   5   8   6   4   5   6   9   2   4   5   5   5   2   5   4  0.04 0.04
  188 L   -1  0  0  0 -3  0  0 -1  2  0 -1  0  1  0  0  0  0  3  1  0    5   5   5   5   0   5   5   5   5   5   5   5   5   5   5   5   5   5   5   5  0.06 0.08
  189 P   -1  1  0  1 -4  0  1 -1  2 -1 -1  0  0 -1  3  0 -1  2  0 -1    6   7   5   9   0   4   8   4   5   3   4   7   3   3  15   5   4   3   3   4  0.16 0.16
  190 A   -1 -1  0  3 -1 -1  2  1  0 -2 -2  1  0 -2  3 -1 -2  0 -2 -3    5   3   4  17   1   2  13  10   2   2   4   9   2   2  13   4   2   2   2   2  0.28 0.27
  191 N   -2  1  3  4 -5 -1  0  0  0 -2 -3  1 -1 -2 -2 -2 -1  1  0 -2    3   6  16  24   0   2   6   9   2   2   3   7   2   2   2   3   3   2   3   3  0.41 0.34
  192 T    0 -1 -1 -3  3 -2 -2 -2  0  1  0 -1  1 -1 -2  0  2  3  1  1    8   4   3   2   5   2   3   3   2   8   8   3   4   2   2   8  12   4   5  11  0.18 0.15
  193 F   -1  0 -3 -2  2 -2 -2 -3  0  2  1 -1  0  3 -2 -1 -1  2  3  0    5   6   2   3   3   2   3   2   2  11  14   4   3  11   2   4   4   3   9   8  0.25 0.17
  194 V   -2  0 -3 -2  1 -2 -2 -3  2  3  0 -3  0  2 -3 -1 -1  1  2  3    4   5   2   2   3   2   3   3   4  14   9   2   2   7   2   5   3   2   6  22  0.35 0.23
  195 D   -2  1 -1  0  0 -1 -2 -3  4  3  0  0  0  1 -2 -2 -2  1  1  1    3   7   3   6   2   3   2   2   9  15  10   5   2   6   3   3   3   2   5   8  0.25 0.17
  196 H   -1  0  0 -1  1  0  0 -1  4 -1 -1  1  2  0  0  0 -1  2  0 -2    6   6   4   3   3   5   7   4  11   4   6   8   6   3   5   6   4   3   3   3  0.16 0.14
  197 S   -1  0  0  0  2  0  0 -1  2  0 -1  0  2  1  0 -1  0  4  1 -1    5   5   5   5   5   5   5   5   5   5   5   5   5   5   5   5   5   5   5   5  0.09 0.08
  198 T   -4  0  4 -1 -2 -3 -1 -3 -1 -2 -4 -2 -3 -2 -1  0  5  3 -2 -3    1   4  19   4   1   1   4   2   1   3   2   3   1   2   3   7  36   4   1   2  0.78 0.58
  199 Y   -3 -3 -6 -3 -6 -2 -3 -4  2 -1 -1 -3  2  2 -2 -2 -1  5  7 -1    2   2   0   1   0   2   2   2   4   4   6   1   4   9   2   4   4   8  38   5  1.04 0.65
  200 L   -1  1  0  2 -1  0  0 -2  0 -1  1  1  0  0 -2 -1  0  1  0 -1    3  10   4  14   1   3   7   2   2   3  16   9   2   3   2   3   5   2   3   4  0.11 0.15
  201 Q   -3 -3  3  6 -1 -1  1 -3  2 -2 -3 -2 -2 -7 -3 -2 -1 -7 -3 -4    2   2  12  47   2   2   7   3   4   3   3   2   1   0   2   3   3   0   1   2  1.01 0.66
  202 N   -1 -1  7  0  1 -2 -2 -2  0 -1 -3 -1  0 -2 -1 -2 -1 -6 -1 -2    5   3  48   4   3   2   2   3   2   3   3   3   2   2   4   3   3   0   3   4  0.90 0.63
  203 P   -1 -1 -1  0 -5  0  1  0  0 -2 -1  0  0 -1  5 -1 -1  2  0 -2    4   4   3   5   0   3  10   6   3   3   6   5   3   3  26   3   4   3   3   3  0.34 0.30
  204 F   -1  0  0  0  2  0  0 -1  2  0 -1  0  1  0 -3  0  0  3  1  0    5   5   5   5   5   5   5   5   5   5   5   5   5   5   0   5   5   5   5   5  0.06 0.10
  205 L   -1 -1  0 -4  1 -1 -2 -2  0  1  2 -1  1  1 -1 -1 -1  2  1  0    4   4   4   0   3   3   3   3   3  10  27   3   3   7   3   4   3   3   4   6  0.17 0.18
  206 S   -1 -2  0  2 -5 -1 -2  0 -1 -3 -3 -2  0 -1  4  2  2 -6 -1 -3    4   2   4  13   0   2   3   6   1   2   2   2   2   3  23  14  12   0   3   1  0.48 0.42
  207 K    0  0  1  2  0  1  3 -1  0 -2 -2  1 -3 -1  2 -1 -1  1 -3 -2    8   5   6  10   2   6  19   4   3   2   3  10   0   2   9   5   3   2   0   3  0.22 0.23
  208 A   -1  0  0  1 -6  2  2 -1  1 -1 -3  0  1 -1  0  0  0 -6  0 -1    6   4   4   9   0  10  14   4   4   3   3   5   3   3   6   6   7   0   3   5  0.18 0.18
  209 F   -2 -1  0  0  1  0 -1 -2  0  0  1 -2  1  3 -1 -1  0  2  3 -1    4   3   4   6   3   5   4   4   3   5  12   3   4  10   4   4   5   3  11   4  0.16 0.12
  210 I   -2  2 -2 -1  0  0  0 -3  0  3  1  1  0 -1  0 -3 -1  0  0  1    3  11   2   3   2   4   5   2   2  18  12  10   2   2   5   1   3   1   3  10  0.18 0.19
  211 E    0  1  0  1  0  1  2 -1  1 -1 -2  1  0 -1 -1  0 -1 -4  0 -1    9   6   4  10   3   8  16   3   3   3   3   8   3   3   3   4   4   0   4   3  0.13 0.16
  212 E   -1  0  1  1  0  1  3 -2  1 -1 -1  0  0 -1 -3  0 -1  2  1 -1    4   6   6   7   3   5  20   3   3   4   6   6   3   3   0   6   4   3   6   5  0.13 0.17
  213 A    1  1 -3 -2 -2 -2 -3 -4 -5  3  3 -2  4  0 -2 -3 -3  0  1 -1   13   7   1   2   1   2   2   1   0  16  24   2  10   4   2   1   1   1   5   3  0.40 0.33
  214 E   -1  1  0  0 -2  1  4 -4 -1 -1  0  1  0 -3 -3 -1 -3 -2 -1 -2    5   7   4   5   1   5  32   1   1   3  10  10   3   1   1   4   1   1   2   3  0.42 0.37
  215 E    0  2  0  1 -4  1  2 -1  1 -2 -1  1  0 -3 -2  1 -1  1  0 -2    9  11   4   7   0   6  12   3   4   2   7   7   2   1   1  11   4   2   3   2  0.15 0.18
  216 V   -1 -1 -1  1  3 -1 -1 -3  0  0  2 -1  3  0 -4 -1 -1  1  1 -1    5   3   3   9   5   2   4   2   2   4  25   4   8   3   0   5   4   2   6   2  0.20 0.22
  217 K   -1  2 -1 -1  1  0  0 -2  1 -1 -2  4  1  0 -2 -2 -1  2  2 -2    6  11   3   3   3   4   6   4   3   3   4  22   3   3   3   3   4   3   6   3  0.30 0.23
  218 R    0  1  1  1  1  0  1  0  1 -1 -2  1  0 -1  0  0  0 -5  0 -2    9   7   6   9   3   4   9   7   3   4   3   9   3   3   5   5   6   0   3   3  0.09 0.10
  219 R   -1  1  1  0 -1  0  0  0  0  0  0  1  0 -1 -1  0  1  1  1 -1    3   7   8   4   1   3   6   7   2   5   9   8   2   3   3   6  12   2   7   4  0.05 0.09
  220 N   -1  0  3  4 -1 -1  0  0 -1 -3 -2 -1  0 -5  1  1  1 -1  0 -3    5   4  12  24   1   2   4   6   1   1   5   3   3   0   7   8   7   1   3   2  0.33 0.32
  221 E   -1  0 -2  0 -5 -1  2  1  0 -2 -3 -1 -1  0  5 -1 -2  1  1 -3    4   5   2   6   0   2  12   9   2   2   3   4   2   4  27   4   2   2   5   2  0.43 0.37
  222 L    0  1  1  2 -4  1  2 -2  0 -1 -1  0  0 -1 -1 -1  0  1  0  0    6   7   7  13   0   5  12   3   2   3   6   6   3   3   3   4   4   2   3   8  0.10 0.13
  223 K    0  2 -2 -1 -4  0 -1 -2 -1 -2  0  1  0  2 -2 -1 -1  4  3 -2    9  11   2   3   0   4   5   3   1   2  11  10   3   9   1   3   4   6  10   2  0.22 0.23
  224 Y   -1  0 -1 -1 -5  0 -4 -2  1 -1 -2 -1  1  2 -5 -2 -1  5  6 -1    5   5   3   4   0   4   0   3   4   4   4   4   3   8   0   3   4   8  30   4  0.66 0.45
  225 R    0  3  0  0 -4  1  0 -1  1 -1 -2  2  0 -1 -1 -1 -1  3  0 -1    7  20   5   5   0   5   6   3   3   3   4  11   3   3   3   4   3   4   3   3  0.20 0.20
  226 H    0  3  0 -2 -1  1 -1 -3  5  1 -3 -1 -1 -4 -3 -2 -2  3 -1  2    9  18   4   2   2   7   3   1  14  10   2   3   2   0   1   2   2   4   2  14  0.36 0.33
  227 E    0 -1 -1 -1 -3  0  2 -2  0  1  0 -1  1  1 -3 -1 -1  2  4  1    7   3   2   3   0   3  13   3   2   7   8   3   3   6   0   4   3   3  17   9  0.18 0.21
  228 Y   -1  1 -3 -2  1 -1 -1  0 -3  2  0 -2  0  1 -4 -2 -1  5  4  0    5   8   0   3   3   2   3   7   0  12   9   2   2   4   0   3   3   9  16   7  0.30 0.27
  229 L    0  0  0  0  2  1  0 -1  2  0 -1  0  1  1 -3  0 -2  3  1  0    6   6   5   6   5   5   6   6   5   6   6   6   5   5   0   6   0   5   5   6  0.07 0.12
  230 G    0 -2  1  0  2  1  0  0  2 -2 -2  0 -2  1 -3  0  0  4  1 -1    7   0   7   7   6   7   7   7   6   0   1   7   0   6   0   7   7   6   6   7  0.14 0.16
  231 E    0  0  0  0  2  0  0 -1  1  0 -1  0  1  0  0  0  0 -2  1  0    5   5   5   5   5   5   5   5   5   5   5   5   5   5   5   5   5   0   5   5  0.03 0.05
  232 A   -2 -1 -1 -2  1 -1 -2 -3  2 -1 -2  0  1  3  1 -3 -2  8  2 -1    4   4   3   3   3   3   3   3   4   4   4   5   3   9   8   3   3  22   6   4  0.74 0.46
  233 L   -1  1  0  1  0 -1  0  2  0  0 -1  0  0  0 -2 -1  0  3 -1  1    5   7   4   7   2   2   5  13   2   5   7   5   3   3   2   4   6   4   2  11  0.08 0.08
  234 G    1  1  0  0 -5  0  0  1  0 -1 -2  0  1 -1 -1  1  0 -5 -1  1   10   7   5   5   0   5   6  12   2   4   3   6   3   3   3   9   6   0   2  10  0.09 0.10
  235 S    2 -2  0  0 -1 -1 -1 -1 -1 -1  0 -1  0  1 -2  1  1  1 -1  0   15   2   4   4   1   3   5   4   2   4   9   4   3   7   2  12  10   2   2   6  0.10 0.11
  236 G   -1  0  0  0 -3  0  0 -1  2  0 -1  0  1  0  0  0  0  3  1  0    5   5   5   5   0   5   5   5   5   5   5   5   5   5   5   5   5   5   5   5  0.06 0.08
  237 V    0 -1  0  1  1  0  0  2  0 -1 -2  0  0 -1  0 -1  0 -3  1 -1    6   3   5   7   3   4   6  21   3   3   3   6   3   3   5   4   4   0   5   5  0.11 0.13
  238 V    0  0  1  0  0  1  0  0  1  0  0  0  0 -1 -1  0  0  1  0  0    8   7   8   7   2   6   5   6   4   5   9   5   3   3   3   5   4   2   3   7  0.02 0.03
  239 P    0 -2 -1 -1 -1 -1  0 -2 -4  3 -2 -2  0  0  0 -1 -2  1  0  3    8   3   3   4   1   4   6   3   0  21   3   2   2   5   5   4   2   2   3  19  0.23 0.24
  240 F   -1 -3 -2 -1 -1 -3 -2 -3 -2  1 -1 -3  0  6 -3 -3 -2  1  5  0    6   1   2   3   1   1   3   3   1   9   5   2   2  26   2   2   3   1  19   6  0.68 0.45
  241 E   -1  0  0  0  2  0  0 -1  2  0 -1  0  2  1  0 -1  0  4  1 -1    5   5   5   5   5   5   5   5   5   5   5   5   5   5   5   5   5   5   5   5  0.09 0.08
  242 N   -1  0  4  1  0 -1  0 -1  2 -2 -3  1  1 -2  0 -1 -1  3  1 -3    5   5  20   7   2   3   7   5   4   2   3   9   3   2   5   4   3   3   4   2  0.31 0.25
  243 L   -1 -2 -1 -3  0 -2 -2 -1  1 -1 -1 -2  0  5 -1 -1 -2  7  2 -2    6   3   3   2   2   2   3   5   3   3   6   3   2  20   3   4   3  15   7   3  0.67 0.42
  244 Q   -1  0  0  0  2  0  0 -1  2  0 -1  0  2  1  0 -1  0  4  1 -1    5   5   5   5   5   5   5   5   5   5   5   5   5   5   5   5   5   5   5   5  0.09 0.08
  245 I   -1  1 -1  0  1 -1  0 -2  1  1 -1 -1  1  2  0 -1 -1  3  1  1    5   7   3   6   3   3   7   3   4   7   6   4   4   8   4   4   4   4   4  10  0.09 0.08
  246 E    0  0  0  1  1  0  1 -1  1  1 -1  0  0  1 -1  0 -1  2  0  0    6   6   4   7   3   5   9   5   3   8   5   6   3   5   3   6   3   3   3   6  0.04 0.04
  247 E   -2  1  0  2  0  1  2 -3  2  0 -3  2  0 -2  0 -1  0  0 -1  0    4   6   4  13   2   5  14   2   4   5   3  10   2   2   5   4   7   1   2   6  0.22 0.19
  248 G    0  1  0  0 -1 -1  0 -1  6 -1 -2  0  0  2 -1 -1 -2  2 -1 -2    7   7   5   5   1   3   7   5  16   4   4   5   2   8   3   5   3   2   3   3  0.32 0.23
  249 I    0  0  1  0  1 -1  0 -2  2  1  0 -1  0  1 -1 -1  0 -1  0  2    7   5   6   6   3   2   5   3   5   8   8   4   2   6   3   4   5   1   3  15  0.07 0.07
  250 I   -3 -1 -2  0  0 -2 -1 -2 -1  4 -1  0  0  1  2 -3 -1  1  0  2    3   3   2   5   2   2   4   4   2  22   6   6   2   7   9   2   4   2   3  12  0.32 0.22
  251 T   -1  0 -1  2 -1 -1  2 -2  1 -1 -2  1 -1 -2  2  0  1 -1 -1  0    5   5   3  11   1   3  11   4   4   3   3   7   2   2   9   8   9   1   2   7  0.14 0.15
  252 D   -2  0  0  4 -7 -1  2 -3  1 -1 -2  0 -1 -2  3 -1 -2  1 -4 -2    4   5   5  20   0   3  12   3   3   4   4   6   2   2  14   4   3   2   1   4  0.39 0.31
  253 A    0 -1  0  1 -2 -1  2 -1 -1  0 -1  0 -2  2  1 -1 -1 -1 -1  0    9   3   4   9   1   3  14   5   1   6   6   6   1   9   7   4   3   1   2   6  0.12 0.12
  254 E   -1  0 -1  2 -2  0  3 -3  0  0 -1  1  1  0  1 -1 -1 -1 -2 -1    5   5   3  10   1   4  18   2   2   5   7   9   3   3   7   4   4   1   2   4  0.20 0.19
  255 V   -3 -1 -2 -1 -1 -2 -2 -3 -1  4  1  0 -1  0  3 -3 -1  1  0  1    3   4   2   3   2   2   3   2   1  19  11   6   2   4  13   3   5   2   4  11  0.32 0.22
  256 A    0  0  0  2 -2  1  1 -1 -1 -2 -3  1 -2 -2  4 -1 -1 -1 -1 -3    8   4   5   9   1   6   8   6   2   2   4   8   1   2  21   4   4   1   2   2  0.31 0.27
  257 R   -1  2  1  0 -3  1  2  0  1 -2 -3  2 -2 -3  2  0 -1  0  0 -3    6  11   6   6   1   6  11   7   3   3   3  10   1   1   9   7   3   2   3   2  0.20 0.19
  258 F   -1 -2  0  1  1 -3 -1  0  1  0 -1 -1  1  4 -2 -1 -1  3  3 -2    6   2   5   7   2   1   4   8   3   6   7   4   4  15   2   4   4   3   9   3  0.22 0.15
  259 D   -1  0  0  0  2  0  0 -1  2  0 -1  0  2  1  0 -1  0  4  1 -1    5   5   5   5   5   5   5   5   5   5   5   5   5   5   5   5   5   5   5   5  0.09 0.08
  260 N   -1  0  0  0  2  0  0 -1  2  0 -1  0  2  1  0 -1  0  4  1 -1    5   5   5   5   5   5   5   5   5   5   5   5   5   5   5   5   5   5   5   5  0.09 0.08
  261 I   -1  0  0  0  2  0  0 -1  2  0 -1  0  2  1  0 -1  0  4  1 -1    5   5   5   5   5   5   5   5   5   5   5   5   5   5   5   5   5   5   5   5  0.09 0.08
  262 R    0  0 -1 -1  1 -2 -2 -1  2  1 -1 -2  0  3 -1 -2 -2  4  4  0    7   5   3   4   3   2   3   6   4   7   6   3   3  10   4   3   3   6  14   6  0.30 0.20
  263 Q    0  1 -2 -3  2  0 -3 -1  0  2  0 -2  1  2 -3 -2 -1  2  3  1    8   7   2   1   4   4   2   6   2  11   8   3   3   8   1   3   5   2   9  10  0.20 0.14
  264 G    1 -3 -3 -3 -1 -3 -4  6  1 -3 -5 -4 -2 -1 -4  1 -2  0  0 -1   10   2   1   2   2   1   2  47   3   2   1   2   1   3   1   9   3   1   4   4  0.91 0.57
  265 L    0 -2  0  0  2  0  0 -1  2  0 -1  0  1  1 -3  0  0  4  1  0    6   0   6   6   6   6   6   6   6   6   6   6   6   6   0   6   6   6   6   6  0.09 0.14
  266 D   -1  0  0  6 -5 -3 -2 -1  1 -1 -5 -1 -5 -6  0  0  0 -6 -5 -1    4   5   4  48   0   0   0   5   4   4   0   4   0   0   4   6   6   0   0   4  0.85 0.47
  267 F   -1 -1 -1 -2  3 -3 -2 -2  0  0  0 -3  0  4 -1 -1 -1  5  2  1    5   5   2   2   7   0   2   3   2   5   7   0   2  19   4   3   5   8   8  11  0.30 0.24
  268 G   -1 -1  1  2 -5  0 -2  5  1 -5 -3 -1 -4 -2 -5 -1 -2 -5 -5 -2    4   3   7  12   0   5   2  44   3   0   3   4   0   2   0   4   2   0   0   4  0.68 0.41
  269 Y   -2  0 -1 -2 -2 -1 -1 -2  2  0 -1 -2 -1  4 -2 -1  0  3  5  0    3   6   3   2   1   2   3   3   4   5   5   2   1  18   2   4   8   4  18   6  0.37 0.27
  270 G    0  0  0  0 -2  1  0  0  2  0  0  0  1  1 -2  0  0 -2  1  0    6   6   6   6   0   6   6   6   6   6   6   6   6   6   0   6   6   0   6   6  0.04 0.07
  271 P   -1  0  2  0  1  0 -1 -1  3 -1 -2  0  1 -1  2 -1  0 -4  0 -1    5   4  12   6   3   4   4   5   9   4   4   7   4   3   9   4   6   0   3   5  0.12 0.15
  272 D    0 -1  1  3  0  0 -1 -1  2 -1 -2 -1  2  0  2  0 -1 -4  1 -2    6   3   5  19   3   3   4   4   4   3   4   3   6   4  10   6   4   0   5   3  0.19 0.21
  273 P    0 -1  1 -1  1 -1 -2 -1  1 -2 -2 -1  1  0  4  0  1  1  0 -1    8   3   8   3   3   3   2   4   3   2   3   4   3   4  19   8   8   2   3   5  0.23 0.23
  274 L    2 -3  1 -2  2 -2 -3 -3  1 -2 -2 -2  1 -1  0  2  3  2 -1  0   18   2   6   3   4   2   2   3   3   2   4   2   3   3   4  12  15   2   3   7  0.29 0.25
  275 A    3 -4 -3 -2  3 -1 -2  0  0  1 -1 -3 -1  0 -3 -1  1 -1 -1  2   24   1   1   3   5   3   3   9   2   7   5   2   2   5   2   4   8   1   2  12  0.31 0.23
  276 F    0 -6 -3 -2  0 -2 -3 -2  0  2  2 -3  0  4 -6 -2  0  3  1  2    8   0   1   3   2   2   2   3   2   9  18   2   3  14   0   3   6   4   4  13  0.39 0.24
  277 V    0 -3 -2 -2  2 -1 -1 -1  0  1  0 -2  1  1 -2 -1  0  4  0  2    9   2   2   2   5   4   4   5   2   9   9   3   3   6   2   5   5   6   4  15  0.18 0.12
  278 R    0  2 -2 -2  3  1 -1  0  1  1  0  1  0  1 -3 -1 -2  1  0  0    9  10   2   3   6   6   4   7   3   8   8   8   2   5   1   4   2   2   3   7  0.10 0.08
  279 W    1 -2 -2 -6  3  0 -2  0  0  1  1 -2  2  0 -2 -1 -1  5  1  1   10   3   2   0   6   4   3   9   2   6  11   2   5   4   2   5   3   8   4  10  0.25 0.18
  280 H    0 -1 -2 -1  0  0 -1 -1  1  1 -1  0  1  2 -2 -1 -2  5  2  1    8   3   2   5   2   4   4   6   4   8   7   5   3   8   2   4   3   7   8   9  0.15 0.12
  281 Y   -1  0  0  0  2  0  0 -1  2  0 -1  0  2  1  0 -1  0  4  1 -1    5   5   5   5   5   5   5   5   5   5   5   5   5   5   5   5   5   5   5   5  0.09 0.08
  282 D   -1  0  0  3 -1  2 -1  0  0 -1 -1  0 -1  0  0 -1 -1  0 -1  0    5   5   4  16   1   8   4   7   3   4   6   5   2   4   6   5   4   2   3   6  0.12 0.12
  283 K   -2  0 -1  3 -1  0  1  1  1 -1 -3  0  0 -1  1 -1 -1  1  0 -2    4   5   3  14   1   5  10  10   3   4   3   6   2   3   8   5   4   2   4   3  0.15 0.15
  284 R   -1  0  0  0  2  0  0 -1  2  0 -1  0  2  1  0 -1  0  4  1 -1    5   5   5   5   5   5   5   5   5   5   5   5   5   5   5   5   5   5   5   5  0.09 0.08
  285 K   -2  1  2  3  0  0 -1  2  1 -2 -3  1 -1 -2 -3 -2  0  2 -1 -2    4   7   9  15   2   4   5  15   3   3   3  10   2   2   2   2   5   3   2   3  0.28 0.21
  286 N   -1  1  2  1 -4  0  0  2  1 -2 -1  1  0 -1  0 -1 -1  1 -1 -1    3   8  10   8   0   3   7  15   3   2   5   9   3   2   4   4   4   2   2   4  0.13 0.15
  287 R   -1  2  1  0  0  0  1 -1  1 -1 -2  1  0 -1 -1  0  1  1 -1  0    3  12   7   5   2   3   8   5   4   4   3  11   2   2   2   6   9   2   2   7  0.10 0.13
  288 I   -1 -2 -5 -2  2 -2 -3 -3 -1  3  3 -2  1  0 -2 -2 -2  3  0  1    4   2   0   2   4   2   2   2   2  19  27   2   3   4   2   2   2   4   4  10  0.38 0.29
  289 Y   -4 -2 -2 -4 -1 -3 -4 -4  2 -1 -2 -3 -1  1 -3 -4 -3  6  8 -1    2   3   2   2   1   1   2   2   4   4   4   2   2   6   2   2   3   9  45   4  1.52 0.85
  290 A   -1 -1 -3 -2  1 -2 -3 -2 -1  5  1 -2  0  0 -3 -2 -2  2  0  3    6   4   2   2   3   2   2   3   2  25  11   3   2   4   1   3   2   2   3  18  0.46 0.27
  291 I   -1  0 -1  1  1 -1  1 -6  2  1 -1 -1  1  2 -2 -2  0  2  3  0    4   5   3   8   3   3   9   0   4   7   6   4   3   9   3   4   5   3   9   8  0.19 0.15
  292 D   -1  2  0  3  1  0  2 -1  2 -2 -3  0  0 -1 -1 -1 -2  2  0 -2    6  10   5  14   3   5  15   4   5   3   3   5   3   3   3   4   3   3   3   3  0.24 0.21
  293 E   -1  0  0  0  2  0  0 -1  2  0 -1  0  1  0 -3  0  0  3  1  0    5   5   5   5   5   5   5   5   5   5   5   5   5   5   0   5   5   5   5   5  0.06 0.10
  294 L   -1 -1 -1 -1  1 -1 -1 -1  2  1  0 -1  1  2 -4 -2 -1  4  3  0    5   3   3   3   3   3   4   4   5  11  11   3   3   9   0   3   3   5  13   5  0.19 0.19
  295 V   -2 -1 -2 -5  1 -1 -1 -1  1 -1 -2 -1  0  1 -5 -1 -1  3  7  0    4   3   2   0   3   2   5   5   3   3   4   4   2   4   0   4   4   4  36   5  0.70 0.50
  296 D    0  1  0  1  0  1  1  1  0 -2 -2  2 -1 -2 -2 -1 -1  0  1 -2    9   6   3   9   2   7  10  10   3   2   4  12   2   2   2   4   3   1   6   3  0.13 0.15
  297 H   -1  1  2 -1 -1  1  0 -2  1 -1 -3  1 -1 -2 -1  2  2  1  1  0    5   9   9   3   1   5   5   2   4   3   2   9   1   1   3  14  11   2   5   6  0.15 0.19
  298 K   -1  0  0  0  2  0  0 -1  2  0 -1  0  2  1  0 -1  0  4  1 -1    5   5   5   5   5   5   5   5   5   5   5   5   5   5   5   5   5   5   5   5  0.09 0.08
  299 V    0  0 -1 -1  1  0 -1 -2  1  0  1  0  3 -1  0 -1  0  2 -1  1    6   6   3   3   3   4   3   3   4   5  15   8   9   2   4   3   5   3   2   9  0.08 0.12
  300 S   -1 -1  0  1 -3  0  1 -1  1  0  0  0  0  0 -1  0  2  2  0 -1    5   3   4   8   0   4   8   5   3   6  10   4   3   3   3   6  14   3   3   4  0.05 0.10
  301 L   -1 -1  3  0  0  0 -1 -2  1  1  0 -1  1  0  0  0  1 -3  0  0    5   3  16   4   3   3   3   3   3   9   8   4   4   5   5   4   9   0   3   6  0.08 0.13
  302 K    0  1  0  3 -1  0  2 -1  1 -2 -3  0  0 -2  0  1 -1  2  0 -2    7   7   4  16   2   4  13   5   3   2   2   5   2   2   5   9   4   2   4   3  0.17 0.19
  303 R   -1  0  0  0  2  0  0 -1  2  0 -1  0  2  1  0 -1  0  4  1 -1    5   5   5   5   5   5   5   5   5   5   5   5   5   5   5   5   5   5   5   5  0.09 0.08
  304 T   -2 -2 -1 -2  2 -1 -2 -4  3  3  2 -2  1 -1 -3 -1  1  3  1 -1    4   2   3   3   3   3   3   2   6  16  18   2   4   3   2   5   8   4   5   4  0.31 0.22
  305 A   -1  0  0  0  2  0  0 -1  2  0 -1  0  2  1  0 -1  0  4  1 -1    5   5   5   5   5   5   5   5   5   5   5   5   5   5   5   5   5   5   5   5  0.09 0.08
  306 D    0  0  0  2  1  1  1 -2  1 -1 -2  1  0 -1 -1 -1 -1  2  0  0    9   6   5  10   2   7  11   3   3   4   4   7   3   3   3   5   5   3   3   6  0.10 0.11
  307 F   -1  0 -2 -1  0 -1  1 -3  1  0  1  1  2  3 -2 -2 -2  5  1 -1    5   5   2   4   2   3  10   3   3   4  12   7   5  10   2   3   2   8   5   4  0.25 0.19
  308 V   -1 -1 -1 -1  1 -1 -2 -3  0  3  1 -1  3  1 -1 -2  0  2  0  1    5   3   3   3   3   3   3   3   3  14  15   4   7   6   3   3   5   3   4   8  0.19 0.13
  309 R   -1  2  0  0  1  0  0 -1  1  0 -1  2  1 -1 -1 -1  0  2  1 -1    4  10   4   5   3   4   6   5   3   6   6  15   3   3   3   4   5   3   5   4  0.11 0.11
  310 K    1  1 -1  1 -7  2  2 -3 -1 -1 -2  2  0 -2 -3 -1 -1  0 -1 -1   10   7   3   9   0   8  13   2   2   4   5  14   3   2   2   5   3   2   2   4  0.22 0.21
  311 N   -1  0  0  0  2  0  0 -1  2  0 -1  0  2  1  0 -1  0  4  1 -1    5   5   5   5   5   5   5   5   5   5   5   5   5   5   5   5   5   5   5   5  0.09 0.08
  312 K   -1  0  0  0  1  0  0  2  1  1 -2  1  1 -1  0 -1 -1  2  0 -1    4   5   5   5   3   4   6  16   4   7   5   8   3   3   5   4   4   3   4   4  0.09 0.09
  313 Y    0 -1 -1 -1  0 -1  0  0  1  1 -1 -1 -1  0  2 -2 -3  2  4  0    7   3   3   4   2   3   7   6   4   9   6   3   2   4   9   4   2   2  15   6  0.20 0.17
  314 E   -2  2  1  1 -7  0  2  1  3 -3 -3  1 -1 -2  2  0 -1  2 -1 -3    4   9   6   8   0   5  11   9   6   2   3   9   1   2   9   6   4   3   2   2  0.24 0.22
  315 S   -2  1  2  1 -2  0 -1  0  2 -1 -3  2 -2 -1  0  0  0  0  0 -2    3   8  11   8   1   3   4   6   4   4   3  14   1   3   6   6   5   2   3   4  0.18 0.17
  316 A    0 -1  0  2 -1  0  2  0  1  0 -2 -1  0 -1 -2  0 -1  4  1  0    8   4   4   9   2   3  14   6   3   5   4   4   2   3   2   6   4   5   5   6  0.13 0.13
  317 R   -2  2 -2 -2 -1 -1  0 -4  0  1  0  1  0 -1  2 -2  1  1  2  0    4  12   2   3   1   2   6   1   3   7   9   8   2   3  11   3   8   2   6   7  0.17 0.16
  318 I   -1  0  0  0  2  0 -2 -1  2  0 -1  0  1  1  0  0  0  3  1  0    5   5   5   5   5   5   0   5   5   5   5   5   5   5   5   5   5   5   5   5  0.06 0.11
  319 I   -2  0 -2 -2  1 -1 -2 -2  1  3 -2 -1  1  2 -1 -2  0  4  4  1    4   5   3   3   3   3   4   3   3  15   4   3   3   7   3   3   5   5  13  10  0.33 0.22
  320 A    3  0 -3 -1  5 -3 -2  1  1 -1 -2 -3 -1 -1 -1  0 -3  1  1  0   24   5   2   4  10   2   3  10   3   4   4   2   2   3   3   7   2   2   5   5  0.37 0.25
  321 D   -3 -3  0  7  2 -2 -1  0  0 -9 -9 -2 -9 -9  0 -3 -1 -9 -9 -3    3   2   4  54   4   2   4   7   2   0   0   3   0   0   6   3   4   0   0   2  1.47 0.78
  322 S   -1 -1  0  2  0 -2 -1  0  1 -2 -3 -2 -5 -1  3  3 -1  0  0 -1    5   3   4  10   2   1   4   7   4   3   2   2   0   3  14  24   4   1   3   4  0.31 0.31
  323 S    5 -3  0  1 -1 -1 -1 -1  2 -4 -4 -3 -5 -1 -3  2 -3 -7 -2 -1   40   1   4   8   1   3   4   5   4   1   1   1   0   3   1  16   2   0   1   5  0.63 0.48
  324 E   -1  0  0  0 -3  0  0 -1  2  0 -1  0  1  0  0  0  0  3  1  0    5   5   5   5   0   5   5   5   5   5   5   5   5   5   5   5   5   5   5   5  0.06 0.08
  325 P    0 -1  0  0 -4  0  0  1  0 -1 -2  0  0 -1  3 -1 -1  2  0 -2    8   3   5   5   0   5   6  13   3   3   4   6   3   3  17   4   4   3   3   3  0.18 0.18
  326 R   -1  0  0  0 -3  0  0 -1  2  0 -1  0  1  0  0  0  0  3  1  0    5   5   5   5   0   5   5   5   5   5   5   5   5   5   5   5   5   5   5   5  0.06 0.08
  327 S    0  0  0  0 -3  0  0 -1  0 -1  0  0  1  1 -1  1  1  2  1  0    7   6   3   4   0   3   4   4   3   4   8   7   4   8   3  11   9   3   4   5  0.04 0.09
  328 I   -2  0 -1 -1  1 -1 -2 -2  0  5  0 -1  1 -1 -2 -2 -1  2  0  0    4   6   3   4   3   3   3   4   3  27   8   4   4   3   3   3   4   2   3   6  0.35 0.21
  329 D    1  0  2  1  1  1  1 -1  2  0 -2  0  1  0 -5  0  0 -5  0 -1   13   4   9   6   3   7   8   5   4   5   4   5   4   4   0   5   5   0   3   5  0.12 0.12
  330 A    1  0 -3  2 -2  3  4 -4  1 -3 -4 -2 -1 -2 -4 -2  0  0  0 -1   10   5   2  11   1  10  26   2   4   2   2   3   2   2   1   3   6   1   4   4  0.49 0.39
  331 L   -2 -2 -4 -3  0  0 -2 -4 -1  3  4 -3  3  2 -8 -3 -2  3  2 -1    4   2   1   2   2   4   3   2   2  13  31   2   5   7   0   2   3   3   7   4  0.57 0.34
  332 K   -1  4  0 -3 -2  2 -1 -2  0 -1  1  2  1  2 -6 -2 -3  0  1 -3    5  20   4   1   1   7   4   4   2   4  12  13   4   7   0   3   2   1   4   2  0.38 0.26
  333 L    0  3  0 -1  0  2  0 -1  1 -1  0  1  0 -2 -3 -1  0  0  0 -2    8  16   4   3   2   9   6   5   3   3  10   8   3   2   2   5   5   1   3   3  0.17 0.14
  334 E   -1  3  1  3 -6  2  2 -3  2 -4 -3  1  0 -3 -3 -1 -1  0 -2 -3    6  17   5  14   0   8  14   2   4   1   2   8   3   1   1   5   3   1   2   2  0.39 0.33
  335 H    1  0  2 -2  0  0 -1  1  3 -3  0  0  0  0 -3 -1 -1  0  3 -3   13   5   8   3   2   4   5   9   6   1  10   6   2   3   2   4   4   1  10   2  0.19 0.16
  336 G   -4 -1  0 -2 -2 -3 -3  6 -2 -3 -3 -2 -6 -3 -5 -3 -4  0 -2 -5    2   4   4   3   1   1   2  63   1   2   3   3   0   1   1   2   1   1   2   1  1.36 0.74
  337 I   -3 -2 -5 -4  0 -3 -4 -1 -1  4  2 -3  0  4 -5 -4 -3  3  2  2    2   3   0   1   2   1   1   5   2  21  19   2   2  16   0   2   1   3   5  11  0.59 0.35
  338 N   -1  0  0  0  2  0  0 -1  2  0 -1  0  2  1  0 -1  0  4  1 -1    5   5   5   5   5   5   5   5   5   5   5   5   5   5   5   5   5   5   5   5  0.09 0.08
  339 R    0  0  0 -1  2 -1 -1 -2  2  0 -1 -1  1  1  0 -1  0  3  1  1    9   6   5   4   4   3   3   4   4   6   6   4   3   5   4   4   5   4   4  12  0.07 0.06
  340 I   -1  0  0  0  2  0  0 -1  2  0 -1  0  2  1  0 -1  0  4  1 -1    5   5   5   5   5   5   5   5   5   5   5   5   5   5   5   5   5   5   5   5  0.09 0.08
  341 E   -1  1  0  0 -5  1  1 -2  1 -1 -2  1  1  0  1 -1 -1  2  1  0    5   8   4   5   0   5   8   4   3   4   4  10   3   3   8   5   4   3   6   7  0.12 0.12
  342 G    3 -1  0 -1  1 -1 -1  1  0 -2 -3 -1  0 -1  2 -1 -1  2  0 -1   22   3   4   3   3   3   4  11   3   3   3   4   3   3   9   5   4   3   3   4  0.21 0.20
  343 A    1  0 -1 -1  2 -1 -2 -1  2  0 -1 -1  1  0  0 -1  0  2  0  1   14   5   3   4   4   3   3   4   5   6   5   4   4   4   5   5   5   2   3  12  0.09 0.09
  344 K   -2  1  3  0  0 -2  0 -2  1 -1 -3  4  0 -2  1 -1 -1  1 -1 -2    4   8  11   4   2   2   6   4   3   4   3  23   2   2   7   4   5   2   2   4  0.32 0.26
  345 K   -1  0  1  0 -2  0 -2 -3 -1 -4 -4  6 -1 -1 -2 -2 -3 -8 -3 -3    5   6   6   6   1   4   3   3   2   1   2  44   2   3   2   4   2   0   1   2  0.91 0.56
  346 G    1  0  0 -1 -1 -2 -2  3  0 -1 -3 -1  0 -1 -1 -1  0  3 -1  2   10   5   4   3   1   2   2  22   2   4   3   4   2   3   4   4   6   4   2  12  0.25 0.19
  347 P    0 -1  0  0 -6  0 -1 -1  0  0 -1  2  1 -3  4 -1 -1 -1 -1  0    9   4   4   6   0   4   4   5   2   5   6  12   3   1  17   4   4   1   3   7  0.22 0.19
  348 D   -2 -1  4  3 -7 -2 -1  3  1 -3 -3  0 -3 -2 -2 -2 -1 -1 -3 -3    4   4  19  16   0   2   4  21   3   2   3   5   1   2   3   4   3   1   1   2  0.55 0.37
  349 S   -1  0  0  2 -2 -3 -2  2 -2 -4 -6 -1 -1 -4 -5  4 -1 -1 -3 -3    5   5   5  10   1   2   3  17   1   1   1   4   2   1   1  32   5   1   1   3  0.61 0.46
  350 V    0  0  0  0  2  1  0  0  2  0 -1  0  1 -2  0  0  0  3 -2  0    6   6   5   6   5   5   6   6   5   6   6   6   5   0   6   6   6   5   0   6  0.07 0.11
  351 E    0  0  0  0  0  0  0 -1  0  0  0  0  1  0  0  0  0 -2  0  0    7   6   5   4   3   4   8   5   3   6   6   8   5   5   4   6   4   0   3   8  0.02 0.03
  352 H    1  0  2  1  0  1  0 -2  1 -1 -1  0  0  0 -1  0  0  1  2 -1   11   5   9   7   2   6   7   3   4   3   5   5   2   4   3   5   4   2   8   5  0.07 0.10
  353 G   -2  0 -1 -3  1 -2 -3  5 -1  0 -1 -3  0 -1 -7  0 -1  1 -1  1    3   6   3   2   3   2   2  35   1   5   6   2   3   3   0   6   4   2   2  11  0.53 0.34
  354 E   -2  0 -1 -1  1 -1 -2 -2  1  4 -1 -1  2 -1 -2 -2  0  6  1  0    4   5   4   3   3   3   3   3   3  21   6   5   4   3   3   3   6  10   4   5  0.37 0.24
  355 R    0  1  0  1  1  1  1  0  0 -1 -2  1  1 -1 -1  0  0  2  0 -1    7   7   5   7   3   7   9   7   3   3   4   9   4   3   3   6   5   3   3   4  0.08 0.09
  356 W   -1  2 -1 -2  1 -1  0 -3  0  0  1  1  3  2 -7 -2 -1  6  1 -2    5  10   3   2   3   3   7   2   3   5  12   8   6   8   0   4   4   9   4   3  0.32 0.23
  357 L   -1 -3 -3 -4  0 -6 -6 -7 -1  2  4 -3  4 -1 -6 -3 -2  0 -2  2    5   2   2   1   2   0   0   0   1  12  42   1   9   2   0   2   2   2   2  14  0.81 0.50
  358 D    0  2  1  1 -2  4 -1 -3  0 -3 -2  4  0 -2 -5 -1 -2  0 -1 -3    6  11   7   7   1  17   4   2   2   2   4  21   3   2   0   4   2   1   2   2  0.46 0.38
  359 E    0  1  2  2 -5  2  1  1 -1 -3 -3 -1  0 -2 -2  2 -1 -1 -2 -2    8   8   9   9   0   9   8  12   2   1   3   3   3   2   2  13   3   1   1   3  0.22 0.24
  360 L   -2  0  0 -1  0  0 -2  0  1  0  1  0  1  3 -3 -2 -2  2  4 -2    3   6   5   3   2   4   2   7   3   5  14   5   4  14   1   3   2   3  12   3  0.24 0.21
  361 D   -2  3  2  2 -2  0  1 -2  0 -4 -3  3 -2 -2  1 -2  0 -6 -2 -3    4  16   8  12   1   4   9   4   2   1   3  15   1   2   6   3   6   0   2   2  0.33 0.29
  362 A   -1  2  0  0 -1  0  0  0 -1  1  1  1  0  0  1 -1  0 -1 -1 -1    4  11   4   4   1   3   4   8   2   8  13  10   2   4   7   3   5   1   2   4  0.06 0.08
  363 I   -4  0 -2 -3  0 -3 -3 -4  3  4  2  0  1  2 -4 -3 -3  1  2  0    1   6   2   2   2   1   2   2   6  23  16   7   3   7   1   3   1   2   6   6  0.52 0.30
  364 V   -3 -1 -3 -5 -2 -2 -3 -4  1  4  1 -1 -1  2 -6 -3 -2  3  3  3    2   4   1   1   1   2   2   2   4  19  13   4   1   7   0   2   2   4   9  21  0.54 0.35
  365 I   -2 -1 -2 -3 -1 -2 -3 -4 -2  5 -1 -2 -1  3 -3 -2  2 -5  0  2    3   4   2   2   1   2   2   2   1  30   6   3   1  10   1   3  10   0   3  14  0.54 0.34
  366 D   -3 -2  0  4 -1 -1  0 -3  5  0 -3  1 -1  1 -2 -1 -4 -2 -2  1    2   2   4  22   1   2   7   2  15   6   2   8   1   6   2   6   1   1   1  10  0.49 0.32
  367 P   -1  0  0  2  0 -1 -1 -2  1 -2 -3  0 -2  0  4  1  0 -2  0 -2    5   5   5  10   2   3   4   3   4   3   3   6   1   4  20   9   6   1   3   3  0.28 0.23
  368 L    0  1  1  2 -2 -1  2 -1 -1 -2 -2  2 -2 -2  1  1  0 -4 -2 -1    7   7   5  12   1   2  12   5   1   2   3  11   1   2   6  12   5   0   1   4  0.19 0.18
  369 R   -1  4  2  0  0 -1  1 -2  0 -4 -2  2 -3 -3 -3  0  0 -5 -2 -2    4  25   9   6   2   2   8   4   2   1   4  12   1   1   1   8   5   0   1   3  0.41 0.31
  370 T   -2 -4 -1 -3 10 -3 -3 -4 -7 -5 -4 -5 -2 -4 -2  2 -1 -7 -1 -3    3   1   3   2  54   1   2   2   0   1   2   1   1   1   3  15   4   0   2   2  2.11 1.03
  371 P   -2  0 -3 -1 -6  0  1 -3  0 -1 -2  2 -3 -3  4 -1  2 -3 -2  1    3   5   1   3   0   4   8   2   2   4   5  14   1   1  18   4  12   0   1  12  0.35 0.32
  372 N   -2 -1  6  1 -1 -2  1 -1  4 -4 -3  0 -4 -5 -3 -2 -2 -1 -2 -3    3   4  38   6   1   2   9   6   9   1   4   5   0   0   1   3   2   1   2   2  0.85 0.57
  373 I    0 -6 -6 -7  1 -6 -5 -3 -2  1  4 -6  0  3 -7 -2  3 -1 -2  1    7   0   0   0   3   0   1   3   1   8  35   0   2  10   0   2  19   1   1   7  0.75 0.50
  374 A    0 -1 -5 -5 -1 -1 -1 -6 -3  5  1  0  0 -1 -4 -3 -3  2  1  0    9   3   1   0   1   3   4   1   1  36  13   6   2   3   1   2   2   3   4   5  0.64 0.42
  375 R   -2  4  1  2 -7  0  3 -2 -1 -5 -4  3 -1 -3 -6 -1 -2 -1 -1 -4    4  19   8  10   0   4  16   3   1   1   1  19   1   1   0   5   2   1   2   1  0.58 0.44
  376 E   -1 -5 -3  0  1  0  7 -4 -3 -5 -7 -5 -5 -9 -7 -2  0 -9 -5 -8    5   0   1   6   2   4  68   2   1   1   1   0   0   0   0   4   6   0   0   0  1.76 1.04
  377 F   -2 -4 -3 -7 -1 -1 -5 -7 -1  3  3 -3  1  5 -7 -5 -4 -1  1  0    4   1   1   0   1   3   1   0   2  17  30   2   3  23   0   1   1   1   5   5  0.86 0.52
  378 E   -2  2  1  0 -2  2  2 -1 -1 -3 -2  1 -1 -2  3  0  0 -5  0 -2    3  11   6   4   1   7  13   5   1   1   3   9   2   1  12   7   6   0   4   2  0.24 0.25
  379 N    0  0  4 -1 -2  1  0  1 -1 -3 -1  0  2 -4 -5  2  1 -3 -2 -2    7   5  19   2   1   6   5  10   2   1   6   5   4   0   0  15   7   0   1   2  0.30 0.30
  380 I   -3 -5 -6 -5 -1 -3 -8 -7 -3 -3  0 -5 -1 -1 -7 -5 -5  3  9 -2    2   1   0   1   2   1   0   0   1   2  11   1   2   2   0   1   1   3  66   3  2.27 1.17
  381 D   -1  3 -3 -1  0  2  1 -4  1  0 -2  1 -1 -2 -2  1  0 -5 -3  2    5  14   1   3   2   9   8   1   3   5   3   9   1   2   1  11   6   0   1  15  0.25 0.26
  382 Y   -5 -1 -5 -7 -3 -5 -5 -6  2 -3 -3 -7 -4  1 -5 -6 -5 11  7 -5    1   3   1   0   1   1   1   1   4   2   3   0   1   5   1   1   1  43  30   1  2.50 1.19
  383 Q    0  0  0  4 -3  1  1 -3 -2 -2 -3  4 -1 -5 -1 -2 -2 -2 -3 -2    8   5   3  22   1   6  10   2   1   2   3  23   2   0   4   2   2   1   1   3  0.47 0.36
  384 T   -2  0 -1  1 -4  1  2 -3 -2 -1 -1  3 -2 -2  1 -1  1 -1 -2  0    3   6   2   7   0   5  16   2   1   3   5  16   1   2   8   4  10   1   1   9  0.23 0.23
  385 D   -3 -2  2  6 -5 -1 -1 -1 -1 -4 -3  2 -2 -5 -2 -2 -1 -4 -5 -4    2   3   9  43   0   2   4   4   1   1   3  14   1   0   2   3   5   0   0   1  0.91 0.55
  386 K    1  3 -2 -2 -5 -1  0 -3 -3 -2 -5  5 -4 -4  0 -1 -1 -6 -4 -2   13  13   2   3   0   2   5   2   1   2   1  38   0   1   6   4   4   0   1   2  0.71 0.50
  387 N    0  0  3  3 -3  0  0 -1  0 -2 -2 -1 -1 -2 -1  0  2 -5 -2 -2    9   5  14  17   0   4   7   4   2   2   5   4   1   1   3   7  11   0   1   2  0.25 0.23
  388 G   -2 -2  0  0 -5 -1  1  5 -3 -3 -3 -1 -3 -5 -1 -1  0 -5 -5 -4    2   2   4   6   0   3   8  48   1   2   3   4   1   0   3   5   6   0   0   1  0.81 0.50
  389 D   -3  1  4  3 -4  0  2 -2 -1 -1 -3  2 -2 -4 -3 -1  0 -5 -2 -2    2   8  19  15   0   4  14   3   1   4   2  11   1   1   1   4   5   0   1   3  0.41 0.32
  390 P    0 -1 -2  0 -2 -1  0  1 -1  1  0  0 -1  0  2 -1 -1  1  1  1    7   3   2   7   1   2   5  10   1  11   8   5   1   4  12   3   3   2   5  11  0.10 0.11
  391 I   -1  0 -1  0 -2 -1  0 -3 -2  2  2  1  0 -1 -1 -1  2 -3 -2  1    4   5   2   5   1   2   6   2   1  10  18  10   2   2   3   3  14   0   1   8  0.14 0.16
  392 P   -2 -2  3  4 -3 -2  2  0 -2 -4 -4  0 -1 -4  2  0 -1 -6 -4 -3    4   2  13  23   1   1  14   7   1   1   2   7   2   1  10   7   4   0   1   2  0.48 0.37
  393 R   -1  1 -1  1 -3  1  3 -1 -1 -1 -3  4 -2 -6 -2 -2  0 -6 -5  1    4   6   2   7   1   5  21   5   1   3   2  22   1   0   2   2   6   0   0   9  0.42 0.36
  394 L   -3 -1 -2 -1 -6 -2 -3 -5 -3  0 -1 -1 -3 -3  7 -4 -2 -4  1  0    3   3   2   4   0   2   2   1   1   6   6   3   1   1  49   1   2   0   5   7  1.14 0.71
  395 E   -3 -2 -2 -2 -3 -1  1 -4  2  3  0  0 -1 -1  2 -3 -1 -3 -1  3    2   2   2   2   0   2  10   1   5  17   7   6   1   2  11   1   3   0   2  21  0.35 0.30
  396 D   -4 -4 -1  6 -8 -3 -1 -2  2 -4 -6  5 -7 -5 -4 -3 -4 -8 -7 -5    1   1   3  42   0   1   3   3   5   1   1  32   0   1   1   2   1   0   0   1  1.43 0.82
  397 K    0  0 -1  0 -5  1  2  1  0 -1 -2  3 -2  0 -3 -1 -1  2 -2 -1    9   4   3   5   0   5  16  11   2   4   4  18   1   4   1   3   3   3   1   5  0.22 0.23
  398 D   -2 -3  5  4 -5 -3  0 -3  3 -5 -3 -2 -2  2 -2 -2 -4  2  3 -5    3   1  26  21   0   1   6   2   7   1   2   3   1   8   2   2   1   3   8   1  0.80 0.54
  399 N   -6 -6  5  7 -1 -4 -3 -3 -6 -4 -8 -4 -5 -8 -2  1 -1 -8 -7 -7    0   0  25  50   2   1   1   2   0   1   0   1   0   0   2   9   4   0   0   0  1.66 0.91
  400 H   -8 -7 -3  3 -9 -5 -5 -8 11 -9 -9 -7 -8 -8 -8 -7 -8 -9 -6 -9    0   0   1  15   0   0   1   0  81   0   0   0   0   0   0   0   0   0   0   0  3.78 1.62
  401 T    3 -4 -4 -5  4 -4 -3  1  0  0  1 -5  0  0 -1  1  1 -1 -1 -1   26   1   0   0   8   0   1  11   2   5  11   0   2   3   3  10   8   1   2   4  0.35 0.32
  402 I    0 -5 -3 -7  4 -3 -5 -4 -4  4  1 -5  6  0  0 -2 -4  2  0  1    6   0   1   0   7   1   1   1   0  19  14   1  20   3   6   3   1   3   3   9  0.74 0.48
  403 D   -3 -8 -2  8 -5 -6 -4 -7 -2 -10 -10 -6 -6 -10 -8 -3 -6 -11 -10 -8    3   0   2  90   0   0   1   0   1   0   0   0   0   0   0   2   0   0   0   0  2.99 1.41
  404 A    7 -6 -5 -4  3 -4 -3 -1 -7 -7 -6 -6  0 -8 -4  0 -3 -9 -8 -4   72   0   1   1   5   1   2   5   0   0   0   0   2   0   1   7   2   0   0   1  1.68 0.96
  405 T   -1 -3 -4 -3 -1 -3 -3 -2 -6  3  4 -4  3  2 -6 -3 -1  0 -3  1    6   2   1   1   1   1   2   4   0  13  35   1   8   8   0   2   4   1   0  10  0.57 0.38
  406 R   -4  8 -5 -5 -3 -2 -1 -1 -4 -5 -5 -2 -4 -9 -8 -4 -6 -2 -8 -4    2  79   0   1   1   2   4   4   0   1   1   2   1   0   0   1   0   1   0   1  2.34 1.17
  407 Y   -7 -9 -10 -11 -10 -9 -10 -11 -2 -9 -9 -9 -4 -2 -11 -9 -9 -5 10 -9    0   0   0   0   0   0   0   0   1   0   0   0   0   1   0   0   0   0  97   0  4.16 1.77
  408 A    5 -6 -6 -5  0 -6 -6  3 -6 -2 -2 -6 -1  0 -3  0 -4 -7 -1  0   46   0   0   0   2   0   0  24   0   2   4   0   2   4   1   6   1   0   2   5  0.97 0.62
  409 F   -2 -5 -7 -7  3 -6 -5 -7 -2  4  3 -6  2  1 -6 -5 -1  1 -3  3    3   0   0   0   6   0   0   0   1  19  32   0   5   5   0   1   4   2   1  22  0.87 0.49
  410 E   -2 -2  1 -1 -4  1  3 -5  4 -4 -3 -2  6  0 -5  0 -2  2  3 -3    3   2   7   3   0   6  21   0   9   0   1   1  18   4   0   8   2   3   9   1  0.65 0.49
  411 R   -1  1  0  2 -5  0  1 -1 -2 -3 -4  0 -3 -3  1  2  3 -3 -2 -3    5   9   3  11   0   4   8   6   1   1   1   4   0   1   6  18  20   0   1   1  0.35 0.32
  412 D   -2 -1 -2  1 -3 -2  0 -4  3  2  1  0  1  0 -3 -2 -3  2  3  1    3   3   2   8   0   1   7   1   9  12  16   6   4   3   1   1   1   3  10   9  0.23 0.22
  413 M   -1  1 -2 -1  0 -2 -1 -4 -2  3  1 -1  3  2 -1 -1 -2  5  1 -1    5   7   2   3   2   2   3   1   1  18  11   5  10   8   3   4   2   7   5   3  0.25 0.22
  414 K   -2  4  0 -3 -5  2 -1  0 -4 -3 -3  4  0 -2 -1  0 -1 -2 -2 -3    3  26   4   1   0   8   3   7   0   1   2  24   2   2   4   5   4   1   1   2  0.52 0.38
  415 K    0  4  0 -1 -5  2 -1  0  0 -2 -3  4  0 -4 -2 -1 -3 -5 -1 -2    7  20   5   4   0   8   3   6   2   3   2  27   2   1   2   4   0   0   2   2  0.45 0.33
  416 G   -1  4  0 -2 -5  0 -3  4 -3 -4 -3  0 -1 -2 -1  1 -1 -5 -1 -3    4  21   5   1   0   3   1  33   0   1   2   5   1   2   3  11   2   0   3   1  0.53 0.36
  417 G   -2  0  2  0 -5 -2 -1  5 -4 -6 -5  2 -5 -2 -5  0 -2 -6 -5 -4    2   6  11   4   0   1   3  49   0   0   0  12   0   2   0   7   2   0   0   1  0.86 0.46
  418 V    1  0 -2 -1 -2 -2 -2 -1 -1  2  1 -1  1  1 -2 -1 -1  0  1  1   12   7   1   3   0   0   2   4   2  16  17   3   3   5   1   4   4   2   7  10  0.09 0.11
  419 S    0 -1  0 -1 -4  0  0  3 -3 -3 -4  1 -3 -4 -3  3  1 -5 -3 -2    4   3   3   2   0   3   6  21   0   1   1  10   0   0   0  32  10   0   1   3  0.43 0.30
  420 L   -3 -2 -4 -1 -3 -2 -3 -3 -3  2  1 -3  1  4  0 -3 -1 -2  2  3    0   2   0   3   0   2   0   2   0  11  10   1   3  22   5   1   4   0   7  26  0.40 0.25
  421 W   -3 -2 -5 -5 -5  0 -4 -5 -3 -1 -2 -1 -3  4 -5 -1 -2  9  4 -2    2   2   0   0   0   5   0   0   0   3   2   5   0  21   0   4   1  37  16   2  1.45 0.49
  422 G   -1 -4 -2 -3 -4 -3 -4  7 -4 -5 -5 -3 -4 -5 -4  2 -3 -4 -5 -5    0   0   0   0   0   0   0  84   0   0   0   0   0   0   0  16   0   0   0   0  1.56 0.42

                      K         Lambda
Standard Ungapped    0.1372     0.3194
Standard Gapped      0.0410     0.2670
PSI Ungapped         0.1120     0.3182
PSI Gapped           0.0343     0.2670
