
Last position-specific scoring matrix computed, weighted observed percentages rounded down, information per position, and relative weight of gapless real matches to pseudocounts
           A  R  N  D  C  Q  E  G  H  I  L  K  M  F  P  S  T  W  Y  V   A   R   N   D   C   Q   E   G   H   I   L   K   M   F   P   S   T   W   Y   V
    1 M   -1 -1 -2 -3 -1  0 -2 -3 -2  1  2 -1  5  0 -2 -1 -1 -1 -1  1    0   0   0   0   0   0   0   0   0   0   0   0   0   0   0   0   0   0   0   0  0.00    0.00
    2 E   -1  0  0  1 -4  2  5 -2  0 -3 -3  1 -2 -3 -1  0 -1 -3 -2 -2    0   0   0   0   0   0   0   0   0   0   0   0   0   0   0   0   0   0   0   0  0.00    0.00
    3 A    3 -1  0 -1 -1  0 -1  0 -1 -2 -2  0 -1 -2 -1  3  1 -3 -2 -1   50   0   0   0   0   0   0   0   0   0   0   0   0   0   0  50   0   0   0   0  0.35 0.00
    4 I   -1 -3 -3 -3 -1 -3 -3 -4 -3  4  2 -3  1  0 -3 -3 -1 -3 -1  3    0   0   0   0   0   0   0   0   0 100   0   0   0   0   0   0   0   0   0   0  0.39 0.00
    5 L   -2 -2 -3 -4 -2 -2 -3 -4  0  0  3 -2  1  2 -3 -2 -2  1  5  0    0   0   0   0   0   0   0   0   0   0  50   0   0   0   0   0   0   0  50   0  0.42 0.00
    6 M   -1 -1 -1 -2 -1 -1 -1 -2 -2  0  1 -1  4 -1 -2  0  3 -2 -1  0    0   0   0   0   0   0   0   0   0   0   0   0  50   0   0   0  50   0   0   0  0.24 0.00
    7 I   -1 -2 -3 -3 -1 -1 -3 -3 -2  3  2 -2  4  0 -3 -2 -1 -2 -1  2    0   0   0   0   0   0   0   0   0  50   0   0  50   0   0   0   0   0   0   0  0.30 0.00
    8 G    0 -3 -1 -1 -3 -2 -2  6 -2 -4 -4 -2 -3 -3 -2  0 -2 -3 -3 -3    0   0   0   0   0   0   0 100   0   0   0   0   0   0   0   0   0   0   0   0  1.07 0.02
    9 V   -1 -3 -3 -4 -1 -3 -3 -4 -3  4  2 -3  1  0 -3 -2 -1 -3 -1  3    0   0   0   0   0   0   0   0   0  51  25   0   0   0   0   0   0   0   0  24  0.36 0.02
   10 L   -1 -3 -3 -4 -1 -3 -3 -4 -3  3  3 -3  2  0 -3 -2 -1 -2 -1  2    0   0   0   0   0   0   0   0   0  25  49   0   0   0   0   0   0   0   0  26  0.36 0.01
   11 A    1 -3 -3 -3 -1 -2 -3 -2 -3  3  1 -2  1 -1 -2 -1  0 -3 -2  3   24   0   0   0   0   0   0   0   0  50   0   0   0   0   0   0   0   0   0  26  0.25 0.02
   12 L   -1 -2 -4 -4 -1 -2 -3 -4 -3  2  4 -3  2  0 -3 -2 -1 -2 -1  2    0   0   0   0   0   0   0   0   0   0  75   0   0   0   0   0   0   0   0  25  0.40 0.02
   13 C    1 -2 -2 -2  5 -2 -2 -2 -2 -1 -1 -2 -1  3 -2  0  2 -1  0 -1   25   0   0   0  24   0   0   0   0   0   0   0   0  25   0   0  26   0   0   0  0.28 0.02
   14 V   -1 -3 -3 -4 -2 -3 -3 -4 -3  3  1 -3  1  3 -3 -2 -1 -1  0  3    0   0   0   0   0   0   0   0   0  50   0   0   0  26   0   0   0   0   0  24  0.33 0.02
   15 I   -1 -3 -3 -3 -2 -3 -3  2 -3  4  1 -3  0 -1 -3 -2 -1 -3 -2  2    0   0   0   0   0   0   0  25   0  75   0   0   0   0   0   0   0   0   0   0  0.29 0.02
   16 F    1 -3 -3 -3 -1 -2 -2 -2 -2  0  0 -2  0  3 -3 -1 -1  7  1  1   26   0   0   0   0   0   0   0   0   0   0   0   0  24   0   0   0  25   0  25  0.46 0.02
   17 L   -1 -1 -2 -3 -2 -1 -2 -3 -2  2  3  1  1  0 -2 -2 -1 -2 -1  1    0   0   0   0   0   0   0   0   0  26  49  25   0   0   0   0   0   0   0   0  0.21 0.01
   18 L   -1 -3 -3 -4 -2 -3 -3 -4 -3  3  2 -3  1  3 -3 -2 -1 -1  0  2    0   0   0   0   0   0   0   0   0  25  24   0   0  25   0   0   0   0   0  26  0.30 0.01
   19 S    0  0  0 -1 -2  0 -1  4 -2 -3 -3  2 -2 -3 -2  2  0 -3 -3 -3    0   0   0   0   0   0   0  51   0   0   0  25   0   0   0  24   0   0   0   0  0.48 0.02
   20 G    0 -2 -1 -2 -2 -2 -2  4 -2  0  0 -2  3 -2 -3 -1 -1 -2 -2  1    0   0   0   0   0   0   0  49   0   0   0   0  26   0   0   0   0   0   0  25  0.34 0.02
   21 R    1  2 -1 -2 -1 -1 -1 -2 -2  1  0  0  0 -2 -2  0  2 -3 -2  1   25  24   0   0   0   0   0   0   0  26   0   0   0   0   0   0  25   0   0   0  0.14 0.01
   22 N   -2 -1  3 -1 -2 -1 -1 -2  4  0  2 -1  1 -1 -3 -1 -1 -2  0 -1    0   0  24   0   0   0   0   0  25   0  51   0   0   0   0   0   0   0   0   0  0.23 0.02
   23 N    0 -1  3  3 -2 -1  0  3 -1 -3 -4 -1 -3 -3 -2  2  0 -3 -3 -3    0   0  24  25   0   0   0  26   0   0   0   0   0   0   0  25   0   0   0   0  0.43 0.01
   24 K   -1  0  3  3 -3  0  1 -1 -1 -3 -3  2 -2 -3 -1  2  0 -4 -2 -3    0   0  25  25   0   0   0   0   0   0   0  24   0   0   0  26   0   0   0   0  0.38 0.02
   25 K   -1  1  0  3 -2  1  1 -1 -1 -2 -2  3 -1 -2 -1  0 -1 -2 -2 -2    2   1   1  26   1   1   2   2   1   1   2  51   1   1   1   2   2   0   1   2  0.29 0.01
   26 K    0  1  0 -1 -2  1  0 -1 -1 -2 -2  3 -1 -2 -1  0  2 -2 -1 -1    2   1   1   1   1   1   2   2   1   1   2  51   1   1   1   2  26   0   1   2  0.23 0.01
   27 Q   -1  0  0  0 -2  4  3 -1  0 -2 -2  1 -1 -2 -1  0 -1 -2 -1 -2    2   1   1   1   1  50  26   2   1   1   2   1   1   1   1   2   2   0   1   2  0.40 0.02
   28 E   -1  0  0  1 -2  1  4 -2  5 -2 -2  0 -1 -2 -1  0 -1 -2  0 -2    2   1   1   1   1   1  50   2  26   1   2   1   1   1   1   2   2   0   1   2  0.37 0.01
   29 A    2 -2 -3 -3 -1 -2 -2 -2 -3  2  0 -2  0 -1 -2 -1  0 -3 -2  4   24   0   0   0   0   0   0   0   0   0   0   0   0   0   0   0   0   0   0  76  0.28 0.02
   30 R   -1  3  0  3 -2  1  1 -1 -1 -2 -2  2 -1 -2 -1  0 -1 -2 -2 -2    2  25   1  26   0   1   2   2   1   1   2  27   1   1   1   2   1   0   1   2  0.29 0.01
   31 E   -1 -1 -1  0 -2  1  4 -2 -1 -1  1  0  0 -1 -1 -1 -1 -2 -1 -1    2   1   1   1   0   1  52   2   1   1  27   1   1   1   1   2   1   0   1   2  0.22 0.01
   32 L    0 -1 -1 -1 -1 -1 -1 -2 -2  0  1 -1  0 -1 -1  0  3 -2 -1  0    2   1   1   1   0   1   2   2   1   1  26   1   1   1   1   2  52   0   1   2  0.18 0.01
   33 E    0  0  0  1 -2  1  4 -1  0 -2 -2  0 -1 -2 -1  2  0 -2 -1 -2    2   1   1   1   0   1  50   2   1   1   2   1   1   1   1  28   1   0   1   2  0.33 0.01
   34 D   -1 -1  3  5 -2  0  1 -1  0 -2 -2  0 -2 -2 -1  0 -1 -3 -2 -2    2   1  27  50   0   1   2   2   1   1   2   1   1   1   1   2   1   0   1   2  0.46 0.01
   35 Y   -1 -1  3 -1 -2 -1 -1 -1  1 -2 -1 -1 -1  2 -2 -1 -1  1  5 -1    2   1  27   1   0   1   2   2   1   1   2   1   1   1   1   2   1   0  50   2  0.34 0.02
   36 L   -1 -2 -2 -2 -1 -2 -2 -2 -2  3  2 -2  1  0 -2 -1  0 -2 -1  2    2   1   1   1   0   1   2   2   1  26  26   1   1   1   1   2   1   0   1  28  0.16 0.01
   37 E   -1  1  0  1 -2  1  4 -1  0 -2 -2  2 -1 -2 -1  0 -1 -2 -1 -2    2   1   1   1   0   1  50   2   1   1   2  27   1   1   1   2   1   0   1   2  0.36 0.01
   38 D    1 -1  0  4 -2  0  1 -1 -1 -2 -2 -1 -2 -2 -1  0 -1 -2 -2 -1   28   1   1  50   0   1   2   2   1   1   2   1   1   1   1   2   1   0   1   2  0.34 0.01
   39 L   -1 -2 -2 -3 -1 -2 -2 -3 -3  1  3 -2  1  0 -2 -1  2 -2 -1  2    0   0   0   0   0   0   0   0   0   0  49   0   0   0   0   0  26   0   0  25  0.25 0.01
   40 N   -1  0  3  0 -2  0  0 -1 -1 -2 -2  2 -1 -3 -1  1  3 -3 -2 -1    0   0  24   0   0   0   0   0   0   0   0  25   0   0   0   0  51   0   0   0  0.33 0.02
   41 K    0  1  0 -1 -3  3  1 -1 -1 -3 -3  4 -1 -3 -1  2  0 -3 -2 -2    0   0   0   0   0  25   0   0   0   0   0  49   0   0   0  26   0   0   0   0  0.39 0.02
   42 R   -1  4  0 -1 -3  4  1 -2  0 -3 -2  2 -1 -3 -2 -1 -1 -3 -2 -3    0  49   0   0   0  51   0   0   0   0   0   0   0   0   0   0   0   0   0   0  0.62 0.03
   43 V   -1 -1 -1 -1 -2  0  2 -3  4  1 -1 -1  0 -2 -2 -1 -1 -3  0  2    0   0   0   0   0   0  25   0  25   0   0   0   0   0   0   0   0   0   0  50  0.21 0.02
   44 V   -1 -1 -2 -2 -2  2 -1 -3 -2  1  1 -1  3 -1 -2 -1  0 -2 -1  3    0   0   0   0   0  25   0   0   0   0   0   0  26   0   0   0   0   0   0  49  0.21 0.02
   45 Q   -1  1  0  0 -3  5  3 -2  0 -3 -3  1 -1 -4 -1  0 -1 -2 -2 -3    0   0   0   0   0  75  25   0   0   0   0   0   0   0   0   0   0   0   0   0  0.67 0.03
   46 R   -2  2 -1  2 -2  0  0 -3 -1  0  2  0  3 -1 -2 -1 -1 -3 -2 -1    0  24   0  25   0   0   0   0   0   0  25   0  26   0   0   0   0   0   0   0  0.19 0.02
   47 T   -1 -1  4  0 -2 -1 -1 -1 -1 -1  1 -1  0 -2 -2  0  2 -3 -2 -1    0   0  51   0   0   0   0   0   0   0  25   0   0   0   0   0  24   0   0   0  0.29 0.02
   48 Q   -1  0  0  1 -4  5  4 -2  0 -3 -3  1 -1 -4 -1  0 -1 -3 -2 -3    0   0   0   0   0  49  51   0   0   0   0   0   0   0   0   0   0   0   0   0  0.65 0.03
   49 I   -1  2 -1 -2 -1 -1 -1 -2 -1  2  2  0  1 -1 -2 -1 -1 -2 -1  1    2  26   1   1   0   1   2   2   1  25  28   1   1   1   1   2   1   0   1   2  0.11 0.01
   50 L    1 -2 -2 -2 -1 -1 -1 -1 -2  2  2 -1  1  0 -1  0  0 -2 -1  1   28   1   1   1   0   1   2   2   1  26  26   1   1   1   1   2   1   0   1   2  0.09 0.01
   51 S   -1 -1  3  5 -3  0  1 -1 -1 -3 -4 -1 -3 -3 -2  2  0 -4 -3 -3    0   0  25  51   0   0   0   0   0   0   0   0   0   0   0  24   0   0   0   0  0.57 0.02
   52 E   -1  0  0  1 -4  2  5 -2  5 -4 -3  0 -2 -3 -2  0 -1 -3 -1 -3    0   0   0   0   0   0  75   0  25   0   0   0   0   0   0   0   0   0   0   0  0.65 0.03
   53 L   -2 -2 -4 -4 -1 -2 -3 -4 -3  2  4 -3  2  0 -3 -3 -1 -2 -1  1    0   0   0   0   0   0   0   0   0   0 100   0   0   0   0   0   0   0   0   0  0.51 0.03
   54 N   -1  0  4  1 -3  3  3 -1  0 -3 -3  0 -2 -3 -2  0 -1 -3 -2 -3    0   0  49   0   0  25  26   0   0   0   0   0   0   0   0   0   0   0   0   0  0.53 0.02
   55 E   -1 -1  3  3 -3  0  2 -2 -1 -2 -1  0  2 -2 -2  0 -1 -3 -2 -2    0   0  26  25   0   0  24   0   0   0   0   0  25   0   0   0   0   0   0   0  0.32 0.02
   56 V   -1 -1 -2 -3 -2 -1 -2 -3 -2  2  2  1  1 -1 -2 -2 -1 -3 -1  2    0   0   0   0   0   0   0   0   0  25  26  25   0   0   0   0   0   0   0  24  0.17 0.01
   57 I   -1 -3 -3 -4 -1 -3 -3 -4 -3  3  3 -3  2  0 -3 -2 -1 -2 -1  2    0   0   0   0   0   0   0   0   0  24  50   0   0   0   0   0   0   0   0  26  0.36 0.01
   58 S   -1 -1 -1 -2 -2  3  0 -2  1 -2 -2  0 -1  1 -2  1 -1  1  5 -2    0   0   0   0   0  25   0   0   0   0   0   0   0   0   0  24   0   0  51   0  0.41 0.03
   59 N    3 -1  3  0 -1 -1 -1  0 -1 -2 -2 -1 -2 -3 -1  2  0 -3 -2 -1   51   0  24   0   0   0   0   0   0   0   0   0   0   0   0  25   0   0   0   0  0.32 0.02
   60 R   -1  4  0 -1 -3  3  0 -2  0 -2 -2  1 -1 -3 -2  0  2 -3 -2 -2    0  49   0   0   0  25   0   0   0   0   0   0   0   0   0   0  26   0   0   0  0.44 0.02
   61 S   -1  0  0  0 -3  1  4 -2  6 -3 -3  0 -2 -2 -2  1 -1 -3  0 -3    0   0   0   0   0   0  47   0  38   0   0   0   0   0   0  15   0   0   0   0  0.52 0.02
   62 I   -1 -1 -2 -2 -2  2 -1 -3  0  2  0 -1  2  0 -2 -1 -1 -1  3  2    0   0   0   0   0  25   0   0   0  15   0   0  15   0   0   0   0   0  22  23  0.18 0.01
   63 D    1 -2  0  5 -2 -1  0  2 -2 -3 -3 -1 -3 -3 -2  0 -1 -4 -3 -2   25   0   0  53   0   0   0  22   0   0   0   0   0   0   0   0   0   0   0   0  0.49 0.02
   64 K   -1  3  0 -1 -3  1  0  2 -1 -3 -3  4 -2 -3 -2  0 -1 -3 -2 -3    0  23   0   0   0   0   0  22   0   0   0  55   0   0   0   0   0   0   0   0  0.44 0.02
   65 T    0 -2 -1 -2 -1 -2 -2 -2 -3  1  0 -2  0 -2 -2  0  4 -3 -2  3    0   0   0   0   0   0   0   0   0   0   0   0   0   0   0   0  52   0   0  48  0.30 0.02
   66 V    0 -1 -1 -1 -1  2  0 -2 -1  0 -1  0  0 -2 -2  2  2 -3 -2  2    0   0   0   0   0  22   0   0   0   0   0   0   0   0   0  23  25   0   0  30  0.19 0.01
   67 N   -1 -1  5  0 -2 -1 -1  2 -1 -1 -2 -1 -2 -3 -2  0  0 -4 -2  0    0   0  55   0   0   0   0  23   0   0   0   0   0   0   0   0   0   0   0  22  0.35 0.02
   68 L   -2 -1 -2 -3 -2  2 -1 -3 -2  1  4 -1  2  0 -3 -2 -1 -2 -1  0    0   0   0   0   0  22   0   0   0   0  78   0   0   0   0   0   0   0   0   0  0.32 0.02
   69 S    0 -1  0 -1 -2  0 -1 -1  4 -2 -2 -1 -2 -2  4  2  2 -3 -1 -2    0   0   0   0   0   0   0   0  22   0   0   0   0   0  23  30  25   0   0   0  0.46 0.02
   70 A    2 -1 -2 -2 -2  2 -1 -2  0 -1  1 -1  0  0 -2  0 -1 -1  3 -1   30   0   0   0   0  23   0   0   0   0  25   0   0   0   0   0   0   0  22   0  0.16 0.01
   71 C   -1  0 -2 -1  6  0  2 -3 -2 -1  1  2  0 -2 -2 -1 -1 -3 -2 -1    0   0   0   0  30   0  25   0   0   0  23  22   0   0   0   0   0   0   0   0  0.28 0.02
   72 E   -1  0  0  1 -3  3  4 -2  0 -3 -2  1 -1 -3 -1  0  2 -3 -2 -2    0   0   0   0   0  25  52   0   0   0   0   0   0   0   0   0  23   0   0   0  0.49 0.02
   73 V    1 -2 -2 -1 -1  0  2 -2 -2  1  0 -1  0 -2 -2 -1  0 -3 -2  3   22   0   0   0   0   0  25   0   0   0   0   0   0   0   0   0   0   0   0  53  0.17 0.02
   74 A    2 -1  0  3 -2  0  2 -1 -1 -2 -2  0 -1 -2 -1  0  0 -2 -2 -1   32   1   1  24   0   1  26   2   0   1   2   1   0   1   1   2   1   0   1   1  0.25 0.01
   75 V    2 -2 -2 -2 -1 -1 -1 -1 -2  1  0 -1  0 -1 -1  0  0 -2 -1  3   26   1   1   1   0   1   1   2   0   1   2   1   0   1   1   2   1   0   1  55  0.14 0.01
   76 L   -2 -3 -4 -4 -1 -3 -3 -4 -3  3  4 -3  2  0 -3 -3 -1 -2 -1  1    0   0   0   0   0   0   0   0   0  25  75   0   0   0   0   0   0   0   0   0  0.43 0.02
   77 D   -2 -2  1  6 -4 -1  1 -2 -1 -4 -4 -1 -3 -4 -2  0 -1 -5 -3 -4    0   0   0 100   0   0   0   0   0   0   0   0   0   0   0   0   0   0   0   0  1.03 0.03
   78 L   -1  0 -2 -1 -2  0  2 -3 -2  2  2  2  1 -1 -2 -1 -1 -3 -2  0    0   0   0   0   0   0  22   0   0  23  30  25   0   0   0   0   0   0   0   0  0.14 0.01
   79 Y   -2 -2 -2 -3 -3 -2 -2 -3  2 -2 -1 -2 -1  3 -3 -2 -2  2  7 -2    0   0   0   0   0   0   0   0   0   0   0   0   0   0   0   0   0   0 100   0  1.02 0.04
   80 E   -1 -1  0  3 -4  1  5 -2  0 -4 -3  0 -3 -4 -1  0 -1 -3 -3 -3    0   0   0  23   0   0  77   0   0   0   0   0   0   0   0   0   0   0   0   0  0.73 0.03
   81 Q    0  1  3  0 -2  3  1 -1  0 -3 -3  2 -1 -3 -1  2  0 -3 -2 -2    0   0  23   0   0  30   0   0   0   0   0  22   0   0   0  25   0   0   0   0  0.37 0.02
   82 S    0 -1  3  0 -2  0 -1 -1 -1 -1 -1 -1  3 -2 -2  3  1 -3 -2 -1    0   0  23   0   0   0   0   0   0   0   0   0  25   0   0  52   0   0   0   0  0.26 0.02
   83 N    0 -2  3  0 -3 -1 -2  5 -1 -4 -4 -1 -3 -3 -2  0 -1 -3 -3 -3    0   0  30   0   0   0   0  70   0   0   0   0   0   0   0   0   0   0   0   0  0.77 0.02
   84 I   -2 -3 -4 -3 -1 -3 -4 -4 -4  5  1 -3  1  0 -3 -3 -1 -3 -2  3    0   0   0   0   0   0   0   0   0 100   0   0   0   0   0   0   0   0   0   0  0.48 0.03
   85 R   -1  6 -1 -2 -4  1  0 -2 -1 -3 -3  3 -2 -3 -2 -1 -1 -3 -2 -3    0  78   0   0   0   0   0   0   0   0   0  22   0   0   0   0   0   0   0   0  0.71 0.03
   86 I   -2 -3 -4 -4 -1 -3 -3 -4 -3  4  2 -3  1  0 -3 -3 -1 -3 -1  2    0   0   0   0   0   0   0   0   0  75  25   0   0   0   0   0   0   0   0   0  0.41 0.02
   87 P   -1 -1 -2 -1 -3  2  0 -2 -2 -3 -3  0 -2 -4  7 -1 -1 -4 -3 -3    0   0   0   0   0  23   0   0   0   0   0   0   0   0  77   0   0   0   0   0  1.52 0.03
   88 S    2 -2 -1 -2 -1 -1 -2 -1 -2  2  1 -1  0 -1 -2  2  0 -3 -2  1   23   0   0   0   0   0   0   0   0  25  22   0   0   0   0  30   0   0   0   0  0.14 0.01
   89 D   -2 -2  1  6 -4 -1  1 -2 -1 -4 -4 -1 -3 -4 -2  0 -1 -5 -3 -4    0   0   0 100   0   0   0   0   0   0   0   0   0   0   0   0   0   0   0   0  1.03 0.03
   90 I   -2 -3 -4 -3 -1 -3 -4 -4 -4  5  1 -3  1  0 -3 -3 -1 -3 -2  3    0   0   0   0   0   0   0   0   0 100   0   0   0   0   0   0   0   0   0   0  0.48 0.03
   91 I   -2 -3 -4 -4 -1 -3 -3 -4 -3  4  2 -3  1  0 -3 -3 -1 -3 -1  2    0   0   0   0   0   0   0   0   0  77  23   0   0   0   0   0   0   0   0   0  0.41 0.02
   92 E   -1  0  0  1 -4  2  6 -2  0 -4 -3  1 -2 -4 -1  0 -1 -3 -2 -3    0   0   0   0   0   0 100   0   0   0   0   0   0   0   0   0   0   0   0   0  0.82 0.03
   93 D   -1 -1  0  4 -4  1  5 -2 -1 -4 -3  0 -3 -4 -1  0 -1 -4 -3 -3    0   0   0  30   0   0  70   0   0   0   0   0   0   0   0   0   0   0   0   0  0.72 0.02
   94 L   -2 -3 -4 -4 -1 -3 -3 -4 -3  3  4 -3  2  0 -3 -3 -1 -2 -1  1    0   0   0   0   0   0   0   0   0  22  78   0   0   0   0   0   0   0   0   0  0.44 0.02
   95 V    0 -1  0 -1 -1 -1 -1 -1 -2  0 -1 -1 -1 -2 -1  3  2 -3 -2  2    0   0   0   0   0   0   0   0   0   0   0   0   0   0   0  48  22   0   0  30  0.24 0.02
   96 N   -2 -2  3 -1 -2 -1 -2 -2  0  0 -1 -2 -1  3 -3 -1 -1  0  4  1    0   0  30   0   0   0   0   0   0   0   0   0   0  22   0   0   0   0  25  23  0.26 0.02
   97 Q   -1  0  3  3 -3  3  1 -1  0 -3 -3  0 -2 -3 -2  2  0 -3 -2 -3    0   0  23  22   0  30   0   0   0   0   0   0   0   0   0  25   0   0   0   0  0.41 0.02
   98 R   -2  3  4  0 -3  3  0 -1  0 -3 -3  1 -2 -3 -2  0 -1 -3 -2 -3    0  30  47   0   0  23   0   0   0   0   0   0   0   0   0   0   0   0   0   0  0.50 0.02
   99 L   -2 -2  2 -2 -2 -2 -2 -3 -1  0  3 -2  1  3 -3 -2 -1 -1  0  0    0   0  25   0   0   0   0   0   0   0  52   0   0  23   0   0   0   0   0   0  0.23 0.02
  100 Q    0  2 -1 -1 -2  3  0 -2 -1  0 -1  1 -1 -2 -2  1  0 -3 -2  1    0  22   0   0   0  30   0   0   0   0   0   0   0   0   0  23   0   0   0  25  0.21 0.01
  101 S    0 -1  3  0 -1  0 -1 -1 -1 -2 -2 -1 -1 -3 -1  3  4 -3 -2 -1    0   0  23   0   0   0   0   0   0   0   0   0   0   0   0  30  47   0   0   0  0.38 0.02
  102 E   -1  0  0  0 -3  1  3 -2  4 -3 -2  2 -2  0 -2 -1 -1 -1  4 -2    0   0   0   0   0   0  30   0  23   0   0  22   0   0   0   0   0   0  25   0  0.38 0.02
  103 Q   -1  0  3  0 -3  3  2 -2  0 -3 -3  0 -1 -3 -2  0  2 -3 -2 -2    0   0  25   0   0  30  22   0   0   0   0   0   0   0   0   0  23   0   0   0  0.38 0.02
  104 E    0  0  0  1 -3  1  5 -2  0 -3 -3  0 -2 -3 -1  2  0 -3 -2 -3    0   0   0   0   0   0  75   0   0   0   0   0   0   0   0  25   0   0   0   0  0.59 0.03
  105 V    2 -2 -3 -3 -1 -2 -2 -2 -3  2  0 -2  0 -1 -2 -1  0 -3 -2  4   25   0   0   0   0   0   0   0   0   0   0   0   0   0   0   0   0   0   0  75  0.28 0.02
  106 L   -2 -2 -3 -4 -2 -2 -3 -3 -2  1  3 -2  5  3 -3 -2 -1 -1  0  0    0   0   0   0   0   0   0   0   0   0  30   0  47  23   0   0   0   0   0   0  0.36 0.02
  107 N    1 -1  5  0 -2  0  0  0  0 -3 -3  0 -2 -3 -2  2  0 -3 -2 -2   23   0  52   0   0   0   0   0   0   0   0   0   0   0   0  25   0   0   0   0  0.42 0.02
  108 Y   -2 -2 -3 -4 -3 -2 -3 -3  1 -1  0 -3 -1  5 -4 -2 -2  2  6 -1    0   0   0   0   0   0   0   0   0   0   0   0   0  48   0   0   0   0  52   0  0.78 0.03
  109 I   -2 -3 -4 -3 -1 -3 -4 -4 -4  5  1 -3  1  0 -3 -3 -1 -3 -2  3    0   0   0   0   0   0   0   0   0 100   0   0   0   0   0   0   0   0   0   0  0.48 0.03
  110 E   -1  0  0  1 -4  2  6 -2  0 -4 -3  1 -2 -4 -1  0 -1 -3 -2 -3    0   0   0   0   0   0 100   0   0   0   0   0   0   0   0   0   0   0   0   0  0.82 0.03
  111 T    0 -1  3  0 -1  0  0 -1 -1 -2 -2  0 -2 -3 -1  3  3 -3 -2 -1    0   0  22   0   0   0   0   0   0   0   0   0   0   0   0  48  30   0   0   0  0.38 0.02
  112 Q   -1  1  0 -1 -3  5  1 -2  4 -3 -3  1 -1 -3 -2  0 -1 -2 -1 -3    0   0   0   0   0  78   0   0  22   0   0   0   0   0   0   0   0   0   0   0  0.65 0.03
  113 R   -2  6 -1 -2 -4  1  0 -3  0 -3 -2  2 -2 -3 -2 -1 -1 -3 -2 -3    0 100   0   0   0   0   0   0   0   0   0   0   0   0   0   0   0   0   0   0  0.86 0.04
  114 T    1  1 -1 -1 -2  0  0 -1 -1 -2 -2  3 -1 -3 -1  1  2 -3 -2 -1   22   0   0   0   0   0   0   0   0   0   0  48   0   0   0   0  30   0   0   0  0.28 0.02
  115 Y   -1 -1  4  0 -2 -1 -1 -2  0  0 -1 -1 -1  0 -3 -1 -1 -1  4  1    0   0  45   0   0   0   0   0   0   0   0   0   0   0   0   0   0   0  30  25  0.29 0.02
  116 W   -3 -3 -4 -5 -3 -2 -3 -3 -3 -3 -2 -3 -2  1 -4 -3 -3 12  2 -3    0   0   0   0   0   0   0   0   0   0   0   0   0   0   0   0   0 100   0   0  2.56 0.06
  117 K   -1  2  0 -1 -3  1  1 -2 -1 -3 -3  5 -2 -3 -1  0 -1 -3 -2 -3    0   0   0   0   0   0   0   0   0   0   0 100   0   0   0   0   0   0   0   0  0.61 0.03
  118 L    1 -2 -3 -3 -1 -1 -2 -2 -2  1  3 -2  3  0 -2 -1 -1 -2 -1  1   25   0   0   0   0   0   0   0   0   0  52   0  23   0   0   0   0   0   0   0  0.25 0.02
  119 E   -1  0  0  1 -4  3  5 -2  0 -3 -3  1 -2 -4 -1  0 -1 -3 -2 -3    0   0   0   0   0  25  75   0   0   0   0   0   0   0   0   0   0   0   0   0  0.70 0.03
  120 N   -1 -1  5  0 -2 -1 -1 -1  0 -2 -2 -1 -2  3 -2  2  0 -2  0 -2    0   0  52   0   0   0   0   0   0   0   0   0   0  25   0  23   0   0   0   0  0.35 0.02
  121 Q    1  0  0  0 -2  3  1 -1 -1 -3 -3  0 -1 -3 -1  4  1 -3 -2 -2    0   0   0   0   0  30   0   0   0   0   0   0   0   0   0  70   0   0   0   0  0.43 0.03
  122 K   -1  1 -1 -1 -3  1  0 -2 -1  1 -1  4 -1 -2 -2 -1 -1 -3 -2  0    0   0   0   0   0   0   0   0   0  25   0  75   0   0   0   0   0   0   0   0  0.31 0.02
  123 K    0  1  0 -1 -2  1  0 -1 -1 -2 -2  3 -1 -3 -1  2  2 -3 -2 -2    0   0   0   0   0   0   0   0   0   0   0  52   0   0   0  23  25   0   0   0  0.33 0.02
  124 L   -1 -2 -3 -4 -1 -2 -3 -4 -3  2  3 -2  4  0 -3 -2 -1 -2 -1  2    0   0   0   0   0   0   0   0   0   0  53   0  25   0   0   0   0   0   0  22  0.35 0.02
  125 Y   -1 -2 -1 -2 -2 -1 -2  2  0 -2 -2 -1 -2  0  4  0  2  0  4 -2    0   0   0   0   0   0   0  22   0   0   0   0   0   0  23   0  25   0  30   0  0.42 0.02
  126 R   -1  4  0 -1 -3  1  0 -2 -1 -3 -3  4 -2 -3 -2 -1 -1 -3 -2 -3    0  30   0   0   0   0   0   0   0   0   0  70   0   0   0   0   0   0   0   0  0.57 0.02
  127 G    0 -3 -1 -1 -3 -2 -2  6 -2 -4 -4 -2 -3 -3 -2  0 -2 -3 -3 -3    0   0   0   0   0   0   0 100   0   0   0   0   0   0   0   0   0   0   0   0  1.08 0.02
  128 S    0 -2 -1 -2 -1 -1 -1 -2 -2  1  0 -1  3 -1 -2  2  0 -3 -1  2    0   0   0   0   0   0   0   0   0   0   0   0  31   0   0  40   0   0   0  29  0.15 0.01
  129 L   -1 -2 -3 -4 -1 -2 -3 -3 -3  2  3 -2  4  0 -3 -2 -1 -2 -1  2    0   0   0   0   0   0   0   0   0   0  40   0  31   0   0   0   0   0   0  29  0.31 0.01
  130 K   -1  2  0 -1 -3  1  1 -2 -1 -3 -3  5 -1 -3 -1  0 -1 -3 -2 -2    0   0   0   0   0   0   0   0   0   0   0 100   0   0   0   0   0   0   0   0  0.52 0.00

                      K         Lambda
Standard Ungapped    0.1330     0.3161
Standard Gapped      0.0410     0.2670
PSI Ungapped         0.1228     0.3170
PSI Gapped           0.0376     0.2670
