
Last position-specific scoring matrix computed, weighted observed percentages rounded down, information per position, and relative weight of gapless real matches to pseudocounts
           A  R  N  D  C  Q  E  G  H  I  L  K  M  F  P  S  T  W  Y  V   A   R   N   D   C   Q   E   G   H   I   L   K   M   F   P   S   T   W   Y   V
    1 M   -2 -3 -3 -4 -3 -2 -3 -4 -3  0  1 -3  8  2 -4 -3 -2 -2 -1  0    0   0   0   0   0   0   0   0   0   0   0   0  89  11   0   0   0   0   0   0  1.11 0.22
    2 E   -2  2  1  2 -4  2  3 -3 -1  0 -2  2 -2 -1 -2 -1 -1 -3 -2 -2    0  12   6  14   0  13  25   0   0  10   3  11   0   3   0   3   0   0   0   0  0.31 0.12
    3 M   -3 -3 -1 -5 -3 -4 -4 -5 -3  3  1 -4  6  4 -3 -4 -3 -3  2  2    0   1   4   0   0   0   0   0   0  21  11   0  25  18   1   0   0   0   6  11  0.70 0.32
    4 I   -3 -4 -1 -4 -4  0 -4  5 -4 -1  0 -3  3  0 -5 -3 -3  0  2 -2    0   0   3   0   0   4   0  53   0   3  11   0  10   3   0   0   0   1   8   2  0.83 0.37
    5 S   -1  3  1 -2 -4  0 -1  2 -1 -4 -2  3 -1 -2 -2  1 -1 -4 -1 -3    2  17   5   0   0   3   1  19   1   0   5  24   2   2   1  13   2   0   2   0  0.36 0.23
    6 N   -3 -4  2  7 -6  0  1 -1 -3 -5 -4 -3 -3 -1 -3 -1 -2 -6 -4 -5    1   0   9  62   0   4   6   5   0   0   2   0   1   3   1   4   2   0   0   0  1.17 0.45
    7 N   -2 -3  4  1 -5 -1 -1  5 -3 -5 -5 -1 -4 -3 -3  0 -1 -5 -3 -4    1   0  20   7   0   2   4  49   0   0   0   3   0   1   1   7   3   0   1   1  0.87 0.37
    8 L   -4 -5 -3 -3 -5 -3 -5 -5 -4 -1  0 -5  3  7  0 -4 -1 -2  1  0    0   0   1   1   0   1   0   1   0   3   9   0   8  60   5   0   4   0   2   5  1.26 0.48
    9 N   -1  2  2 -2 -2  1 -1 -3  0  1 -1  1 -1  0 -1  0  0 -4 -2  1    3  15  13   1   1   5   1   0   3   8   6  12   1   5   2   5   7   0   0  13  0.14 0.14
   10 W   -6 -4 -7 -8 -6 -6 -7 -5 -3 -3 -3 -7 -2  2 -2 -6 -4 12  1 -6    0   1   0   0   0   0   0   1   1   1   2   0   1   8   2   0   1  79   3   0  3.57 0.95
   11 F   -3 -5 -7 -7 -6 -6 -7 -5 -5 -5 -4 -6 -4  7 -7 -6 -6 10  3 -5    2   1   0   0   0   0   0   1   0   0   0   0   0  43   0   0   0  44  10   0  2.65 0.78
   12 V   -3  0 -4 -5 -3  0 -3 -5 -3  5  0 -2  1  1 -5 -3  0 -2  1  3    1   5   0   0   0   5   2   0   0  37   4   2   3   5   0   0   6   0   6  26  0.60 0.32
   13 G   -1 -6 -4 -5 -6 -5 -6  7 -6 -7 -7 -5 -6 -7 -6 -4 -5 -6 -7 -7    3   0   0   0   0   0   0  97   0   0   0   0   0   0   0   0   0   0   0   0  2.46 0.79
   14 V   -3  1 -4 -3 -2  5  1 -5 -4  2 -3 -1 -1 -2 -4 -3  0 -5 -4  4    1   6   0   1   1  27   8   0   0  10   0   3   1   1   0   0   6   0   0  36  0.68 0.40
   15 V   -4 -6 -6 -7 -2 -6 -6 -7 -7  4 -2 -6 -2 -4 -6 -5 -3 -6 -5  7    0   0   0   0   1   0   0   0   0  21   0   0   0   0   0   0   0   0   0  78  1.83 0.68
   16 E    0 -2 -4 -1 -6 -1  7 -5 -3 -2 -4 -1 -5 -6 -2 -3 -2 -6 -5 -1    7   1   0   1   0   1  75   0   0   2   1   2   0   0   1   1   2   0   0   6  1.44 0.61
   17 D   -3 -3  3  7 -5 -3  0 -2 -3 -5 -6 -2 -5 -3 -2  1 -1 -6 -3 -5    1   1  13  58   0   0   3   2   0   0   0   2   0   1   2  11   3   0   1   0  1.19 0.49
   18 R   -2  4  4  0 -2 -1 -1 -3 -1  1 -3 -1 -3 -4 -3 -1 -1 -5 -2  1    2  31  22   6   1   1   3   1   1   9   1   2   0   0   1   2   4   0   1  11  0.49 0.31
   19 M   -1  0  4  3 -4  1  0 -2  1 -3 -2  2  1  0 -3  0 -1 -4 -2 -2    3   4  21  17   0   6   5   1   3   1   3  13   5   4   0   5   4   0   1   2  0.31 0.21
   20 D   -3 -4 -1  8 -6 -2 -1 -3 -1 -6 -6 -1 -6 -6 -2 -3 -2 -7 -4 -4    2   0   2  81   0   1   1   1   2   0   0   4   0   0   2   0   2   0   1   1  1.92 0.68
   21 P   -3 -4 -2 -2 -6 -3 -2 -3 -5 -6 -4 -3 -5 -6  8 -3 -2 -1 -2 -5    1   1   2   2   0   1   3   2   0   0   2   1   0   0  79   1   2   1   2   0  2.20 0.72
   22 L   -1 -1 -2  1 -4  1  2 -2 -3  0  2  1  2 -1 -3 -2 -1 -4 -1 -1    5   1   1  10   0   6  15   2   0   5  29  12   5   2   0   1   3   0   2   2  0.22 0.20
   23 K   -2  1  0 -2 -5  3  2 -1 -1 -3 -2  4  0 -1 -3 -1 -2 -1  1 -2    1   5   4   1   0  13  14   4   1   1   4  33   3   3   0   3   1   1   6   2  0.42 0.28
   24 L   -1 -2  1 -2  0  0 -2 -2 -2  1  3 -2  1  0 -3  0  0  1  0 -1    5   2   7   1   2   5   2   3   1   7  37   1   4   4   0   8   5   2   3   1  0.18 0.18
   25 G   -3 -5  3 -2 -6 -3 -3  7 -2 -7 -6 -3 -2 -6 -5 -2 -3 -6 -2 -6    0   0  12   2   0   1   1  76   1   0   0   1   1   0   0   2   1   0   2   0  1.62 0.59
   26 R   -5  8 -4 -5 -7 -3 -4 -6 -4 -6 -3  0 -2 -6 -6 -3 -5 -6 -5 -6    0  92   0   0   0   0   0   0   0   0   2   3   1   0   0   1   0   0   0   0  2.42 0.82
   27 V   -1 -5 -5 -6  4 -5 -5 -6 -4  1  0 -5 -1  0 -5 -4 -3 -4  4  6    5   0   0   0  10   0   0   0   0   4   6   0   1   2   0   1   0   0  14  58  1.09 0.49
   28 R   -3  6 -3 -4 -6  3 -2 -5 -3 -6 -5  6 -4 -6 -3 -3 -4 -6 -5 -5    1  39   0   0   0  14   0   0   0   0   0  46   0   0   1   0   0   0   0   0  1.52 0.60
   29 V   -3 -6 -6 -7  0 -6 -6 -7 -7  2 -2 -6 -3 -4 -6 -5 -3 -6 -5  7    1   0   0   0   2   0   0   0   0   8   0   0   0   0   0   0   0   0   0  90  1.97 0.71
   30 R   -4  8 -4 -5 -7 -3 -4 -6 -4 -7 -6 -2 -5 -7 -6 -3 -5 -7 -6 -6    1  98   0   0   0   0   0   0   0   0   0   0   0   0   0   2   0   0   0   0  2.68 0.88
   31 V   -1 -6 -6 -6  4 -5 -6 -4 -6  6 -1 -5 -1 -3 -5 -5 -3  2 -3  4    4   0   0   0  10   0   0   1   0  55   1   0   1   0   0   0   0   3   1  25  1.26 0.51
   32 V   -2 -3 -4 -5 -4 -4 -4 -5  2  2  3 -3  3  3 -2 -4 -3  4  3  1    2   1   0   0   0   0   0   0   6  12  26   1   7  16   2   0   0   6  10  11  0.55 0.28
   33 G   -3 -5 -2 -2 -6 -5 -3  7 -1 -7 -7 -5 -6 -4 -5 -2 -3 -6 -6 -3    0   0   1   2   0   0   2  87   1   0   0   0   0   1   0   2   1   0   0   2  1.94 0.66
   34 L   -3 -4 -5 -3 -4 -3 -2 -5  0  2  2 -3  0  1 -5 -3 -3  6  6  2    1   0   0   2   0   1   2   0   2  15  17   1   1   5   0   1   1  10  28  14  0.73 0.35
   35 H   -6 -4 -2 -5 -7 -4 -4 -6 11 -7 -6 -5 -5 -2 -6 -5 -6 -5  3 -7    0   0   2   0   0   0   0   0  87   0   0   0   0   1   0   0   0   0   9   0  3.23 0.95
   36 P   -2 -3  0  0 -3 -2 -1 -1 -1 -3 -2 -2 -3 -4  5  1  4 -4 -3 -3    2   1   4   4   0   1   3   4   1   1   4   1   0   0  27  10  34   0   0   1  0.72 0.33
   37 P    0 -1  0  1 -3  0  2  1 -1 -2 -1  0 -1 -1  2  0 -1 -2  1 -2    5   3   5   9   0   3  17  10   1   1   5   7   2   3  11   9   3   0   5   1  0.17 0.10
   38 Q   -1 -2  3  3 -3  0  2 -1 -1 -2 -2  0 -2 -2  0  1 -1 -3 -2 -1    3   1  17  19   0   4  14   3   1   1   3   3   0   1   4  14   2   0   1   6  0.31 0.17
   39 R   -1  2  1 -1 -2  1  1  0 -1 -2 -2  4 -2 -3  0 -1 -1 -2 -2 -2    5   8   9   3   1   4   7   5   1   2   4  36   1   1   5   4   2   0   1   3  0.33 0.16
   40 A    1 -1  1  1 -1  0  1  1 -1 -1 -1  0 -1 -1 -1  0  0 -1 -1  0   14   2   6   7   1   3   9  11   1   3   4   6   1   2   2   6   8   1   2  12  0.06 0.03
   41 Q    0  0  0  1 -1  1  0  0  0  0  0  1  0 -1 -1  0  0 -1 -1  0    4   2   3   9   1  10   4   7   2   7  12  11   2   2   3   6   5   1   1   8  0.03 0.03
   42 G    0  0  0  1 -1  1  0  1 -1 -1 -1  0  0 -1  0  0  0 -1 -1 -1    8   3   4   9   1  10   7  15   1   3   6   6   3   2   3   7   5   1   2   5  0.07 0.02
   43 D   -1  0  0  3 -1  0  1  0 -1 -1 -1  0 -1 -1  1  0  0 -1  0 -1    5   4   4  24   1   3   9   7   1   3   5   4   1   3   5   6   7   1   3   4  0.15 0.05
   44 V    0 -1  0  0  0  0  0 -1 -1  0  0  0  0  0  0  0  1 -1  1  0    9   2   4   4   2   5   7   5   1   7  10   4   2   4   3   3  12   1   6   7  0.01 0.02
   45 M    0  0  0  1 -1  1  1 -1 -1  0 -1  0 -1 -1 -1  1  1 -2 -1  0    7   3   5   7   1   6  12   5   1   5   5   6   2   1   2  10  10   1   2   6  0.07 0.04
   46 G    0  0 -1  2 -2  0  2  1 -1 -1 -1  0 -1 -1 -1  0  0 -2  0 -1    8   3   1  14   1   3  20  13   1   4   5   5   1   2   2   5   4   0   4   3  0.15 0.09
   47 I   -3 -4 -3 -4 -3 -4 -4 -4 -4  5  4 -4  2 -2 -3 -4 -2 -4 -3  2    1   1   2   1   0   0   1   1   0  34  36   1   6   0   1   1   1   0   0  14  0.78 0.34
   48 P   -2 -2 -4 -2 -5  0 -2 -3 -4 -5 -3  1 -4 -5  7 -1 -2 -5 -5 -5    3   2   0   1   0   3   2   2   0   0   3   7   0   0  66   5   2   0   0   0  1.65 0.59
   49 T   -2 -2  1  2 -4 -2 -1 -3 -3 -1 -4 -1 -3 -4 -2  1  5 -1 -2 -1    1   2   5  14   0   1   3   0   0   3   1   3   0   0   1  12  48   1   2   3  0.71 0.40
   50 E    0 -1  0  3 -4  0  5 -2 -2 -4 -4  1 -3 -2 -3  1 -1 -4 -2 -3    7   2   4  18   0   1  39   3   1   1   1   7   0   2   0   8   3   0   1   2  0.58 0.32
   51 K   -1 -3 -1  6 -5  0  2 -3  1 -4 -4  0 -2 -2 -3  0 -2 -5 -1 -4    4   0   2  52   0   3  12   1   4   1   1   5   1   2   0   7   2   0   2   1  0.89 0.40
   52 L   -4 -5 -6 -6  0 -5 -6 -6 -6 -2  6 -5  0 -3 -6 -5 -4 -5 -4 -2    0   0   0   0   2   0   0   0   0   0  94   0   1   0   0   0   0   0   0   0  1.81 0.68
   53 P   -3 -3 -5 -5 -6 -5 -5 -6 -6 -6 -2 -5 -5 -3  8 -4 -5 -7 -6 -5    1   1   0   0   0   0   0   0   0   0   5   0   0   1  89   0   0   0   0   0  2.75 0.88
   54 W   -7 -7 -8 -8 -6 -6 -7 -7 -7 -3 -4 -7 -2 -1 -8 -7 -7 13 -2 -7    0   0   0   0   0   0   0   0   0   1   2   0   1   2   0   0   0  92   0   0  4.51 1.26
   55 M    6 -4 -4 -5  2 -4 -4 -2 -5 -3 -2 -4  1 -2 -4  0 -3 -5 -4 -2   76   0   0   0   5   0   0   1   0   1   3   0   4   2   0   5   0   0   0   2  1.30 0.61
   56 S   -2  0 -1 -2 -4  4  0 -3  4  0 -2  0  0 -2 -3  1  2 -4  1 -2    1   5   2   1   0  23   5   1  12   6   2   4   2   2   1  11  16   0   6   1  0.39 0.30
   57 V   -2 -5 -5 -5  1 -4 -4 -5 -5  3 -1 -4 -2 -1  3 -4 -1 -5 -1  5    2   0   0   0   3   0   0   0   0  15   3   0   0   2  17   0   4   0   2  50  0.92 0.44
   58 I    0 -2 -2 -5 -1 -3 -4 -2 -4  3  3 -3  6 -2 -4 -1 -3 -4 -3  2    7   2   2   0   1   0   0   2   0  15  23   1  28   0   0   4   0   0   0  13  0.66 0.37
   59 Q   -1 -3 -1 -2 -3  3 -2 -2  0  1  2 -1  5 -1 -4 -1 -1 -3  1  1    4   0   3   1   0  15   0   2   2   6  20   3  20   1   0   4   4   0   5   8  0.34 0.27
   60 P   -4 -5 -4 -2 -6 -4 -4  1 -1 -6 -5 -4 -5 -6  8  1 -2 -6 -6 -5    0   0   0   2   0   0   0  13   2   0   1   0   0   0  69  10   2   0   0   0  1.93 0.73
   61 I    0 -3 -1 -3 -1 -3 -3 -2 -4  3  0 -3 -1 -3  2 -1  3 -4 -3  3    8   0   3   1   1   0   0   3   0  20   5   0   1   0   9   2  20   0   0  24  0.40 0.28
   62 T   -2 -3  1  1 -3  0 -3 -2 -2  0 -3 -3  0 -4 -3  1  5 -4  0 -1    1   0   8   9   0   3   0   3   1   5   1   0   2   0   0   8  48   0   4   4  0.68 0.42
   63 S    1 -2  1  1 -1  0  0 -1 -1 -3 -2 -1 -2  0 -3  3  0 -1 -1 -1   12   1   6   8   1   5   7   3   1   0   3   3   1   6   0  33   4   1   2   4  0.27 0.23
   64 A    3 -2 -2 -2 -4 -2 -3  4 -1 -4 -4 -3 -4 -5  3  1 -2 -5 -2 -3   29   3   1   2   0   1   0  34   1   0   0   0   0   0  16   9   1   0   2   1  0.75 0.39
   65 A    1 -3 -1 -3 -1  0 -2  4 -2 -4 -2 -2 -1 -1 -1  3  0 -4 -3 -3   13   0   2   0   1   5   2  29   1   0   3   2   1   4   3  26   6   0   0   0  0.44 0.29
   66 M    0 -1  1 -1 -2  0 -2  2 -2  1 -1 -1  2 -1 -3  0  0 -3 -1  1    4   4   8   3   1   4   1  21   0  11   5   1   9   2   0   6   7   0   2  11  0.14 0.14
   67 S    0 -2  1  0 -3  1 -2  1  1 -3 -2  1 -3 -1  0  3  0 -4 -1 -3    7   0   8   5   0   7   0  10   4   0   3   9   0   3   5  32   4   0   1   0  0.30 0.24
   68 G    0 -2  0 -3 -2 -1 -4  6 -1 -5 -5 -3 -4 -4 -4 -1 -2 -4 -1 -4    7   2   5   1   1   3   1  69   1   1   1   1   0   0   1   2   2   0   2   1  1.24 0.49
   69 I   -1 -2  0 -1 -1 -1 -2  0 -1  3  1 -1  1 -1 -2 -2 -1  1 -1  2    3   1   6   5   1   3   1   7   1  19  15   3   3   2   1   2   3   2   2  17  0.11 0.12
   70 G    0 -1 -3 -3 -4 -2 -3  6  0 -4 -3 -3 -4 -3 -4  0 -2 -4 -1 -3    5   4   1   1   0   1   1  67   2   1   3   1   0   1   1   5   2   0   2   2  1.14 0.45
   71 G    1  0  0  0 -2  1  0  2  0 -1 -2  0  0 -1 -2  0  1 -1 -1 -1   12   5   5   6   0   9   5  18   2   3   2   5   3   3   1   6   9   1   2   3  0.10 0.09
   72 S    1 -1  2 -2 -3  2 -1 -2 -1 -2 -3 -1 -1 -4  0  3  3 -4 -3 -1    9   2   9   0   0   8   3   2   1   2   1   3   2   0   3  30  21   0   0   3  0.42 0.30
   73 V   -1 -4  0 -3 -1 -3 -3 -4  0 -1 -2 -3  2  0  6  2  1 -1 -1 -1    3   0   4   0   1   0   0   0   3   3   2   0   6   4  37  18   9   1   3   5  0.74 0.37
   74 T   -1 -2  0 -2 -2  0 -2 -2  3  1  0 -1 -1 -1  2  0  3 -3 -1  0    3   0   5   0   1   5   1   3   9  12   7   2   1   3   9   8  22   0   1   7  0.19 0.18
   75 G   -1 -1  0 -3 -4  1 -1  5 -3 -1 -2 -1  0  1  0 -1 -3 -3 -2 -1    3   4   4   0   0   8   4  43   0   4   3   3   3   7   4   2   0   0   1   5  0.44 0.26
   76 P   -2 -4 -5 -5 -2 -2 -4 -5 -4  3  4 -2  1 -1  4 -4 -3 -4  1  0    2   0   0   0   1   2   0   0   0  15  41   2   3   1  23   0   0   0   4   6  0.74 0.38
   77 V   -1  0 -1 -1 -3  2  0 -2 -3  1  0  0  0 -3  1 -2  0 -1 -3  3    2   4   2   2   0  15   5   2   0   9   8   7   2   0   7   2   4   1   0  28  0.21 0.19
   78 E   -2 -1  2 -1 -2  2  3 -1 -1 -1 -3  2 -3 -4  2 -2 -1 -5 -4  1    1   2  13   1   1   9  23   4   1   3   1  12   0   0  12   1   1   0   0  13  0.35 0.26
   79 G   -2 -2  0 -4 -5 -4 -5  7 -5 -6 -2 -4 -5 -6 -5 -2 -4 -5 -6 -6    2   2   4   0   0   0   0  85   0   0   5   0   0   0   0   2   0   0   0   0  1.80 0.61
   80 T    2 -3  2  1  0  0  0 -2 -3 -3 -3 -2 -1 -4 -3  3  3 -5 -4 -2   15   0   9   9   2   3   6   1   0   0   2   0   2   0   0  29  21   0   0   1  0.46 0.30
   81 R   -3 -1 -2 -1 -3  1 -2 -4  2 -1 -1  0  4  1 -5 -2  1  9  0 -2    1   4   1   3   1   6   2   1   5   3   6   5  11   5   0   1  10  31   3   1  0.92 0.40
   82 V   -1 -6 -6 -6  1 -5 -6 -6 -6 -1 -3 -5 -3 -4 -5 -4  1 -6 -4  7    3   0   0   0   3   0   0   0   0   0   0   0   0   0   0   0   7   0   0  87  1.74 0.67
   83 Y   -2  1 -2 -4  1 -3 -3 -4  0  1  0 -2  2  4 -4 -3 -2  6  2  1    0  11   2   0   3   0   0   0   2   6   9   0   7  19   0   0   2  14   6  15  0.45 0.24
   84 G    0 -3 -2 -3  3 -3 -3  5 -3  1 -1 -3 -2 -3 -3  0 -2 -4 -3  1    4   0   0   0   7   0   1  47   0  10   4   0   0   0   0   9   1   0   0  14  0.62 0.28
   85 H   -2 -3  1 -1 -3 -1  0 -2  1  1 -1 -2  1  5 -3 -1 -1 -2  2  0    1   0   8   3   0   3   9   2   4  10   3   0   5  31   0   4   3   0   5   8  0.30 0.19
   86 F   -1 -4 -3  1  2 -3 -3 -4 -2 -2  0 -4 -2  6 -4 -1 -3  4  3 -3    7   0   0   8   5   0   1   1   0   0   9   0   0  46   0   4   1   5  11   1  0.84 0.34
   87 L    0  1 -1  0 -2  1  0 -2 -1  0  0  0  1  1 -2  0  0 -2  1  0    7   7   0   7   0   7   7   0   0   7   7   7   7   7   0   7   7   0   7   7  0.06 0.10
   88 D   -2 -4  1  7 -5  0 -2 -1 -4 -5 -5 -3 -5 -5  0 -3 -3 -5 -5 -5    3   0   6  71   0   4   1   5   0   0   1   0   0   0   5   1   0   0   0   1  1.55 0.64
   89 K   -1 -1  1  1 -4  1  1  5 -3 -4 -3  1 -3 -4 -1 -1 -1 -4 -4 -4    3   2   8   6   0   6  10  42   0   0   3  11   0   0   2   3   4   0   0   0  0.56 0.32
   90 W   -1 -2  2  4 -4  0  2 -1  1 -3 -2 -1 -3  1 -3 -1 -1  4  0 -2    5   2  10  27   0   2  13   4   3   0   5   3   0   7   0   3   4   6   3   2  0.34 0.25
   91 K    1  1  0  1  0  0  1 -1  0 -1 -1  1  1 -1  0  0  0 -3  1 -2   15   6   5   7   3   3   8   3   2   3   4  13   5   2   5   7   3   0   6   0  0.09 0.13
   92 T    1  1  1  0 -4  6  0 -2 -2 -2 -2  0  0 -1 -3 -1  0 -4 -3 -2   10   6   7   4   0  38   4   3   0   3   4   5   3   2   0   3   5   0   0   3  0.51 0.41
   93 N   -1  1  1  1 -3  1  1  0  2  0 -1  1 -1 -2 -2  0  0 -2  1 -2    1   7   7   7   0   7   7   7   7   7   7   7   0   0   0   7   7   0   7   0  0.05 0.12
   94 G   -1 -3  0 -3  1 -2 -1  1 -3 -1 -1 -2  1  0  6 -1 -2  3 -3 -3    5   0   4   0   4   0   5  12   0   4   5   0   4   4  40   5   0   4   0   0  0.67 0.32
   95 I    0  0 -3 -3  0 -2 -2 -3 -3  2  1 -1  2  0 -3 -2 -1  2  0  3    6   7   0   0   2   0   1   1   0  17  13   4   6   2   0   1   3   4   4  27  0.20 0.16
   96 V    0 -2  1 -2 -2 -2 -2 -2 -1  1  1 -2  2  2 -2 -1 -1 -1  2  1   12   1  12   1   0   0   1   1   0  12  12   1  11  12   1   1   1   0  11  12  0.12 0.08
   97 L    0 -2 -2 -2 -2 -1 -2 -3 -1  1  2 -1  4  1 -3  0  1  1 -1  1    5   0   0   2   0   3   0   0   2   8  20   3  21   6   0   6   9   2   0  10  0.22 0.19
   98 G    0 -3  0 -2 -3 -1 -2  5  1 -3 -3 -2  0  0 -3  0 -1  2 -2 -3    6   0   4   1   0   4   1  58   4   0   1   1   3   4   0   5   4   3   0   1  0.73 0.31
   99 T    1 -2 -1 -2  1  1 -2  0 -2  1 -1 -2  0 -2  1  2  3 -3 -2  0    8   0   0   0   4   8   0   7   0  10   5   0   3   0   5  16  25   0   0   8  0.19 0.18
  100 Y    0  0 -2 -3 -2  1 -2 -3 -2  0  0  0  2  1  1 -1  0  4  1  0    7   7   0   0   0   7   0   0   0   7   7   7   7   7   7   0   7   7   7   7  0.09 0.15
  101 G    0  0  1  0 -2  1 -1  0  2  0 -1  0 -1  0  1  0  0 -3 -1  0    7   7   7   7   0   7   0   7   6   7   7   7   0   6   7   7   7   0   0   7  0.05 0.08
  102 G    0 -1  0  0 -3  0 -2  4  1 -1 -3  0 -2  0  0  1 -1 -3  0 -1    6   4   4   5   0   5   0  33   4   4   1   4   0   4   4  11   4   0   4   4  0.26 0.21
  103 I   -1 -1  1 -1  0  1 -1 -1  0  2 -1  0  1  1 -3 -1  0 -3  0  1    5   3   8   2   2   7   3   5   3  19   3   5   5   6   0   3   8   0   4   9  0.07 0.14
  104 V    0 -1  1  0 -4 -1 -1 -2 -3 -2 -3 -1  0 -4  5  1  0 -4  1 -1    8   3   9   5   0   2   3   2   0   2   2   3   3   0  32  10   6   0   5   5  0.52 0.38
  105 R   -1  0  0  0 -3  1  1 -1  0 -1 -1  1  0 -3  1  1  2 -3  0  0    4   5   5   5   0   8  10   3   2   2   4   8   2   0   5  11  14   0   3   6  0.12 0.17
  106 E    0 -2  2  1 -3  0  2  0  0  0 -1  0  0 -1  0  0  1 -3  0  0    5   0  10   8   0   4  14   7   3   6   4   8   2   3   4   6   9   0   4   5  0.09 0.13
  107 K    0  0  0  1 -3  1  0 -1  1 -1 -1  1  0 -1  2  0  0 -3  0 -1    8   4   3   7   0   6   7   4   3   4   6  11   3   3  11   4   5   0   3   5  0.08 0.10
  108 P    1 -1  0  0  1 -1 -1  0 -3 -2 -1  0 -3 -3  4  0  0 -4  0 -1   12   3   4   4   3   3   4   7   0   3   5   7   0   0  24   8   6   0   3   4  0.31 0.25
  109 N   -1 -2  4  3 -4  0  1  0 -2 -3 -1  0 -3 -1 -1  0  0 -4 -1 -2    5   0  19  18   0   5   7   7   0   0   5   6   0   2   3   7   7   0   2   3  0.29 0.26
  110 R    0  0  1  0 -3  0  0  0 -1 -1 -1  1  0  0  1  1  1 -2  1 -1    7   5   6   4   0   5   5   5   0   3   4   8   3   4   8  11   9   0   6   4  0.07 0.11
  111 L   -1  0  1  1 -2  1  0 -1 -1 -1 -1  1  0  0  0  1  1 -3  0  0    4   5   7   7   0   6   7   5   0   3   6   7   2   4   3   9  10   0   4   6  0.03 0.09
  112 E    0  0  0  0 -3  1  1  0 -2 -1 -1  1  0 -1 -1  0  1 -3 -1  0    6   4   6   4   0   6  11   7   0   4   6  12   2   3   3   5  10   0   2   6  0.05 0.10
  113 G    0  0  0  0 -2  0  0  0  1  0 -1  0 -1  0  1  0  0 -2  1  0    6   6   5   6   0   5   6   6   5   6   6   6   0   5   6   6   6   0   5   6  0.01 0.06
  114 F   -1 -1  0  0 -3  0  0 -1  1  0 -1 -2  0  3  1 -1 -1  3  2  0    5   4   6   6   0   3   5   6   3   5   5   0   3  13   7   4   4   5   9   7  0.12 0.16
  115 S    0  0  1  1  0  0  1  0  0 -2 -1  0  0  0  0  1  1 -3  0 -1    7   5   7  11   2   3   7   5   2   0   5   7   3   6   5  10   8   0   3   4  0.07 0.10
  116 D    0  0  0  0 -2  1  0  0 -1  0 -1  0 -1  0  1  0  0 -2  1  0    6   6   6   6   0   6   6   6   0   6   6   6   0   6   6   6   6   0   6   6  0.04 0.06
  117 P    0 -1  0 -1 -3  0 -1 -1  1 -1 -1  0 -2  0  3  0  1 -3  2  0    6   3   5   3   0   4   3   5   3   3   5   5   0   3  18   7   8   0   8   7  0.16 0.18
  118 T    0  0  0  0 -2  1  0  0 -1  0 -1  0 -1  0  1  0  0 -2  1  0    6   6   6   6   0   6   6   6   0   6   6   6   0   6   6   6   6   0   6   6  0.04 0.06
  119 G    0  0  1  0 -2  1  0  0 -2  0 -1  0 -1  0 -2  0  0  4 -1  0    7   7   7   7   0   7   7   7   0   7   7   7   0   6   0   7   7   6   0   7  0.07 0.09
  120 Q    0  0  0  0 -2  1  0  0  1  0 -1  0  1  0  1  0  0 -2  1  0    6   6   5   6   0   5   6   6   5   6   6   6   5   5   6   6   6   0   5   6  0.03 0.06
  121 Y   -1 -3  0  0 -3  0 -1 -1  1  0 -1 -1  0  3 -1 -1  0  3  4 -2    4   0   4   5   0   5   5   3   4   6   5   4   3  14   3   4   6   4  17   0  0.21 0.22
  122 P    0 -1  1  1 -2  1  1  0 -2  0  0  0 -1 -2  1  0  0 -3 -2  0    8   0   7   8   0   7   8   8   0   8   8   8   0   0   8   8   8   0   0   8  0.09 0.08
  123 R   -1  1  0  1 -3  1  0  0  1 -1 -1  1 -1 -1  2  0  0 -3  0  0    4   7   4   7   0   5   6   7   4   5   4   9   0   3   9   7   7   0   3   6  0.08 0.07
  124 R    0  1  0  0 -3  1  0 -1  0 -1 -1  1 -1  1  0  0  0  1  1 -1    7   8   6   6   0   6   4   4   2   4   7  10   0   8   4   3   8   2   6   4  0.05 0.08
  125 L    0 -1  0 -1 -2 -1 -1  0 -2  1  1  0  0  0  0  0  1 -3  0  1    6   2   6   2   0   2   4   8   0   9  13   5   2   4   4   5  13   0   3   9  0.03 0.09
  126 G    0  0  0  0 -3  0  0  0  1  0 -1  0 -1  0  0  0  0  3  1 -1    5   5   5   5   0   5   5   5   5   5   5   5   0   5   5   5   5   5   5   5  0.03 0.09
  127 N    0  0  2  1 -3  1  1 -1  1 -3 -1  0 -2  0  2  0  0 -3  1 -1    7   4  10   8   0   7   8   5   4   0   5   4   0   4   9   6   6   0   6   6  0.12 0.15
  128 D    0  0  0  0 -2  1  0  0  1  0 -1  0  1  0  1  0  0 -3 -1  0    6   6   5   6   0   5   6   6   5   6   6   6   5   5   6   6   6   0   0   6  0.01 0.07
  129 T    0  0  0  0  2  0  0 -1  1  0 -1  0  1  0  0  0  0 -2  1  0    5   5   5   5   5   5   5   5   5   5   5   5   5   5   5   5   5   0   5   5  0.03 0.05
  130 N    0  0  1  0 -3  1  0  0  2  0 -2  0  1  0  1  0  0 -2  1  0    6   6   6   6   0   6   6   6   6   6   1   6   6   6   6   6   6   0   6   6  0.06 0.10
  131 V    0  1  0  0 -3  0  0 -1  1  0 -1  0  0  1  1  0 -1  3  1  0    7  10   4   5   0   4   6   5   3   5   5   4   3   6   8   6   3   5   5   8  0.07 0.09
  132 L   -1  0 -1 -1 -3  1 -1 -2 -2  0  2  1 -1  1  0  0  1 -3  1  1    3   6   3   3   0   8   3   3   0   5  20   8   0   6   4   5   8   0   6   9  0.09 0.15
  133 N    0  0  0  0 -2  1  0  0  1  0 -1  0  1  0  1  0  0 -2  1  0    6   6   5   6   0   5   6   6   5   6   6   6   5   5   6   6   6   0   5   6  0.03 0.06
  134 Q   -1  1  0  0 -3  1  1  0  1 -1 -1  1 -2  0  1  0  0  2  0 -1    5  10   3   4   0   9   8   7   4   4   5   7   0   4   8   7   4   3   4   4  0.10 0.12
  135 G    0  0  1  0 -2  1  0  0 -2  0  0  0  1 -2  1  0  0 -3 -2  0    7   7   7   7   0   7   7   7   0   7   7   7   6   0   7   7   7   0   0   7  0.07 0.08
  136 G    0  0  0  0 -3  0  0  0  1  0 -1  0 -1  0  0  0  0  3  1 -1    5   5   5   5   0   5   5   5   5   5   5   5   0   5   5   5   5   5   5   5  0.03 0.09
  137 E    0  1  0  1 -3  0  2 -1  0  0 -2  1  0 -1 -1  0  0  1  0 -1    7   6   4   9   0   4  16   4   3   6   3   8   3   2   3   5   6   3   3   5  0.10 0.13
  138 V    0 -1  1  0 -3  0  0  0 -2  0 -1  1  0 -2  1  1  0 -3  1  0    8   3   6   6   0   3   6   6   0   6   4   9   3   0   7  12   7   0   5   7  0.08 0.12
  139 G   -1 -3  0  0 -4  0  1  2  1  0 -2  0  1  0 -1  0 -1  2  0 -1    4   0   4   6   0   3  11  20   3   6   4   5   4   3   4   7   4   3   3   5  0.13 0.16
  140 Y   -1  0  0  0 -3  0  0 -1  2  0 -1  0  1  0  0  0  0  3  1  0    5   5   5   5   0   5   5   5   5   5   5   5   5   5   5   5   5   5   5   5  0.06 0.08
  141 D   -1 -1  1  3  1  1  0 -1  2  0 -2 -1 -3 -1  1  0 -1  2  0 -1    4   3   7  17   3   6   5   4   5   6   3   4   0   3   6   7   3   3   3   4  0.09 0.17
  142 S    0  0  0  0 -2  0  0  0 -2  0 -1  0  1  0  1  0  0  3 -1  0    6   6   5   6   0   5   6   6   0   6   6   6   5   5   6   6   6   5   0   6  0.03 0.10
  143 S    0  0  0  0 -3  0  0 -1  2 -1 -1  0 -1  0  1  1  1 -3  1 -1    7   4   5   5   0   5   6   4   7   4   5   5   0   6   7  11   9   0   4   5  0.07 0.10
  144 S    0  0  0  0  2  0  0  0 -1  0 -1  0  1  0  1  0  0 -2  1  0    6   6   5   6   5   5   6   6   0   6   6   6   5   5   6   6   6   0   5   6  0.03 0.06
  145 N    0  0  0  0 -2  1  0  0  1  0 -1  0 -1  0  1  0  0 -2  1  0    6   6   6   6   0   6   6   6   6   6   6   6   0   6   6   6   6   0   6   6  0.04 0.06
  146 V    0  0  0  0  2  0  0  0  1  0 -1  0 -1  0  1  0  0 -2  1  0    6   6   5   6   5   5   6   6   5   6   6   6   0   5   6   6   6   0   5   6  0.03 0.06
  147 I    0  0  0  0  1  0  0 -1  0  0 -1  0  1  0 -1  0  0 -2  2  0    7   4   4   4   3   5   4   5   3   7   5   5   5   3   3   8   8   0   8   8  0.03 0.06
  148 Q    0  0  0  0  2  0  0 -1  1  0 -1  0 -2  0  0  0  0  3  1 -1    5   5   5   5   5   5   5   5   5   5   5   5   0   5   5   5   5   5   5   5  0.06 0.08
  149 D    0  0  0  0 -2  1  0  0 -1  0  0  0  1  0  1  0  0 -2  1  0    6   6   6   6   0   6   6   6   0   6   6   6   6   6   6   6   6   0   6   6  0.03 0.06
  150 S    0  0  0  0 -2  0  0  0  1  0 -1  0  1  0  0  0  0 -2  1  0    5   5   5   5   0   5   5   5   5   5   5   5   5   5   5   5   5   0   5   5  0.00 0.06
  151 N    0  0  2  0 -3  0  0  0  0 -1 -2  0 -2 -1  1  1  0 -3  1 -1    7   5  14   6   0   5   5   7   2   4   3   7   0   3   7   9   4   0   7   4  0.09 0.13
  152 L    0  0  0  0 -2  0  0 -1  0  0  0  0  0 -1  1  0  0  1 -2  0    6   6   4   4   0   6   6   5   2   6  11   6   3   2   8   6   8   2   0   9  0.04 0.06
  153 D    0  0  1  0 -2  1  0  0 -1  0 -2  0 -1  1  1  0  0 -2  1  0    7   7   7   7   0   7   7   7   0   7   1   7   0   6   7   7   7   0   6   7  0.07 0.09
  154 T    0  0  0  0 -3  1  0  0  1  0 -1  0  1  0  1  0  0  3 -1  0    6   6   5   6   0   5   6   6   5   6   6   6   5   5   6   6   6   5   0   6  0.06 0.09
  155 A    0  0  0  0  2  0  0 -1 -2  0 -1  0  1  0  0  0  0  3  1  0    5   5   5   5   5   5   5   5   0   5   5   5   5   5   5   5   5   5   5   5  0.05 0.08
  156 I    0  0  0  0  1  0  0 -2  0  1  0  0  1 -1  1 -1  0  2 -2  1    5   6   4   4   3   5   5   3   3   9   8   5   4   3   8   5   4   3   0  13  0.05 0.09
  157 N    0 -1  2  2  1 -1  1 -1  1 -1 -2  1  1 -1  2 -1  0  2 -4 -2    6   3   9  12   3   3   9   5   3   4   3   8   3   3  10   4   5   3   0   3  0.16 0.17
  158 P   -1  0  0  0  2  0  0 -1  2  0 -1  0  1  0  0  0  0  3  1 -1    5   5   5   5   5   5   5   5   5   5   5   5   5   5   5   5   5   5   5   5  0.06 0.08
  159 D    0  0  0  0 -2  1  0  0  1  0  0  0  1  0  1  0  0 -3 -1  0    6   6   6   6   0   6   6   6   6   6   6   6   6   6   6   6   6   0   0   6  0.04 0.07
  160 D    0  0  0  0 -3  1  0  0  2  0 -1  0  1 -2  0  0  0  3  1  0    6   6   5   6   0   5   6   6   5   6   6   6   5   0   6   6   6   5   5   6  0.07 0.10
  161 R    0  0  0  0 -2  1  0  0  1  0 -1  0  1  0  1  0  0 -2  1  0    6   6   5   6   0   5   6   6   5   6   6   6   5   5   6   6   6   0   5   6  0.03 0.06
  162 P    0  0  0  0 -2  1  0  0 -1  0 -1  0 -1  0  1  0  0 -2  1  0    6   6   6   6   0   6   6   6   0   6   6   6   0   6   6   6   6   0   6   6  0.04 0.06
  163 L    0  0  0  0  2  0  0  0  1  0 -1  0 -1  0  1  0  0 -2  1  0    6   6   5   6   5   5   6   6   5   6   6   6   0   5   6   6   6   0   5   6  0.03 0.06
  164 S    0  0  0  0  2  0  0 -1  1  0 -1  0  1  0  0  0  0  3 -2  0    5   5   5   5   5   5   5   5   5   5   5   5   5   5   5   5   5   5   0   5  0.05 0.09
  165 E   -1  0  0  0 -3  0  0 -1  2  0 -1  0  1  0  0  0  0  3  1  0    5   5   5   5   0   5   5   5   5   5   5   5   5   5   5   5   5   5   5   5  0.06 0.08
  166 I   -1  0  0  0  2  0  0 -1  2  0 -1  0  1  0  0  0  0  3  1 -1    5   5   5   5   5   5   5   5   5   5   5   5   5   5   5   5   5   5   5   5  0.06 0.08
  167 P   -1  0  0  1 -5  0  0 -1  1  0 -1  0 -4  0  3  0  0  2  0 -1    6   6   5   7   0   3   7   6   3   5   5   5   0   4  15   6   5   3   4   4  0.14 0.15
  168 T    0  0  0  0  2  0  0 -1  1  0 -1  0  1  0  0  0  0 -2  1  0    5   5   5   5   5   5   5   5   5   5   5   5   5   5   5   5   5   0   5   5  0.03 0.05
  169 D    0  0  0  0 -2  1  0  0 -1  0 -1  0 -1  0  1  0  0 -2  1  0    6   6   6   6   0   6   6   6   0   6   6   6   0   6   6   6   6   0   6   6  0.04 0.06
  170 D    0  0  0  0  2  0  0 -1  1  0 -1  0  1  0  0  0  0 -2  1  0    5   5   5   5   5   5   5   5   5   5   5   5   5   5   5   5   5   0   5   5  0.03 0.05
  171 N   -1  0  0  0 -3  0  0 -1  2  0 -1  0  1  0  0  0  0  3  1  0    5   5   5   5   0   5   5   5   5   5   5   5   5   5   5   5   5   5   5   5  0.06 0.08
  172 P    0  0  0  0 -2  1  0  0 -1  0  0  0  1  0  1  0  0 -2  1  0    6   6   6   6   0   6   6   6   0   6   6   6   6   6   6   6   6   0   6   6  0.03 0.06
  173 N   -1  0  0  0 -3  0  0 -1  2  0 -1  0  1  0  0  0  0  3  1  0    5   5   5   5   0   5   5   5   5   5   5   5   5   5   5   5   5   5   5   5  0.06 0.08
  174 M    0  0  0  0 -2  1  0  0  1  0 -1  0  1  0  1  0  0 -2  1  0    6   6   5   6   0   5   6   6   5   6   6   6   5   5   6   6   6   0   5   6  0.03 0.06
  175 S    0  0  0  0 -2  0  0  0  1  0 -1  0  1  0  0  0  0 -2  1  0    5   5   5   5   0   5   5   5   5   5   5   5   5   5   5   5   5   0   5   5  0.00 0.06
  176 M    0  0  0  0  2  0  0 -1 -2  0 -1  0  1  0  0  0  0  3  1  0    5   5   5   5   5   5   5   5   0   5   5   5   5   5   5   5   5   5   5   5  0.05 0.08
  177 A   -1  0  1  0  1  0  0 -1  0  0 -1  1  0  1 -1 -1  0  1  1  0    4   6   6   4   4   3   6   6   3   6   6   9   3   6   3   4   7   2   5   5  0.02 0.04
  178 E    0  0  0  0  2  0  0 -1  1  0 -1  0  1  0  0  0  0 -2  1  0    5   5   5   5   5   5   5   5   5   5   5   5   5   5   5   5   5   0   5   5  0.03 0.05
  179 M   -1  0  0  0  2  0 -1 -1  2  0 -1  0  2  0  0 -1  0  3  1 -1    5   5   5   5   5   5   5   5   5   5   5   5   5   5   5   5   5   5   5   5  0.03 0.09
  180 L   -1 -1 -1 -3  1 -1 -1 -1 -3  2  2 -1  1  0 -1 -2  0  2  0  0    3   3   3   0   3   3   4   5   0  16  24   5   3   3   3   1   6   3   3   6  0.12 0.18
  181 R    0  0  0  0  2  0  0  0  1  0 -1  0  1  0  1  0  0 -3 -1  0    6   6   5   6   5   5   6   6   5   6   6   6   5   5   6   6   6   0   0   6  0.03 0.07
  182 R    0  0  0  0  2  0  0 -1  1  0 -1  0  1  0  0  0  0 -2  1  0    5   5   5   5   5   5   5   5   5   5   5   5   5   5   5   5   5   0   5   5  0.03 0.05
  183 D   -1  0  0  0  2  0  0 -1  1  0 -1  0  1  0 -3  0  0  3  1  0    5   5   5   5   5   5   5   5   5   5   5   5   5   5   0   5   5   5   5   5  0.03 0.10
  184 E    0  1  1  0  2  1  0  0  2 -2 -1  0 -2 -2  1  0 -1 -3  1 -1    7   7   7   7   6   7   7   7   6   0   7   7   0   0   7   7   0   0   6   7  0.09 0.12
  185 G    0 -1  1  1 -3  0 -1  3  2 -3 -2  0 -2 -3  1  1  0  3  0 -1    5   3   8   8   0   3   0  23   6   0   4   4   0   0   8   9   4   4   3   4  0.21 0.18
  186 L    0  0  0  0  2  0  0  0 -2  0 -1  0  1  1 -3  0  0  3  1  0    6   6   5   6   5   5   6   6   0   6   6   6   5   5   0   6   6   5   5   6  0.06 0.10
  187 R   -1  0  0  0  2  0  0 -1  2  0 -2  0  1  0  0  0  0  3  1 -1    5   5   5   5   5   5   5   5   5   5   0   5   5   5   5   5   5   5   5   5  0.08 0.13
  188 L    0  0  0  0  0  0  0 -1  1  0  1  0  0  1  1  0  0 -2  0 -1    5   4   5   4   3   4   4   5   4   5  14   5   3   6   6   6   7   0   4   4  0.00 0.04
  189 K   -1  0  0  0  2  0  0 -1  2  0 -2  0  1  0  0  0  0  3  1 -1    5   5   5   5   5   5   5   5   5   5   0   5   5   5   5   5   5   5   5   5  0.08 0.13
  190 V    0  0 -2 -2  2  1  0  0  2  0  0  0  1  0  1  0  0  3 -1  0    6   6   0   0   6   6   6   6   6   6   6   6   6   6   6   6   6   6   0   6  0.08 0.13
  191 Y   -2 -2 -1 -2  0 -2 -5 -3 -3 -1 -2 -1 -5  1 -2 -5 -5 -3  8  0    3   3   3   2   2   2   0   2   0   3   3   4   0   4   2   0   0   0  56   6  1.45 0.84
  192 W   -1  0  1  0 -1  0 -1 -2  0 -1  0  1  0  0  1 -1  0  4  2 -1    4   4   6   6   2   4   3   2   2   4  12  11   3   5   6   2   5   6   7   3  0.08 0.13
  193 D   -5  1  2  6  4  1  1 -5  2 -6 -2  0 -5 -6  0 -1 -4 -6 -5 -6    0   7   9  37   8   5   8   0   4   0   5   5   0   0   6   5   0   0   0   0  0.86 0.47
  194 T    0  0  0  0  2  0  0 -1  1  0 -1  0  1  0  0  0  0 -2  1  0    5   5   5   5   5   5   5   5   5   5   5   5   5   5   5   5   5   0   5   5  0.03 0.05
  195 E    1  0  1  0 -3  0  1 -1 -2 -1  0  1  0 -1 -1  0 -1 -3 -1  0   16   4   8   5   0   4  12   4   0   3  10  10   2   2   2   4   3   0   2   6  0.07 0.13
  196 G   -1  1  2  1 -3  2  1  1  3 -3 -3  1 -2 -3  2  1 -1 -3 -2 -3    1  10   9  10   0   9  10  10   9   0   1  10   0   0  10  10   1   0   0   1  0.27 0.11
  197 Y   -1  0  0  0  2  0  0 -1  2  0 -1  0 -2  1  0 -1  0  3  1  0    6   6   5   6   5   5   6   6   5   6   6   6   0   5   6   0   6   5   5   6  0.06 0.11
  198 P   -1  0 -2  0  2  0  0 -3  2  0 -1  0  1  1  0  0  0  3  1  0    5   5   0   5   5   5   5   0   5   5   5   5   5   5   5   5   5   5   5   5  0.05 0.14
  199 T    0  1  1 -2 -2  1 -1 -2  2  0  0 -1 -1  1 -2  0  1 -2 -1  0    8   8   8   0   0   8   0   1   8   8   8   0   0   8   0   8   8   0   0   8  0.02 0.10
  200 I   -1 -1  1 -3  1 -1 -3 -1 -2  3  1 -2  1  0 -3 -2  0 -3  0  2    4   4  10   0   4   4   0   5   0  31   9   0   4   4   0   0   4   0   4  13  0.18 0.19
  201 G    1 -1 -3 -4  1 -3  0  5  2 -1 -4 -1  1  0  0 -3 -1 -4  0 -4    9   4   0   0   4   0   7  41   5   5   1   4   4   4   4   0   4   0   4   0  0.55 0.36
  202 I    1 -1 -3 -1  1 -2 -1 -1  0  1 -1 -1  0  2 -1  0  0  2  4  1   12   4   0   3   3   0   3   4   3   8   3   3   3   8   3   7   5   3  16  11  0.17 0.18
  203 G   -1 -4  0  0 -4  0  0  6 -3 -5 -5 -3 -4 -4 -4 -2 -1 -4  1 -4    5   0   4   5   0   5   7  60   0   0   1   0   0   0   0   0   5   0   7   0  0.99 0.45
  204 H   -2  2 -1  0 -1 -1  0 -4  7 -1 -3 -1 -3  2 -4  0 -1  1  1 -4    2  12   2   5   2   2   7   1  33   4   2   4   0   9   0   7   4   2   3   0  0.71 0.38
  205 L    0  0  1  0 -2  1 -1 -2  2  0  0  0  1  1 -2  0  0 -2  1  0    7   7   7   7   0   7   0   0   6   7   7   7   6   6   0   7   7   0   6   7  0.06 0.11
  206 I   -3 -3 -3 -4  3 -3 -4 -2 -3  5  3 -3  1 -2 -3 -3 -3 -6 -2  2    1   2   1   1   5   1   1   4   1  29  27   2   3   2   1   2   1   0   1  14  0.69 0.44
  207 M    0  0  0  1 -1  0  2 -1  0 -1 -1  0  0 -2  1  0  1 -4 -2  0    8   4   4   8   1   4  13   5   3   3   6   6   3   1   6   6  12   0   1   6  0.10 0.13
  208 K    1  2  0  3 -5  0  0 -1  0 -3 -3  1 -1 -2  2 -1 -2 -1 -2 -2   15   9   4  14   0   3   7   4   3   1   2  10   1   2  11   4   2   1   1   3  0.25 0.26
  209 Q    0  0  2  2 -4  1  1  2  2 -3 -2  1 -4 -4 -1  0 -1  0  0 -2    6   5   9  10   0   5   9  14   6   1   3   8   0   0   2   8   4   2   4   4  0.21 0.20
  210 P   -2 -1  0  3 -5 -1  2  1 -1 -3 -4  1 -1 -3  4 -1 -1 -5 -2 -4    3   4   4  17   0   2  14  11   1   2   2   9   2   1  18   4   3   0   2   1  0.45 0.35
  211 V    1 -1  0 -1  2 -1 -1  0 -1  0 -1  0  0 -1  2  0  0  2 -1  0   16   3   4   3   6   2   3   6   1   6   7   5   2   2  10   8   6   3   2   6  0.10 0.10
  212 R   -1  1 -1  0 -3  0  2 -1  0 -1 -1  1  0  1  0  1  0 -3  0 -2    5   8   3   5   0   3  14   4   2   4   7   9   2   6   5  12   5   0   3   3  0.10 0.11
  213 D    0  0  1  2 -1  0  1  0  0 -1 -1  0 -1 -1  0  0  1  1  0 -1    7   4   7  12   1   4   7   8   2   3   5   6   1   3   4   7   8   2   4   5  0.06 0.06
  214 M    0  0  0  1 -1  0  0  0 -1  0  0  0  1  0  0  0  0 -2 -1  0    8   6   5   8   2   4   7  10   1   7   8   6   5   5   3   4   4   0   2   5  0.02 0.02
  215 A    1 -1  0  0 -1  0  1  0 -2  0  0  1  0  0 -1  0  0 -1  1 -1   14   3   3   4   1   3  10   6   0   7  10  10   2   4   3   6   5   1   5   3  0.04 0.07
  216 Q    0  1  0  0 -2  1  1 -1  0  0  0  0  0 -1  1  0  0 -2 -1  0    5   7   4   6   0   6   9   5   2   6  10   7   3   2   8   6   6   0   2   5  0.05 0.05
  217 I    1 -1 -1 -1 -1 -1  0  0 -1  1  0  0  0  1  0  0  0  0  0  0   12   3   3   3   1   2   6   6   1  10   9   8   3   7   5   6   5   1   4   6  0.02 0.04
  218 N   -1 -1  2  1 -2  0  0  1  1  0 -1  0 -1  0  0  0  0  0  0  0    5   3  13   8   1   3   5  10   4   6   8   5   1   4   3   6   5   1   3   6  0.05 0.05
  219 K    0  1  0  0 -1  0  1  1  0 -2  0  1  0 -1  0  0  1 -2 -1 -2    6   8   4   4   1   5   8  12   3   2   9  11   2   3   3   7   8   0   2   2  0.08 0.07
  220 V    0  0 -1  0 -1  0  0  0 -1  0  0  0  0  0  0  0  0  0  1  0    9   4   2   5   1   4   8   6   1   7  12   8   1   6   4   7   4   1   5   5  0.01 0.02
  221 L   -1 -1  0  0  0  0  0 -1  2  0  1  0 -1  0 -1 -1  0  0  1  0    5   3   6   6   3   4   5   4   6   5  17   5   1   4   2   4   5   2   6   9  0.03 0.05
  222 S    0 -1  0  1 -2 -1  0  0  0 -1 -1  0 -2  0  1  1  1 -2  1 -1    9   3   4  10   1   2   6   7   2   3   5   5   1   4   8  12   7   0   6   4  0.09 0.08
  223 K    0  0  1  1 -1  1  1  0 -1  0 -1  2 -1 -1 -1  1  0 -2  0 -1    8   3   6  10   1   5   8   5   1   5   5  15   1   2   3  10   5   0   4   3  0.10 0.08
  224 Q    0  0 -1  1 -2  1  1  0  1 -1 -1  1 -2 -1  2  0 -1 -2 -1 -1    9   4   2   7   1   6  12   9   4   3   6   9   1   3  10   4   4   0   2   4  0.11 0.08
  225 V    0 -1 -2 -1 -1 -1 -1 -1 -1  2  1 -1  0  0 -1 -1  0  0  0  2    6   3   2   4   1   3   4   4   2  15  13   4   3   3   3   4   5   1   3  17  0.09 0.08
  226 G    1  0  0 -1 -1 -1 -1  3  0 -1 -1  0 -2  0 -1  1  0  0 -1 -1   10   4   4   3   1   3   4  22   2   4   5   5   1   4   3  10   5   1   2   4  0.13 0.09
  227 R    0  2  1  1 -1  0  1  0  1 -2 -2  1 -2 -2 -1  0  0 -3 -1 -1   10  15   8   7   2   5   8   6   3   3   4   9   1   2   2   6   5   0   2   4  0.13 0.11
  228 E    0 -1  0  1  0  0  2  0 -2 -1 -1  0  1  0  1  0  0 -2  0 -1    6   3   5   8   2   4  14   7   1   3   6   7   4   4   6   9   5   0   3   5  0.07 0.07
  229 I    0  0  0  0  0  0  0 -1 -1  1  0  0  0  0  0  0  0 -2  0  1    7   4   4   6   2   3   5   4   1  10  12   6   1   4   5   5   5   0   5  11  0.02 0.03
  230 T    1  0  0  0  0  0  0  0  0  0 -1  0 -1  1 -1  1  0 -2  0  0   12   5   4   4   2   2   4   6   3   4   5   7   1   8   2  10   6   0   4   8  0.03 0.05
  231 G    0  0  1  0  0  0  0  1  0 -2 -1  1 -2 -1  0  0  0  1  0 -1   10   4   8   6   2   5   6  11   3   2   6   8   0   2   5   8   5   2   4   3  0.07 0.07
  232 N   -1  0  1  0 -1 -1  0  0  2 -1 -1  1 -1  1 -1 -1 -1  1  3 -2    5   6   9   6   1   2   5   7   5   3   5   9   1   6   2   4   4   2  12   3  0.11 0.12
  233 P    0  0  0  1 -1  0  0  2 -1 -2 -1  1  0 -2  1  0  1  1 -1 -1    7   5   3   8   2   4   4  14   1   2   5  10   2   2   8   4   9   3   2   5  0.10 0.11
  234 G    0 -1  0  0  0  1  0  2  0 -1 -1  0  0  1 -1  0  0 -3 -1  0    9   3   4   4   2   8   6  17   2   4   5   6   3   6   3   5   7   0   1   5  0.07 0.10
  235 S   -1  0 -1  0  2 -2  0  2 -3 -3 -2  1 -1 -1  0  1  2 -2 -2  0    4   4   2   5   4   1   5  19   0   1   3   9   1   2   6   9  13   1   2   8  0.18 0.22
  236 I   -1 -1 -3 -3  1  0 -1 -2  1  2  1  0  2  0  0 -2 -1  4  1  1    3   4   0   0   3   4   4   3   4  16  11   6   6   3   4   0   4   8   5   9  0.14 0.20
  237 T    0 -1  0 -1  4  0  0 -1  1 -3 -1  0 -2 -3  1  1  2  2  0 -1    6   3   5   3   9   3   7   4   5   0   6   4   0   0   6  12  15   3   4   3  0.16 0.21
  238 M    0  0  0  0 -2  0  0  0  1  0 -1  0  1  0  0  0  0 -2  1  0    5   5   5   5   0   5   5   5   5   5   5   5   5   5   5   5   5   0   5   5  0.00 0.06
  239 E    1  0  0  1 -3  0  2 -1  1 -1 -2  0  0 -1  0  1  0 -3  0 -1   14   4   3   8   0   4  16   4   3   4   3   5   3   3   4  10   5   0   3   3  0.12 0.15
  240 E    0  0  0  0 -2  1  0  0  1  0 -1  0  1  0  1  0  0 -2  1  0    6   6   5   6   0   5   6   6   5   6   6   6   5   5   6   6   6   0   5   6  0.03 0.06
  241 A    3 -4 -4 -1  4 -1 -1 -1  1  1 -1 -1  1 -1 -1  0 -1 -4 -4  0   31   0   0   3   8   3   3   4   3   8   4   3   3   3   3   6   3   0   0   7  0.27 0.29
  242 T   -1  0  0  0 -3  0  0 -1  2  0 -1  0  1  0  0  0  0  3  1  0    5   5   5   5   0   5   5   5   5   5   5   5   5   5   5   5   5   5   5   5  0.06 0.08
  243 T    0  0  0  0 -3  1  0  0  2  0 -1  0  1  1 -3  0  0  3  1  0    6   6   5   6   0   5   6   6   5   6   6   6   5   5   0   6   6   5   5   6  0.06 0.10
  244 L   -2 -2 -3 -5  1 -4 -2 -5 -1  2  4 -3  2  0 -5 -2 -2  6  0  0    3   2   1   0   3   0   2   0   1  11  40   2   6   3   0   3   1  12   3   5  0.64 0.44
  245 F   -2 -2 -5 -3  0 -4 -3 -5 -1 -1  4 -1  1  4 -2 -3 -1 -4  0 -2    2   2   0   2   2   0   2   0   2   2  50   4   2  18   3   2   4   0   2   2  0.68 0.50
  246 E    0  1  1  2 -1  2  2 -1  0 -2 -1  1  0 -3 -3  0 -1  0 -1 -1    8  10   6  11   1   9  12   5   2   2   5   8   3   0   0   7   3   2   1   3  0.14 0.17
  247 R    0  0  2  0  0  1  1 -1  1 -1 -2  2  0 -3 -3  0 -1 -3  0  0    5   5  13   5   2   8   9   4   3   3   4  13   3   0   0   8   3   0   4   8  0.14 0.17
  248 D   -3  0 -1  6  0 -1  0 -3  2 -2 -2 -1  0 -2 -4 -1 -2 -5 -2 -4    2   5   2  49   2   2   6   2   6   3   4   3   2   2   0   4   2   0   2   0  0.82 0.54
  249 L   -3 -4 -4 -5 -2 -6 -5 -6 -6  5  3 -5  2  1 -6 -4 -1 -2  1  2    2   1   1   1   1   0   1   1   0  28  29   1   4   6   0   1   4   1   5  14  0.86 0.50
  250 A    2  0  1  2 -1  1  2 -2 -3 -2 -1  1 -1 -2 -2  0  0 -5 -1 -2   16   4   5  12   1   6  12   3   0   2   6   9   1   2   2   6   7   0   2   2  0.19 0.21
  251 D    0  2  1  1 -3  1  2 -2  0  1 -2  2 -1 -3 -3  0  0 -1 -3 -1    8  11   5   9   0   5  13   3   2   7   4  11   2   1   1   5   7   1   1   5  0.17 0.18
  252 M    4 -4 -3 -4  3 -4 -4 -5  0 -1 -1 -1 -1  2 -4 -1  1 -5  1  2   33   1   1   1   5   1   1   0   3   4   6   4   1   8   1   4   8   0   4  14  0.53 0.40
  253 Q   -1  1 -2 -2 -2  1  3 -4 -1  2  0  0  1 -1 -3 -2 -1 -2  1  1    4   8   2   2   1   5  21   1   1  10   9   6   4   3   1   2   4   1   5  11  0.23 0.23
  254 R    1  3  1  0 -3  2  1 -1  0 -2 -2  2 -2 -4 -3  1 -1 -5 -2 -1   14  15   7   6   1   8   8   4   2   2   3  10   1   0   1   9   3   0   2   4  0.24 0.24
  255 D    1 -1 -1  3  1  2  3  1  0 -2 -3 -2 -1 -2 -3 -1  0 -2 -2 -2   10   3   2  19   3   8  17  10   2   3   2   2   1   2   1   5   6   1   1   3  0.32 0.27
  256 I    2 -6 -6 -6  2 -4 -4 -4 -2  3  3 -4  2 -1 -4 -2 -2 -6 -2  3   16   0   0   0   4   1   1   1   1  15  25   1   4   2   1   3   2   0   1  20  0.64 0.41
  257 K    0  2  1  1 -2  1  1 -1 -2  0 -2  2  1 -2 -2 -1 -1  0 -1 -1    9  10   8   7   1   5   9   4   1   7   4  13   3   1   2   5   3   1   3   3  0.12 0.14
  258 S    1  2  1  0 -2  1  0 -2  0 -3 -3  2 -1 -1 -4  2  0  0 -3 -2   11  12   7   4   1   6   6   3   2   2   3  13   1   2   0  15   7   1   1   2  0.24 0.23
  259 H   -1  0  1 -2  1  0 -1 -3  3 -1  2  0 -1  1 -4 -1 -2  0  3 -1    5   4   8   2   3   5   3   2   6   4  24   5   1   5   1   5   2   1   9   5  0.21 0.18
  260 S    0 -1  0  0  0 -1 -1 -1  0  0  0 -1  0  1  0  0  0  0  1  1    8   3   5   5   3   3   4   4   3   5   9   4   2   5   4   8   6   1   6  12  0.02 0.03
  261 K   -1  2  1  0  0  0  0  1  0 -1 -1  2  0 -1 -1  0  0 -3  0 -2    4  11   8   6   2   4   6  10   2   4   7  12   2   3   3   7   4   0   3   3  0.08 0.08
  262 V    0 -1  1 -1 -1 -1 -1 -1 -1  2  1  0  0  0 -2 -1 -1  0 -1  1    7   4   6   3   1   2   4   5   1  14  16   5   2   5   2   5   4   1   2  12  0.06 0.07
  263 G   -1 -1 -1 -2 -3 -2 -2  0  0  0  1  0 -1  4 -2  0 -2  2  3 -1    5   3   3   2   0   2   3   9   2   5  11   7   1  15   2   8   2   3  10   5  0.20 0.16
  264 P   -1 -1 -1  0 -1 -1 -1  1 -1 -2 -3  0 -2 -2  5  0 -1  0 -4 -3    6   3   3   6   1   2   4  10   1   3   3   6   1   2  33   7   3   1   1   2  0.57 0.37
  265 V    0 -2  1  0  1 -1 -1 -1  1  0 -2 -1  0  0 -2 -1 -2  8 -1  1    8   3   5   6   2   3   4   6   3   6   4   4   2   4   3   4   3  18   2   9  0.49 0.28
  266 W   -2 -6 -6 -6  2 -6 -1 -2  0 -2 -2 -6  1  5 -2 -1 -2  7  5 -1    3   1   0   1   4   0   4   3   3   3   5   1   4  23   3   4   3  14  17   4  1.08 0.53
  267 Q   -1  0  0  0  2  0  0 -1  2  0 -1  0  2  1  0 -1  0  4  1 -1    5   5   5   5   5   5   5   5   5   5   5   5   5   5   5   5   5   5   5   5  0.09 0.08
  268 A    0  0  1  2 -3  1  0  0  0 -3 -3  1 -2 -2  0  1  0 -1 -2 -1    8   6   8  14   0   6   5   6   2   0   2  11   1   2   5  11   6   1   1   4  0.17 0.16
  269 V   -1 -3 -4 -5  1 -2 -2 -3 -1  0  4 -3  2  2 -2 -2 -1  2  0  0    5   1   0   0   3   2   2   2   2   4  46   1   5   7   2   3   3   3   3   7  0.49 0.33
  270 N   -3 -4  4  3 -1 -3 -2 -2  0 -4 -4 -2 -5 -4  4  2  1 -5 -2 -4    2   0  21  16   1   0   1   3   3   1   1   2   0   1  21  16   8   0   2   1  0.71 0.46
  271 R    0 -1  0  2 -1  3  2 -1  0 -2 -2  0 -2 -2  2  0 -1 -4 -1 -2    7   3   4  12   1  14  17   4   2   2   3   4   1   2  11   6   2   0   2   3  0.27 0.23
  272 S    0 -1  3  1  0  0  1 -1  1 -2 -2  0 -1 -2  1  0  0 -2 -1  1   10   3  15   8   2   3   8   3   3   1   2   4   1   1   8   6   7   1   2  14  0.14 0.16
  273 R    1  5 -3 -3 -2  3 -1 -4 -2 -1 -1 -1 -1 -2 -3 -3 -3  2 -1  1   11  38   0   1   1  12   3   0   1   4   5   1   1   2   1   0   0   2   2  12  0.59 0.41
  274 Q   -1  2 -2 -3 -5  5  1 -3  0 -1 -2  2 -1  2 -4 -2 -3 -1  0 -2    4  12   2   0   0  31   7   1   2   4   2  13   2  11   0   1   1   1   3   3  0.55 0.40
  275 M    1  0  1  3 -1  0  0 -1  1  0 -1 -1  0 -2 -3  0 -1 -1 -1 -1   14   6   6  19   2   3   6   5   4   9   7   2   3   1   0   5   3   1   1   4  0.12 0.14
  276 A    4 -4 -4 -4  1 -4 -4 -2 -4  1 -2 -2 -1 -1 -4 -2 -1 -4 -1  4   42   0   0   0   3   0   0   3   0   8   2   2   1   3   0   2   2   0   2  31  0.65 0.40
  277 L   -1 -4 -5 -5  2 -4 -5 -5 -5  2  5 -5  3  1 -5 -4 -2 -4 -3  1    5   0   0   0   4   0   0   0   0  12  57   0   7   5   0   0   2   0   0   7  0.86 0.41
  278 E    0 -2 -4 -4  1 -1 -1 -2  0  3  0 -3  1 -1 -4 -2  1  1 -1  3   10   2   0   0   3   2   4   3   2  18   8   0   3   2   0   2   8   2   2  28  0.30 0.26
  279 N   -1 -2  3  4  1 -1  0 -1  0 -1 -3 -3 -1 -5 -4  3 -1 -5 -4 -4    4   2  17  22   3   2   6   4   3   3   3   0   2   0   0  26   2   0   0   0  0.51 0.37
  280 M   -1 -4  0 -5  2 -4 -5 -1 -4  0  1 -4  7  3 -5 -1 -4  3 -3  0    5   0   4   0   4   0   0   5   0   5  13   0  34  11   0   5   0   4   0   7  0.86 0.46
  281 A    1 -1  1 -1  3 -1 -1 -2  0  1 -1 -2  2 -1 -1  0  0 -3  0  2   11   3   7   3   6   3   3   3   3   9   4   0   6   3   3   5   5   0   3  20  0.12 0.14
  282 F   -4 -4 -7 -8 -2 -3 -3 -8 -1 -3 -4 -7 -1  8 -8 -7 -4 -3  6 -6    1   1   0   0   1   1   2   0   1   1   1   0   1  59   0   0   1   0  28   0  2.26 0.92
  283 Q   -5 -2  7 -4 -3  5 -4 -5  0 -3 -6 -4 -3 -7 -6 -1 -1  2 -6 -4    0   2  51   0   1  29   0   0   2   2   0   0   1   0   0   4   3   2   0   1  1.63 0.80
  284 M   -3 -2 -5 -6  0 -3 -5 -2 -2  1  4 -5  7 -2 -6 -5 -1 -5 -4  1    1   2   0   0   2   1   0   4   1   7  43   0  25   1   0   0   3   0   0   7  1.04 0.53
  285 G   -4 -6 -5 -6 -7 -6 -3  7 -6 -7 -7 -3 -7 -7 -6 -2 -3  1 -7 -7    0   0   0   0   0   0   2  88   0   0   0   2   0   0   0   3   2   2   0   0  2.29 0.92
  286 V    1  0  0 -2  1 -1  0 -1 -1  1  0  0  1  0  0  0  0  0  0  0   14   5   5   1   4   2   5   2   1  12   9   4   4   4   5   6   6   1   3   7  0.04 0.07
  287 G    0 -1  2  0 -4 -1 -1  3  0 -3 -4  0 -3 -2  2  0  1 -4  1 -1    9   3  11   6   0   3   2  21   2   1   1   5   0   1  11   6   8   0   5   4  0.28 0.22
  288 G    0  3  2 -2 -5 -3 -3  5 -2 -3 -5  0 -4 -2 -5 -1  0  4 -4 -2    6  14   8   2   0   1   1  38   1   1   0   6   0   1   0   4   5   6   0   3  0.66 0.40
  289 V   -2 -4 -4 -6 -3 -3 -5 -4  1 -1  4 -5  1  5 -3 -3 -2 -1 -1  0    3   1   1   0   1   1   0   1   3   2  47   0   3  23   1   2   2   1   2   5  0.87 0.47
  290 A    1  1 -1 -2  1  0 -1 -1 -2 -2  1  1  0 -2 -2  2  0 -2 -2 -1   14   8   3   2   3   3   3   5   0   1  16   9   3   1   2  18   5   1   1   4  0.12 0.17
  291 K   -1  1  0 -1 -1  1 -1  3 -2 -4 -2  3 -2 -5 -4  0  1 -5 -3 -3    5   7   4   3   2   7   3  23   1   0   3  23   1   0   0   7  10   0   1   1  0.40 0.30
  292 F   -1 -5 -2 -5 -5 -4 -2 -4  0 -3 -2 -3 -3  8 -5 -2 -1  2  0 -2    5   1   2   1   0   0   3   1   2   1   3   1   0  64   1   4   4   3   2   3  1.56 0.64
  293 N   -2  1  0 -3 -5 -1  0 -2  0 -3 -4  4 -3 -4  3  2  1 -5 -3  0    3   7   3   1   0   2   6   3   2   1   1  28   0   1  13  15   7   0   1   7  0.45 0.35
  294 T   -2  2  4  0 -5  0 -2 -2 -1 -5 -2  4 -3 -5 -2 -1  2 -6 -3 -4    2   9  21   5   0   4   2   3   1   0   4  28   0   0   2   4  13   0   1   1  0.61 0.42
  295 M   -2 -4 -5 -6 -3 -5 -5 -5 -3 -1  3 -2  7  3 -6 -3  3 -5 -4 -2    3   1   0   0   1   0   0   1   1   2  25   3  28  13   0   2  21   0   0   1  1.03 0.59
  296 L   -3  0  0 -4 -3 -3 -5 -3  0  3  4  0  1  0 -5 -3 -3  5 -2 -1    1   5   5   1   1   1   0   2   2  16  40   5   3   3   0   2   1   8   1   3  0.58 0.37
  297 T    3  2 -1  1 -4  0  0 -1  1 -4 -3  2 -3 -3 -3  1  0 -5 -2 -3   29  11   3   7   0   4   6   4   3   0   2  14   0   1   1   8   7   0   1   1  0.36 0.30
  298 A    4  0 -1  0  1 -1 -2 -1  1 -3 -1 -1  0  0 -4 -1 -3 -4  1 -2   43   5   3   6   3   2   2   3   4   0   8   3   3   5   0   3   0   0   5   2  0.40 0.37
  299 M   -1 -5 -1 -6  2 -5 -5 -2  1  4  2 -1  4  0 -6 -4 -1  3  1  1    5   0   4   0   4   0   0   4   4  21  19   4  11   4   0   0   4   4   4  11  0.50 0.33
  300 L   -1  2  2 -1  0  0  1  0  1 -1 -2  1  0 -1 -4 -1 -1  2  3 -2    5  10  11   3   3   4   9   6   3   3   3  11   3   3   0   4   3   3  10   3  0.17 0.17
  301 A    1  2  0  1 -1  1  1 -2  1 -1 -1  1  0 -3 -3  0  0 -4 -3  0   14  11   5   9   1   6   8   1   3   2   5  11   3   0   0   6   4   0   0  10  0.13 0.17
  302 G   -1  1  0  0 -1  1  1  4  1 -4 -3  1 -1 -3  0 -1 -3 -4 -2 -3    4   7   4   5   1   5   8  34   4   0   2  10   1   1   4   3   0   0   1   1  0.41 0.30
  303 D    0  0  1  0 -2  1  0 -2 -1  0  0  0 -1  1  1  0  0 -2  1  0    7   7   7   7   0   7   7   0   0   7   7   7   0   6   7   7   7   0   6   7  0.06 0.08
  304 W   -1 -1 -5 -2  1 -4 -2 -2  1 -1 -2 -2  0  2 -1 -2 -2  8  5  0    6   3   0   3   3   0   3   3   3   3   4   3   3   7   3   3   3  22  20   6  0.82 0.49
  305 E    1 -1  1  2  1  0  2 -2  0 -2 -1  1 -1 -1  0 -1 -1  1  0 -2   13   3   8  12   4   4  15   2   2   2   5   7   2   3   4   4   4   2   3   2  0.15 0.17
  306 K    1  0  0  0 -1  1  2  1 -1 -2  0  1  1 -3 -2 -1  0 -1 -3 -2   13   5   4   4   1   5  13  13   1   2   9   9   4   1   1   3   7   1   0   2  0.14 0.15
  307 A    6 -6 -6 -6  1 -6 -6 -1 -6  0 -5 -5  0  0 -6 -1 -3 -6 -6  1   66   0   0   0   2   0   0   4   0   4   0   0   2   3   0   4   2   0   0  10  1.41 0.73
  308 Y    5 -2 -2 -3  0 -3 -2  0 -1 -1 -5 -1 -5 -3  2  1 -3 -6 -2 -2   47   2   2   2   2   1   3   6   1   3   0   3   0   1   9  11   1   0   2   3  0.74 0.49
  309 K   -1  1  0  2  1  0  1 -2  1  1 -1  0  1 -1 -1  0 -1  2  0 -1    6   7   4  12   3   5   9   3   3   7   5   7   3   3   3   6   4   3   3   5  0.09 0.07
  310 A    0  0  1 -1 -7  3  5 -1  3 -7 -2 -1 -7 -7 -1 -1 -1 -7 -7 -7    8   5   6   4   0  13  32   5   5   0   4   4   0   0   4   4   4   0   0   0  0.73 0.44
  311 G    0 -4 -4 -4  1 -3 -2 -1 -4  1  2 -3  7  2 -1  0 -3 -4 -3  0    8   0   0   0   4   0   3   5   0   6  17   0  32   8   4   7   0   0   0   4  0.58 0.39
  312 R   -2  2 -1 -3 -1  0  0 -3 -1 -2  3  1  2 -1 -2 -3  0  0 -2 -1    4  10   3   2   1   5   7   2   2   2  29   9   5   2   2   2   6   1   2   5  0.33 0.20
  313 D   -1 -1  3  5 -1  0 -1 -2  0 -4 -2  1 -1 -2 -4 -1 -1 -4 -1 -2    5   3  16  33   2   4   2   4   2   1   5   8   2   2   1   3   4   0   3   3  0.56 0.33
  314 S    0 -1  1 -1 -2  1 -1 -2 -1  0 -2  1 -1 -1  2  1  1  5  2 -1   10   0   9   0   0   9   1   1   0  10   1  10   0   0  10  10  10   9   9   1  0.21 0.13
  315 L   -1  3  1  0  1  0 -1 -2  1 -1 -1  2  0 -3 -1 -1  1 -4  0  0    5  18   8   4   3   3   3   3   4   3   5  11   3   0   3   3   8   0   3  10  0.14 0.15
  316 W   -1 -1  1 -2 -5 -1 -1 -1 -4 -1 -4 -2  0  1 -5 -2 -4 10  3 -2    4   3   6   2   0   3   4   6   0   3   0   3   2   6   0   2   0  41   9   3  1.40 0.62
  317 Y    0  0  0  0  2  0 -2  0  2  0 -1 -2 -2  1  1  0  0  3  1  0    6   6   6   6   6   6   0   6   6   6   6   0   0   6   6   6   6   6   6   6  0.08 0.13
  318 Q   -1  3  2 -1 -4  0 -1  0  1 -1 -2  2  0 -1  0 -1  0  2  0 -2    3  16   9   3   0   4   3   7   3   3   3  16   3   3   5   4   6   3   4   3  0.20 0.21
  319 Q    0 -1 -1  0 -5  6  1 -1  0 -2 -2  0  0 -1 -1 -1 -2 -5 -4 -2    6   2   2   6   0  39   8   5   2   2   3   6   2   3   3   5   2   0   0   3  0.61 0.48
  320 T    0 -2  1  0  2 -1  0  0  2  0  0  0 -1  1 -2  0  0 -2  1  0    7   0   7   7   6   0   7   7   6   7   7   7   0   6   0   7   7   0   6   7  0.04 0.09
  321 K    0  0 -1 -3 -4  0 -3  3 -3 -1 -4  1 -3 -4  4 -1  0 -4  0 -1    6   5   3   0   0   3   0  25   0   5   0  12   0   0  22   3   6   0   4   4  0.47 0.32
  322 G    0  0  0  0 -2  1  0  0  1  0 -1  0  1  0  1  0  0 -2  1  0    6   6   5   6   0   5   6   6   5   6   6   6   5   5   6   6   6   0   5   6  0.03 0.06
  323 R   -2  6 -4 -4 -5  0 -1 -2 -4 -1 -2  0  1 -4 -1 -1 -4  3  0 -1    4  49   0   0   0   4   4   4   0   4   4   4   4   0   4   4   0   3   4   4  0.86 0.52
  324 A    0  0  0 -2  2  1  0  0 -2 -2 -1  0  1  1  1  0  0  4  1  0    6   6   6   0   6   6   6   6   0   0   6   6   6   6   6   6   6   6   6   6  0.09 0.14
  325 S    0  0  0  0 -3  1  0  0  2  0 -1  0  1 -2  0  0  0  3  1  0    6   6   5   6   0   5   6   6   5   6   6   6   5   0   6   6   6   5   5   6  0.07 0.10
  326 R   -1  4  0  0 -5  0  2 -1  1 -1 -2  1  0 -4 -4 -1  0  2  0 -1    4  28   4   5   0   4  13   4   3   3   3   6   3   0   0   3   5   3   4   4  0.34 0.32
  327 V   -2 -1  2  0 -4 -1 -2 -3  1  1  3 -2  2  1 -2 -2 -1  1  0  1    2   2  10   5   0   2   2   2   4   7  30   2   6   5   2   2   3   2   3   8  0.22 0.24
  328 T    0  0  0 -2  2  0  0  0  2  0 -1  0  1  0  0  0  0 -2  1  0    6   6   5   0   5   5   6   6   5   6   6   6   5   5   6   6   6   0   5   6  0.04 0.08
  329 M    0  1  0  0  2  1  1  1  1 -1 -1  1  1 -3 -3  0  0 -3  0 -1    8   8   5   6   5   7  10   9   3   3   4   7   6   0   0   5   6   0   4   4  0.09 0.14
  330 I   -1  1 -3 -4  2  1 -2 -4  0  2  1  0  4 -1 -1 -1 -1 -4  0  0    5   8   0   0   4   8   2   0   2  16  14   5  15   2   2   3   4   0   3   6  0.26 0.27
  331 I   -3 -2 -4 -2 -4 -2 -3 -3 -4  3  2 -2  6  3 -1 -3 -2  1 -1  1    0   3   0   2   0   2   2   2   0  20  15   3  23  11   3   2   2   2   2   8  0.55 0.40
  332 L    0  0  1  0 -3  1  0  0  2  0 -1  0  1 -2 -2  0  0  3 -2  0    6   6   6   6   0   6   6   6   6   6   6   6   6   0   0   6   6   6   0   6  0.08 0.12
  333 T    0  0  0  0 -2  1  0  0  1  0 -1  0  1  0  1  0  0 -2  1  0    6   6   5   6   0   5   6   6   5   6   6   6   5   5   6   6   6   0   5   6  0.03 0.06
  334 G    0  1  1  1  3 -1 -1  0  2  0 -2 -1 -1 -2 -2  1  1 -3 -2  0    9   9   9   9   8   0   1   9   9   9   1   0   0   0   0   9   9   0   0   9  0.10 0.11
  335 N    0  0  1  1  0  1  1  0 -2 -1 -2  1  0 -1 -1  0  1 -3  0 -1    8   5   8   9   3   5   8   5   0   3   3  11   3   3   3   6   9   0   3   4  0.08 0.09
  336 L    0  0  0 -2  2  1  0  0 -2  0  0 -2  1  1 -3  0  0  4  1  0    6   6   6   0   6   6   6   6   0   6   6   0   6   6   0   6   6   6   6   6  0.08 0.14
  337 E    0  0  1  0  2  1  0  0 -2 -2 -1  0 -2 -3  1  0  0  4 -2 -1    7   7   7   7   6   7   7   7   0   0   7   7   0   0   7   7   7   6   0   7  0.12 0.13
  338 S    0 -1  1  1 -2  1  0  0  2  0 -1  0 -1 -2  1  0  0 -2  1  0    7   0   7   7   0   7   7   7   6   7   7   7   0   0   7   7   7   0   6   7  0.07 0.09
  339 Y    0  0 -1  0 -2  1  0  0  2  0  0 -1  1  1  1  0  0 -2  1  0    6   6   0   6   0   6   6   6   6   6   6   0   6   6   6   6   6   0   6   6  0.04 0.10
  340 G    0 -1  1  1 -2  1  0  0  2  0 -1  0 -1 -2  1  0  0 -2  1  0    7   0   7   7   0   7   7   7   6   7   7   7   0   0   7   7   7   0   6   7  0.07 0.09
  341 V   -2  0  0  0 -3  1  0  0 -2  0 -1  0 -1  1  1  0  0  4  1  0    0   6   6   6   0   6   6   6   0   6   6   6   0   6   6   6   6   6   6   6  0.08 0.11
  342 E    0  0  0  0  2  0  0 -1  1  0 -1  0  1  0  0  0  0 -3  1  0    5   5   5   5   5   5   5   5   5   5   5   5   5   5   5   5   5   0   5   5 -0.00 0.06
  343 V    0  0  0 -1 -2  0 -1 -1 -2  0  0  0  1  0  1  1  1 -2  0  0    6   4   5   3   0   5   3   4   0   7  12   3   4   3   7   9  11   0   4   9  0.05 0.07
  344 K    0  1  1  1 -2  1 -1  0 -2  0  0  1 -1 -2  1  0  0 -3 -2  0    8   8   7   8   0   7   0   8   0   8   8   8   0   0   8   8   8   0   0   8  0.08 0.08
  345 T    0  1  1  0  1  0  0 -1 -2 -1 -1  1 -1 -1  0  1  1 -3 -2 -1    9   9   6   4   3   3   7   4   0   4   6   7   0   4   4  13  11   0   0   5  0.08 0.10
  346 P    0  0  1  1 -2 -1  0  0 -1  0 -1  0 -1 -2  1  0  0 -2  1  0    7   7   7   7   0   0   7   7   0   7   7   7   0   0   7   7   7   0   7   7  0.06 0.07
  347 A    1 -2  1  0 -3  2  0  1  3  0  0  0 -2 -3  1  0  0 -4 -2  0   14   0   6   4   0  11   6   9   8   5   9   7   0   0   6   5   4   0   0   6  0.12 0.16
  348 R    0  0  1  0 -3  1  0  0  2  0 -1  0  1 -2  1  0  0  3 -2  0    6   6   6   6   0   6   6   6   6   6   6   6   6   0   6   6   6   6   0   6  0.08 0.11
  349 S    0 -1  1  0 -3  0 -1  1  0 -1 -1  0  1 -1  1  2  0 -3 -2 -1    9   3   5   4   0   4   2  14   3   3   3   8   6   3   5  18   6   0   0   3  0.12 0.16
  350 L   -1 -1  0 -2 -3  0  1 -1 -2  0  1  0  1  0 -1  0  1 -3  1 -1    4   2   4   0   0   3  14   4   0   6  18   5   4   4   3   6  13   0   5   3  0.07 0.16
  351 S    0  0  1  0 -2  1  0  0 -1 -1 -1  0  1  1  1  0  0 -2  1  0    6   6   6   6   0   6   6   6   0   0   6   6   6   6   6   6   6   0   6   6  0.05 0.09
  352 A    1  1  0  0  1  0  0 -1 -2  1  0  0  1  0  0  0  0  2 -2  0   13   9   4   4   3   4   5   4   0   9   9   4   4   4   4   7   4   3   0   6  0.03 0.08
  353 M    0 -2  0  0  2  0  0  0  1  0 -1  0  1  0  1  0  0 -2  1  0    6   0   5   6   5   5   6   6   5   6   6   6   5   5   6   6   6   0   5   6  0.04 0.08
  354 A    0  1  1  1 -2  1  1  0 -1  0 -1  1 -1 -2  1  0  0 -3 -2  0    7   7   7   7   0   7   7   7   0   7   7   7   0   0   7   7   7   0   0   7  0.08 0.07
  355 A    0  0  1  0 -3  1  0  0 -1  0 -2  0  1  1  1  0  0 -2  1  0    6   6   6   6   0   6   6   6   0   6   1   6   6   6   6   6   6   0   6   6  0.05 0.09
  356 T    0  0  0  0  1  0  0 -1  1  1 -1 -1  1  0  0  0  1 -3  0  1    5   4   4   5   3   5   6   4   4   9   5   3   4   4   4   7  11   0   4  10  0.03 0.07
  357 V    0  0  0  0 -3 -1  0  0 -2  0  0  0  1  1  1  0  0  3  1  0    6   6   6   6   0   0   6   6   0   6   6   6   6   6   6   6   6   6   6   6  0.06 0.09
  358 A    0  0  1  0  2  1  0  0  2  0 -1  0 -1 -2  1  0 -1 -3 -2  0    7   7   7   7   6   7   7   7   6   7   7   7   0   0   7   7   0   0   0   7  0.07 0.10
  359 K    0  0  1  0 -3  1  0  0  2  0 -1  0  1 -2  1  0  0 -2  1  0    6   6   6   6   0   6   6   6   6   6   6   6   6   0   6   6   6   0   6   6  0.05 0.08
  360 S    0  0  0  0 -3  1  0  0 -2  0  0  0  1  0  1  0  0  3 -1  0    6   6   6   6   0   6   6   6   0   6   6   6   6   6   6   6   6   6   0   6  0.06 0.09
  361 S    0  0  1  0 -2 -1  0  0  2  0  0  0  1  0  1  0  0 -3 -1 -1    7   7   7   7   0   0   7   7   6   7   7   7   6   6   7   7   7   0   0   0  0.05 0.09
  362 D    0  0  1  0 -3  1  0  0 -2  0  0  0  1 -2 -2  0  0  4  1  0    6   6   6   6   0   6   6   6   0   6   6   6   6   0   0   6   6   6   6   6  0.07 0.11
  363 P    0  0  1  0  2 -1  0  0 -2  0 -1  0 -1 -2  1  0  0  4 -2  0    7   7   7   7   6   0   7   7   0   7   7   7   0   0   7   7   7   6   0   7  0.09 0.11
  364 A    0  0  0  0 -2  1  0  0  1  0 -1  0  1  0  1  0  0 -2  1  0    6   6   5   6   0   5   6   6   5   6   6   6   5   5   6   6   6   0   5   6  0.03 0.06
  365 D    0  1  1  1 -3  1  0  0  2  0 -2  0 -2 -2  1  0  0 -3  1  0    7   7   7   7   0   7   7   7   6   7   1   7   0   0   7   7   7   0   6   7  0.09 0.10
  366 P    0 -1  0  1 -5 -1  0 -2 -5 -2 -2  0  1 -6  5 -1  1 -6 -5 -1    8   3   5   7   0   3   6   4   0   3   4   7   4   0  30   3   9   0   0   4  0.53 0.40
  367 P   -1  0  0  3 -4  0  0 -2  0 -1 -1  0  0  0  1  0 -1  3  1  0    6   4   5  16   0   3   4   3   3   3   7   7   3   4   6   6   4   4   5   7  0.11 0.14
  368 I   -1  0  0  0  2  0  0 -1  2  0 -1  0  1  0  0  0  0  3  1 -1    5   5   5   5   5   5   5   5   5   5   5   5   5   5   5   5   5   5   5   5  0.05 0.08
  369 P    0  0  0  0 -4  0  1 -1 -3 -1 -1  0 -3 -4  4  2  1 -4 -4  0    6   4   4   4   0   4   9   4   0   4   6   5   0   0  20  15   9   0   0   6  0.28 0.24
  370 N    0  0  0  0  2  0  0  0 -2  0 -1  0 -1  0  0  0  0  3  1  0    6   6   5   6   5   5   6   6   0   6   6   6   0   5   6   6   6   5   5   6  0.05 0.08
  371 D    0  0  1  0 -3  1  0  0 -1  0 -2  0  1  1  1  0  0 -2  1  0    6   6   6   6   0   6   6   6   0   6   1   6   6   6   6   6   6   0   6   6  0.05 0.09
  372 S   -1 -1  1  2 -3 -1  0 -2 -3 -1 -3 -1 -1 -3  0  2  4 -5 -4 -1    4   2   6  12   0   3   7   2   0   3   2   4   1   1   5  13  30   0   0   5  0.36 0.33
  373 R   -1  1  1 -1 -4  1 -1  4  0 -1 -2  0 -3 -3  0  0  0 -4  0 -1    3   8   6   2   0   6   3  32   2   3   4   7   0   0   4   4   6   0   4   5  0.29 0.25
  374 I    0  1  0  0  1 -1  0  1  0  0 -2  1 -1 -2 -2  1  2 -4 -3 -1    6  11   3   6   3   2   5  10   2   7   2   8   2   2   1  12  15   0   0   4  0.11 0.15
  375 L    0 -1 -1 -2 -3 -1 -1  1 -3  0  1 -1  1 -1  0  0  2 -3 -1  2    5   3   3   2   0   1   3  12   0   3  12   3   3   2   4   8  13   0   2  19  0.09 0.15
  376 F   -3 -4 -1 -4 -4 -3  0 -2  0  1 -2 -1 -1  4 -1 -2  0  8  4 -1    2   0   3   0   0   0   7   3   2   7   3   5   1  15   3   3   5  20  17   4  0.72 0.44
  377 K   -1  0  3  2 -4  0  0 -1  1 -2 -2  1 -1 -4 -2  1  1  0 -3 -1    2   5  18  14   0   4   4   3   4   3   2   9   2   0   2  13   8   1   0   5  0.26 0.24
  378 E   -1  0 -1  1 -4  0  5  0  0 -2 -3  0  1 -4  0 -1  1  0 -3 -2    3   6   2   5   0   4  38   7   2   2   2   5   5   0   4   2   8   2   0   2  0.43 0.34
  379 P   -1 -1  1 -1 -4  1 -3 -2  0 -4 -1 -1 -3 -1  6 -3 -1 -5 -4 -1    4   3   8   4   0   6   1   3   3   0   6   3   0   3  46   1   4   0   0   4  0.91 0.48
  380 V    0 -1  1  0 -3  0  1  0  1 -1 -1  0  0  0  2  0  1 -3 -2 -1    8   3   9   5   0   3   8   7   3   5   4   4   3   6  11   5  10   0   0   5  0.10 0.11
  381 S    0  0  1  0 -2  1 -1  0  2  0  0  0  1 -2  1  0  0 -2  1  0    6   6   6   6   0   6   0   6   6   6   6   6   6   0   6   6   6   0   6   6  0.05 0.10
  382 S    0 -1  1  1 -4  0  0  0  1 -3 -2  0 -3 -1  4  0  0 -4  1 -2    9   3   6   8   0   3   6   8   3   0   3   6   0   2  19   8   5   0   5   3  0.26 0.23
  383 Y   -1  0  0  0  2  0  0 -1  2  0 -1  0  1  0  0  0  0  3  1 -1    5   5   5   5   5   5   5   5   5   5   5   5   5   5   5   5   5   5   5   5  0.06 0.08
  384 K    0 -1  3  1 -3  0 -1  0  1 -3 -2  2 -3 -2  1  1  1 -4  0 -2   10   2  15   7   0   4   2   6   4   1   3  13   0   2   7  13   7   0   3   2  0.20 0.19
  385 G    2 -1  0 -1 -3 -1 -1  1 -3 -1 -2 -2  0 -2  2  2  1 -3 -1 -1   21   3   3   2   0   3   3  12   0   4   3   0   2   2  12  16   7   0   3   2  0.21 0.21
  386 E    0 -1  1  1 -2  1  1 -1 -2 -1 -2  1 -1 -2 -1  1  1 -4 -1  1    9   1   8   8   1   6  10   3   0   2   2  11   1   1   2  13   8   0   2  13  0.13 0.16
  387 Y   -2 -3  1  0  1 -3 -1 -2  1 -3 -2 -3 -3  1  0  1 -1 -1  7 -3    3   0   9   5   3   0   3   3   3   0   4   0   0   3   4  11   3   0  44   1  0.76 0.44
  388 P   -2  0  1 -2 -5  0 -3 -2 -4 -3 -3  1 -4 -5  7 -1  0 -5 -4 -2    2   5   6   2   0   3   0   3   0   2   2   9   0   0  51   5   5   0   0   3  1.10 0.50
  389 Y   -2  0  2  0 -3 -1 -1 -3  2 -2 -2  0  0  3 -3  0  1  3  4 -3    3   6  10   4   0   2   4   0   4   2   2   6   3  13   0   5  11   4  20   0  0.32 0.25
  390 V   -1  0  6 -2 -4  1 -1 -3 -2 -1 -4  1  1 -5 -4  0 -1 -5 -4 -1    4   6  51   0   0   5   3   0   0   3   0   8   4   0   0   6   3   0   0   5  0.88 0.50
  391 H   -3  1  1 -1 -4  1  0 -1  6 -4 -4  3 -1  0 -3  1  0  2 -1 -4    0   8   6   3   0   6   6   4  21   0   0  20   2   4   0   9   5   3   2   0  0.49 0.33
  392 T    0 -4  0 -4  2 -3 -4 -1 -4  2  0 -3  2 -3 -4 -1  1 -4  1  4    7   0   5   0   4   0   0   5   0   8   5   0   5   0   0   5  11   0   5  37  0.42 0.30
  393 M    0  0  0  0 -3  1  0 -3  2  0  0  0  1  1 -3  0  0  3  1  0    6   6   6   6   0   6   6   0   6   6   6   6   6   6   0   6   6   6   6   6  0.09 0.13
  394 E   -1  1 -2 -1 -3  2  3 -2  1 -2 -3  2  0 -2 -3  0  0 -3 -1  0    5   8   0   2   0  10  25   2   3   1   1  14   2   1   0   7   7   0   2   8  0.30 0.23
  395 T   -2 -3 -2 -1 -3 -3 -3 -1 -3 -2 -4 -3 -3 -2 -1  4  5 -4  1 -3    0   0   0   2   0   0   0   4   0   2   0   0   0   2   3  39  42   0   4   0  0.90 0.51
  396 E   -1  1  0  0 -4  2  4  0 -2 -2 -3  0 -1 -3  0  0 -2  2  0 -2    5   8   3   4   0  11  31   8   0   2   1   4   2   0   5   5   1   4   4   3  0.34 0.24
  397 S    0 -1 -2 -1 -1 -1 -1  2  1 -3 -4  0 -3 -4 -3  5  1 -4 -3 -3    7   2   0   2   1   1   4  15   3   2   0   4   0   0   0  49   8   0   0   0  0.59 0.38
  398 G    0 -1 -1 -3 -4 -3 -1  6 -3 -5 -3 -2 -4 -4 -4  0 -3 -4 -1 -4    5   4   2   0   0   0   4  66   0   0   3   2   0   0   0   6   1   0   2   1  1.10 0.46
  399 H   -1 -3  2 -3 -4 -2 -1 -2  9 -1 -3 -1 -1 -1 -4 -2 -2  2 -1 -2    5   1  10   1   0   0   2   3  54   4   2   3   2   3   1   3   2   3   0   3  1.27 0.56
  400 I   -1 -1 -2 -1  0 -1  0 -3  0  2  1 -1  1  0 -3 -1  0  3  0  3    3   3   0   3   2   2   7   1   3  15  11   4   3   4   1   3   6   4   3  24  0.16 0.15
  401 Q   -1 -1 -1 -3 -3 -1 -1 -3  2  4  0 -1  2  2 -3 -1 -1 -2  1  1    3   4   3   0   0   3   5   0   6  33   5   3   6   9   0   4   4   0   5   7  0.22 0.21
  402 E   -2  1  0  0 -3  1  4 -3 -2 -1 -1  1  1 -3 -2  0  0 -4 -3  0    1   9   4   4   0   4  37   0   0   4   5   8   5   0   0   5   4   0   0   8  0.34 0.24
  403 F    0  0 -2 -3 -2  1 -2 -3  2  1  0 -1  2  1 -3  0  0  4  2  0    8   8   0   0   0   7   0   1   7   8   8   0   7   7   0   8   8   7   7   8  0.15 0.15
  404 D   -5 -3  1  7 -7 -3  5 -5 -4 -7 -7 -3 -6 -7 -5 -2 -5 -7 -6 -7    0   1   5  55   0   0  34   0   0   0   0   1   0   0   0   2   0   0   0   0  1.76 0.82
  405 D   -5 -5  1  8 -7 -4 -3 -5 -1 -7 -7 -5 -7 -7 -5 -3 -5 -7 -6 -7    0   0   6  87   0   0   0   0   2   0   0   0   0   0   0   2   0   0   0   0  2.49 1.01
  406 T    0 -1 -2 -2 -4  0 -1 -4 -4 -3 -3  3 -1 -5 -4  1  5 -5 -5 -4    8   3   1   1   0   3   3   1   0   1   2  20   2   0   0  10  45   0   0   0  0.84 0.57
  407 P    2 -1 -1 -2 -5 -1  0 -2 -2 -3 -4  4 -2 -5  5 -1 -1 -5 -4 -2   18   1   3   2   0   2   7   2   1   2   1  25   1   0  27   3   3   0   0   2  0.66 0.45
  408 G   -3 -5  1  2 -6 -4 -3  7 -5 -7 -7 -2 -4 -7 -3 -2 -2 -6 -5 -7    1   0   6  10   0   0   2  73   0   0   0   2   0   0   1   2   2   0   0   0  1.66 0.78
  409 Q    2 -1  2 -1 -4  2  1  1  1 -4 -3  1 -3 -2 -3  2 -1 -4  0 -3   18   2  10   2   0   9  10  10   3   0   1  10   0   1   0  17   3   0   3   1  0.31 0.30
  410 E   -3 -3  0 -1 -7  1  7 -6 -4 -7 -7 -2 -6 -7 -3 -3 -5 -7 -6 -6    2   1   4   2   0   4  83   0   0   0   0   1   0   0   1   1   0   0   0   0  2.07 0.99
  411 R   -3  5 -1 -3 -5  4  2 -3 -2 -4 -1  1 -2 -2 -4 -1 -2 -4  0 -4    1  35   2   0   0  20  15   2   1   0   5   5   1   2   0   3   2   0   3   1  0.77 0.49
  412 Y   -4 -5 -2 -5 -4 -5 -5 -4 -5  6  2 -4  1  0 -4 -3 -2 -4  0  3    0   0   2   0   0   0   0   1   0  43  22   1   3   3   1   1   2   0   3  17  0.92 0.50
  413 R   -3  2  0 -2 -4 -1 -3 -4  7 -2 -1 -1  1  1 -4  0 -1 -3  4 -2    2  14   5   3   0   2   1   1  26   2   6   3   3   6   1   6   3   0  14   2  0.63 0.40
  414 L   -1  0  0 -1 -3  0 -1 -3 -3  2  1 -2  0  2 -3 -2 -1  5 -1  2    4   5   5   3   0   4   4   2   0  15  16   2   2   9   1   1   3   9   1  14  0.25 0.21
  415 V   -2  2 -2 -3 -3  1  1 -3  4  0  0  0  3  0 -3 -1 -1 -1  3 -1    2  10   1   1   0   8   8   1  14   5   8   5   8   3   1   3   4   1  13   3  0.30 0.26
  416 H    0 -1 -1  3 -4 -1 -2 -2  9 -4 -3 -3 -1 -4 -2 -1 -2 -4 -2 -4   10   3   2  16   0   2   1   3  45   1   2   1   2   1   2   4   3   0   1   1  1.23 0.59
  417 P    1  3  0 -1 -3  1  0 -2 -1 -1 -2  2  0 -3  1 -1  1 -3 -3 -2   13  21   4   3   0   6   6   3   1   5   2  12   3   1   7   4   8   0   1   2  0.24 0.21
  418 T    1 -1  0 -1 -3  0  2 -1 -1 -2 -2  2  0 -3 -2  3  2 -3 -3 -2   11   2   3   2   0   3  13   4   1   1   3  13   2   1   1  22  12   0   1   2  0.28 0.26
  419 G   -2 -2  0  1 -4  0 -2  5 -3 -3 -4  0 -4 -4 -3 -2 -2 -4 -4  0    2   2   5   9   0   4   2  51   0   1   1   5   0   1   1   3   3   0   0   9  0.78 0.44
  420 T   -1 -2  0  0 -3  0  1  0 -1 -3 -2  0  1 -2 -2  3  4  1 -2 -2    5   1   5   4   0   3   8   6   1   1   4   4   4   1   1  20  25   2   1   1  0.32 0.30
  421 Y   -2 -2  3  0 -3  0 -2 -1  2 -2 -2 -2 -1  4 -3 -1  0 -2  3 -1    3   2  15   6   0   3   2   5   4   2   4   2   1  22   1   3   7   0  12   4  0.36 0.28
  422 E   -2 -1  2  2 -1  0  1 -3 -1  2  0 -1  0 -1 -3 -1  0  0  1  0    2   4  11  11   1   5  12   1   1  14   7   2   2   2   1   3   7   1   6   8  0.14 0.17
  423 E   -2 -2  0  0 -4  1  6 -3  0 -2 -2 -2 -4 -4 -4 -1  0  2 -2 -2    2   2   5   4   0   4  54   2   2   2   4   2   0   0   1   3   6   3   1   3  0.88 0.55
  424 V   -1 -4 -3 -3 -4 -3 -3 -3 -2  5  0 -2  4  1 -4 -2  1  2  1  2    4   0   1   1   0   1   1   2   1  31   4   2  11   5   0   2  10   2   4  15  0.54 0.38
  425 S   -2  1  1  2 -4  1  0 -2  6 -2 -1  0 -2 -1 -4  0  0 -4  0 -1    3   6   6  12   0   6   6   2  22   2   7   6   1   3   0   7   5   0   3   4  0.38 0.31
  426 P    2 -3  2  0 -3 -1  0 -1  0 -2 -2 -1 -2 -2  3  0  1  2 -3  0   18   0  11   6   0   2   5   4   2   2   3   4   1   1  16   6   7   3   0   8  0.26 0.25
  427 S   -2 -2  2  5 -4  1  1 -2  0 -2 -2  0 -1 -1 -3 -1 -1 -5 -4  0    3   1   8  35   0   7   9   3   2   3   3   5   2   3   1   5   3   0   0   8  0.49 0.36
  428 G   -2  1 -1 -1 -4 -1 -1  6  0 -5 -4  0 -1 -3 -4 -2 -2 -4 -4 -3    3   8   3   3   0   2   5  53   2   1   2   7   2   2   1   2   3   0   0   2  0.87 0.49
  429 R   -1 -1  4  3 -2 -1 -1 -1  2 -2 -3 -1 -4 -2 -2  1  2 -5 -4 -1    4   2  22  20   1   2   3   3   5   2   2   3   0   2   2   9  14   0   0   4  0.46 0.36
  430 R   -1  2  1  1 -3  1  0 -2  0  0  0  1  1 -1 -1 -1  0  0 -1  1    3  13   6   7   0   5   6   3   2   4   7  11   5   3   2   4   4   1   1  11  0.09 0.13
  431 T   -1  1  1  0 -3 -1 -1 -3  1  1 -1 -1 -1 -1 -3  1  3 -4  0  2    3   9   7   6   0   1   3   2   4   7   4   2   1   2   0  10  19   0   3  16  0.22 0.25
  432 R   -2  0  0  0 -3 -1  0 -2  1  2  0 -1  0 -2 -2  0  2 -1  0  1    2   5   4   5   0   3   6   2   3  12   9   3   3   1   1   5  18   1   3  13  0.13 0.18
  433 K   -2  2  1 -1 -4 -1 -1 -1  1  0 -2  4 -1 -1 -3  0  1  0  0 -1    3   9   6   3   0   2   3   5   4   6   3  27   2   3   0   6  10   1   3   4  0.25 0.26
  434 T    0 -2  0 -1  0 -1 -2 -1 -3  2 -1 -2  0 -3 -3  1  1 -4 -1  3    8   2   5   3   2   2   2   6   0  14   5   2   2   0   0  10  10   0   2  24  0.21 0.23
  435 V    0  0  1  0  0  0  0  0  2  0 -1  1  1 -1 -1  0  0 -3 -1  0    9   5   7   5   2   4   7   6   5   4   2   8   5   2   3   9   5   0   2  10  0.05 0.09
  436 D   -1  0  2  0  0  0  1  3  1 -4 -2  1 -1 -2 -1  0  0 -4 -1 -2    5   4  10   5   2   4  10  22   3   0   3  10   2   2   2   5   5   0   2   2  0.21 0.21
  437 N   -2 -1  4  5 -5  0  1 -2  1 -2 -3 -1 -4 -1 -4 -1 -1 -5 -1 -3    2   3  17  34   0   4  10   3   3   2   3   3   0   2   0   5   4   0   2   2  0.62 0.46
  438 L    0  1  3  1 -3  1  1 -2  1  0 -1  0  0 -2 -2  0  0  1  0 -1    6   8  16   7   0   5   7   3   4   6   5   5   3   1   1   6   6   2   4   5  0.13 0.16
  439 Y   -2 -1  0 -1 -4 -2 -1 -3  1 -1 -2 -2  0  2 -4  0  3 -1  6 -1    3   3   5   4   0   2   4   2   3   4   3   3   2   8   0   7  16   1  25   4  0.44 0.39
  440 D   -1  0  1  1 -4  0  2 -2  0  0 -1 -1 -1 -2 -2  0  2 -2 -1  0    3   5   8   7   0   4  18   3   2   5   7   3   2   2   1   6  15   1   2   6  0.14 0.20
  441 I   -1 -2  0 -2 -1 -1 -1 -3  3  4 -1 -2  1 -1 -4 -1  1  1 -2  1    5   2   5   2   1   3   4   1   8  25   5   2   4   3   0   4  10   2   1  11  0.27 0.26
  442 T    1 -2 -2 -2 -2 -3 -3 -3 -2  3 -2 -2 -1 -2 -4 -2  2 -5 -1  4   10   2   2   3   1   1   1   2   1  18   2   3   1   1   0   3  12   0   2  34  0.52 0.41
  443 N    0 -1  1  1 -2  1  1  2  0 -1  0  0  0 -2 -2  0  0 -3 -2  0    8   2   7   9   1   6   9  15   2   4  11   5   3   1   2   4   5   0   1   6  0.08 0.11
  444 A    0  0  2 -2 -2 -1 -2  4  2 -3 -3  2 -2 -3 -2 -1 -1 -5 -3 -3    7   6  11   2   1   2   2  37   5   1   2  11   1   1   2   3   3   0   1   1  0.53 0.39
  445 D   -2 -3  5  5 -2 -1 -1 -2 -1 -5 -4 -1 -5 -3 -5 -1 -1 -6 -3 -2    3   1  28  36   1   2   2   3   1   0   2   4   0   1   0   5   3   0   1   4  0.93 0.60
  446 G   -2  1  1  1 -4  1  2 -1  1 -1 -1  1  0 -1 -2 -1 -1  0  0 -2    2   9   7   9   0   7  16   5   3   4   6  11   3   2   1   4   3   2   3   3  0.16 0.17
  447 N   -1  0  4  1 -1  0 -1 -2  2 -2 -3  0 -2 -1 -4  1  2 -4  2 -2    3   4  20   7   1   5   3   2   5   2   2   4   1   3   0   9  16   0   7   2  0.31 0.31
  448 F   -1 -1 -1 -1  1 -1  0 -2  1  3  0  0  0 -1 -3  0  1 -1  0  1    2   3   3   3   3   2   8   3   4  19   7   5   3   2   0   6  10   1   3  12  0.11 0.16
  449 L   -1  0  1  0 -3  0  0 -2  3  1  0 -1  0  0 -3  0  1  2  1  0    3   4   7   5   0   4   4   2   8   8   9   3   2   4   0   6  12   4   5   7  0.07 0.14
  450 V   -1 -4 -1 -2 -4 -2 -2 -3  0  4 -1 -2  0 -3 -4  0  0 -5 -1  4    4   0   3   2   0   2   2   2   2  27   2   2   2   0   0   8   4   0   2  33  0.56 0.43
  451 A   -1  0  0  0 -3  0  0  2  1 -1 -1  2  0 -1 -1  0  1 -3  0 -1    4   4   3   4   0   5   7  19   4   3   5  13   3   3   3   5   9   0   3   4  0.11 0.13
  452 G    0  1  1  1 -2  1  0  0  2 -2 -1  0 -1  0  1  0  0 -3 -1 -1    7   7   7   7   0   7   7   7   6   0   7   7   0   6   7   7   7   0   0   7  0.07 0.09
  453 D   -2 -2  4  5 -1 -2 -1 -1  1 -2 -3 -1  1 -2 -5  0  0 -6 -2 -3    3   2  18  31   1   2   4   6   3   3   2   4   3   2   0   6   5   0   2   2  0.61 0.44
  454 K   -1  3 -1  0  0  2  1  0  1 -1 -1  1  0 -2 -4  0 -1  1 -1 -1    4  15   3   4   2  11   9   6   4   3   6   7   2   2   0   8   4   2   2   5  0.15 0.17
  455 K   -1  0  3  0  0 -1 -1 -3  0 -2 -3  1 -1 -1 -2  1  3  0 -1 -1    4   6  17   6   2   2   4   2   3   3   2   7   1   3   2  10  19   1   3   4  0.27 0.28
  456 T   -1 -1 -1 -1 -3  0  2 -1 -1  2  1  0  0 -1 -3  0  1  1 -1  1    3   3   3   2   0   3  14   4   2  14  11   4   3   2   0   7   8   2   2  12  0.12 0.16
  457 N   -2 -1  2 -1 -4  0 -1 -2  2  0 -2  0 -1 -2 -4  1  4 -1 -2  0    2   3   8   4   0   4   4   2   4   4   3   5   2   2   0  11  32   1   1   5  0.41 0.37
  458 V   -2 -3 -3 -3 -4 -3 -3 -6 -2  5 -2 -3 -1 -1 -5 -3 -1 -5  0  5    3   1   1   1   0   1   2   0   1  28   2   2   1   2   0   2   4   0   3  43  1.00 0.56
  459 G   -1 -3  1  3 -2  0  1  4 -1 -3 -3  0 -4 -4 -2 -1  0 -2 -2 -2    3   1   6  16   1   4   9  31   2   1   2   6   0   1   2   3   7   1   1   3  0.45 0.34
  460 G    1  0  2  0 -5 -1 -2  5  2 -5 -4  0 -2 -5 -5  0 -3 -5 -5 -3    9   6   8   4   0   2   2  46   5   0   2   5   1   0   0   6   1   0   0   2  0.79 0.49
  461 S   -2 -2  5  5 -2 -1 -1  0  0 -4 -4 -1 -5 -2 -4  0 -2 -5 -3 -3    3   2  27  29   1   2   4   8   2   1   2   4   0   2   0   7   3   0   1   2  0.74 0.47
  462 E    0  1  1 -1  0  2  2 -3  2 -1  0  0  0 -2 -2  0 -2  0  0  0    9  10   6   3   3   9  18   0   5   2   8   3   3   1   1   6   2   2   4   6  0.17 0.20
  463 I   -1  0  2  0 -4 -1 -1 -3  1  0 -2  1  0 -2 -4  0  4 -4 -1  0    5   4  11   5   0   2   3   1   4   5   4   8   2   2   0   8  27   0   3   6  0.29 0.29
  464 Y   -2  0  1 -3 -3 -1  0 -2  2  2  1  0  0 -1 -3  0  1 -4 -1  1    2   5   8   0   0   2   8   2   6  13  12   6   3   2   0   6  10   0   2  13  0.14 0.18
  465 Y   -1  0  1 -1 -3 -1 -1 -2  2  0 -1  0 -1  0 -3  1  2  0  2  1    4   5   6   2   0   3   3   2   6   7   6   6   1   4   0   9  17   1   8   9  0.15 0.18
  466 N   -1 -3  1 -1  1 -1 -2 -2 -3  3 -1 -1  0 -1 -4 -1  0 -4  1  4    4   0   6   3   3   2   2   3   0  18   3   3   2   2   0   3   4   0   4  35  0.36 0.31
  467 M    0  0  1  0 -3  0  0  2  1 -1 -1  1  0 -1 -1  0  1 -3  0 -1    9   3   6   4   0   5   4  16   4   2   3  10   3   2   2   5  12   0   4   5  0.09 0.12
  468 D    0  0  1  1 -4  1  0  4  1 -3 -2  0  0 -4 -3  0 -1  1 -3 -2    8   4   8   8   0   6   5  31   3   0   3   5   2   0   0   6   3   2   0   3  0.33 0.26
  469 N   -2 -2  5  4 -5  1  1 -2  1 -2 -2 -1 -1 -4 -4 -1 -1 -5 -1 -3    2   2  30  26   0   5   7   3   3   2   4   4   2   0   0   4   3   0   2   2  0.63 0.43
  470 R   -1  3  0 -1  0  2  0 -2  2 -1 -1  1  0  0 -2 -1 -1  0  0  0    6  18   3   2   2  12   6   3   4   3   6   6   3   4   1   4   3   1   3   9  0.15 0.18
  471 L   -2 -1  2  1 -1 -1  0 -2  0  0 -2  0  0 -2 -4  0  4 -5  0  0    2   3   9   7   1   2   5   3   2   6   2   5   3   1   0   8  31   0   4   7  0.35 0.34
  472 H   -2  0  0 -1 -4  1  3 -2  2  1  0 -1 -1 -2 -2  0  1  0  0  0    2   5   3   2   0   8  18   2   5   9  10   3   1   1   1   5  11   1   3   8  0.16 0.21
  473 Q   -2  0  1  0 -4  1  1 -2  1 -2 -2  1 -4 -1 -4  1  4 -5 -2 -1    2   4   6   4   0   7   9   3   4   2   4   7   0   2   0  11  30   0   2   4  0.38 0.36
  474 I   -1 -5 -3 -3 -2 -3 -4 -3 -2  4 -1 -2 -1 -4 -5 -3  0 -6 -2  6    6   0   1   2   1   1   1   2   1  21   3   2   1   0   0   1   5   0   1  49  0.93 0.57
  475 D    0 -2  1  3 -4 -1  1  4 -1 -3 -4  0 -2 -3 -2  0  1 -5 -2 -3    8   2   6  16   0   3   8  28   2   1   1   7   1   1   2   4   8   0   1   2  0.38 0.31
  476 G    0 -3  2 -2 -6 -1 -3  6  0 -6 -6 -2 -6 -3 -6 -1 -5  0 -6 -3    7   2   8   2   0   3   1  62   2   0   0   3   0   1   0   4   0   1   0   3  1.25 0.69
  477 S   -3 -3  6  5 -6 -1 -2 -1  0 -4 -5 -1 -6 -4 -3  1 -2 -7 -2 -4    1   1  36  29   0   2   2   4   2   1   1   3   0   1   1   9   2   0   2   1  1.06 0.66
  478 N   -1  1  0 -1 -1  2  2 -2  1  0  0  0  1  0 -2  0 -1 -3  2  0    6   8   4   2   1  10  13   2   4   5   8   5   3   3   1   6   3   0   7   8  0.10 0.14
  479 T   -2  0  3  1 -3  0 -1 -3  1 -2 -4  1 -3 -2 -4  1  4 -2 -1 -1    2   4  14   6   1   4   3   1   4   2   1   8   1   1   0  12  28   1   2   4  0.45 0.40
  480 I   -2 -1  0 -2 -4  0  1 -2  0  3  1 -2  0  0 -3 -1  1 -4  0  2    3   3   5   1   0   5   9   2   2  20  13   1   2   3   1   3   8   0   3  15  0.19 0.21
  481 F   -2 -1  2  0 -4 -1  1 -2  1  0 -1  0 -2  0 -4  1  4  1 -1  0    1   3  10   4   0   3   8   2   4   5   6   6   1   5   0   8  27   2   2   6  0.29 0.31
  482 V   -2 -4 -3 -6 -3 -3 -6 -6 -3  5 -1 -6 -2 -1 -6 -2 -1 -6  0  5    4   1   2   0   1   1   0   0   1  30   3   0   1   2   0   3   3   0   3  46  1.18 0.66
  483 R    0  0  1  0 -4  0  1  3  2 -3 -3  2 -2 -3 -2  0  1 -5 -2 -2   10   6   7   4   0   3  10  20   6   1   3  12   1   1   2   4   9   0   1   3  0.25 0.24
  484 G    0  0  0  0  2  0  0  0  1  0 -1  0  1 -2  0  0  0 -3  1  0    5   5   5   5   5   5   5   5   5   5   5   5   5   0   5   5   5   0   5   5  0.01 0.08
  485 D   -1 -1  5  3  1  0 -1  0  2 -4 -2 -1 -4 -4 -4  0  0  2  0 -2    4   3  27  16   3   3   3   7   4   0   3   4   0   0   0   5   7   3   3   3  0.44 0.36
  486 E    0  4  0  0 -2  1  0 -3  2 -1 -1  0  1 -1 -3  0 -2  0  0  0    7  23   3   6   1   6   7   1   5   3   5   4   4   2   1   7   2   1   4   7  0.20 0.23
  487 T    0  0  1  1 -5  0  0 -2  1 -1 -2 -1  0 -1 -4  1  4 -5 -1 -1    6   5   7   8   0   3   5   2   3   4   2   4   3   2   0  11  28   0   3   4  0.33 0.34
  488 K   -1 -1 -1  0 -1  1  2 -1  1  1  0 -1  1 -2 -4 -1  1 -1 -1  1    5   3   3   4   1   6  19   4   3   8   7   4   5   1   0   4  10   1   2  11  0.13 0.19
  489 T   -2  1  3 -1  0  0 -1 -2  1 -3 -3  2 -1 -2 -4  1  4 -6 -4  0    3   6  13   3   2   4   4   3   3   1   3  13   2   2   0   8  24   0   0   6  0.36 0.36
  490 V    0  0  0  0 -2  1  0  0 -1  0  0 -1  1  1 -2  0  0 -2  1  0    6   6   6   6   0   6   6   6   0   6   6   0   6   6   0   6   6   0   6   6  0.00 0.09
  491 E    0 -1  0  2 -3  1  1  2  1 -1 -2  0 -1  0 -1  0  0 -3 -1 -2    6   3   4  11   0   9   7  15   5   4   4   4   2   5   2   7   7   0   2   2  0.11 0.14
  492 G    0 -1  0 -1 -4  0 -2  5  0 -2 -2  0  0 -4 -2  0 -1 -4 -1 -1    8   3   4   3   0   4   2  41   2   3   3   7   2   0   2   5   2   0   3   4  0.45 0.34
  493 N   -2 -2  6  4 -5 -1 -2 -1  0 -4 -4 -1 -2 -3 -5  0  0 -6 -5 -2    3   2  39  23   0   2   2   6   2   1   1   4   1   1   0   5   5   0   0   3  0.91 0.58
  494 G    0  1 -1  0 -3  1  1 -1  2  0  0  0  0  0 -2  0 -1  1  0  0    6   7   2   6   0   7  11   5   5   6   7   7   2   5   1   5   3   2   4   8  0.04 0.07
  495 T    0  0  2  0 -3  0  1 -2  0 -1 -2  0 -1 -2 -2  1  3 -4 -1 -1    8   5  11   5   0   3   8   3   3   4   2   4   2   1   1  10  23   0   2   5  0.22 0.24
  496 I   -1  0 -1 -1 -1  0  1 -2  0  2  1 -1  1 -1 -3 -1  0 -3  0  2    4   4   3   3   1   4  10   2   2  15  15   2   3   2   0   3   7   0   3  16  0.12 0.15
  497 L   -1  0  2  1 -1  1  1 -1  0 -1 -2  0 -1 -1 -3  1  3 -3  0 -1    4   4   9   6   1   6   9   4   3   3   4   6   1   2   0   8  21   0   4   3  0.15 0.21
  498 V    0 -3 -2 -3  0 -1 -4 -3 -5  4 -1 -3  0 -4 -5 -1  0 -5 -2  5    7   1   2   1   2   3   0   2   0  22   3   1   2   0   0   4   5   0   1  43  0.76 0.50
  499 K    0 -1  0  1 -4 -1 -1  3  1 -1 -3  2  0 -3 -2  0  0 -4 -3 -1    6   2   4   8   0   3   3  28   4   3   2  13   2   1   2   7   7   0   1   4  0.27 0.26
  500 G    0 -3  0 -1 -6 -1 -2  6 -5 -5 -4 -1 -6 -6 -5  1 -3 -6 -6 -4    9   2   5   3   0   3   3  56   0   1   2   5   0   0   0  10   1   0   0   1  1.08 0.63
  501 N   -1 -3  6  5 -6 -2 -2 -1 -2 -4 -4 -2 -3 -6 -5  0 -1 -7 -6 -5    5   1  40  27   0   2   2   5   1   1   2   3   1   0   0   5   4   0   0   1  1.13 0.67
  502 V   -1  3 -2 -1 -3  2  0 -2  2  1  0 -1  1 -1 -2 -1 -1 -1  1  1    4  19   1   3   0   9   6   2   6   9   8   2   4   2   2   4   3   1   6  11  0.18 0.21
  503 T   -1 -1  3  0 -4  0  1 -3 -1 -2 -3  1 -1 -3 -4  2  4 -5 -2 -2    3   4  17   4   0   4   7   1   1   2   2   8   1   1   0  13  27   0   1   3  0.47 0.40
  504 I   -1 -1 -2 -3 -3  0  2 -3  0  2  1 -1  1 -1 -3  0  2 -4  0  1    5   3   2   0   0   5  15   2   2  13  14   2   3   3   1   6  12   0   3  10  0.17 0.21
  505 I   -1  0  0  0  2  0  0 -1  2  0 -1  0  1  0 -3  0  0  3  1  0    5   5   5   5   5   5   5   5   5   5   5   5   5   5   0   5   5   5   5   5  0.06 0.10
  506 V    0 -4 -1 -4 -4 -1 -2 -2 -4  3 -1 -4 -2  0 -1 -1  0 -4  1  4    7   0   3   0   0   3   3   3   0  18   5   0   0   3   3   4   5   0   6  37  0.50 0.37
  507 E    0 -1  0  0 -3  0  1  2  1 -1 -1  1  2 -3 -1  0  0 -3 -1 -1    7   3   5   5   0   4   9  15   3   3   3  11   8   0   3   7   7   0   3   5  0.11 0.14
  508 G    1  0  0 -2 -4  0 -2  5 -1 -3 -3 -1 -1 -5 -4 -1 -1 -5 -4 -3   12   6   4   2   0   3   2  49   1   2   2   4   2   0   0   4   3   0   0   1  0.70 0.44
  509 N    0 -1  5  3 -4 -1  0  0  0 -4 -3  0 -1 -1 -4  0 -1 -5 -4 -2    6   3  34  16   0   2   5   7   2   0   2   6   2   2   0   7   3   0   0   3  0.56 0.40
  510 A    0  2 -1  0 -3  1  1 -2  2  0  0  1  1  0 -2  0 -1 -1  0  0   10  11   2   4   0   8  11   2   5   6   8   7   4   3   1   5   3   1   3   7  0.09 0.12
  511 D    0 -2  2  2 -4 -1  0 -1  1 -2 -3  2  0 -2 -4  2  3 -5 -1 -3    6   1  11  10   0   2   5   4   4   2   2  11   3   1   0  14  20   0   2   1  0.31 0.30
  512 I   -1 -1 -2  0 -1  0  1 -2  1  2  1 -2  0  0 -2 -1  2 -4 -1  1    3   4   1   4   1   4  11   3   3  12  15   1   1   3   1   4  13   0   2  13  0.12 0.16
  513 T   -1  0  2 -1 -4  1 -1 -3  1 -2 -3  1 -1 -1 -4  1  4 -5 -2 -1    3   6  10   3   0   6   3   2   3   3   2   7   1   3   0  10  34   0   1   3  0.44 0.39
  514 V    0 -4 -5 -4 -4 -3 -5 -5 -2  4 -1 -5  0 -2 -3 -2 -1 -5 -1  5    8   1   0   1   0   1   0   0   1  24   3   0   2   1   1   2   3   0   2  48  0.98 0.56
  515 K    0 -1  1  1 -2  1  1  2  1 -2 -2  2 -1 -4 -2  0  1 -4 -4 -2    6   2   8   9   1   6   7  20   3   2   4  13   2   0   1   6   9   0   0   3  0.23 0.22
  516 G    0 -2 -2 -1 -2  0 -1  6 -5 -3 -3  1 -1 -6 -5 -1 -3 -6 -5 -4    8   2   1   3   1   4   4  55   0   2   3   7   2   0   0   4   1   0   0   1  0.93 0.55
  517 D    0 -3  5  5 -5 -1 -1 -1  1 -6 -4 -1 -3 -4 -3  0  0 -6 -3 -3    7   1  30  28   0   2   3   4   3   0   1   4   1   1   1   7   6   0   1   1  0.82 0.53
  518 A    0  2 -1  0 -1  2  1 -2  2  0  0  0  0 -2 -2  0 -1 -1  1  0    6  12   2   5   1  10   7   2   7   5   9   6   3   1   1   7   4   1   5   7  0.10 0.13
  519 T    0  0  2  1 -2 -1 -1 -2 -1  1 -3  0 -2 -2 -1  2  4 -5 -1 -2    7   4  12   7   1   2   2   2   2   8   2   5   1   1   3  13  26   0   2   2  0.32 0.32
  520 T   -1  0  0 -1 -3  1  2 -2  1  1  1 -1  0 -2 -3  0  2 -3  0  1    4   5   5   2   0   5  15   3   3   8  12   3   3   1   0   5  14   0   3  10  0.11 0.16
  521 L   -1  0  1 -1 -3  0 -1 -2  1 -1  0  1  0 -1 -3  1  4 -4 -2 -1    4   4   7   3   0   4   4   2   3   3   8  10   2   3   0   8  29   0   1   4  0.26 0.27
  522 V   -1 -5 -3 -3 -2 -3 -5 -4 -5  4 -1 -3 -3 -3 -5 -2  1 -5 -2  5    6   0   1   2   1   1   0   1   0  25   3   2   0   1   0   2   8   0   1  45  0.93 0.54
  523 E    0 -2  1  1 -4  0  1  4 -1 -2 -3  1 -2 -2 -1  0  0 -4 -2 -2    7   2   6   9   0   3   9  29   1   2   2   8   1   2   2   6   6   0   2   2  0.30 0.25
  524 G    0 -3 -2 -1 -2 -1 -2  6 -5 -3 -2  1 -1 -6 -5 -1 -2 -6 -5 -4    9   1   2   3   1   3   2  56   0   2   4   8   1   0   0   5   2   0   0   1  0.97 0.56
  525 N    0 -3  6  3 -5 -1  0 -1 -2 -4 -4 -1 -5 -6 -3  1 -1 -1 -5 -2    9   1  37  16   0   2   5   5   1   1   1   4   0   0   1   9   4   1   0   3  0.76 0.51
  526 Q   -1  2  0  0 -4  3  0 -2  2 -1 -1  1  0  0 -2  0  0 -1  1  0    5  12   4   4   0  14   7   2   5   3   5   8   3   3   1   6   4   1   6   7  0.13 0.17
  527 T    0 -2  3  0 -4  0 -1 -2  0 -1 -2  0  1 -2 -2  2  4 -5 -3 -1    6   2  12   5   0   3   4   2   2   3   3   5   4   2   1  14  28   0   1   4  0.36 0.34
  528 N   -1 -1  1  0 -4  1  2 -2  1  2  1 -1 -1 -2 -3 -1  0 -4 -2  1    5   2   9   5   0   6  16   2   4  14  13   2   0   1   1   4   6   0   1   9  0.15 0.20
  529 T    0 -1  2  0 -4  0  0 -3 -1 -1 -3  0  0 -2 -4  2  4 -1 -3 -1    6   2   8   5   0   4   4   1   1   4   1   7   3   2   0  15  31   1   1   5  0.39 0.37
  530 V   -1 -4 -3 -3 -3 -2 -5 -4 -3  5 -2 -5 -1 -3 -5 -1  0 -6 -3  5    5   1   1   1   0   2   0   1   1  27   3   0   1   0   0   4   6   0   1  44  0.97 0.58
  531 N    0 -2  1  1 -5  0  0  4 -1 -4 -3  1 -2 -4 -2  0  1 -5 -3 -4    6   1   7   8   0   4   5  32   1   1   2  10   1   0   2   7  11   0   1   1  0.44 0.34
  532 G    1 -3  0 -3 -6 -2 -4  6 -2 -6 -3  0 -1 -6 -3 -1 -2 -6 -6 -3   11   1   4   1   0   2   1  60   1   0   3   6   2   0   1   4   2   0   0   2  1.13 0.64
  533 N    0 -3  5  3 -5 -3 -1  0 -2 -4 -6  0 -3 -4 -2  1  0 -6 -3 -3    9   1  33  19   0   1   3   6   1   1   0   7   1   1   1  10   5   0   1   1  0.74 0.50
  534 L   -1  1 -1  0 -2  0  0 -3  0  1  0  0  1  1 -2  0 -1  2  2  0    3  10   2   5   1   5   4   1   3  11  10   5   5   5   1   7   3   3   8   8  0.07 0.12
  535 S    0 -1  3  0 -5  0 -1 -2  1 -2 -3  1 -1 -4 -4  2  4 -2 -2 -3    6   2  14   5   0   3   3   2   3   2   2   9   1   0   0  14  28   1   1   2  0.47 0.41
  536 W   -1  0 -1 -1 -2  1  2 -2 -1  0  1 -1  1 -1 -2 -1  1  1  0  1    4   4   3   2   0   6  16   2   1   5  15   4   4   3   2   2  10   2   3  12  0.12 0.17
  537 K   -2 -1  3  0 -5  0  0 -3 -1 -1 -3  3 -2 -2 -4  1  4 -5 -2 -1    2   2  14   4   0   4   5   2   1   4   2  16   1   2   0  11  24   0   2   4  0.43 0.39
  538 V    1 -5 -4 -6 -1 -2 -3 -4 -6  3 -2 -5 -1 -3 -5 -1  0 -6 -3  5   12   0   1   0   1   2   2   1   0  18   1   0   1   1   0   5   6   0   1  48  0.96 0.59
  539 A    1 -3  1  1 -4 -1  0  4 -1 -2 -3 -1 -3 -4 -2  1  2 -5 -3 -1    9   1   5   7   0   2   5  31   2   2   2   4   0   1   2   8  14   0   1   5  0.39 0.32
  540 G    0 -3 -1 -1 -6  0 -1  6 -4 -4 -4  1  0 -6 -3 -2 -3 -6 -4 -4    7   1   3   3   0   4   3  59   0   1   1   7   3   0   1   2   1   0   1   1  1.10 0.63
  541 T    1 -2  4  3 -3 -2 -1  0 -1 -4 -5  1 -2 -4 -3  1  1 -6 -3 -3   13   1  23  15   0   1   3   5   1   1   1   9   1   1   1  12   9   0   1   2  0.50 0.39
  542 V   -2  1 -1 -2 -3  0 -1 -3  2  1  1  0  3  1 -3 -1 -1 -2  2  1    2   8   2   2   0   4   3   1   6   9  14   7   8   5   1   5   4   0   9  10  0.15 0.18
  543 D    0 -1  3  2 -3  0  0 -1 -1 -3 -3  0  0 -3 -4  2  3 -5 -3 -1    7   3  15  11   0   3   4   4   1   1   2   6   2   1   0  16  18   0   1   5  0.33 0.32
  544 W   -2 -2 -2 -1 -2  0  1 -3  2  2  1 -2  2 -1 -3 -1  1 -1  0  2    2   1   2   3   0   5  10   1   5  15  16   1   5   2   1   4   9   1   4  13  0.19 0.21
  545 D   -1 -1  2  1 -2  1  0 -3  1 -1 -4  1 -2 -1 -2  1  3 -5 -2 -1    5   2  11   6   1   7   6   1   3   3   1  10   1   3   2  13  20   0   1   4  0.27 0.28
  546 V    2 -5 -4 -5  2 -2 -5 -3 -3  3 -2 -3 -3 -4 -5 -1  0 -6 -1  5   17   0   0   1   3   2   0   2   1  14   2   2   0   0   0   4   7   0   2  43  0.82 0.54
  547 G    0 -3  0  0 -5 -1 -1  4 -1 -5 -3  0 -2 -5 -1  1  2 -3 -2 -2    6   1   4   6   0   3   3  38   1   0   3   5   1   0   3   8  12   0   2   3  0.51 0.38
  548 G    1 -4  0  0 -6 -3 -3  6 -5 -4 -3  1  0 -6 -5 -1 -3 -3 -4 -4   11   1   5   5   0   1   2  55   0   1   4   7   2   0   0   4   1   0   1   1  1.02 0.60
  549 D    1 -2  4  3 -2  0  0 -1  0 -4 -4  0 -2 -4 -2  1  0 -5 -3 -4   14   1  23  17   1   4   6   3   2   0   2   5   1   1   1  11   5   0   1   1  0.48 0.38
  550 W   -1 -2 -1 -2 -3  1 -2 -4  1  2  1 -1  1  1 -3 -1  0  4  2  1    5   2   2   2   0   7   2   1   4  15  14   3   4   6   1   4   7   6   8   8  0.21 0.20
  551 T    0 -2  1  0 -4  0 -2 -2  0  0 -2  0  0 -1 -3  2  4 -5 -2  0    6   1   6   5   0   3   1   2   2   4   4   6   3   2   1  14  29   0   1   8  0.34 0.33
  552 E   -2 -2  0 -1 -2  1  2 -3  0  2  1 -1  1 -2 -4 -1  1 -4 -3  2    2   1   5   3   1   7  14   2   3  14  12   3   4   1   0   5   8   0   0  14  0.21 0.23
  553 K   -2 -2  1  0 -5  1  1 -2 -4 -2 -3  2  0 -1 -4  2  4 -5 -3 -1    2   2   7   5   0   6   9   3   0   2   2  13   2   3   0  16  24   0   0   3  0.40 0.37
  554 M    4 -3 -3 -5  0 -2 -3 -1 -3  2 -2 -3  0 -2 -3  1  0 -5 -1  3   31   1   1   0   2   2   1   5   1  11   1   1   2   1   1  10   4   0   2  22  0.49 0.40
  555 A    1 -3  0 -1 -5  0 -2  5 -1 -5 -5  0 -3 -4 -1  2  0 -6 -5 -3   12   1   3   4   0   4   2  38   1   0   0   5   1   1   4  17   6   0   0   1  0.66 0.46
  556 S    1 -1  2  1 -4 -1 -1  3 -3 -4 -2  1  0 -4 -2  2  1 -5 -3 -3   11   2   9   7   0   2   4  22   0   0   3   9   3   0   2  13   9   0   1   1  0.32 0.30
  557 M    0 -1  2  0 -3  0 -1 -1  0  2  0  0  2 -1 -2  1  0 -4 -2  0    8   2  12   5   0   4   3   4   3  13   6   6   8   3   2   9   7   0   1   5  0.09 0.15
  558 S   -2  0  2 -1 -3  1 -1 -2 -1  1 -1  1  0 -1 -2  0  2 -4  2  1    2   4  11   2   0   6   3   2   1   8   5   8   3   2   1   8  13   0   8  12  0.15 0.20
  559 S    0 -1  1 -1 -3  0 -1 -2  0  1  0 -1  1 -1 -3  2  3 -4 -2  1    6   2   6   4   0   3   4   2   3   8   8   3   4   2   1  14  22   0   1   8  0.20 0.24
  560 I   -3 -2  0 -2 -3 -2  0 -5  1  4  1  0  0 -2 -4 -2  1 -5 -1  2    1   1   5   2   0   2   8   0   3  25  15   6   2   1   0   3  10   0   2  14  0.34 0.31
  561 S    1 -2  1  0 -2 -1 -1 -1 -1 -1 -2  0 -1 -4 -3  2  3 -2 -4  1   12   1   8   5   1   2   4   3   2   2   2   6   1   0   1  20  18   0   0  10  0.28 0.30
  562 S    2 -3 -1 -1 -2 -1 -1  2 -4 -1 -4 -1 -4 -4 -2  3  2 -5 -5  1   19   1   2   3   1   2   3  14   0   4   1   4   0   0   2  20  13   0   0  10  0.36 0.35
  563 G    0 -5 -1 -1 -6 -2 -3  6  1 -4 -6 -1 -4 -5 -1 -1 -3 -7 -6 -5    6   0   3   4   0   2   2  63   3   1   0   4   1   0   4   5   1   0   0   0  1.28 0.71
  564 Q    0 -2  2  1 -4  2  0  1  0 -4 -5  1  0 -5 -3  2  3 -2 -4 -2    6   1  12   8   0   9   4  10   2   0   0   8   2   0   0  16  17   1   0   4  0.36 0.34
  565 Y    0 -3  2 -4 -4 -3 -2 -4 -2  2  1 -3  2  2 -5 -1 -1 -3  4  2    8   1  12   0   0   1   2   1   1  13  10   1   5   8   0   5   3   0  13  16  0.37 0.31
  566 T   -1 -1  2 -1 -2  0 -2 -2  1 -1 -2  1  0  0 -4  2  4 -5 -2 -1    3   2  12   3   1   5   2   3   3   3   4   9   3   4   0  17  25   0   1   3  0.34 0.34
  567 I    0 -4 -4 -4 -4 -2 -5 -5 -5  5  2 -2 -1 -1 -5 -2  0 -3 -3  3    8   1   1   1   0   2   0   0   0  33  16   3   1   2   0   2   7   0   0  23  0.70 0.45
  568 D   -1 -1  3  2 -4  0  2 -1 -1 -3 -2  1 -2 -3 -3  1  3 -5 -4 -1    3   3  13  13   0   3  13   5   1   0   3   7   1   1   0  12  18   0   0   4  0.33 0.31
  569 G    3 -4 -2 -4 -3 -3 -2  5 -5 -5 -5 -2 -3 -6 -5 -1  2 -6 -6 -5   28   1   2   1   0   1   2  46   0   0   1   2   1   0   0   4  13   0   0   0  1.09 0.65
  570 S    0 -3  3 -1 -5 -2 -3  1 -3 -4 -4  0 -1 -5  0  4  2 -6 -4 -2    8   1  12   3   0   1   0  12   0   0   1   5   2   0   4  34  14   0   0   3  0.57 0.47
  571 R    0  3  0 -1 -4  0  0 -1 -3 -4 -2  3 -1 -3  0  2  2 -5 -3 -3    6  17   5   3   0   4   6   4   0   0   3  18   2   1   4  14  12   0   1   1  0.32 0.30
  572 I   -2 -6 -4 -6 -4 -5 -6 -1 -6  6  0 -4  2 -1 -6 -1 -1 -6 -3  3    3   0   1   0   0   0   0   4   0  45   8   1   4   2   0   5   3   0   1  23  0.95 0.54
  573 D   -4 -2  4  6 -6  1  1 -4 -4 -5 -5  0 -2 -6 -5 -1  2 -7 -6 -2    0   2  18  40   0   5   7   1   0   0   1   6   1   0   0   4  13   0   0   3  0.98 0.58
  574 I   -3 -6 -6 -6 -4 -5 -6 -7 -6  5  4 -6  0  1 -6 -5 -3 -5 -3  2    1   0   0   0   0   0   0   0   0  39  39   0   1   4   0   0   1   0   1  13  1.16 0.56
  575 G    3 -4 -3 -4 -4 -4 -4  6 -4 -5 -5 -4 -4 -5 -4 -2 -3 -5 -5 -4   23   0   0   0   0   0   0  77   0   0   0   0   0   0   0   0   0   0   0   0  1.58 0.51

                      K         Lambda
Standard Ungapped    0.1328     0.3136
Standard Gapped      0.0410     0.2670
PSI Ungapped         0.1048     0.3176
PSI Gapped           0.0321     0.2670
