
Last position-specific scoring matrix computed, weighted observed percentages rounded down, information per position, and relative weight of gapless real matches to pseudocounts
           A  R  N  D  C  Q  E  G  H  I  L  K  M  F  P  S  T  W  Y  V   A   R   N   D   C   Q   E   G   H   I   L   K   M   F   P   S   T   W   Y   V
    1 M   -2 -2 -3 -4 -2 -1 -3 -4 -2  1  2 -2  8 -1 -3 -2 -1 -2 -2  0    0   0   0   0   0   0   0   0   0   0  13   0  87   0   0   0   0   0   0   0  0.86 0.16
    2 Q    2  1  1 -1 -2  3  0 -1 -1 -3 -3  0 -2 -3 -1  3  0 -3 -2 -2   27   7   7   0   0  20   0   0   0   0   0   0   0   0   0  39   0   0   0   0  0.36 0.09
    3 I   -2 -3 -3 -4 -3 -2 -3 -4 -3  0  1 -3  8  0 -4 -2  3 -3 -2  1    0   0   0   0   0   0   0   0   0   3   4   0  57   4   0   0  22   0   0   9  0.94 0.35
    4 K    1 -2 -1 -1 -2 -1  0 -1 -2  1  0  0 -1 -2 -2  1  3 -3 -2  0   14   0   0   3   0   0   7   4   0  14   8   7   0   0   0   8  32   0   0   3  0.21 0.15
    5 T    0 -3 -2 -3 -3  0 -2 -3 -3 -3 -2 -1 -3 -4 -3  0  6 -4 -4 -2    6   0   0   0   0   5   0   0   0   0   3   3   0   0   0   4  79   0   0   0  1.16 0.44
    6 K    1  0 -1 -3 -4 -1 -1 -1 -3 -2 -3  6  0 -4 -3 -1 -2 -5 -3 -1   15   2   2   0   0   0   0   3   0   2   0  63   3   0   0   3   0   0   0   6  0.77 0.36
    7 G    1  3  0 -2 -3  2  0  2 -2  0 -2  0 -2 -3 -2  0 -1 -3 -3 -1   17  22   3   0   0  12   3  17   0   7   3   4   0   0   0   5   2   0   0   3  0.24 0.15
    8 D   -1 -2 -1  4 -4  3  4 -3 -2 -2 -4 -1 -3 -4 -3 -1 -2  1 -1 -2    3   0   0  30   0  17  37   0   0   2   0   0   0   0   0   3   0   3   2   2  0.78 0.32
    9 L   -3 -1 -5 -5 -3 -4 -5 -5 -4  5  3 -4  0  2 -5 -4 -3 -3 -2  1    0   3   0   0   0   0   0   0   0  55  28   0   0   9   0   0   0   0   0   5  0.90 0.35
   10 V   -2 -5 -5 -5  1 -4 -5 -5 -5  5  0 -4 -1 -2 -4 -4 -2 -4 -1  5    0   0   0   0   3   0   0   0   0  36   6   0   0   0   0   0   0   0   2  53  1.04 0.40
   11 R    1  2  3  3 -3  0  2 -2 -2 -3 -1  1 -2 -3 -2  0  0 -4 -3 -3   12  14  16  17   0   3  13   0   0   0   8   8   0   0   0   6   3   0   0   0  0.32 0.18
   12 A    1  1  0  2 -3  1  0  1 -2 -2  0 -1  1  0 -2  0 -1 -3 -2 -1   19  12   4  13   0   6   7  12   0   0  11   1   4   6   0   2   2   0   0   2  0.12 0.12
   13 A    6 -4 -4 -4 -3 -3 -3  0 -4 -2 -4 -3 -3 -4 -3  1 -2 -5 -4 -2   86   0   0   0   0   0   0   4   0   2   0   0   0   0   0   7   0   0   0   0  1.29 0.51
   14 L   -1 -4 -4 -5 -3 -4 -4 -5 -2  0  4 -4  1  3 -4 -3 -1 -1  5 -1    6   0   0   0   0   0   0   0   0   2  45   0   2  16   0   0   3   0  26   0  0.78 0.33
   15 R    1  4 -1  0 -3  1  2  0 -2 -4 -3  1 -2 -4 -2  2 -1 -4 -3 -3   17  27   0   6   0   5  12   7   0   0   2   7   0   0   0  16   2   0   0   0  0.37 0.21
   16 K   -1  3 -2 -1 -4  1  4 -3  0 -2  0  3  0 -2 -3 -2 -2 -4 -3 -3    4  15   0   2   0   4  32   0   2   2  11  25   2   2   0   0   0   0   0   0  0.49 0.27
   17 L    1 -4 -4 -5  2 -3 -4 -3 -4  3  4 -4  2 -2 -4 -3 -1 -3 -3  0   11   0   0   0   4   0   0   2   0  25  49   0   5   0   0   0   3   0   0   1  0.62 0.29
   18 G    1  3 -1 -3 -4  0 -2  4 -2 -4 -3 -1 -3 -4 -3  1 -1 -4 -1 -3   10  23   2   0   0   5   0  41   0   0   2   0   0   0   0  11   2   0   2   1  0.61 0.28
   19 V   -1 -4 -4 -4 -2 -3 -4 -4 -4  3  2 -4  2  0 -4 -3 -1 -3 -2  4    4   0   0   0   0   0   0   0   0  22  26   0   4   3   0   0   2   0   0  39  0.63 0.27
   20 A    2  0 -1  0 -2  0 -1  0  0  0 -1 -1 -1 -2 -2  3  0 -3 -1  0   25   4   1   4   0   5   1   4   2   9   5   3   0   1   1  28   4   0   1   4  0.19 0.14
   21 S    1  0  0  2 -2 -1  0  2 -1 -2 -2 -1 -1 -2 -1  2  0 -2  0 -1   12   5   2  18   1   2   2  16   1   2   3   2   1   1   2  18   7   0   4   2  0.18 0.08
   22 D    1 -1  1  1 -2  0  0  0  1 -1 -1 -1 -1 -1 -1  1 -1 -1  2 -1   19   2  11   9   1   3   7   5   3   2   6   2   1   1   2  10   2   0  10   6  0.10 0.07
   23 A    2 -2 -1 -1 -2  0  2  4 -2 -3 -2 -1 -2 -3 -1  0 -1 -3 -3 -2   18   1   2   1   0   3  17  38   0   1   5   1   0   1   3   4   3   0   1   1  0.43 0.18
   24 T    0 -2 -2 -2 -2 -1  0 -2 -1  1  1 -1  0  2 -2  0  1 -1  2  1    9   1   1   1   0   1   7   1   0   8  11   1   3   9   1  10  15   0  12  10  0.11 0.09
   25 L    0 -1  1  0 -2 -1 -1 -1 -2  0  1 -1  2 -2 -2 -1  3 -3 -2  1    6   3   9   6   0   2   3   5   0   4  16   1   6   1   1   1  25   0   0  11  0.14 0.13
   26 T    0 -1 -1 -1 -2  0  1 -2 -1  0  0 -1  0  3 -2  0  1  1  0  0    7   2   3   3   0   5  11   1   0   7   6   3   2  17   1   5  13   2   2   9  0.08 0.08
   27 D    0 -2  1  4 -3  1  1  0 -2 -3 -3  0 -1 -4  3  0 -2 -4 -3 -3    7   0   7  33   0   7   7   8   0   0   1   6   2   0  13   7   0   0   0   0  0.48 0.22
   28 V    1 -1 -3 -2 -3 -3 -3 -3 -1  0  1 -2  1  0  4 -2 -1 -4 -2  2   17   4   0   2   0   0   0   0   2   4  17   0   4   4  23   0   3   0   0  21  0.41 0.23
   29 E    0  0  1  2 -3  1  2 -1 -2 -3 -3 -1 -3 -4  1  2  2 -4 -3 -3    4   3   6  14   0   8  15   3   0   0   1   2   0   0   8  17  19   0   0   0  0.37 0.21
   30 P    2 -3 -2  1 -4 -1  1  0 -3 -4 -4 -2 -4 -5  6 -2 -1 -5 -4 -4   21   0   1   7   0   2   9   6   0   0   0   0   0   0  50   0   2   0   0   0  1.13 0.40
   31 Q    0 -2  0  2 -4  2  5 -2 -2 -2 -4 -1 -3 -4 -3  1 -2 -4 -1 -1    6   0   4  13   0   9  45   2   0   2   0   0   0   0   0  11   0   0   2   4  0.61 0.31
   32 S   -1 -1  1  4 -4  2  4 -3 -2 -4 -4 -1 -1 -4 -3  0  1 -4 -1 -3    5   2   5  25   0  12  31   0   0   0   0   0   2   0   0   8   8   0   3   0  0.60 0.30
   33 M    1  0 -1 -3 -2 -1  0 -3 -2  1  1  0  3  1 -3 -1 -1 -2  1  0   16   7   4   0   0   1   6   0   0  12  16   5  13   8   0   1   1   0   5   4  0.14 0.14
   34 Q    1  1  0  1 -3  3  3 -3 -2 -1 -2  0 -2 -1 -3  1 -1 -4 -3 -2   15   7   4   8   0  19  24   0   0   3   3   2   0   2   0   9   1   0   0   2  0.33 0.22
   35 D    1  0  0  3 -3 -1  0 -2 -2  0 -1  0 -2 -3 -2  1  2 -4 -2  0   10   6   2  25   0   0   6   1   0   5   4   4   0   0   0  14  18   0   1   5  0.27 0.19
   36 A    4 -4 -3 -3 -3 -3 -3  4 -4  0 -2 -3 -3  0 -3  0 -2 -4 -3  0   49   0   0   0   0   0   0  30   0   6   2   0   0   4   0   4   0   0   0   5  0.68 0.34
   37 V   -3  0 -4 -5  0 -2 -4 -5 -4  3  4 -2  2  0 -4 -2 -2 -3 -2  1    0   5   0   0   2   2   0   0   0  17  55   2   4   3   0   2   0   0   0   8  0.63 0.29
   38 D   -1  3  1  1 -1  1  1 -1 -1  0 -1  1 -1 -1 -2 -1  0 -3 -2 -1    3  20   9  10   2   6   9   3   0   6   3  10   1   4   0   2   7   0   0   4  0.18 0.13
   39 D    1  2 -1  1 -3  0  0 -2 -2 -2 -2  1  0  0 -2  0  1  1 -1  0   15  18   0  11   0   4   6   0   0   0   2  12   2   4   0   4  11   2   2   8  0.18 0.15
   40 L   -4 -4 -6 -6  0 -4 -5 -6 -5 -1  6 -5  2  0 -5 -5 -3 -4 -1 -1    0   0   0   0   2   0   0   0   0   0  88   0   5   3   0   0   0   0   2   0  1.36 0.50
   41 E   -2 -1  5  4 -5 -1  4 -1 -2 -5 -5 -1 -4 -5 -3 -2 -2 -5 -4 -5    3   2  38  22   0   0  31   3   0   0   0   2   0   0   0   0   0   0   0   0  1.00 0.42
   42 A    2  1  1  2 -3  0 -1  1 -2 -3 -2 -1  0 -3 -2  2  0 -4 -3 -2   26   8   9  13   0   4   2  12   0   0   3   0   4   0   0  15   4   0   0   2  0.27 0.19
   43 M   -4 -4 -1 -5 -4 -3 -5 -5 -4  0  2 -4  9  1 -5 -4 -3 -4  1 -2    0   0   4   0   0   0   0   0   0   2  16   0  68   5   0   0   0   0   6   0  1.68 0.62
   44 M    0 -4 -5 -5  0 -3 -4 -3 -4  0  2 -4  8 -2 -1 -4 -3 -4 -3  0    9   0   0   0   2   0   0   1   0   4  18   0  58   0   3   0   0   0   0   5  1.25 0.52
   45 A    4  0  0 -1 -2 -2 -1 -1  0 -2 -2 -2  0 -3 -1  2  0 -4 -1 -2   44   7   4   2   0   0   2   3   2   2   3   0   2   0   2  18   6   0   2   0  0.36 0.25
   46 E    0  2 -1  0 -4 -1  5 -2 -2 -2 -2 -1  0 -4 -3  1 -1 -4 -4 -3    9  10   2   2   0   0  55   2   0   2   3   0   2   0   0   9   3   0   0   0  0.69 0.35
   47 W   -4 -5 -5 -6 -4 -4 -5 -5 -4 -2  1 -5 -3  3 -5 -5 -4 11 -1 -2    0   0   0   0   0   0   0   0   0   2  12   0   0  14   0   0   0  65   0   2  2.62 0.67
   48 Y    0  0  0 -1 -1  1  1 -1  0  0  0  0  0 -1  0  0  0 -1  1 -1    9   3   4   2   1   7  11   5   3   6  14   8   2   1   5   5   6   0   8   2  0.04 0.03
   49 Q    1 -1  1  1 -1  1  1  0 -1 -1  0  0  0  0 -1  0  0 -2 -1  0   13   2   7   8   1   9   8   6   1   3   9   7   2   5   2   2   7   0   1   8  0.05 0.04
   50 D    0  0  2  4 -3  2  2 -2 -1 -2 -3  0 -2 -3 -2  0 -1 -3 -3 -2    9   3   8  34   0  13  10   1   0   2   1   5   0   1   1   7   2   0   1   1  0.44 0.19
   51 G    2  0  0 -1 -2 -1 -1  3 -2 -2 -1 -1  0 -2  0  1  0 -2 -2 -1   24   5   5   1   0   1   2  26   1   1   4   1   3   1   3  12   7   0   1   3  0.25 0.12
   52 K    0  3  1 -2 -2  0 -1 -1 -1 -2  0  2 -1  0 -1 -1 -1  5  0 -1    7  18   7   1   0   3   1   3   1   1   8  19   1   4   3   2   3  10   3   5  0.22 0.12
   53 G   -1  0  0  1 -3 -1 -1  5 -2 -3 -3 -1 -2 -3 -1 -1  0 -3 -3 -3    4   5   5   8   0   3   4  52   1   1   2   1   1   1   3   2   5   0   1   1  0.60 0.20
   54 I   -1 -2 -1 -2 -2 -2 -2 -3 -3  5  1 -2  0 -1 -1 -2 -1 -2 -2  2    4   1   4   1   0   1   1   2   1  47  13   1   1   1   3   2   3   0   1  13  0.42 0.19
   55 I    0  2  0  3  2  0  0 -2 -1 -1 -1  0  0 -2 -2  1 -1 -3 -1 -1    9  15   4  22   7   4   3   1   0   3   4   3   3   1   1  11   1   0   3   6  0.18 0.13
   56 T   -1 -2 -2 -3 -2 -2 -2 -3 -2  3  3 -2  0  0 -2 -1  1 -2  0  1    4   1   1   1   0   1   1   1   0  20  36   1   0   4   1   3  10   0   3  10  0.29 0.15
   57 G    0 -3  1 -3 -4 -1 -3  6 -3 -4 -4 -3  0 -4  1 -1 -3 -4 -4 -4    5   0   6   0   0   3   1  70   0   0   1   0   3   0   6   2   0   0   0   1  1.14 0.38
   58 Y   -2 -3 -4 -4 -4 -3 -4 -4 -1 -3 -3 -3 -3  3 -4 -3 -3  7  8 -3    4   1   1   1   0   1   1   1   0   1   1   1   0  10   1   1   1  19  57   1  1.72 0.54
   59 V   -1  0  2  0 -2  1  0 -2 -1  0 -1  0 -1 -2  2  1  1 -3 -1  1    3   5  15   2   0   7   5   1   1   6   5   4   0   0  10  10  10   0   2  12  0.14 0.12
   60 F   -2 -1 -3 -3 -3  0 -2 -2 -2 -1  2 -2  0  5  2 -2 -1  2  2  0    2   3   0   1   0   5   2   4   0   2  20   1   1  29  12   1   3   3   6   5  0.37 0.22
   61 S    2 -2 -1 -2 -2  0  0  0 -2  0 -1 -1 -1 -2  3  1  1 -3 -2  1   18   1   1   1   0   3   5   5   0   4   5   1   0   1  14  16   8   0   1  14  0.21 0.14
   62 D    0 -1  1  2 -2 -1  1  0  0 -1  0 -1 -1 -2  1  1  0  1 -2 -1   10   1   6  15   0   1  10   6   3   3  11   3   0   1   7   9   8   3   1   3  0.11 0.08
   63 D    1 -1  2  1 -1  0  0  1 -1 -1 -2 -1 -1 -2 -1  1  1 -2 -1  0   10   1  12   9   2   2   7   9   0   3   2   2   0   1   1  14  11   0   3   9  0.13 0.09
   64 E    0 -2 -2  0 -3 -1  1  0  0 -1 -1 -2 -2  0  5  0 -1 -3  0 -1    6   1   1   6   0   1  14   6   3   3   7   1   0   5  30   7   4   0   4   3  0.41 0.19
   65 N    0  0  2  3 -3  1  1 -1 -1 -2 -2  0 -1 -3 -2  0  0 -3 -2 -1    7   4  10  24   0   9  10   5   0   1   3   4   2   0   1   6   7   0   0   7  0.24 0.14
   66 P    0 -2  2  2 -3  0  2  1 -1 -2 -1 -1 -1  0  2  1 -1 -2  0 -1    6   1  12  13   0   2  15  10   0   1   6   1   2   6   9   9   3   0   4   3  0.17 0.11
   67 P    1 -2  0  1 -2 -2 -2  0 -2 -1 -1 -2 -2 -3  5  1  1 -3 -3  0   11   1   5   8   0   1   1   6   0   3   8   1   0   1  29   9   8   0   0   8  0.41 0.18
   68 A    0  0  1  3  0  0 -1 -1 -2 -2  0  0 -2 -1 -1  0  0 -3 -1 -2   11   4   8  27   2   3   1   4   0   0  11   6   0   3   3   7   4   0   2   1  0.18 0.14
   69 E    1 -3 -1 -1 -3 -2 -1 -1  0 -1  2 -2 -1 -3  5  0 -1 -4 -3 -1   11   0   2   3   0   0   4   5   3   2  27   0   0   0  30   7   2   0   0   4  0.46 0.25
   70 G    1 -2  2  3 -3 -2  0  3 -2 -3 -2 -2 -3 -4 -3  2 -1 -4 -3 -3   14   0  13  18   0   0   6  23   0   0   5   0   0   0   0  17   2   0   0   0  0.42 0.25
   71 D    0 -2  0  5 -4  1  2 -3 -2 -3 -4 -2 -3 -4 -3  1  0 -4 -3 -1    8   0   2  44   0   5  15   0   0   0   1   0   0   0   0  14   4   0   0   5  0.68 0.33
   72 D   -1 -1  1  4 -3 -1  3 -3 -2 -1 -1 -1  1 -3  0 -1  0 -4 -3  0    6   2   7  27   0   0  23   0   0   2   5   2   4   0   3   0   7   0   0   9  0.35 0.22
   73 H    1 -2 -2 -2 -2 -2 -2 -2  3 -1  1 -2  1  0  0  3  0 -3 -2  1   10   0   0   0   0   0   0   0  11   2  16   0   5   4   5  29   4   0   0  12  0.24 0.22
   74 G   -2 -2  3  0  0 -1 -2  4  2 -3 -3 -1 -1 -3  0  0  0 -3  0 -2    0   0  17   4   2   3   0  38   5   0   1   2   2   0   6   4   8   0   4   2  0.46 0.25
   75 L   -2 -3 -3 -4  0 -3 -1 -4 -4  4  3 -3  1  0 -3 -2  0 -3 -2  2    0   0   0   0   2   0   4   0   0  38  28   0   3   3   0   3   5   0   0  11  0.50 0.27
   76 R   -2 -1 -1  0 -5 -3  0 -2 -4 -3 -4 -1 -4 -5  7 -2 -3 -5 -4 -2    2   4   2   4   0   0   8   3   0   1   0   3   0   0  66   2   0   0   0   4  1.52 0.52
   77 S    0  1  1  2 -3  0  0 -2  0 -2  0 -1 -2 -1  3  0  0 -3 -2 -1    9  10   6  17   0   5   2   0   3   0   9   0   0   3  15   7   6   0   0   6  0.20 0.14
   78 S   -1 -1  0  2 -3  0  2  2 -2 -3 -3  0  0 -1 -3  0 -1  5  1 -2    4   3   4  13   0   2  19  15   0   0   0   6   3   3   0   7   1   9   6   3  0.30 0.20
   79 A    3 -3 -3 -1  1 -3 -3 -3  1 -2  0 -3  0  1 -3  0 -1  4  4  0   36   0   0   3   4   0   0   0   4   0   8   0   2   6   0   5   3   6  16   5  0.41 0.29
   80 V   -1  0  0  0 -3 -1  2 -3  0  1 -1  0  1  0 -3 -1 -1  4  1  1    5   5   4   6   0   1  16   0   2  10   4   6   5   3   0   2   2   8   5  15  0.15 0.15
   81 S    0  0  3  1 -4  1  3 -1  1 -4 -4 -1  0  0 -3  1 -2 -4  0 -3    7   5  19   8   0   8  22   2   4   0   0   0   3   5   0  14   0   0   3   0  0.38 0.27
   82 A    5 -4 -3 -4 -3 -3 -3  2 -4 -3 -1 -3 -1 -4 -1  0 -1  0 -1 -1   57   0   0   0   0   0   0  17   0   0   7   0   2   0   3   4   3   2   2   5  0.68 0.40
   83 V   -1 -4 -5 -5 -3 -4 -5 -5 -4  4  0 -4  2  2 -4 -4 -1 -4  0  4    4   0   0   0   0   0   0   0   0  34   2   0   5  10   0   0   3   0   3  39  0.82 0.40
   84 F    2  0 -2 -3 -2 -1 -1  1 -1  2 -1  0  1  0 -3 -1 -1  1  0  2   19   4   0   0   0   3   3  10   1  13   2   8   5   3   0   3   2   2   4  18  0.11 0.15
   85 H    0 -3  0 -2  2 -2 -3 -3  1  0  1 -2 -1  0 -2  0  1  1  5 -1    8   0   5   2   5   0   0   0   4   6  18   2   0   3   1   9  10   2  24   2  0.29 0.24
   86 N   -2 -1  6 -2  0  1 -1 -2 -2 -4 -3  0  2 -4 -4  1  0 -5 -1 -2    2   3  54   0   2   8   2   1   0   0   2   4   8   0   0   8   4   0   2   2  0.89 0.47
   87 L   -2 -5 -6 -6 -4 -5 -5 -6 -5  1  6 -5  1 -2 -5 -5 -4 -4 -4 -1    3   0   0   0   0   0   0   0   0   4  89   0   2   0   0   0   0   0   0   2  1.42 0.54
   88 A    6 -4 -4 -5 -3 -4 -4  0 -4 -4 -3 -3  0 -5 -4 -2 -3 -5 -5 -3   92   0   0   0   0   0   0   4   0   0   2   0   2   0   0   0   0   0   0   0  1.60 0.64
   89 C   -2 -3 -4 -4  2 -2 -2 -5 -4  3  2 -1  3 -1 -4 -2 -1 -4 -3  4    0   0   0   0   4   1   3   0   0  20  20   3  11   2   0   1   2   0   0  32  0.52 0.28
   90 R   -1  6 -2 -2 -5  1  0 -4  0 -2 -2  0 -1 -1 -4 -1 -1 -4  0 -2    3  58   0   2   0   4   7   0   2   1   3   3   2   2   0   4   3   0   3   3  0.83 0.39
   91 I    0 -4 -5 -5  0 -4 -4 -3 -4  3  4 -4  4 -2 -4 -3 -3 -4 -3  0   10   0   0   0   2   0   0   2   0  21  51   0  11   0   0   0   0   0   0   3  0.74 0.35
   92 A    4  1 -3 -4  5 -1 -3 -1 -4  0  0 -3 -2 -4 -3  0 -1 -4 -4 -2   51   7   0   0  14   2   0   3   0   5  11   0   0   0   0   6   2   0   0   0  0.63 0.36
   93 P    1 -2  0 -1 -4 -1 -3 -2 -4 -4 -3 -1 -2 -5  6  2 -2 -5 -5 -4   10   2   4   4   0   2   0   2   0   0   3   2   1   0  53  17   0   0   0   0  1.21 0.45
   94 D    0 -1  1  5 -4  0  1 -2  1 -4 -3 -1 -1 -2 -3  2 -1 -4  0 -4    6   2   4  37   0   3   8   1   4   0   2   1   2   2   0  20   3   0   4   0  0.54 0.29
   95 Y   -2 -4  0 -5 -4 -4 -4 -5 -2  0  0 -4  3  5 -5 -3 -3 -1  6 -1    3   0   5   0   0   0   0   0   0   6   5   0   9  31   0   2   0   0  37   3  1.10 0.44
   96 A    0 -4  1 -1 -4  1 -3  6 -3 -5 -5 -3  0 -5 -4 -1 -3 -5 -5 -2    8   0   8   2   0   7   0  64   0   0   0   0   3   0   0   4   0   0   0   4  1.08 0.42
   97 L    0  1 -2 -3 -3  0 -2 -2 -3  1  0  4  0 -3 -3 -1  0 -4 -3  1    7   8   0   0   0   3   0   1   0  11  11  36   2   0   0   4   5   0   0  10  0.32 0.24
   98 E    0 -2  0  0 -4  3  3 -3 -2 -2 -3 -1  1 -4  3  0  1 -4 -3 -1    6   0   5   5   0  14  26   0   0   2   0   0   6   0  13   6  12   0   0   5  0.42 0.26
   99 A    2 -4 -4 -4 -3 -3 -3 -4 -4  2  2 -3  1 -3  5 -2 -2  1 -3  2   19   0   0   0   0   0   0   0   0  10  19   0   4   0  31   0   0   2   0  14  0.68 0.31
  100 T   -1 -1  0  1 -3 -1 -1 -3 -3 -4 -4 -2 -1 -4  3  4  2 -5 -2 -2    2   2   3   7   0   2   3   0   0   0   0   0   2   0  17  44  15   0   1   2  0.66 0.36
  101 A    2  0 -1 -1 -3  2 -1 -1 -3 -1 -3 -2  0 -4  5  0  0 -4 -4 -2   22   5   2   2   0  11   2   4   0   3   1   0   2   0  31   8   6   0   0   2  0.57 0.28
  102 K    1  0 -1  3 -3  1  3  0 -2 -1 -2  0 -1 -4 -2  0  1 -4 -3 -1   11   3   0  17   0   5  25   6   0   3   2   3   1   0   0   7  10   0   0   5  0.29 0.19
  103 I   -2 -3 -4 -4 -3 -2 -4 -4 -4  1  4 -3  1 -2 -4 -1  3 -4 -3  2    2   0   0   0   0   2   0   0   0   6  47   0   2   0   0   5  22   0   0  14  0.59 0.32
  104 I    0  2 -1 -3 -2  0 -1 -2 -2  0  1  1  1  0 -1 -1 -1 -3 -2  2   10  12   2   0   0   6   2   2   0   5  15  12   5   5   2   1   2   0   0  20  0.12 0.13
  105 A    2  1  2 -1 -3  1  0 -1  0 -1 -1  0 -1 -3 -2  1  0 -4 -3 -1   29  10  11   2   0   7   4   3   2   2   4   6   1   0   0  10   4   0   0   4  0.21 0.17
  106 T    2  1  2  1 -3  3  0 -2 -2  0 -1 -1  1 -3 -3  0  0 -4 -3 -1   19   8  10   8   0  20   2   1   0   9   7   2   4   0   0   4   5   0   0   3  0.20 0.19
  107 A    6 -2 -4 -4 -3 -1 -3 -1 -4 -2  0 -1 -3 -4 -3 -2 -3 -5 -1 -2   77   2   0   0   0   2   0   2   0   2  10   3   0   0   0   0   0   0   2   0  1.06 0.50
  108 K    1  2  1  0 -3  0  0 -1  0 -3 -3  2 -1 -4 -2  1  1 -4 -3 -1   16  15   7   5   0   4   5   3   2   0   0  19   1   0   0   8  11   0   0   4  0.27 0.18
  109 Y    0  2  0  1 -1  3  2 -3 -1 -1 -2  1 -2 -3 -3  0  0 -3  1 -2    8  15   3   9   2  16  12   0   0   3   3   7   0   0   0   6   6   0   7   2  0.24 0.17
  110 G    3 -3 -2 -3 -3 -1 -3  3 -3 -4 -3 -1 -1 -4 -3  3  1 -4 -4 -3   34   0   0   0   0   2   0  28   0   0   2   2   2   0   0  23   7   0   0   0  0.64 0.33
  111 K   -3  1 -4 -4 -4 -2 -2 -4 -2 -1  2  1  2  2 -4 -2 -3  4  6 -2    0   8   0   0   0   0   2   0   0   2  20  12   6   8   0   3   0   7  33   0  0.70 0.34
  112 E    1  0  1  2 -3  1  1 -2 -2 -2 -3  0 -1 -3 -2  2  1 -4 -1 -2   16   4   6  16   0   5  10   0   0   2   0   6   1   0   0  23   6   0   2   2  0.30 0.20
  113 L    2  1  1  0 -2 -1 -1 -1 -2  0  1 -1  1 -1 -3  0  1 -3 -2  1   22  10   9   5   0   0   3   4   0   2  14   2   5   2   0   2   9   0   0  11  0.10 0.13
  114 L   -2 -4 -5 -5 -3 -4 -5 -5 -5  3  4 -4  4 -2 -5 -4 -3 -4 -3  2    2   0   0   0   0   0   0   0   0  19  52   0  12   0   0   0   0   0   0  15  0.91 0.37
  115 Y   -1  0 -2 -1  3  1  0 -2 -2  0  1  0  2  1 -3  1  0 -2  1  0    0   5   0   2   8   7   4   2   0   5  21   8   6   8   0  11   4   0   5   5  0.11 0.12
  116 K    2  2  0 -2 -2  1 -1  1 -2 -1 -2  1 -2 -3 -2  2  2 -3 -2 -2   19  12   2   1   0   6   1  11   0   5   2   8   0   1   1  16  13   0   0   1  0.21 0.15
  117 Q    0  1  0  2 -2  1  0 -2  0  0  0  1  0  0 -2  0 -1  1  0 -1    6  12   3  18   0   5   3   1   2   4  12  10   4   4   1   6   1   2   3   4  0.10 0.09
  118 T    1 -2  1 -2  2 -1 -2 -1 -2 -1 -1 -1  0  0 -3  0  2  1  4 -1   15   0   9   0   5   2   0   4   0   4   5   3   3   4   0   4  21   2  18   3  0.23 0.19
  119 A    3 -1 -1 -3 -2  0 -1 -2 -3  0  0 -2  0  0 -3  0 -1 -4 -2  2   40   2   3   0   0   4   4   0   0   4  10   0   2   4   0   5   2   0   0  19  0.32 0.24
  120 I    0  0  0 -2  0  0 -1 -1 -1  1  0  0  1 -1  2  0  0 -3 -1  2   10   6   4   0   2   4   0   4   2   8   5   9   4   2  11   7   3   0   1  20  0.10 0.10
  121 S    0  1  1 -1 -2  0 -1 -1 -2  1 -2  0  0 -3  3  0  0 -3 -2  1   10  10   8   2   0   5   2   2   0  12   1   5   2   0  18   5   4   0   0  12  0.21 0.13
  122 R   -1  3 -1  0 -3  2  0 -2 -2 -2 -1  1 -1 -2  4  0 -1 -3 -3 -1    2  17   2   4   0  11   4   3   0   0   6   7   1   2  25   5   4   0   0   5  0.40 0.19
  123 A    0 -2 -1 -2 -2 -1  0 -2 -2  2  0  1  1 -2 -1  0  1 -3 -2  2    5   1   2   1   0   2   8   2   0  19   7  11   5   0   2   7  13   0   0  14  0.13 0.13
  124 K   -2  1 -2 -1 -3  3  0 -1 -2 -1  0  1  3 -3  3 -1 -2 -3 -3 -1    1   9   0   2   0  16   5   5   0   4   7  12  12   0  19   3   1   0   0   4  0.34 0.21
  125 R    0  3  1  0 -3  2  0 -1  0 -3 -2  1 -2 -1  2 -1  0 -3 -2 -2    6  24   9   6   0  10   3   4   2   1   3   9   0   3  12   2   4   0   0   1  0.29 0.15
  126 A    1  2  0  0 -2  0  0 -2 -2  0  0  0  1 -2 -1  0  1 -2 -1  2   11  13   5   5   0   2   5   1   0   1   5   3   6   1   3   5   9   0   2  23  0.09 0.11
  127 P    0  0 -1  0 -2  3  0 -1 -2 -1 -1  0 -1 -3  3  1  0 -3 -2  0    7   4   1   3   0  19   4   4   0   3   4   6   0   1  16  11   7   0   1   8  0.24 0.14
  128 Y   -2  0  1 -1  1 -1 -1 -3  0 -1  1 -2  1  2 -3 -1  0  3  4 -1    1   7   8   2   4   3   3   1   2   1  19   1   5   6   1   3   5   5  22   3  0.27 0.18
  129 P    1  1 -1 -1 -4 -2 -1 -3 -3 -4 -3 -1 -3 -4  7 -1 -1 -4 -4 -3   10  10   2   4   0   0   3   1   0   1   3   2   0   0  55   4   3   0   0   1  1.17 0.39
  130 S   -1  4  2  0 -3 -1 -1  1 -2 -3 -3  0  0 -3  0  2  0 -3  1 -3    4  26  12   4   0   0   3  13   0   0   0   2   2   0   4  18   4   0   6   0  0.34 0.22
  131 R   -2  4  2  2 -3 -1  0 -3  2 -2 -3 -1 -2 -3 -1  1  2  1 -2 -2    1  28  11  12   0   0   3   1   7   2   1   0   0   0   3   9  17   2   0   3  0.40 0.24
  132 M   -3 -3 -4 -2 -4  2 -1 -5 -4 -1  2 -3  8  1 -4 -3  2 -4 -3 -1    0   0   0   2   0   9   3   0   0   0  18   0  46   6   0   0  14   0   0   2  0.98 0.47
  133 P   -2 -4 -4 -4 -5 -4 -2 -3 -5 -3 -2 -4 -4 -5  8 -2 -3 -6 -5 -3    3   0   0   0   0   0   3   2   0   2   4   0   0   0  81   2   0   0   0   2  2.18 0.63
  134 T    0  4 -1 -1 -3 -1 -1 -3  0  2 -1  0 -1 -1 -3 -2  2 -3  0  1    7  30   2   3   0   0   2   0   2  14   5   2   0   2   0   0  14   0   3  13  0.28 0.22
  135 G   -3 -5 -3 -4 -5 -4 -5  7 -4 -6 -6 -4 -5 -5 -5 -3 -4 -5  0 -6    0   0   0   0   0   0   0  96   0   0   0   0   0   0   0   0   0   0   4   0  2.17 0.63
  136 S    2 -2 -2  0 -2  1 -2  0 -2 -1 -2 -2 -2 -3 -2  3  1 -3  1 -1   22   0   0   5   0   9   0   5   0   3   2   0   0   0   0  36   9   0   6   3  0.38 0.26
  137 G   -1 -5 -3 -1 -5 -4 -4  7 -4 -6 -6 -4 -5 -5 -1 -1 -4 -5 -5 -3    2   0   0   3   0   0   0  87   0   0   0   0   0   0   3   2   0   0   0   2  1.74 0.53
  138 N   -1 -2  7  0  0  1  0 -1  0 -5 -5 -2 -4 -5 -4  0 -1 -5 -4 -4    6   0  65   2   3   6   5   4   2   0   0   0   0   0   0   4   3   0   0   0  1.12 0.43
  139 S   -2  4  2  1 -4  1  0 -1 -2 -4 -4  2 -3 -1 -3  2  1 -4 -1 -3    0  32   9   6   0   4   2   2   0   0   0  13   0   3   0  18   8   0   2   0  0.46 0.25
  140 F   -1  3 -1  0  0  1 -1 -2  0 -1  0  0 -1  1  1  0  0 -2  2 -1    1  24   2   6   3   7   1   3   3   2   9   1   0   6   6   6   6   0   9   6  0.13 0.12
  141 A    0  0  2  1  1 -1 -1  0 -1 -2 -2 -1  0  2 -1  0  0  5  1 -1    7   7  15   8   4   1   1   6   0   1   1   1   3  10   3   6   6  12   5   4  0.21 0.12
  142 N    1  5  1 -1 -3 -1 -2 -1 -2 -3 -2  0 -2  2 -1 -1  0 -3 -2 -2   14  39   6   2   0   0   1   5   0   0   3   1   0  13   3   3   5   0   0   3  0.38 0.22
  143 L   -1 -1 -2  0 -2 -2 -2  0  0 -1  0 -1 -1  2 -1 -1  0  6  3 -1    4   2   1   8   0   1   1   8   2   3   9   5   0   8   3   5   8  16  13   2  0.29 0.14
  144 N   -2 -2  4 -1 -3 -2  0  3 -2 -3 -2 -2 -2  2 -3  0  1 -3 -2 -3    1   1  29   1   0   0   5  28   0   1   4   1   0  11   1   5  13   0   0   1  0.47 0.23
  145 E    0  3 -1  1 -3  1  0 -1  0 -3 -3 -1 -2 -3  2  1  2 -3 -1 -1    5  26   0   9   0   5   4   3   3   0   0   0   0   0  10  10  17   0   2   5  0.30 0.18
  146 W    1  2  0  0 -4  1 -2 -3  0 -4 -3 -2 -3  0 -4 -3 -3 10 -1 -2   12  11   6   6   0   9   0   0   3   0   0   0   0   3   0   0   0  45   0   2  1.37 0.40
  147 H   -1  2  1  2 -3  2  0 -1  2 -3 -3  0 -2  3 -3  1 -2 -2  1 -3    2  12   9  11   0  10   4   4   7   0   0   6   0  18   0  11   0   0   6   0  0.26 0.15
  148 Y   -3  5 -3 -4 -4  1 -2 -4  1 -3 -3 -1 -3  3  0 -3 -1 -1  6 -3    0  37   0   0   0   7   0   0   2   0   0   0   0  12   4   0   3   0  35   0  0.92 0.35
  149 F   -1 -3 -4 -4 -4 -1 -4 -4  1 -2 -2 -4 -2  6 -4 -2 -3  0  6 -1    5   0   0   0   0   4   0   0   4   0   0   0   0  49   0   2   0   0  32   4  1.12 0.33
  150 P   -1 -3  0 -3 -3 -2 -2 -1  1 -1 -3 -2 -3  1  6 -2 -1 -2  4 -2    6   0   5   0   0   0   0   4   4   3   0   0   0   5  45   0   3   0  22   0  0.92 0.24
  151 G    1  2  0 -2  1 -1  0  1 -2  0 -1  0 -1 -2 -2 -1  0 -2  0  1   12  15   5   0   5   0   5  15   0   7   4   4   0   0   0   0   4   0   5  17  0.07 0.07
  152 E   -2  2  1  3 -4  2  3  1 -1 -3 -3  0 -2 -4  1 -1  0 -3 -3 -3    0  14   5  18   0  10  30  10   0   0   0   0   0   0   6   0   5   0   0   0  0.43 0.14
  153 Q   -1  2  0  1 -3  2  1  0 -1 -3 -3  0 -2  1  4 -1  0 -3 -2 -3    3  15   3   9   0  14  10   6   0   0   0   4   0   9  21   0   5   0   0   0  0.37 0.12
  154 N   -2  1  4  3 -3 -1  1 -2 -1 -2 -2 -1 -2 -3  2 -1  0 -3 -3 -1    1   7  30  24   0   0   6   1   0   1   4   1   0   0  12   1   6   0   0   5  0.42 0.12
  155 A    0  3 -1  1 -2  0  0 -2 -1  1  0  1 -1 -2 -2 -1 -1 -3 -2  1   12  29   0  10   0   0   7   1   0  12   6   6   0   0   1   1   1   0   0  14  0.16 0.08
  156 D    1  0  1  4 -2 -1  0 -1 -2 -1 -2 -1 -2 -3  1 -1 -1 -3 -2  1   19   6   7  40   0   1   1   1   0   1   1   1   0   0   6   1   1   0   0  14  0.33 0.10
  157 S    1 -2 -1 -1 -2 -1  1  1 -2  0 -1 -1 -1 -2  1  2  1 -3 -2  0   17   0   0   0   0   0  15  13   0   7   6   0   0   0   5  20   8   0   0   8  0.15 0.06
  158 T    0 -1  1 -1 -2 -1 -1 -2 -2  0 -2  0 -1 -3 -2  1  5 -3 -2 -1    6   0   9   0   0   0   0   0   0   8   0   7   0   0   0   8  61   0   0   0  0.46 0.14
  159 T    2 -1 -1 -1 -2  1 -1  2 -2 -1 -2 -1 -1 -3 -2  2  3 -3 -2  0   18   0   0   0   0   9   0  15   0   0   0   0   0   0   0  18  33   0   0   7  0.29 0.08
  160 P    0 -2 -1 -2 -2 -1 -1 -2 -2 -1  0 -1 -1 -2  4  2  4 -3 -2 -1    0   0   0   0   0   0   0   0   0   0  11   0   0   0  25  19  45   0   0   0  0.52 0.09
  161 H   -2  0  1 -1 -3  2  2 -2  6 -3 -2  0 -2 -1 -2 -1 -1 -1  3 -3    1   1   7   1   0  14  14   1  44   1   1   1   0   0   1   1   1   0  13   1  0.51 0.07
  162 D   -2 -2  3  6 -4 -1  1 -2 -1 -4 -4 -1 -3 -4 -2 -1 -1 -5 -3 -4    0   0  15  85   0   0   0   0   0   0   0   0   0   0   0   0   0   0   0   0  1.02 0.09
  163 E   -1 -1  0  3 -4  1  5 -2 -1 -4 -3  0 -2 -4 -1  0 -1 -3 -3 -3    0   0   0  19   0   0  81   0   0   0   0   0   0   0   0   0   0   0   0   0  0.77 0.05
  164 G   -1 -3 -2 -3 -2 -3 -3  2 -3  3  2 -2  1 -1 -3 -2 -1 -2 -2  1    0   0   0   0   0   0   0  25   0  51  24   0   0   0   0   0   0   0   0   0  0.25 0.02
  165 N   -2 -1  5  4 -3  0  0 -1  0 -3 -4  0 -3 -3 -2  0  0 -4 -3 -3    0   0  72  28   0   0   0   0   0   0   0   0   0   0   0   0   0   0   0   0  0.72 0.03
  166 G    0 -2  0 -1 -3 -2 -2  6 -2 -4 -4 -2 -3 -3 -2  0 -2 -3 -3 -3    0   0   0   0   0   0   0 100   0   0   0   0   0   0   0   0   0   0   0   0  1.04 0.00

                      K         Lambda
Standard Ungapped    0.1294     0.3126
Standard Gapped      0.0410     0.2670
PSI Ungapped         0.1295     0.3183
PSI Gapped           0.0396     0.2670
