
Last position-specific scoring matrix computed, weighted observed percentages rounded down, information per position, and relative weight of gapless real matches to pseudocounts
           A  R  N  D  C  Q  E  G  H  I  L  K  M  F  P  S  T  W  Y  V   A   R   N   D   C   Q   E   G   H   I   L   K   M   F   P   S   T   W   Y   V
    1 M   -1 -2 -2 -3 -2 -1 -2 -3 -2  1  2 -2  7  0 -3 -2 -1 -2 -1  1    0   0   0   0   0   0   0   0   0   0   0   0 100   0   0   0   0   0   0   0  0.44 0.03
    2 K   -1  2  0  0 -4  1  3 -2 -1 -3 -3  4 -2 -3 -1  0 -1 -3 -2 -3    0   0   0   0   0   0  27   0   0   0   0  73   0   0   0   0   0   0   0   0  0.50 0.01
    3 I   -2 -3 -4 -3 -1 -3 -4 -4 -4  5  2 -3  1  0 -3 -3 -1 -3 -2  3    0   0   0   0   0   0   0   0   0 100   0   0   0   0   0   0   0   0   0   0  0.43 0.02
    4 A    4 -2 -2 -2 -1 -1 -1 -1 -2  0  1 -1  0 -1 -1  0  0 -2 -2  0   73   0   0   0   0   0   0   0   0   0  27   0   0   0   0   0   0   0   0   0  0.25 0.01
    5 I   -2 -3 -4 -4 -1 -3 -3 -4 -3  3  3 -3  2  0 -3 -3 -1 -2 -1  2    0   0   0   0   0   0   0   0   0  48  52   0   0   0   0   0   0   0   0   0  0.38 0.01
    6 I   -2 -3 -4 -4 -1 -2 -3 -4 -3  3  4 -3  2  0 -3 -3 -1 -2 -1  1    0   0   0   0   0   0   0   0   0  23  77   0   0   0   0   0   0   0   0   0  0.42 0.01
    7 N   -2 -1  6  1 -3  0  0 -1  1 -4 -4  0 -2 -3 -2  1  0 -4 -2 -3    0   0 100   0   0   0   0   0   0   0   0   0   0   0   0   0   0   0   0   0  0.79 0.02
    8 M   -1 -2 -3 -4 -1 -2 -3 -4 -3  2  3 -2  3  0 -3 -2 -1 -2 -1  2    0   0   0   0   0   0   0   0   0   0  50   0  23   0   0   0   0   0   0  27  0.32 0.01
    9 G    3 -2 -1 -1 -1 -1 -1  3 -2 -2 -2 -1 -2 -3 -1  2  0 -3 -2 -1   52   0   0   0   0   0   0  23   0   0   0   0   0   0   0  25   0   0   0   0  0.36 0.01
   10 N   -2 -1  6  1 -3  0  0 -1  1 -4 -4  0 -2 -3 -2  1  0 -4 -2 -3    0   0 100   0   0   0   0   0   0   0   0   0   0   0   0   0   0   0   0   0  0.79 0.02
   11 N   -1 -1  5  1 -2  0 -1 -1  0 -3 -3  0 -2 -3 -2  1  2 -4 -2 -2    0   0  75   0   0   0   0   0   0   0   0   0   0   0   0   0  25   0   0   0  0.56 0.02
   12 V   -1 -3 -3 -3 -1 -3 -3 -4 -3  3  1 -3  1 -1 -3 -2  0 -3 -1  4    0   0   0   0   0   0   0   0   0  27   0   0   0   0   0   0   0   0   0  73  0.37 0.01
   13 I    0 -2  0 -1 -1 -1 -1 -2 -2  1 -1 -1  0 -2 -1  2  4 -3 -2  1    0   0   0   0   0   0   0   0   0  23   0   0   0   0   0  25  52   0   0   0  0.26 0.01
   14 N   -1 -2  3  5 -3 -1  1  3 -1 -4 -4 -1 -3 -4 -2  0 -1 -4 -3 -3    0   0  23  52   0   0   0  25   0   0   0   0   0   0   0   0   0   0   0   0  0.59 0.01
   15 F   -2 -3 -3 -4 -3 -3 -3 -3  0 -1  0 -3  0  6 -4 -2 -2  1  5 -1    0   0   0   0   0   0   0   0   0   0   0   0   0  75   0   0   0   0  25   0  0.73 0.02
   16 K   -1  4  0 -1 -3  1  1 -2 -1 -3 -3  4 -2 -3 -1  0 -1 -3 -2 -3    0  27   0   0   0   0   0   0   0   0   0  73   0   0   0   0   0   0   0   0  0.54 0.01
   17 T    0 -2 -1 -2 -1 -1 -1 -2 -2  2  0 -1  0 -2 -2  1  4 -3 -2  1    0   0   0   0   0   0   0   0   0  25   0   0   0   0   0   0  75   0   0   0  0.33 0.01
   18 V    0 -2 -2 -3 -1 -2 -2 -3 -3  2  0 -2  0 -1 -2 -1  2 -3 -1  4    0   0   0   0   0   0   0   0   0   0   0   0   0   0   0   0  25   0   0  75  0.28 0.01
   19 P    0 -2  0 -1 -2 -1 -1 -1 -2 -3 -3 -1 -2 -3  6  3  0 -3 -2 -2    0   0   0   0   0   0   0   0   0   0   0   0   0   0  48  52   0   0   0   0  0.89 0.01
   20 S    1 -1  1  0 -1  0  0  0 -1 -3 -3  0 -2 -3 -1  4  1 -3 -2 -2    0   0   0   0   0   0   0   0   0   0   0   0   0   0   0 100   0   0   0   0  0.49 0.02
   21 S    2 -2  0 -1 -2 -1 -1  4 -2 -3 -3 -1 -2 -3 -2  2  0 -3 -3 -2   25   0   0   0   0   0   0  52   0   0   0   0   0   0   0  23   0   0   0   0  0.52 0.01
   22 E   -1  0  0  2 -4  2  5 -2  0 -4 -3  1 -2 -4 -1  0 -1 -3 -2 -3    0   0   0   0   0   0 100   0   0   0   0   0   0   0   0   0   0   0   0   0  0.78 0.02
   23 T    0 -1  0 -1 -1 -1 -1 -2 -2 -1 -1 -1 -1 -2 -1  1  5 -3 -2  0    0   0   0   0   0   0   0   0   0   0   0   0   0   0   0   0 100   0   0   0  0.52 0.02
   24 I   -1 -3 -3 -4 -1 -3 -3 -4 -3  4  2 -3  1  0 -3 -2 -1 -3 -1  3    0   0   0   0   0   0   0   0   0  48  25   0   0   0   0   0   0   0   0  27  0.35 0.01
   25 Y   -2 -2 -3 -4 -2 -2 -2 -4  1  0  1 -2  0  3 -3 -2 -2  2  6 -1    0   0   0   0   0   0   0   0   0   0  25   0   0   0   0   0   0   0  75   0  0.63 0.02
   26 L   -1 -2 -3 -4 -1 -2 -3 -4 -3  3  3 -2  4  0 -3 -2 -1 -2 -1  1    0   0   0   0   0   0   0   0   0  25  50   0  25   0   0   0   0   0   0   0  0.35 0.01
   27 F    1  0 -1 -2 -2 -1 -1  3 -1 -2 -2  2 -1  2 -2  0 -1 -1  0 -2   25   0   0   0   0   0   0  25   0   0   0  27   0  23   0   0   0   0   0   0  0.19 0.01
   28 K    0  3  0 -1 -3  3  1 -2  0 -3 -3  3 -1 -3 -1  2  0 -3 -2 -2    0  25   0   0   0  27   0   0   0   0   0  23   0   0   0  25   0   0   0   0  0.38 0.01
   29 V    2 -2 -1 -2 -1 -1 -1 -1 -2  1  0 -1  3 -1 -2  2  0 -3 -2  1   25   0   0   0   0   0   0   0   0   0   0   0  27   0   0  25   0   0   0  23  0.14 0.01
   30 I   -2 -3 -4 -4 -1 -2 -3 -4 -3  3  4 -3  2  0 -3 -3 -1 -2 -1  1    0   0   0   0   0   0   0   0   0  23  77   0   0   0   0   0   0   0   0   0  0.42 0.01
   31 S    0  3  0  0 -2  1  2 -2 -1 -2 -2  1 -1 -3 -1  2  2 -3 -2 -2    0  25   0   0   0   0  27   0   0   0   0   0   0   0   0  23  25   0   0   0  0.31 0.01
   32 E   -1  0  0  3 -4  3  4 -2  0 -3 -3  1 -2 -4 -1  0 -1 -3 -2 -3    0   0   0  25   0  27  48   0   0   0   0   0   0   0   0   0   0   0   0   0  0.59 0.01
   33 M   -1 -2 -3 -4 -2 -1 -3 -3 -2  1  3 -2  5  0 -3 -2 -1 -2 -1  1    0   0   0   0   0   0   0   0   0   0  52   0  48   0   0   0   0   0   0   0  0.38 0.01
   34 G    0 -3 -1 -1 -3 -2 -2  6 -2 -4 -4 -2 -3 -3 -2  0 -2 -3 -3 -3    0   0   0   0   0   0   0 100   0   0   0   0   0   0   0   0   0   0   0   0  1.08 0.02
   35 L   -2 -1 -1 -2 -3  0 -1 -3  6 -1  1 -1  0  1 -3 -2 -2  0  4 -1    0   0   0   0   0   0   0   0  52   0  23   0   0   0   0   0   0   0  25   0  0.46 0.01
   36 N    0 -1  3  0 -2  0  2  3 -1 -3 -3  0 -2 -3 -2  2  0 -3 -2 -3    0   0  23   0   0   0  25  27   0   0   0   0   0   0   0  25   0   0   0   0  0.37 0.01
   37 V    0 -3 -3 -3 -1 -2 -3 -3 -3  3  1 -3  1 -1 -3 -2  0 -3 -1  4    0   0   0   0   0   0   0   0   0   0   0   0   0   0   0   0   0   0   0 100  0.39 0.02
   38 D   -1 -2  1  5 -3 -1  1 -2 -1 -3 -3 -1 -2 -3 -2  0  2 -4 -3 -2    0   0   0  73   0   0   0   0   0   0   0   0   0   0   0   0  27   0   0   0  0.64 0.01
   39 I   -1 -3 -3 -3 -1 -3 -3 -4 -4  4  1 -3  1  0 -3 -2 -1 -3 -1  3    0   0   0   0   0   0   0   0   0  75   0   0   0   0   0   0   0   0   0  25  0.39 0.01
   40 I    1 -3 -3 -3 -1 -2 -3 -2 -3  4  1 -2  1 -1 -2 -1 -1 -3 -2  2   27   0   0   0   0   0   0   0   0  73   0   0   0   0   0   0   0   0   0   0  0.24 0.01
   41 S    1 -1  1  0 -1  0  0  0 -1 -3 -3  0 -2 -3 -1  4  1 -3 -2 -2    0   0   0   0   0   0   0   0   0   0   0   0   0   0   0 100   0   0   0   0  0.49 0.02
   42 L   -2 -1  4  0 -2 -1 -1 -2 -1  0  1 -1  3 -1 -3  0 -1 -3 -2 -1    0   0  52   0   0   0   0   0   0   0  23   0  25   0   0   0   0   0   0   0  0.26 0.01
   43 K   -1  4  0 -1 -3  1  1 -2 -1 -3 -3  5 -2 -3 -1  0 -1 -3 -2 -3    0  25   0   0   0   0   0   0   0   0   0  75   0   0   0   0   0   0   0   0  0.54 0.01
   44 N   -2 -1  5  1 -3  0 -1 -1  0 -3 -4  0 -2 -3  4  0  0 -4 -3 -3    0   0  75   0   0   0   0   0   0   0   0   0   0   0  25   0   0   0   0   0  0.74 0.02
   45 G    0 -2  0 -1 -2 -1 -1  4 -2 -3 -3 -1 -2 -3 -2  2  2 -3 -2 -2    0   0   0   0   0   0   0  50   0   0   0   0   0   0   0  25  25   0   0   0  0.48 0.01
   46 V   -1 -1  0  3 -3  1  4 -2 -1 -1 -2  0 -1 -3 -2 -1 -1 -3 -2  1    0   0   0  25   0   0  52   0   0   0   0   0   0   0   0   0   0   0   0  23  0.38 0.01
   47 Y   -2 -2 -1  2 -3 -1 -1 -3  1 -2 -2 -2 -2  2 -3 -1 -2  1  6 -2    0   0   0  25   0   0   0   0   0   0   0   0   0   0   0   0   0   0  75   0  0.63 0.02
   48 T    2 -2 -1 -2 -1 -1 -1 -1 -2  0 -1 -1  0 -2 -1  1  3 -3 -2  2   27   0   0   0   0   0   0   0   0   0   0   0   0   0   0   0  48   0   0  25  0.24 0.01
   49 K   -1 -1 -2 -3 -1 -1 -2 -3 -3  3  1  1  0 -1 -2 -2  0 -3 -2  3    0   0   0   0   0   0   0   0   0  25   0  23   0   0   0   0   0   0   0  52  0.19 0.01
   50 S    2 -1  0 -1 -1  0  0  0 -1 -2 -2  0 -1 -3 -1  4  1 -3 -2 -1   27   0   0   0   0   0   0   0   0   0   0   0   0   0   0  73   0   0   0   0  0.40 0.01
   51 F   -2 -3 -3 -4 -3 -4 -4 -3 -1  0  0 -3  0  7 -4 -3 -2  1  3 -1    0   0   0   0   0   0   0   0   0   0   0   0   0 100   0   0   0   0   0   0  0.81 0.02
   52 D   -2 -1  1  6 -4  0  3 -2 -1 -3 -4  0 -3 -4 -2  0 -1 -4 -3 -3    0   0   0  73   0   0  27   0   0   0   0   0   0   0   0   0   0   0   0   0  0.79 0.01
   53 E   -1  0 -1  0 -3  3  4 -2 -1  0 -1  0 -1 -3 -2 -1 -1 -3 -2  1    0   0   0   0   0  25  50   0   0   0   0   0   0   0   0   0   0   0   0  25  0.35 0.01
   54 V   -1 -3 -3 -3 -1 -3 -3 -4 -3  3  1 -3  1 -1 -3 -2  0 -3 -1  4    0   0   0   0   0   0   0   0   0  27   0   0   0   0   0   0   0   0   0  73  0.37 0.01
   55 D   -2 -2  1  6 -4  0  2 -2 -1 -3 -4 -1 -3 -4 -2  0 -1 -5 -3 -3    0   0   0 100   0   0   0   0   0   0   0   0   0   0   0   0   0   0   0   0  0.98 0.02
   56 V   -1 -3 -3 -3 -1 -3 -3 -4 -4  4  1 -3  1  0 -3 -2 -1 -3 -1  3    0   0   0   0   0   0   0   0   0  77   0   0   0   0   0   0   0   0   0  23  0.39 0.01
   57 N   -2 -1  6  1 -3  0  0 -1  1 -4 -4  0 -2 -3 -2  1  0 -4 -2 -3    0   0 100   0   0   0   0   0   0   0   0   0   0   0   0   0   0   0   0   0  0.79 0.02
   58 D   -1 -1  3  3 -2  0  0 -1  0 -3 -3 -1 -2  0 -2  2  0 -1  3 -2    0   0  27  23   0   0   0   0   0   0   0   0   0   0   0  25   0   0  25   0  0.33 0.01
   59 Y   -2 -2 -3 -4 -3 -2 -3 -3  1 -1 -1 -2 -1  5 -3 -2 -2  2  7 -1    0   0   0   0   0   0   0   0   0   0   0   0   0  27   0   0   0   0  73   0  0.80 0.02
   60 D   -2 -2  1  6 -4  0  2 -2 -1 -3 -4 -1 -3 -4 -2  0 -1 -5 -3 -3    0   0   0 100   0   0   0   0   0   0   0   0   0   0   0   0   0   0   0   0  0.98 0.02
   61 R   -1  4  0 -1 -3  1  0 -2  4 -3 -3  3 -2 -3 -2 -1 -1 -3 -1 -3    0  48   0   0   0   0   0   0  25   0   0  27   0   0   0   0   0   0   0   0  0.51 0.01
   62 L   -1 -2 -4 -4 -1 -2 -3 -4 -3  2  4 -3  2  0 -3 -2 -1 -2 -1  2    0   0   0   0   0   0   0   0   0   0  73   0   0   0   0   0   0   0   0  27  0.38 0.01
   63 I   -1 -3 -3 -4 -1 -3 -3 -4 -3  4  2 -3  1  0 -3 -2 -1 -3 -1  3    0   0   0   0   0   0   0   0   0  48  25   0   0   0   0   0   0   0   0  27  0.35 0.01
   64 V    0 -3 -3 -3 -1 -2 -3 -3 -3  3  1 -3  1 -1 -3 -2  0 -3 -1  4    0   0   0   0   0   0   0   0   0   0   0   0   0   0   0   0   0   0   0 100  0.39 0.02
   65 V   -1 -3 -3 -4 -1 -3 -3 -4 -3  4  2 -3  1  0 -3 -2 -1 -3 -1  3    0   0   0   0   0   0   0   0   0  50  27   0   0   0   0   0   0   0   0  23  0.35 0.01
   66 N   -1 -1  4  0 -3 -1 -1  3 -1 -4 -4 -1 -3 -3  4  0 -1 -4 -3 -3    0   0  48   0   0   0   0  25   0   0   0   0   0   0  27   0   0   0   0   0  0.64 0.01
   67 S    2 -2  0 -1 -2 -1 -1  4 -2 -3 -3 -1 -2 -3 -2  2  0 -3 -3 -2   27   0   0   0   0   0   0  50   0   0   0   0   0   0   0  23   0   0   0   0  0.50 0.01
   68 S    3 -1  0 -1 -1 -1 -1  0 -1 -2 -2 -1 -1 -3 -1  3  1 -3 -2 -1   50   0   0   0   0   0   0   0   0   0   0   0   0   0   0  50   0   0   0   0  0.37 0.01
   69 I   -2 -3 -4 -4 -1 -3 -3 -4 -3  4  3 -3  1  0 -3 -3 -1 -3 -1  2    0   0   0   0   0   0   0   0   0  73  27   0   0   0   0   0   0   0   0   0  0.38 0.01
   70 N   -2 -1  6  1 -3  0  0 -1  1 -4 -4  0 -2 -3 -2  1  0 -4 -2 -3    0   0 100   0   0   0   0   0   0   0   0   0   0   0   0   0   0   0   0   0  0.79 0.02
   71 F   -2 -3 -3 -4 -3 -4 -4 -3 -1  0  0 -3  0  7 -4 -3 -2  1  3 -1    0   0   0   0   0   0   0   0   0   0   0   0   0 100   0   0   0   0   0   0  0.81 0.02
   72 F   -2 -3 -3 -4 -3 -4 -4 -3 -1  0  0 -3  0  7 -4 -3 -2  1  3 -1    0   0   0   0   0   0   0   0   0   0   0   0   0 100   0   0   0   0   0   0  0.81 0.02
   73 G    0 -3 -1 -1 -3 -2 -2  6 -2 -4 -4 -2 -3 -3 -2  0 -2 -3 -3 -3    0   0   0   0   0   0   0 100   0   0   0   0   0   0   0   0   0   0   0   0  1.08 0.02
   74 G    0 -3 -1 -1 -3 -2 -2  6 -2 -4 -4 -2 -3 -3 -2  0 -2 -3 -3 -3    0   0   0   0   0   0   0 100   0   0   0   0   0   0   0   0   0   0   0   0  1.08 0.02
   75 K   -1  1 -1 -1 -2  1  0 -2 -1  0 -1  4 -1 -3 -1 -1 -1 -3 -2  1    0   0   0   0   0   0   0   0   0   0   0  73   0   0   0   0   0   0   0  27  0.28 0.01
   76 P   -1  0 -1  1 -4  1  4 -2 -1 -3 -3  2 -2 -4  4  0 -1 -3 -2 -3    0   0   0   0   0   0  52   0   0   0   0  25   0   0  23   0   0   0   0   0  0.61 0.01
   77 N   -1 -1  6  1 -2  0  0  0  0 -3 -3  0 -2 -3 -2  2  0 -4 -2 -3    0   0  75   0   0   0   0   0   0   0   0   0   0   0   0  25   0   0   0   0  0.59 0.02
   78 L   -1 -2 -3 -2 -3 -2 -2 -3 -3 -1  1 -1 -1 -2  7 -1 -1 -3 -3 -1    0   0   0   0   0   0   0   0   0   0  23   0   0   0  77   0   0   0   0   0  1.39 0.02
   79 A    1 -2 -1 -2 -1 -1 -1 -2 -2  1  0 -1  0 -2 -2  1  3 -3 -2  1   23   0   0   0   0   0   0   0   0  25   0   0   0   0   0   0  52   0   0   0  0.23 0.01
   80 I   -1 -3 -3 -3 -1 -3 -3 -4 -4  4  1 -3  1  0 -3 -2 -1 -3 -1  3    0   0   0   0   0   0   0   0   0  75   0   0   0   0   0   0   0   0   0  25  0.39 0.01
   81 L   -2 -3 -4 -4 -1 -3 -3 -4 -3  3  3 -3  2  0 -3 -3 -1 -2 -1  2    0   0   0   0   0   0   0   0   0  52  48   0   0   0   0   0   0   0   0   0  0.38 0.01
   82 S   -1  0  4  1 -2  0  0 -1  0 -3 -3  2 -2 -3 -2  2  0 -4 -2 -3    0   0  50   0   0   0   0   0   0   0   0  27   0   0   0  23   0   0   0   0  0.42 0.01
   83 A    1 -1  4  0 -2  0  0  0  0 -3 -3  0 -2 -3 -2  2  0 -3 -2 -2   23   0  52   0   0   0   0   0   0   0   0   0   0   0   0  25   0   0   0   0  0.40 0.01
   84 Q   -2 -1 -2 -2 -3  2 -1 -3  1 -2 -1 -1 -1  2 -3 -1 -2  2  7 -2    0   0   0   0   0  23   0   0   0   0   0   0   0   0   0   0   0   0  77   0  0.65 0.02
   85 K   -1  2  0 -1 -3  1  1 -2 -1 -3 -3  5 -2 -3 -1  0 -1 -3 -2 -3    0   0   0   0   0   0   0   0   0   0   0 100   0   0   0   0   0   0   0   0  0.56 0.02
   86 F   -2 -3 -4 -4 -2 -3 -3 -4 -3  1  4 -3  2  3 -3 -3 -2 -1  0  0    0   0   0   0   0   0   0   0   0   0  77   0   0  23   0   0   0   0   0   0  0.41 0.01
   87 M   -1 -2 -3 -4 -2 -1 -2 -3 -2  1  3 -2  6  0 -3 -2 -1 -2 -1  1    0   0   0   0   0   0   0   0   0   0  27   0  73   0   0   0   0   0   0   0  0.39 0.02
   88 A    4 -2 -2 -2 -1 -1 -1  0 -2 -2 -2 -1 -1 -2 -1  1  0 -3 -2  0  100   0   0   0   0   0   0   0   0   0   0   0   0   0   0   0   0   0   0   0  0.44 0.02
   89 K   -1  1  0  0 -3  3  3 -2  0 -3 -3  4 -1 -3 -1  0 -1 -3 -2 -3    0   0   0   0   0  25  25   0   0   0   0  50   0   0   0   0   0   0   0   0  0.48 0.01
   90 Y   -2 -2 -2 -3 -3 -2 -2 -3  2 -2 -1 -2 -1  3 -3 -2 -2  2  7 -1    0   0   0   0   0   0   0   0   0   0   0   0   0   0   0   0   0   0 100   0  0.95 0.02
   91 K   -1  3  3  0 -3  1  0 -1  0 -3 -3  4 -2 -3 -2  0 -1 -3 -2 -3    0  25  27   0   0   0   0   0   0   0   0  48   0   0   0   0   0   0   0   0  0.44 0.01
   92 S    1 -2  0 -1 -2 -1 -1  4 -2 -3 -3 -1 -2 -3 -2  3  0 -3 -3 -3    0   0   0   0   0   0   0  52   0   0   0   0   0   0   0  48   0   0   0   0  0.55 0.01
   93 K    0  1  0 -1 -2  0  0 -2 -1 -2 -2  3 -1 -3 -1  1  3 -3 -2 -1    0   0   0   0   0   0   0   0   0   0   0  48   0   0   0   0  52   0   0   0  0.34 0.01
   94 I   -2 -3 -4 -3 -1 -3 -4 -4 -4  5  2 -3  1  0 -3 -3 -1 -3 -2  3    0   0   0   0   0   0   0   0   0 100   0   0   0   0   0   0   0   0   0   0  0.43 0.02
   95 Y   -2 -1  4  0 -3 -1 -1 -2  1 -2 -2 -1 -2  1 -3  0 -1  0  5 -2    0   0  52   0   0   0   0   0   0   0   0   0   0   0   0   0   0   0  48   0  0.50 0.02
   96 Y   -2 -2 -3 -3 -2 -2 -3 -4  1  2  0 -2  0  2 -3 -2 -2  1  6  0    0   0   0   0   0   0   0   0   0  27   0   0   0   0   0   0   0   0  73   0  0.59 0.02
   97 L   -2 -3 -4 -4 -1 -3 -3 -4 -3  3  4 -3  2  0 -3 -3 -1 -2 -1  1    0   0   0   0   0   0   0   0   0  25  75   0   0   0   0   0   0   0   0   0  0.41 0.01
   98 F   -2 -1 -2 -2 -2  2 -1 -3 -1  0  2 -1  1  5 -3 -2 -2  0  2 -1    0   0   0   0   0  27   0   0   0   0  25   0   0  48   0   0   0   0   0   0  0.30 0.01
   99 T    0 -1  0 -1 -1 -1 -1 -2 -2 -1 -1 -1 -1 -2 -1  1  5 -3 -2  0    0   0   0   0   0   0   0   0   0   0   0   0   0   0   0   0 100   0   0   0  0.52 0.02
  100 D   -2 -2  1  6 -4  0  2 -2 -1 -3 -4 -1 -3 -4 -2  0 -1 -5 -3 -3    0   0   0 100   0   0   0   0   0   0   0   0   0   0   0   0   0   0   0   0  0.98 0.02
  101 I    2 -3 -2 -2 -1 -2 -2  2 -3  3  0 -2  0 -1 -2 -1 -1 -3 -2  1   27   0   0   0   0   0   0  25   0  48   0   0   0   0   0   0   0   0   0   0  0.19 0.01
  102 R   -2  6 -1 -2 -4  1  0 -3  0 -3 -2  2 -2 -3 -2 -1 -1 -3 -2 -3    0 100   0   0   0   0   0   0   0   0   0   0   0   0   0   0   0   0   0   0  0.80 0.02
  103 L   -2 -2 -4 -4 -1 -2 -3 -4 -3  2  4 -3  2  0 -3 -3 -1 -2 -1  1    0   0   0   0   0   0   0   0   0   0 100   0   0   0   0   0   0   0   0   0  0.49 0.01
  104 P    0 -2 -1 -1 -2 -1 -1  2 -2 -3 -3 -1 -2 -3  6  0  2 -3 -3 -2    0   0   0   0   0   0   0  25   0   0   0   0   0   0  50   0  25   0   0   0  0.90 0.01
  105 F   -2 -3 -3 -4 -3 -4 -4 -3 -1  0  0 -3  0  7 -4 -3 -2  1  3 -1    0   0   0   0   0   0   0   0   0   0   0   0   0 100   0   0   0   0   0   0  0.81 0.02
  106 S    0  0  3  0 -2  0  0 -1 -1 -1 -1  2  2 -2 -2  1  0 -3 -2 -1    0   0  25   0   0   0   0   0   0   0   0  27  25   0   0  23   0   0   0   0  0.19 0.01
  107 Q   -1  1  0  0 -3  6  2 -2  0 -3 -2  1 -1 -4 -2  0 -1 -2 -2 -2    0   0   0   0   0 100   0   0   0   0   0   0   0   0   0   0   0   0   0   0  0.72 0.02
  108 S    0 -2 -2 -3 -1 -2 -2 -3 -3  1  3 -2  1  0 -2  1  0 -2 -1  2    0   0   0   0   0   0   0   0   0   0  52   0   0   0   0  23   0   0   0  25  0.20 0.01
  109 W   -3 -3 -4 -4 -2 -2 -3 -3 -3 -1  1 -3  0  1 -4 -3 -2 11  2 -2    0   0   0   0   0   0   0   0   0   0  25   0   0   0   0   0   0  75   0   0  1.65 0.02
  110 P   -1 -2 -2 -2 -3 -1 -1 -2 -2 -3 -3 -1 -3 -4  8 -1 -1 -4 -3 -3    0   0   0   0   0   0   0   0   0   0   0   0   0   0 100   0   0   0   0   0  2.08 0.02
  111 N    3 -2  2 -1 -1 -1 -1 -1 -1  0 -1 -1 -1 -2 -2  0  0 -3 -2  1   52   0  23   0   0   0   0   0   0   0   0   0   0   0   0   0   0   0   0  25  0.19 0.01
  112 V   -1 -3 -3 -3 -1 -3 -3 -4 -3  4  1 -3  1 -1 -3 -2  0 -3 -1  4    0   0   0   0   0   0   0   0   0  52   0   0   0   0   0   0   0   0   0  48  0.37 0.01
  113 K    0  3  0  0 -3  1  3 -2 -1 -3 -3  2 -2 -3 -1  2  0 -3 -2 -2    0  25   0   0   0   0  27   0   0   0   0  23   0   0   0  25   0   0   0   0  0.37 0.01
  114 N   -1  3  3  0 -3  0  0  2 -1 -3 -3  2 -2 -3 -2  0 -1 -3 -2 -3    0  25  23   0   0   0   0  25   0   0   0  27   0   0   0   0   0   0   0   0  0.37 0.01
  115 R   -1  5  0 -2 -4  1  0 -2  0 -3 -2  3 -2 -3 -2 -1 -1 -3 -2 -3    0  75   0   0   0   0   0   0   0   0   0  25   0   0   0   0   0   0   0   0  0.66 0.01
  116 P    0  0 -1 -1 -3 -1 -1  4 -2 -3 -3  2 -2 -4  4  0 -1 -3 -3 -3    0   0   0   0   0   0   0  52   0   0   0  25   0   0  23   0   0   0   0   0  0.63 0.01
  117 W   -3 -3 -4 -4 -3 -3 -3 -3 -2 -2 -1 -3 -1  4 -4 -3 -3 11  2 -2    0   0   0   0   0   0   0   0   0   0   0   0   0  25   0   0   0  75   0   0  1.78 0.03
  118 A    2 -2  0 -1 -2 -1 -1  4 -2 -3 -3 -1 -2 -3 -2  2  0 -3 -3 -2   23   0   0   0   0   0   0  52   0   0   0   0   0   0   0  25   0   0   0   0  0.52 0.01
  119 Y    0 -1 -1 -1 -1 -1 -1 -1  1 -1 -1 -1 -1  2 -1  1  0  1  5 -1    2   1   1   1   1   1   2   2   1   1   2   2   1   1   1  27   2   0  49   2  0.29 0.01
  120 L    0  0 -1  0 -1  0  2 -1 -1  0  1  0  0 -1  0  0  0 -1 -1  0    4   3   2   3   1   2  29   4   1   3  28   3   1   2   3   4   3   1   2   3  0.08 0.00
  121 Y   -1 -1 -2 -2 -2 -1 -1 -2  1 -1 -1 -1 -1  3 -2 -1 -1  2  7 -1    2   1   1   1   0   1   2   2   1   1   2   1   1   1   1   2   1   0  76   2  0.57 0.01
  122 T    0  0  0  0 -2  1  2 -1 -1 -2 -2  2 -1 -3 -1  2  2 -3 -2 -2    0   0   0   0   0   0  25   0   0   0   0  25   0   0   0  27  23   0   0   0  0.30 0.01
  123 E   -1  1  0  3 -4  1  3 -2 -1 -3 -3  3 -2 -4 -1  0 -1 -3 -2 -3    0   0   0  25   0   0  23   0   0   0   0  52   0   0   0   0   0   0   0   0  0.46 0.01
  124 E   -1  0  0  2 -4  2  5 -2  0 -4 -3  1 -2 -4 -1  0 -1 -3 -2 -3    0   0   0   0   0   0 100   0   0   0   0   0   0   0   0   0   0   0   0   0  0.78 0.02
  125 E   -1 -1  0  4 -4  1  5 -2  0 -3 -3  0 -2 -4 -1  0 -1 -3 -3 -3    0   0   0  25   0   0  75   0   0   0   0   0   0   0   0   0   0   0   0   0  0.70 0.01
  126 L   -1 -3 -3 -4 -1 -2 -3 -4 -3  2  3 -3  1  0 -3 -2 -1 -2 -1  3    0   0   0   0   0   0   0   0   0   0  48   0   0   0   0   0   0   0   0  52  0.33 0.01
  127 L   -2 -3 -4 -4 -2 -3 -3 -3 -2 -1  1 -3  0  4 -4 -3 -2  9  2 -1    0   0   0   0   0   0   0   0   0   0  23   0   0  25   0   0   0  52   0   0  1.14 0.02
  128 I   -1 -3 -3 -3 -1 -3 -3 -4 -4  4  1 -3  1  0 -3 -2 -1 -3 -1  3    0   0   0   0   0   0   0   0   0  75   0   0   0   0   0   0   0   0   0  25  0.39 0.01
  129 K    0  0  3  0 -2  0  0 -1 -1 -2 -2  2 -2 -3 -1  2  2 -3 -2 -2    0   0  27   0   0   0   0   0   0   0   0  23   0   0   0  25  25   0   0   0  0.31 0.01
  130 S    2 -1  0 -1 -1  0  0  0 -1 -2 -2  0 -1 -3 -1  4  1 -3 -2 -1   27   0   0   0   0   0   0   0   0   0   0   0   0   0   0  73   0   0   0   0  0.40 0.01
  131 P   -1 -2 -1  3 -3 -1  0 -2 -2 -3 -3 -1 -3 -4  7 -1 -1 -4 -3 -3    0   0   0  25   0   0   0   0   0   0   0   0   0   0  75   0   0   0   0   0  1.48 0.02
  132 I   -1 -3 -3 -4 -2 -3 -3 -4 -3  3  1 -3  1  3 -3 -2 -1 -1  0  3    0   0   0   0   0   0   0   0   0  50   0   0   0  25   0   0   0   0   0  25  0.32 0.01
  133 K   -1  2  3  0 -3  1  1 -1  0 -3 -3  4 -2 -3 -1  0 -1 -3 -2 -3    0   0  25   0   0   0   0   0   0   0   0  75   0   0   0   0   0   0   0   0  0.46 0.01
  134 V   -1 -3 -3 -3 -1 -3 -3 -4 -3  3  1 -3  1 -1 -3 -2  0 -3 -1  4    0   0   0   0   0   0   0   0   0  25   0   0   0   0   0   0   0   0   0  75  0.37 0.01
  135 I   -2 -3 -4 -3 -1 -3 -4 -4 -4  5  2 -3  1  0 -3 -3 -1 -3 -2  3    0   0   0   0   0   0   0   0   0 100   0   0   0   0   0   0   0   0   0   0  0.43 0.02
  136 S    2 -1  0 -1 -1  0  0  0 -1 -2 -2  0 -1 -3 -1  4  1 -3 -2 -1   27   0   0   0   0   0   0   0   0   0   0   0   0   0   0  73   0   0   0   0  0.40 0.01
  137 Q   -1  1  0  0 -3  6  2 -2  0 -3 -2  1 -1 -4 -2  0 -1 -2 -2 -2    0   0   0   0   0 100   0   0   0   0   0   0   0   0   0   0   0   0   0   0  0.72 0.02
  138 G    0 -2  0 -1 -2 -1 -2  5 -2 -4 -4 -1 -3 -3 -2  2 -1 -3 -3 -3    0   0   0   0   0   0   0  73   0   0   0   0   0   0   0  27   0   0   0   0  0.73 0.01
  139 I   -1  3 -1 -2 -3  0 -1 -3  0  1 -1  2 -1  0 -2 -1 -1 -1  3  0    0  25   0   0   0   0   0   0   0  23   0  27   0   0   0   0   0   0  25   0  0.21 0.01
  140 N   -2 -1  6  3 -3  0  0 -1  0 -4 -4  0 -3 -3 -2  0  0 -4 -3 -3    0   0  75  25   0   0   0   0   0   0   0   0   0   0   0   0   0   0   0   0  0.69 0.02
  141 L   -2 -2 -4 -4 -1 -2 -3 -4 -3  2  4 -3  2  0 -3 -3 -1 -2 -1  1    0   0   0   0   0   0   0   0   0   0 100   0   0   0   0   0   0   0   0   0  0.49 0.01
  142 D   -1 -1  1  5 -4  1  4 -2 -1 -3 -4  0 -3 -4 -1  0 -1 -4 -3 -3    0   0   0  50   0   0  50   0   0   0   0   0   0   0   0   0   0   0   0   0  0.71 0.01
  143 I   -1 -2 -1 -1 -2  0  2 -3 -2  3  0 -1  0 -1 -2  0  2 -3 -2  1    0   0   0   0   0   0  27   0   0  48   0   0   0   0   0   0  25   0   0   0  0.16 0.01
  144 A    3 -2 -2 -3 -1 -2 -2 -1 -3  2  0 -2  0 -1 -2  0  0 -3 -2  2   48   0   0   0   0   0   0   0   0  25   0   0   0   0   0   0   0   0   0  27  0.20 0.01
  145 K   -1  4  0 -1 -3  1  1 -2 -1 -3 -3  5 -2 -3 -1  0 -1 -3 -2 -3    0  25   0   0   0   0   0   0   0   0   0  75   0   0   0   0   0   0   0   0  0.54 0.01
  146 A    1  1  0 -1 -2  0  0 -1 -1 -2 -2  3 -1 -3 -1  1  2 -3 -2 -1   23   0   0   0   0   0   0   0   0   0   0  50   0   0   0   0  27   0   0   0  0.27 0.01
  147 A    3 -1 -1 -2 -1  2  0 -1 -1  0 -1  0  0 -2 -1  0  0 -3 -2  1   48   0   0   0   0  27   0   0   0   0   0   0   0   0   0   0   0   0   0  25  0.20 0.01
  148 H   -2 -1  0 -2 -3  0 -1 -3  7 -3 -2 -1 -2  1 -3 -1 -2  0  4 -3    0   0   0   0   0   0   0   0  73   0   0   0   0   0   0   0   0   0  27   0  0.76 0.02
  149 K    0  2  0 -1 -3  1  1 -1 -1 -3 -3  4 -2 -3 -1  2  0 -3 -2 -2    0   0   0   0   0   0   0   0   0   0   0  75   0   0   0  25   0   0   0   0  0.42 0.01
  150 K   -1  2  0  0 -4  1  3 -2 -1 -3 -3  4 -2 -3 -1  0 -1 -3 -2 -3    0   0   0   0   0   0  27   0   0   0   0  73   0   0   0   0   0   0   0   0  0.50 0.01
  151 V    0 -2 -2 -3 -1 -2 -2 -3 -3  3  1 -2  1 -1 -2 -1  2 -3 -1  3    0   0   0   0   0   0   0   0   0  27   0   0   0   0   0   0  25   0   0  48  0.26 0.01
  152 D   -1 -2  0  3 -3  0  2  2 -1 -2 -2 -1 -2  3 -2 -1 -2 -2  0 -2    0   0   0  23   0   0  25  25   0   0   0   0   0  27   0   0   0   0   0   0  0.28 0.01
  153 N    1  0  4  0 -2  0  0 -1  0 -3 -3  2 -2 -3 -2  1  0 -3 -2 -2   25   0  50   0   0   0   0   0   0   0   0  25   0   0   0   0   0   0   0   0  0.35 0.01
  154 V   -1 -1  0  5 -3  0  3 -2 -1 -1 -2 -1 -2 -3 -2 -1 -1 -4 -2  0    0   0   0  52   0   0  25   0   0   0   0   0   0   0   0   0   0   0   0  23  0.43 0.01
  155 I   -2 -3 -3 -4 -2 -3 -4 -4 -3  4  1 -3  1  3 -3 -3 -1 -1  0  2    0   0   0   0   0   0   0   0   0  75   0   0   0  25   0   0   0   0   0   0  0.36 0.01
  156 E    0  0  0  1 -3  2  5 -2  0 -3 -3  1 -2 -3 -1  2  0 -3 -2 -2    0   0   0   0   0   0  75   0   0   0   0   0   0   0   0  25   0   0   0   0  0.57 0.01
  157 F   -2 -2 -3 -4 -3 -2 -3 -3  1 -1  0 -3 -1  5 -4 -2 -2  2  6 -1    0   0   0   0   0   0   0   0   0   0   0   0   0  50   0   0   0   0  50   0  0.73 0.02
  158 E   -1 -1  0  3 -2  0  2 -2 -1  0 -1 -1 -1 -2 -2  0  2 -3 -2  1    0   0   0  25   0   0  23   0   0   0   0   0   0   0   0   0  27   0   0  25  0.24 0.01
  159 Y   -2 -1 -1 -3 -3 -1 -2 -3  5 -2 -2 -2 -1  2 -3 -2 -2  1  7 -2    0   0   0   0   0   0   0   0  27   0   0   0   0   0   0   0   0   0  73   0  0.75 0.02
  160 F   -2 -3 -3 -4 -3 -4 -4 -3 -1  0  0 -3  0  7 -4 -3 -2  1  3 -1    0   0   0   0   0   0   0   0   0   0   0   0   0 100   0   0   0   0   0   0  0.81 0.02
  161 P   -1 -2 -2 -2 -3 -1 -1 -2 -2 -3 -3 -1 -3 -4  8 -1 -1 -4 -3 -3    0   0   0   0   0   0   0   0   0   0   0   0   0   0 100   0   0   0   0   0  2.08 0.02
  162 I   -1 -3 -3 -4 -1 -3 -3 -4 -3  4  2 -3  1  0 -3 -2 -1 -3 -1  3    0   0   0   0   0   0   0   0   0  50  25   0   0   0   0   0   0   0   0  25  0.35 0.01
  163 E   -1 -1  0  4 -4  1  5 -2  0 -3 -3  0 -2 -4 -1  0 -1 -3 -3 -3    0   0   0  25   0   0  75   0   0   0   0   0   0   0   0   0   0   0   0   0  0.70 0.01
  164 Q   -1  5  0 -1 -4  3  0 -2  0 -3 -2  2 -1 -3 -2 -1 -1 -3 -2 -3    0  77   0   0   0  23   0   0   0   0   0   0   0   0   0   0   0   0   0   0  0.66 0.02
  165 Y   -2 -2 -2 -3 -3 -2 -2 -3  2 -2 -1 -2 -1  3 -3 -2 -2  2  7 -1    0   0   0   0   0   0   0   0   0   0   0   0   0   0   0   0   0   0 100   0  0.95 0.02
  166 K    1  1 -1 -2 -2  0  0 -1 -1 -2 -1  3 -1  3 -2  0 -1 -1  0 -1   27   0   0   0   0   0   0   0   0   0   0  48   0  25   0   0   0   0   0   0  0.19 0.01
  167 I    1 -3 -3 -3 -1 -2 -3 -2 -3  4  1 -2  1 -1 -2 -1 -1 -3 -2  2   27   0   0   0   0   0   0   0   0  73   0   0   0   0   0   0   0   0   0   0  0.24 0.01
  168 H   -2 -1 -1 -2 -3 -1 -1 -3  6 -1  1 -2  0  1 -3 -2 -2  0  4 -1    0   0   0   0   0   0   0   0  48   0  27   0   0   0   0   0   0   0  25   0  0.43 0.01
  169 M    2 -1 -1 -2 -1 -1 -1 -1 -2  0  1 -1  4 -1 -2  2  0 -2 -2  0   25   0   0   0   0   0   0   0   0   0   0   0  50   0   0  25   0   0   0   0  0.19 0.01
  170 N   -1  1  4  1 -3  3  1 -1  0 -3 -3  2 -2 -3 -2  0  0 -3 -2 -3    0   0  50   0   0  25   0   0   0   0   0  25   0   0   0   0   0   0   0   0  0.46 0.01
  171 D   -1  0  1  4 -2  0  1 -1 -1 -2 -2  2 -2 -2 -1  0 -1 -2 -2 -2    2   1   1  49   1   1   2   2   1   1   2  27   1   1   1   2   2   0   1   2  0.36 0.01
  172 F   -1 -2 -2 -2 -2 -2 -2 -2 -1  0  2 -2  1  5 -2 -2 -1  0  2  0    2   1   1   1   1   1   2   2   1   1  28   2   1  49   1   2   2   0   1   2  0.25 0.01
  173 Q   -1  1 -1 -1 -3  3  1 -2 -1 -3 -3  3 -2 -4  4  0 -1 -3 -2 -3    0   0   0   0   0  23   0   0   0   0   0  50   0   0  27   0   0   0   0   0  0.60 0.01
  174 L   -1 -3 -3 -3 -2 -2 -3 -4 -3  3  2 -2  1 -1  4 -2 -1 -3 -2  2    0   0   0   0   0   0   0   0   0  52  23   0   0   0  25   0   0   0   0   0  0.43 0.01
  175 S    2 -1  0  3 -1  0  0  0 -1 -2 -3 -1 -2 -3 -1  3  1 -3 -2 -2   25   0   0  27   0   0   0   0   0   0   0   0   0   0   0  48   0   0   0   0  0.35 0.01
  176 K   -1  0  3  0 -3  1  2  2  0 -3 -3  2 -2 -3 -2  0 -1 -3 -2 -3    0   0  25   0   0   0  27  25   0   0   0  23   0   0   0   0   0   0   0   0  0.37 0.01
  177 P   -1  3 -1 -2 -2  3  0 -3 -1  0 -1  1 -1 -3  4 -1 -1 -3 -2  1    0  25   0   0   0  25   0   0   0   0   0   0   0   0  23   0   0   0   0  27  0.36 0.01
  178 T    0 -1  0 -1 -1 -1 -1 -2 -2 -1 -1 -1 -1 -2 -1  1  5 -3 -2  0    0   0   0   0   0   0   0   0   0   0   0   0   0   0   0   0 100   0   0   0  0.52 0.02
  179 K   -1  0 -1  0 -3  1  4 -3 -1  1 -1  2 -1 -2 -2 -1 -1 -3 -2  0    0   0   0   0   0   0  52   0   0  25   0  23   0   0   0   0   0   0   0   0  0.29 0.01
  180 K   -1  2  0 -1 -3  1  1 -2 -1 -3 -3  5 -2 -3 -1  0 -1 -3 -2 -3    0   0   0   0   0   0   0   0   0   0   0 100   0   0   0   0   0   0   0   0  0.56 0.02
  181 T    0  0  0  0 -2  1  2 -2 -1 -2 -2  2 -1 -3 -1  1  3 -3 -2 -1    0   0   0   0   0   0  27   0   0   0   0  25   0   0   0   0  48   0   0   0  0.32 0.01
  182 L   -1 -1 -1 -2 -2 -1 -1 -2  5 -1  1 -1  0  1 -2  1 -1  0  4 -1    0   0   0   0   0   0   0   0  27   0  23   0   0   0   0  25   0   0  25   0  0.24 0.01
  183 D   -2 -2  1  6 -4  0  2 -2 -1 -3 -4 -1 -3 -4 -2  0 -1 -5 -3 -3    0   0   0 100   0   0   0   0   0   0   0   0   0   0   0   0   0   0   0   0  0.98 0.02
  184 V   -1 -3 -3 -4 -1 -2 -3 -4 -3  2  3 -3  2  0 -3 -2 -1 -2 -1  3    0   0   0   0   0   0   0   0   0   0  52   0   0   0   0   0   0   0   0  48  0.34 0.01
  185 I   -1 -3 -3 -3 -1 -3 -3 -4 -3  4  1 -3  1 -1 -3 -2  0 -3 -1  4    0   0   0   0   0   0   0   0   0  48   0   0   0   0   0   0   0   0   0  52  0.37 0.01
  186 Y   -2 -2 -2 -3 -3 -2 -2 -3  2 -2 -1 -2 -1  3 -3 -2 -2  2  7 -1    0   0   0   0   0   0   0   0   0   0   0   0   0   0   0   0   0   0 100   0  0.95 0.02
  187 G    0 -3 -1 -2  5 -2 -3  4 -1 -2 -2 -2 -2  0 -3 -1 -2  0  3 -2    0   0   0   0  25   0   0  48   0   0   0   0   0   0   0   0   0   0  27   0  0.52 0.01
  188 G    0 -3 -1 -1 -3 -2 -2  6 -2 -4 -4 -2 -3 -3 -2  0 -2 -3 -3 -3    0   0   0   0   0   0   0 100   0   0   0   0   0   0   0   0   0   0   0   0  1.08 0.02
  189 S    2 -1  0 -1 -1  0  0  0 -1 -2 -2  0 -2 -3 -1  4  1 -3 -2 -1   25   0   0   0   0   0   0   0   0   0   0   0   0   0   0  75   0   0   0   0  0.40 0.01
  190 F   -2 -3 -3 -4 -3 -4 -4 -3 -1  0  0 -3  0  7 -4 -3 -2  1  3 -1    0   0   0   0   0   0   0   0   0   0   0   0   0 100   0   0   0   0   0   0  0.81 0.02
  191 R   -2  6 -1 -2 -4  1  0 -3  0 -3 -2  2 -2 -3 -2 -1 -1 -3 -2 -3    0 100   0   0   0   0   0   0   0   0   0   0   0   0   0   0   0   0   0   0  0.80 0.02
  192 S    0 -2  0 -1 -2 -1 -2  5 -2 -4 -4 -1 -3 -3 -2  1 -1 -3 -3 -3    0   0   0   0   0   0   0  77   0   0   0   0   0   0   0  23   0   0   0   0  0.77 0.01
  193 G    0 -3 -1 -1 -3 -2 -2  6 -2 -4 -4 -2 -3 -3 -2  0 -2 -3 -3 -3    0   0   0   0   0   0   0 100   0   0   0   0   0   0   0   0   0   0   0   0  1.08 0.02
  194 Q    1  0  3  0 -2  4  1 -1  0 -3 -2  0 -1 -3 -1  0  0 -3 -2 -2   25   0  27   0   0  48   0   0   0   0   0   0   0   0   0   0   0   0   0   0  0.37 0.01
  195 R   -2  6 -1 -2 -4  1  0 -3  0 -3 -2  2 -2 -3 -2 -1 -1 -3 -2 -3    0 100   0   0   0   0   0   0   0   0   0   0   0   0   0   0   0   0   0   0  0.80 0.02
  196 E    2 -1 -1  1 -3  1  5 -1 -1 -3 -3  0 -2 -3 -1  0 -1 -3 -2 -2   27   0   0   0   0   0  73   0   0   0   0   0   0   0   0   0   0   0   0   0  0.50 0.01
  197 S    2 -1  0  0 -1  0  2 -1 -1 -2 -2  0 -2 -3 -1  3  1 -3 -2 -1   27   0   0   0   0   0  25   0   0   0   0   0   0   0   0  48   0   0   0   0  0.33 0.01
  198 K   -1  2  0 -1 -3  1  1 -2 -1 -3 -3  5 -2 -3 -1  0 -1 -3 -2 -3    0   0   0   0   0   0   0   0   0   0   0 100   0   0   0   0   0   0   0   0  0.56 0.02
  199 M   -1 -2 -3 -3 -2 -1 -3 -3 -2  2  2 -2  6  0 -3 -2 -1 -2 -1  1    0   0   0   0   0   0   0   0   0  25   0   0  75   0   0   0   0   0   0   0  0.35 0.02
  200 V    2 -2 -3 -3 -1 -2 -2 -2 -3  2  0 -2  0 -1 -2 -1  0 -3 -2  4   27   0   0   0   0   0   0   0   0   0   0   0   0   0   0   0   0   0   0  73  0.25 0.01
  201 E   -1  0  3  1 -4  2  5 -2  0 -4 -3  1 -2 -3 -1  0 -1 -3 -2 -3    0   0  25   0   0   0  75   0   0   0   0   0   0   0   0   0   0   0   0   0  0.61 0.01
  202 F   -2 -3 -3 -4 -3 -4 -4 -3 -1  0  0 -3  0  7 -4 -3 -2  1  3 -1    0   0   0   0   0   0   0   0   0   0   0   0   0 100   0   0   0   0   0   0  0.81 0.02
  203 L   -2 -2 -4 -4 -1 -2 -3 -4 -3  2  4 -3  2  0 -3 -3 -1 -2 -1  1    0   0   0   0   0   0   0   0   0   0 100   0   0   0   0   0   0   0   0   0  0.49 0.01
  204 F   -2 -3 -3 -4  5 -3 -4 -3 -2 -1  0 -3  0  6 -4 -2 -2  0  2 -1    0   0   0   0  27   0   0   0   0   0   0   0   0  73   0   0   0   0   0   0  0.64 0.02
  205 D   -1 -2  1  5 -3 -1  1  3 -2 -4 -4 -1 -3 -4 -2  0 -1 -4 -3 -3    0   0   0  73   0   0   0  27   0   0   0   0   0   0   0   0   0   0   0   0  0.72 0.01
  206 T   -1  0  3  0 -2  3  0 -1  0 -2 -2  0 -1 -3 -2  1  3 -3 -2 -1    0   0  27   0   0  25   0   0   0   0   0   0   0   0   0   0  48   0   0   0  0.35 0.01
  207 G   -1  0  3  0 -3  0 -1  4 -1 -4 -3  2 -2 -3 -2  0 -1 -3 -3 -3    0   0  25   0   0   0   0  48   0   0   0  27   0   0   0   0   0   0   0   0  0.48 0.01
  208 L   -2 -3 -4 -4 -2 -3 -3 -4 -3  1  4 -3  2  3 -3 -3 -2 -1  1  0    0   0   0   0   0   0   0   0   0   0  75   0   0  25   0   0   0   0   0   0  0.41 0.01
  209 N   -2 -1  5  5 -3  0  1 -1  0 -3 -4 -1 -3 -4 -2  0 -1 -4 -3 -3    0   0  48  52   0   0   0   0   0   0   0   0   0   0   0   0   0   0   0   0  0.70 0.01
  210 I   -1 -3 -3 -3 -1 -3 -3 -4 -3  4  1 -3  1 -1 -3 -2  0 -3 -1  4    0   0   0   0   0   0   0   0   0  48   0   0   0   0   0   0   0   0   0  52  0.37 0.01
  211 E   -1  1  0  0 -4  1  4 -2  5 -3 -3  2 -2 -3 -1  0 -1 -3 -1 -3    0   0   0   0   0   0  48   0  27   0   0  25   0   0   0   0   0   0   0   0  0.48 0.01
  212 F   -1 -3 -3 -4 -2 -2 -3 -3 -2  1  1 -3  3  5 -3 -2 -1  0  2  2    0   0   0   0   0   0   0   0   0   0   0   0  25  48   0   0   0   0   0  27  0.34 0.01
  213 F   -2 -3 -3 -4 -3 -3 -3 -3  0 -1  0 -3  0  6 -4 -2 -2  1  5 -1    0   0   0   0   0   0   0   0   0   0   0   0   0  75   0   0   0   0  25   0  0.73 0.02
  214 G    0 -3 -1 -1 -3 -2 -2  6 -2 -4 -4 -2 -3 -3 -2  0 -2 -3 -3 -3    0   0   0   0   0   0   0 100   0   0   0   0   0   0   0   0   0   0   0   0  1.08 0.02
  215 N   -1 -1  4  0 -2  0 -1 -1  0 -2 -2 -1 -1 -3 -2  1  4 -3 -2 -1    0   0  48   0   0   0   0   0   0   0   0   0   0   0   0   0  52   0   0   0  0.44 0.01
  216 A    3 -2 -3 -3 -1 -2 -2 -1 -3  3  0 -2  0 -1 -2  0  0 -3 -2  2   48   0   0   0   0   0   0   0   0  52   0   0   0   0   0   0   0   0   0   0  0.20 0.01
  217 R   -1  5  0 -1 -4  1  0 -2 -1 -3 -3  4 -2 -3 -2 -1 -1 -3 -2 -3    0  50   0   0   0   0   0   0   0   0   0  50   0   0   0   0   0   0   0   0  0.58 0.01
  218 E    1  0 -1  1 -3  1  5 -2 -1 -3 -3  0 -2 -3 -1  0 -1 -3 -2 -2   25   0   0   0   0   0  75   0   0   0   0   0   0   0   0   0   0   0   0   0  0.52 0.01
  219 K    0  2  0 -1 -3  1  1 -1 -1 -3 -3  4 -2 -3 -1  2  0 -3 -2 -2    0   0   0   0   0   0   0   0   0   0   0  75   0   0   0  25   0   0   0   0  0.42 0.01
  220 Q   -1  1  0  0 -3  6  2 -2  0 -3 -2  1 -1 -4 -2  0 -1 -2 -2 -2    0   0   0   0   0 100   0   0   0   0   0   0   0   0   0   0   0   0   0   0  0.72 0.02
  221 F   -2 -3 -3 -4 -2 -3 -3 -4 -2  0  2 -3  1  6 -4 -3 -2  0  2  0    0   0   0   0   0   0   0   0   0   0  27   0   0  73   0   0   0   0   0   0  0.57 0.01
  222 K   -1  2  0 -1 -3  1  1 -2 -1 -3 -3  5 -2 -3 -1  0 -1 -3 -2 -3    0   0   0   0   0   0   0   0   0   0   0 100   0   0   0   0   0   0   0   0  0.56 0.02
  223 N   -1 -1  5  1 -2  0  0  0  0 -3 -3  0 -2 -3 -2  2  0 -4 -2 -3    0   0  73   0   0   0   0   0   0   0   0   0   0   0   0  27   0   0   0   0  0.58 0.01
  224 P    0  0 -1 -1 -2  0  0 -2 -2 -3 -3  2 -2 -3  6  2  0 -4 -2 -2    0   0   0   0   0   0   0   0   0   0   0  25   0   0  48  27   0   0   0   0  0.85 0.01
  225 K   -1  2  0  3 -3  1  1 -2 -1 -3 -3  4 -2 -4 -1  0 -1 -4 -2 -3    0   0   0  27   0   0   0   0   0   0   0  73   0   0   0   0   0   0   0   0  0.47 0.01
  226 Y   -1 -3 -2 -3 -3 -3 -3  2  0 -1 -1 -3 -1  5 -3 -2 -2  1  4 -2    0   0   0   0   0   0   0  27   0   0   0   0   0  50   0   0   0   0  23   0  0.48 0.01
  227 P   -1 -2 -2 -2 -3 -1 -1 -2 -2 -3 -3 -1 -3 -4  8 -1 -1 -4 -3 -3    0   0   0   0   0   0   0   0   0   0   0   0   0   0 100   0   0   0   0   0  2.08 0.02
  228 W   -3 -3 -4 -4 -3 -3 -3 -3 -2 -2 -1 -3 -1  4 -4 -3 -3 11  2 -2    0   0   0   0   0   0   0   0   0   0   0   0   0  27   0   0   0  73   0   0  1.74 0.02
  229 T    0 -1  3  0 -1  0  0 -1 -1 -1 -1  0 -1 -2 -1  1  3 -2 -1 -1    2   1  27   1   1   1   2   2   1   1   2   2   1   1   1   2  49   0   1   2  0.25 0.01
  230 K    0  0 -1  0 -2  1  2 -2 -1  0 -1  2 -1 -2 -1  0  0 -2 -1  1    2   1   1   1   1   1  26   2   1   1   2  25   1   1   1   2   2   0   1  27  0.12 0.00
  231 A    3 -1  0 -1 -1  0  0  0  4 -1 -1 -1 -1 -1 -1  0  0 -2  0 -1   51   1   1   1   1   1   2   2  25   1   2   2   1   1   1   2   2   0   1   2  0.20 0.01
  232 P   -1 -2 -2 -2 -3 -1 -1 -2 -2 -3 -3 -1 -3 -4  8 -1 -1 -4 -3 -3    0   0   0   0   0   0   0   0   0   0   0   0   0   0 100   0   0   0   0   0  2.08 0.02
  233 V    0  2  0 -1 -1  0 -1 -1 -1  0 -1  0 -1 -2 -2  3  1 -3 -2  1    0  25   0   0   0   0   0   0   0   0   0   0   0   0   0  52   0   0   0  23  0.21 0.01
  234 F   -2 -3 -3 -4 -3 -4 -4 -3 -1  0  0 -3  0  7 -4 -3 -2  1  3 -1    0   0   0   0   0   0   0   0   0   0   0   0   0 100   0   0   0   0   0   0  0.81 0.02
  235 T    0 -1  0 -1 -1 -1 -1  3 -2 -2 -2 -1 -1 -3 -1  2  3 -3 -2 -1    0   0   0   0   0   0   0  27   0   0   0   0   0   0   0  25  48   0   0   0  0.37 0.01
  236 G    0  0  0 -1 -3  3  0  4 -1 -3 -3  2 -2 -3 -2  0 -1 -3 -2 -3    0   0   0   0   0  25   0  48   0   0   0  27   0   0   0   0   0   0   0   0  0.47 0.01
  237 K   -1  2  0 -1 -3  1  1 -2 -1 -3 -3  5 -2 -3 -1  0 -1 -3 -2 -3    0   0   0   0   0   0   0   0   0   0   0 100   0   0   0   0   0   0   0   0  0.56 0.02
  238 I   -1 -2 -3 -3 -1 -2 -3 -3 -3  3  2 -2  4  0 -3 -2 -1 -2 -1  3    0   0   0   0   0   0   0   0   0  32   0   0  35   0   0   0   0   0   0  33  0.29 0.01
  239 P   -1  0 -1 -1 -3  0  0 -2 -2 -3 -3  2 -2 -4  7 -1 -1 -4 -3 -3    0   0   0   0   0   0   0   0   0   0   0  35   0   0  65   0   0   0   0   0  1.21 0.01
  240 M   -1 -2 -2 -3 -2 -1 -2 -3 -2  1  2 -2  6  0 -3 -2 -1 -2 -1  1    0   0   0   0   0   0   0   0   0   0   0   0 100   0   0   0   0   0   0   0  0.39 0.02
  241 N    0 -1  5  1 -2  0  0  0  0 -3 -3  0 -2 -3 -2  2  0 -4 -2 -3    0   0  67   0   0   0   0   0   0   0   0   0   0   0   0  33   0   0   0   0  0.53 0.01
  242 M   -1 -1  0  4 -3  1  3 -2 -1 -1  0  0  3 -2 -2 -1 -1 -3 -2 -1    0   0   0  33   0   0  35   0   0   0   0   0  32   0   0   0   0   0   0   0  0.33 0.01
  243 V   -1 -3 -3 -3 -1 -3 -3 -4 -3  3  1 -3  1 -1 -3 -2  0 -3 -1  4    0   0   0   0   0   0   0   0   0  35   0   0   0   0   0   0   0   0   0  65  0.35 0.01
  244 S    0  3  0 -1 -2  3  1 -1  0 -3 -2  1 -1 -3 -2  2  0 -3 -2 -2    0  35   0   0   0  33   0   0   0   0   0   0   0   0   0  32   0   0   0   0  0.40 0.01
  245 E    2  0 -1  0 -2  4  3 -1  0 -3 -2  1 -1 -3 -1  0 -1 -3 -2 -2   33   0   0   0   0  35  32   0   0   0   0   0   0   0   0   0   0   0   0   0  0.38 0.00
  246 K   -1  2  0  0 -4  2  3 -2 -1 -3 -3  4 -2 -3 -1  0 -1 -3 -2 -3    0   0   0   0   0   0  35   0   0   0   0  65   0   0   0   0   0   0   0   0  0.49 0.01
  247 N   -1 -1  5  0 -2 -1 -1 -1  0  0 -1 -1 -1 -2 -2  0  0 -4 -2  1    0   0  65   0   0   0   0   0   0   0   0   0   0   0   0   0   0   0   0  35  0.32 0.01
  248 S    0 -1  1  3 -2  0  1 -1 -1 -3 -3  0 -2 -3 -1  3  1 -3 -2 -2    0   0   0  33   0   0   0   0   0   0   0   0   0   0   0  67   0   0   0   0  0.44 0.01
  249 Q    0  1  0  0 -2  3  1 -1  0 -3 -3  3 -1 -3 -1  2  0 -3 -2 -2    0   0   0   0   0  32   0   0   0   0   0  35   0   0   0  33   0   0   0   0  0.37 0.01
  250 A    2 -2  0 -1 -1 -1 -1  3 -2 -3 -3 -1 -2 -3 -1  2  0 -3 -2 -2   32   0   0   0   0   0   0  33   0   0   0   0   0   0   0  35   0   0   0   0  0.39 0.00
  251 I   -2 -3 -3 -4 -2 -3 -3 -4 -2  2  2 -3  1  4 -3 -3 -1 -1  1  1    0   0   0   0   0   0   0   0   0  32  33   0   0  35   0   0   0   0   0   0  0.34 0.00
  252 A    2 -1  0 -1 -1 -1 -1 -1 -1 -2 -2 -1 -1 -2 -1  3  3 -3 -2 -1   32   0   0   0   0   0   0   0   0   0   0   0   0   0   0  35  33   0   0   0  0.32 0.00
  253 A    2 -1 -1 -1 -1 -1 -1 -1 -2 -1 -1 -1 -1 -2 -1  1  4 -3 -2  0   32   0   0   0   0   0   0   0   0   0   0   0   0   0   0   0  68   0   0   0  0.35 0.01
  254 L   -2 -2 -4 -4 -1 -2 -3 -4 -3  2  4 -3  2  0 -3 -3 -1 -2 -1  1    0   0   0   0   0   0   0   0   0   0 100   0   0   0   0   0   0   0   0   0  0.47 0.01
  255 I   -1 -3 -3 -3 -1 -3 -3 -4 -3  4  1 -3  1  0 -3 -2 -1 -3 -1  3    0   0   0   0   0   0   0   0   0  67   0   0   0   0   0   0   0   0   0  33  0.37 0.01
  256 I   -1 -3 -4 -3 -1 -3 -3 -4 -4  4  2 -3  1  0 -3 -3 -1 -3 -1  3    0   0   0   0   0   0   0   0   0 100   0   0   0   0   0   0   0   0   0   0  0.41 0.01
  257 G    0 -3  0 -1 -3 -2 -2  6 -2 -4 -4 -2 -3 -3 -2  0 -2 -3 -3 -3    0   0   0   0   0   0   0 100   0   0   0   0   0   0   0   0   0   0   0   0  1.06 0.01
  258 D   -2 -1  1  5 -4  1  3 -2 -1 -3 -4  0 -3 -4 -1  0 -1 -4 -3 -3    0   0   0  65   0   0  35   0   0   0   0   0   0   0   0   0   0   0   0   0  0.74 0.01
  259 K   -1  2  0 -1 -3  1  1 -2 -1 -3 -3  5 -2 -3 -1  0 -1 -3 -2 -2    0   0   0   0   0   0   0   0   0   0   0 100   0   0   0   0   0   0   0   0  0.54 0.01
  260 N   -2 -2  3 -1 -2 -2 -2 -2 -1  0  2 -2  0  4 -3 -1 -1 -1  1 -1    0   0  32   0   0   0   0   0   0   0  33   0   0  35   0   0   0   0   0   0  0.23 0.00
  261 Y   -2 -2 -2 -3 -3 -2 -2 -3  2 -2 -1 -2 -1  3 -3 -2 -2  2  7 -1    0   0   0   0   0   0   0   0   0   0   0   0   0   0   0   0   0   0 100   0  0.90 0.01
  262 N   -2 -1  6  1 -3  0  0 -1  1 -4 -4  0 -2 -3 -2  1  0 -4 -2 -3    0   0 100   0   0   0   0   0   0   0   0   0   0   0   0   0   0   0   0   0  0.76 0.01
  263 D   -2 -1  4  5 -3  0  1 -1  0 -3 -4 -1 -3 -4 -2  0 -1 -4 -3 -3    0   0  35  65   0   0   0   0   0   0   0   0   0   0   0   0   0   0   0   0  0.73 0.01
  264 N    2 -1  5  1 -2  0 -1  0  0 -3 -3  0 -2 -3 -2  1  0 -4 -2 -2   35   0  65   0   0   0   0   0   0   0   0   0   0   0   0   0   0   0   0   0  0.43 0.01
  265 F   -2 -2 -3 -4 -2 -2 -3 -3 -1  0  1 -3  4  5 -3 -2 -2  0  2  0    0   0   0   0   0   0   0   0   0   0   0   0  35  65   0   0   0   0   0   0  0.47 0.01
  266 I   -2 -3 -4 -4 -1 -3 -3 -4 -3  4  3 -3  2  0 -3 -3 -1 -2 -1  2    0   0   0   0   0   0   0   0   0  65  35   0   0   0   0   0   0   0   0   0  0.37 0.01
  267 T    0 -1  0 -1 -1 -1 -1 -2 -2 -1 -1 -1 -1 -2 -1  1  5 -3 -2  0    0   0   0   0   0   0   0   0   0   0   0   0   0   0   0   0 100   0   0   0  0.50 0.01
  268 L   -1 -2 -3 -4 -1 -2 -3 -4 -3  2  3 -3  2  0 -3 -2 -1 -2 -1  2    0   0   0   0   0   0   0   0   0   0  65   0   0   0   0   0   0   0   0  35  0.35 0.00
  269 R   -2  6 -1 -2 -4  1  0 -3  0 -3 -2  2 -2 -3 -2 -1 -1 -3 -2 -3    0 100   0   0   0   0   0   0   0   0   0   0   0   0   0   0   0   0   0   0  0.78 0.01
  270 V    0 -3 -3 -3 -1 -2 -3 -3 -3  3  1 -2  1 -1 -3 -2  0 -3 -1  4    0   0   0   0   0   0   0   0   0   0   0   0   0   0   0   0   0   0   0 100  0.37 0.01
  271 W   -3 -3 -4 -5 -3 -2 -3 -3 -3 -3 -2 -3 -2  1 -4 -3 -3 11  2 -3    0   0   0   0   0   0   0   0   0   0   0   0   0   0   0   0   0 100   0   0  2.39 0.02
  272 E   -1  0  0  2 -4  2  5 -2  0 -4 -3  1 -2 -4 -1  0 -1 -3 -2 -3    0   0   0   0   0   0 100   0   0   0   0   0   0   0   0   0   0   0   0   0  0.76 0.01
  273 T    0 -1  0 -1 -1 -1 -1 -2 -2 -1 -1 -1 -1 -2 -1  1  5 -3 -2  0    0   0   0   0   0   0   0   0   0   0   0   0   0   0   0   0 100   0   0   0  0.50 0.01
  274 M   -1 -2 -3 -4 -2 -1 -3 -3 -2  1  3 -2  6  0 -3 -2 -1 -2 -1  1    0   0   0   0   0   0   0   0   0   0  29   0  71   0   0   0   0   0   0   0  0.41 0.03
  275 A    3 -1  0 -1 -1 -1 -1  0 -1 -2 -2 -1 -1 -3 -1  3  1 -3 -2 -1   45   0   0   0   0   0   0   0   0   0   0   0   0   0   0  55   0   0   0   0  0.38 0.02
  276 S    1 -1  1  0 -1  0  0  0 -1 -3 -3  0 -2 -3 -1  5  1 -3 -2 -2    0   0   0   0   0   0   0   0   0   0   0   0   0   0   0 100   0   0   0   0  0.51 0.03
  277 D   -2 -2  1  6 -4  0  1 -2 -1 -4 -4 -1 -3 -4 -2  0 -1 -5 -3 -4    0   0   0 100   0   0   0   0   0   0   0   0   0   0   0   0   0   0   0   0  1.01 0.03
  278 A    4 -2 -2 -2 -1 -1 -1  0 -2 -2 -2 -1 -1 -3 -1  1  0 -3 -2  0  100   0   0   0   0   0   0   0   0   0   0   0   0   0   0   0   0   0   0   0  0.46 0.02
  279 V   -1 -3 -3 -3 -1 -3 -3 -4 -3  3  1 -3  1 -1 -3 -2  0 -3 -1  4    0   0   0   0   0   0   0   0   0  26   0   0   0   0   0   0   0   0   0  74  0.38 0.02
  280 M   -1 -2 -3 -3 -1 -1 -2 -3 -2  2  2 -2  6  0 -3 -2 -1 -2 -1  2    0   0   0   0   0   0   0   0   0   0   0   0  71   0   0   0   0   0   0  29  0.35 0.03
  281 L   -2 -2 -4 -4 -1 -2 -3 -4 -3  2  4 -3  2  0 -3 -3 -1 -2 -1  1    0   0   0   0   0   0   0   0   0   0 100   0   0   0   0   0   0   0   0   0  0.50 0.02
  282 I   -2 -3 -4 -3 -1 -3 -4 -4 -4  5  2 -3  1  0 -3 -3 -1 -3 -2  3    0   0   0   0   0   0   0   0   0 100   0   0   0   0   0   0   0   0   0   0  0.46 0.02
  283 D   -2 -2  1  6 -4  0  1 -2 -1 -4 -4 -1 -3 -4 -2  0 -1 -5 -3 -4    0   0   0 100   0   0   0   0   0   0   0   0   0   0   0   0   0   0   0   0  1.01 0.03
  284 E   -1  0  3  1 -4  1  5 -2  0 -4 -3  0 -2 -3 -2  0 -1 -3 -2 -3    0   0  29   0   0   0  71   0   0   0   0   0   0   0   0   0   0   0   0   0  0.61 0.02
  285 E   -1 -1  0  4 -4  1  5 -2 -1 -4 -3  0 -3 -4 -1  0 -1 -4 -3 -3    0   0   0  29   0   0  71   0   0   0   0   0   0   0   0   0   0   0   0   0  0.71 0.02
  286 F   -3 -3 -3 -4 -3 -4 -4 -4 -1  0  0 -3  0  7 -4 -3 -2  1  3 -1    0   0   0   0   0   0   0   0   0   0   0   0   0 100   0   0   0   0   0   0  0.85 0.03
  287 D   -2 -2  1  6 -4  0  1 -2 -1 -4 -4 -1 -3 -4 -2  0 -1 -5 -3 -4    0   0   0 100   0   0   0   0   0   0   0   0   0   0   0   0   0   0   0   0  1.01 0.03
  288 T    1 -1  0 -1 -1  0  0 -1 -1 -2 -2  0 -1 -3 -1  4  3 -3 -2 -1    0   0   0   0   0   0   0   0   0   0   0   0   0   0   0  78  22   0   0   0  0.44 0.02
  289 K    1  0 -1 -1 -2  0  2 -2  0 -2 -2  2 -1  0 -2  0 -1  0  4 -1   26   0   0   0   0   0  23   0   0   0   0  22   0   0   0   0   0   0  29   0  0.24 0.01
  290 H   -2  0  0 -1 -3  0  0 -2  9 -4 -3 -1 -2 -2 -3 -1 -2 -3  2 -4    0   0   0   0   0   0   0   0 100   0   0   0   0   0   0   0   0   0   0   0  1.03 0.04
  291 R   -2  4  3 -1 -3  0 -1 -2  0 -1  1  1  0 -2 -2 -1 -1 -3 -2 -2    0  48  29   0   0   0   0   0   0   0  23   0   0   0   0   0   0   0   0   0  0.31 0.01
  292 I   -2 -3 -4 -4 -1 -3 -3 -4 -3  4  3 -3  1  0 -3 -3 -1 -3 -1  2    0   0   0   0   0   0   0   0   0  71  29   0   0   0   0   0   0   0   0   0  0.40 0.02
  293 I   -2 -3 -3 -4 -2 -3 -4 -4 -3  4  1 -3  1  4 -3 -3 -1 -1  1  2    0   0   0   0   0   0   0   0   0  71   0   0   0  29   0   0   0   0   0   0  0.37 0.02
  294 N   -1 -2  3  3 -3 -1  0  3 -1 -3 -4 -1 -3 -4  4  0 -1 -4 -3 -3    0   0  22  23   0   0   0  26   0   0   0   0   0   0  29   0   0   0   0   0  0.63 0.01
  295 D   -2 -1  4  6 -4  0  1 -1 -1 -4 -4 -1 -3 -4 -2  0 -1 -4 -3 -3    0   0  29  71   0   0   0   0   0   0   0   0   0   0   0   0   0   0   0   0  0.79 0.02
  296 A    2 -1  0 -1 -1 -1 -1 -1 -1 -2 -3 -1 -2 -3  4  3  1 -3 -2 -2   22   0   0   0   0   0   0   0   0   0   0   0   0   0  23  55   0   0   0   0  0.50 0.01
  297 R   -1  5 -1 -2 -4  0 -1 -3 -1 -3 -3  2 -2 -3  4 -1 -1 -3 -2 -3    0  71   0   0   0   0   0   0   0   0   0   0   0   0  29   0   0   0   0   0  0.79 0.02
  298 F   -3 -3 -4 -4 -3 -3 -3 -3 -2 -1  0 -3  0  6 -4 -3 -3  8  3 -2    0   0   0   0   0   0   0   0   0   0   0   0   0  71   0   0   0  29   0   0  1.00 0.03
  299 Y   -2 -2 -2 -3 -3 -2 -2 -3  2 -2 -1 -2 -1  3 -3 -2 -2  2  7 -1    0   0   0   0   0   0   0   0   0   0   0   0   0   0   0   0   0   0 100   0  0.99 0.03
  300 V   -1 -3 -3 -4 -1 -3 -3 -3 -3  2  1 -3  0  3 -3 -2 -1 -2  0  4    0   0   0   0   0   0   0   0   0   0   0   0   0  26   0   0   0   0   0  74  0.32 0.02
  301 N   -1  3  3  0 -3  1  3 -2  0 -3 -3  3 -2 -3 -2  0 -1 -3 -2 -3    0  26  22   0   0   0  29   0   0   0   0  23   0   0   0   0   0   0   0   0  0.43 0.01
  302 N   -1  0  4  0 -2  0  0 -1  0 -2 -3  2 -2 -3 -2  1  2 -3 -2 -2    0   0  45   0   0   0   0   0   0   0   0  29   0   0   0   0  26   0   0   0  0.38 0.01
  303 R   -1  3  0  0 -4  1  3 -2 -1 -3 -3  4 -2 -3 -1  0 -1 -3 -2 -3    0  22   0   0   0   0  29   0   0   0   0  49   0   0   0   0   0   0   0   0  0.49 0.01
  304 A    1  0  3  0 -2  1  3 -1  0 -3 -3  2 -2 -3 -1  0 -1 -3 -2 -2   22   0  23   0   0   0  29   0   0   0   0  26   0   0   0   0   0   0   0   0  0.31 0.01
  305 E   -1 -1  1  5 -4  1  4 -2 -1 -4 -4  0 -3 -4 -1  0 -1 -4 -3 -3    0   0   0  52   0   0  48   0   0   0   0   0   0   0   0   0   0   0   0   0  0.73 0.02
  306 L   -2 -3 -4 -4 -2 -3 -3 -4 -3  1  4 -3  2  3 -3 -3 -2 -1  0  0    0   0   0   0   0   0   0   0   0   0  77   0   0  23   0   0   0   0   0   0  0.43 0.01
  307 I    1 -2 -2 -1 -2 -1  2 -2 -2  3  0 -1  0 -1 -2 -1 -1 -3 -2  1   26   0   0   0   0   0  23   0   0  51   0   0   0   0   0   0   0   0   0   0  0.14 0.01
  308 D   -1 -1  4  5 -3  0  1 -1 -1 -3 -3 -1 -2 -3 -2  0  2 -4 -3 -2    0   0  29  48   0   0   0   0   0   0   0   0   0   0   0   0  23   0   0   0  0.53 0.01
  309 R   -1  3 -2 -2 -2  0 -1 -3 -2  1  1  2  0 -1 -2 -1 -1 -3 -2  1    0  22   0   0   0   0   0   0   0   0  23  26   0   0   0   0   0   0   0  29  0.16 0.01
  310 V   -1 -3 -3 -3 -1 -3 -3 -4 -3  3  1 -3  1 -1 -3 -2  0 -3 -1  4    0   0   0   0   0   0   0   0   0  26   0   0   0   0   0   0   0   0   0  74  0.38 0.02
  311 N   -1  1  4  0 -3  3  1 -1  0 -3 -3  3 -2 -3 -2  0  0 -3 -2 -3    0   0  45   0   0  26   0   0   0   0   0  29   0   0   0   0   0   0   0   0  0.46 0.02
  312 E    2 -1  0  0 -2  1  3 -1 -1 -3 -3  0 -2 -3 -1  2  0 -3 -2 -2   26   0   0   0   0   0  45   0   0   0   0   0   0   0   0  29   0   0   0   0  0.37 0.01
  313 L   -2 -3 -4 -4 -1 -3 -3 -4 -3  3  4 -3  2  0 -3 -3 -1 -2 -1  1    0   0   0   0   0   0   0   0   0  26  74   0   0   0   0   0   0   0   0   0  0.42 0.01
  314 K   -1  2  0 -1 -3  1  1 -2 -1 -3 -3  5 -2 -3 -1  0 -1 -3 -2 -3    0   0   0   0   0   0   0   0   0   0   0 100   0   0   0   0   0   0   0   0  0.59 0.03
  315 H   -1 -1  1  5 -3  0  1 -2  4 -3 -3 -1 -2 -3 -2  0  2 -4 -1 -2    0   0   0  55   0   0   0   0  22   0   0   0   0   0   0   0  23   0   0   0  0.51 0.02
  316 S   -1 -1  3  5 -3  0  1 -1 -1 -3 -4 -1 -3 -3 -2  2  0 -4 -3 -3    0   0  23  55   0   0   0   0   0   0   0   0   0   0   0  22   0   0   0   0  0.59 0.01
  317 D   -1 -1  0  3 -4  1  4 -2 -1 -3 -3  0 -3 -4  4  0 -1 -4 -3 -3    0   0   0  22   0   0  52   0   0   0   0   0   0   0  26   0   0   0   0   0  0.72 0.02
  318 V   -1 -2  3 -1  5 -1 -2 -2 -1  0 -1 -1 -1 -2 -2  0  2 -3 -2  1    0   0  29   0  23   0   0   0   0   0   0   0   0   0   0   0  26   0   0  22  0.27 0.01
  319 L   -1  0 -2 -3 -2 -1 -1 -3 -2  1  3  2  1  0 -2 -2 -1 -2 -1  0    0   0   0   0   0   0   0   0   0   0  71  29   0   0   0   0   0   0   0   0  0.25 0.01
  320 R   -1  5  0 -1 -4  3  0 -2  0 -3 -2  2 -1 -3 -2 -1 -1 -3 -2 -3    0  74   0   0   0  26   0   0   0   0   0   0   0   0   0   0   0   0   0   0  0.67 0.02
  321 K   -1  3 -1 -2 -3  0  0 -2 -1 -2 -2  4 -1  3 -2 -1 -1 -2  0 -2    0  23   0   0   0   0   0   0   0   0   0  51   0  26   0   0   0   0   0   0  0.33 0.01
  322 E    1 -1 -1  0 -2  0  3 -2 -1 -1  1  0  0 -2 -2  0 -1 -3 -2 -1   26   0   0   0   0   0  45   0   0   0  29   0   0   0   0   0   0   0   0   0  0.21 0.01
  323 M    2 -2 -2 -3 -1 -1 -2 -2 -2  1  2 -2  5  0 -2 -1 -1 -2 -1  0   29   0   0   0   0   0   0   0   0   0  23   0  48   0   0   0   0   0   0   0  0.23 0.02
  324 L   -1 -1 -2 -3 -2 -1 -2 -3 -3  3  2  1  1 -1 -2 -2 -1 -3 -2  2    0   0   0   0   0   0   0   0   0  52  22  26   0   0   0   0   0   0   0   0  0.19 0.01
  325 S    0  1  0 -1 -2  3  1 -1 -1 -2 -2  2 -1 -3 -1  2  2 -3 -2 -2    0   0   0   0   0  29   0   0   0   0   0  26   0   0   0  22  23   0   0   0  0.32 0.01
  326 I   -1 -1  3  0 -2  0  2 -2 -1  2  0 -1  0 -2 -2 -1 -1 -3 -2  1    0   0  26   0   0   0  29   0   0  45   0   0   0   0   0   0   0   0   0   0  0.17 0.01
  327 Q   -1  1  0 -1 -3  6  2 -2  0 -3 -2  1 -1 -4 -2  0 -1 -2 -2 -3    0   0   0   0   0 100   0   0   0   0   0   0   0   0   0   0   0   0   0   0  0.75 0.03
  328 H   -2  1  0 -1 -3  1  0 -2  7 -3 -3  2 -2 -2 -2 -1 -2 -3  1 -3    0   0   0   0   0   0   0   0  71   0   0  29   0   0   0   0   0   0   0   0  0.68 0.03
  329 D    1  0  0  3 -2  3  3 -1 -1 -3 -3  0 -2 -3 -1  0 -1 -3 -2 -2   26   0   0  22   0  23  29   0   0   0   0   0   0   0   0   0   0   0   0   0  0.38 0.01
  330 I   -1  2 -1 -2 -2 -1 -2 -3 -2  2  0  0  0 -1 -2 -1  2 -3 -2  2    0  26   0   0   0   0   0   0   0  22   0   0   0   0   0   0  23   0   0  29  0.17 0.01
  331 L   -2 -2 -4 -4 -1 -2 -3 -4 -3  2  4 -3  2  0 -3 -3 -1 -2 -1  1    0   0   0   0   0   0   0   0   0   0 100   0   0   0   0   0   0   0   0   0  0.50 0.02
  332 N    1 -1  2  0 -2  0  2 -1 -1 -2 -2  0 -1  2 -2  0 -1 -2  0 -2   26   0  22   0   0   0  29   0   0   0   0   0   0  23   0   0   0   0   0   0  0.20 0.01
  333 K   -1  2  0  0 -4  1  3 -2 -1 -3 -3  4 -2 -3 -1  0 -1 -3 -2 -3    0   0   0   0   0   0  26   0   0   0   0  74   0   0   0   0   0   0   0   0  0.51 0.02
  334 T   -1 -2 -2 -3 -1 -2 -2 -3  0  1  0 -2  0  1 -2  0  2  0  4  2    0   0   0   0   0   0   0   0   0   0   0   0   0   0   0   0  31   0  34  35  0.25 0.01
  335 R   -1  3 -1 -2 -2  3  0 -3 -1  0 -1  1  0 -2 -2 -1 -1 -3 -2  1    0  31   0   0   0  34   0   0   0   0   0   0   0   0   0   0   0   0   0  35  0.25 0.01
  336 A    4 -1 -1 -1 -1 -1 -1  0 -1 -2 -2 -1 -1 -2 -1  3  1 -3 -2 -1   66   0   0   0   0   0   0   0   0   0   0   0   0   0   0  34   0   0   0   0  0.36 0.01
  337 K   -1  0  0  3 -3  0  0 -2 -2 -1  1  2  0 -2 -2 -1 -1 -3 -2 -1    0   0   0  35   0   0   0   0   0   0  34  31   0   0   0   0   0   0   0   0  0.21 0.00
  338 K   -1  2  0 -1 -3  1  1 -2 -1 -3 -3  5 -2 -3 -1  0 -1 -3 -2 -3    0   0   0   0   0   0   0   0   0   0   0 100   0   0   0   0   0   0   0   0  0.55 0.01
  339 A    2 -1  0  4 -1  0  0 -1 -1 -2 -3 -1 -2 -3 -1  2  0 -3 -2 -2   31   0   0  35   0   0   0   0   0   0   0   0   0   0   0  34   0   0   0   0  0.35 0.01
  340 E   -1  0  0  2 -4  2  5 -2  0 -4 -3  1 -2 -4 -1  0 -1 -3 -2 -3    0   0   0   0   0   0 100   0   0   0   0   0   0   0   0   0   0   0   0   0  0.77 0.01
  341 W   -3 -3 -4 -5 -3 -2 -3 -3 -3 -3 -2 -3 -2  1 -4 -3 -3 11  2 -3    0   0   0   0   0   0   0   0   0   0   0   0   0   0   0   0   0 100   0   0  2.42 0.02
  342 Q   -1  1  0  0 -3  6  2 -2  0 -3 -2  1 -1 -4 -1  0 -1 -2 -2 -2    0   0   0   0   0 100   0   0   0   0   0   0   0   0   0   0   0   0   0   0  0.70 0.02
  343 D   -1  1  0  4 -4  1  3 -2 -1 -3 -3  3 -2 -4 -1  0 -1 -4 -2 -3    0   0   0  31   0   0  34   0   0   0   0  35   0   0   0   0   0   0   0   0  0.50 0.01
  344 A    3 -1 -1  0 -1  0  3 -1 -1 -2 -2  0 -1 -3 -1  1  0 -3 -2 -1   66   0   0   0   0   0  34   0   0   0   0   0   0   0   0   0   0   0   0   0  0.34 0.01
  345 F   -2 -3 -3 -4 -2 -3 -3 -4 -2  1  2 -3  1  6 -4 -3 -2  0  2  0    0   0   0   0   0   0   0   0   0   0  34   0   0  66   0   0   0   0   0   0  0.52 0.01
  346 K   -1  0 -2 -2 -2 -1 -1 -3 -2  2  2  2  1 -1 -2 -2 -1 -3 -2  1    0   0   0   0   0   0   0   0   0  35  34  31   0   0   0   0   0   0   0   0  0.16 0.00
  347 K    2  4 -1 -1 -2  1  0 -1 -1 -2 -2  3 -1 -3 -1  0 -1 -3 -2 -2   35  34   0   0   0   0   0   0   0   0   0  31   0   0   0   0   0   0   0   0  0.34 0.01
  348 A    3 -2 -2 -2 -1 -1 -1 -1 -2  1 -1 -1  0 -2 -1  0  0 -3 -2  2   66   0   0   0   0   0   0   0   0   0   0   0   0   0   0   0   0   0   0  34  0.25 0.01
  349 I   -2 -3 -4 -4 -1 -3 -3 -4 -3  4  3 -3  2  0 -3 -3 -1 -2 -1  2    0   0   0   0   0   0   0   0   0  66  34   0   0   0   0   0   0   0   0   0  0.37 0.01
  350 D   -2 -2  1  6 -4  0  2 -1 -1 -3 -4 -1 -3 -4 -2  0 -1 -5 -3 -3    0   0   0 100   0   0   0   0   0   0   0   0   0   0   0   0   0   0   0   0  0.93 0.00
  351 L   -2 -3 -4 -4 -1 -3 -3 -4 -3  3  3 -3  2  0 -3 -3 -1 -2 -1  2    0   0   0   0   0   0   0   0   0  50  50   0   0   0   0   0   0   0   0   0  0.37 0.00

                      K         Lambda
Standard Ungapped    0.1359     0.3197
Standard Gapped      0.0410     0.2670
PSI Ungapped         0.1356     0.3174
PSI Gapped           0.0415     0.2670
