
Last position-specific scoring matrix computed, weighted observed percentages rounded down, information per position, and relative weight of gapless real matches to pseudocounts
           A  R  N  D  C  Q  E  G  H  I  L  K  M  F  P  S  T  W  Y  V   A   R   N   D   C   Q   E   G   H   I   L   K   M   F   P   S   T   W   Y   V
    1 M   -1 -2 -2 -3 -2 -1 -2 -3 -2  1  2 -2  7  0 -3 -2 -1 -2 -1  1    0   0   0   0   0   0   0   0   0   0   0   0 100   0   0   0   0   0   0   0  0.46 0.04
    2 I   -1  0 -2 -2 -3 -1 -1 -3 -2  2 -1  2 -1 -2  5 -1 -1 -3 -2  0    0   0   0   0   0   0   0   0   0  30   0  29   0   0  41   0   0   0   0   0  0.59 0.02
    3 I   -2 -3 -3 -3 -2 -2 -3 -4  0  3  0 -3  0  2 -3 -2 -1  1  5  1    0   0   0   0   0   0   0   0   0  51   0   0   0   0   0   0   0   0  49   0  0.45 0.03
    4 N   -1  2  5  0 -2  0  0 -1  0 -3 -3  0 -2 -3 -2  2  0 -4 -2 -3    0  20  51   0   0   0   0   0   0   0   0   0   0   0   0  29   0   0   0   0  0.46 0.03
    5 L    0 -2 -1 -1 -2 -1  1 -2 -2  1  2 -1  0 -1 -2  1  0 -3 -2  2    0   0   0   0   0   0  20   0   0   0  30   0   0   0   0  20   0   0   0  29  0.12 0.01
    6 A    2 -2 -2 -3  5 -2 -2 -2 -2  2  1 -2  3 -1 -2 -1 -1 -2 -2  1   30   0   0   0  20   0   0   0   0  20   0   0  29   0   0   0   0   0   0   0  0.24 0.02
    7 D   -1  0  0  4 -4  4  3 -2  0 -3 -3  0 -2 -4 -2  0 -1 -3 -2 -3    0   0   0  42   0  41  17   0   0   0   0   0   0   0   0   0   0   0   0   0  0.63 0.04
    8 V   -1 -3 -3 -4 -1 -3 -3 -4 -3  3  3 -3  1  0 -3 -2 -1 -3 -1  3    0   0   0   0   0   0   0   0   0  17  41   0   0   0   0   0   0   0   0  42  0.36 0.03
    9 E   -1  0 -1  0 -3  1  3 -2 -1 -2  0  2 -1 -2 -1  1  0 -3 -2 -2    0   0   0   0   0   0  43   0   0   0  16  24   0   0   0  17   0   0   0   0  0.29 0.03
   10 Q    1  0  2  3 -3  3  2 -1  0 -3 -3  0 -2 -3 -2  0 -1 -3 -2 -2   17   0  16  24   0  26  17   0   0   0   0   0   0   0   0   0   0   0   0   0  0.39 0.03
   11 L   -2 -2 -3 -4 -2 -2 -3 -4 -2  1  3 -3  4  4 -3 -2 -2 -1  1  0    0   0   0   0   0   0   0   0   0   0  37   0  29  35   0   0   0   0   0   0  0.44 0.05
   12 S    1  0  0 -1 -1  0 -1 -1 -2 -1 -2  2 -1 -2 -1  3  2 -3 -2  0   14   0   0   0   0   0   0   0   0   0   0  21   0   0   0  37  15   0   0  13  0.22 0.03
   13 I   -1  3 -2 -3  4 -1 -2 -3 -2  3  0  1  0 -2 -3 -2 -1 -3 -2  1    0  27   0   0  15   0   0   0   0  43   0  14   0   0   0   0   0   0   0   0  0.24 0.04
   14 K   -1  3  0 -1 -4  3  2 -2 -1 -3 -3  4 -2 -4 -2  0 -1 -3 -2 -3    0  13   0   0   0  15  14   0   0   0   0  57   0   0   0   0   0   0   0   0  0.53 0.05
   15 A    3 -1 -1 -1 -1 -1 -1 -1 -2 -1  0 -1 -1 -2 -1  3  0 -3 -2 -1   36   0   0   0   0   0   0   0   0   0  14   0   0   0   0  50   0   0   0   0  0.30 0.05
   16 E   -1  0 -1  0 -3  2  3 -3 -1 -1 -1  1  3 -2 -2 -1 -1 -3 -2  0    0   0   0   0   0  13  38   0   0   0   0  14  21   0   0   0   0   0   0  14  0.27 0.04
   17 S    0 -2  0  2  4 -1 -1  1 -2 -1  0 -1 -1 -2 -2  1  1 -3 -2 -1    0   0   0  21  13   0   0  14   0   0  15   0   0   0   0  22  14   0   0   0  0.19 0.03
   18 V    1 -2 -2 -2 -2  1 -1 -2 -2  0 -1 -1 -1 -2  4 -1 -1 -3 -2  2   21   0   0   0   0  15   0   0   0   0   0   0   0   0  27   0   0   0   0  37  0.40 0.04
   19 D   -1 -1  0  3 -3  1  4 -2 -1 -2  0  0 -1 -3 -2  1 -1 -3 -2 -2    0   0   0  22   0   0  43   0   0   0  14   0   0   0   0  21   0   0   0   0  0.38 0.04
   20 F   -2  1 -2 -3 -3 -1 -2 -3  3  0 -1 -1 -1  3 -3 -2 -2  0  4  1    0  15   0   0   0   0   0   0  14   0   0   0   0  22   0   0   0   0  27  21  0.33 0.04
   21 Q   -1  4  0  2 -4  4  2 -2  0 -3 -3  1 -2 -4 -2 -1 -1 -3 -2 -3    0  35   0  14   0  36  15   0   0   0   0   0   0   0   0   0   0   0   0   0  0.54 0.05
   22 Y    1 -2 -1  3 -2 -1 -1 -2  0 -1  0 -2 -1  1 -2 -1 -1  0  5 -1   20   0   0  25   0   0   0   0   0   0  11   0   0   0   0   0   0   0  44   0  0.36 0.06
   23 D    0  0  0  3 -2  0  2  1 -1 -3 -3  1 -2 -3 -1  2  0 -3 -2 -2    1   1   1  21   0   1  13  11   0   1   1  14   0   1   1  32   1   0   0   1  0.27 0.03
   24 M   -2 -3 -4 -4 -2 -2 -3 -4 -3  3  3 -3  3  2 -3 -3 -1 -2 -1  2    0   0   0   0   0   0   0   0   0  23  45   0  15   8   0   0   0   0   0   9  0.41 0.06
   25 Y   -2  2  1 -1 -3  2  1 -3  0 -3 -2  0 -2  0 -3 -1  1  5  4 -2    0  16   9   0   0  16   9   0   0   0   0   0   0   0   0   0  11   9  31   0  0.40 0.07
   26 K   -1  0  2  2 -3  1  4 -2  0 -3 -3  2 -2 -2 -2  1 -1 -3  1 -3    0   0  11   9   0   0  40   0   0   0   0  15   0   0   0  17   0   0   8   0  0.40 0.07
   27 K    0  0 -1  0 -3  1  4 -2 -1 -2  0  2 -1 -2 -2 -1 -1 -2  1 -2    9   0   0   0   0   0  49   0   0   0  11  22   0   0   0   0   0   0   9   0  0.37 0.08
   28 V   -1 -2 -3 -4 -2 -2 -3 -4 -3  3  3 -1  1 -1 -3 -2 -1 -3 -2  3    0   0   0   0   0   0   0   0   0  19  42   8   0   0   0   0   0   0   0  32  0.35 0.06
   29 C    0 -1  1  2  4 -1  1 -2 -2  0 -2  0 -1 -3 -2  1  0 -3 -2 -1    9   0   9  19  15   0   8   0   0  16   0   9   0   0   0  16   0   0   0   0  0.19 0.04
   30 E    0  0  1  0 -3  1  3 -2 -1 -3 -3  2 -2 -3 -1  3  1 -3 -2 -2    0   0   7   0   0   0  36   0   0   0   0  15   0   0   0  34   8   0   0   0  0.42 0.07
   31 K   -1  2 -1 -2 -3  3  0  2 -1 -3 -2  4  2 -3 -2 -1 -1 -3 -2 -2    0   6   0   0   0  19   0  20   0   0   0  44  11   0   0   0   0   0   0   0  0.41 0.10
   32 F   -3 -4 -4 -5 -3 -4 -4 -4 -2 -1  1 -4 -1  8 -5 -4 -3  0  3 -2    0   0   0   0   0   0   0   0   0   0   8   0   0  87   0   0   0   0   6   0  1.33 0.22
   33 T   -1 -2  2  2 -2 -1 -1 -2 -2 -2  0 -1 -1 -3 -2  2  4 -3 -2 -1    0   0  15  14   0   0   0   0   0   0  13   0   0   0   0  17  40   0   0   0  0.36 0.11
   34 D   -2  0  0  6  1 -1  1 -3 -2 -3 -1 -1 -3 -4  2 -1 -2 -4 -3 -3    0   6   0  63   4   0   6   0   0   0  10   0   0   0  10   0   0   0   0   0  0.73 0.15
   35 F   -2 -1  0 -1 -3  1  3 -3 -1 -2 -2  0  2  2 -3  0 -1  7  1 -2    0   0   5   0   0   6  29   0   0   0   0   4  11  12   0  10   0  18   5   0  0.45 0.11
   36 E   -2 -1 -1  0 -5  1  6 -3 -1 -4 -4  2 -3 -4 -2 -1 -2 -4 -3 -4    0   0   0   0   0   0  87   0   0   0   0  13   0   0   0   0   0   0   0   0  1.11 0.21
   37 Q   -2 -1 -2 -2 -3  4  1 -3 -2  2  2  1  3 -2 -3 -2 -2 -3 -2 -1    0   0   0   0   0  39   5   0   0  15  24   7  10   0   0   0   0   0   0   0  0.36 0.14
   38 S    1 -2  3 -1 -2 -1  1 -1  2  0 -2 -1 -2 -3 -2  3  0 -4 -2 -1   11   0  17   0   0   0   9   0   6  12   0   0   0   0   0  44   0   0   0   0  0.32 0.13
   39 V   -1 -3 -3 -4 -2 -3 -3 -4 -4  4  2 -3  0 -1 -3 -1  0 -3 -2  3    0   0   0   0   0   0   0   0   0  45  13   0   0   0   0   6   5   0   0  30  0.46 0.13
   40 L   -2 -3 -4 -5 -2 -3 -4 -5 -4  2  5 -4  1 -1 -4 -3 -2 -3 -2  0    0   0   0   0   0   0   0   0   0  11  89   0   0   0   0   0   0   0   0   0  0.84 0.19
   41 W   -3 -3 -3  1 -3  2 -2 -4 -2  0 -2 -3  1  2 -4 -3 -3  9  2 -2    0   0   0  11   0  12   0   0   0   9   0   0   6  11   0   0   0  43   7   0  1.11 0.20
   42 Q    0  1 -1 -1 -3  4  2 -2  3 -3 -2  2 -1 -3 -2  1 -1 -3 -2 -3    5   7   0   0   0  28  17   0   9   0   5  11   0   0   0  16   0   0   0   0  0.37 0.11
   43 C   -2 -5 -4 -5 10 -4 -5 -4 -4  2 -2 -4 -2 -3 -4 -2 -2 -4 -3  1    0   0   0   0  76   0   0   0   0  12   0   0   0   0   0   0   0   0   0  11  1.69 0.27
   44 M   -2  0 -3 -4 -3 -2 -3 -4 -3  2  2 -3  7 -1 -4 -3  0 -3 -2  2    0   5   0   0   0   0   0   0   0   8  19   0  50   0   0   0   6   0   0  12  0.69 0.22
   45 E   -2 -2  5  1 -4  0  3  0 -1 -4 -4 -1 -3 -4 -3  1  1 -4 -3 -3    0   0  43   6   0   0  27   5   0   0   0   0   0   0   0   6  13   0   0   0  0.65 0.19
   46 A    1 -1  3  4 -3 -1  0 -2 -1 -4 -4  1 -3 -4 -2  2 -1 -4 -3 -3   16   0  22  32   0   0   0   0   0   0   0  12   0   0   0  18   0   0   0   0  0.53 0.16
   47 K   -2  1 -2 -2 -5  0 -1 -3 -2 -4 -3  7 -3  2 -3 -2 -2 -4 -2 -4    0   0   0   0   0   0   0   0   0   0   0  88   0  12   0   0   0   0   0   0  1.14 0.31
   48 K   -1 -2  0 -2 -3 -1  1 -3 -2  2  0  0 -1 -2  2  0  0  5 -1  1    0   0   5   0   0   0  13   0   0  17   5   9   0   0  13   6   4  12   0  14  0.27 0.11
   49 N   -2 -2  3  4  2 -1  1  0 -1 -2 -1 -1 -2 -3 -2 -1 -1 -4 -3 -1    0   0  23  38   6   0  11   8   0   0   6   0   0   0   0   0   0   0   0   7  0.47 0.14
   50 E   -2 -1 -1  4 -4  0  2 -3 -2 -1 -3  3 -3 -4  4 -1 -2 -4 -3 -3    0   0   0  31   0   0  18   0   0   8   0  23   0   0  21   0   0   0   0   0  0.63 0.17
   51 A    0 -1  0  2  2 -1  1 -2 -2 -2 -1  0 -2  0  2 -1  0  3 -1 -2   11   1   4  20   6   1   8   1   0   1   6   6   0   6  13   1   8   6   0   1  0.21 0.06
   52 L   -2 -2  0 -3 -2 -2 -3 -3  1  1  2 -3  2  3 -3 -2 -2  6  0  0    1   0   6   0   0   0   1   1   6  10  28   0   8  19   0   1   0  12   0   6  0.37 0.11
   53 H   -2 -1  2 -2 -4  4 -1 -3  8 -4 -4 -1 -2 -3 -3 -2 -2 -3  0 -4    1   0  12   0   0  24   0   1  57   0   1   0   0   0   0   1   0   0   0   0  1.20 0.27
   54 K   -1  2 -1  2 -3  1  1 -2 -1 -2 -3  2 -2 -2 -2  2  1 -2  2 -1    0  12   0  12   0   5   5   0   0   0   0  18   0   0   0  21   8   0  12   6  0.24 0.11
   55 H   -1  1  2  2 -3  1  3  0  1 -1 -3  0 -2 -3 -2 -1 -2  4 -2 -2    6  10  10  10   0   6  30   6   3   8   0   4   0   0   0   0   0   8   0   0  0.32 0.11
   56 L   -2 -3 -4 -5 -2 -3 -4 -5 -4  1  5 -4  1  2 -4 -3 -2 -2 -1  1    0   0   0   0   0   0   0   0   0   0  79   0   0   9   0   0   0   0   0  12  0.72 0.19
   57 N   -2 -2  5  3 -3 -1  1 -2 -1 -4 -4 -1 -3 -4 -2  2  1 -4 -3 -3    0   0  50  19   0   0   7   0   0   0   0   0   0   0   0  14   9   0   0   0  0.72 0.18
   58 E    0  1 -1  1 -3  0  3  0 -1 -3 -3  2 -2 -4  0  1  0 -4 -3 -2    9   8   0   7   0   0  31   6   0   0   0  14   0   0   4  15   5   0   0   0  0.33 0.09
   59 I   -2 -4 -4 -4 -2 -4 -4 -5 -3  5  2 -4  0 -1 -4 -3 -2 -3  1  2    0   0   0   0   0   0   0   0   0  68  16   0   0   0   0   0   0   0   7  10  0.69 0.18
   60 I   -2 -4 -4 -4 -2 -3 -4 -4 -4  5  2 -3  3 -1 -4 -3 -1 -3 -2  3    0   0   0   0   0   0   0   0   0  57  12   0   9   0   0   0   0   0   0  22  0.65 0.17
   61 K    0  4 -1 -1 -3  0  1 -2 -1 -3 -1  3 -2 -3 -2  0 -1 -3 -2 -2    8  38   1   1   0   1  13   1   0   1   5  23   0   0   1   5   1   0   0   1  0.42 0.11
   62 K   -1  3  1  1 -3  1  0  0 -1 -3 -3  3 -2 -3 -2  1 -1 -3 -2 -2    1  25   5   7   0   7   1   6   0   1   1  27   0   0   1  15   1   0   0   1  0.34 0.09
   63 H   -2  3  3 -1 -3  0 -1 -2  5 -3 -3  1 -2 -2 -2 -1  0 -2  2 -3    1  20  24   1   0   1   1   1  25   1   1   7   0   0   1   1   7   0   7   1  0.45 0.12
   64 L   -1 -2 -2 -2 -2  0  0 -2 -2  1  3 -1  3 -1 -2  1 -1  3 -1  0    1   1   1   1   0   5   7   1   0   6  38   1  14   0   1  17   1   5   0   1  0.20 0.09
   65 T    0  0 -1 -1 -2 -1  0 -2 -2  0 -1 -1 -1 -2 -2  2  3 -3 -2  1    1   7   1   1   0   1   7   1   0   5   1   1   0   0   1  27  30   0   0  15  0.24 0.10
   66 K    0  0  0  0 -2  1  0 -1 -1  0 -1  1 -1 -2  1  2  1 -2 -2  0    1   5   1   6   0   8   1   1   0   6   6  13   0   1   7  23  10   0   1   7  0.12 0.05
   67 S    0 -1  1 -1 -1 -1 -1 -2 -2  1 -1  0 -1 -2  1  1  1 -2 -2  2    5   1  13   1   0   1   1   1   0  12   2   6   0   1   7  12   9   0   1  27  0.11 0.05
   68 P   -1  0 -1  3 -3 -1  0 -2  1 -3 -3 -1 -2 -3  6  0 -1 -3 -2 -3    1   6   1  25   0   1   1   1   5   1   2   1   0   1  42   8   1   0   1   1  0.78 0.12
   69 Y   -1 -1 -1  1 -2  0  1  0  1 -1  0  0 -1 -1 -1  0  0 -1  2  1    1   1   1  10   0   1  14   8   5   1   8   8   0   1   1   6   7   0  11  16  0.06 0.04
   70 Q   -1  0 -1  0 -2  1  3 -2 -1  1  0  0 -1 -2  1 -1  0 -2 -2  1    2   7   1   1   0   6  28   2   1  10   9   1   1   1   8   2   6   0   1  13  0.14 0.05
   71 L   -2 -2 -3 -3 -2 -2 -2 -3 -3  1  4 -2  3  0 -2 -2 -1 -2 -1  0    1   1   1   1   0   1   1   1   0   1  71   1  12   1   1   1   1   0   1   1  0.53 0.13
   72 Y   -2 -2 -2 -3 -3 -2 -2 -3  0 -2 -2 -2 -2  3 -3 -2 -2  6  7 -2    1   1   1   1   0   1   1   1   0   1   2   1   0  12   1   1   1  11  59   1  1.04 0.18
   73 R   -2  7 -1 -2 -3  0 -1 -3 -1 -3 -2  1 -2 -3 -2 -1 -2 -3 -2 -3    1  82   1   1   0   1   1   1   0   1   2   1   0   1   1   1   1   0   1   1  1.05 0.20
   74 G   -1 -2 -1 -2 -3 -2 -2  6 -2 -3 -3 -2 -3 -3 -2 -1 -2 -3 -3 -3    1   1   1   1   0   1   1  82   0   1   2   1   0   1   1   1   1   0   1   1  1.10 0.17
   75 I   -1 -2 -3 -3 -1 -2 -2 -3 -3  3  2 -2  1 -1 -2 -2 -1 -2 -1  3    1   1   1   1   0   1   1   1   0  23  25   1   0   1   1   1   1   0   1  37  0.32 0.09
   76 S    0 -1  1 -1 -2 -1 -1 -1 -1 -2 -2 -1 -2 -2  1  3  3 -3 -2 -1    1   1   6   1   0   1   1   1   0   1   2   1   0   1   7  40  32   0   1   1  0.41 0.12
   77 K    0  3  0 -1 -2  1  0 -2  3 -1 -1  2 -1 -2  1 -1 -1 -2 -1 -1    8  18   5   1   0   7   1   1  10   6   6  24   0   1   6   1   1   0   1   1  0.20 0.06
   78 S    0  2 -1  0 -2  2  3 -2 -1 -1 -2  1 -1 -2 -1  1  1 -2 -2 -1    6  18   1   1   0   7  29   1   0   5   2   6   0   1   1  11   8   0   1   1  0.26 0.07
   79 T    0 -1 -1  1 -2  2  3 -2 -1 -2 -2  0  1 -2 -1  0  3 -2 -2 -1    7   1   1   7   0  11  31   1   0   1   2   1   5   1   1   1  26   0   1   1  0.30 0.10
   80 K    1 -1 -1 -2  2 -1  0  0 -2  1  1  1  1 -1 -1 -1 -1 -2 -1  1   12   1   1   1   6   1   6   6   0   7  18  18   5   1   1   1   1   0   1  11  0.05 0.04
   81 E    1  1  2  1 -2  2  2 -1 -1 -2 -2  1 -1 -2 -1  0 -1 -2 -2 -2   16  10  11   7   0  12  18   2   1   1   2   8   1   1   1   5   1   0   1   2  0.21 0.05
   82 L   -1  1 -2 -2 -2  1 -1 -2 -1  1  1  1  0  1 -2 -1  0  2 -1  0    1   7   1   1   0  12   1   1   0  11  24  16   0   6   1   1   6   4   0   7  0.10 0.05
   83 I   -1 -2 -3 -3 -2 -2 -2 -3 -2  2  3 -2  1  0 -2 -1 -1 -2  1  2    1   1   1   1   0   1   1   1   0  17  48   1   0   1   1   7   1   0   6  12  0.28 0.08
   84 K    0 -1  1  3 -3  1  1 -2  0 -2 -2  1 -2 -1 -2  0 -1 -1  3 -2    7   1   6  23   0   9  11   1   0   1   1  11   0   1   1   7   1   0  18   1  0.26 0.07
   85 D    0 -1  2  4 -2  0  2 -1 -1 -2 -1  0 -1 -2  1  0  0 -3 -2 -2    7   1  13  30   0   1  12   1   0   1   8   7   0   1   5   1   7   0   1   1  0.26 0.06
   86 L    0 -1  0 -2 -2 -1 -2 -2 -2  1  3  0  2  1 -2 -1 -1 -2 -1  1    7   1   6   1   0   1   1   1   0   8  44   7   6   7   1   1   1   0   1   6  0.16 0.05
   87 Q    1 -1 -1  0 -2  2  2  0 -1  0 -2  1 -1 -2 -1  1 -1 -3 -2 -1   18   1   1   5   0  13  20   7   0  12   1   6   0   0   1  13   1   0   0   1  0.17 0.06
   88 V   -1 -2 -2  1 -2 -1  1  1 -2  2  0  0  0 -2 -2 -1 -1 -3 -2  3    1   1   1   8   0   1  11  11   0  17   1   6   0   0   1   1   1   0   0  38  0.14 0.07
   89 G   -1 -2  1 -1 -3 -2 -2  5 -2 -1 -3 -2 -2 -3  1  0 -1 -3 -3 -2    1   1   7   1   0   1   1  66   0   6   1   1   0   0   6   7   1   0   0   1  0.72 0.12
   90 E   -1  1  1  3  2  1  3 -2  2 -3 -3  1 -2 -3 -2  0 -1 -3 -2 -2    1   6   6  25   6   6  22   1   8   1   1   7   0   0   1   6   1   0   0   1  0.34 0.07
   91 V   -1  0 -1 -2 -2  0 -1 -2  1  1 -1  0 -1 -2  1  1  2 -3 -1  1    1   7   1   1   0   6   1   1   6  17   1   6   0   0   6  11  22   0   0  12  0.12 0.05
   92 F   -2 -3 -3 -3 -2 -3 -3 -3 -2  3  0 -3  0  6 -3 -3 -2  4  1  0    1   1   1   1   0   1   1   1   0  23   1   1   0  59   1   1   1   6   0   1  0.74 0.15
   93 S    0  0  1  1  2  1  1 -1 -1 -2 -2  1 -1 -2 -1  2  2 -3 -2 -1    7   1   9   6   6   8   6   1   0   1   1  12   0   0   1  19  15   0   0   6  0.17 0.05
   94 T   -1 -2 -2  0 -2 -2 -2 -3 -2  0  1 -2  0  5  1 -1  1 -1  1  0    1   1   1   6   0   1   1   1   0   1  15   1   0  41   7   5  12   0   0   6  0.28 0.09
   95 N   -1 -1  2  2 -3  0  1  3 -1 -3 -3  0 -2 -3  1  1 -1 -3 -3 -3    1   1  13  17   0   1  11  31   0   1   1   7   0   0   6   8   1   0   0   1  0.36 0.07
   96 R   -2  6 -1 -2 -3  0 -1 -3 -1 -3 -3  2 -2 -3 -2 -1  0 -3 -2 -3    1  70   1   1   0   1   1   1   0   1   1  12   0   0   1   1   8   0   0   1  0.81 0.16
   97 V   -1 -3 -3 -3 -2 -2 -2 -3 -3  2  0 -2  0 -2  2 -2 -1 -3 -2  4    1   1   1   1   0   1   1   1   0  12   1   1   0   0  14   1   1   0   0  64  0.49 0.13
   98 D    0 -2 -1  1 -2 -1 -1 -2 -2 -1 -1 -1  2 -2 -2  0  5 -3 -2  1    7   1   1   8   0   1   1   1   0   1   1   1  11   0   1   1  55   0   0  10  0.38 0.13
   99 S    0 -2  0 -1 -2 -1 -1 -1 -2 -3 -3 -1 -2 -3 -2  6  0 -3 -2 -2    1   1   1   1   0   1   1   1   0   1   1   1   0   0   1  88   1   0   0   1  0.80 0.20
  100 F   -1 -3 -3 -3 -3 -3 -3 -3 -2 -1 -1 -3 -1  7 -3 -2 -2  0  2  0    6   1   1   1   0   1   1   1   0   1   1   1   0  77   1   1   1   0   0   6  0.95 0.18
  101 T    0 -1  0 -1 -2 -1 -1 -1 -2 -2 -2 -1 -2 -3 -1  4  4 -3 -2 -1    1   1   1   1   0   1   1   1   0   1   1   1   0   0   1  49  40   0   0   1  0.56 0.15
  102 T    0 -1 -1 -1 -2 -1  1  0 -1 -2 -2 -1 -2 -2  2  2  3 -2  0 -1    6   1   1   1   0   1  12   8   0   1   1   1   0   0  12  21  28   0   6   1  0.27 0.08
  103 S   -1 -2  2  4 -3  0  2  0 -1 -2 -1 -1 -2 -3 -2  1 -1 -3 -2 -1    1   1   8  41   0   1  12   7   0   1   7   1   0   0   1  12   1   0   0   6  0.37 0.09
  104 L   -1 -1 -2 -2 -2  1  0 -2 -1  0  1  0  0  4 -2  0 -1  0  3 -1    1   1   1   1   0  12   6   1   0   8  12   6   0  30   1   7   1   0  11   1  0.21 0.07
  105 H    0 -1  1  1 -2  0  0  2  4 -3 -3  1 -2 -2 -2  2  0 -3 -1 -2    5   1   6   9   0   1   1  15  19   1   1  14   0   0   1  19   6   0   0   1  0.25 0.07
  106 T   -1 -2 -2 -2 -2 -2 -2 -3 -3  3  0 -2  1 -2 -2  0  4 -3 -2  1    1   1   1   1   0   1   1   1   0  36   1   1   4   0   1   1  44   0   0   6  0.38 0.12
  107 A    5 -2 -2 -2 -1 -1 -2 -1 -2 -2 -2 -1 -2 -3 -1  0 -1 -3 -2 -1   88   1   1   1   0   1   1   1   0   1   1   1   0   0   1   1   1   0   0   1  0.73 0.18
  108 C   -1  4  1 -1  2  0  1 -2 -1  0  0  1 -1 -2 -2 -1 -1 -3 -2 -1    1  41   8   1   7   1  12   1   0   6  12   5   0   0   1   1   1   0   0   1  0.30 0.09
  109 S   -1 -1  1  4 -3  3  1  0  2 -3 -3  0 -2 -3 -2  1  0 -3 -2 -2    1   1   6  30   0  20   6   5   6   1   1   1   0   0   1  13   7   0   0   1  0.36 0.08
  110 F   -3 -3 -3 -4 -3 -3 -3 -3 -2 -1 -1 -3 -1  8 -4 -3 -3  0  2 -2    1   1   1   1   0   1   1   1   0   1   1   1   0  88   1   1   1   0   0   1  1.25 0.21
  111 S    4 -2 -1 -2 -1 -1 -1 -1 -2 -2 -2 -1 -2 -3 -1  3  0 -3 -2 -1   55   1   1   1   0   1   1   1   0   1   1   1   0   0   1  34   1   0   0   1  0.49 0.13
  112 Y    1 -2 -1 -2  1 -1 -2  3 -1 -2 -2 -1 -2  0 -2  2  0 -1  2 -2   13   1   1   1   4   1   1  30   0   1   1   1   0   5   1  21   6   0  13   1  0.27 0.07
  113 A    0 -2  0  1 -2 -1  0  2 -2 -2 -2 -2  1 -1 -2 -1  0  8  0 -1   10   1   6  10   0   1   7  16   0   1   1   1   6   0   1   1   5  29   0   4  0.55 0.10
  114 E   -1  0  0 -1  4  0  4 -3  3 -2 -2 -1 -2  0 -2  0 -1 -3 -1  0    0   6   3   0  12   0  42   0  10   0   0   0   0   5   0   8   0   0   0  14  0.34 0.12
  115 Y   -3 -3 -4 -5 -4 -3 -4 -5  0 -3 -3 -3 -2  2 -5 -3 -3  1  9 -3    0   0   0   0   0   0   0   0   0   0   0   0   0   0   0   0   0   0 100   0  1.96 0.33
  116 F    0 -1  2  2 -3  1  1  2 -1 -2 -2  0  0  0 -2  0 -1 -3 -2 -1    6   0  18  15   0   6  11  15   0   0   0   4   6   7   0   6   0   0   0   6  0.19 0.06
  117 T   -1 -2 -1 -2 -2 -2 -2 -3 -3 -2 -3 -2 -2 -3 -2  2  6 -4 -3 -1    0   0   0   0   0   0   0   0   0   0   0   0   0   0   0  16  84   0   0   0  0.97 0.24
  118 E   -2  1  3  0 -3  2  1  1  2 -3 -3  0 -2  1 -3 -1 -1 -2  1 -3    0  10  23   4   0  18   7  11   6   0   0   4   0  11   0   0   0   0   6   0  0.28 0.09
  119 T   -1 -2  0 -2 -2 -2 -2 -3 -3  1  0  0 -1  0 -2 -1  4 -3 -2  3    0   0   5   0   0   0   0   0   0   4   4   6   0   4   0   0  42   0   0  35  0.34 0.13
  120 I   -2 -4 -4 -4 -2 -3 -4 -5 -4  5  1 -3  3 -1 -4 -3 -1 -3 -2  3    0   0   0   0   0   0   0   0   0  65   6   0  11   0   0   0   0   0   0  17  0.69 0.17
  121 L   -2 -3 -4 -4 -2 -3 -4 -4  2  4  3 -3  0  4 -4 -3 -2 -2  0  1    0   0   0   0   0   0   0   0   7  37  29   0   0  27   0   0   0   0   0   0  0.50 0.13
  122 R    1  2 -1 -1  2  0  3 -2 -1 -2 -3  2 -2 -3 -2  1 -1 -3 -2 -1   13  17   0   0   5   0  28   0   0   0   0  15   0   0   0  16   0   0   0   6  0.30 0.10
  123 L   -2 -3 -4 -4 -2 -3 -4 -4 -3  3  3 -3  1  3 -4 -3 -2  3  0  1    0   0   0   0   0   0   0   0   0  21  47   0   0  18   0   0   0   4   0  10  0.50 0.12
  124 K   -2  3  3  0 -4  1  1 -2 -1 -4 -3  4 -2 -4 -2  0 -1 -4 -3 -3    0  16  24   4   0   4   6   0   0   0   0  42   0   0   0   4   0   0   0   0  0.54 0.13
  125 T    2 -2  4  1 -2 -1 -1 -1  2 -2 -1 -1 -2 -3 -2  1  1 -4 -2 -2   29   0  36   5   0   0   0   0   6   0   5   0   0   0   0   6  13   0   0   0  0.37 0.12
  126 D    2 -2 -2  1  4 -1  0  0 -2 -3 -3  0 -2 -4  5  0  0 -4 -3 -2   25   0   0  12  11   0   4   6   0   0   0   6   0   0  30   0   6   0   0   0  0.55 0.11
  127 K   -2  1  0 -2 -3  1 -1 -3 -1 -2 -1  2  3 -1  4 -1  0  3  3 -2    0   7   6   0   0   6   0   0   0   0   0  17  18   0  23   0   4   4  15   0  0.40 0.12
  128 A    4 -3 -3 -3  2 -2 -2 -1 -3  1 -1 -2 -1 -2 -2  0 -1 -3 -2  2   59   0   0   0   6   0   0   0   0  12   0   0   0   0   0   6   0   0   0  18  0.41 0.14
  129 F   -3 -4 -4 -5  3 -4 -4 -4 -2 -1 -1 -4  1  7 -5 -3 -3  0  5 -2    0   0   0   0   7   0   0   0   0   0   0   0   6  69   0   0   0   0  18   0  1.13 0.21
  130 N   -3  0  7  3  2 -1 -1 -2 -1 -4 -4 -1 -3 -4 -3 -1 -1 -5 -3 -4    0   6  71  18   6   0   0   0   0   0   0   0   0   0   0   0   0   0   0   0  1.01 0.21
  131 Y   -3 -3 -4 -4 -4 -3 -4 -4  0 -2  0 -3 -1  5 -4 -3 -3  1  7 -2    0   0   0   0   0   0   0   0   0   0   7   0   0  27   0   0   0   0  65   0  1.27 0.23
  132 S   -1  1 -1 -2 -3  4  0  0  3 -3 -3  0 -2 -2 -2  1  0  3  2 -3    0   5   0   0   0  36   0   7  11   0   0   4   0   0   0  13   5   6  12   0  0.41 0.13
  133 D   -2 -1 -1  3 -4  2  4 -3 -1 -3 -3  1 -2 -4 -2 -1  1 -4 -3 -1    0   0   0  18   0  10  47   0   0   0   0   7   0   0   0   0  11   0   0   6  0.56 0.14
  134 H    0  0  2  2 -3 -1  0 -2  5 -3 -1 -1 -2 -1 -3 -1 -2 -2  3 -2   12   5  12  18   0   0   4   0  24   0   7   0   0   0   0   0   0   0  18   0  0.35 0.11
  135 I    3 -3 -3 -4 -2 -2 -3 -2 -3  1  0 -2  7 -2 -3 -1 -1 -3 -2  0   37   0   0   0   0   0   0   0   0   8   0   0  56   0   0   0   0   0   0   0  0.72 0.22
  136 S   -2  1 -3 -3 -2 -2 -3 -4 -3  4  3  0  1 -1 -3 -1  0 -3 -2  1    0   9   0   0   0   0   0   0   0  44  30   6   0   0   0   4   4   0   0   3  0.33 0.11
  137 D   -2  0  4  3 -4  0  1 -2 -1 -4 -4  3 -3 -4 -2  0 -1 -4 -3 -4    0   0  34  24   0   0   7   0   0   0   0  29   0   0   0   6   0   0   0   0  0.61 0.15
  138 I   -2  0 -4 -4 -2 -3 -4 -4 -3  5  2 -3  4 -1 -4 -3 -2 -3 -2  1    0   7   0   0   0   0   0   0   0  57  20   0  16   0   0   0   0   0   0   0  0.57 0.16
  139 I    0  1 -3 -4 -2 -2 -3 -4 -3  2  4 -2  1 -1 -3 -2 -2 -3 -2  2    6  14   0   0   0   0   0   0   0  10  56   0   0   0   0   0   0   0   0  14  0.38 0.12
  140 L   -1 -2 -2 -3  4  0  0 -3  3  1  3 -2  2 -1 -3 -2 -1 -3 -1  1    5   0   0   0  14   4   7   0  11   6  39   0   7   0   0   0   0   0   0   7  0.26 0.10
  141 S    2 -1  1  2 -2 -1 -1  0 -2 -3 -3  1 -2 -3 -2  2  1 -4 -3 -2   32   0   7  12   0   0   0   5   0   0   0  14   0   0   0  17  13   0   0   0  0.28 0.09
  142 S    3 -1 -2 -2  2 -1  1  0 -2 -1 -1  0 -1 -3 -2  1  0 -3 -2  0   43   0   0   0   5   0  14   7   0   0   7   7   0   0   0   5   6   0   0   6  0.21 0.09
  143 P   -2 -2 -2 -2 -3 -2 -2 -3 -2  0 -2  0 -2 -1  7 -2 -2 -2  3 -2    1   1   1   1   0   1   1   1   0   8   1   8   0   1  58   1   1   0  15   1  1.10 0.15
  144 N    0 -1  4  4 -2 -1  1 -1 -1 -2 -3 -1 -2 -3 -2  1 -1 -3 -2 -1    8   1  31  29   0   1   5   1   0   1   1   1   0   0   1  12   1   0   0   7  0.41 0.10
  145 T   -1 -2 -1  0  3 -1  1 -2 -2  0 -1 -1 -1 -2  4  1  2 -3 -2 -1    1   0   0   6  10   0  12   0   0   8   7   0   0   0  22  15  17   0   0   0  0.33 0.08
  146 E   -2 -1  2  2 -5  1  6 -3 -1 -4 -4  1 -3 -4 -2 -1 -2 -4 -3 -4    0   0  14   5   0   0  73   0   0   0   0   7   0   0   0   0   0   0   0   0  0.93 0.21
  147 F   -2 -3 -3 -3 -3 -3 -3 -3 -1 -1  1 -3 -1  7 -3 -3 -2  0  4 -1    1   1   1   1   0   1   1   1   0   1   9   1   0  68   1   1   1   0  12   1  0.87 0.16
  148 K   -1  1  1  1 -2  1  1 -2 -1  0 -1  2  3  0 -2  0 -1 -2 -1 -1    1   5   6   7   0   6   8   1   0   6   1  27  17   7   1   6   1   0   0   1  0.15 0.07
  149 Y    0  0  2 -1 -2 -1 -1  2  2 -2 -2 -1 -1  2  0  1 -1 -1  1 -1    6   7  13   1   0   0   1  16   6   1   1   1   0  15   5  15   1   0   5   7  0.13 0.05
  150 T    0  1 -1 -2 -2 -1 -1  0 -2 -2 -1 -1 -2 -3  5  0  2 -3 -2 -2    6  12   1   1   0   0   1   8   0   1   6   1   0   0  32   7  23   0   0   1  0.50 0.09
  151 Y    0  1  1 -1 -1  1 -1 -1  0  0  0  0  0  1 -1  0  0 -1  2  0    9   9  13   2   1   9   2   2   1   8   9   2   1   7   2   7   2   0  10   7  0.04 0.02
  152 E    0 -1  1  2 -1  0  1 -1 -1  0 -1  0 -1 -2  3  1  1 -2 -1 -1    3   2   8  13   1   2   7   3   1   7   3   2   1   1  15  18  10   1   1   2  0.19 0.03
  153 D    0 -1  0  3 -1 -1  0  1 -1 -1 -1 -1 -1 -2  2  0  0 -2 -2  0   10   2   2  26   1   2   2   9   1   2   3   2   1   1  11   8   7   0   1   8  0.18 0.03
  154 T    0 -1  0  1 -1  0  0 -1  2  0  0 -1  0  0  1  1  0 -1  0  0    3   2   2   9   1   2   7   3   8  13   8   2   1   6   8  15   7   0   1   2  0.06 0.02
  155 D    0 -1  0  4 -2  0  2  0  3 -2 -2  1 -2 -2 -1  0 -1 -2 -1 -2    7   2   1  30   1   1  14   7  14   2   3   9   1   1   2   2   2   0   1   2  0.27 0.05
  156 G    0  0  1 -1 -2  1  0  2 -1 -1 -1  1 -1  0 -1  1  0 -1 -1  0    2   2   7   2   1   8   2  20   1   2   3  14   1   7   2  12   6   0   1   9  0.09 0.03
  157 L    1 -1 -2 -2  2 -1 -1 -2 -2  2  1 -1  2  0 -1 -1  0  4 -1  0   15   2   1   2   5   1   2   2   1  18  20   2   8   1   2   2   6   8   1   2  0.11 0.04
  158 D    0 -1  1  4 -3  0  3 -2 -1 -3 -3  0 -2  0 -2  0 -1 -3 -2 -2   13   1   8  36   0   0  25   1   0   1   1   5   0   7   1   1   1   0   0   1  0.41 0.10
  159 S    1 -1  0  1 -1  1  1  0 -1 -2 -2  0  1 -2 -1  3  2 -2 -2 -1    7   1   1   7   0   7   8   6   0   1   2   1   6   1   1  33  14   0   1   1  0.20 0.06
  160 E   -1  2 -1 -1 -3  1  2 -2  4 -2 -1  1 -1 -2 -2 -1  2  4 -1 -2    1  18   0   0   0   5  16   1  14   0   7   8   0   0   0   1  20   7   0   1  0.28 0.09
  161 R   -2  7 -2 -3 -4  0 -1 -4 -2 -3  0  2 -2 -3 -3 -2 -2 -4 -3 -3    0  80   0   0   0   0   0   0   0   0  15   6   0   0   0   0   0   0   0   0  1.01 0.22
  162 T    0  2 -2 -2 -2 -1  0 -1 -1 -1  0  1 -1  1 -2  0  0 -1  3  0    6  17   0   0   0   0   5   4   0   0  14  12   0   3   0   6   5   0  21   7  0.14 0.07
  163 D    0  2  1  5 -3  0  2 -2 -1 -4 -4  0 -3 -4 -2  2 -1 -4 -3 -3    6  14   5  44   0   0  14   0   0   0   0   0   0   0   0  17   0   0   0   0  0.58 0.13
  164 N   -2  0  4  1 -3  0  1 -2 -1 -2 -1  4 -2 -3 -2 -1 -1 -4 -3 -1    0   0  37   6   0   0   6   0   0   0   7  37   0   0   0   0   0   0   0   7  0.45 0.14
  165 L   -1 -3 -4 -4 -2 -2 -3 -4 -3  3  3 -3  4  0 -3 -3 -2 -2  1  1    5   0   0   0   0   0   0   0   0  26  41   0  20   0   0   0   0   0   7   0  0.47 0.13
  166 M    0  0  1  4 -4  0  4 -2 -1 -3 -3 -1  0 -4 -2  0 -1 -4 -3 -3    7   5   5  37   0   0  34   0   0   0   0   0   5   0   0   7   0   0   0   0  0.58 0.14
  167 M   -2 -3 -4 -5 -3 -2 -4 -4 -3  1  3 -3  8 -1 -4 -3 -2 -3 -2  0    0   0   0   0   0   0   0   0   0   7  20   0  73   0   0   0   0   0   0   0  1.09 0.26
  168 I   -2 -3 -4 -4 -2 -3 -4 -4 -4  4  2 -3  1 -1 -3 -3 -1 -3 -2  4    0   0   0   0   0   0   0   0   0  35  19   0   0   0   0   0   0   0   0  45  0.59 0.15
  169 V    0  0  2  3 -3  1  2 -2 -1 -3 -3  0 -2 -3 -2  2  1 -4 -3 -1    7   4  11  25   0   9  13   0   0   0   0   0   0   0   0  20   7   0   0   5  0.34 0.09
  170 R   -1  1  1  4 -3 -1  0  1 -1 -3 -3  0 -3 -2 -2  1 -1 -2  2 -3    0  12   7  35   0   0   0  13   0   0   0   6   0   0   0  14   0   0  13   0  0.39 0.11
  171 E   -2 -1 -2  0 -5  1  7 -3 -1 -5 -4  0 -3 -5 -2 -1 -2 -4 -3 -4    0   0   0   0   0   0 100   0   0   0   0   0   0   0   0   0   0   0   0   0  1.41 0.28
  172 Q   -1  2  0  2  3  4  0 -2 -1 -3 -1  0 -2 -3 -2 -1  0 -3 -3 -2    5  14   4  18  10  36   0   0   0   0   6   0   0   0   0   0   6   0   0   0  0.39 0.13
  173 E   -2 -1 -2  0 -5  1  7 -3 -1 -5 -4  0 -3 -5 -2 -1 -2 -4 -3 -4    0   0   0   0   0   0 100   0   0   0   0   0   0   0   0   0   0   0   0   0  1.41 0.28
  174 W   -3  0 -4 -5  2 -3 -4 -4 -3 -2 -2 -3 -2  4 -4 -3 -3 10  3  1    0   6   0   0   7   0   0   0   0   0   0   0   0  22   0   0   0  45   7  14  1.32 0.22
  175 M   -2 -3 -4 -4 -3 -2 -4 -4 -3  2  2 -3  8  1 -4 -3 -2 -3 -2  0    0   0   0   0   0   0   0   0   0  14   7   0  73   6   0   0   0   0   0   0  1.03 0.26
  176 I   -2 -3 -4 -4 -2 -3 -3 -4 -3  4  2 -3  3  1 -3 -3 -1 -2  1  2    0   0   0   0   0   0   0   0   0  36  23   0   9   6   0   0   0   0   7  19  0.42 0.11
  177 P   -1 -2 -2 -2 -4 -2 -2 -3 -3 -4 -4  0 -3 -5  8  1 -2 -5 -4 -3    0   0   0   0   0   0   0   0   0   0   0   8   0   0  79  14   0   0   0   0  1.79 0.23
  178 I    1 -3 -2  0 -2 -2 -2 -2 -3  4  0 -2  2 -1 -2  0  1 -3 -2  2   21   0   0   7   0   0   0   0   0  45   0   0   7   0   0   5   8   0   0   7  0.23 0.10
  179 G    0 -2  1  1 -3 -2 -2  5 -2 -4 -4 -2 -3 -4 -2  1  0 -3 -3 -3    5   0   7   7   0   0   0  59   0   0   0   0   0   0   0  16   5   0   0   0  0.69 0.12
  180 K    0  2  0 -1 -2  2  1 -2 -1 -3 -3  2 -2 -3 -2  2  2 -3 -2 -2    6  16   0   0   0  16   5   0   0   0   0  19   0   0   0  22  16   0   0   0  0.33 0.08
  181 Y   -1 -1 -2 -2 -2 -1 -2 -2 -1 -1  0  0  0  5 -2 -1  0  0  4 -1    2   1   1   1   0   1   1   2   0   1   9  10   0  38   1   2  10   0  18   1  0.31 0.06
  182 K   -1  2 -1 -1 -2  0  2 -2 -1 -1 -1  2  1  1 -2 -1  0 -2 -1  0    1  19   1   1   0   1  23   1   0   1   1  14   9   9   1   1   6   0   1   9  0.16 0.05
  183 I   -1 -3 -4 -4 -2 -3 -4 -4 -4  4  1 -3  0 -1 -3 -3 -1 -3 -2  4    0   0   0   0   0   0   0   0   0  50   6   0   0   0   0   0   0   0   0  44  0.60 0.13
  184 T   -1 -3 -2  0 -2 -2 -2 -3 -3  2  1 -3  0  2 -3 -2  1 -2  0  3    0   0   0   7   0   0   0   0   0   6  15   0   0  16   0   0  12   0   0  45  0.26 0.08
  185 S   -1  3  1  2 -3  0  2  0 -1 -1 -2  0 -2 -3 -2  1  0 -3 -2 -2    0  24   9  10   0   0  18   9   0   7   1   0   0   0   0  20   0   0   0   0  0.24 0.05
  186 I   -2 -3 -3 -2 -2 -2  0 -4  2  5  1 -2  0 -1 -3 -2 -1 -3 -1  1    0   0   0   0   0   0  10   0   8  69   7   0   0   0   0   0   0   0   0   0  0.38 0.11
  187 S    1 -1  1  1 -2  0  3 -2 -1  1 -2  0 -1 -2 -2  0 -1 -3 -2 -1   17   0   9   7   0   0  39   0   0  18   1   0   0   0   0   7   0   0   0   0  0.24 0.07
  188 K   -2 -1  0  5 -4  2  3 -2 -1 -4 -4  2 -3 -4 -2 -1 -1 -4 -3 -3    0   0   0  53   0  14  18   0   0   0   0  15   0   0   0   0   0   0   0   0  0.73 0.11
  189 E   -1  2 -1  1 -2  0  2 -3 -2  0  1  1  0 -2 -2 -1  0 -3 -2  1    0  17   0   7   0   0  16   0   0   0  17  12   0   0   0   0   7   0   0  23  0.14 0.05
  190 K    1 -1 -1  1 -2  1  2 -2  0 -1 -2  0 -1  0 -2  0 -1  4  3  0   13   0   0   6   0   8  18   1   0   0   1   7   0   0   0   7   0   8  17  10  0.20 0.05
  191 L   -2 -2  0 -1 -2 -1  1 -3  0  1  0 -1  0  2 -2 -1 -1  0  4  0    1   0   8   0   0   0  19   1   0  17   8   0   0   7   0   1   0   0  30   7  0.21 0.06
  192 H    0 -1  2  3 -3 -1  0 -2  4 -3 -3 -1 -2 -1  1  0 -1 -1  3 -2   11   0  16  27   0   0   1   1  14   0   1   0   0   0   8   1   0   0  18   1  0.33 0.06
  193 D   -1 -1 -1  2  3  1  0 -2 -2 -2 -2  2 -2 -3  4  0 -1 -3 -2 -1    1   0   0  15  11   9   1   1   0   0   1  19   0   0  26   8   0   0   0   7  0.41 0.06
  194 S   -1 -1  1 -1 -2 -1 -1  1 -1  0  1  1  0 -2  1  0  0 -3 -2 -1    1   0  11   0   0   0   1  16   0   8  20  19   0   0   7   8   8   0   0   1  0.10 0.03
  195 F   -1 -2  1 -1  2 -1 -1  1  0 -2 -1 -1 -1  3 -2  1  0  0  3 -2    1   1   9   1   8   1   1  13   0   1   1   1   0  17   1  22   1   0  19   1  0.18 0.04
  196 G    0  1  0  1 -2 -1 -1  3 -2 -3 -3 -1 -2 -3  2  1  1 -3 -3 -2    0  11   0  12   0   0   0  33   0   0   0   0   0   0  10  19  16   0   0   0  0.36 0.05
  197 T   -1  1 -1 -2 -2  1 -1 -2 -2  0  2 -1  2 -1 -2  1  3 -2 -2  0    0   9   0   0   0   8   0   0   0   0  31   0   8   0   0  10  35   0   0   0  0.20 0.06
  198 F   -2 -2 -2 -3 -3 -2 -3  0  3  1 -1 -2 -1  3 -3 -2 -2  1  6  0    0   0   0   0   0   0   0   8   8  12   0   0   0   8   0   0   0   0  56   8  0.59 0.10
  199 K   -1  1 -1 -1 -2  0  1 -2 -2 -2 -2  2 -1 -3 -2  0  4 -3 -2 -1    0   8   0   0   0   0  12   0   0   0   0  20   0   0   0   0  61   0   0   0  0.44 0.10
  200 V    0 -3 -4 -4 -2 -3 -3 -4 -4  5  1 -3  1 -1 -3 -2 -1 -3 -2  3    8   0   0   0   0   0   0   0   0  66   0   0   0   0   0   0   0   0   0  26  0.48 0.09
  201 Y   -2 -3 -3 -4 -3 -2 -3 -4  0  2  0 -3  0  2 -4 -3 -2  5  6  0    0   0   0   0   0   0   0   0   0  21   9   0   0   0   0   0   0  10  60   0  0.73 0.10
  202 D   -2  0  3  2 -3  0  0 -2  5 -3 -3  1 -2 -3 -2  0  2 -3 -1 -3    0   0  19  18   0   0   0   0  32   0   0  12   0   0   0   0  20   0   0   0  0.43 0.07
  203 I   -2 -3 -4 -4 -2 -3 -3 -4 -3  2  4 -3  1  3 -3 -3 -2 -1  0  1    0   0   0   0   0   0   0   0   0   9  61   0   0  21   0   0   0   0   0   9  0.43 0.06
  204 E   -1 -1  0  4 -3  0  3 -2 -1 -2 -1  1 -2 -3 -2  2 -1 -3 -2 -2    0   0   0  30   0   0  27   0   0   0   9  12   0   0   0  22   0   0   0   0  0.37 0.05
  205 V    0 -2 -3 -3 -1 -2 -3 -3 -3  2  3 -2  3  0 -3 -2 -1 -2 -1  2   12   0   0   0   0   0   0   0   0  15  41   0  18   0   0   0   0   0   0  13  0.28 0.03
  206 V   -1 -3 -4 -4 -1 -3 -3 -4 -3  4  2 -3  1 -1 -3 -2 -1 -3 -2  3    0   0   0   0   0   0   0   0   0  41  18   0   0   0   0   0   0   0   0  40  0.40 0.04
  207 E   -1  0  0  2 -4  2  5 -2  0 -3 -3  1 -2 -3 -1  0 -1 -3 -2 -3    0   0   0   0   0   0 100   0   0   0   0   0   0   0   0   0   0   0   0   0  0.74 0.00

                      K         Lambda
Standard Ungapped    0.1320     0.3171
Standard Gapped      0.0410     0.2670
PSI Ungapped         0.1261     0.3171
PSI Gapped           0.0386     0.2670
