
Last position-specific scoring matrix computed, weighted observed percentages rounded down, information per position, and relative weight of gapless real matches to pseudocounts
           A  R  N  D  C  Q  E  G  H  I  L  K  M  F  P  S  T  W  Y  V   A   R   N   D   C   Q   E   G   H   I   L   K   M   F   P   S   T   W   Y   V
    1 M   -1 -1 -2 -3 -1  0 -2 -3 -2  1  2 -1  6  0 -3 -2 -1 -1 -1  1    0   0   0   0   0   0   0   0   0   0   0   0 100   0   0   0   0   0   0   0  0.33 0.00
    2 S    1 -1  1  0 -1  0  0  0 -1 -2 -3  0 -2 -2 -1  4  1 -3 -2 -2    0   0   0   0   0   0   0   0   0   0   0   0   0   0   0 100   0   0   0   0  0.45 0.00
    3 Q   -1  1  0  0 -3  6  2 -2  0 -3 -2  1  0 -3 -1  0 -1 -2 -1 -2    0   0   0   0   0 100   0   0   0   0   0   0   0   0   0   0   0   0   0   0  0.64 0.00
    4 V    0 -3 -3 -3 -1 -2 -3 -3 -3  3  1 -2  1 -1 -2 -2  0 -3 -1  4    0   0   0   0   0   0   0   0   0   0   0   0   0   0   0   0   0   0   0 100  0.34 0.00
    5 T    0 -1  0 -1 -1 -1 -1 -2 -2 -1 -1 -1 -1 -2 -1  1  5 -3 -2  0    0   0   0   0   0   0   0   0   0   0   0   0   0   0   0   0 100   0   0   0  0.46 0.00
    6 E   -1  0  0  2 -4  2  5 -2  0 -3 -3  1 -2 -3 -1  0 -1 -3 -2 -3    0   0   0   0   0   0 100   0   0   0   0   0   0   0   0   0   0   0   0   0  0.73 0.00
    7 Q   -1  1  0  0 -3  6  2 -2  0 -3 -2  1  0 -3 -1  0 -1 -2 -1 -2    0   0   0   0   0 100   0   0   0   0   0   0   0   0   0   0   0   0   0   0  0.64 0.00
    8 S    1 -1  1  0 -1  0  0  0 -1 -2 -3  0 -2 -2 -1  4  1 -3 -2 -2    0   0   0   0   0   0   0   0   0   0   0   0   0   0   0 100   0   0   0   0  0.45 0.00
    9 V   -1 -2 -3 -3 -1 -1 -2 -3 -2  2  2 -2  5  0 -3 -2 -1 -2 -1  2    0   0   0   0   0   0   0   0   0   0  17   0  51   0   0   0   0   0   0  31  0.32 0.02
   10 R   -2  5  0 -2 -4  1  0 -2  5 -3 -3  2 -2 -3 -2 -1 -1 -3  0 -3    0  73   0   0   0   0   0   0  27   0   0   0   0   0   0   0   0   0   0   0  0.66 0.03
   11 F   -2 -3 -3 -4 -2 -3 -3 -4 -1  0  2 -3  1  5 -3 -3 -2  0  3  0    0   0   0   0   0   0   0   0   0   0  40   0   0  46   0   0   0   0  14   0  0.48 0.03
   12 Q   -1  0  0 -1 -3  4  0 -2  4 -3 -2  0 -1 -3  3  0  1 -3 -1 -2    0   0   0   0   0  39   0   0  20   0   0   0   0   0  21   0  20   0   0   0  0.49 0.03
   13 T    1 -2 -1 -2 -1 -1 -1 -2 -2  0  0 -1  2 -1 -2  2  2 -3 -2  1   14   0   0   0   0   0   0   0   0   0   0   0  20   0   0  21  26   0   0  20  0.17 0.02
   14 A    3 -2 -1 -2 -1 -1 -1  2 -2  1 -1 -1 -1 -2 -1  1  0 -3 -2  0   56   0   0   0   0   0   0  14   0  18   0   0   0   0   0  12   0   0   0   0  0.26 0.03
   15 L   -1 -1 -3 -3 -2 -1 -2 -3 -2  2  3  1  3  0 -3 -2 -1 -2 -1  1    0   0   0   0   0   0   0   0   0  17  53  18  12   0   0   0   0   0   0   0  0.26 0.03
   16 A    3 -2 -1 -2 -2 -1 -2  4 -2 -2 -3 -1 -2 -3 -2  0  1 -3 -3 -1   39   0   0   0   0   0   0  49   0   0   0   0   0   0   0   0  12   0   0   0  0.52 0.03
   17 S    3 -2 -1 -2 -1 -1 -1  0 -2 -1 -1 -1 -1 -2 -1  2  0 -3 -2  1   61   0   0   0   0   0   0   0   0   0   0   0   0   0   0  22   0   0   0  17  0.31 0.04
   18 I   -1 -3 -3 -4 -1 -2 -3 -4 -3  3  3 -3  3  0 -3 -2 -1 -2 -1  2    0   0   0   0   0   0   0   0   0  34  31   0  17   0   0   0   0   0   0  18  0.35 0.03
   19 K   -1  4  2 -1 -3  2  0 -2  0 -3 -3  3 -2 -3 -2  0 -1 -3 -2 -3    0  31  18   0   0  17   0   0   0   0   0  34   0   0   0   0   0   0   0   0  0.48 0.03
   20 L   -1 -3 -4 -4 -1 -2 -3 -4 -3  2  4 -3  2  0 -3 -3 -1 -2 -1  2    0   0   0   0   0   0   0   0   0   0  82   0   0   0   0   0   0   0   0  18  0.47 0.04
   21 I   -1 -3 -3 -3 -1 -2 -3 -4 -3  3  2 -3  3  0 -3 -2 -1 -3 -1  3    0   0   0   0   0   0   0   0   0  39  14   0  17   0   0   0   0   0   0  30  0.35 0.03
   22 Q   -1  0 -1  2 -3  3  1 -2  0 -1  0  1  0  0 -2 -1 -1 -1  3 -2    0   0   0  17   0  34   0   0   0   0  18  14   0   0   0   0   0   0  17   0  0.23 0.03
   23 A    3 -1 -1  1 -1  0  0  0 -2 -2 -2  1 -1 -3 -1  2  0 -3 -2 -1   60   0   0  10   0   0   0   0   0   0   0  15   0   0   0  15   0   0   0   0  0.31 0.04
   24 S    0 -1  0 -1 -2  0  1  3 -1 -2 -1 -1 -1 -2 -2  3  0 -3 -2 -2    0   0   0   0   0   0  15  28   0   0  13   0   0   0   0  45   0   0   0   0  0.29 0.04
   25 A    3 -2 -1 -2  4 -2 -2  3 -2 -2 -2 -1 -2 -3 -2  0  1 -3 -2 -1   47   0   0   0  15   0   0  25   0   0   0   0   0   0   0   0  13   0   0   0  0.38 0.04
   26 V   -1  1 -1 -2 -2 -1 -2 -2 -1  2  0 -1  0 -1 -2  1  1 -2  1  2    0  13   0   0   0   0   0   0   0  28   0   0   0   0   0  15  15   0  10  19  0.12 0.03
   27 L   -1 -3 -3 -3  3 -3 -3  0 -3  2  3 -3  1  0 -3 -2 -1 -2 -2  1    0   0   0   0  10   0   0  12   0  22  56   0   0   0   0   0   0   0   0   0  0.31 0.05
   28 D   -1 -1  3  2 -3  1  0  4 -1 -4 -4 -1 -3 -3 -2  1 -1 -3 -3 -3    0   0  27  15   0   9   0  37   0   0   0   0   0   0   0  11   0   0   0   0  0.50 0.06
   29 L   -2 -3 -4 -4 -2 -3 -3 -4 -3  3  3 -3  1  2 -3 -3 -1 -2 -1  2    0   0   0   0   0   0   0   0   0  36  38   0   0   9   0   0   0   0   0  17  0.41 0.06
   30 T    0 -1 -1 -1 -2  1 -1  0 -2 -1  0 -1 -1 -2 -2  2  4 -3 -2 -1    0   0   0   0   0   9   0   9   0   0  10   0   0   0   0  16  56   0   0   0  0.35 0.08
   31 E   -1 -1  0  3 -4  2  4 -2 -1 -4 -3  1 -2 -4  3 -1 -1 -4 -3 -3    0   0   0  19   0   7  48   0   0   0   0   8   0   0  18   0   0   0   0   0  0.66 0.07
   32 D    3 -1  0  4 -2  0  2 -1 -2 -3 -3  1 -2 -3 -1  0 -1 -4 -3 -2   46   0   0  32   0   0  14   0   0   0   0   8   0   0   0   0   0   0   0   0  0.40 0.07
   33 D   -2 -1  2  5 -4  0  4 -2 -1 -4 -4  0 -3 -4 -2 -1 -1 -4 -3 -3    0   0   9  54   0   0  37   0   0   0   0   0   0   0   0   0   0   0   0   0  0.84 0.09
   34 F   -2 -3 -3 -4 -3 -3 -3 -4 -1  0  1 -3  0  6 -4 -3 -2  5  4  0    0   0   0   0   0   0   0   0   0   0  10   0   0  54   0   0   0  10  17   9  0.74 0.09
   35 D    0  1  0  3 -3  2  3 -2 -1 -3 -3  2 -2 -4 -2  0 -1 -3 -2 -3   10   9   0  22   0   9  32   0   0   0   0  18   0   0   0   0   0   0   0   0  0.45 0.06
   36 F   -2  2 -2 -3 -2  1 -1 -3 -2  1  2  0  0  3 -3 -2 -1 -2  0  1    0  18   0   0   0  10   0   0   0   9  26   7   0  20   0   0   0   0   0   9  0.17 0.04
   37 L   -2 -3 -4 -4 -2 -3 -3 -4 -3  1  3 -3  1  3 -3 -3 -1 -2  0  2    0   0   0   0   0   0   0   0   0   0  57   0   0  17   0   0   0   0   0  26  0.43 0.07
   38 T   -1  1 -1 -2 -2 -1 -1 -2 -2  0 -1  1 -1 -2 -2  0  4 -3 -2  1    0  10   0   0   0   0   0   0   0   8   0  10   0   0   0   0  63   0   0   9  0.38 0.08
   39 S    1 -2  0 -1 -2  1 -1  4 -2 -3 -3 -1 -2 -3 -2  2 -1 -3 -3 -3    9   0   0   0   0  10   0  52   0   0   0   0   0   0   0  28   0   0   0   0  0.59 0.07
   40 N   -1 -1  3  4 -3  0  2 -1 -1 -3 -3 -1 -3 -3 -2  1  1 -4 -3 -3    0   0  20  35   0   0  19   0   0   0   0   0   0   0   0  15  10   0   0   0  0.51 0.06
   41 K    0  0  0 -1 -2  2  2 -2  4 -3 -3  2 -2 -3 -2  1  2 -3 -1 -2    7   0   0   0   0   9  17   0  18   0   0  20   0   0   0  10  18   0   0   0  0.30 0.05
   42 V   -1 -2 -3 -3 -2  0 -2 -3 -3  0  0 -2 -1  1  5 -2 -1 -3 -1  2    0   0   0   0   0   8   0   0   0   0  10   0   0   9  40   0   0   0   0  33  0.62 0.07
   43 W   -4 -4 -5 -5 -3 -3 -4 -4 -3 -4 -3 -4 -2  0 -5 -4 -4 12  1 -4    0   0   0   0   0   0   0   0   0   0   0   0   0   0   0   0   0 100   0   0  3.17 0.22
   44 I    0 -2 -2  1 -2 -2 -2 -2 -2  2  2 -2  3 -1 -2  0  1 -3 -2  1    7   0   0  10   0   0   0   0   0  30  19   0  16   0   0   9   9   0   0   0  0.15 0.04
   45 A    3 -2 -1 -2 -1 -2 -2  3 -2 -2 -1 -1 -1 -2 -2  1 -1 -3 -2 -1   47   0   0   0   0   0   0  34   0   0  10   0   0   0   0   9   0   0   0   0  0.41 0.06
   46 T    1 -1  0  1 -2  1  0  1 -2 -1 -2  1 -1 -3 -2  1  3 -3 -2  0    9   0   0   9   0   8   0  10   0   0   0  10   0   0   0   9  39   0   0   7  0.22 0.05
   47 D   -2 -1  0  5 -4  3  3 -2 -1 -4 -4  0 -3 -4 -2 -1 -1 -4 -3 -3    0   0   0  58   0  18  24   0   0   0   0   0   0   0   0   0   0   0   0   0  0.81 0.09
   48 R   -2  7 -1 -2 -4  0 -1 -3 -1 -4 -3  2 -2 -4 -3 -1 -2 -3 -2 -3    0 100   0   0   0   0   0   0   0   0   0   0   0   0   0   0   0   0   0   0  1.19 0.15
   49 S   -1 -1  3 -1 -3  2  0  1 -1 -2 -2 -1  1 -3  3  1  0 -3 -2 -2    0   0  24   0   0  18   0   9   0   0   0   0  10   0  19  14   7   0   0   0  0.37 0.06
   50 R    1  4  1 -2 -3  1  0 -2  2 -2 -2  1 -1 -3 -2 -1 -1 -3 -2  0   18  48   9   0   0   9   0   0   7   0   0   0   0   0   0   0   0   0   0   9  0.37 0.07
   51 A    1 -2 -3 -3 -1 -2 -2 -3 -3  2  1 -2  4 -1 -2 -1 -1 -3 -2  3   20   0   0   0   0   0   0   0   0  10   0   0  27   0   0   0   0   0   0  42  0.32 0.08
   52 R   -1  4 -1 -2 -2  0  1 -3 -1 -2 -1  0  3 -2 -2  0  3 -3 -2 -1    0  37   0   0   0   0  10   0   0   0   0   0  17   0   0   0  36   0   0   0  0.37 0.08
   53 R    0  4  1 -1 -3  1  0 -2 -1 -2 -2  2 -1 -3 -2  1 -1 -3 -2 -1    9  49   8   0   0   7   0   0   0   0   0   9   0   0   0  10   0   0   0   8  0.40 0.06
   54 C    1 -3 -3 -3  5 -2 -3 -2 -3  1  1 -2  0 -2 -2 -1  1 -3 -2  3   17   0   0   0  23   0   0   0   0   0   9   0   0   0   0   0   8   0   0  43  0.35 0.07
   55 V   -1 -2 -3 -4 -2 -2 -3 -4 -3  1  3 -3  4  1 -3 -2 -1 -2 -1  2    0   0   0   0   0   0   0   0   0   0  46   0  27   7   0   0   0   0   0  20  0.42 0.07
   56 E   -2 -1  2  3 -4  1  4 -2  2 -3 -3  0 -3 -3 -2  0  0 -4 -2 -3    0   0  10  19   0   0  55   0   8   0   0   0   0   0   0   0   7   0   0   0  0.60 0.08
   57 A    3 -2 -1 -2 -1 -1 -1  1 -2 -1 -2 -1 -1 -2 -1  2  3 -3 -2  0   37   0   0   0   0   0   0   9   0   0   0   0   0   0   0  17  27   0   0  10  0.29 0.06
   58 C    0 -3 -4 -4  5 -3 -3 -3 -3  1  4 -3  1 -1 -3 -2 -1 -2 -2  0    9   0   0   0  20   0   0   0   0   0  70   0   0   0   0   0   0   0   0   0  0.51 0.08
   59 V    0 -2 -2 -3  3 -2 -2 -3 -3  2  1 -2  2 -1 -2 -1  2 -3 -2  2    9   0   0   0   9   0   0   0   0  18  16   0  10   0   0   0  18   0   0  20  0.21 0.04
   60 Y   -2 -2  2 -2 -3  1 -1 -3  3 -2 -2 -2 -1  3 -3 -2 -2  5  5 -2    0   0  17   0   0  10   0   0   9   0   0   0   0  19   0   0   0   8  37   0  0.56 0.08
   61 G    2 -2 -1 -2 -2 -2 -2  5 -2 -3 -3 -2 -3 -3 -2  2 -1 -3 -3 -3   17   0   0   0   0   0   0  63   0   0   0   0   0   0   0  19   0   0   0   0  0.74 0.08
   62 T    1 -2 -1 -2  3 -1 -1 -2 -2  0 -1 -1 -1 -2 -2  2  3 -3 -2  1    9   0   0   0  10   0   0   0   0   0   0   0   0   0   0  27  37   0   0  18  0.31 0.07
   63 L   -1 -2 -3 -4  3 -2 -3 -3 -3  1  3 -2  4  0 -3 -2  0 -2 -2  1    0   0   0   0   9   0   0   0   0   0  46   0  27   0   0   0   9   0   0   8  0.38 0.07
   64 D   -2 -2  1  6 -4  1  2 -2 -1 -4 -4 -1 -3 -4 -2  1 -1 -4 -3 -3    0   0   0  72   0  10   9   0   0   0   0   0   0   0   0   9   0   0   0   0  0.87 0.10
   65 F    1 -2 -2 -3 -2 -2 -2 -2  2  2  1 -2  0  2 -2  0 -1 -1  2  1   16   0   0   0   0   0   0   0   9  17  18   0   0  14   0  10   0   0   7  10  0.13 0.03
   66 V    2  0 -2 -3 -1  1 -1 -2 -2  1  2 -1  2 -1 -2 -1 -1 -2 -2  1   28   9   0   0   0   9   0   0   0   7  25   0   8   0   0   0   0   0   0  14  0.14 0.04
   67 G    1 -2  1 -1 -3  1 -2  5 -2 -4 -4 -1 -3 -4 -2  0 -2 -3 -3 -3    9   0   8   0   0   9   0  74   0   0   0   0   0   0   0   0   0   0   0   0  0.85 0.09
   68 Y   -2 -3 -3 -4 -2 -3 -3 -4 -2  3  3 -3  1  2 -3 -3 -1 -1  2  2    0   0   0   0   0   0   0   0   0  29  43   0   0   7   0   0   0   0  14   8  0.38 0.06
   69 P   -1 -3 -3 -2 -4 -2 -2  1 -3 -4 -4 -2 -3 -4  8 -1 -2 -4 -4 -3    0   0   0   0   0   0   0  10   0   0   0   0   0   0  90   0   0   0   0   0  2.01 0.14
   70 R   -1  6 -1 -2 -3  0 -1 -3 -1 -3 -3  1 -2 -3  2  0  1 -3 -2 -3    0  72   0   0   0   0   0   0   0   0   0   0   0   0  10   9   9   0   0   0  0.72 0.10
   71 F   -2 -3 -3 -3 -2 -3 -3 -3 -2  2  1 -3  0  6 -4  0 -2  0  2  0    0   0   0   0   0   0   0   0   0  18  10   0   0  62   0  10   0   0   0   0  0.56 0.09
   72 P    0  0 -1  1 -3  4  3 -2 -1 -3 -3  0 -2 -4  3  0  0 -3 -2 -2    7   0   0   8   0  37  27   0   0   0   0   0   0   0  14   0   7   0   0   0  0.52 0.07
   73 A    1 -2 -3 -3 -1 -2 -2 -3 -3  1  2 -2  0 -1  3 -1  1 -3 -2  2   14   0   0   0   0   0   0   0   0   0  34   0   0   0  18   0   9   0   0  25  0.30 0.05
   74 P   -2 -3 -3 -2  3 -2 -2 -3 -3 -3 -3 -2 -3 -4  8 -2 -2 -4 -4 -3    0   0   0   0   9   0   0   0   0   0   0   0   0   0  91   0   0   0   0   0  2.08 0.15
   75 V    4 -2 -2 -2 -1 -1 -1  1 -2 -1 -2 -1 -1 -3 -2  1  0 -3 -2  1   67   0   0   0   0   0   0   9   0   0   0   0   0   0   0  10   0   0   0  14  0.39 0.08
   76 E   -2 -1 -1  1 -4  1  6 -3 -1 -4 -4  0 -3 -4 -2 -1 -2 -4 -3 -3    0   0   0   0   0   0 100   0   0   0   0   0   0   0   0   0   0   0   0   0  1.10 0.14
   77 F   -2 -3 -3 -4 -3 -3 -3 -4  0 -1 -1 -3 -1  5 -4 -3 -2  1  6  0    0   0   0   0   0   0   0   0   0   0   0   0   0  39   0   0   0   0  52  10  0.88 0.11
   78 I   -1  1 -2 -3 -2 -2 -2 -3 -3  4  1 -1  2 -1 -3 -2  1 -3 -2  2    0  15   0   0   0   0   0   0   0  48   9   0  11   0   0   0   9   0   0   8  0.26 0.06
   79 A    5 -2 -2 -2 -1 -1 -1  0 -2 -2 -2 -1 -2 -3 -1  1  0 -3 -2 -1   94   0   0   0   0   0   0   0   0   0   0   0   0   0   0   6   0   0   0   0  0.66 0.11
   80 A    5 -2 -2 -2 -1 -1 -1  1 -2 -2 -2 -1 -2 -3 -1  1  0 -3 -2 -1   83   0   0   0   0   0   0   8   0   0   0   0   0   0   0   8   0   0   0   0  0.56 0.09
   81 V    0 -2  1 -2 -2 -2 -2  2 -3  1  0 -2  0 -2 -3 -1 -1 -3 -2  3    8   0   9   0   0   0   0  22   0   0   9   0   0   0   0   0   0   0   0  52  0.22 0.06
   82 I   -2 -3 -4 -4 -2 -3 -4 -4 -4  5  2 -3  1 -1 -3 -3 -1 -3 -2  2    0   0   0   0   0   0   0   0   0  76  17   0   0   0   0   0   0   0   0   7  0.58 0.09
   83 A    3  0 -1 -2 -1 -1 -1  1 -2 -1 -2 -1 -1  1 -2  2  0 -2 -1  0   50   7   0   0   0   0   0   9   0   0   0   0   0   9   0  19   0   0   0   7  0.25 0.05
   84 Y   -1 -2 -1 -2 -2 -1  0 -3  4  0  0 -1  4  0 -3 -1  1 -1  3  0    0   0   0   0   0   0  10   0  17   0   0   0  30   0   0   0  16   0  18   9  0.27 0.07
   85 Y   -3 -3 -3 -4 -3 -3 -4 -4 -1 -1 -1 -3 -1  7 -4 -3 -3  1  5 -2    0   0   0   0   0   0   0   0   0   0   0   0   0  72   0   0   0   0  28   0  1.06 0.12
   86 V   -1 -3 -4 -4 -1 -3 -3 -4 -4  2  0 -3  0 -1 -3 -2 -1 -4 -2  5    0   0   0   0   0   0   0   0   0   0   0   0   0   0   0   0   0   0   0 100  0.70 0.12
   87 H   -1 -1  3  0 -3  0 -1  1  5 -4 -3 -1 -2 -3 -2  2  0 -3 -1 -3    0   0  26   0   0   0   0  10  32   0   0   0   0   0   0  32   0   0   0   0  0.52 0.08
   88 P    0 -2 -2 -2 -3 -1  0  0 -2 -3 -3 -1 -3 -4  7 -1 -2 -4 -3 -3   10   0   0   0   0   0   9   8   0   0   0   0   0   0  73   0   0   0   0   0  1.48 0.11
   89 V   -1 -3 -3 -3  4 -2 -3 -3 -3  2  0 -2  0 -2  2 -1  2 -3 -2  3    0   0   0   0  15   0   0   0   0   8   0   0   0   0  10   0  16   0   0  51  0.36 0.07
   90 N   -2 -1  7  1 -4 -1 -1 -1  0 -4 -4 -1 -3 -4 -3  0 -1 -5 -3 -4    0   0 100   0   0   0   0   0   0   0   0   0   0   0   0   0   0   0   0   0  1.21 0.15
   91 I    0 -2 -2 -3 -2 -2 -2 -3 -1  2  1  0  0  0 -3 -1  0  6  3  1    7   0   0   0   0   0   0   0   0  18  17  10   0   0   0   0   8  16  16   8  0.29 0.04
   92 Q    0 -1 -2 -2 -2  3 -1 -3  2  1  2 -1  4 -1 -2 -1 -1 -2 -1  0    8   0   0   0   0  28   0   0   7   7  18   0  33   0   0   0   0   0   0   0  0.27 0.07
   93 T    1 -2 -1 -2 -1 -1 -1 -2 -2  1 -1 -1 -1 -2  3  1  3 -3 -2  1    9   0   0   0   0   0   0   0   0   9   0   0   0   0  15  16  33   0   0  18  0.30 0.05
   94 A    5 -2 -2 -3  3 -2 -2 -1 -2 -2 -2 -1 -2 -3 -2  0 -1 -3 -2 -1   91   0   0   0   9   0   0   0   0   0   0   0   0   0   0   0   0   0   0   0  0.64 0.11
   95 C   -1 -4 -4 -4 10 -4 -5 -3 -4 -2 -2 -4 -2 -3 -4 -2 -2 -3 -3 -2    0   0   0   0 100   0   0   0   0   0   0   0   0   0   0   0   0   0   0   0  2.05 0.18
   96 L   -1  3 -1 -2 -2  1 -1 -3  3  1  1  0  0 -1 -2 -1 -1 -2 -1  1    1  25   0   0   0   9   1   1  16   9  19   1   0   0   0   1   1   0   0  16  0.16 0.04
   97 I   -2 -2 -3 -3 -2 -2 -3 -3 -2  2  0 -2 -1  3 -3 -2  0  8  3  1    1   0   0   0   0   0   1   1   0  19   1   1   0  15   0   1  10  31  10   9  0.65 0.06
   98 M   -1 -2 -2 -2 -2 -2 -2  1 -2  2  1 -2  2  2 -2 -2 -1 -1  0  1    1   1   1   1   0   1   1  15   0  15  16   1  15  15   1   1   1   0   0  15  0.13 0.05
   99 E    1 -1 -1  2 -3  2  4 -2 -1 -3 -3  0 -2 -4  2  0 -1 -4 -3 -3   13   0   0  12   0   9  56   0   0   0   0   0   0   0  10   0   0   0   0   0  0.61 0.11
  100 G   -1  2 -1 -2 -3  1 -2  4 -2 -1 -2 -1 -2 -2 -3 -1 -2  5 -2 -2    0  21   0   0   0  10   0  47   0   9   0   0   0   0   0   0   0  13   0   0  0.54 0.10
  101 A    2 -2  1  1 -2 -1 -1  2 -2  0 -2 -1 -1 -3  2  1 -1 -3 -2  0   23   0   8  12   0   0   0  16   0  11   0   0   0   0  11  13   0   0   0   5  0.21 0.05
  102 E    1 -1 -1  2 -2  0  3 -2 -1 -3 -3  0 -2 -3  3  2  1 -3 -3 -2   13   0   0  11   0   0  31   0   0   0   0   0   0   0  18  18   9   0   0   0  0.45 0.08
  103 F    1  2 -1 -2 -2 -1 -1  1 -1  0 -1 -1 -1  1 -2  1 -1  3  0 -1   21  20   0   0   0   0   0  11   0  12   0   0   0  10   0  18   0   5   3   0  0.14 0.06
  104 T    3 -2 -1 -2 -1 -1 -2  1 -2 -2 -2 -1 -1 -3 -2  1  4 -3 -2 -1   33   0   0   0   0   0   0  11   0   0   0   0   0   0   0   0  55   0   0   0  0.47 0.13
  105 E    1 -1  0  2 -3  2  4 -2 -1 -3 -3  0 -2 -3 -2  2 -1 -3 -2 -2    9   0   0   8   0  13  46   0   0   0   0   0   0   0   0  23   0   0   0   0  0.50 0.10
  106 N    0 -1  4  4 -3  0  1 -1 -1 -3 -2 -1  1 -3 -2  1 -1 -4 -3 -2   11   0  29  30   0   0   7   0   0   0   0   0  10   0   0  13   0   0   0   0  0.41 0.09
  107 I   -1 -2 -2 -3 -1 -2 -2 -3 -2  2  2 -2  2 -1 -2  0  0 -2 -1  2    1   0   0   1   0   0   1   1   0  19  28   1  10   0   0  12   1   0   0  24  0.22 0.05
  108 I    0 -2 -1  1 -2 -1  1  2 -2  1  0 -1 -1 -2  2 -1  1 -3 -2  0    7   0   0  13   0   0  11  18   0  13   9   0   0   0  12   0  11   0   0   5  0.15 0.04
  109 N    1  2  2 -1 -2  0  0 -1 -1 -3 -3  2 -2 -3  2  2  0 -3 -2 -2   12  18  13   0   0   0   0   0   0   0   0  22   0   0  11  23   0   0   0   0  0.34 0.07
  110 G    0 -3 -1 -2 -3 -2 -2  5 -2 -4 -4 -2 -3 -4 -2  1  1 -3 -3 -3    0   0   0   0   0   0   0  75   0   0   0   0   0   0   0  13  12   0   0   0  0.91 0.13
  111 V    1 -2 -1 -1 -1 -1  1 -2 -2  1 -1 -1 -1 -2  2  1  0 -3 -2  2   20   1   0   1   0   0  12   1   0  10   1   1   0   0  10  13   1   0   0  28  0.16 0.05
  112 E    1 -1 -1  1 -2  0  3 -1 -1 -1 -2 -1 -1 -2 -1  0  0  5 -1  0   23   1   0   9   0   0  29   1   0   1   1   1   0   0   1   1   8  12   0  12  0.27 0.07
  113 R   -1  3  0  0 -2  3  2 -2  0 -2 -2  1 -1 -2 -1  0  1 -2 -2 -2    2  32   1   1   0  18  21   1   0   1   2   1   0   1   1   1  13   0   1   1  0.35 0.06
  114 P   -1 -2 -2 -1 -3 -1  1 -2  2 -3 -3 -1 -3 -3  7 -1 -2 -3 -2 -3    1   1   0   1   0   0  12   1   9   1   1   1   0   0  70   1   1   0   0   1  1.41 0.14
  115 V    1 -2 -3 -3  3 -2 -2 -2 -3  2  1 -2  0 -1 -2 -1 -1 -3 -2  3   13   1   0   1  10   0   1   1   0  13   6   1   0   0   1   1   1   0   0  50  0.27 0.07
  116 K    0  0  0 -1 -2  0 -1 -2 -2 -2 -2  2 -1 -3 -1  2  4 -3 -2 -1    1   1   0   1   0   0   1   1   0   1   1  19   0   0   1  13  59   0   0   1  0.43 0.11
  117 A    4 -2 -2 -2 -1 -1 -1  0 -2 -2 -2 -1 -1 -2  2  1  0 -3 -2 -1   72   1   1   1   0   0   1   1   0   1   1   1   0   0  11   8   1   0   0   1  0.46 0.09
  118 A    1  2 -1 -1 -2  4  0 -1 -1 -2 -2  2 -1 -3 -1  0  1 -2 -2 -2   21  18   1   1   0  32   1   1   0   1   1  10   0   0   1   1  12   0   0   1  0.30 0.06
  119 E   -1  0 -1  0 -4  5  5 -3  0 -4 -3  0 -2 -4 -2 -1 -1 -3 -2 -3    0   0   0   0   0  46  54   0   0   0   0   0   0   0   0   0   0   0   0   0  0.86 0.14
  120 L   -2 -3 -4 -4 -2 -2 -3 -4 -3  2  4 -3  3  0 -3 -3 -1 -2 -1  1    0   0   0   0   0   0   0   0   0  12  71   0   8   0   0   0   0   0   0   9  0.46 0.05
  121 F   -2 -2 -3 -3 -3 -2 -3 -3  3 -1  0 -3  2  6 -4 -2 -2  0  4 -1    0   0   0   0   0   0   0   0  12   0   0   0  12  64   0   0   0   0  12   0  0.66 0.08
  122 A    4 -1 -1 -2 -1 -1 -1  2 -2 -2 -2  1 -2 -3 -1  1 -1 -3 -2 -1   70   0   0   0   0   0   0  19   0   0   0  11   0   0   0   0   0   0   0   0  0.42 0.06
  123 F    0 -2 -2 -3 -2 -2 -2 -3  3  0  2 -2  2  3 -3 -2 -1 -1  3  0   12   0   0   0   0   0   0   0  12   0  34   0  11  19   0   0   0   0  12   0  0.24 0.04
  124 T   -1 -2 -2 -3  4 -2 -2 -3 -3  1  1 -2  0 -1 -2  0  3 -3 -2  2    0   0   0   0  16   0   0   0   0   0  20   0   0   0   0   0  39   0   0  25  0.27 0.03
  125 L   -1 -3 -3 -4 -1 -3 -3 -4 -3  3  3 -3  1  0 -3 -2 -1 -3 -1  3    0   0   0   0   0   0   0   0   0  29  36   0   0   0   0   0   0   0   0  35  0.37 0.03
  126 R   -1  4  0 -1 -4  5  1 -2  0 -3 -3  1 -1 -3 -2 -1 -1 -3 -2 -3    0  45   0   0   0  55   0   0   0   0   0   0   0   0   0   0   0   0   0   0  0.69 0.06
  127 V   -1 -3 -4 -4 -1 -2 -3 -4 -3  2  3 -3  2  0 -3 -2 -1 -2 -1  2    0   0   0   0   0   0   0   0   0  13  61   0   0   0   0   0   0   0   0  26  0.40 0.03
  128 R    1  3 -1 -1 -3  1  2 -2  3 -3 -2  2 -2 -1 -2  0 -1 -2  2 -2   15  23   0   0   0   0  24   0  12   0   0  14   0   0   0   0   0   0  12   0  0.30 0.04
  129 A    3 -1 -1 -1 -1 -1 -1 -1  3 -2 -2 -1 -2 -3  2  2  0 -3 -1 -1   47   0   0   0   0   0   0   0  13   0   0   0   0   0  12  28   0   0   0   0  0.39 0.06
  130 G    1 -2  0  3 -2 -1 -1  3  2 -2 -1 -1 -1 -2 -2  0 -1 -3 -2 -2   15   0   0  24   0   0   0  37  11   0  13   0   0   0   0   0   0   0   0   0  0.33 0.04
  131 N    0 -1  4  3 -2 -1  0 -1 -1 -3 -3 -1 -2 -3 -2  1  1 -4 -3 -2   12   0  36  28   0   0   0   0   0   0   0   0   0   0   0  11  13   0   0   0  0.45 0.05
  132 T    0 -2 -1 -1 -2 -1  1  1 -2 -1 -2 -1 -1 -3  2  1  3 -3 -2  0    0   0   0   0   0   0  15  13   0   0   0   0   0   0  11  12  36   0   0  14  0.25 0.04
  133 D   -1  1  0  4 -3  0  2 -2  3 -3 -3  0 -2 -3  2  1 -1 -4 -2 -3    0  14   0  36   0   0  15   0  11   0   0   0   0   0  12  12   0   0   0   0  0.46 0.04
  134 V    1 -2 -2  2 -1 -2 -1 -2 -3  2  1 -2  0 -1 -2 -1 -1 -3 -2  3   14   0   0  19   0   0   0   0   0  15  14   0   0   0   0   0   0   0   0  38  0.17 0.03
  135 L   -1  2 -2 -3  4 -1 -2 -3 -2  1  2 -1  0 -1 -3 -2 -1 -3 -2  2    0  26   0   0  15   0   0   0   0   0  26   0   0   0   0   0   0   0   0  33  0.23 0.03
  136 T    3 -1 -1  2 -1  0  2 -1 -1 -2 -2 -1 -1 -3 -1  1  2 -3 -2 -1   43   0   0  12   0   0  19   0   0   0   0   0   0   0   0   0  26   0   0   0  0.29 0.04
  137 D   -1  2  0  3 -2  2  0 -2 -1 -2  0  0 -1 -2 -2  1  1 -3 -2 -2    0  15   0  26   0  19   0   0   0   0  14   0   0   0   0  12  14   0   0   0  0.23 0.03
  138 A    1 -3 -3 -3 -2 -3 -3 -2 -2 -1  0 -3 -1  5 -3 -1 -2  6  2 -1   26   0   0   0   0   0   0   0   0   0   0   0   0  60   0   0   0  14   0   0  0.61 0.06
  139 E   -1 -1 -1  1 -3  1  5 -3 -1 -1 -2  0 -2 -3 -2 -1 -1 -3 -2  1    0   0   0   0   0   0  81   0   0   0   0   0   0   0   0   0   0   0   0  19  0.59 0.06
  140 E   -1  1  0  0 -3  1  3 -2 -1 -3 -3  4 -2 -3 -1  1  0 -3 -2 -3    0   0   0   0   0   0  26   0   0   0   0  55   0   0   0  19   0   0   0   0  0.45 0.05
  141 N   -1  0  4  3 -3  0  0 -1  0 -3 -3  2 -2 -3 -2  0  1 -4 -2 -2    0   0  40  19   0   0   0   0   0   0   0  27   0   0   0   0  14   0   0   0  0.43 0.04
  142 V    0 -2 -2 -3 -1 -2 -2 -3 -3  2  0 -2  0 -1 -2 -1  3 -3 -2  3    0   0   0   0   0   0   0   0   0  15   0   0   0   0   0   0  33   0   0  52  0.31 0.04
  143 R   -1  5  3 -1 -3  1  0 -2  0 -3 -3  3 -2 -3 -2  0 -1 -3 -2 -3    0  55  23   0   0   0   0   0   0   0   0  22   0   0   0   0   0   0   0   0  0.54 0.02
  144 Q   -1  4 -1 -2 -3  3  0 -3 -1 -1  1  2  0 -2 -2 -1 -1 -2 -2 -1    0  45   0   0   0  26   0   0   0   0  22   7   0   0   0   0   0   0   0   0  0.35 0.02
  145 K   -1  2  0 -1 -3  3  1 -2 -1 -3 -3  5 -1 -3 -1  0 -1 -3 -2 -2    0   0   0   0   0  23   0   0   0   0   0  77   0   0   0   0   0   0   0   0  0.54 0.03
  146 L   -2 -3 -4 -4 -1 -3 -3 -4 -3  3  3 -3  2  0 -3 -3 -1 -2 -1  2    0   0   0   0   0   0   0   0   0  46  54   0   0   0   0   0   0   0   0   0  0.40 0.02
  147 R   -1  4  0 -1 -3  3  1 -2  0 -3 -2  3 -1 -3 -2  0 -1 -3 -2 -3    0  41   0   0   0  31   0   0   0   0   0  28   0   0   0   0   0   0   0   0  0.53 0.01
  148 A    3 -2 -1 -2 -1 -1 -1  4 -2 -2 -2 -1 -2 -3 -1  1 -1 -3 -2 -1   59   0   0   0   0   0   0  41   0   0   0   0   0   0   0   0   0   0   0   0  0.46 0.00
  149 E   -1  0  0  2 -4  2  5 -2  0 -3 -3  1 -2 -3 -1  0 -1 -3 -2 -3    0   0   0   0   0   0 100   0   0   0   0   0   0   0   0   0   0   0   0   0  0.73 0.00
  150 G    0 -2  0 -1 -3 -2 -2  6 -2 -4 -4 -2 -3 -3 -2  0 -2 -3 -3 -3    0   0   0   0   0   0   0 100   0   0   0   0   0   0   0   0   0   0   0   0  1.04 0.00
  151 V    0 -3 -3 -3 -1 -2 -3 -3 -3  3  1 -2  1 -1 -2 -2  0 -3 -1  4    0   0   0   0   0   0   0   0   0   0   0   0   0   0   0   0   0   0   0 100  0.34 0.00
  152 M   -1 -1 -2 -3 -1  0 -2 -3 -2  1  2 -1  6  0 -3 -2 -1 -1 -1  1    0   0   0   0   0   0   0   0   0   0   0   0 100   0   0   0   0   0   0   0  0.33 0.00

                      K         Lambda
Standard Ungapped    0.1347     0.3230
Standard Gapped      0.0410     0.2670
PSI Ungapped         0.1297     0.3185
PSI Gapped           0.0397     0.2670
