
Last position-specific scoring matrix computed, weighted observed percentages rounded down, information per position, and relative weight of gapless real matches to pseudocounts
           A  R  N  D  C  Q  E  G  H  I  L  K  M  F  P  S  T  W  Y  V   A   R   N   D   C   Q   E   G   H   I   L   K   M   F   P   S   T   W   Y   V
    1 M   -2 -3 -4 -4 -2 -3 -3 -4 -3  3  3 -3  4 -1 -3 -3 -1 -3 -2  2    0   0   0   0   0   0   0   0   0  22  41   0  21   0   0   0   0   0   0  16  0.51 0.13
    2 M   -2 -2 -3 -3 -3 -2 -1 -4 -3  0  3 -1  6  0 -3 -1  2 -3 -2  0    0   0   0   0   0   0   4   0   0   3  30   4  31   4   0   4  17   0   0   4  0.45 0.22
    3 N   -3  2  5  3 -4 -1 -1 -1  0 -5 -5  1 -4 -4  0  0 -2 -5 -1 -4    0  14  37  21   0   0   2   2   2   0   0   7   0   0   5   7   0   0   3   0  0.68 0.30
    4 I   -3 -4 -4 -5 -3 -4 -4 -5 -1  5  2 -2  1  3 -2 -1 -1 -3  0  1    0   0   0   0   0   0   0   0   2  46  18   2   3  11   2   5   3   0   2   6  0.64 0.32
    5 K   -2  1  1  0 -1  1  2 -1  0 -4 -2  4 -2 -4 -1  0 -1 -5 -3 -2    1   6   8   3   2   7  14   4   2   0   4  34   1   0   3   8   3   0   0   2  0.39 0.26
    6 T   -1 -2 -2 -2 -3 -2 -3 -3 -1  4  0  0  0  0  3 -3  2 -4 -3  2    5   1   2   2   0   1   0   2   1  28   7   6   2   3  14   0  13   0   0  12  0.36 0.27
    7 N   -1  4  2 -1 -6  1  2 -3 -1 -6 -5  4 -3 -6 -3  0 -1 -6 -5 -5    4  21  12   3   0   5  14   1   1   0   1  25   1   0   1   8   4   0   0   0  0.68 0.42
    8 P   -4 -8 -8 -7 -3 -7 -5 -8 -8 -3 -3 -7 -7 -9  9 -6 -6 -9 -8 -2    2   0   0   0   1   0   1   0   0   2   3   0   0   0  89   0   0   0   0   3  3.00 1.22
    9 F   -2 -2 -3 -6 -6  2 -5 -2  3  2  0 -4  7  4 -6 -4 -3 -1 -1 -2    3   2   1   0   0  10   0   4   6  11   7   1  31  15   0   1   1   1   2   3  0.92 0.55
   10 K   -4  6 -3 -3 -7 -1 -4 -2 -2 -4  2  4 -1 -4 -4 -3 -5 -6 -5 -3    1  37   1   1   0   2   0   4   1   0  22  24   1   1   1   1   0   0   0   1  1.03 0.61
   11 A    4 -6 -6 -5 -1 -4 -4  0 -6 -4 -4 -4  3 -5  6 -3 -4 -7 -7 -3   37   0   0   1   1   0   1   7   0   1   1   0   8   0  38   2   0   0   0   2  1.35 0.75
   12 V   -1 -4 -3 -4 -4  1 -2 -4  1  0  3 -3  3 -2 -2 -2  0 -5 -1  3    6   1   1   1   0   6   2   1   3   4  29   1   7   1   2   3   6   0   2  25  0.43 0.33
   13 S    3  0  0  1 -2  0 -1 -3 -3 -3 -1  2  1 -5  1  1 -2 -5 -4 -3   27   5   4   8   1   3   3   1   0   1   6  15   4   0   6  12   1   0   0   1  0.35 0.31
   14 F    0 -3 -4 -4 -3  3 -1 -2 -1 -3 -1 -2  0  6  0 -1 -3  3  4 -2    8   1   1   1   1  13   4   3   2   1   5   2   3  29   4   4   2   4  11   3  0.62 0.41
   15 V   -1  1  2  1 -4  0  1 -3 -1  0 -2  1  2 -4  0  1  1 -4 -4 -1    5   7  11   8   0   5   8   0   1   6   4   9   7   0   4  11   9   0   0   5  0.19 0.20
   16 E    2 -1 -4 -1 -3 -2  5 -4 -4 -2  1 -1 -2 -5  1 -2 -2 -5 -5 -1   18   3   0   2   1   1  34   1   0   2  15   3   1   0   8   3   3   0   0   4  0.56 0.42
   17 S    2  1  0 -2 -4 -1  1 -3 -4 -5 -4  5 -4 -5  2  1 -1 -6 -4 -4   15   6   5   2   0   2  11   2   0   1   1  30   0   1  10  11   3   0   0   1  0.58 0.41
   18 A    2  2  0  0 -3  2  0  1 -1 -4 -2  0 -1 -3 -2  2  0 -5 -3 -2   17  10   3   5   0  11   5  10   1   0   4   5   2   1   1  16   4   0   1   2  0.26 0.24
   19 I    0 -3 -5 -4 -4 -4 -5 -5 -5  5  2 -3  0 -1 -2 -3 -2 -2 -3  3    8   1   1   1   0   1   0   1   0  30  21   2   2   2   2   2   3   1   1  23  0.74 0.41
   20 K    1  0 -1  2 -5  1  4 -2 -2 -4 -3  2 -3 -4 -2  0  0 -3 -4 -1   14   5   2  12   0   6  23   3   1   1   2  11   1   1   1   6   6   0   0   6  0.38 0.31
   21 K    1  0 -2  0 -6  0  4 -3 -1 -6 -4  4 -5 -6 -2 -1 -2 -6 -4 -4   12   5   1   6   0   4  28   2   2   0   2  27   0   0   2   5   3   0   0   1  0.76 0.50
   22 A    3 -2 -2 -2 -4 -4 -3 -3  0  3  0 -3  1 -2  2 -2 -2  4 -2  2   24   3   2   2   0   0   1   2   3  15   7   1   4   1   9   3   1   6   1  16  0.41 0.32
   23 L   -3 -4 -5 -6 -5 -4 -4 -5 -4  3  3 -3  2  5 -1 -4 -3  1 -3  1    3   1   1   0   0   1   1   1   0  16  31   2   5  21   3   1   1   2   1  10  0.79 0.42
   24 D    1 -1 -1  4 -5 -1  3 -2 -2 -5 -4  3 -4 -3  1  1 -1 -6 -5 -4   11   3   3  23   0   2  16   3   1   0   2  15   0   1   6   8   3   0   0   1  0.54 0.37
   25 N   -2  3  0  2 -5  0  3 -2  0 -3 -4  3 -4 -3  1 -1 -1 -6 -3 -4    3  17   4  10   0   4  18   4   2   1   2  18   0   1   6   4   4   0   1   1  0.48 0.34
   26 A    0 -2  1  2 -4  0  0  0  1 -1 -1  0  1  0  2  0 -1  0 -3 -1    7   1   7  14   0   3   5   7   3   4   7   5   5   5  12   7   3   1   0   4  0.15 0.15
   27 G   -1 -4 -2  1 -6 -2  1  6 -5 -6 -6  0 -3 -4 -1 -2 -3 -4 -6 -4    5   1   2   7   0   2   9  56   0   0   1   5   1   1   3   3   1   0   0   1  1.14 0.61
   28 Y   -2  1 -1  1 -4 -1  2 -3 -2 -4 -3  0 -4  0  2 -2  0  8  1 -2    4   9   3   8   0   3  12   2   1   1   3   5   0   4   9   2   5  20   5   3  0.63 0.42
   29 L    0 -5 -6 -5  3 -5 -5 -5 -3  1  2 -3  1  2 -1 -4 -2  7  0  4    8   0   0   1   6   0   1   1   1   6  16   2   3   8   4   1   2  13   2  26  0.74 0.42
   30 I    3 -2 -5 -4 -3 -2 -5 -3  0  2  1 -4 -1  3 -4 -2 -2  4  3  0   23   3   0   1   0   2   0   2   2  13  13   1   1  12   1   2   3   5  10   7  0.52 0.35
   31 A    2 -4 -4 -5  3 -3 -4 -3 -1  1 -1 -4 -2  4 -4 -1 -3 -4  4  3   16   1   1   1   6   1   1   2   1   8   6   1   1  14   1   5   1   0  12  22  0.61 0.35
   32 E   -8 -8 -5 -1 -7  2  8 -6 -8 -11 -10 -7 -4 -11 -9 -3 -4 -11 -10 -10    0   0   1   4   0   8  83   1   0   0   0   0   1   0   0   2   1   0   0   0  2.64 1.31
   33 I   -3 -1 -4 -2 -4 -4 -2 -4 -3  4  0 -5  2  0  3 -4  0  2  2  2    2   4   1   2   0   1   3   2   1  20  10   1   5   3  17   1   6   3   8  11  0.50 0.35
   34 K   -8 -6 -9 -9 -12 -7 -8 -10 -9 -11 -11  9 -10 -12 -10 -9 -9 -12 -10 -11    0   0   0   0   0   0   0   0   0   0   0  99   0   0   0   0   0   0   0   0  3.62 1.62
   35 Y   -3 -3 -10 -10 -9 -7 -4 -10 -3 -1  2 -6 -1  5 -10 -7 -8  8  7 -3    3   2   0   0   0   0   2   0   1   3  20   1   2  17   0   0   0  20  28   2  1.77 0.88
   36 D   -10 -10 -4  9 -12 -9 -6 -10 -10 -12 -12 -9 -12 -12 -10 -9 -10 -13 -12 -12    0   0   1  99   0   0   0   0   0   0   0   0   0   0   0   0   0   0   0   0  3.75 1.64
   37 G   -8 -11 -9 -10 -11 -10 -4  8 -10 -12 -12 -10 -11 -12 -11 -9 -10 -11 -12 -12    0   0   0   0   0   0   2  98   0   0   0   0   0   0   0   0   0   0   0   0  3.30 1.48
   38 V   -1 -6 -5 -7 -3 -2  1 -8 -3  3 -1 -7  2  3 -8 -5 -2 -3  7  2    5   0   1   0   1   2   9   0   1  14   5   0   5  10   0   1   3   0  30  14  1.04 0.60
   39 R   -10  9 -6 -10 -12 -5 -9 -11 -9 -11 -11 -6 -10 -6 -11 -9 -10 -11 -5 -11    0  98   0   0   0   0   0   0   0   0   0   0   0   1   0   0   0   0   1   0  3.70 1.63
   40 G    4 -6 -4 -6  6 -6 -5 -2 -6  2  1 -6  2 -3 -6 -3 -1 -6 -4  3   29   0   1   1  13   0   1   4   0  11  11   0   5   1   0   2   4   0   1  16  0.83 0.48
   41 N   -3 -4 -2 -5 -2  6 -3 -5 -2  3  3 -4  1 -4 -6 -4 -1 -6 -6  0    2   1   3   1   1  32   2   1   1  15  24   1   3   1   0   1   4   0   0   7  0.97 0.57
   42 I    4 -8 -7 -8  0 -8 -7 -4 -8  4  1 -8  1 -2 -7 -4 -1 -3 -5  3   27   0   0   0   2   0   0   1   0  23  14   0   3   2   0   2   3   0   0  20  1.01 0.58
   43 C    1  2 -4 -3  3 -2 -1 -3  8  0 -4 -5 -2  1 -8 -3 -1 -1  1 -1   11   9   1   2   5   2   4   3  33   5   2   0   1   5   0   2   4   1   4   5  1.05 0.60
   44 V   -2  1 -5 -6  0 -6 -5 -5 -3  4  1  3 -1  2 -7 -5 -4 -2  1  3    4   8   1   0   2   0   1   1   1  18  11  15   1   9   0   1   1   1   4  22  0.68 0.41
   45 D   -1  1  1  4 -3  0  1 -2  0 -2 -2  1 -1 -4 -4  0 -1 -1 -1 -2    5   8   7  24   1   4   8   3   3   2   5   8   2   1   1   8   4   1   2   4  0.33 0.25
   46 N   -2  1  2  1 -3 -1  2  3  1 -5 -4  3 -4 -5  0 -1 -2 -5 -3 -4    4   6  10   7   1   3  11  23   3   1   2  14   1   0   6   4   2   0   1   2  0.46 0.32
   47 T   -1 -2  1  5 -6 -2  1  3 -3 -5 -5  0 -6 -5 -3  0  0 -6 -6 -6    5   2   6  28   0   2  10  21   1   1   2   6   0   1   2   8   5   0   0   1  0.72 0.45
   48 A   -1  1 -1  1 -3  0  0  5 -2 -5 -5  2 -4 -6 -3 -1 -3 -3 -6 -4    5   7   3   6   1   4   7  39   1   1   2  13   0   0   2   4   2   0   0   2  0.72 0.45
   49 N   -1  2  0  1 -3  1  1 -1 -1  1 -3  1 -3 -3 -3 -1  0 -4 -1  3    4  10   5   8   1   5   9   4   2   7   2   9   1   1   1   5   7   0   2  18  0.21 0.19
   50 S    1  1 -4 -6 -2 -2 -1 -2 -5  1 -2  1  0 -2 -3 -2  1  0 -3  5   10   7   1   0   1   2   4   4   0   7   5   7   2   2   2   3   7   1   1  35  0.52 0.36
   51 Y   -2  4 -3 -4 -2  1 -1 -4  2  1  1  1 -1 -1 -5 -2  0 -3 -1  1    3  23   1   1   1   6   4   1   4   7  15   9   2   3   0   3   5   0   2   8  0.38 0.28
   52 W   -3 -2 -6 -7 -4 -5 -6 -6 -3  3  4 -5  0  5 -4 -6 -4  4  3 -1    3   3   0   0   0   1   1   1   1  12  30   1   2  22   1   0   1   6   9   5  1.02 0.54
   53 L   -4  0 -3 -3 -4 -2 -3 -4 -1  0  2 -2  1  5 -4 -1  2  0  4  0    2   5   1   1   0   2   2   2   1   5  17   3   3  19   1   5  11   1  11   7  0.48 0.28
   54 S   -3  2 -4 -6 -8 -4 -4 -4 -6 -8 -7 -3 -8 -7 -8  6  4 -9 -7 -7    2  10   1   0   0   1   2   2   0   0   0   2   0   0   0  53  25   0   0   0  1.66 0.98
   55 R   -6  9 -1 -4 -10 -4 -5 -6 -8 -9 -7 -4 -8 -5 -6 -5 -6 -9 -4 -8    1  87   3   2   0   1   1   1   0   0   1   1   0   1   1   1   0   0   1   0  2.95 1.39
   56 V   -1  1  6 -3 -6 -1 -1 -2 -2 -2 -4 -1 -4 -6 -5  2  1 -6 -5  0    5   6  35   1   0   3   4   3   1   2   2   4   0   0   1  14   9   0   0   8  0.80 0.50
   57 S   -3 -3  0 -2 -5  0 -2  6 -3 -5 -4 -4 -4 -5 -5  0  2 -5 -5 -5    3   2   4   2   0   4   3  54   1   1   2   1   1   1   1   7  12   0   0   1  1.18 0.61
   58 K   -2  1  3 -1 -4 -1  0 -3  3  0  0  4 -3 -2 -3 -2 -2 -4 -1 -2    4   7  15   3   0   3   6   2   6   6   9  24   1   1   1   3   3   0   2   3  0.41 0.26
   59 T   -1 -1 -1  5 -4  2  1 -3 -2 -2 -2 -2 -1 -3  2  1 -1 -4 -2 -1    5   4   3  26   0   7  10   2   1   2   5   3   1   1   9  10   5   0   1   4  0.42 0.27
   60 I   -3 -3 -2 -3 -4 -2 -3 -2 -3  2  1 -3  1  5 -4 -3 -2  6  4  0    2   2   2   2   0   2   2   3   1  12  12   2   3  21   1   2   3  11  12   6  0.76 0.34
   61 P   -2 -1  1 -2 -3 -2 -2 -3  0 -2 -1 -1 -3 -3  4  0  5 -4 -2 -2    3   4   6   3   1   2   3   3   3   2   6   4   1   1  21   8  28   0   1   3  0.59 0.35
   62 A    2 -2  0  2 -1 -1  3  1 -1 -2 -2 -2 -3 -2 -1  1 -1 -2 -2 -2   18   3   4  10   1   3  17  11   1   2   4   3   1   2   3  10   4   1   2   2  0.26 0.17
   63 L   -1 -1 -1 -2 -1 -1 -2 -2 -2  1  3 -2  2  1 -2 -1 -1 -1  0  1    4   3   3   3   2   2   3   3   1   8  32   3   4   5   3   4   4   1   3   9  0.26 0.11
   64 E   -1  0 -1  2 -2  0  2 -1 -1 -1 -2  0 -1  0  1 -1  0 -2  1  1    6   6   3  13   1   4  12   4   1   3   4   5   1   4   7   4   5   1   6  11  0.12 0.08
   65 H   -1 -1  2  1 -1  0  2  0  3 -2 -1  0 -1 -1 -1  0 -2  4 -2 -2    5   3  10   6   1   3  15   8   7   2   5   6   1   3   4   6   3   5   1   3  0.22 0.13
   66 L    0 -1 -1 -2 -1 -1 -1 -2 -2  2  3 -1  1  1 -1 -1  1 -2 -1  0    8   3   2   2   1   3   4   3   1  10  27   4   3   5   3   4   8   1   2   6  0.18 0.10
   67 N    1  0  1  0 -1  0  1  0  0 -1 -1  1 -1 -1 -1  0  1 -2 -1  0   11   4   6   5   1   4  10   6   2   3   6   8   1   3   3   7   7   1   2   8  0.05 0.04
   68 G    0  1  0  2  0  0  2  0 -2 -2 -2  1 -2 -2  2 -1 -1 -1 -2 -1    9   7   4  11   2   4  12   7   1   3   4   9   1   2   9   5   3   1   2   5  0.14 0.09
   69 F    0  0  0  0 -1  0  1 -1  0  0  0  0  0  1  0  0  0  1  0  0    9   4   3   5   1   4   9   4   3   7  10   6   3   6   5   5   4   2   3   7  0.01 0.01
   70 D    0 -1  1  1 -1  0  0 -1  0  0  0 -1  0  0  0  0  1 -2  0  0    7   3   6   9   2   3   4   5   3   5   9   3   3   4   4   7  12   0   4   8  0.04 0.04
   71 V    0  0 -1  2 -1  0  0 -1  1  0  0  0 -1 -1  1 -1 -1 -1 -1  0    8   6   3  11   1   3   6   6   4   7   9   5   2   2   8   4   4   1   2   8  0.05 0.04
   72 R    0  4 -1  0 -4  2  0 -3 -1 -2 -2  3  0 -3 -2  0  0 -1 -1 -3    7  18   3   5   0   9   7   3   2   3   5  18   3   1   2   6   5   1   2   2  0.32 0.23
   73 W    1 -2 -4 -4 -2 -4 -4 -3 -1  0  1 -2  1  6 -3 -3 -3  3  4  0   12   3   1   1   1   1   1   3   1   6  13   3   3  26   1   2   2   3  11   5  0.63 0.33
   74 K    0  0 -3 -3 -5  0 -1 -1 -4 -2 -2  1 -1 -2  6 -1  0 -5 -1 -2    8   5   1   2   0   4   4   5   1   3   4   8   1   2  35   5   5   0   2   4  0.64 0.40
   75 R    0  2 -1  0 -4  0  4 -2  0 -3 -3  1 -3 -3  0  0 -2 -3 -2 -2    9   9   3   6   0   4  26   4   2   2   3   9   1   2   5   8   3   0   2   3  0.36 0.26
   76 L   -1 -2 -2 -4 -3 -1 -2 -3  1  2  3 -2 -1  0 -2 -3 -3 -4  0  2    6   3   2   1   1   3   3   2   4  12  31   2   1   4   2   2   2   0   4  15  0.41 0.23
   77 L    2 -1 -2 -2 -2 -1 -2 -2 -1  2  1 -1  0  0 -1 -1 -1 -2 -1  2   17   4   2   2   1   3   3   2   1  11  15   4   2   4   3   5   4   1   2  15  0.17 0.12
   78 N    1  1  1  1 -1 -1  3 -1  1 -2 -3  0 -2 -2  0  0 -1 -4 -2 -2   14   8   7   8   1   3  17   6   4   2   3   6   1   2   4   5   4   0   1   4  0.19 0.16
   79 D    3 -2 -1  2 -2 -1  1 -1 -1 -1  0 -1 -1 -1  0 -1 -1 -1 -2 -1   24   3   3  13   1   3   9   5   1   3   9   3   1   3   5   5   4   1   1   4  0.20 0.16
   80 D    2 -1 -1  0 -1 -2  0 -1 -1  0  2 -1  0  0  0 -1 -1  0 -2  1   16   3   3   5   1   1   5   4   2   6  18   4   2   3   4   4   4   2   1  12  0.10 0.09
   81 R    1  2 -2  0 -3  0  1 -1 -1 -1  0  1 -1  0 -2  0  0 -1 -3 -2   12  12   2   6   0   5  10   5   2   3  12   8   1   4   2   6   6   1   1   3  0.12 0.11
   82 C    2  0  0  0  2  0  1  0 -1 -1 -1  1 -1 -2 -1  0 -1  0 -1 -2   19   5   4   4   4   5   8   6   1   3   8  10   1   2   3   6   4   1   3   3  0.10 0.10
   83 F   -1 -2 -1 -1 -1  0 -2 -2  0  1  3 -1  1  1 -1 -1 -1 -1  0  1    5   2   3   3   1   4   3   4   3   8  28   3   4   6   3   4   4   1   3   8  0.17 0.12
   84 Y    0 -1 -1  1 -3 -1 -2  1 -1  0  0  0 -1  1  3 -1 -1  1  1 -1    7   3   3   8   1   2   3  12   2   6   9   5   2   6  14   4   4   2   4   4  0.14 0.11
   85 K    1  0 -2  0  0 -1 -1  0 -1 -1 -1  0 -1 -2  3 -1 -1 -4 -1  2   14   5   2   4   2   2   3   7   1   3   7   6   2   2  15   4   4   0   2  13  0.17 0.14
   86 D   -2  1 -1  4 -3  0  2  0  2 -3 -4  1 -3 -3  0 -1 -1 -3 -3 -2    4   8   3  21   1   5  12   9   4   2   2   8   1   1   6   5   5   0   1   4  0.34 0.25
   87 G   -1  0  2  2 -2  0  1  2 -3 -4 -3 -1 -3 -4  0  3  1 -4 -5 -4    6   5   9  10   1   4   8  13   1   1   3   4   1   1   6  20   7   0   0   1  0.33 0.27
   88 F    4 -4 -6 -5  4 -4 -6 -3 -2  0  0 -5  2  3 -6 -3 -1  0 -1  2   29   1   0   1   8   1   0   3   1   6  10   1   5  12   0   2   4   1   2  12  0.66 0.40
   89 M   -2 -6 -6 -6 -4 -3 -6 -6 -8  6  0 -7  2 -5 -5 -5 -4  4 -4  5    3   1   0   1   0   2   1   1   0  32   8   0   4   0   1   1   1   5   1  37  1.40 0.69
   90 L   -3 -7 -6 -8 -6 -8 -8 -8 -8  3  6 -8 -2  2 -8 -7 -5 -3  0  1    2   0   0   0   0   0   0   0   0  13  60   0   1   8   0   1   1   0   3   9  1.50 0.75
   91 D   -7 -9 -3  9 -10 -6  0 -8 -3 -8 -8 -8 -9 -7 -9 -8 -6 -10 -9 -9    0   0   1  89   0   0   5   0   1   0   1   0   0   0   0   0   1   0   0   0  3.13 1.43
   92 G   -1 -9 -7 -6  2 -7 -8  7 -8 -7 -8 -7 -3 -6 -5 -2 -3 -9 -9 -9    6   0   0   1   4   0   0  79   0   0   0   0   1   1   1   3   2   0   0   0  2.31 1.12
   93 E   -7 -6 -9 -7 -11 -7  8 -5 -8 -11 -10 -8 -10 -11 -9 -7 -9 -10 -10 -10    1   0   0   0   0   0  96   1   0   0   0   0   0   0   0   0   0   0   0   0  3.32 1.60
   94 L    2 -8 -8 -8 -3 -7 -8 -4 -8  5  2 -6  2 -3 -5 -6 -4 -8 -5  4   14   0   0   0   1   0   0   1   0  31  19   0   5   1   1   1   1   0   0  24  1.18 0.62
   95 M   -3 -7 -8 -6  0 -6 -5 -8 -3  2  0 -6  2 -3 -8 -6 -1  0 -1  7    3   0   0   1   2   0   1   0   1  11   7   1   4   1   0   0   4   1   2  59  1.52 0.77
   96 V    5 -3 -3 -4  0 -4 -4 -3 -4  0 -2 -4 -1 -3 -3 -3 -1 -4 -4  4   44   2   1   1   2   1   1   2   0   6   4   1   1   1   2   2   4   0   1  22  0.92 0.52
   97 K   -1 -1 -1 -1 -2 -1  0 -1  0  0  2  0  0  1  1 -1 -1  1  1  1    5   4   4   3   1   2   5   5   2   6  21   6   2   6   6   3   4   2   6   8  0.08 0.07
   98 G   -1 -1  2  5 -3 -2 -1  3 -2 -3 -3 -2 -3 -3 -1 -1 -2 -4 -3 -2    5   3  10  30   1   2   4  20   1   2   3   2   1   1   3   5   2   0   1   3  0.62 0.32
   99 V    0  0 -1  1  0  0  2  0 -1  0  0  0  0 -2  1  0 -1 -2 -1  0   10   5   3   8   2   3  13   6   1   5  10   5   3   2   6   6   3   1   2   7  0.06 0.06
  100 D    0 -1  2  4 -3  0  0 -1  1 -2 -3  0 -3 -1  2  1  0 -3 -2 -3    7   4   8  20   1   5   7   4   3   2   3   6   1   3  10   9   5   0   1   2  0.28 0.18
  101 F   -2 -1 -2 -3 -1 -1 -3  4 -2 -2 -2 -2 -2  5 -2 -2 -2 -1 -1 -3    4   3   2   2   1   3   2  33   1   2   4   3   1  24   3   3   2   1   2   2  0.75 0.34
  102 N   -1  3  2  0 -3  3  1 -1 -1 -2 -1  1 -2 -3 -2 -1 -1 -3 -2 -1    5  17  10   5   1  11   8   4   2   3   5   9   1   1   2   5   4   0   2   4  0.27 0.18
  103 T    0 -2 -2  0 -2 -1  1 -2 -2 -2 -1  0 -2 -3  4  1  3 -3 -3 -1    6   2   2   5   1   3  10   3   1   3   6   6   1   1  18   9  16   0   1   5  0.30 0.21
  104 G   -1 -2  0  2 -2 -1 -1  1 -1  0  0 -1  0 -2 -2  3  1 -2 -2 -1    5   2   5  12   1   2   3   9   1   5  10   3   3   2   2  19   9   1   1   3  0.18 0.14
  105 S   -1 -1 -1 -2  0  1 -2 -1 -2 -1 -2 -2  0  6 -2  2 -1 -3 -1 -1    5   4   3   2   2   6   3   4   1   3   4   3   2  31   2  13   4   0   1   5  0.53 0.25
  106 G    0  0  0 -1 -2  3 -1  3 -1 -3 -3  0 -3 -1 -1  1 -1 -2 -2 -1    6   6   4   3   1  14   4  22   1   2   3   6   1   2   3  12   4   1   1   4  0.31 0.19
  107 L    2  2 -2  0 -2 -1 -1 -2 -1  0  2 -1  1 -1 -2 -1  0 -1 -2  0   15  13   2   5   1   3   4   4   1   6  18   3   3   2   2   4   5   1   2   6  0.13 0.10
  108 L   -1 -2 -3 -3 -2 -2 -2 -2 -3  1  4 -2  1  0 -1 -2 -2 -2 -2  1    5   3   2   2   1   2   3   3   1   7  43   3   3   4   3   3   3   1   2   8  0.51 0.23
  109 R   -1  4 -1 -1 -3  6 -1 -2  0 -3 -3  0 -1 -2 -2 -2 -2 -2 -2 -3    5  23   3   4   1  29   4   4   2   2   3   6   1   2   2   3   3   1   2   2  0.75 0.36
  110 T    1  3  2 -1 -3  1 -1 -1 -1 -2 -2  1 -2 -1  0  1  0 -2 -2 -2   10  18   8   3   1   6   4   5   1   2   4   8   1   3   5  11   5   1   1   3  0.22 0.14
  111 K    1  2 -1  0 -3  0  0 -1  1 -1 -1  3 -1 -1 -2  0 -1  0  0 -1   11  13   2   5   1   4   7   6   3   4   5  16   1   3   2   6   4   1   3   4  0.15 0.10
  112 W    0  1  0  0 -2  0  0  0 -1  0  0  0  1  1 -1  0  0  1  0 -1    8   7   5   4   1   4   4   8   1   5  11   6   5   6   3   6   6   2   3   4  0.02 0.03
  113 T    0  0  0  1 -2  0  1  1  0 -1 -1  1 -1 -1  0  0  0 -1 -1  0    8   4   5   8   1   3   8   9   2   4   6   9   2   3   5   8   4   1   2   8  0.04 0.04
  114 D    0  0  0  3 -2  0  1  1 -1 -1 -1  0 -2 -3 -1  0 -1 -3 -2 -1    8   5   4  18   1   4   7  10   1   4   8   6   1   1   4   7   4   0   2   4  0.15 0.11
  115 T    1  0  0  0 -2  0  0  1 -1 -1 -1  1 -1 -1  1  0  1 -2  1 -1   11   6   5   5   1   3   7  13   1   3   6   7   2   3   7   5   8   1   5   4  0.07 0.06
  116 K    0  2  0  2 -2  0  1  0 -1 -1 -1  2 -2 -2 -2 -1  0 -3 -2 -2    8  10   5  11   1   4   8   8   2   4   6  15   1   2   2   4   5   0   1   3  0.15 0.11
  117 N   -1 -1  1  0 -2 -1 -1  1  0  0 -1  0 -2 -1  3  0  0 -2 -1 -1    5   4   7   6   1   3   5  12   2   5   5   7   1   3  15   6   7   1   2   5  0.14 0.10
  118 Q    1  1  0  0 -2  1  0  0  0 -1  0  1  0 -2  0  1  0 -2 -1 -1   11   9   4   4   1   8   5   6   3   3   9  10   2   2   4  10   5   1   2   5  0.07 0.07
  119 E    0  1 -2  1 -3  0  1  0 -1 -1 -2  1 -1  0  3 -1 -1 -3 -1 -1    7   8   2   7   1   5  10   6   2   4   4   7   1   4  14   5   5   0   2   5  0.15 0.10
  120 F   -1 -1 -2 -1 -1 -1 -1 -1 -2  1  1 -1  2  4 -2 -1 -1 -1  1  0    6   4   2   4   1   3   4   5   1   9  14   4   4  17   3   4   4   1   4   6  0.21 0.09
  121 H    0  0  0 -1 -3  2 -1 -1  4 -1  0  0 -1  0  1  0 -1 -3  0  0    8   5   4   4   1  10   4   4   9   4   8   5   2   4   8   6   4   0   4   6  0.13 0.09
  122 E    0  0 -1  1 -3 -1  1 -1 -1 -1  0  0 -1  4  1 -1 -1 -2  0 -1    7   5   2   7   1   3  11   4   1   4   9   6   2  14   6   6   4   0   3   4  0.14 0.08
  123 E    0  0 -1  0 -2  2  0 -1  0 -1  0  0 -1  2 -1 -1  0 -2  1  0    9   5   3   6   1  11   7   6   2   3  10   5   1   8   3   4   6   1   4   6  0.08 0.06
  124 L    0  1  0  0 -1  2  0 -1  0  0  0 -1  1  0 -1  0  0  0 -1  0    9   6   4   6   1  11   6   5   2   5  10   4   3   4   3   6   6   1   2   7  0.04 0.04
  125 F    0 -1 -1 -1 -1  0  0  0  1  1  1 -1  0  2  0 -1  0 -2  0  0    6   4   2   4   1   4   6   8   3   7  12   3   3   9   5   5   7   1   2   8  0.04 0.02
  126 V    0  1  0  0 -2  1 -1 -2  0 -1  1 -1  1  0  0  0  1  0  0  0    8   9   4   5   1   8   4   4   2   3  11   4   3   4   5   8   8   1   3   7  0.06 0.05
  127 E    0  1 -1  0 -2  1  0  0  0  0  0  0  1 -1  0  0  0  0 -1  0    7   9   2   6   1   5   7   6   2   5   8   5   4   3   5   8   7   1   2   6  0.04 0.03
  128 P   -1  3 -1  1 -1  2 -1 -1  1  0 -1  0 -1  0  1 -1  0  0 -2 -1    4  16   3   7   1   7   4   6   3   5   7   5   2   3   8   4   6   1   2   4  0.15 0.09
  129 I   -1  1 -1 -1 -1  0 -1 -1 -1  1  1  0  1  2 -1 -1  0  1  0  0    6   8   2   4   1   4   5   5   2   9  12   6   4  10   3   5   5   2   2   7  0.06 0.03
  130 R    0  3  0  0 -1  2  0  0  1 -2 -1  2 -2 -2 -1 -1  0 -1 -2 -1    7  17   4   5   1   7   5   6   3   2   7  10   1   2   4   6   7   1   2   4  0.17 0.10
  131 K    1  4 -1  0 -3 -1 -1 -1 -1 -2 -1  1  0 -1 -1  1 -1 -1 -2 -1   13  21   3   5   1   3   3   6   1   3   6   7   2   3   3   9   4   1   1   5  0.25 0.13
  132 K    0  1 -1  0 -3  0  0  0  0 -1  0  3 -1  0 -1  0  0 -1 -1 -1    7   6   3   5   1   3   7   8   2   3   9  18   2   4   4   6   5   1   2   5  0.11 0.07
  133 D    0  1  0  1 -1  2  0  0  2 -2 -1  0 -2 -1 -1  0 -1 -2  2 -1    7   8   4   9   1   8   5   8   5   3   7   7   1   2   3   6   4   0   8   5  0.09 0.06
  134 K    0  1  1  2 -3 -1  0  1 -1 -2 -1  2 -1 -1  1  0 -1 -1 -2 -1    7   8   7  11   1   3   6   9   1   3   6  12   2   3   6   7   3   1   1   4  0.13 0.08
  135 V    1 -1 -1 -1 -3 -2 -1 -1  1  4  0 -2 -1 -1 -2  0 -1 -3 -1  3   10   4   3   4   1   2   4   4   3  18   8   3   1   3   2   7   4   0   2  17  0.24 0.11
  136 P    1  0 -1  0 -3  0  2  0 -1 -2 -1  0 -2 -1  3  0 -1 -3 -2 -1   12   5   3   5   1   5  13   7   1   2   5   6   1   3  14   6   5   0   2   4  0.17 0.12
  137 F    0  1 -1  1 -2  0  2 -1 -1  0  0  1 -1  0 -1 -1 -1  0  0  0    9   7   2   7   1   3  13   5   1   6   9   7   2   4   4   5   4   1   3   7  0.05 0.04
  138 K    1  0 -1  1 -2  0  1 -1 -1  0  1  0  2 -1 -1  0  0 -2 -1 -1   12   5   3   7   1   3   8   4   1   5  14   7   5   3   3   6   6   1   3   5  0.06 0.05
  139 L    1  1 -1 -1 -1 -1  0  0 -1  0  1 -1  1 -1 -2  0 -1 -1 -1  0   14   7   3   3   1   3   7   7   2   6  13   4   3   2   2   8   4   1   2   7  0.05 0.04
  140 H    0  3 -1  1 -3  0  2 -1  1 -1 -1  2 -2 -1 -1 -1 -1 -2 -1 -2    7  15   3   6   1   4  11   5   3   3   5  14   1   3   3   6   4   1   2   3  0.21 0.12
  141 T    0  1 -2  0 -2  1  2 -1 -1 -2 -1  2 -2 -2 -1  1  1 -2 -1 -2    9   7   2   6   1   5  14   5   1   2   6  12   1   2   3   9   9   1   2   3  0.16 0.12
  142 G    0  0 -2  0 -2 -1 -1  2 -1  2  0  0  0 -1 -2  0  0 -2 -1  1    9   5   2   5   1   2   4  14   1  10   7   6   3   3   2   6   5   1   2  12  0.08 0.05
  143 H   -1  3  0  0 -3  0 -1 -1  1 -4 -3  0 -3 -3  5 -2  0 -5 -2 -3    5  14   5   5   1   5   4   4   3   1   4   6   1   1  29   4   5   0   1   2  0.59 0.35
  144 L    0 -3 -6 -3 -3 -4 -4 -5 -4  2  4 -3  2 -3 -2 -4 -2 -5 -4  4    7   2   1   2   1   1   1   1   0  11  34   2   4   1   3   2   2   0   1  23  0.79 0.38
  145 H   -1  2 -2 -2  3  1  1 -4  1 -1 -2  2 -3 -2  0 -1  2 -4  0  1    6  12   2   2   5   6   8   1   4   4   3  10   1   2   5   6  10   0   3  11  0.22 0.17
  146 I   -2 -4 -5 -5 -2 -7 -4 -5 -5  0  3 -5 -3  4 -3 -5 -3 -4  7  1    5   1   1   1   1   0   2   2   0   5  22   1   1  16   2   1   2   0  28  10  1.11 0.56
  147 K   -2  0  0 -5  1 -1 -2 -6  3  0 -1 -1  2  3 -5 -4 -4  0  6  2    4   5   5   1   3   4   3   1   6   5   7   4   5  12   1   1   1   1  20  11  0.63 0.35
  148 L    3 -6 -7 -4  0 -4 -6 -5 -8  1  2 -7 -3  1 -3 -6 -5 -4 -2  5   18   1   0   1   2   1   1   1   0   8  19   0   1   6   2   1   1   0   1  35  1.00 0.53
  149 Y   -6 -3 -10 -10 -10 -10 -6 -7 -9 -3 -4 -7 -6  9 -5 -8 -5  3  2 -7    1   2   0   0   0   0   1   1   0   2   2   1   0  77   1   0   1   3   7   1  2.98 1.28
  150 A   -2 -4 -5  8 -10 -7 -3 -5 -9 -5 -4 -9 -3 -2 -9 -5 -7 -10 -4 -3    4   1   1  78   0   0   2   2   0   1   3   0   1   2   0   1   0   0   1   2  2.51 1.18
  151 I   -2 -4 -5 -6  3 -6 -5 -7 -5  4  4 -6  1  1 -7 -5 -4 -2 -2  2    4   1   1   1   5   1   1   1   0  22  35   1   3   5   0   1   1   1   2  14  1.00 0.49
  152 L   -4 -4 -7  0 -8 -6 -6 -6 -6  2  6 -4  2 -1 -1 -6 -4 -8 -7  0    2   2   0   6   0   0   1   1   0   8  60   1   4   2   3   1   1   0   0   6  1.32 0.65
  153 P   -1 -1 -2 -2 -2 -2 -1 -4  4 -3 -1 -4  0  1  2 -1 -3  4  6 -3    6   4   2   2   1   2   4   2   8   2   7   1   2   6  11   5   2   5  24   2  0.70 0.41
  154 L   -2 -4 -5 -4 -1 -3 -2 -5 -2  0  5 -2  1  1 -2 -4 -3 -1 -1  0    4   1   1   2   1   2   3   1   1   5  52   3   3   5   3   2   2   1   2   6  0.89 0.42
  155 H   -1 -2  4  5 -2 -1  0 -1  0 -3 -2 -1 -3  0 -2 -1 -2 -2 -2 -3    6   3  16  27   1   2   7   6   2   2   5   4   1   4   3   6   3   1   2   2  0.53 0.25
  156 I    0 -1 -1  1 -2 -1  1  3 -1 -1  0 -1 -1 -1 -1 -1 -1 -1  0  0    6   3   3   7   1   3   9  22   1   4   8   5   1   3   3   5   4   1   3   8  0.15 0.07
  157 V    0  0 -1 -1 -1 -1 -1 -1  0  0  0 -1  0  3  0 -1 -1  1  3  0    7   5   4   4   1   3   4   6   2   5  10   4   2  11   4   5   4   2   9   8  0.09 0.03
  158 E   -1  0  0  3 -1  0  2 -1 -1 -1 -1  1 -1 -1 -1 -1 -1  1  0 -1    6   6   4  17   1   5  11   5   2   3   6   7   2   3   3   5   4   2   3   5  0.15 0.06
  159 S    1  0  0  0  0  0  0  1 -1 -1  0  0  0 -1  0  0  0 -1 -1 -1   11   6   5   6   2   3   6  12   2   4  10   5   2   2   4   8   5   1   2   4  0.04 0.02
  160 G   -2  2 -1 -1 -3 -1  0  5 -2 -2 -2 -1 -2 -2  0 -1 -1 -2  0 -2    4   9   3   3   1   3   6  34   1   3   5   3   1   2   5   5   4   1   4   3  0.43 0.19
  161 E    0  0 -1  2 -2  0  3 -1  2 -1 -2  2 -1 -2  0 -1 -1 -2 -1 -1    8   6   3   9   1   4  17   6   5   3   5  10   2   2   5   5   3   1   2   4  0.18 0.10
  162 D   -2 -2  1  5 -1 -1  0 -1 -1 -2  0 -2 -2 -1 -1  1 -2 -1 -3 -1    4   3   6  29   2   3   7   5   2   3   9   3   1   2   4  10   3   1   1   4  0.43 0.21
  163 C   -1  0 -1 -2  2 -2  0 -1 -1 -1  3 -1 -1 -1 -1 -1  0 -1  1  0    6   6   3   3   5   2   5   6   2   3  24   4   2   3   4   5   6   1   5   6  0.13 0.08
  164 D   -2  3  2  4 -3  0  1 -3 -1 -3  0 -1 -2 -4 -3  0  0 -5 -3 -3    4  14   8  24   1   4   8   3   1   2   8   4   1   1   2   7   7   0   1   3  0.46 0.27
  165 V    0  1 -1  0 -3 -1  0  2 -2  0  1  0 -1 -3 -1 -1 -1 -3 -2  0    8   9   3   6   1   2   5  18   1   5  14   6   2   1   3   6   3   0   1   7  0.14 0.10
  166 M   -2  2 -2 -2 -2  0  1 -3 -1 -1  2  0  1 -2  1 -2  1 -1  1  0    4   9   2   2   1   5   8   2   1   4  18   6   3   2   8   3  10   1   4   6  0.16 0.13
  167 T   -2 -1 -1  0 -4 -1 -1 -1 -1 -3  0  0  0 -2  5  1  0 -1 -1 -2    4   4   4   6   0   3   5   5   2   2   8   6   2   2  25  10   6   1   2   3  0.35 0.26
  168 L   -1 -1 -1 -2  0 -3 -1 -3 -2 -1  4 -1 -1  0 -3  0 -1 -2  1 -1    6   4   3   3   2   2   4   3   1   4  38   4   2   4   2   7   3   1   5   5  0.42 0.24
  169 L   -3  1 -4 -2 -3 -2  0 -4 -2  2  3 -3  1 -3  3 -2  0 -4 -3  1    3   7   1   2   1   2   6   2   1  10  26   2   4   1  12   4   6   0   1  10  0.39 0.25
  170 M   -2  3 -1  1 -4  0  2 -3 -2 -2  2 -1  1  0 -1 -2 -1 -2 -1 -2    4  17   3   8   1   5  11   3   1   3  18   4   3   4   4   3   5   1   2   2  0.27 0.19
  171 Q   -2  5 -2  0 -3  1  1 -3  1 -3 -1  2 -2 -3 -2 -2 -1 -4 -1 -4    4  31   2   6   1   5   9   3   4   2   6  10   1   1   2   4   5   0   2   1  0.58 0.35
  172 E   -1  2 -3 -1 -5  2  4 -2  0 -3 -3  3 -6 -4  2 -2  0 -3 -2 -2    5  10   1   4   0   7  21   3   2   2   4  13   0   1  12   3   5   1   2   4  0.44 0.32
  173 H    0  5 -2 -3 -4  0 -1 -3  2 -1  1  0 -3  0  1 -1 -2 -1  3 -3    7  24   2   2   0   4   4   2   4   3  13   5   1   3   6   5   3   1   8   2  0.41 0.25
  174 V   -1  3 -2 -2 -4 -2  0 -4 -1  1  2  2  0 -1 -4 -2 -1  2  0  0    5  16   2   2   0   2   5   2   2   7  21  10   2   3   1   3   3   2   3   7  0.31 0.18
  175 K    1  2 -2  0 -6  0  4 -2 -3 -4  1  2 -3 -4 -4 -1 -2 -3 -5 -4   10  12   2   4   0   5  24   4   1   1  11  12   1   1   1   5   3   0   0   2  0.48 0.31
  176 N    0  5  0  1 -4  0  2 -3 -1  0 -1  1 -2 -3 -5 -2 -1 -3 -4 -2    7  26   5   8   1   4  11   2   2   6   7   7   1   1   1   3   4   0   1   3  0.44 0.27
  177 M   -3  6 -3 -3 -4 -1 -2 -5 -4 -2  4 -2  0 -2 -6 -3 -2  0 -4 -2    3  34   1   2   1   3   3   1   1   3  30   3   2   2   1   3   3   1   1   3  0.94 0.48
  178 L    1  3 -2 -2 -4 -1  2 -3 -1 -1  1  2  0 -1 -4 -3 -2  0 -1  0   11  16   2   3   0   3  14   3   2   3  13  10   2   3   1   2   3   1   2   6  0.28 0.19
  179 P    1  1 -2  0 -4  1  3 -2 -2 -1  0  2 -2 -2 -1 -1 -1 -2 -4 -1   12   8   2   6   0   5  18   4   1   4   9  11   1   2   3   4   4   1   1   4  0.21 0.17
  180 L    1 -1 -3 -4 -2 -1 -2 -4 -3  1  4  0  0 -2 -4 -1 -2 -2 -5  1   10   4   1   1   1   3   3   2   1   7  38   5   2   2   1   5   3   1   1   9  0.50 0.29
  181 L   -1 -2 -3 -1 -4 -3  1 -4 -3  1  5 -2 -3 -1 -3 -1 -2 -3 -2  0    6   3   2   4   1   1   8   2   1   8  41   2   1   2   2   5   3   1   1   6  0.56 0.32
  182 Q    1  1 -1  1 -3  1  3  1 -1 -3 -2  2 -2 -2 -2 -1 -2 -3 -2 -3   10   8   3   6   1   6  17  11   1   2   5  12   1   2   3   6   3   1   2   2  0.26 0.20
  183 E    1  1  0  1 -3  0  2  0 -2 -1 -1  1 -1 -3 -1  1 -1 -4 -4 -1   11   6   4   7   0   5  15   6   1   3   7   9   1   1   4   9   4   0   0   4  0.15 0.14
  184 Y    0 -1 -2  0 -2 -1 -2 -2  0  1  2 -1  0  1 -1 -1  0 -3  1  1    9   4   2   5   1   3   3   4   3   9  20   3   2   5   3   5   5   0   4  11  0.12 0.08
  185 F    0  1 -2  1 -3 -1 -1 -1  2  1  1  0  0  2 -1 -2 -1 -3 -1  1    8   6   2   7   0   2   4   5   5   7  16   5   2   9   4   3   3   0   2  10  0.11 0.08
  186 P    0 -1 -2 -1 -6  0  1 -2 -1 -3 -3  0 -3 -3  6 -1 -1 -3 -3  0    9   4   3   4   0   4   9   4   1   2   4   6   1   1  33   5   3   0   1   6  0.60 0.38
  187 E   -1  2  1  2 -4  0  3  2 -1 -3 -2  1 -1 -4 -1 -1 -1 -4 -4 -3    6   9   5  12   0   4  15  14   2   2   4   8   2   1   4   5   4   0   1   2  0.27 0.19
  188 I    0 -1  0  1  0 -2  0  0 -2  2  1 -1 -1 -2  0  0  0 -2 -2  1    7   3   4   7   2   2   6   8   1  11  12   4   1   2   6   6   7   1   1   9  0.06 0.05
  189 E   -1  2 -1  0 -3  0  1 -1  2 -1 -2  0 -2 -2  2  0  1 -1 -1 -1    6  10   3   6   1   4  10   4   5   4   4   6   1   2  12   7   7   1   2   4  0.14 0.13
  190 W   -1 -2 -1 -1 -1 -2 -2 -2 -1  2  2 -2  0  2 -2 -1 -1  4 -1  2    6   2   3   3   1   1   2   4   2  12  18   3   2   9   2   5   3   6   2  13  0.22 0.14
  191 Q   -1  2 -1  0 -2  2  0 -1  2  0 -1  0  0 -2  0  0  0 -2 -1  0    4  12   2   4   1  11   6   4   6   5   6   6   3   2   5   7   5   1   2   9  0.11 0.11
  192 A   -1  0 -2  0 -1 -1 -2 -1 -1  1  1 -1  0  1  2 -1  0 -2  0  1    4   5   2   5   2   2   2   4   1   9  16   4   2   7  11   5   6   0   3  11  0.11 0.10
  193 A    2 -1 -2 -1  0 -2 -3 -2 -2  1  0 -2  1 -1  2  1  0 -3 -2  2   19   3   1   3   2   1   2   2   1   6   7   1   3   3  10  11   6   0   1  16  0.23 0.19
  194 E   -1 -1 -1  0 -3  0  3 -2  0  0  1  0 -1 -2  2 -1 -1 -1 -2  0    5   4   3   5   0   4  18   3   2   4  13   6   1   2  11   5   4   1   1   8  0.16 0.14
  195 S   -1  3  0 -2 -2  2  0 -2  3 -1 -1  0 -1 -1 -2  1  1 -1  1 -1    4  18   4   2   1   8   5   3   7   3   6   4   2   3   2   9   9   1   4   4  0.19 0.16
  196 Y   -2 -1 -2 -2 -3 -1 -2 -2  0  1  0  0 -1  4 -2 -1 -1  1  5  0    3   4   2   3   0   2   3   3   2   8  11   5   1  14   3   4   4   2  20   6  0.33 0.22
  197 E   -1 -1 -1  1 -1 -1  1 -2 -2  2 -1 -1 -1 -1  0  2  0 -1 -2  1    5   3   2   7   1   2  10   2   1  13   6   4   2   2   4  18   5   1   1   9  0.12 0.14
  198 V    1 -2 -2  2  0 -1  1  0 -2  0 -1 -2 -2 -2  0  0  2 -4 -2  2   15   2   1  11   2   2   9   7   1   5   4   1   1   2   4   5  12   0   1  14  0.15 0.16
  199 Y   -1  0  1  0 -2 -1  0  0  7 -3 -2  0 -3  0 -1  0  0 -1  2 -3    4   4   7   6   1   2   5   6  23   1   4   5   1   4   3   8   7   1   6   2  0.44 0.28
  200 D   -1 -1  1  4 -3 -2 -1  0 -1  1 -2 -1 -2  0 -2  2  1 -2 -3  1    4   3   7  21   0   2   2   7   1   7   4   3   1   4   2  15   7   0   1  10  0.24 0.20
  201 M    1  0 -1  0 -2 -1  2 -2  1  0  0  0  0 -1  1 -1  0 -1 -1  1   12   4   3   6   0   2  14   3   4   6   8   5   3   2   8   3   6   1   2  10  0.07 0.10
  202 V    1 -2 -1  3 -4  0  4  3 -2 -5 -5  1 -4 -5 -3 -1 -1 -6 -3 -2   10   2   2  13   0   3  24  22   1   1   1   7   0   1   1   4   4   0   1   3  0.53 0.36
  203 E   -1 -1  0  4 -4  1  4 -2  1 -4 -4  0 -2 -4 -2 -1 -1 -5 -3 -2    6   4   3  22   0   6  30   2   3   1   2   5   1   1   2   5   3   0   1   3  0.57 0.36
  204 L    2 -4 -4 -4 -3 -4 -4  4 -4  3  1 -3 -2 -1 -1 -3 -3 -3 -3  1   15   1   0   1   0   0   1  29   0  17  14   1   1   3   3   1   1   0   1  11  0.55 0.34
  205 Q    0  1  0  1 -3  2  3 -3 -1 -1 -2  1 -1 -3 -1 -1  0 -3 -2 -1    9   8   3   7   0  10  24   2   1   4   3   8   2   1   3   4   6   0   1   4  0.27 0.22
  206 Q    2  1  0  2 -4  1  3 -3  1 -2 -3  2 -2 -4 -2  0 -1 -5 -4 -2   19   7   4  10   0   4  19   1   3   2   2  12   1   1   2   6   4   0   0   2  0.30 0.24
  207 L    1 -1 -5 -5 -2 -2 -2 -4 -1  0  3 -3  2  5 -4 -3 -2  3  2  1   11   3   0   0   1   1   2   1   1   5  24   1   4  22   1   1   1   3   6  10  0.49 0.29
  208 Y   -2 -3 -4 -5 -5 -2 -4 -6  3 -2  2 -4  0  6 -6 -4 -4  1  5 -2    3   1   1   1   0   2   1   0   6   2  21   1   3  34   0   1   1   2  19   2  1.07 0.50
  209 E    1  2  1  2 -5  1  3 -2  1 -4 -3  2 -1 -4 -3 -1 -2 -5 -2 -4   14  10   6  13   0   5  22   2   3   1   2  11   1   1   1   3   2   0   1   1  0.40 0.27
  210 Q    1  1  0  0 -4  2  2 -2  2 -3 -2  2 -2 -3 -3  0 -1 -1 -2 -2   14   8   3   5   0  11  16   2   6   1   5  12   1   1   1   7   3   1   1   2  0.26 0.21
  211 K    5 -3 -3 -5  1 -1 -3 -3 -1 -1 -2 -3  1  0 -4  1 -1 -3  1  1   45   1   1   0   3   2   1   1   1   3   4   1   3   5   0  10   3   0   5   9  0.59 0.39
  212 R   -2  3 -3 -3  6 -1  0 -4 -2  3  1  0 -1 -3 -5 -2 -2 -2 -3  1    3  17   1   1  18   2   6   1   1  16  14   6   1   1   0   2   2   1   1  10  0.50 0.28
  213 A    1  2  0  2 -4  1  3  0 -1 -4 -3  2 -2 -5 -2  0 -2 -5 -3 -3   14  11   3  10   0   6  19   6   1   1   2  15   1   0   1   7   2   0   1   1  0.36 0.23
  214 E    1  1  1  0 -2  1  1 -1  1 -2  1  1  2 -2 -3 -1 -1 -1 -1 -2   15   9   8   6   1   8   9   3   3   1  13   7   7   2   0   3   1   1   2   2  0.13 0.14
  215 G   -2 -1  0 -2 -3 -2 -3  7  0 -7 -6 -1 -6 -7 -4 -1 -4 -6 -6 -7    2   3   5   2   1   2   1  72   2   0   1   4   0   0   1   3   1   0   0   0  1.56 0.59
  216 H   -3 -3 -1 -4  2  0 -1 -2  3 -1  3 -2  1  2 -5 -2 -2  4  2 -2    2   1   4   0   5   4   5   4   7   2  36   2   3   8   0   2   2   6   8   1  0.44 0.27
  217 E   -6 -5 -5  0 -9 -3  8 -7 -5 -9 -8 -4 -7 -9 -6 -5 -6 -8 -7 -8    0   0   0   4   0   0  96   0   0   0   0   0   0   0   0   0   0   0   0   0  2.83 1.01
  218 G   -5 -8 -6 -7 -8 -7 -7  8 -7 -9 -9 -7 -8 -8 -7 -5 -7 -8 -8 -9    0   0   0   0   0   0   0 100   0   0   0   0   0   0   0   0   0   0   0   0  2.97 0.96
  219 L   -1 -6 -6 -6 -2 -3 -4 -6 -6  5  3 -5  0 -4 -6 -3 -1 -6 -5  4    5   0   0   0   1   1   1   0   0  32  25   0   2   0   0   2   4   0   0  26  0.95 0.42
  220 I   -5 -7 -7 -8 -6 -6 -7 -8 -7  5 -1 -7  8 -2 -7 -6 -5 -7 -5  4    0   0   0   0   0   0   0   0   0  33   3   0  36   2   0   0   0   0   0  26  1.86 0.69
  221 V    2 -2 -5 -5  1 -5 -3 -1 -5  3  1 -5  0 -1 -5  1 -2  1 -1  3   20   2   0   0   3   0   2   5   0  14  12   0   2   3   0  10   2   2   2  22  0.43 0.31
  222 K   -6  1  1 -2 -8 -1 -4 -6  1 -7 -7  7  0 -7 -6 -5 -2 -7 -1 -7    0   5   5   3   0   3   0   0   3   0   0  72   3   0   0   0   3   0   3   0  1.90 0.85
  223 D   -2  4  2  2 -5  0  0 -3  2 -2  0  1  0 -2  0 -1 -2 -5 -2 -3    4  24   9  12   0   3   5   2   5   2   9   6   2   2   4   4   2   0   1   2  0.34 0.25
  224 P    1  0 -2 -2 -1 -1 -2 -2 -1  1  2  0  0 -2  3  0 -1  1 -1 -1   13   6   2   2   1   2   2   3   1   9  20   5   2   2  16   6   3   2   2   4  0.21 0.18
  225 M   -1 -2  2  6 -6 -1  1  0  0 -5 -4 -1 -2 -5 -5  1 -1 -7 -2 -6    5   2  10  43   0   2   8   7   2   0   2   4   1   0   0   8   3   0   1   0  0.87 0.49
  226 C    4 -3 -3 -4 -2 -3 -3  2 -1 -6 -4 -3 -3 -4 -5  5 -2 -7 -4 -5   27   1   1   1   1   1   1  13   1   0   2   1   1   1   0  47   1   0   0   0  1.09 0.64
  227 I   -1  1 -2 -4 -3 -2 -2 -3 -1  1  0  1 -2 -1  5 -1  1 -3 -1  0    4   8   1   1   1   2   2   2   1   7   8   8   1   2  32   4   9   0   2   6  0.54 0.35
  228 Y   -8 -8 -8 -6 -8 -8 -8 -9 -2 -7 -6 -8 -7 -2 -5 -8 -8  4 10 -6    0   0   0   1   0   0   0   0   1   0   1   0   0   1   1   0   0   5  90   1  3.62 1.36
  229 K   -1  3 -3 -2 -3  3  3 -3  1 -2  0  1 -1 -4 -4 -1  0 -5 -2  0    4  18   0   1   0  11  20   2   3   2   8   9   1   1   0   4   6   0   1   9  0.38 0.30
  230 R    1 -1  0 -1  2 -1 -2  0  0 -4 -4 -3 -3 -2  5  2 -1 -3 -2 -3   12   4   5   3   4   2   3   7   3   1   1   1   0   2  30  15   3   0   1   1  0.60 0.39
  231 G   -3  0 -3 -3 -5 -4 -4  7 -5 -7 -7  3 -7 -8 -7 -1 -2 -8 -6 -7    2   5   1   2   0   0   1  66   0   0   0  15   0   0   0   4   2   0   0   0  1.61 0.75
  232 K   -4  8 -5 -5 -9 -4 -5 -6 -4 -7 -8  4 -7 -8 -7 -3 -5 -8 -5 -8    1  71   0   0   0   0   0   0   0   0   0  21   0   0   0   2   1   0   0   0  2.32 0.99
  233 K   -3  5  1 -3 -6 -2 -4  0 -2 -5 -6  0 -5 -7 -3  4  2 -7 -6 -1    1  26   7   1   0   1   0   7   1   0   0   5   0   0   1  33  12   0   0   4  0.86 0.54
  234 S    0  1  0  0 -4 -1 -1  1  1 -3 -3  2 -2  0  0  2  1  0 -1  0    5   9   3   5   0   1   2   9   4   0   2  15   1   4   5  17   7   1   3   6  0.18 0.20
  235 G    0 -2  3  4 -3 -2  0  2  1 -4 -3 -1 -4 -3 -4  2  0 -4 -3 -4    9   2  13  21   1   1   4  17   3   1   3   3   0   1   0  14   5   0   1   1  0.46 0.32
  236 W   -7 -7 -10 -10 -4 -1 -9 -6 -8 -2 -1 -9  1 -2 -10 -9 -9 12  1 -6    0   0   0   0   1   3   0   1   0   2   5   0   3   1   0   0   0  78   4   1  3.94 1.42
  237 W   -4 -2 -7 -7 -3 -1 -6 -6 -6  3  4 -5  3 -2 -7 -6 -3  5 -1  2    1   3   0   0   1   3   0   0   0  13  44   0   6   1   0   0   2   8   2  15  1.01 0.51
  238 K   -7 -3 -6 -7 -9 -5 -5 -8 -7 -9 -9  8 -8 -9 -7 -4 -5 -9 -8 -9    0   1   0   0   0   0   0   0   0   0   0  97   0   0   0   1   1   0   0   0  3.10 1.25
  239 M   -3 -3 -6 -6 -4 -4 -6 -6 -2  4  3 -3  3  1 -6 -1 -2  0  0  3    1   1   0   0   0   0   0   0   1  23  22   2   8   6   0   5   3   1   3  23  0.73 0.40
  240 K   -5 -1 -5 -7 -9 -5 -5 -8 -7 -9 -8  8 -7 -9 -3 -4 -5 -9 -8 -5    1   3   0   0   0   0   0   0   0   0   0  92   0   0   2   1   1   0   0   1  2.78 1.16
  241 P    0 -2  0 -2  7 -2 -1 -3  2 -1 -1  1 -3 -4  4 -2 -1 -4 -4 -2    9   2   5   2  19   1   4   1   4   3   7   8   0   1  23   2   4   0   0   3  0.65 0.39
  242 E   -1  0 -1  1 -3  0  2 -2  0 -1 -1 -1  0  0 -3  1  1  0 -1  1    4   6   1   8   0   5  17   3   2   3   7   3   3   5   1  10   9   2   1  10  0.13 0.16
  243 N   -2  2  1  3 -1  2  2 -2  3 -1 -1  1  1 -2 -3 -2 -3 -5  0 -3    3  10   6  15   1  10  15   2   6   5   6   8   4   2   1   2   1   0   3   1  0.30 0.24
  244 E   -3  4 -1  1 -6 -1  2 -4 -2 -4 -4 -3 -3 -5 -2  1  5 -7 -4 -4    1  19   3   7   0   2  15   1   1   1   1   0   1   0   2  10  35   0   0   1  0.80 0.52
  245 A    1 -1 -4  0  0  5  0 -3 -3  1  2 -2 -1 -1 -5 -2 -3 -5 -3  1   13   2   0   5   2  25   6   2   0   8  18   1   1   3   0   2   1   0   1   8  0.41 0.34
  246 D   -6 -5 -4  7 -9 -4  6 -7 -4 -6 -8 -5 -8 -9 -7 -3 -3 -9 -8 -6    0   0   0  52   0   0  42   0   0   0   0   0   0   0   0   2   1   0   0   0  2.10 0.94
  247 G    1 -5 -6 -7  3 -6 -6  1 -6 -2  3 -6 -2  5 -6 -5 -4 -2 -1  2   10   0   0   0   7   0   0  11   0   1  27   0   0  25   0   0   1   0   2  16  0.84 0.47
  248 I   -3  0 -5 -7 -3 -5 -1 -4 -7  2 -1 -1 -1 -3 -4 -5 -1 -7 -4  6    2   6   0   0   0   0   4   1   0  11   5   5   1   1   1   0   3   0   0  57  1.10 0.58
  249 I   -5 -8 -8 -4  1 -7 -8 -8 -8  7 -2 -7 -2 -5 -5 -7 -5 -8 -6  5    0   0   0   1   3   0   0   0   0  51   2   0   1   0   1   0   0   0   0  40  1.92 0.81
  250 Q    0 -6 -5 -6  3 -4 -5  3 -6  3  0 -4  1 -4 -6 -3  1 -6 -3  4    6   0   0   0   6   1   0  20   0  16   8   1   3   0   0   2   7   0   1  28  0.66 0.39
  251 G   -1 -3 -4  0 -7 -5 -4  7 -7 -6 -8 -4 -7 -8 -7 -4 -6 -7 -8 -4    5   2   0   5   0   0   1  81   0   0   0   1   0   0   0   1   0   0   0   1  2.08 0.88
  252 L    1 -6 -6 -3 -2 -6 -6 -2 -4 -1 -2 -5 -2  5 -7 -5 -4  7  6  0   14   0   0   1   1   0   0   4   0   3   4   1   1  19   0   0   1  13  30   7  1.24 0.60
  253 V   -3  1  0 -1 -4 -1  2 -5 -3 -2 -1 -1 -2  0 -4 -2  4 -2  3  1    1   7   4   3   0   2  15   1   0   2   5   3   1   3   0   2  28   0  11  11  0.47 0.36
  254 W   -1 -1 -3 -1 -4 -1  4 -4  0 -4 -1  0 -1 -2  4 -2 -2  6  2 -2    5   4   1   3   0   2  24   1   2   1   6   5   1   2  19   2   2  12   7   3  0.65 0.40
  255 G   -1 -4 -3 -4 -3 -4 -5  6  0 -5 -6 -4 -4 -6  3  0 -4 -6 -6 -4    4   1   1   1   1   1   1  62   2   1   1   1   0   0  13   8   1   0   0   2  1.42 0.65
  256 T   -1  1 -1  1 -4  1  2 -2  1 -3 -4  3 -3 -4 -3  1  2 -5 -2 -1    4   9   3   6   0   6  16   3   4   1   1  20   0   0   1   9  13   0   1   4  0.37 0.28
  257 K   -1 -1 -1 -1 -5 -2  0  6 -3 -5 -5  0 -5 -6  0 -1 -3 -5 -4 -3    4   3   2   3   0   2   5  57   1   1   1   6   0   0   4   5   2   0   1   3  1.04 0.51
  258 G    0  2  0 -1 -4 -1 -2  3 -1 -4 -4  3 -2 -3 -1  2 -1 -4 -3 -3    9  12   4   4   0   2   2  21   1   1   2  19   1   1   3  14   4   0   1   1  0.39 0.26
  259 L   -2  6 -2 -3 -4 -2 -3 -1 -1 -3 -1  1 -3 -3 -3 -1  1 -3 -2 -3    4  48   2   1   0   1   1   6   2   1   7   7   0   1   1   5   7   0   2   2  0.87 0.45
  260 A    3  2 -2 -1 -4 -1  0  1 -1 -4 -4  3 -3 -4 -1  1  0 -5 -3 -2   24   9   2   3   0   3   5  10   1   1   2  18   1   1   3   8   7   0   1   3  0.37 0.29
  261 N   -1  0  2  0 -3  0 -1  2  2 -1 -1 -1 -1  2 -1 -1 -2 -1  2 -2    4   4  11   5   1   3   3  17   5   3   5   4   1  10   3   5   2   1   9   3  0.17 0.15
  262 E    0  0 -3 -2 -4 -1  1 -1 -1 -1  0  0 -2  4 -2  0  1  1 -1 -1    8   5   1   2   0   2  12   6   2   3   8   7   1  19   2   8   8   2   1   4  0.18 0.17
  263 G    0 -3  0 -1 -6 -5 -4  6  0 -3 -1 -5 -5 -1 -4  0 -4 -3 -4 -4    7   2   4   4   0   0   1  55   3   2   7   0   0   3   1   8   1   0   1   2  1.07 0.58
  264 K    2  0 -3 -4 -2 -3 -3  1 -2 -2  2  1  1 -2 -3  2  1  2 -2 -1   15   5   0   1   1   1   1  10   1   2  19   9   4   2   1  14   8   3   1   3  0.23 0.23
  265 V   -1 -1 -4 -2 -5 -5 -5 -4 -1  2  4 -4  1  1 -4 -1 -3 -2  1  1    5   3   1   3   0   0   0   1   2  12  43   1   3   6   1   5   1   0   5   9  0.62 0.39
  266 I   -2 -3 -4 -4  1 -4 -5  4 -4  1  3 -4  0  0 -4 -1 -2 -5  0  1    2   2   0   1   3   1   0  33   0   8  24   1   2   4   1   4   2   0   3   9  0.58 0.37
  267 G    2 -2 -2 -2 -2 -2 -3  4  0 -3  0 -2 -3 -3 -4  2  0 -3 -2 -1   14   2   2   2   1   1   2  33   2   1  11   2   1   1   1  14   5   0   2   4  0.48 0.31
  268 F    0 -4 -4 -4 -2 -4 -4 -2 -3  0  3 -4 -1  5 -4 -2 -3 -2  3  1    8   1   1   1   1   1   1   4   1   5  32   1   1  20   1   3   1   1   9   9  0.63 0.36
  269 E    0  0 -1 -2 -1 -1 -1  0  0  1  3 -2 -1 -2 -3 -2 -1  0  1  0    9   4   3   2   2   3   5   9   3   7  29   3   1   1   1   3   4   1   4   8  0.16 0.17
  270 V    0 -2 -1 -2  4 -3 -3  1 -2  1  1 -4 -1 -2 -3 -2 -2 -2  0  4    8   2   3   2   8   1   2  10   1   6  14   1   1   2   1   3   2   1   3  30  0.37 0.27
  271 L    1  2 -1  2 -4  0  1  0  0 -2  0  0 -1 -1 -1 -1 -1 -2  1 -1   11  11   2  11   0   4  10   8   3   1  12   5   1   2   3   2   3   1   5   5  0.10 0.13
  272 L   -1 -1 -1  2  0 -1  0 -1  0 -1  0 -2 -2  1  0 -1 -1  0  4  1    4   3   2  13   2   2   6   4   3   3  10   2   1   5   5   4   4   1  16  10  0.18 0.18
  273 E   -1  1 -1  2 -6  0  4 -1  0 -4 -4  1 -5 -1  0 -2 -3 -4  3 -3    5   9   3  11   0   3  29   4   2   1   2   9   0   3   4   3   1   0  10   2  0.50 0.38
  274 S   -1 -1  2  5  0  0  0  1  0 -3 -4  1 -6 -5 -3 -1  0 -7 -3 -4    6   3   9  33   2   3   6  11   2   2   2   8   0   0   1   5   5   0   1   1  0.58 0.39
  275 G   -3 -4  0 -1 -7 -3 -3  7 -5 -5 -4 -2 -7 -4 -4 -3 -2 -7 -1 -3    2   1   4   4   0   1   2  68   0   1   2   3   0   1   1   2   2   0   2   2  1.49 0.76
  276 R   -1  3  0  0 -5  0  3 -2  0 -2 -3  3 -2 -2 -2 -1  0 -1 -2  0    5  14   4   5   0   3  18   3   2   2   2  17   1   2   2   5   7   1   1   7  0.30 0.26
  277 L   -3 -2 -3 -3 -2 -4 -1  0 -2  0  4 -2 -1  2 -5 -3  0 -2  0  2    2   2   1   1   1   0   5   8   1   4  38   2   1   9   0   2   5   1   3  13  0.44 0.31
  278 V   -2  3 -1 -2  1  0 -1 -2  0  1 -1  1 -2 -1 -3 -2 -1  1 -2  3    3  17   3   2   3   4   4   3   3   8   6  10   1   3   1   3   4   2   1  21  0.24 0.21
  279 N   -2 -2  0 -1  0 -3 -1 -4  1 -1 -4 -2 -1 -1 -4 -1  0 -4  6  3    4   3   5   4   2   1   4   2   3   3   1   3   2   2   1   5   5   0  27  24  0.65 0.42
  280 A    3 -2 -3 -6 -2 -4 -5  6 -7 -1 -4 -4 -4 -3 -5 -3 -4 -7 -2  0   19   2   1   0   1   1   1  54   0   4   2   1   0   2   0   2   1   0   1   8  1.19 0.65
  281 T   -3 -5 -2 -5  0 -4 -6  3 -7 -4 -6 -3 -7 -6 -4  3  6 -8 -6 -4    2   0   2   1   2   1   0  17   0   1   1   2   0   0   1  21  47   0   0   1  1.33 0.78
  282 N   -5 -2 -3 -6 -8 -5 -4  7 -2 -7 -9  1 -5 -9 -3 -3 -3 -3 -9 -7    1   2   1   0   0   0   1  77   1   0   0   9   0   0   2   2   2   0   0   0  2.03 0.96
  283 I   -4 -5 -6 -7 -4 -7 -5 -4 -6  1  2 -5  1  7 -7 -5 -3  1  1  2    1   1   0   0   0   0   1   2   0   6  17   1   3  47   0   1   2   2   5  11  1.38 0.67
  284 S   -3 -4  1  2 -3 -5 -3  2 -6 -7 -6 -1 -6 -3 -4  4  5 -7 -6 -4    1   1   7  12   0   0   1  15   0   0   1   5   0   1   1  25  30   0   0   1  0.92 0.61
  285 R   -1  0 -2  5 -5  1  2 -1  0 -5 -4 -1 -1 -3 -3  0  2 -5 -4 -3    5   5   1  29   0   6  15   5   3   1   2   4   2   2   1   6  12   0   1   1  0.55 0.40
  286 A    3  1 -1  1 -6  0  3  2 -3 -5 -4  2 -3 -6 -3 -1 -1 -2 -4 -4   20   8   2   9   0   4  17  15   1   1   1  12   0   0   1   3   4   1   0   1  0.45 0.35
  287 L   -1 -2 -2  0 -1  3  3 -3 -3 -2  1 -2  2  1 -4  0  1 -1 -1 -2    4   2   2   6   1  12  17   2   0   2  17   1   6   6   0   6  10   1   2   3  0.28 0.27
  288 M   -1  3 -3 -3 -3 -2 -4 -2 -3  1  4 -1  2  0 -5 -1  0  3 -3 -3    5  16   1   2   0   2   1   3   0   6  35   3   6   4   0   4   7   3   1   1  0.48 0.35
  289 D    2  2 -1  2 -4  0  3 -1  0 -2 -3  2 -3 -4 -5 -2 -1 -6 -3 -2   16  12   2  13   0   4  18   4   2   3   2  13   0   0   0   2   4   0   1   3  0.41 0.32
  290 E   -1  1 -3  3 -4  0  5 -3 -4 -3 -3  0 -1 -5 -5  1 -1  1 -2 -5    6   6   1  13   1   5  37   3   0   2   3   4   1   0   1   8   3   2   1   1  0.71 0.49
  291 F   -5 -4 -6 -3 -6 -1 -2 -6 -1  3  4 -4  3  3 -6 -4 -2 -1  0  0    1   1   0   2   0   3   4   1   2  12  41   1   7  11   0   1   2   1   4   6  0.80 0.45
  292 T    0  2 -2 -2 -4 -1 -2 -2  2 -3  0  0  0 -1 -3  0  3  6  2 -3    8   9   1   2   0   2   3   4   5   1  11   6   2   3   1   7  16  10   7   2  0.36 0.29
  293 E    2  3  1  0 -6  2  3 -2 -1 -4 -4  3 -3 -4 -2 -1 -1 -4 -5 -3   15  13   5   6   0   8  18   3   1   1   2  15   1   1   2   3   3   0   0   2  0.44 0.34
  294 T    0  4  1  0 -6  2  1 -3  0 -3  0  3  0 -2 -5 -2 -1  0 -2 -3    7  20   6   5   0   8   9   2   3   2   9  16   2   2   0   3   4   1   1   1  0.38 0.29
  295 V   -3 -2 -3 -3 -2 -1 -4 -4 -4  0  5 -4  2  3 -4 -4 -2  0 -2 -1    2   2   1   2   1   3   1   2   0   5  52   1   5  10   1   1   2   1   1   5  0.91 0.49
  296 K    0  2 -2  1 -5  2  2 -3  0 -4 -2  3 -2 -3 -2 -1  0 -2 -2 -2    9  12   1   9   0   9  12   2   2   1   5  19   1   1   2   5   6   1   2   3  0.35 0.27
  297 E    1  1 -1  1 -6  0  2 -1 -1 -4 -4  3 -3 -4  4 -1 -1 -3 -4 -3   10   8   3   7   0   4  13   4   1   1   1  15   1   1  19   5   4   1   0   2  0.46 0.34
  298 A   -2  1 -2 -1 -4 -1 -2 -4  3  1  4  0  1 -1 -4 -3 -2  0  0 -2    4   8   2   3   0   3   3   2   6   9  38   5   3   2   1   2   2   1   4   3  0.46 0.29
  299 T    0  1 -2 -2 -3 -1  3 -2 -1  1  1  0  0 -1 -2 -1  1  3 -3  0    8   8   1   2   1   3  18   4   1   7  12   5   2   3   2   4   7   4   1   8  0.16 0.16
  300 L   -1  2 -2  0 -2  1 -1 -3 -1  2  0 -1  0 -1 -3 -1  2 -1 -2  1    5  14   1   6   1   5   4   2   2  12  10   4   2   3   1   4  12   1   1  12  0.18 0.15
  301 S    0  1 -1  3 -2 -1  1  0 -1 -3 -4  3 -3 -4  2  0  0 -2 -2 -3    7   7   3  14   1   3   9   6   1   2   2  19   1   1   9   8   5   1   2   2  0.30 0.23
  302 Q   -1  1 -1  1 -4  1  2 -2 -1 -1 -1  2 -2 -2  0  0  2 -1 -1 -3    6   8   2   8   0   7  11   2   2   4   6  13   1   2   5   6  13   1   2   2  0.19 0.17
  303 W    0  0  0 -1  3 -1 -1 -3  0 -1 -2  1 -1 -2  3  2 -1  1 -1 -2    6   6   4   4   6   3   4   2   3   3   5   9   2   2  17  15   4   2   2   3  0.25 0.20
  304 G    0 -1 -3 -3 -4 -2 -1  1 -3 -1 -2 -1 -1 -2  6 -1  1 -2 -4 -1    9   4   1   2   0   2   4   9   1   4   4   5   1   2  33   5   8   1   1   6  0.59 0.37
  305 F    0  0 -1 -1 -2 -1 -1 -1 -2 -1  0  0 -1  5  1 -1 -1 -2  0  1    7   5   3   3   1   2   5   5   1   3   8   6   1  23   8   4   3   0   3   9  0.25 0.17
  306 F    0  0  0  1 -1 -1  1 -1  0 -1 -1  1 -1  1  0  0  0  0  1  0    9   4   3   7   1   2  11   5   2   3   6   8   1   8   5   6   5   1   5   8  0.04 0.05
  307 S    0  0  1  1 -2  0  0  0  0 -1 -1  1 -2 -2  1  0  0 -1  1  0    8   5   6   9   1   3   7   7   2   3   5   8   1   1   7   9   5   1   6   7  0.07 0.07
  308 P    0  0 -1  0 -3 -1  0 -2  0 -2 -1  1 -2 -3  5 -2  0 -3 -3  1    7   5   3   5   1   3   7   4   2   2   6   8   1   1  26   3   5   0   1   8  0.36 0.25
  309 Y   -1  1 -1 -1 -2 -2  0  0 -1  0 -1  1 -2  0  4 -1 -1 -1  0  1    4   6   3   3   1   2   6   7   2   5   5   7   1   4  21   5   3   1   3  11  0.25 0.18
  310 G    0  2  0  2 -1  0 -1  0  0 -2 -2  1 -1 -2  2  0  0  0 -1 -1    9  13   3  10   1   3   4   8   2   3   4   7   1   2  10   5   6   1   2   5  0.13 0.11
  311 I    1  0 -1  0 -2 -1  1 -1 -2  0  0  1  0 -2  1  0  0 -1 -1  1   10   5   2   6   1   2   9   6   1   7   8   8   2   1   8   7   6   1   2   9  0.06 0.06
  312 G    0  0  1  1 -2  0  1  0 -1 -1 -1  0 -2 -1  2  0  0 -2 -1 -1    9   6   7   8   1   3  10   7   2   4   5   6   1   2   9   6   7   0   2   5  0.08 0.07
  313 D    0  1  0  2 -3  0  2 -1  0 -1  0  0  0 -1  0  0 -1 -3 -2  0   10   6   5  10   1   3  16   4   2   3   8   5   2   2   5   6   4   0   1   7  0.10 0.10
  314 N   -1  4 -1 -1 -4  0  1  0 -1 -2 -2  2 -2 -4  2 -1 -1 -4 -2 -1    5  25   3   3   0   4   7   6   1   2   3  14   1   1   9   4   4   0   1   5  0.39 0.26
  315 D   -1  1  0  2 -3 -1  1  1 -1 -1 -2  1 -2 -3  3  0 -1 -3 -3 -1    4   8   4  10   1   3   9  12   1   3   4   7   1   1  16   6   3   0   1   4  0.24 0.18
  316 A    3  0 -2  2 -3 -2  1 -1 -2  0 -2 -1 -1 -3 -2 -1  0 -2 -3  2   21   5   2  13   1   1   9   5   1   5   3   3   2   1   3   3   6   1   1  15  0.26 0.21
  317 C   -1  1 -2 -3 -2 -2 -1 -2  6  1 -1 -2  0 -1 -2 -2  1  0 -1  3    4   7   2   1   1   2   4   3  17   7   5   3   2   3   3   3   8   1   2  22  0.44 0.28
  318 T   -3 -1 -3 -2 -6 -5 -2 -4 -2 -2 -3 -3 -1  0 -4 -3 -1 11  0 -1    2   4   1   2   0   1   3   2   1   3   3   2   1   4   1   3   5  52   3   4  2.15 0.94
  319 I   -2 -1 -4 -4  0 -2 -2 -5 -3  2  1 -2 -2  1 -1 -4 -1 -5 -1  5    3   4   1   1   2   2   3   1   1   9  13   3   1   6   4   1   4   0   2  42  0.73 0.41
  320 N   -1  2  0  1 -6 -1  4 -4  0 -4 -3  4 -3 -3 -3 -1  0  2 -4 -4    5  12   5   7   0   3  22   1   2   1   2  20   1   1   2   4   6   2   1   1  0.54 0.37
  321 P   -2 -3 -6 -4 -5 -2 -2 -5 -4 -3 -3 -3 -5 -3  8 -3 -3 -3 -2 -1    3   2   0   1   0   2   3   1   1   2   4   2   0   1  66   3   2   0   2   5  1.83 0.93
  322 Y   -1  1 -4 -2 -2  0  3 -4 -1 -1 -1  3 -2  0 -2 -2 -1  0  2  1    5   9   1   2   1   4  19   1   2   4   6  15   1   5   2   3   4   2   8   9  0.29 0.24
  323 D   -3 -3 -2 -2 -4 -1 -1 -5 -1  3  4 -2  1 -1  1 -3 -3 -4 -3  1    2   2   3   3   0   3   4   1   1  15  37   3   3   3   7   2   1   0   1  10  0.54 0.31
  324 G   -1 -1  1  1 -1 -1  0  3 -1 -1 -1  0 -1 -2  0  1 -1 -2 -2  0    5   4   5   7   1   3   6  24   2   3   5   5   2   2   5   9   3   1   2   7  0.16 0.07
  325 W   -1  2 -1 -1 -2  0 -1 -1  0  0  1  1 -1 -1 -1 -1 -1  4  1  0    5  14   2   3   1   4   4   4   2   5  13  10   2   2   3   5   4   6   4   7  0.13 0.07
  326 A   -3 -5 -8 -6 -5 -4 -2 -8 -6  3 -1 -5 -1 -4 -5 -6 -3 -2  0  7    2   1   0   1   0   1   3   0   0  12   5   1   2   1   1   1   2   1   3  64  1.63 0.80
  327 C    3 -7 -7 -7  6 -5 -7  0 -7  2 -1 -7 -2 -1 -7 -4 -4 -7 -6  4   26   0   0   0  14   0   0   6   0  11   6   0   1   2   0   1   1   0   0  30  1.11 0.60
  328 Q   -4 -2 -4 -2 -9  3  7 -8 -5 -5 -7 -1 -6 -9 -7 -4 -1 -6 -8 -6    2   2   1   2   0  11  68   0   0   1   1   4   0   0   0   2   4   0   0   1  1.93 1.02
  329 I   -3 -9 -9 -9  0 -9 -6 -9 -9  5 -3 -9 -5 -3 -9 -6 -5 -9 -5  7    3   0   0   0   2   0   1   0   0  24   2   0   0   2   0   1   1   0   0  64  2.10 0.97
  330 S    2  2 -2 -1 -7  2  3 -1  0 -5 -4  3 -3 -5 -5  0  0 -3 -4 -4   15  11   2   3   0   7  19   5   2   1   2  18   1   0   0   6   5   0   1   1  0.51 0.39
  331 Y    2 -4 -7 -3  0 -7 -6 -3 -2 -4 -5 -6 -6  7 -8 -6 -5 -5  7 -6   14   1   0   2   2   0   1   2   1   1   1   1   0  38   0   1   1   0  32   0  1.86 0.92
  332 M    2  1  0  1 -5  0  0 -2  1 -2 -1 -2  4 -1 -5  2  2 -6 -4 -3   16   7   4   8   0   4   6   3   3   2   6   1  10   3   0  14  11   0   0   1  0.30 0.29
  333 E   -2 -5 -1  0 -9  1  7  0 -4 -9 -9 -3 -4 -9 -3  0 -3 -9 -8 -7    3   1   3   4   0   5  63   7   0   0   0   2   1   0   2   7   2   0   0   0  1.60 0.91
  334 E   -5  3 -6 -7 -8 -3 -1 -8 -5  3  0  0  1 -1 -7 -5 -3  9  2  0    1  13   0   0   0   1   5   0   0  15   8   6   3   3   0   1   2  28   6   7  1.26 0.68
  335 T   -5 -6 -4 -2 -8 -3 -5 -5  1 -4 -6 -6 -5 -4 -6  1  7 -8  1 -3    1   0   1   3   0   2   1   1   3   1   1   0   0   1   0  11  67   0   5   2  1.85 1.02
  336 P    0  2 -1  1 -7  0  1 -1 -2 -7 -6  3 -5 -8  4  2 -2 -5 -7 -5    8  10   3   7   0   4   8   4   1   0   1  16   0   0  21  13   3   0   0   1  0.63 0.47
  337 D   -2 -5  0  6 -5 -1  1  3 -4 -7 -7 -1 -8 -7 -6  1 -2 -9 -3 -7    4   1   4  36   0   3   8  23   0   0   0   3   0   0   0  12   3   0   1   0  1.04 0.63
  338 G   -5 -2 -1 -2 -7 -4 -4  6 -2 -4 -4 -2 -6 -1 -3 -4 -5 -4  4 -3    1   3   3   2   0   1   1  61   1   2   2   3   0   2   2   1   1   0  11   2  1.43 0.77
  339 S    3  2 -2 -6 -5 -2 -4 -3  2  0 -1  1 -1 -5 -6  3  0 -4 -4 -1   23  10   2   0   0   2   1   2   5   6   6   7   1   0   0  23   5   0   1   5  0.49 0.40
  340 L   -7 -9 -10 -10 -8 -9 -9 -10 -7  0  7 -9  2 -1 -2 -7 -6 -8 -2 -1    0   0   0   0   0   0   0   0   0   4  79   0   4   2   3   0   0   0   2   5  2.00 0.97
  341 R   -10  9 -8 -10 -12 -5 -8 -9 -6 -8 -8 -5 -9 -3 -10 -7 -7 -11 -7 -11    0  96   0   0   0   0   0   0   0   0   0   0   0   1   0   0   0   0   0   0  3.50 1.55
  342 H   -2 -8 -3 -7 -10  2 -4 -9  9 -6 -4 -8 -3  7 -10 -6 -7 -8 -5 -7    4   0   1   0   0  10   1   0  41   1   2   0   1  38   0   1   0   0   0   0  2.43 1.11
  343 P    2 -10 -6 -9 -10 -9 -9 -3 -10 -10 -10 -9 -10 -11  8 -4 -5 -11 -11 -8   16   0   0   0   0   0   0   3   0   0   0   0   0   0  78   1   1   0   0   0  2.85 1.38
  344 S   -1  6 -4 -8 -8 -4 -6 -8 -4  0 -6 -3 -7 -6 -8  3 -2 -9 -5  4    5  40   1   0   0   1   0   0   0   5   0   2   0   0   0  21   2   0   1  23  1.35 0.77
  345 F   -4 -9 -9 -10 -5 -9 -9 -7 -5  1  0 -9 -3  8 -10 -9 -7  5  3  0    2   0   0   0   0   0   0   1   0   9   9   0   1  56   0   0   0   7   9   6  2.08 0.94
  346 V   -4  2 -3 -3 -6  2 -1 -5  0  2  2  3  0 -5 -6 -3 -3 -7 -2  3    1  10   1   1   0   8   4   1   2  10  18  19   2   0   0   2   2   0   1  18  0.54 0.38
  347 M   -1  6 -4 -6 -1 -1 -3  5 -4 -9 -7  0 -4 -9 -8 -2 -3 -9 -8 -7    6  36   1   0   1   2   2  40   0   0   0   6   1   0   0   3   2   0   0   0  1.44 0.78
  348 F   -7 -5 -8 -8 -5 -6 -5 -9 -7  4  5 -6  1  4 -7 -7 -6  4  0  1    0   1   0   0   0   0   1   0   0  17  42   0   3  18   0   0   0   5   3   8  1.29 0.65
  349 R   -9  9 -8 -8 -6 -5 -7 -9 -1 -11 -8 -5 -9 -11 -8 -9 -8 -11 -9 -6    0  96   0   0   0   0   0   0   2   0   0   0   0   0   0   0   0   0   0   1  3.47 1.51
  350 G   -2  0 -1  5 -5 -2  3 -1 -1 -3 -4 -3 -2 -2  3 -1 -1 -2 -1 -4    4   4   3  29   0   1  19   5   2   2   2   1   1   2  12   4   4   1   2   1  0.64 0.41
  351 T   -5 -5 -3  8 -7 -5 -2 -5 -3 -2 -3 -4 -5 -4 -3 -4 -2 -7 -2 -5    1   1   1  74   0   1   3   1   1   3   3   1   0   1   2   1   3   0   1   1  2.09 0.93
  352 E   -5 -1 -5  1 -6 -2  2 -6 -7 -5 -5  7 -6 -7 -4 -5 -4 -8 -8 -5    1   3   0   7   0   1  12   0   0   1   1  69   0   0   1   1   1   0   0   1  1.92 0.96
  353 D   -2 -3 -1  6 -6 -3  2 -2 -4 -5 -6  3 -5 -6 -2 -1 -1 -6 -1 -4    4   1   2  46   0   1  10   4   0   1   1  17   0   0   2   4   3   0   3   1  1.06 0.56
  354 N    1  0  2  0 -1 -2  0 -3 -3 -5 -4  5 -4 -5  2  1 -1 -6 -4 -3   14   3   9   4   2   1   5   1   0   0   2  33   0   0  10  10   4   0   0   1  0.56 0.40
  355 P   -2 -3 -5 -2 -7 -4  3 -1 -6 -3 -4  1 -6 -7  7 -2 -2 -8 -7 -4    2   1   0   2   0   0  16   5   0   2   2   8   0   0  53   3   3   0   0   1  1.43 0.72
  356 Q    2 -2 -2  2 -5  4  2  2 -4 -4 -5  0 -4 -5  1 -1 -2 -6 -5 -2   19   2   1  11   0  20  13  14   0   1   0   5   0   0   7   3   1   0   0   3  0.51 0.38
  357 E   -2  1 -3  3 -3 -2  5 -4 -4 -2 -4 -1 -3 -6 -5  0 -3 -2 -3  3    3   6   0  13   1   1  41   1   0   2   1   2   0   0   0   5   1   1   1  20  0.80 0.50
  358 K   -1  1 -3  0 -5  3  4 -4 -1 -3 -4  5 -3 -5 -4 -1 -2 -6 -4 -1    5   6   0   4   0  12  25   0   1   1   0  33   0   0   0   3   2   0   0   6  0.71 0.42
  359 M   -3 -5 -6 -6 -4 -5 -6 -6 -6  4  2 -5  4 -3 -5 -5 -3 -5 -4  6    0   0   0   0   0   0   0   0   0  24  14   0  10   0   0   0   0   0   0  53  1.24 0.51

                      K         Lambda
Standard Ungapped    0.1370     0.3188
Standard Gapped      0.0410     0.2670
PSI Ungapped         0.1588     0.3178
PSI Gapped           0.0486     0.2670
