
Last position-specific scoring matrix computed, weighted observed percentages rounded down, information per position, and relative weight of gapless real matches to pseudocounts
           A  R  N  D  C  Q  E  G  H  I  L  K  M  F  P  S  T  W  Y  V   A   R   N   D   C   Q   E   G   H   I   L   K   M   F   P   S   T   W   Y   V
    1 M   -1 -1 -2 -3 -2  0 -2 -3 -2  1  2 -1  6  0 -3 -2 -1 -2 -1  1    0   0   0   0   0   0   0   0   0   0   0   0 100   0   0   0   0   0   0   0  0.33 0.00
    2 F   -2 -3 -3 -4 -3 -3 -3 -3 -1  0  0 -3  0  6 -4 -3 -2  1  3 -1    0   0   0   0   0   0   0   0   0   0   0   0   0 100   0   0   0   0   0   0  0.73 0.00
    3 P   -1 -2 -2 -2 -3 -1 -1 -2 -2 -3 -3 -1 -3 -4  8 -1 -1 -4 -3 -3    0   0   0   0   0   0   0   0   0   0   0   0   0   0 100   0   0   0   0   0  2.03 0.00
    4 K   -1  2  0 -1 -3  1  1 -2 -1 -3 -3  5 -1 -3 -1  0 -1 -3 -2 -2    0   0   0   0   0   0   0   0   0   0   0 100   0   0   0   0   0   0   0   0  0.51 0.00
    5 S    1 -1  1  0 -1  0  0  0 -1 -3 -3  0 -2 -3 -1  4  1 -3 -2 -2    0   0   0   0   0   0   0   0   0   0   0   0   0   0   0 100   0   0   0   0  0.45 0.00
    6 N   -2  0  6  1 -3  0  0  0  1 -3 -4  0 -2 -3 -2  1  0 -4 -2 -3    0   0 100   0   0   0   0   0   0   0   0   0   0   0   0   0   0   0   0   0  0.72 0.00
    7 I   -1 -3 -3 -3 -1 -3 -3 -4 -3  4  2 -3  1  0 -3 -3 -1 -3 -1  3    0   0   0   0   0   0   0   0   0 100   0   0   0   0   0   0   0   0   0   0  0.38 0.00
    8 D   -2 -2  1  6 -4  0  2 -1 -1 -3 -4 -1 -3 -4 -2  0 -1 -5 -3 -3    0   0   0 100   0   0   0   0   0   0   0   0   0   0   0   0   0   0   0   0  0.92 0.00
    9 R   -2  6  0 -2 -4  1  0 -2  0 -3 -2  2 -1 -3 -2 -1 -1 -3 -2 -3    0 100   0   0   0   0   0   0   0   0   0   0   0   0   0   0   0   0   0   0  0.74 0.00
   10 N   -2 -1  6  1 -3  0  0 -1  1 -4 -4  0 -2 -3 -2  1  0 -4 -2 -3    0   0 100   0   0   0   0   0   0   0   0   0   0   0   0   0   0   0   0   0  0.79 0.03
   11 Y    2 -2 -2 -3 -2 -1 -2 -2  1 -2 -1 -2 -1  2 -2 -1 -1  1  6 -1   31   0   0   0   0   0   0   0   0   0   0   0   0   0   0   0   0   0  69   0  0.53 0.02
   12 K   -1  1  0 -1 -3  3  1 -2 -1 -2 -2  4 -1 -3 -1  0  2 -3 -2 -2    0   0   0   0   0  25   0   0   0   0   0  50   0   0   0   0  25   0   0   0  0.37 0.03
   13 V   -1 -2 -2 -3 -2 -2 -3  2  0  0 -1 -2 -1  3 -3 -2 -2  1  5  1    0   0   0   0   0   0   0  21   0   0   0   0   0  21   0   0   0   0  38  21  0.37 0.04
   14 K   -1  2 -1 -1 -3  1  2 -2 -1 -3 -3  2 -2 -3  4  0  2 -3 -2 -2    0  18   0   0   0   0  21   0   0   0   0  21   0   0  21   0  20   0   0   0  0.44 0.03
   15 L   -1 -1 -1 -2 -2  2 -1 -2 -2 -1  1 -1  0 -2 -2  0  4 -2 -2  0    0   0   0   0   0  21   0   0   0   0  21   0   0   0   0   0  59   0   0   0  0.30 0.05
   16 I   -1 -3 -3 -4 -2 -3 -3 -4 -3  3  2 -3  1  3 -3 -3 -1 -2  0  2    0   0   0   0   0   0   0   0   0  41  21   0   0  20   0   0   0   0   0  18  0.33 0.03
   17 S    0 -2 -1 -2 -1 -1 -1 -2 -2  0 -1 -1 -1 -2  4  2  0 -3 -2  2    0   0   0   0   0   0   0   0   0   0   0   0   0   0  21  41   0   0   0  38  0.33 0.04
   18 Y   -1 -2 -2 -3 -2 -2 -2 -3  1 -1 -1 -2 -1  2 -3  1 -1  1  6  1    0   0   0   0   0   0   0   0   0   0   0   0   0   0   0  21   0   0  62  18  0.49 0.06
   19 D   -1 -2  3  5 -3 -1  1  2 -1 -4 -4 -1 -3 -4 -2  0 -1 -4 -3 -3    0   0  21  59   0   0   0  20   0   0   0   0   0   0   0   0   0   0   0   0  0.67 0.05
   20 K   -1  5 -1 -2 -3  0  0 -3 -1 -1 -2  3 -1 -3 -2 -1 -1 -3 -2  1    0  58   0   0   0   0   0   0   0   0   0  21   0   0   0   0   0   0   0  21  0.45 0.05
   21 K   -2  2  3  0 -3  0  1 -2  0 -3 -2  2 -2  2 -2  0 -1 -2  0 -3    0  18  32   0   0   0  15   0   0   0   0  18   0  18   0   0   0   0   0   0  0.30 0.05
   22 G    0 -3 -1 -2 -3 -2 -3  6 -1 -4 -3 -2 -3 -1 -3 -1 -2 -1  3 -3    0   0   0   0   0   0   0  82   0   0   0   0   0   0   0   0   0   0  18   0  0.91 0.08
   23 K   -2  0  6  0 -3  0 -1 -1  0 -4 -4  2 -3 -4  3  0 -1 -4 -3 -3    0   0  64   0   0   0   0   0   0   0   0  20   0   0  16   0   0   0   0   0  0.69 0.10
   24 L   -1  1 -3 -3 -2 -2 -2 -3 -3  0  1 -1  0 -2  5 -2 -1 -3 -2  2    0  15   0   0   0   0   0   0   0   0  15   0   0   0  39   0   0   0   0  31  0.59 0.07
   25 V    1 -3 -3 -3 -2 -2 -2 -3 -2  1 -1 -2 -1 -1  4 -1 -1 -2  2  2   15   0   0   0   0   0   0   0   0  12   0   0   0   0  28   0   0   0  14  31  0.42 0.06
   26 S    2 -1  2 -1 -1 -1 -1 -1 -1 -3 -3 -1 -2 -3 -1  4  1 -3 -2 -2   16   0  15   0   0   0   0   0   0   0   0   0   0   0   0  69   0   0   0   0  0.49 0.10
   27 D   -2  2  0  5 -3  0  1 -2 -1 -3 -3  1 -3 -4 -2  0  1 -4 -3 -3    0  15   0  56   0   0   0   0   0   0   0  13   0   0   0   0  16   0   0   0  0.57 0.08
   28 D   -1  2  2  3 -3  0  0 -2 -1 -3 -3  2 -2 -3 -2  0  3 -4 -3 -2    0  12  11  24   0   0   0   0   0   0   0  20   0   0   0   0  33   0   0   0  0.38 0.10
   29 S    0  1  0  2 -2  0  1 -2 -2 -2 -3  0 -2 -3 -2  3  4 -3 -2 -2    0  10   0  11   0   0  11   0   0   0   0   0   0   0   0  30  39   0   0   0  0.40 0.12
   30 F    1 -2 -1 -2 -2 -2 -2  1 -2 -1 -1 -2 -1  3 -2  2  2 -1  2  0    9   0   0   0   0   0   0   9   0   0   0   0   0  20   0  19  25   0   9   9  0.22 0.10
   31 E    0 -1 -1 -1 -2  2  3 -2 -1  0 -2  1 -1 -3 -2  0  3 -3 -2 -1    9   0   0   0   0   9  29   0   0   8   0   9   0   0   0   0  35   0   0   0  0.34 0.13
   32 Q    0  4 -1 -2 -3  3  1 -3 -1 -2 -2  1  2  1 -2 -1 -1 -3 -1 -2    9  36   0   0   0  19  10   0   0   0   0   7  10   9   0   0   0   0   0   0  0.38 0.13
   33 V   -1 -3 -2 -3 -2 -3 -3 -3 -3  2  1 -3  0  4 -3 -1  3 -2  0  2    0   0   0   0   0   0   0   0   0  18   8   0   0  25   0   0  33   0   0  17  0.36 0.15
   34 E   -1  1  3  0 -3  3  2 -2  0 -3 -3  0 -2  1 -2  1  1 -2  1 -2    0   8  25   0   0  18  15   0   0   0   0   0   0   9   0   9   8   0   8   0  0.31 0.12
   35 N   -2  2  5  2 -3  1 -1  0 -1 -3 -1  0 -2 -3 -3  0  1 -4 -3 -3    0  17  42   9   0   6   0   8   0   0   9   0   0   0   0   0   8   0   0   0  0.41 0.15
   36 Y   -2 -3  1 -3 -3 -2 -3 -3 -1 -3 -3 -3 -2  1 -4  1 -2  9  6 -3    0   0   8   0   0   0   0   0   0   0   0   0   0   0   0  17   0  32  43   0  1.24 0.27
   37 L    0  0 -2  0 -2 -2 -2 -3 -2  2  1 -2  2  1 -3  0 -1 -2  1  2    7   8   0   7   0   0   0   0   0  12  14   0   7   8   0   8   0   0   7  21  0.11 0.08
   38 F    0  0 -2 -3 -2 -2 -2  0 -1  0  0  0  3  3 -3  0 -1 -1  3  1    6   8   0   0   0   0   0   7   0   0   6   7  14  14   0   7   0   0  13  18  0.15 0.12
   39 Q   -2  3 -1  3 -3  1  3 -3 -1 -2 -1  1  1 -3 -2  0 -1 -4 -3 -1    0  19   0  20   0   6  24   0   0   0   6   6   7   0   0   6   0   0   0   6  0.33 0.15
   40 N   -1  2  2 -1 -3  2  1  2 -1 -3 -3  2 -2 -2 -2  1  0 -3  1 -3    0  12  12   0   0  11   6  19   0   0   0  13   0   0   0  12   6   0   6   0  0.27 0.12
   41 R   -3  6 -2 -3 -5  1 -2 -4 -1 -4 -3  2 -3  1 -4 -2 -3 -3  3 -4    0  67   0   0   0   6   0   0   0   0   0   9   0   6   0   0   0   0  12   0  1.07 0.36
   42 S    0  1  1  2 -3 -1 -1  0  2 -3 -3  0 -3 -4 -2  3  1 -4 -3 -3    5   6   5  14   0   0   0   6   6   0   0   6   0   0   0  40  11   0   0   0  0.39 0.20
   43 T   -2 -1  4  3 -3  2  2 -2 -1 -3 -3 -1 -2  0  2  0  0 -3 -2 -3    0   0  28  15   0  10  15   0   0   0   1   0   0   6   9   6   7   0   0   0  0.44 0.20
   44 T    0  0 -2 -2 -2 -2 -2 -2 -3  1  0 -2 -1 -2  2  1  2 -3 -2  2    6   6   0   0   0   0   0   0   0  10   9   0   0   0  12  15  19   0   0  20  0.23 0.14
   45 Y    0  1  1  0 -3 -1 -2 -3  1  1 -1  0  1 -1 -3 -1  1 -2  3  1    8  12  10   5   0   0   0   0   5  15   0   5   6   0   0   0  11   0  15   8  0.15 0.15
   46 K    0  4 -1 -2 -3 -1 -1 -1 -2 -3 -3  4 -2 -4 -3  1  2 -4 -3 -1    6  24   0   0   0   0   0   5   0   0   0  30   0   0   0  10  21   0   0   6  0.46 0.25
   47 P    0 -3 -2 -2 -3 -2  0 -3 -3 -3 -4 -2 -3 -4  5  3  4 -5 -4 -3    4   0   0   0   0   0   5   0   0   0   0   0   0   0  29  28  33   0   0   0  0.87 0.35
   48 G    0 -1 -1  0 -3 -1  0  2 -2 -1 -2  2 -2 -2  0  0  1 -3  0  0    5   0   0   5   0   0   6  16   0   5   0  25   0   0   4   5  14   0   5   9  0.16 0.13
   49 Y   -1  1  0 -2 -3 -1  0 -3  1 -1 -2  1 -2  1  1 -2  0  6  3 -1    4  10   5   0   0   0   6   0   5   4   0  12   0   5   9   0   5  14  14   6  0.33 0.17
   50 I   -1 -1  1  0 -2 -2 -1 -3 -2  3  1 -2  0 -2  2  0  0 -3 -2  2    0   5   8   4   0   0   4   0   0  27  13   0   0   0  10   6   4   0   0  16  0.19 0.14
   51 R   -1  4  2 -2 -3  1 -1 -3 -1 -2  0  2  1  0 -3 -1 -2 -3  1 -2    6  34  13   0   0   5   0   0   0   0   9  15   6   4   0   0   0   0   6   0  0.38 0.21
   52 R   -1  2  1 -1 -3  1  1  2 -2 -3 -3  2  1 -1  0  0  1 -3 -2 -2    3  17   8   0   0   5   8  16   0   0   0  14   5   4   5   4  10   0   0   0  0.23 0.15
   53 D    0  0 -1  2 -3  1  0  3  1 -2 -3  3 -3 -4 -2  0  0 -4 -3 -3    5   4   0  14   0   7   4  27   4   4   0  22   0   0   0   3   5   0   0   0  0.35 0.20
   54 F   -4 -1 -4 -1 -4 -4 -4  0 -3 -1  0 -4 -3  5 -5 -4 -4  9  2 -3    0   4   0   4   0   0   0  10   0   4   7   0   0  29   0   0   0  34   7   0  1.35 0.49
   55 R   -1  4  0  0 -3 -1  0 -3  2 -1 -1  2  0  0  0 -1 -1 -3  0  0    4  28   4   4   0   0   4   0   6   3   7  12   3   3   4   4   3   0   4   6  0.21 0.17
   56 R   -1  3  0 -2 -3 -1 -2 -1  1 -1 -2  2  0 -2  3  1  0  2  1 -1    4  21   3   0   0   0   0   4   3   4   4  12   3   0  15  11   4   3   6   3  0.27 0.19
   57 P   -4  1 -1 -4 -5 -4 -4 -5 -4 -5 -5 -3  0 -6  8 -3 -4 -6 -5 -5    0   7   3   0   0   0   0   0   0   0   0   0   3   0  83   0   0   0   0   0  2.36 0.74
   58 T   -2 -3  0 -3 -3 -1 -1 -4  1 -2  1 -1 -2 -3 -3  2  5 -4 -3  0    0   0   3   0   0   3   3   0   4   0  17   4   0   0   0  15  46   0   0   6  0.59 0.41
   59 N    2  0  3  1 -3  0  0 -1 -2 -1 -3 -2 -3 -4  3  2  0 -4 -3 -1   18   4  17   9   0   4   4   4   0   4   0   0   0   0  13  15   5   0   0   3  0.33 0.23
   60 F   -2 -5 -5 -6 -5 -4 -5 -5  3  0 -1 -5 -3  5  0 -4 -4 -1  8 -1    3   0   0   0   0   0   0   0   6   6   3   0   0  20   6   0   0   0  51   4  1.36 0.58
   61 W   -2  1  1 -2 -3  0  1 -1 -2 -3 -3  0 -2  2 -3  1  1  6  2 -1    0  10   8   0   0   3   8   3   0   0   1   5   0   8   0  13  12  14   8   4  0.37 0.26
   62 N    1  3  3 -2  0  0 -2 -1 -2 -1 -3  1 -2 -2 -3 -1  1 -3  2  0   12  21  18   0   2   3   0   3   0   3   1   8   0   0   0   0  11   0   9   6  0.29 0.25
   63 G   -2 -1  0  0 -3  0 -2  3 -2 -4 -2 -1 -3 -3 -3  3  2 -3  2 -3    0   3   3   5   0   5   0  22   0   0   3   3   0   0   0  31  13   0  10   0  0.43 0.33
   64 Y    0  2 -2 -2 -2 -1 -2  0  3  0  0  1 -1  1  0  0  1 -2  1  1    5  13   0   0   0   0   0   6   9   5   7   9   0   6   3   7  11   0   5  13  0.09 0.14
   65 R    0  2 -2 -1 -3  0  0 -3 -2  0  1  0 -1 -2  0  0  0  2  1  0    6  18   0   3   0   3   5   0   0   6  19   6   0   0   3  10   7   3   5   5  0.12 0.15
   66 C   -1  0  0  1  3  0  0 -1 -2 -2 -2  2 -2 -2  0  1  0  2  0  0    3   5   4   9   7   3   6   3   0   0   3  19   0   0   3  13   3   3   3  10  0.14 0.15
   67 F    0  0 -2 -2  0  0  1 -2 -1 -1  0 -1  1  1  0  0 -2  3  4  0    6   6   0   1   3   5   9   3   0   3   9   3   6   5   4   9   1   5  18   6  0.15 0.16
   68 N    0  1  0  1 -2  0  1 -2 -2 -2  1  0 -1 -2  0  1  2 -3 -2 -1    7   8   5   7   0   3  11   1   0   1  17   5   0   1   4  12  13   0   0   4  0.12 0.13
   69 Q   -1 -1  1 -1 -2  0 -1  1  3 -1  0 -1 -1  1 -1  0 -1 -2  3  0    2   3   8   3   0   5   4  12  10   3   8   1   0   5   3   8   1   0  11   9  0.10 0.12
   70 P   -1 -1  0 -1 -2 -1 -2  0 -2  1 -1  0 -1 -2  3  0  2  2 -2  0    4   4   5   3   0   1   1   9   0  10   6   6   0   1  17   4  17   3   1   7  0.20 0.15
   71 V   -1  1 -1 -1  1  1 -1 -1 -1 -2  0 -1 -1 -1  0  2  0 -2  3  0    4   8   1   4   3   8   1   4   0   1  12   1   0   1   5  22   6   0  12   7  0.14 0.16
   72 G   -2  1  0 -1 -3 -2 -2  5 -2 -3 -2 -1 -3  1 -1  0 -1  2  0 -3    1  10   4   3   0   1   1  43   0   1   5   3   0   7   3   6   4   3   3   1  0.46 0.26
   73 T    0  0 -1  2 -3 -1  0  1  0 -2 -1 -1 -2  1 -2  1  2 -3  0  0    8   5   0  13   0   0   7  12   2   0   4   3   0   7   0  11  16   0   2   8  0.13 0.15
   74 F   -2 -2 -1 -1  3 -1 -2  1  3 -1  0  0  0  1 -3  0 -2  2  4  1    1   1   3   3   8   3   1  11   8   1   8   6   3   5   1   6   1   3  16  13  0.20 0.19
   75 T    0 -1  0 -1 -3  1  0 -3  2  1 -1  0 -2  0 -2  1  2 -3 -2  0    6   3   3   3   0   8   7   1   5  12   3   5   0   5   0  14  19   0   0   6  0.16 0.18
   76 R   -1  2  1  0 -3  2  0 -1 -1 -3 -3  0 -2  2 -1  0  0  2  4 -1    3  14   8   5   0   9   5   5   0   0   0   3   0   9   3   6   5   3  16   5  0.23 0.22
   77 K    1  1  0 -2 -3  0  1  0 -2 -1 -1  1  1 -2 -2  1  0  1  1  0   13   9   3   0   0   3   9   7   0   3   3   9   4   0   0  15   7   2   5   7  0.12 0.15
   78 L   -1  1 -1 -3 -3 -1 -2 -1  0  0  1  0  0  2 -1  0  2  2  1 -1    3   9   3   0   0   3   0   5   3   7  15   6   2   9   3   6  15   3   7   2  0.10 0.14
   79 S    1  0  1 -1 -3  0  0  1  1  1 -2 -1 -2 -1 -3  2 -1  1 -1  0   10   7   6   2   0   3   6  12   4  13   0   3   0   3   0  19   2   3   2   5  0.12 0.16
   80 D   -2 -1  0  3 -4  0  0 -2  0 -4 -3 -2 -3 -1 -1  3  2  2  2 -3    0   2   4  20   0   5   5   3   2   0   3   0   0   2   2  26  15   3   8   0  0.42 0.34
   81 G    0 -1  3 -1 -3  0 -1  1 -2 -2 -3  1  0 -1  3  1  0  3  1 -3    5   2  17   2   0   3   3  13   0   2   0   9   4   2  13   9   4   5   6   0  0.27 0.23
   82 G    0 -1  1  0  1 -2 -1  4 -3 -2 -4 -2 -3 -4  2  1  2 -4 -2 -3    5   3   7   5   3   0   3  33   0   3   0   0   0   0  11  10  15   0   2   0  0.46 0.31
   83 R   -3  5 -1 -3 -4  0 -1 -2 -2 -3  0  0 -3  1  0  0  0 -4  1 -1    0  40   3   0   0   3   3   2   0   0  10   5   0   5   5   8   7   0   4   4  0.48 0.36
   84 Q   -2  1 -1  0 -3  1  1 -3 -2  2 -2  0 -1  0 -3 -2  2  1  0  2    1   7   3   4   0   9   8   1   0  18   1   5   0   5   0   1  18   2   3  14  0.21 0.23
   85 V    1  0  2  1 -2  0  0  2  0 -1 -2 -1 -2 -1  0  0  0 -3 -1  1   13   6  10   8   0   3   4  16   3   2   3   1   0   2   5   5   4   0   3  12  0.10 0.12
   86 A    0  1  0  2 -3  1  0 -1  1 -1 -2  0  0 -2 -1  1 -1  2  2 -1   10   9   5  11   0   6   7   3   5   5   1   3   3   0   2  11   1   3  11   5  0.13 0.14
   87 D   -1 -3  0  2 -3 -2 -1  0 -2  0 -1 -1 -2 -1  3  1  2 -3  1 -1    3   0   5  11   0   0   3   7   0   6   6   3   0   2  16   9  19   0   6   3  0.24 0.21
   88 Y   -1 -1 -2 -1  2 -1  0  0 -2 -2 -1 -1 -2  2 -1  0  0  4  5 -1    3   3   0   3   4   2   6   8   0   0   5   3   0  10   2   8   8   6  23   3  0.31 0.24
   89 G    0  0 -1 -2 -3 -1  1  3 -2 -2 -1 -1  1 -1 -3  1  2 -3  0 -1    5   6   2   0   0   2  10  23   0   0   6   3   4   3   0  10  17   0   4   3  0.21 0.21
   90 I    0  0  0  0 -2  0  1  0 -1  0  0 -1 -1 -1 -1  0  0  3  0  0    8   5   5   5   0   3  10   9   0   6  13   3   0   2   2   6   5   4   5   8  0.03 0.06
   91 V    0 -2 -1 -2  0  0 -1  1 -2  0  0  0 -1 -1  1  0  0  3  0  2    5   0   3   0   2   5   3  13   0   5   6   5   0   2   8   9   4   5   4  20  0.11 0.14
   92 N    1 -2  1  2 -3 -1  0  1  1 -3 -2 -1  0 -3  1  1  1 -3  0 -1   12   0   8  13   0   0   4  12   5   0   3   3   3   0   8   9  11   0   5   3  0.18 0.16
   93 P    1 -1  1  0  2 -2 -2  2 -3 -3 -1 -1 -2 -2  3  1 -1 -4 -3 -1   14   2   7   6   5   0   0  18   0   0   6   3   0   2  16  13   3   0   0   3  0.29 0.21
   94 N    0  0  1  0 -2  0  0  2 -2 -1 -1 -1 -1  1  1  0  0 -2  0  0    9   6   9   5   0   3   5  15   0   2   4   0   0   8   6   4   6   0   4  12  0.07 0.11
   95 K    0  2  0 -2 -3 -1  0  0  0  0  0  0 -2  0  0  1 -1  1  2 -1    6  18   6   0   0   0   5   8   2   6   9   4   0   2   4  11   3   2  11   2  0.12 0.16
   96 F   -1 -3 -1 -2 -3  0 -3 -1  0  0  0 -1 -2  4  1  0  0  2  3  0    2   0   3   2   0   5   0   4   3   4   9   3   0  23   8   7   6   3  11   5  0.26 0.22
   97 T    0 -1  0 -1 -3  2 -2  0  0 -1 -3  0  0 -3  1  3  2 -4 -3  0    5   2   5   3   0  12   1   6   3   3   1   3   3   0   6  26  15   0   0   7  0.26 0.25
   98 A    1 -2  0  0 -3 -1  0  1  0 -1 -1 -1  0 -2  0  1  0  6 -2 -2   12   0   5   5   0   2   5  12   3   4   7   3   3   0   5  12   7  12   0   2  0.22 0.18
   99 N    0 -2  2  0 -2 -1 -1  0  0  0  0 -1  1 -1  0  0  0  1 -1  0   11   0  13   5   0   0   2   5   3   7  11   5   7   3   4   4   5   3   2   9  0.05 0.10
  100 S    2 -2 -1 -3 -3 -2 -1 -1 -3 -1  0 -1 -2  0  2  2  0  1  0  0   21   0   3   0   0   0   3   2   0   3  10   4   0   5  13  21   3   2   3   7  0.23 0.22
  101 Q    0  2  1  0 -3  1  0 -1 -2  0 -1  1 -2 -1  1  1 -1  3 -1 -1    5  12   6   5   0   7   4   4   0   8   6   6   0   2   7  15   2   5   2   3  0.11 0.13
  102 H    0  0 -1 -3 -1 -2 -1 -2  4  0 -1  0 -2  0  0  2 -1 -3  3  1    7   5   2   0   2   0   3   2  14   5   7   5   0   3   4  17   3   0  12  11  0.19 0.22
  103 L   -2 -4 -3 -4 -3 -3  0 -1 -2  1  1 -3 -1  3  1 -1  1 -2  4  1    0   0   0   0   0   0   6   5   0   9  15   0   0  15   8   5  10   0  17   9  0.34 0.28
  104 G    1 -1  1  0 -3  0  0  2 -1 -3 -1  0 -1 -1  2  1  0 -4 -1 -3   12   2   9   5   0   4   5  16   2   0   6   5   2   2  13   9   7   0   2   0  0.20 0.16
  105 D    0 -2  0  4  0  0  2 -1  3 -2 -2 -2 -2  1 -3  0  0 -3 -2  0    6   0   4  26   2   4  12   3   7   0   3   0   0   8   0   8   5   0   0  10  0.28 0.24
  106 N   -1 -1  4  2  0 -1  0  1 -2 -1 -1 -2 -2  1 -3  1  1 -3 -2 -2    3   4  23  11   2   2   4  10   0   4   5   0   0   8   0   8  12   0   0   2  0.23 0.21
  107 M    1  0 -1  0 -2  0  0  0  0  0  0 -1  2 -1  1  1  0 -3 -2  0   11   6   2   7   0   6   3   5   2   4  13   2   8   2   7  12   4   0   0   5  0.06 0.10
  108 V   -2 -1  1  0 -3 -1 -1 -2 -2  0  0  0 -1  2  0  0  1  1  2  2    0   3   7   4   0   3   1   2   0   2   8   7   0  11   5   6  12   2   8  19  0.12 0.17
  109 I    0  0 -1  1 -2 -1 -1 -2 -3  2  2 -1  1 -2 -1  0  0  3 -2  1    7   5   2   9   0   2   3   2   0  14  21   2   3   0   2  10   3   5   0   8  0.11 0.15
  110 Y   -1 -1  0 -1  1 -2 -1  0  1 -2 -1  0 -1  0  3  0  2  2  3 -2    3   2   4   3   3   0   2   7   4   0   6   5   2   4  17   4  14   2  12   2  0.21 0.20
  111 P    0  0 -1  0 -3 -2 -1  0 -2  0 -1 -2 -2  0  3  2  1 -3  1  0    4   5   3   5   0   0   4   6   0   5   6   0   0   3  19  18  10   0   7   5  0.23 0.20
  112 G    1 -1  1 -1 -2 -2 -2  3  1  0 -1  0  0 -3  1  0  0 -3 -2 -1   13   3   7   2   0   0   1  24   4   7   7   5   2   0   8   8   4   0   0   4  0.18 0.15
  113 P    0 -2  0  0 -3  2  1 -1  0  0 -2  0 -2 -3  3 -1  0  1 -2  0    9   0   4   5   0  13  12   5   2   6   3   3   0   0  17   3   7   2   0  10  0.22 0.18
  114 F   -1  0 -2  0 -2  0  0 -3 -2  1  0  0  1  1  1 -1  0  3  1  1    3   6   0   5   0   4   5   1   0   9  10   6   3   8   7   3   4   6   7  14  0.10 0.11
  115 S    0 -2  0  2 -3  0  0 -1  1 -1 -1  0  0 -2  2  1  1 -3  0 -1    5   0   2  17   0   3   5   3   5   5   6   5   4   0   9  16   8   0   4   2  0.15 0.14
  116 I    1 -1 -2 -1 -2  1 -2 -2 -2  0  0 -1  1  2  1  1  0  1  3  0   11   2   0   3   0   8   0   2   0   7   7   2   4  10   6  10   7   2  12   5  0.12 0.15
  117 N    0  0  5  1 -3  0  0  0  1 -3 -3 -1  0 -3  1  1 -1 -4 -1 -3   10   4  32   5   0   4   4   6   4   0   2   3   3   0   6  13   0   0   2   0  0.38 0.28
  118 I    0  0 -3  0  0 -1  0 -3 -2  2  2 -1  1  0 -3 -2 -2 -3  0  1    7   6   0   6   2   2   9   1   0  11  30   3   2   3   0   1   0   0   4  11  0.16 0.17
  119 D    0  1  0  2 -2  0  0 -2 -2  0  0  0  0 -1 -1  0  1 -2  0  0    9   9   3  16   0   3   6   1   0   5  10   5   2   2   2   6  10   0   5   7  0.08 0.10
  120 Q    2  1  4  2 -3  2  1  0  0 -3 -1 -1 -2 -3 -1  0 -1 -4 -3 -3   18   7  23  11   0  10   7   5   2   0   7   0   0   0   3   4   2   0   0   0  0.29 0.24
  121 R    0  4  1  0 -3 -1  1 -2 -2 -2  0  1  0 -1 -1  0  1 -3 -2 -2    7  27   8   4   0   0   8   1   0   2   9   8   2   3   3   7   8   0   0   2  0.23 0.20
  122 A    4 -3  0 -2  0 -2 -1 -1 -3 -1  1 -2  0 -1 -3  0 -2  2 -1  0   42   0   5   2   2   0   3   3   0   2  18   0   3   2   0   4   0   3   2   6  0.30 0.28
  123 S   -1  2  0  0 -2  0  0 -1  1  1  0  1 -1 -2  0  1  0 -2  1  0    1  13   3   4   0   3   4   3   4  12   8   9   0   0   3  16   5   0   6   5  0.08 0.12
  124 V    2 -2  3 -1 -2  0  0 -1  0  0 -1 -2  1 -3  0  1  2 -3 -2  0   19   1  18   2   0   3   4   4   2   5   5   1   4   0   4   7  15   0   0   7  0.18 0.19
  125 E    0  2  1  2 -3  1  2  0  0 -3 -3  2 -1 -3 -2  0  0 -3 -2 -2    6  12   5  10   0   3  20   6   2   0   1  15   2   0   1   5   4   0   0   3  0.22 0.18
  126 V    3 -3 -3 -3  1 -2 -2 -2 -2  1  1 -2  1  1 -2 -1 -1 -2  1  1   32   1   0   1   4   0   1   1   0   7  18   1   4   5   1   3   3   0   5   7  0.19 0.22
  127 L    0  1  0 -3 -3  1 -2 -3  0  1  2 -2 -1  0 -3 -1 -1 -2  2  0    6   9   5   0   0  10   0   0   3   7  27   0   0   3   0   4   3   0   9   6  0.11 0.20
  128 N    1  0  2  1 -3  2  0  0  0 -1 -2  1 -2 -3 -2  1  0 -3 -3 -1   13   2  14   8   0  11   2   8   2   2   4  10   0   0   0   8   5   0   0   4  0.12 0.17
  129 K    0  2  3  0 -3  1  0 -2 -2 -3 -3  3 -3 -4 -3  2 -1 -4 -3 -2    9  11  14   6   0   4   3   0   0   0   0  24   0   0   0  15   3   0   0   3  0.31 0.29
  130 L   -1 -1 -3 -4 -3  0 -3 -4 -3  2  2 -1  2  2  0 -3 -2  2 -2  2    4   3   0   0   0   5   0   0   0  11  28   4   5   9   5   0   0   3   0  16  0.24 0.25
  131 S    1  2  1  1 -3  1  0 -1  2 -3 -3  0 -1 -3  0  1  0 -3  1 -3   12  14   6   7   0   5   3   4   5   0   0   5   2   0   4  14   5   0   6   0  0.15 0.19
  132 Q    0  1  1  2  1  2  1  0  1 -3 -3  0 -2 -3 -2  1  0 -3  0 -3    5   8   7  15   3  11   8   7   3   0   1   4   0   0   0  10   6   0   4   0  0.18 0.19
  133 S    0 -1 -1 -2 -3  0 -1  2  0 -2 -3  0  1  0  0  2  0 -3  1 -2    8   3   2   0   0   5   3  17   3   2   0   4   6   3   3  20   7   0   6   0  0.14 0.23
  134 N    0  0  1  3 -3  1  1  0  1 -2 -2  0 -1 -3  0  1  0 -4 -3 -2    7   3   7  18   0   8   7   8   3   3   2   6   2   0   5   9   3   0   0   0  0.16 0.17
  135 L    0 -1 -3 -3  1 -2 -1 -1 -3  1  1 -2  1  2 -3 -1  1  1  0  2    7   3   0   0   3   0   4   4   0   6  14   0   4   9   0   4   9   2   3  22  0.10 0.18
  136 N   -2 -3  6  3 -5  1  1 -2 -2 -5 -3  0 -4 -5 -4  1 -2 -5 -4 -4    3   0  45  16   0   5   8   2   0   0   3   5   0   0   0  12   0   0   0   0  0.85 0.43
  137 I   -1 -4 -5 -5 -3 -4 -4 -2 -1  1  4 -4  2  1 -2 -2 -3  4  1  0    5   0   0   0   0   0   0   3   1   6  54   0   5   5   2   3   0   6   5   3  0.65 0.35
  138 G    1 -4 -3 -4 -3 -3 -4  4 -4  0  1 -3  1 -3  1  0 -2 -4 -4 -1   15   0   0   0   0   0   0  37   0   7  18   0   3   0   8   8   1   0   0   2  0.51 0.31
  139 V   -1 -3  0 -1 -3  2  1 -2 -3  0  0 -1  3 -3 -4 -2  1 -4 -1  4    5   0   4   3   0   9  11   2   0   2   6   2   9   0   0   2   9   0   2  36  0.31 0.28
  140 A    1 -3  0  1 -3 -2  0  0 -2 -1  0 -2  1  3 -1  1  2 -3  0 -1   15   0   4   9   0   0   5   5   0   2   7   0   5  16   2   9  14   0   3   3  0.16 0.18
  141 I    2 -4 -4 -5 -3 -4 -4 -3 -4  3  3 -4  2  1 -4 -3 -1 -4 -1  1   23   0   0   0   0   0   0   1   0  17  39   0   4   6   0   0   3   0   2   5  0.55 0.32
  142 A    4 -3 -1 -4 -3 -3 -3  2 -4 -3 -1  0 -3 -1 -3  0 -2 -4  0  1   49   0   2   0   0   0   0  17   0   0   5   6   0   3   0   5   0   0   4  11  0.56 0.37
  143 E   -4 -3 -2 -2 -7  0  7 -1 -3 -6 -6  0 -1 -6 -4 -3 -2 -6 -5 -6    0   0   2   0   0   3  81   6   0   0   0   4   2   0   0   0   3   0   0   0  1.70 0.72
  144 A    3  1 -3 -4 -3 -3 -3  1 -3  0  1 -2  3  0 -3 -1  0  0  0  0   30   9   0   0   0   0   0  13   0   4  14   0  11   3   0   2   5   1   3   5  0.29 0.26
  145 K    0  5  0 -1 -5  0 -1  0 -3 -4 -3  4 -3 -2  0 -1 -3  2 -3 -3    7  31   4   3   0   2   3   6   0   0   1  29   0   2   4   3   0   3   0   1  0.60 0.35
  146 M   -2  0 -2  2 -4  4  4 -1 -2 -4 -4  1 -2 -2 -3  2 -1 -4 -3 -3    2   5   0   9   0  23  26   4   0   0   0   8   1   2   0  17   1   0   0   2  0.56 0.34
  147 T   -1 -3  1 -2 -3 -1 -3 -1 -4  0 -1 -3 -3 -4 -3  2  6 -5 -4 -1    5   0   6   2   0   3   0   4   0   6   4   0   0   0   0  12  56   0   0   2  0.82 0.45
  148 A    1 -3 -4 -4 -3 -3 -3 -4 -4  3  3 -2  1  1  1 -1 -2 -3  0  1   16   0   0   0   0   0   0   0   0  18  29   2   2   6   9   4   0   0   2  10  0.35 0.24
  149 S    0  2  0  1 -3  2  1  0 -2 -3 -3  2 -2 -4 -3  2 -1  0 -3 -1    8  12   3   8   0  12   7   6   0   1   2  16   0   0   0  16   3   2   0   4  0.27 0.20
  150 L   -2 -4 -4 -4 -4 -1 -2  0  2 -1  1 -2  7  0 -4  0 -1  1  2 -1    2   0   0   0   0   3   2   7   5   2  10   2  41   4   0   9   3   2   7   3  0.71 0.43
  151 L   -2 -4 -4 -5 -3 -4 -2 -5 -4  4  4 -2  1  1 -4 -4 -2 -3  0  2    3   0   0   0   0   0   2   0   0  26  41   3   3   6   0   0   2   0   3  11  0.62 0.32
  152 A    4  1 -3 -1 -3 -2 -2  0 -3 -1 -2  0 -2 -1 -3  0  0 -3  2  1   39   9   0   3   0   0   0   6   0   2   2   7   0   2   0   5   4   0   7  13  0.32 0.26
  153 K    0  0  3  2 -3  0  0 -1  1 -2 -2  1 -2 -3 -3  1  0 -4 -3 -1    7   3  19  14   0   2   6   3   4   3   5  11   0   0   0  12   5   0   0   5  0.25 0.19
  154 Q    1  2  0 -2 -2  0 -2 -1 -2  0  1  0  1 -3  0 -1  2 -3 -3  1   13  13   5   0   0   5   0   3   0   3  14   5   3   0   3   2  17   0   0  11  0.14 0.16
  155 S    2 -2 -2 -2 -2 -2 -2  0 -3  1  2 -1  0  1  0  0  1 -3 -2  1   20   2   0   2   0   0   0   6   0   9  20   3   2   7   4   7   8   0   0   9  0.13 0.14
  156 I   -1  1  1  0 -3  0 -1  0 -2  2  0  1  0 -2 -1 -1  2 -3 -1  0    2   8   7   6   0   3   2   9   0  15   7  13   1   0   2   3  16   0   2   6  0.10 0.13
  157 A    1  3  0  0 -3  2 -1  0 -2 -2 -2  0 -2 -2 -3  1  1 -3 -1 -1   11  20   4   5   0  10   2   5   0   2   3   5   0   2   0  14  11   0   2   3  0.22 0.19
  158 L   -1 -4 -4 -4  0 -3 -4 -3 -1  3  3 -4  1  0 -2  0 -2 -3  0  2    5   0   0   0   2   0   0   2   2  15  40   0   3   4   2   7   0   0   2  15  0.43 0.26
  159 I    2  0 -2 -3 -2 -1 -1  0 -3  1  1 -1  0  1 -1 -1  0  0 -2  1   24   8   2   0   0   2   5   6   0   6  18   2   1   6   2   0   4   1   0  13  0.13 0.16
  160 R   -2  4  0  0 -4  2  0 -1  0 -4 -3  4 -3 -4 -3  1 -1 -4 -2 -3    2  26   3   6   0  12   4   5   2   0   1  24   0   0   0  10   2   0   1   1  0.54 0.32
  161 A    3 -2 -1 -1 -2 -2 -3  0 -1  0  1 -2  1  0 -1  0  0 -3 -2  1   33   2   3   3   0   0   0   5   2   4  16   0   4   5   2   7   4   0   0   9  0.20 0.20
  162 Y    2 -2 -3 -4 -3 -1 -2  0 -2  1  0 -3  0  2 -4 -2 -1  1  5  0   17   2   0   0   0   3   2   6   0  11   8   0   2   8   0   0   4   1  27   7  0.40 0.28
  163 T   -2  4 -1 -3 -4  1 -1 -4  1  0 -2  3  0 -4 -3  0  0 -4 -3 -1    2  28   3   0   0   5   2   0   4   8   3  25   2   0   0   6   6   0   0   5  0.46 0.29
  164 A    3  0  1  0 -3 -1  0  0  0 -2 -3  2 -3 -1 -3  2 -2 -4 -1 -1   35   3   5   4   0   2   4   6   2   2   2  13   0   3   0  14   0   0   2   3  0.29 0.24
  165 A    1 -3 -4 -4 -3 -3 -3 -4 -1  3  3 -1  2  0 -4 -3 -2  1  0  2   15   0   0   0   0   0   0   0   2  16  33   5   7   3   0   0   0   2   3  12  0.40 0.25
  166 K   -2  5 -1 -3 -4  1 -2 -2  0 -1 -2  5 -3 -4 -3 -1 -1 -4 -3 -3    2  30   2   1   0   5   1   2   2   4   5  37   0   0   1   3   4   0   0   1  0.71 0.36
  167 R   -2  6 -1 -2 -4  0 -2 -3  3 -4 -4  4 -3 -4 -3  0 -2 -4 -3 -4    2  43   2   2   0   2   1   1   8   1   1  28   0   0   1   6   2   0   0   1  0.97 0.42
  168 G   -2  1 -2 -3 -4  2 -1  5 -3 -4 -2  0 -3 -4 -2 -1 -3 -4 -1 -4    1   9   1   1   0   9   3  55   0   1   5   5   0   0   2   3   1   0   3   1  0.84 0.37
  169 N   -2  2  4  4 -4  0 -1 -3  1 -2 -3  2 -3 -4 -3  1 -2 -4 -3 -2    2  12  21  26   0   4   2   1   4   2   2  11   0   0   0   9   1   0   0   2  0.52 0.29
  170 W   -2  0 -4 -4 -3 -3 -2 -2 -3  3  2 -2  0  4 -2 -3 -2  6  0  1    2   5   0   0   0   0   2   3   0  17  19   3   2  17   2   1   2  13   2   9  0.48 0.25
  171 R    0  3  0 -1 -3  0  0  0  0 -3 -3  2 -2 -1  0  1  0 -3  0 -1    6  22   3   3   0   3   4   9   3   0   1  16   0   3   5  11   5   0   3   5  0.24 0.19
  172 E    0  2  0  1 -3  1  1  2 -1 -3 -3  2 -3 -4 -3  0  0 -4 -3 -2    8  15   3   7   0   5   8  18   1   1   1  17   0   0   0   5   5   0   0   3  0.30 0.20
  173 V    4 -1 -3 -4 -3 -3 -3 -3 -3  0  1 -2  1 -1  0  0  1 -4  0  1   39   3   0   0   0   0   0   0   0   6  12   2   4   2   5   5   8   0   4   9  0.35 0.27
  174 L    3  1 -2 -3 -3  0 -2 -3 -1 -1  2  1  1  0  1 -1 -1 -3 -2  0   27   8   1   0   0   4   0   0   1   2  20  10   3   5   7   1   3   0   0   5  0.22 0.22
  175 S   -1  5  0 -1 -5 -1  0 -3 -1 -4 -3  3 -1 -4 -1  0 -1 -5 -2 -2    4  39   5   3   0   2   3   1   1   0   3  20   2   0   3   8   2   0   1   3  0.61 0.35
  176 Q    2  2  0 -2 -3  0  0 -2  1 -1  0  0 -2 -1 -1  0  0 -3  2  0   23  14   4   1   0   3   4   1   4   2  11   5   0   1   2   5   6   0   9   5  0.14 0.16
  177 L   -2  1 -4 -5 -3 -3 -4 -5 -4  2  4 -1 -1  2 -4 -3 -2  2  0  2    3   8   0   0   0   0   0   0   0  11  43   4   0   7   0   0   2   3   3  15  0.52 0.29
  178 L    0  1 -1  1  0  0 -1  3 -2 -1 -1  1 -2 -2 -2  0  0 -3 -1 -1    5   8   2  11   2   3   2  26   0   4   7  11   0   2   1   5   6   0   2   4  0.18 0.13
  179 I   -1  1  0  1 -2 -1  0 -2 -2  1  1  1  0 -1 -1 -1 -1  0 -1  2    2   8   5   9   0   2   6   3   0   9  14   9   2   2   2   4   1   2   2  19  0.07 0.09
  180 S    0  1  1  0 -3  0  0  0 -2 -2  0  2 -2 -1 -1  2  0 -3 -1 -2    9   8   8   5   0   3   3   5   0   1  11  17   0   3   2  16   3   0   3   2  0.13 0.13
  181 E   -2  2  0  0 -3  1  0  0 -2 -2 -1  2 -2 -1  3  0  0 -3  0 -1    1  10   4   6   0   5   5   6   0   2   8  17   0   2  14   5   6   0   4   4  0.18 0.13
  182 H   -2  4  1  1 -3 -1 -1  0  2 -1 -2  1 -2 -1 -2  1 -2 -3  0 -2    2  29   7   8   0   1   2   9   5   3   2   7   0   2   2  13   1   0   3   3  0.32 0.21
  183 R   -2  3  2  2 -3  1  0 -1 -2 -3 -2  3  0 -1 -1 -1  0 -3 -2 -2    1  15  11  12   0   8   4   3   0   1   3  18   3   3   3   4   5   0   0   3  0.28 0.18
  184 F    0  2 -1 -1 -2 -1 -1  1 -1  0  1  1 -1  1 -1 -1 -2  2 -1  0    6  15   3   3   0   1   2  12   2   8  15   8   0   8   2   3   1   4   0   5  0.08 0.10
  185 R   -1  4  0 -2 -3  1  0 -2  0  0  0  3 -2 -3 -3 -1  0 -3 -3 -1    4  30   4   1   0   5   4   3   2   5   8  19   0   0   1   4   5   0   0   5  0.36 0.22
  186 A    0  0  0  1 -2  0  0  1  1 -1 -1  1 -2 -1 -1  1  0  3 -1 -1    6   5   3   9   0   4   5  10   3   2   6  11   0   4   3  13   5   6   0   7  0.09 0.09
  187 P    0  1  0 -2 -2 -1 -1  0 -2  0  0  1  0  1  1  0  0 -2 -1  1   10  10   5   1   0   2   1   6   0   7   9   8   2   6   6   9   6   0   0  13  0.06 0.08
  188 A    2  0 -1 -1 -2 -1 -2  1 -1  0  0 -2 -2 -2  2  2  0 -3 -3 -1   16   6   2   2   0   1   1  12   1   5   9   1   0   2  10  23   4   0   0   3  0.21 0.17
  189 K   -1  2 -2  2 -4  2  0 -1  1 -4 -3  5 -3 -4 -2  0 -1 -4 -3 -3    3  12   0  10   0   8   3   4   3   0   2  38   0   0   2   7   4   0   0   2  0.53 0.29
  190 D    0 -2  1  3 -3  1  1 -1  1 -3 -3  1 -1 -1 -1  1  1 -3  0 -2    8   0   7  22   0   6   8   3   4   0   1   9   1   4   2   9  10   0   3   2  0.26 0.18
  191 L    3 -2 -4 -4 -3 -3 -3 -2 -4  3  2 -3  0 -1  0 -2 -2  1 -3  2   30   2   0   0   0   0   1   3   0  17  18   0   1   2   5   2   1   2   0  16  0.38 0.25
  192 G    4 -3 -2 -2 -3 -2 -2  2  0 -4 -2 -3 -3 -4 -1  3  0 -4 -4 -3   43   0   1   2   0   2   2  13   2   0   3   0   0   0   2  22   5   0   0   0  0.64 0.36
  193 G   -1 -2  4  4 -5 -1 -1  2 -3 -5 -5  0 -4 -5 -4  3 -2 -5 -5 -5    3   2  21  26   0   2   3  15   0   0   0   6   0   0   0  22   0   0   0   0  0.74 0.38
  194 R    2  2 -1  0 -3 -1 -2  0 -3 -1  1 -1  0  0 -2 -1  0 -3 -1 -1   25  15   2   5   0   1   1   6   0   4  19   1   2   5   2   2   5   0   1   3  0.16 0.18
  195 W   -2 -6  0 -6 -6 -5 -4 -6  1 -6 -4 -6 -5  1 -7 -5 -4 11  6 -4    3   0   5   0   0   0   1   0   4   0   1   0   0   5   0   0   1  50  27   1  2.50 0.82
  196 L   -5 -6 -7 -8 -5 -6 -7 -8 -7 -2  7 -6  3 -3 -7 -6 -5 -5 -5 -3    0   0   0   0   0   0   0   0   0   0  93   0   7   0   0   0   0   0   0   0  2.03 0.76
  197 E    2 -3 -1 -2 -5  1  5 -2 -3 -3 -4 -1 -4  0 -4  1  0 -5 -2 -4   21   0   3   0   0   5  41   3   0   1   1   2   0   4   0  11   7   0   1   0  0.67 0.42
  198 L   -2 -5 -2 -3 -5 -5 -5 -4  0  0  2 -5 -2  4 -6 -4 -3  3  6  1    4   0   3   1   0   0   0   1   2   5  23   0   0  14   0   0   1   3  33   9  0.88 0.44
  199 Q   -4  5  1 -4 -6  5 -1 -5  3  0 -5  2 -1 -5 -5 -3  0  0 -4 -5    0  32   6   0   0  28   2   0   8   6   0  10   2   0   0   0   6   1   0   0  0.97 0.51
  200 Y   -6 -6 -7 -8 -7 -6 -7 -7 -3 -5 -2 -7 -5  6 -7 -6 -6  3  8 -5    0   0   0   0   0   0   0   0   0   0   3   0   0  37   0   0   0   3  57   0  2.50 0.88
  201 G    2 -6 -4 -5 -6 -5 -2  7 -6 -5 -6 -5 -5 -6 -6 -4 -5 -6 -6  1   14   0   0   0   0   0   3  73   0   0   0   0   0   0   0   0   0   0   0  10  1.69 0.68
  202 W   -1 -6 -7 -7 -6 -6 -7 -7 -1  4  0 -6 -4 -1 -7 -6 -3 11  1 -1    5   0   0   0   0   0   0   0   2  24   8   0   0   2   0   0   2  48   5   4  2.15 0.77
  203 L   -1  3 -3 -4 -4  0 -1 -4 -3  0  1  3  5 -3 -4  0  0 -4 -3 -1    6  17   0   0   0   3   3   0   0   4  16  18  16   0   0   8   4   0   0   4  0.42 0.30
  204 P   -4 -5 -5 -5 -6 -1 -5 -6 -6 -6 -1 -5 -5 -6  8 -4  0 -6 -6 -5    0   0   0   0   0   3   0   0   0   0   6   0   0   0  82   0   6   0   0   0  2.48 0.86
  205 L   -4 -4 -5 -5 -4 -4 -5 -5 -5  1  5 -5  4  2 -5 -2  1 -4 -3 -1    0   0   0   0   0   0   0   0   0   6  58   0   9  10   0   2  10   0   0   2  0.97 0.45
  206 M   -1 -4 -4 -4 -1 -3 -2 -5 -4  4  2 -1  3  2 -4 -3 -3 -3  2  2    5   0   0   0   1   0   2   0   0  26  22   4   8   7   0   0   0   0   7  16  0.53 0.29
  207 S   -1  1  1 -2 -4  0 -1  2 -3 -4 -1  0 -1 -3 -4  4 -2 -3  4 -4    2   7   7   2   0   4   4  15   0   0   6   4   2   0   0  31   0   0  16   0  0.47 0.36
  208 D   -4 -5 -3  8 -7 -1  2 -5 -5 -7 -3 -4 -6 -7 -5  0 -2 -8 -7 -7    1   0   0  76   0   3  10   0   0   0   3   0   0   0   0   6   2   0   0   0  1.94 0.76
  209 L    0 -5 -5 -6 -4 -5 -5 -5 -5  5  2 -5  1 -3 -5 -2  0 -5 -1  3    7   0   0   0   0   0   0   0   0  39  19   0   3   0   0   3   7   0   2  21  0.83 0.41
  210 K   -1  1  1 -2 -4  2  1 -2  1 -1 -1  2 -2  1 -3  0 -1 -3  3 -2    5   9   8   1   0  11   9   2   4   3   7  12   0   5   0   5   3   0  13   2  0.20 0.19
  211 A    0 -3 -1  4 -4 -2  1  2 -4 -3 -5  0 -4 -5 -4  2  2 -5 -5 -4    7   0   2  25   0   0  10  17   0   2   0   7   0   0   0  19  11   0   0   0  0.58 0.36
  212 A    3 -4 -2 -4 -1 -3 -4 -1 -4  2  2 -2  2 -2 -4  0  0 -4 -3  2   27   0   2   0   1   0   0   4   0  13  18   2   7   1   0   5   6   0   0  14  0.35 0.26
  213 Y    1 -3 -4 -4  2 -2 -2 -3  2  2  1 -2  2  2 -4 -2 -1 -3  3  2   15   0   0   0   4   1   2   2   5  10  11   2   7   9   0   2   2   0  13  15  0.29 0.22
  214 D   -2  0  2  4 -6  0  4 -2 -3 -3 -4  2 -4 -6 -4 -2 -3 -6 -5 -3    4   5  12  28   0   4  27   3   0   1   2  12   0   0   0   1   0   0   0   1  0.75 0.40
  215 L    1 -3 -1  0 -3  0  0 -2 -1  1  1 -2  1  1 -3 -1  0  0  1  1   18   0   2   6   0   5   5   2   1   8  14   0   3   6   0   3   6   1   6  13  0.12 0.14
  216 L   -2 -4 -4 -5 -3 -2 -4 -2 -2  3  3 -2  2  3 -4 -2 -2  2  1  1    3   0   0   0   0   2   0   3   1  18  33   2   6  12   0   2   1   3   5   7  0.47 0.27
  217 T    1  1  1  1 -1  2  1 -1  0 -3 -2  2  0 -3 -3  1  1 -4 -2 -2   11   7   6   7   2   8  10   3   2   0   3  13   3   0   0  12  11   0   1   1  0.21 0.17
  218 Q    0  2  3  2 -4  0  0 -1  1 -2 -2  2 -1 -4 -3  1 -1 -4 -3 -2    8  11  18  13   0   4   4   4   3   2   3  16   1   0   0   9   1   0   0   2  0.31 0.21
  219 T    0  0  0  0 -2  1  1  0 -1  1  0  0  0 -2  0  0  0 -3 -1  0    4   4   4   6   0   7   9   8   1  12   8   8   3   0   4   9   5   0   2   7  0.04 0.06
  220 K    0  0  0  1 -3  0  0 -2  2  0  0  0  0 -1  2  0  0 -3  0 -1    5   6   5  11   0   5   5   1   7   6  10   7   2   2  11   7   4   0   4   2  0.11 0.09
  221 L    0  1  1  2 -2  0  0 -1  0 -1  0  1 -1 -1 -1  0  0 -3  0  0    7   8   7  13   0   3   7   3   3   3  14   9   0   2   2   7   4   0   3   7  0.06 0.07
  222 P   -1  1 -1  1 -3  1  0  0 -2 -3 -3  3 -1 -4  2  2  0 -4 -3 -2    4   7   2   7   0   8   6   8   0   0   1  19   1   0  11  18   5   0   0   3  0.31 0.21
  223 A   -1  2  0 -1 -3  1  1  0 -2 -1 -1  2 -2  0  0  0 -1 -3  1  1    3  11   5   2   0   5  10   6   0   3   4  14   0   5   4   5   2   0   5  16  0.09 0.11
  224 F    0  2 -1 -1 -2  0  0  1  0  0  0  0  0  1  0 -1 -1  1  1  0    6  14   2   2   0   3   5  10   3   4  11   4   3   9   3   3   2   2   6   9  0.05 0.07
  225 M   -1  1  0 -2 -3  2  0 -2  0  1  0  2  2 -1 -1  0  0 -3 -1  0    4   7   3   1   0  13   3   3   3   8  11  15   6   1   3   5   4   0   1   8  0.11 0.12
  226 P    0  1 -1 -2 -1 -2 -1 -1 -1 -1  0  0 -2 -1  2  1  2 -3  1 -2    7  10   2   0   1   0   3   4   2   3  13   4   0   1  12  14  14   0   6   1  0.18 0.17
  227 L    0  1 -1 -1 -2 -1 -1 -1 -1  0  1  0  1  2 -3 -1  0 -2  1  1    6   7   2   3   0   2   2   5   1   2  20   6   5   9   0   4   8   0   5  10  0.07 0.10
  228 R   -3  5 -1 -1  0 -1 -2 -2  2  0 -2  2 -1 -2 -4  1 -1 -4  0 -2    0  39   3   3   2   1   0   3   6   5   3  10   2   1   0  10   4   0   3   2  0.54 0.33
  229 V    1  0 -1 -1  0 -1 -1  0  0  0  0 -1 -1  1 -3  1  0 -3 -1  2   13   6   1   2   1   2   4   6   3   2   8   2   0   9   0  13   5   0   1  21  0.09 0.14
  230 T    0  1  0 -2 -1  0  0  0  1 -1 -1  2  0 -1 -1  1  0  1  0  0    6  10   3   0   1   4   3   7   4   2   3  18   3   2   2   9   7   2   2   9  0.10 0.11
  231 R    1  4 -1  0 -3  0  0  2  0 -3 -2  1 -3 -4 -3  0  0 -4 -1 -2   10  29   2   5   0   4   4  15   2   0   3   7   0   0   0   6   8   0   2   3  0.33 0.22
  232 T   -1  1 -1 -1 -3  0 -1  2  0 -1 -1  0 -2 -1 -1  2  2 -3 -1 -2    2   6   1   2   0   5   3  14   3   3   7   6   0   3   3  21  18   0   2   0  0.20 0.19
  233 V    1  0 -1  0 -2 -2 -1 -2  0 -1  1 -1  0  1 -1  0  0 -2  1  2   13   6   2   5   0   0   4   3   3   0  13   2   1   7   3   7   4   0   6  20  0.07 0.12
  234 G    0  0  0  1 -3  1  1  1 -2 -1 -2  2 -2 -1 -1  1  0 -3 -2 -1    4   5   4  10   0   8   7  13   0   5   3  13   0   3   3  10   6   0   0   6  0.12 0.11
  235 G   -1  1 -1 -1 -1  2  0  1 -2 -2 -1  0 -2 -1 -1  2  2  0  0  0    3   7   2   3   2  10   4  13   0   0   5   5   0   2   2  17  12   1   3   8  0.13 0.16
  236 T   -1  0  1  0 -3 -1  0 -1 -2 -1 -1  0  0 -3  1  2  2  1 -1  0    4   6   7   5   0   2   5   4   0   4   5   4   3   0   6  15  19   2   2   5  0.14 0.15
  237 H   -1  0  0  0 -1  0  0  1  0  0 -1  1 -1  0 -1  0  1 -3 -1  0    3   5   4   5   1   4   6  11   2   8   4   9   0   6   3   9   8   0   2   9  0.03 0.06
  238 N    0  0  1  0 -3  0 -1 -1 -2  0  0  1  0 -2  1  1  1 -3  0  0    8   5   7   7   0   4   2   3   0   4   8   9   3   0   7   9  13   0   4   8  0.08 0.10
  239 Y   -1 -2  0  1 -3 -1  0 -2  0  0  0 -1 -1  0  0  0  0  5  1  1    4   1   6   9   0   2   7   3   2   4  12   3   1   3   5   6   5  10   6  10  0.13 0.12
  240 K   -1  1  0  1 -3  0  1  1  1 -3 -2  1 -2  1  1  0 -1 -3  0 -1    4  11   3  10   0   3   9  10   3   0   4  10   0   9   6   7   3   0   4   5  0.12 0.12
  241 V   -1 -2 -1 -1 -3 -1 -1  1 -2  0  0 -1 -1  1  1  1  1 -3  0  1    3   1   3   3   0   3   4  13   0   3  10   3   1   6   7  10  13   0   4  14  0.09 0.12
  242 R    0  3 -1  2 -3  0  1 -1  1 -1 -1 -1 -1  0 -3  0 -1  0  0  0    9  19   2  12   0   4   7   5   5   4   4   1   1   5   0   7   3   2   3   7  0.13 0.14
  243 N   -1 -1  3  1 -3 -1  0  0  0 -2 -1 -1 -1 -2 -2  2  1  0 -1 -1    4   3  20   8   0   1   4   5   2   1   8   3   1   1   1  17  10   1   2   6  0.20 0.19
  244 V   -1  0 -1 -1 -3 -2 -1 -2 -2  1  1 -2 -1  1  1  0  1 -3  1  2    5   7   3   3   0   0   3   3   0   8  12   0   0   8   9  10   8   0   7  16  0.12 0.14
  245 E   -1 -2 -1  1 -4  0  1 -1  1 -1 -2 -1 -1 -1  2  1  0 -3  4 -1    5   1   3   8   0   4   9   4   4   3   3   3   1   2  11  12   5   0  16   5  0.20 0.19
  246 S   -1  0  0  1  0  1 -1  0  1 -2 -2  0 -2 -1  2  1  1  2  0 -1    4   4   4   8   2   6   2   8   3   0   4   5   0   3  13  10  13   3   3   6  0.14 0.13
  247 A    2 -1  1 -1 -3 -2  0  1 -2 -1 -1 -2 -2 -1 -1  1 -1  2  1 -1   25   3   6   3   0   0   5   9   0   4   6   1   0   2   3  14   3   3   5   5  0.16 0.18
  248 G    1  0  1  1 -3  0  0  2 -2 -3 -1 -2 -3 -1 -2  0  2 -3  2 -2   10   6   7   7   0   5   4  20   0   0   6   0   0   2   1   4  16   0   8   2  0.21 0.20
  249 D   -1  0  3  0 -3 -2 -1  0 -1 -1  0 -1 -2 -3  1  0  0 -3  0  0    4   7  18   6   0   0   4   7   1   4  13   3   0   0   8   6   6   0   4   9  0.13 0.14
  250 T    0 -1  3  1 -1 -2 -1 -1  0 -1 -1 -1 -1 -2  1  1  3 -3  0 -1    6   2  15   7   1   0   1   5   3   2   5   4   1   2   6  10  21   0   3   5  0.19 0.17
  251 W   -1 -1 -3  0 -1 -1 -3  1 -2  0 -1 -2 -1  3 -4 -1  0  6  4 -1    4   4   0   6   1   3   0  10   0   5   5   1   1  15   0   4   6  13  16   4  0.42 0.25
  252 S   -1  1  0  1 -1  2  1 -2 -1 -1 -2  0 -1 -2 -3  1  1  2  0  0    3   7   4   9   1  12   8   2   1   4   1   6   2   1   0  14  10   3   4   6  0.14 0.15
  253 Y    0  1  0 -2  0 -2  0  0 -1  0 -1 -2  0  2 -2 -1  1  1  3  0    6  11   5   1   2   0   6   9   1   4   6   0   3  11   1   4   9   2  11   8  0.09 0.12
  254 R   -1  2  0 -1  0  0  2 -2  1 -1 -2  0 -1 -4 -3  1  3 -4 -3 -2    3  13   5   1   2   4  16   3   4   3   4   5   1   0   0  11  23   0   0   2  0.29 0.24
  255 H    0  1 -2 -3  4  0 -1  0  4 -1 -2 -1 -2  0 -2  1  0 -3  2  0    6   7   0   0  11   4   3   9  15   3   1   3   0   4   1  10   6   0  10   8  0.27 0.22
  256 R   -1  4  1 -3 -4  0  0 -3  0 -2 -2  3 -1 -1 -3 -1  1  2  0 -1    4  22   8   0   0   2   6   0   2   2   2  19   1   3   0   2  10   3   3   4  0.28 0.26
  257 L    1  1 -3 -3 -1 -1 -1  0  2  1  0 -2 -1  0 -3 -1  0  5  1  1   14   8   0   0   1   1   3   8   6   7   8   0   1   2   0   2   5   9   5  14  0.14 0.18
  258 S   -1  1  0 -1 -3 -1  0  1  1 -1 -2  1 -1 -3 -2  2  0 -3  0 -1    3  10   5   2   0   2   6  13   4   4   2   7   2   0   1  20   4   0   4   5  0.11 0.16
  259 V    0  0 -2 -2 -1 -2 -2 -2 -1  2  0 -2  1  0 -1  0  1 -3  0  2    8   5   1   2   1   0   0   1   2  15   7   2   4   5   2   8   8   0   3  21  0.09 0.14
  260 N    0  3  0 -2 -3  0  0  0  1 -2 -3  2 -2 -2 -2  0  2  2  1 -3    5  16   3   1   0   5   4   8   3   3   1  11   0   1   1   5  15   2   7   0  0.15 0.18
  261 Y    1  0 -3 -3  0 -2 -2 -3 -2  0  0 -2  0  2 -3  0  2  2  3  1   12   6   0   0   2   0   1   0   0   6   8   1   2   9   0   5  14   3  13  10  0.17 0.20
  262 R   -1  3  0 -2 -4  0  0  2 -2 -3 -3  2 -1 -4 -1  1  0 -4 -1 -1    3  18   4   0   0   3   4  15   0   1   0  16   1   0   3  10   5   0   2   6  0.23 0.22
  263 I    0 -1 -2 -2  0 -1 -1 -2 -1  1  1 -1  2  1 -3 -1 -1  0  0  2    5   3   1   2   2   3   3   3   1   9  17   4   5   6   0   3   3   1   3  18  0.05 0.10
  264 W   -2  1 -1  0  1 -1 -2 -2  0 -3 -1 -1 -1  0 -1  0  2  6  3 -2    2   9   3   6   3   2   0   3   2   0   6   3   1   2   3   9  13  11  12   1  0.22 0.22
  265 Y   -1 -2 -1  0  2 -3 -2 -3 -2 -1 -1 -1  1  3 -3 -1  0  1  6  0    6   2   2   5   4   0   2   1   0   3   3   3   3  12   0   3   5   1  29   7  0.38 0.27
  266 F    0 -1  1  0 -2  0  0 -1  0  0 -1  0 -1  1 -2  1  1  2  1  0    6   3   6   3   0   3   7   3   2   4   4   4   0   6   0  13  11   3   7   8  0.03 0.10
  267 I   -1 -1 -1 -2 -2 -1  0 -2 -1  2  0  0  0  0 -1 -1 -1 -1  0  2    5   4   2   0   0   1   9   3   1  19   7   7   1   4   3   3   3   1   3  17  0.05 0.12
  268 S    0 -1  1  0 -1 -1  0  0  2 -1 -1  0 -2  0  1  1  1 -2  1 -1    9   3   6   6   2   1   7   7   6   5   3   4   0   3   6  10   8   0   6   3  0.03 0.07
  269 D   -3 -1  4  4 -4 -2  0 -3  0 -4 -3 -2  0 -4 -3  2  0  0 -2 -2    0   3  21  26   0   0   3   0   2   0   2   1   3   0   0  17   7   1   2   3  0.51 0.35
  270 P    1  1 -1  1 -4 -2  0 -1 -3 -4 -2 -2 -3 -3  5  1 -1 -1 -3 -3   13  10   2   9   0   0   7   4   0   0   5   0   0   1  26  10   4   1   1   1  0.38 0.28
  271 R   -1  1  1 -1 -3  0  1 -2 -2 -1 -1  1  0  0 -3  0  1  3  0 -1    3   8  10   1   0   4  11   2   0   5   7   8   3   3   0   6  12   5   3   3  0.08 0.13
  272 L    0 -1 -2  0 -3  0 -1 -3 -3  0  3 -1  2  0 -1 -1 -1  0 -1  1    7   3   1   5   0   4   2   0   0   4  32   3   6   4   2   4   4   1   1  10  0.12 0.17
  273 A    2  0  1  2 -3  0  0  0  1 -2 -3  0 -3 -2 -2  1  0 -4 -1 -2   20   4   8  12   0   3   4   7   4   1   1   5   0   1   1  13   5   0   2   3  0.15 0.18
  274 W    0  1  1  0 -3 -1  0 -3 -1 -1  0  0 -1  2 -3  0  0  5  0 -1    9   7   7   5   0   2   6   0   1   2  13   5   1   9   0   8   4  10   3   2  0.13 0.16
  275 A    3  1 -3 -2 -3 -3 -3 -2 -3  0  2 -1  1 -1 -2 -1  0 -4 -3 -1   29   9   0   1   0   0   0   1   0   4  27   3   3   2   2   4   5   0   0   2  0.26 0.27
  276 S    2  1  2  1 -3  0  1 -2  0 -2 -3  0 -2 -1 -1  2  0 -3  0 -1   17   8  10   7   0   2   8   2   3   3   0   4   0   3   1  16   4   0   4   3  0.12 0.17
  277 S    0  3  0 -1  1  3  1 -1 -1 -1 -2  0 -2 -3 -3  1 -1 -4 -1 -2   10  16   3   1   3  14  10   3   1   5   2   5   0   0   0  14   2   0   2   1  0.19 0.22
  278 L   -2 -2 -5 -5 -4 -4 -4 -5  0  1  4 -4  2  2 -5 -4 -1  3  2  0    3   3   0   0   0   0   0   0   3   7  46   0   5   7   0   0   3   4   7   4  0.57 0.35
  279 G   -2 -5  0  0 -5 -4 -4  6 -5 -6 -4 -4 -5 -3 -5 -1 -1 -5 -5 -5    3   0   3   5   0   0   0  70   0   0   2   0   0   2   0   4   3   0   0   0  1.35 0.58
  280 L   -4 -4 -5 -5 -4 -4 -3 -4 -5  1  5 -5  1  2 -5 -2 -2 -4 -1 -1    0   0   0   0   0   0   2   2   0   6  64   0   2   8   0   3   2   0   1   3  0.88 0.46
  281 L   -1  0  0  2 -3 -2 -1 -1 -1  0  1 -1 -1  0 -3  0  2 -3 -2  1    5   4   3  15   0   0   3   5   1   5  13   3   1   4   0   5  16   0   0   9  0.06 0.13
  282 N   -1 -1  6  1 -5 -3 -1 -4 -3 -3 -1 -3 -4 -3  2 -1 -2 -6 -5 -2    5   3  47   8   0   0   3   0   0   2   6   0   0   1  10   4   1   0   0   4  0.78 0.47
  283 P   -2 -4 -4  2 -4 -4 -3 -4 -4 -1 -1 -4 -4 -5  6  1 -1 -5 -2  0    2   0   0  12   0   0   0   0   0   3   7   0   0   0  46   9   4   0   1   7  0.96 0.48
  284 L    2 -4 -4 -4 -3 -2 -4 -3 -1  2  2 -3  1  2  3 -2 -3 -4 -2  0   20   0   0   0   0   1   0   1   2  11  24   0   3   9  14   2   0   0   0   5  0.34 0.28
  285 E    1  0 -2 -2 -3  1  0  0 -2 -2  0 -1 -2 -1 -3  2  1 -3  0 -1   12   4   0   1   0   7   7   7   0   2   9   3   0   3   0  22  11   0   3   4  0.12 0.19
  286 I    1 -3  1 -2 -3 -2 -2 -4 -2  2  0 -1 -2 -3 -3 -1  4 -4 -3  2   10   0   7   2   0   1   1   0   1  15   8   3   0   0   0   1  29   0   0  13  0.32 0.29
  287 Y    5 -4 -4 -5 -3 -4 -4 -1 -5  1  0 -4  1 -2 -4 -2 -1 -5 -3  2   48   0   0   0   0   0   0   4   0   9  10   0   4   1   0   1   3   0   1  12  0.59 0.41
  288 W   -7 -7 -8 -9 -7 -7 -8 -7 -6 -7 -6 -8 -6 -3 -8 -7 -7 12  5 -7    0   0   0   0   0   0   0   0   0   0   0   0   0   0   0   0   0  78  15   0  4.02 1.26
  289 E   -2 -4  1  5 -6  2  5 -5 -4 -6 -6 -1 -5 -6 -4 -3 -4 -6 -5 -6    3   0   7  32   0   7  41   0   0   0   0   3   0   0   0   0   0   0   0   0  1.17 0.59
  290 K    1 -3 -5 -5 -4 -4 -5 -5 -5  1  5 -1  3 -3 -5 -4 -2 -5 -4  0   12   1   0   0   0   0   0   0   0   8  53   4   8   0   0   0   2   0   0   6  0.72 0.43
  291 T   -1 -3 -3 -4 -2 -3 -3 -4 -4  3  1 -3  3  0 -3 -2  2 -3 -1  4    2   0   0   0   0   0   0   0   0  17   8   0  12   2   0   1  16   0   1  34  0.40 0.21
  292 P   -2 -3 -4 -4 -5 -3 -3 -2 -4 -5 -3 -2 -4 -5  8 -2 -1 -6 -5 -4    2   1   0   0   0   0   0   3   0   0   2   2   0   0  78   2   3   0   0   0  1.93 0.47
  293 W   -3 -4 -4 -5 -4 -4 -4 -3 -2 -2  2 -4  3  4 -5 -4 -3  8  5 -2    2   0   0   0   0   0   0   2   0   0  18   0   8  19   0   0   0  24  21   0  1.03 0.32
  294 S   -1 -3 -2 -3 -3 -2 -2 -3 -3 -5 -5 -3 -4 -5 -3  6  1 -5 -4 -4    0   0   0   0   0   0   0   0   0   0   0   0   0   0   0  89   4   0   0   0  1.36 0.49
  295 F   -5 -5 -5 -6 -5 -5 -5 -5 -4 -3 -2 -5 -3  8 -6 -5 -4  8  2 -4    0   0   0   0   0   0   0   0   0   0   0   0   0  70   0   0   0  21   3   0  1.94 0.49
  296 V   -1 -4 -4 -5  0 -4 -4 -4 -4  2  2 -4  2 -1 -4 -3 -2 -4 -3  5    2   0   0   0   2   0   0   0   0  11  17   0   6   1   0   0   0   0   0  54  0.64 0.27
  297 V    0 -4 -4 -4 -2 -3 -4 -4 -4  3  1 -3  0  1 -4 -2 -2 -3 -1  4    9   0   0   0   0   0   0   0   0  18  11   0   0   7   0   3   0   0   2  44  0.45 0.22
  298 D   -4 -4  1  7 -5 -3 -1 -1 -3 -5 -6 -3 -5 -5 -4 -2 -3 -6 -5 -5    0   0   5  81   0   0   0   5   0   0   0   0   0   0   0   0   0   0   0   0  1.58 0.46
  299 W   -5 -2 -6 -7 -5 -2 -5 -5 -4 -5 -4 -5  0  0 -6 -5 -5 12  3 -5    0   2   0   0   0   2   0   0   0   0   0   0   2   2   0   0   0  81  10   0  3.37 0.65
  300 F   -2 -4 -5 -5  0 -5 -5 -3 -4  0  1 -5 -1  7 -5 -4 -3  1  0  1    2   0   0   0   2   0   0   2   0   3  15   0   0  62   0   0   0   2   0  12  1.11 0.33
  301 L   -1 -3 -3 -4 -2 -3 -3 -2 -3  2  3 -3  0  0 -3  0  1  2 -1  2    4   0   0   0   0   0   0   3   0  13  38   0   0   2   0   8   9   3   1  19  0.33 0.16
  302 P   -2 -3  5  1 -4 -1 -2 -2 -3 -5 -5 -2 -4 -5  6  0  0 -5 -4 -4    1   0  30   9   0   1   0   1   0   0   0   1   0   0  46   5   4   0   0   0  1.22 0.34
  303 V   -1 -4 -4 -5 -3 -4 -4 -5 -4  5  1 -4  0  1 -4 -3 -1 -4 -2  4    4   0   0   0   0   0   0   0   0  40   9   0   0   7   0   0   2   0   0  37  0.72 0.25
  304 G   -2 -4 -1  0 -4 -3 -3  6 -4 -5 -5 -2 -4 -5 -4  2 -3 -5 -5 -5    0   0   1   5   0   0   0  75   0   0   0   2   0   0   0  15   0   0   0   0  1.30 0.36
  305 N    0 -1  3  4 -4  0  0  0 -1 -4 -4  0 -3 -4  1  1  0  0 -3 -4    6   1  16  35   0   3   4   7   1   0   0   5   0   0   7  10   5   1   0   0  0.49 0.18
  306 L   -1 -3 -3 -4 -1 -2 -3 -4 -2  1  1 -2  3  3 -4 -2  0  4  4  1    4   0   1   0   1   1   0   0   0   7  13   1  13  15   0   1   6   6  21   9  0.42 0.18
  307 I   -3 -4 -5 -5 -3 -4 -5 -5 -5  3  5 -4  0  0 -5 -4 -3 -3 -2  2    0   0   0   0   0   0   0   0   0  17  68   0   0   3   0   0   0   0   0  11  0.91 0.29
  308 E    0  2  1  0 -3  2  3  0  1 -4 -3  0 -2 -3 -2  2  0 -3 -1 -3    8  13   7   1   0   9  24   6   3   0   0   3   0   0   0  17   3   0   2   0  0.31 0.15
  309 A    3 -1  1 -1 -2  0  0  2 -1 -2 -2 -1 -1 -3 -2  1  1  1 -2 -1   33   2  10   2   0   3   5  17   1   1   3   1   1   0   0   8   8   2   1   2  0.24 0.13
  310 M   -1 -1  0 -3 -2  0 -2 -3 -1  1  3 -1  2  2 -2 -2 -1  0  1  0    6   3   6   0   0   4   0   0   1   8  36   2   6  12   2   2   3   1   3   6  0.19 0.11
  311 S    0  1  2  2 -3  0  0  0  1 -2 -3 -1 -1 -3 -2  1  3 -3 -1 -1    7   7   9  14   0   2   5   6   4   2   0   0   1   0   0   8  28   0   2   4  0.24 0.13
  312 N    3 -1  3 -1 -3  1 -1  0  0 -3 -3 -1 -2 -2  2  1 -1 -4 -2 -2   30   1  19   2   0   6   1   4   3   0   0   2   1   1  12  10   1   0   1   2  0.34 0.19
  313 P   -1  1  0 -1 -3  0 -1 -1  2 -1  0 -1  0  1  2  0  1 -2  1 -1    5  11   3   2   0   2   1   3   7   3  13   1   3   7  13   5  14   0   5   1  0.13 0.10
  314 L    0 -1 -1  0 -3 -1 -1 -1  2  0  1 -1 -1  1  1  1 -1  0  2  1    7   2   2   5   0   2   2   4   6   6  14   2   0   5   6  12   3   1   7  13  0.07 0.10
  315 G    0 -1  0 -2 -4  0 -2  5  2 -1 -3  0 -3 -4 -2  0  0  1 -2 -2    7   4   5   1   0   3   2  44   5   4   2   5   0   0   1   6   5   2   1   3  0.53 0.28
  316 L    0 -3 -2 -2  3 -2 -4 -2 -3  1  3 -4  1  2 -4 -1 -1 -3  2  2    7   1   1   3   6   1   0   2   0   5  27   0   4  11   0   4   2   0   8  18  0.34 0.22
  317 D   -1  2  0  1 -4 -1  1 -2  0 -2 -3  1 -3 -3  2  2  1 -4 -2 -1    2  15   4  10   0   1   7   3   2   3   2   8   0   1   9  16  10   0   1   5  0.23 0.19
  318 I   -3 -2 -4 -5 -1 -4 -3 -2 -1  1  0 -3  1  5  1 -1 -1 -2  4  1    1   2   0   0   1   0   1   4   1   7   9   1   4  32   7   4   3   0  13   8  0.56 0.31
  319 I   -1  1 -1  1 -1  1  0 -3  1  1  1  0  2  0 -3  0 -1 -3  0  1    3  10   1   8   1   9   6   1   3   8  11   3   6   5   0   5   3   0   4  11  0.08 0.10
  320 S    0  0  2  1 -4 -1 -1  2  3 -2 -3 -2 -3 -1 -2  2  0 -1  2 -3    7   6  11  10   0   1   3  15   7   3   2   1   0   3   2  15   6   1   9   0  0.24 0.19
  321 G    1 -4 -2 -1 -1 -1 -2  5 -1 -3 -1 -2  0 -5 -1  1 -2 -5 -4 -2   14   0   1   3   1   3   2  47   1   1   6   1   2   0   3   9   2   0   0   2  0.65 0.33
  322 T   -2 -2  0 -4  3 -4 -4 -3  1 -1 -4 -4  0  2 -5  2  2  6  5 -1    1   2   4   0   7   0   0   1   3   4   0   0   3   8   0  19  15  11  19   3  0.67 0.38
  323 K   -1  0 -1  0  2  1  0 -3  0  1  0  0  2 -2 -3 -1  1 -4 -3  2    4   6   2   6   6   8   7   0   3   9   8   6   5   1   0   1  10   0   0  18  0.14 0.15
  324 T   -2 -1  0 -4 -4 -4 -4 -2 -5 -2 -4 -1  4 -2 -5  3  6 -6 -2 -2    2   3   3   0   0   0   0   3   0   1   0   3  10   1   0  23  46   0   1   2  0.98 0.53
  325 W   -1  3 -1  1 -4 -1 -1 -3  0 -1 -1  0  0  0 -3  0  1  3  2  0    6  22   3   8   0   2   2   0   3   5   4   4   2   4   0   8  10   5   8   6  0.22 0.19
  326 Q   -2  2 -2 -1  1  0  0 -2  0  0 -2  1 -1  1 -2  0  1  2  1  1    1  12   0   2   4   3   5   2   3   6   1  11   2   7   1   9  10   3   5  11  0.12 0.14
  327 L   -1  1 -1 -3  0 -1 -1  0 -3  2  0 -1  1 -2 -3  0  2 -4 -1  1    4  11   2   0   2   1   3   8   0  17   6   2   5   1   0   5  17   0   2  12  0.18 0.18
  328 E   -1  2 -1  2 -4  2  2 -3  2 -3 -3  2 -3 -3 -3  1  3 -4 -2 -2    3  10   2  11   0   8  13   1   5   1   1  11   0   1   0  10  19   0   1   2  0.35 0.25
  329 S    1  0  0 -1 -1  1 -1  0  1 -1 -2 -1 -2  2 -3  1  1  3  1  0   10   6   3   2   2   7   4   8   4   4   2   1   0  11   0  13  10   4   4   7  0.11 0.13
  330 K   -1  1  0  0 -4  1  1 -2 -3 -2 -2  2 -1 -2 -3  0  3  0 -2  1    3   9   3   4   0   7  10   3   0   2   3  16   1   1   0   6  19   1   1  11  0.22 0.20
  331 L   -2 -2 -1 -3  1 -1 -3 -1  3  2  1 -1 -1  0 -4  2  0 -3  1  2    0   1   3   0   3   2   0   4  10  11  14   3   1   3   0  17   6   0   5  16  0.22 0.21
  332 N   -1  1  1  2 -3  0  0 -3  0  0 -1  0 -2 -1 -3  1  2 -4  0  0    3  11   8  11   0   5   6   0   2   6   5   6   0   2   0   9  13   0   4  10  0.14 0.15
  333 A    0  0  0 -2 -1  0 -1  1 -1  1 -1  0 -1  1 -1  0 -1  0  1  1    8   6   4   1   1   5   2  14   1  10   4   4   1   7   2  10   3   1   5  12  0.04 0.08
  334 T    0  1 -1 -1 -3 -2  1 -2  1  1 -2  1 -2 -2 -2  1  3 -4 -3  1    6   8   2   2   0   0   9   2   4  11   2   8   0   2   2  12  20   0   0  11  0.19 0.19
  335 L   -1  0 -1 -1  1 -1  0 -3  0  0  0 -1  0  0  2  0  0 -3  1  1    4   6   3   4   4   2   5   0   3   6  10   1   1   5   9   8   6   0   7  15  0.08 0.09
  336 P   -2 -2  1  1 -4 -1  1 -2 -1 -1 -2 -1 -3 -4  5  1  2 -5 -2 -2    1   1   6   7   0   2   9   3   2   4   3   3   0   0  29  13  12   0   1   3  0.52 0.29
  337 A    1 -1 -1 -2 -3 -1 -2  1 -2 -1 -2  0 -1  1  1  1  1 -3  0  1   10   2   2   2   0   3   0  12   0   3   1   6   1   9   8  11  12   0   3  13  0.13 0.14
  338 S    0 -1  0  1 -3 -1 -2  0  1 -1 -1 -1 -1 -1 -1  2  1  3  3 -1    7   3   4   9   0   3   1   7   3   3   4   2   1   2   2  19  11   4  11   4  0.16 0.16
  339 G   -1 -2  1 -3 -4  1 -1  3 -3 -2 -1  2 -3  0  2 -1 -1 -4 -2 -1    3   1   7   0   0   6   4  26   0   3   7  15   0   4  10   4   4   0   1   4  0.28 0.21
  340 W   -1  0  1 -1 -4 -2 -3 -3 -3 -2 -2 -3 -3  1  1  0  0  8  5 -2    5   5   9   3   0   2   1   2   0   2   3   0   0   4   8   7   5  20  20   3  0.73 0.37
  341 S   -1 -2  2  0 -3 -1 -1  0 -3  0 -1 -1 -3 -2 -1  3  3 -4 -3  0    3   1   9   4   0   2   2   8   0   6   6   4   0   1   3  27  19   0   0   6  0.29 0.25
  342 G    0 -1 -2 -2 -1 -3 -1  4 -3 -2 -1 -1 -3 -2  2  0  0 -4  1  1    7   3   1   2   1   0   3  33   0   2   4   3   0   1   9   6   4   0   7  13  0.33 0.24
  343 T    0 -3  1  0 -1  0  0  0 -3 -1 -1 -2  0 -2 -2  2  2 -4  0  1    4   0   5   5   1   5   6   8   0   2   5   1   2   1   1  15  17   0   4  14  0.15 0.18
  344 A    1  1  0 -1 -1 -1 -1  1 -1 -1 -2  0 -2  0  2  2  0 -3  1 -1   13   7   3   3   1   1   3   9   1   4   4   4   0   5   9  19   5   0   5   4  0.13 0.14
  345 K    0  2  0  0 -1  2  1 -2  1 -2 -2  1  0 -2 -1  1  2  0 -3 -2    7  10   5   5   1   9   9   2   4   2   2   9   3   1   3  12  13   1   0   2  0.18 0.16
  346 L    0  0 -3 -4 -1 -1 -3  1 -3  0  1 -1  1  0 -2  0  2 -4 -1  2    5   4   0   0   1   2   0  12   0   5  18   4   4   3   2   7  14   0   2  17  0.16 0.17
  347 T    0  1 -1 -2 -1  0  0 -2  1 -1 -1  1 -2 -1 -1  2  2 -1 -1  0    7   8   2   1   1   4   5   1   3   3   5   8   0   2   2  19  18   1   2   7  0.17 0.18
  348 A    1  0  1 -2 -3 -1 -1  1  2  0 -1 -1 -2 -2  2  1  1  1 -1  0   13   4   6   0   0   1   4   9   5   8   3   3   0   1   9  12   8   2   2   8  0.12 0.13
  349 Y    0  0  0  1 -3  1  0 -1  0 -1 -1  1 -2  2 -1  0  0  0  1 -1    5   5   5   7   0   7   3   4   3   4   5  12   0  10   3   8   5   1   7   5  0.07 0.10
  350 A   -1  2  0  0 -3  1  0  1  0  1 -2  1  1  0  0 -1  0 -3 -1  1    3  13   4   4   0   5   6  10   2  11   1   9   4   4   5   1   6   0   1  10  0.08 0.11
  351 K   -2  2  1  0 -4 -2  0 -1 -3 -3 -2  2  0  0 -2  1  3 -4 -2  0    1  10   6   6   0   0   7   5   0   0   3  15   2   4   1  11  19   0   1  10  0.21 0.21
  352 A    1  0 -1 -2  0 -2  0 -2 -2  0 -1 -1 -2  1 -1  1  1  0  2  0   13   7   2   1   3   0   7   2   0   5   6   1   0   7   2  11  12   1   8   9  0.10 0.14
  353 Y   -2 -2 -4  1 -5 -4 -2 -4  0 -1  0 -1  3  3 -3 -2 -3  1  6  1    2   1   0   7   0   0   3   1   1   3   8   4   9  13   1   3   1   2  31   8  0.65 0.38
  354 D   -1  2  1  2 -3  1  1 -2  0 -1 -2  1  0 -1 -3  1  1 -4 -1  0    3  12   7  11   0   8   9   1   2   4   1   7   2   4   0  10   8   0   1   9  0.16 0.15
  355 R   -5  8 -4 -5 -7  0 -1 -6 -1 -6 -4 -2 -1 -6 -3 -3 -1 -7 -6 -3    0  80   0   0   0   3   4   0   1   0   2   0   2   0   1   2   4   0   0   2  2.01 0.82
  356 S   -2  2  1  0 -3  1  1 -1  1 -1 -1  2 -2  1 -3  0  1 -3  1 -2    0  14   7   6   0   6   7   4   3   3   6  13   0   6   0   7  10   0   6   2  0.16 0.15
  357 T    0 -1 -3 -1 -1 -2 -1 -1  2  1 -1 -2 -2 -1  1  0  0 -4 -1  3    8   4   0   4   1   1   3   5   6   7   4   1   0   3   7   8   6   0   2  29  0.17 0.18
  358 F   -1  1 -1 -2 -3  0 -2  1 -1  2  2 -1  0  0 -3 -1  1  0  0  1    2   8   2   1   0   6   0  11   1  12  21   3   1   3   0   4   8   2   3  10  0.11 0.13
  359 Y    0  0  0  0 -3 -2 -2 -2 -3  0  0 -1  0 -1 -3  2  3  1  1  0    8   6   4   6   0   0   0   2   0   5   9   3   3   3   0  15  23   2   4   5  0.19 0.20
  360 S    0  0 -1  1 -4 -2  1  0 -1 -4 -2 -2 -3 -4  4  3 -1 -5 -2  0    7   5   3   9   0   0   8   8   2   0   3   1   0   0  19  24   3   0   1   7  0.37 0.28
  361 F   -2  0 -1 -2 -3 -3 -2  0 -3  0  2 -3  0  4  0 -1 -1  3  1 -1    1   7   3   2   0   0   2   8   0   6  22   0   2  19   6   6   3   4   5   4  0.24 0.20
  362 P   -1 -2 -4  0 -5 -1 -2 -3 -5 -3 -1 -2 -5 -6  7  1 -2 -6 -5 -5    4   3   0   6   0   3   2   1   0   2   6   1   0   0  57  13   2   0   0   0  1.37 0.60
  363 T    0  2 -3 -1 -1  0 -3 -4 -3  2  0  0  0  0  2 -2  1  0 -1  2    7  12   0   3   1   4   0   0   0  14   6   6   2   4  11   0  12   1   1  15  0.21 0.21
  364 P    0 -3 -4 -2 -5 -1 -4 -1 -1 -2 -5 -3 -5 -6  7  1  0 -6 -2 -1    9   1   0   2   0   3   0   5   2   3   0   1   0   0  51  12   6   0   2   4  1.16 0.54
  365 L   -1  0 -1 -1 -3 -2 -1  0 -1  1  2  0  1  0 -3  1  1 -3  0  0    2   6   3   4   0   0   2   9   1  10  21   7   3   4   0  11  12   0   3   3  0.09 0.14
  366 P    0 -4 -5 -5 -4 -4 -4 -1 -5  1  2 -3 -1 -2  6 -3 -1 -5 -4  0    7   0   0   0   0   0   0   5   0   7  23   2   1   1  41   0   4   0   0   7  0.92 0.45
  367 Y    0  1 -2  1 -3  0 -2 -1  1 -1 -2 -2  0  1 -1  2  1 -2  4 -1    5   8   0   8   0   5   0   5   3   3   3   0   3   7   2  20   8   0  16   3  0.24 0.24
  368 V   -2 -4 -5 -5 -4 -4 -5 -5 -4  2  2 -4 -2  5 -3 -1 -2  3  1  2    3   0   0   0   0   0   0   0   0  14  18   0   0  31   1   6   2   5   4  15  0.71 0.36
  369 K   -2  2  2  2 -4  2  0 -1  0 -2 -2  3 -3 -4 -1  1 -1 -4 -3 -3    0  12   9  11   0   8   6   3   2   2   4  25   0   0   3  10   3   0   0   2  0.36 0.25
  370 S    0 -3  3  0 -3 -2 -2 -3 -1  1  1 -2  0  1  1  1  1  2 -1 -1    6   0  18   6   0   0   2   0   1   9  16   0   2   7   7  11   7   3   1   4  0.18 0.19
  371 P   -3 -2  0  3 -5 -3 -1 -2 -1 -5 -4 -1 -5 -6  7 -2  0 -6 -5 -3    2   2   4  17   0   0   3   3   2   0   2   3   0   0  53   2   6   0   0   2  1.31 0.55
  372 L   -2 -2 -4  0 -3 -3 -2 -3 -4  0  3 -1  1  5 -2 -2 -1 -3  0  0    3   1   0   6   0   0   2   1   0   4  32   4   2  27   2   2   4   0   2   8  0.45 0.28
  373 S   -2 -1  5 -1 -4 -3 -2  1 -3 -3 -3 -3 -4 -5 -1  5  0 -5 -2 -4    1   3  26   3   0   0   2  10   0   2   3   0   0   0   3  42   3   0   1   0  0.76 0.46
  374 G    0  0 -2 -1 -3 -2 -2  1 -3  0  1 -1  1  1  1  0  1  3  0  0    9   6   0   3   0   0   0  14   0   5  13   3   4   9   6   6  10   4   2   5  0.10 0.12
  375 L    0  1  0 -2 -3  1 -1  1 -2 -1  0  1  0  1 -3  1  0  1  1 -1    6   6   3   0   0   9   2  11   0   2  12  12   3   7   0  11   5   2   6   5  0.09 0.12
  376 H   -3  4 -1 -4 -1  4  1 -5  8 -6 -6  2 -4 -6 -5 -4 -4 -6 -3 -6    2  21   3   0   2  21   6   0  34   0   0  12   0   0   0   0   0   0   0   0  1.33 0.61
  377 L    1 -3 -4 -4 -3  0 -3  0 -4  2  2 -2  1  0 -4 -1  0  5  0  1   14   0   0   0   0   5   0   6   0  15  22   1   3   3   0   2   6   8   3  11  0.31 0.23
  378 A    0 -3 -4 -4 -3 -2 -3 -4 -4  2  3 -2  2  1 -2 -1  0  0 -3  2    9   0   0   0   0   1   2   0   0  14  32   3   4   5   2   5   6   1   0  17  0.36 0.25
  379 N    0 -4  4  5 -5 -3  2 -4 -3 -3 -5 -3 -1 -5 -4  2  2 -6 -5 -4    7   0  21  31   0   0  11   0   0   2   0   0   2   0   0  16  12   0   0   0  0.82 0.46
  380 A    4 -4 -3 -4 -3 -3 -4  2 -4  0  0 -3 -3 -2 -4  2  0 -4  0 -2   45   0   0   0   0   0   0  12   0   4  11   0   0   1   0  15   5   0   3   2  0.60 0.40
  381 L    1 -4 -4 -5 -3 -4 -4 -2 -4  3  3 -4  2 -3 -4 -1  1 -4 -3  2   13   0   0   0   0   0   0   4   0  18  30   0   6   0   0   5   9   0   0  15  0.48 0.31
  382 A    6 -5 -2 -5 -4 -4 -4 -3 -5 -5 -3 -4 -4  0 -4  1 -2 -5  0 -4   78   0   2   0   0   0   0   0   0   0   2   0   0   4   0  10   2   0   3   0  1.44 0.69
  383 L   -1 -6 -7 -7 -5 -5 -6 -7 -6  0  6 -6  2 -3 -6 -5 -4 -5 -4 -1    5   0   0   0   0   0   0   0   0   3  85   0   4   0   0   0   0   0   0   3  1.60 0.67
  384 I   -1 -4 -5 -5 -3 -4 -5 -3 -5  4  4 -4  1  2 -5 -2  0  0 -3  1    5   0   0   0   0   0   0   2   0  27  39   0   3   8   0   2   5   1   0   7  0.65 0.34
  385 N    0  4  1 -3 -3  0 -2 -1  1  0  0 -1 -2 -1 -3  0  1  3 -2  0   10  27   7   0   0   3   0   4   4   4  12   2   0   2   0   5   9   4   0   7  0.24 0.22
  386 Q   -2  1  2 -3 -6  8 -2 -2 -3 -6 -3  0 -4 -6 -4 -1 -2 -5 -5 -5    3   5   9   0   0  68   0   3   0   0   3   3   0   0   0   3   2   0   0   0  1.51 0.66
  387 R    0  6 -1 -3 -5  0 -1 -4  0 -4 -1  1 -3 -1 -4  0  0 -4 -3 -4    7  52   3   0   0   3   2   0   2   0   7   8   0   3   0   6   5   0   0   0  0.81 0.40
  388 L   -2 -3 -4 -4 -3 -1 -3 -4 -3  2  3 -2  1  3 -4  0  0  1  1  1    0   0   0   0   0   3   0   0   0  13  33   3   2  13   0   8   8   2   5  11  0.37 0.22
  389 K   -1  3 -2 -3 -4 -1 -2 -3 -3 -4 -1  5 -3 -1  0  2 -1 -4 -3 -3    3  17   0   0   0   0   0   0   0   0   6  42   0   3   4  23   3   0   0   0  0.61 0.32
  390 R   -3  7 -2 -4 -6 -1 -2 -4 -2 -5 -4  3 -3 -5 -4 -3 -3 -5 -4 -5    0  86   0   0   0   0   0   0   0   0   0  14   0   0   0   0   0   0   0   0  1.72 0.45

                      K         Lambda
Standard Ungapped    0.1347     0.3194
Standard Gapped      0.0410     0.2670
PSI Ungapped         0.1177     0.3174
PSI Gapped           0.0360     0.2670
