
Last position-specific scoring matrix computed, weighted observed percentages rounded down, information per position, and relative weight of gapless real matches to pseudocounts
           A  R  N  D  C  Q  E  G  H  I  L  K  M  F  P  S  T  W  Y  V   A   R   N   D   C   Q   E   G   H   I   L   K   M   F   P   S   T   W   Y   V
    1 M   -3 -4 -5 -5 -3 -3 -4 -5 -4  3  3 -4  7 -2 -5 -4 -3 -4 -3  2    0   0   0   0   0   0   0   0   0  14  32   0  39   0   0   0   0   0   0  16  0.98 0.32
    2 K   -2  1  3  0 -6  2  0 -4 -3 -5 -3  6 -4 -6 -4 -2 -3 -6 -5 -5    3   6  12   5   0   7   3   0   0   0   2  61   0   0   0   0   0   0   0   0  1.12 0.50
    3 F   -2 -2 -1 -1 -5  6  0 -4 -3  2 -1  1 -2 -2 -4 -1 -1  0 -4 -1    3   1   3   3   0  42   5   0   0  14   6   8   0   1   0   4   4   1   0   4  0.61 0.38
    4 V    0 -5 -1 -5 -1 -4 -4 -5 -5  5  2 -4  1 -3 -5 -2 -1 -5 -4  3    7   0   3   0   1   0   1   0   0  43  15   0   2   0   0   3   2   0   0  23  0.80 0.38
    5 K    1  1 -1 -3 -4 -1 -1 -4 -3 -1  0  4  6 -3 -4 -1 -1 -5 -1 -3   11   8   3   1   0   2   4   1   0   3   6  27  23   0   0   4   3   0   2   0  0.53 0.36
    6 I   -1 -2  3  2 -5  0  4 -3 -2  0 -1  2 -3 -2 -4 -1 -3 -5 -3  0    3   1  13   9   0   2  31   1   1   7   7  11   0   2   0   4   0   0   0   8  0.40 0.29
    7 D    0 -3  6  0 -3 -2 -1 -4 -3  2 -1  0 -2 -5 -5 -1 -2 -6 -5 -1    8   1  46   5   0   1   3   0   0  14   8   7   1   0   0   3   1   0   0   3  0.80 0.45
    8 S    2 -1  1 -1 -4  1  3  0 -2 -2 -3  2 -1 -5 -3  2 -1 -5 -4 -1   16   1   7   1   0   7  20   6   0   2   2  14   2   0   0  16   3   0   0   4  0.33 0.26
    9 S    0 -3  0  1  0  0  5 -4  1  0 -2  1 -2 -2 -4  0 -3 -6 -4 -3    7   0   4   6   2   2  47   1   3   6   5   7   1   1   0   6   1   0   0   1  0.64 0.40
   10 S   -2 -2  0 -3 -4 -1  1 -2 -4  5  2  0 -1  0 -4  0 -2 -4 -2  0    3   1   5   0   0   3  10   3   0  36  18   5   1   3   0   7   1   0   1   4  0.38 0.29
   11 V   -1 -1  2 -1 -1  3 -1 -3 -2  2 -1  1  0 -2 -1 -1  1 -4 -2  1    5   1  10   2   1  18   3   1   0  16   3  10   2   2   3   3  10   0   1  11  0.20 0.22
   12 D   -1  1  5  1 -4  2  0 -2  0  0 -1  1 -3 -5 -4 -1 -2 -5 -3 -3    4   6  33   9   0   9   6   1   2   7   8  10   0   0   0   3   1   0   1   1  0.49 0.33
   13 M   -1 -5 -2 -3 -4 -4 -4 -6 -5  6  2 -2  2 -2 -5 -3  0 -5 -3  2    6   0   2   1   0   0   0   0   0  45  20   3   5   1   0   1   4   0   0  11  0.79 0.40
   14 K   -3  0 -3 -2 -3  0 -1 -4 -4  2  2  5  3 -4 -4 -3 -2 -5 -4  0    1   3   1   2   1   3   3   1   0  11  20  40   7   0   0   1   2   0   0   5  0.61 0.39
   15 K   -2  0  2 -1 -4  2 -1  2  1  2 -3  4  0 -3 -4 -1 -2 -5 -3 -2    3   3   9   2   0   8   2  16   3  16   1  27   3   1   0   3   1   0   0   2  0.38 0.29
   16 Y   -2 -3 -3 -4 -4 -3 -2 -5 -2  5  3 -3  0  1 -5 -3 -1 -3  3 -1    2   1   1   1   0   1   3   1   1  39  26   2   2   4   0   2   3   0  10   1  0.67 0.36
   17 K    1  1 -1 -1 -2  1  0  2 -2 -1  1  2  1 -3 -3 -1 -1 -4 -3 -1   10   7   3   3   0   8   7  15   0   4  17  13   4   0   0   4   2   0   0   2  0.15 0.16
   18 L   -3 -3 -2 -3 -4 -2 -3  2  0  2  3 -2  1  1 -5 -3 -2 -3  1 -2    1   1   2   1   0   2   1  20   2  14  34   2   3   6   0   2   2   0   6   1  0.44 0.30
   19 Q   -3 -2 -1 -1 -5  1 -1  5 -4 -3  2  1 -1 -4 -3 -2 -3 -5 -3 -3    0   1   2   4   0   8   4  43   0   1  20   9   1   0   1   2   1   0   1   1  0.63 0.39
   20 N    1  0  0 -1  3  2  1 -3  1 -1 -1  1  0 -2 -3 -1  2 -4  0 -1   11   3   4   3   6  12   7   1   3   2   8  10   3   1   1   2  18   0   4   3  0.18 0.19
   21 N   -1 -2  2  2 -4  0 -1  4  4 -2 -4  0 -3 -4 -3  0 -1 -5 -2 -2    4   1   9  11   0   3   3  34  10   2   1   5   0   1   1   7   3   0   1   3  0.50 0.30
   22 V   -3 -2 -1 -1 -3 -2 -3  1 -2  3  0  0  0  0 -2 -2 -1 -3  4  2    1   2   4   4   0   1   1  12   0  19   7   7   1   3   2   2   2   0  19  13  0.29 0.24
   23 R   -1  1  0  2 -4 -1  0  4  0 -3 -3  4 -3 -4 -4  0 -1 -5 -4 -4    3   6   3  10   0   1   5  28   2   1   2  26   0   1   0   5   4   0   0   1  0.51 0.33
   24 R   -2  1  0  3 -4  0  2 -3 -1  0 -2  2 -2 -3 -2  0  1 -4  1  0    2   6   4  20   0   3  16   1   1   6   5  11   0   0   1   5   8   0   6   6  0.26 0.22
   25 S   -1 -2  1  3 -4  0  2 -2 -1 -4 -4  1 -3 -2  0  0  0 -3  5 -2    6   1   6  14   0   4  13   3   1   0   1   8   0   1   4   8   7   0  20   3  0.36 0.28
   26 I   -1 -2 -2  1  0  0  2 -4 -1 -2 -2  0 -2  5 -3  0  0 -3  2 -2    6   1   1   7   2   3  16   0   1   2   3   5   1  28   1   6   7   0   5   2  0.38 0.29
   27 K   -2 -2  4  5 -4 -2  0 -2 -3 -4 -6  1 -4 -4 -4  2 -2 -6 -5 -3    2   1  21  37   0   1   4   2   0   1   0   8   0   1   1  16   2   0   0   2  0.88 0.47
   28 S   -1  1 -2 -3 -3 -2 -2 -3 -3  3  2 -2  1  0  0 -1  1 -3 -1  1    5   9   2   1   0   0   3   1   0  18  22   2   2   4   6   3  10   0   2  10  0.21 0.18
   29 S    0  0  1  3 -5  0  3 -3 -1 -5 -4  3 -3 -5 -3  2 -1 -5 -4 -4    9   3   7  15   0   2  17   1   1   0   1  22   1   0   0  17   2   0   0   1  0.52 0.34
   30 S   -1  0  2  1 -5  0  1  0  0 -5 -4  4 -4 -5 -3  2  1 -5 -3 -4    3   3  11   7   0   3  10   7   2   0   1  27   0   0   1  16  10   0   0   0  0.47 0.33
   31 M   -2 -4 -7 -7  0 -5 -6 -6 -6 -1  6 -6  2 -3 -5 -3 -4 -5 -5 -1    4   1   0   0   2   0   0   0   0   2  81   0   4   0   1   2   1   0   0   2  1.50 0.67
   32 N   -6  8  1 -5 -4 -3 -4 -7 -2 -7 -7 -1 -4 -7 -1 -4 -4 -7 -5 -7    0  83   7   0   1   1   0   0   1   0   0   3   0   0   3   1   1   0   0   0  2.26 0.91
   33 Y   -5 -7 -6 -8 -8 -7 -7 -8 -3 -6 -6 -7 -6  1 -8 -7 -7  1 10 -5    1   0   0   0   0   0   0   0   0   0   0   0   0   4   0   0   0   2  92   1  3.39 1.20
   34 A   -2 -2  0  0 -6 -1 -2  6  5 -7 -7 -2 -6 -6 -4 -1 -5 -6 -4 -7    2   2   4   6   0   2   2  62  13   0   0   2   0   0   1   3   0   0   0   0  1.37 0.62
   35 N   -3  4  0 -4 -4 -1 -2 -1  5 -6 -6  6 -4 -5 -5  0 -3 -6 -2 -6    1  21   4   0   0   1   1   4  14   0   0  42   0   0   0   7   1   0   1   0  1.10 0.57
   36 V   -4 -6 -7 -7 -4 -6 -6 -4 -7  6  2 -6 -1 -3 -6 -5 -2 -6 -5  4    0   0   0   0   0   0   0   2   0  48  19   0   1   0   0   1   2   0   0  27  1.31 0.59
   37 A   -2 -3 -6 -7  1 -5 -6 -4 -6  5  0 -6  7 -2 -6 -5 -4 -2 -1  3    3   1   0   0   3   0   0   2   0  34   7   0  30   1   0   0   0   1   2  16  1.23 0.59
   38 I   -3 -6 -7 -7 -2 -4 -7 -4 -7  7  2 -6 -1  0 -5 -6 -4 -2 -5  0    2   0   0   0   1   1   0   2   0  69  15   0   1   3   0   0   0   1   0   5  1.60 0.67
   39 M    0 -6 -6 -6  1 -5 -6 -6 -6  0  2 -5 10 -2 -7 -5 -3 -6 -5 -3    9   0   0   0   2   0   0   0   0   4  18   0  60   1   0   0   1   0   0   1  1.96 0.85
   40 T    3 -4 -3 -5  1 -5 -5 -5 -3 -3 -4 -5  0 -5 -3  0  7 -6 -5 -1   21   0   1   0   3   0   0   0   1   1   1   0   2   0   1   5  61   0   0   4  1.37 0.70
   41 D   -6 -6  0  8 -8 -4 -3 -6 -6 -7 -8 -5 -7 -8 -6 -5 -3 -8 -3 -5    0   0   3  90   0   0   1   0   0   0   0   0   0   0   0   0   2   0   1   1  2.68 1.03
   42 A    5 -3 -5 -3 -5  6 -2 -4 -1 -6 -6 -2 -2 -7 -2 -1 -4 -6 -6 -5   50   1   0   2   0  35   1   1   1   0   0   2   1   0   2   3   0   0   0   0  1.38 0.74
   43 D   -4 -6 -2  9 -7 -5 -2 -4 -5 -7 -7 -4 -7 -7 -6 -5 -5 -8 -7 -7    2   0   1  91   0   0   1   2   0   0   0   1   0   0   0   0   0   0   0   0  2.68 1.02
   44 H   -1 -4 -2  0 -1  0 -1 -5  5  0 -2 -3 -3 -2  0 -1 -1 -5  1  4    3   0   1   6   1   4   4   0  15   3   4   1   0   2   5   4   4   0   5  37  0.53 0.37
   45 D   -4 -6 -1  8 -7 -5 -3 -5 -6 -5 -7 -5 -7 -3 -4 -5 -5 -8 -4 -7    1   0   2  90   0   0   0   1   0   1   0   0   0   1   1   0   0   0   1   0  2.64 1.03
   46 G   -4 -6 -5 -3 -6 -6 -6  8 -6 -7 -7 -6 -7 -7 -5 -3 -6 -6 -7 -7    1   0   0   1   0   0   0  93   0   0   0   0   0   0   1   1   0   0   0   0  2.50 0.95
   47 L    2 -1 -1 -1 -1  0 -1  0 -1  0  0  0  0  1 -1  1  0 -1  0 -1   19   3   2   4   1   4   3   5   1   6   9   7   3   6   2  11   6   0   4   3  0.05 0.06
   48 G   -1 -3 -1 -2 -4 -1 -3  0  9 -5 -4 -3 -4 -3 -4  4 -3 -5 -3 -5    5   1   3   2   0   3   1   6  43   1   2   1   0   1   1  28   1   0   0   1  1.40 0.63
   49 S   -5 -5 -4 -4 -3 -3 -5 -6  9  6 -3 -3 -3 -3 -6 -2 -4 -6 -3 -3    0   0   1   1   0   1   0   0  40  46   1   1   0   1   0   3   1   0   1   0  1.92 0.80
   50 I   -1  4 -2 -4 -2  0 -3 -4 -5  6 -2 -1 -1 -2 -5 -3 -2 -5 -4 -1    6  22   2   1   1   4   1   1   0  47   2   3   1   1   0   2   2   0   0   2  0.91 0.51
   51 Y    0  1 -1 -3  2 -2 -2  0 -4 -2 -3  4 -2 -3 -4  0  3 -5 -2 -2    8   6   2   1   4   1   1   8   0   2   2  31   1   1   0   6  22   0   1   2  0.51 0.37
   52 P   -1 -5 -3 -5 -5 -4 -5  4 -5 -2  4 -5 -1 -4 -1 -2 -1 -5 -5 -3    4   0   1   0   0   1   0  34   0   1  46   0   1   0   3   2   5   0   0   1  0.94 0.53
   53 S   -4 -4 -5 -7 -4 -4 -5 -5 -6  1  6 -6 -1 -3 -6 -4 -5 -5 -4 -1    1   1   1   0   0   1   1   1   0   7  80   0   1   0   0   1   0   0   1   3  1.56 0.71
   54 L   -3 -6 -6 -6  1 -5 -6 -6 -6  4  5 -6  1  0 -6 -5 -3 -5 -3  1    1   0   0   0   2   0   0   1   0  19  59   0   2   4   0   1   1   0   1   8  1.18 0.56
   55 L   -2 -5  1 -5 -2 -4 -5 -4 -5  5  1 -4  0 -3 -5 -2  5 -5 -2 -1    3   0   7   0   1   0   0   1   0  30  14   1   2   1   0   3  33   0   1   1  0.82 0.49
   56 G   -1 -5  6 -4 -5 -4 -5 -4 -2 -3  1 -5  1  5 -6 -2  0 -2  0 -4    5   0  38   0   0   0   0   1   1   1  12   0   3  26   0   2   6   0   3   1  1.07 0.58
   57 F   -6 -7 -7 -7 -6 -5 -7 -7 -6  0  2 -7  3  9 -7 -7 -6 -1  0 -4    0   0   0   0   0   1   0   0   0   6  15   0   6  67   0   0   0   1   2   1  2.16 0.87
   58 F   -4 -6 -4 -4 -5 -5 -4 -5  2  3  1 -5 -1  6 -6 -5 -4  0  5 -1    2   0   1   1   0   0   1   1   5  14  14   0   1  34   0   0   0   1  20   4  1.16 0.56
   59 S   -3  5 -1 -3  2  0 -2 -5  7 -5 -5  1 -3 -3 -5 -1  0 -1  3 -5    1  31   2   1   4   4   3   1  24   1   1   7   0   1   0   5   6   1   8   1  1.01 0.55
   60 N   -4  0 -1 -5 -2  1 -2 -6  5 -4 -1 -1 -2  6 -6 -3 -2 -3  5 -4    1   6   3   0   1   7   3   0  14   1   7   4   1  27   0   2   3   0  20   1  0.94 0.51
   61 W   -4 -5 -6 -7 -1 -3 -7 -7 -2 -4 -2 -7  7  4 -7 -6 -4 10  3 -3    1   1   0   0   1   2   0   0   1   1   4   0  23  16   0   0   1  36  10   1  2.14 0.90
   62 P   -5  3 -4 -6 -7 -2 -4 -6 -6 -5 -5  1 -1 -6  8 -4 -5 -7 -5 -5    0  14   1   0   0   2   1   1   0   1   1   7   2   0  67   1   1   0   0   1  2.06 0.93
   63 E   -1 -1 -1  0 -4  1  3 -1  0 -5 -5 -1 -5 -6  3  4  0 -6 -3 -5    5   3   3   5   0   7  20   4   3   1   1   4   0   0  12  28   4   0   1   0  0.57 0.42
   64 L   -5 -7 -8 -8 -6 -7 -7 -6 -7  0  7 -7  1 -3 -7 -7 -4 -1 -2 -2    1   0   0   0   0   0   0   1   0   4  85   0   3   1   0   0   1   1   1   2  1.92 0.84
   65 F   -4 -6 -7 -7 -5 -6 -7 -7 -6  5  4 -5  0  1 -6 -6 -4 -6 -2  2    1   0   0   0   0   0   0   0   0  31  42   1   2   6   0   0   1   0   1  13  1.21 0.57
   66 E   -2  3 -1  2 -6  2  4 -3 -2 -3 -5  4 -3 -6 -5 -2 -2 -6 -3 -3    3  13   3   9   0   7  25   1   1   2   1  26   1   0   0   2   3   0   1   2  0.72 0.45
   67 Q    1  2  2  0 -2  1  1 -2  3 -2 -1  1 -2 -3  3 -1 -2 -2 -2 -3   10  11   9   5   1   7   9   3   6   2   6   7   0   1  14   5   1   1   1   1  0.24 0.21
   68 G   -4 -3  2  0 -3 -3 -1  6 -2 -7 -7 -1 -6 -3  0 -3 -4 -7 -6 -7    1   1   8   6   1   1   4  62   1   0   0   5   0   1   6   2   1   0   0   0  1.36 0.67
   69 R   -4  2 -1 -6 -2 -3 -5 -5  6 -4 -4  0  0  7 -6 -5 -5 -4  4 -4    2  10   3   0   1   1   1   1  15   1   1   5   3  41   0   1   1   0  14   1  1.40 0.66
   70 I   -3 -6 -6 -7 -5 -6 -6 -7 -6  4  4 -6  2 -2 -6 -6 -4 -6 -5  5    2   0   0   0   0   0   0   0   0  21  36   0   4   2   0   0   0   0   0  32  1.21 0.58
   71 R   -4  0 -2 -4  0  1 -1 -4  1 -2 -2  0 -1  3 -4  0 -2  2  6  0    1   6   2   1   2   7   5   1   3   2   3   6   1  11   1   7   2   3  31   6  0.68 0.42
   72 F   -1 -1 -3 -1 -2 -1  3 -3 -1  4  0 -3  0  0 -4  0 -2 -1  0  1    4   4   1   2   1   3  18   1   1  24   9   1   2   4   0   7   2   1   4  10  0.31 0.26
   73 V    4 -6 -6 -6 -1 -5 -6 -3 -5 -2  1 -5  2  6 -6 -3 -3 -5 -2 -2   34   0   0   0   1   0   0   2   0   2  13   0   5  34   0   2   1   0   1   3  1.11 0.59
   74 K   -2  2 -1 -3  0  4 -1 -5 -3  3  0  1  1 -3 -3 -2 -1 -5 -3  2    2   9   3   1   2  17   4   0   0  20   7   7   4   1   1   2   4   0   1  14  0.38 0.30
   75 T   -2 -6 -4 -6 -6 -4 -6 -6 -6 -3 -6 -5 -2 -3  6 -2  7 -7 -6 -4    4   0   1   0   0   1   0   0   0   2   0   0   1   1  32   3  53   0   0   1  1.73 0.87
   76 P   -3 -7 -7 -7 -7 -4 -6 -7 -2 -7 -7 -4 -7 -8  9 -6 -6 -8 -3 -7    2   0   0   0   0   1   0   0   1   0   0   1   0   0  90   0   0   0   1   0  3.11 1.28
   77 V   -5 -5 -4 -5 -5 -6 -4 -7 -4  6  5 -5 -1 -3 -6 -6 -5 -6 -3  0    1   1   1   1   0   0   1   0   1  35  49   1   1   1   0   0   0   0   1   6  1.36 0.64
   78 I   -4 -6 -6 -7 -3 -6 -6 -7 -1  3 -1 -6  0  3 -6 -4 -4 -1  7  4    1   0   0   0   1   0   0   0   2  14   6   0   2   9   0   1   1   1  33  28  1.29 0.62
   79 I   -3  4 -3 -3 -2 -1 -1 -4 -3  0 -3  6 -1 -6 -5 -2 -2 -3 -3 -3    1  21   1   1   1   2   3   1   1   5   2  49   2   0   0   3   2   1   1   2  1.12 0.61
   80 A    3 -6 -4 -4  2 -5 -4 -4 -6  4  0 -4 -1 -2 -6 -3 -3 -1 -2  5   21   0   1   1   3   0   1   1   0  21   8   1   1   1   0   1   1   1   2  33  0.81 0.53
   81 Q   -2  2 -2 -1 -5  1  0 -3 -1 -3 -3  3 -2  0 -3  2  3  2 -1 -2    2  10   2   3   0   5   6   2   1   2   2  20   1   4   1  13  21   3   2   2  0.41 0.38
   82 V   -2  3  1 -2 -1  0 -2 -4  2 -2 -3  5 -2 -3 -1 -1 -1  2 -1 -2    3  13   6   2   1   4   2   1   4   3   2  36   1   1   3   4   4   2   3   3  0.58 0.44
   83 G   -2 -1  0 -1 -2 -2 -3  6 -2 -4 -5  3 -6 -4 -3 -1 -2 -6 -4 -4    2   3   5   3   1   2   1  53   1   1   1  16   0   1   1   4   2   0   1   1  1.04 0.63
   84 K   -3  2  2  0 -6 -1 -1  0 -2 -4 -4  6 -3 -6 -3  0 -2 -6 -5 -4    2  10  10   5   0   2   3   8   1   1   2  45   1   0   2   6   2   0   0   1  0.87 0.58
   85 K   -2  0  1  2 -5  3  3 -2  0 -3 -4  3  0 -3 -2  0  0 -5 -4 -2    3   5   6   9   0  14  17   3   2   1   2  18   2   1   2   6   7   0   0   2  0.41 0.35
   86 Q    0 -1 -1  0 -1 -1  2 -3 -1  1 -2  0 -1 -2 -1  1  1 -4 -2  2    6   3   3   4   1   2  18   2   2   8   2   7   2   1   3   9  11   0   1  15  0.17 0.22
   87 E   -2  2 -1 -2 -4  0  1 -4  2  2  0  2  0  0 -2 -2 -1  0  1  0    2  10   3   1   0   5   8   0   6  13   9  16   2   4   1   2   4   1   6   7  0.20 0.21
   88 W   -2 -2 -2 -1 -3 -2 -1 -6 -1 -4 -3 -2 -1  0 -1  2 -1  4  7 -2    3   3   2   3   1   1   4   0   1   1   2   2   1   3   3  14   4   5  41   3  1.01 0.66
   89 F    2 -6 -6 -7  3 -6 -6 -4 -2  0  0 -6 -2  7 -6 -4 -2 -1  0  0   17   0   0   0   6   0   0   1   1   6   8   0   1  44   0   1   2   1   3   7  1.24 0.67
   90 Y   -5 -3 -3 -3 -4 -2 -4 -6  0 -2 -2 -1  0  5 -5 -5 -4  3  8 -5    1   2   1   2   1   2   1   1   2   3   3   4   2  18   1   1   1   3  49   1  1.62 0.85
   91 T   -3 -3  3  4 -3 -3 -4 -4 -3 -4 -5 -4 -3 -6 -4  4  4 -7 -3 -4    2   1  11  19   1   1   1   1   1   1   1   1   1   0   1  30  27   0   1   1  1.03 0.69
   92 V   -2 -2 -1  5 -6 -1  3 -5 -1  1  0 -2  4 -4 -2 -4 -3 -6 -2 -2    3   2   3  27   0   2  21   1   2   8  11   2   9   1   2   1   1   0   2   2  0.62 0.47
   93 A    2  0  0  1 -5  1  3 -1 -1 -3 -3  1 -3 -4  3  0 -1 -3 -2 -3   15   4   4   7   0   6  16   4   1   1   2   8   1   1  16   7   2   0   1   1  0.34 0.31
   94 E   -1 -4 -3  2 -7  1  7 -5 -1 -5 -5 -3 -3 -7 -6 -2 -3 -7 -3 -5    6   1   1  11   0   6  62   1   2   1   1   1   1   0   0   2   2   0   1   1  1.45 0.88
   95 Y   -3  2 -3 -3 -6 -3 -3 -5 -1 -3  2  2  1  4 -6 -5 -4  0  6 -3    2  12   1   1   0   1   2   1   1   1  19  11   3  15   0   0   1   1  26   1  0.85 0.55
   96 E    0  0  0  0 -3  1  0 -3  2  0  0  0  1  1 -3  0  0  4  1  0    6   6   6   6   0   6   6   0   6   6   6   6   6   6   0   6   6   6   6   6  0.09 0.13
   97 S    1  1  0  0 -3  1  2 -1  1 -1 -2  2  0 -1 -1  0  0 -3  0 -1   11   7   5   4   0   6  15   3   3   3   3  14   3   3   3   5   5   0   3   3  0.13 0.16
   98 A    0  0  0  0 -3  1  0  0  2  0 -1  0  1  1 -3  0  0  3  1  0    6   6   5   6   0   5   6   6   5   6   6   6   5   5   0   6   6   5   5   6  0.06 0.10
   99 K   -1  0  0  0  2  0  0 -1  2  0 -1  0  2  1  0 -1  0  4  1 -1    5   5   5   5   5   5   5   5   5   5   5   5   5   5   5   5   5   5   5   5  0.09 0.08
  100 D    1  0  1  1 -4  1  1 -1  1 -1 -2  2  0 -1 -1  0 -1 -4  0 -1   11   5   7   9   0   5  11   4   3   3   4  14   3   3   3   5   4   0   3   3  0.12 0.15
  101 A   -1  0  0  0 -3  0  0 -1  2  0 -1  0  1  0  0  0  0  3  1  0    5   5   5   5   0   5   5   5   5   5   5   5   5   5   5   5   5   5   5   5  0.06 0.08
  102 L   -2  0  3 -2 -1  0 -1  0  2  0  2  0  1  0 -3 -2  1  3  0 -2    3   5  11   2   1   4   4   8   5   6  18   5   3   4   2   2   8   4   3   3  0.19 0.15
  103 P   -1  0  0  0  1 -1 -1  1  1 -2 -3  3  0 -1  1  0 -1  2 -1 -2    5   5   4   5   3   3   5  12   3   3   3  19   3   3   7   7   4   2   3   3  0.21 0.18
  104 K    0  0  0  0 -2  1  0  0  2  0 -1  0 -1  0  1  0  0 -2  1  0    6   6   6   6   0   6   6   6   6   6   6   6   0   6   6   6   6   0   6   6  0.04 0.06
  105 H   -2 -3 -2 -2 -1 -2 -2 -1  2 -1 -1  0  0  1  0 -2 -2  8  4  0    4   1   2   3   1   2   3   6   4   3   5   7   2   5   4   3   2  23  12   6  0.68 0.43
  106 S   -1  0  1  0 -1  0  1  0  1 -1 -3  3 -1 -2 -2  1  2 -4 -2 -1    3   4   6   5   1   2  10   7   4   3   2  19   1   1   1  12  12   0   1   4  0.18 0.20
  107 I   -1 -2 -4 -4  0 -2 -2 -3  3  5  0 -2  0  0 -2 -2  0 -4  0  2    6   2   0   0   2   2   2   2   8  36   5   2   2   3   2   3   4   0   4  16  0.43 0.32
  108 R   -1  2  0 -1 -4  3  1 -2  0 -2 -2  3  1 -2 -1 -1  0  1 -3 -2    4  12   4   2   0  13   8   3   2   2   2  23   4   2   2   3   7   2   0   2  0.27 0.29
  109 Y   -4  5 -4 -2 -5 -1 -3 -1  2 -2 -2 -2  0  0 -5 -2 -2 -3  6 -4    0  34   0   3   0   3   0   5   4   3   3   0   3   3   0   3   3   0  30   0  0.88 0.59
  110 I    0 -2  0 -2  1 -3 -4 -2  0  0  0 -3  1  4 -4 -2 -3  3  5 -1    9   2   5   2   3   0   0   2   2   5   8   0   3  19   0   3   0   4  22   5  0.43 0.35
  111 K   -4  0 -1 -3 -5  1  0 -1 -4 -5 -3  7 -4 -5 -4 -3  0  2 -4 -5    0   3   3   0   0   5   5   5   0   0   3  65   0   0   0   0   6   3   0   0  1.21 0.61
  112 G   -3 -4 -3  0 -5  0  0  7 -4 -6 -5 -4 -5 -5 -4 -3 -4 -5 -5 -5    1   0   0   6   0   5   7  78   0   0   1   0   0   0   0   0   0   0   0   0  1.57 0.57
  113 L   -1 -3 -4 -2 -3 -3 -2 -2 -4  0  5 -1  1 -1 -2  0 -1 -4 -3 -1    3   0   0   2   0   0   2   3   0   2  62   5   2   2   2   8   3   0   0   3  0.60 0.35
  114 G    1 -3 -2 -3  0 -1  1  5 -3 -2 -4 -1 -4 -2 -3  0 -3 -4 -1 -2    9   0   0   0   2   2  12  54   0   2   0   3   0   2   0   7   0   0   3   3  0.74 0.36
  115 S    0 -1 -1 -1  1 -1  3 -1 -1 -3 -2 -1 -3 -3  0  1  3 -4  0  0    7   2   2   1   3   2  23   4   1   0   2   3   0   0   4  10  24   0   3   8  0.28 0.24
  116 L   -1 -3 -1 -3  1 -2 -1 -3  0  1  2 -2  5  2 -3  2 -1 -1  0  0    3   0   3   0   4   1   4   2   2   6  18   1  18   9   0  18   1   1   3   7  0.26 0.24
  117 E   -2  0  3  2 -1  0  3 -1 -2 -3 -3  0 -1 -4 -1  0  3 -5 -4 -2    2   4  14  11   1   2  19   3   1   1   1   5   2   0   3   5  22   0   0   3  0.38 0.28
  118 K    1  0 -1  1 -3 -2  0  0 -2 -3 -3  0 -2 -3  3  2  0 -2 -1 -1   15   7   1  10   0   1   4   8   1   1   2   6   1   1  16  14   5   0   3   4  0.26 0.21
  119 S    0  0  0  2 -4  1  4 -2 -1 -3 -3  3 -2 -4 -2  0 -1 -5 -3 -3    9   3   3  11   0   6  26   2   1   1   3  21   1   0   1   6   4   0   1   1  0.42 0.29
  120 E   -3 -2 -2  3 -5  4  5 -3 -3 -3 -3  0 -1 -5 -4 -3 -2 -5  0 -3    1   1   1  17   0  17  41   2   0   2   2   5   2   0   0   0   1   0   4   2  0.86 0.48
  121 Y    2 -1 -4 -4  0 -2 -3 -1 -3  1  2 -2  2  3 -4 -2 -2  1  2  0   19   3   0   0   2   1   1   5   0   6  25   2   5  12   0   1   2   2   7   6  0.27 0.23
  122 R    0  3 -2 -3 -2  0 -1 -3 -2 -2 -3  4 -3  1 -3 -1 -2  6 -1 -2    8  16   2   1   1   4   3   1   0   3   1  28   0   7   1   5   2  13   2   3  0.57 0.36
  123 E   -1  0 -1  2 -5  1  5 -3 -1 -4 -3  1 -1 -4 -4 -1 -1 -1 -1 -3    4   6   2  10   0   6  41   2   2   1   3   9   1   1   0   4   3   1   2   1  0.62 0.40
  124 M   -2 -4 -1  0  2 -3 -3 -4  1 -1 -1 -4  1  2 -4 -1  3 -1  6 -1    2   0   2   7   5   1   1   0   3   3   6   0   3   9   0   4  23   0  26   4  0.62 0.40
  125 I   -1 -5 -4 -3 -3 -4 -5 -5 -4  1  2 -4  1  6 -4 -3  3 -3  0 -1    4   0   0   2   1   1   0   0   0   7  18   1   3  36   1   1  20   0   2   3  0.82 0.46
  126 Q   -1  1 -1  2 -4  0  1 -1 -1 -2 -1  2  5 -3 -3  1 -2 -4 -3 -2    5   7   2  13   0   4   9   6   1   2   6  11  18   1   0  10   1   0   0   2  0.29 0.27
  127 N   -3 -1  5  5 -4  1  0 -3  3 -4 -4 -1 -1 -4 -3 -1 -3 -5 -1 -2    2   3  26  29   0   6   5   1   8   1   1   4   2   1   1   3   1   0   2   3  0.75 0.45
  128 P   -3  0 -2 -2 -5  1 -3 -4  6 -1  1 -2  3 -2  5 -3 -4 -3 -2 -2    1   6   2   2   0   6   1   1  17   4  12   2   9   2  30   1   0   0   1   2  0.78 0.46
  129 V   -1  2 -1  0 -2  0  2 -3 -1  1 -1  2  0 -2 -3 -1 -1 -2 -1  1    5  12   2   5   1   3  16   1   1  10   4  15   2   2   1   3   2   0   2  12  0.19 0.20
  130 Y   -2  3 -1 -3 -1  1  0 -4  0 -1 -1  4  0 -2 -3 -1  1 -4  0 -1    3  15   3   1   2   5   4   1   2   4   8  28   2   2   0   3  11   0   4   4  0.37 0.30
  131 D   -3  4  0  2 -3 -1  1 -3  4  0 -3  0 -1  1 -2 -2 -1 -4  1  1    1  24   3  10   0   2   8   2  12   5   2   4   1   6   2   1   3   0   5  10  0.40 0.31
  132 V   -2  1 -1 -2 -4  1 -2 -4 -2  0  0 -1  0  4 -1 -2  3 -3  0  0    2   9   3   3   0   6   2   1   1   5   9   4   2  22   3   1  18   0   2   7  0.32 0.28
  133 V   -2 -4 -5 -3  1 -3 -2 -3  1  4  1 -2  0  0 -4 -3 -2 -4  2  4    2   1   0   1   3   1   2   2   3  26  14   2   2   4   1   1   2   0   7  25  0.54 0.35
  134 K   -1  1  0  0 -3  0  2 -2 -2 -1 -2  1 -2 -1  0  0  1  6 -1  0    3   6   4   6   0   3  12   3   0   4   4  11   1   2   4   7  11  11   1   6  0.23 0.21
  135 L   -2  0 -2  3 -2  0 -1 -2 -1  1  0 -1  1  2 -3 -2 -1 -1  2  1    3   5   1  21   1   4   3   3   1   8  10   4   4  11   1   3   2   1   6   9  0.20 0.20
  136 P    1 -3 -1  5 -3  0  1 -1 -3 -1 -3  0 -4 -5  1 -3 -1 -6 -4  0   14   1   3  32   1   4   7   4   0   3   3   6   0   0   7   1   4   0   0   8  0.50 0.37
  137 E    0 -3 -1  4 -4  1  4  0 -2 -2 -4  0 -2 -2 -1 -1 -2 -2 -2 -1    6   1   2  20   0   6  28   6   1   2   1   6   1   2   3   5   2   1   2   4  0.50 0.37
  138 N    0  0  2  3 -2 -1  3 -1 -1 -2 -2  1  0 -3 -3  0 -2 -2 -2 -4    7   6   9  19   1   2  20   5   1   3   5   8   2   1   1   5   2   1   1   1  0.33 0.27
  139 W    3 -3 -3  5 -2 -4  0 -2 -3 -2 -2 -4  0 -3 -5 -1  1 -1 -1 -2   26   1   0  31   1   0   7   2   1   2   4   0   3   1   0   4   9   1   2   3  0.63 0.46
  140 K    0  1  0  4 -6  0  2  1  0 -4 -4  1 -3 -2 -1 -1 -2 -4 -4 -4    7   7   3  27   0   5  12  12   2   1   1   9   1   2   3   5   2   0   0   1  0.46 0.34
  141 E    0  1  0  2 -5  2  4 -2  0 -5 -3  2 -1 -5 -3 -1 -2 -6 -3 -4    9   8   4  11   0   7  30   3   2   1   2  10   1   0   1   3   2   0   1   1  0.52 0.40
  142 L    1 -2 -3 -5 -1 -4 -3 -4 -3  3  3 -3  4 -2 -5  0  0 -3 -1  1   14   2   1   0   1   0   2   1   1  16  25   1   9   1   0   7   7   0   3  10  0.44 0.33
  143 F   -4 -5 -3 -1 -4 -5 -4 -7 -3  5  2 -6  3  6 -7 -5 -3 -5 -3  0    1   0   2   4   0   0   1   0   1  31  17   0   5  27   0   1   2   0   0   6  1.10 0.58
  144 E   -3 -2  0  5 -5  0  4 -4 -1 -3 -1  0  1 -6 -5  0  1 -6 -4 -4    2   2   5  27   0   3  22   1   1   2   7   6   4   0   0   8   8   0   1   1  0.61 0.44
  145 M    1 -1 -3 -2 -3 -3 -4 -3 -3  1  3 -2  5  0 -5 -2  0 -1 -2  1   12   3   1   2   0   1   1   2   1   8  28   2  17   3   0   2   7   1   2   8  0.47 0.35
  146 L    4 -6 -6 -7 -1 -6 -6 -4 -6 -1  4 -6 -2  4 -4 -4 -5  1  1 -2   33   0   0   0   1   0   0   1   0   3  35   0   1  15   1   1   0   2   4   2  1.00 0.60
  147 M   -5 -5 -1 -2 -7 -7 -6 -8 -3 -5 -1 -5  8  7 -8  0 -4 -6 -1 -6    1   1   3   2   0   0   0   0   1   0   5   1  34  42   0   7   1   0   2   0  1.96 0.93
  148 G   -2 -2  0  0 -4 -5 -4  5 -1 -8 -7  4 -3 -7 -3  1 -4 -7 -7 -7    2   2   4   5   0   0   1  44   1   0   0  27   1   0   1   9   1   0   0   0  1.16 0.66
  149 D   -3 -1  1  4 -7 -2  1 -3 -4 -6 -7  6 -6 -6 -3 -1 -1 -8 -5 -7    2   3   5  22   0   1   8   2   0   0   0  45   0   0   1   4   5   0   0   0  1.14 0.66
  150 N   -3  4  2  3 -2  0  1 -5 -2 -5 -4  5 -1 -4 -4 -2 -4 -7 -4 -5    2  20   9  16   1   4  10   0   1   1   1  29   1   1   1   2   0   0   0   1  0.84 0.54
  151 A    4 -5 -6 -5 -3 -5 -5 -4 -6  2 -3 -5 -3 -3 -2  1  1 -7 -6  4   31   0   0   0   0   0   0   1   0  11   2   0   0   1   2  11   8   0   0  31  0.87 0.56
  152 D    0 -5  1  5 -5 -1  5 -3 -1 -5 -5 -1 -3 -5  0 -1 -3 -8 -7 -5    9   0   5  31   0   2  32   2   1   1   1   3   1   0   5   4   2   0   0   1  0.96 0.59
  153 L    2 -3 -2  4 -3  1  2 -2 -2 -5 -2 -1 -3 -4  4 -2 -3 -3 -2 -3   14   1   1  26   1   5  13   3   1   0   4   3   1   1  19   2   1   1   1   1  0.63 0.44
  154 R   -7  9 -7 -8 -9 -3 -6 -8 -6 -5 -8 -3 -7 -9 -8 -5 -7 -3 -8 -8    0  95   0   0   0   1   0   0   0   1   0   1   0   0   0   1   0   1   0   0  3.21 1.34
  155 K   -6  4 -4 -6 -8 -1 -5 -7 -4 -8 -6  7 -1 -2 -7 -5 -5 -3 -2 -6    0  21   1   0   0   2   0   0   0   0   0  68   1   2   0   1   1   0   1   0  2.06 0.98
  156 E    0  1  1  2 -6  1  5 -4 -2 -3 -4  2 -3 -6 -5 -1 -1 -6 -2 -3    6   8   6  11   0   6  33   1   1   2   2  12   1   0   0   4   4   0   1   2  0.62 0.43
  157 W   -9 -9 -10 -10 -4 -9 -6 -9 -3 -6 -3 -9 -4  6 -10 -9 -9 12  3 -6    0   0   0   0   0   0   1   0   1   0   3   0   0  28   0   0   0  58   7   1  3.44 1.33
  158 M   -6 -8 -8 -9 -6 -7 -8 -9 -8  6  5 -8  3 -3 -8 -7 -4 -7 -6 -1    0   0   0   0   0   0   0   0   0  46  45   0   6   1   0   0   1   0   0   2  1.80 0.80
  159 S    1  2  0 -3 -2  4  4 -4 -3 -3 -3 -1  3 -5 -5  0  1 -6 -4 -3   11  12   3   1   1  18  23   1   0   1   1   3   7   0   0   6  10   0   0   1  0.56 0.43
  160 Q   -5  2 -4 -3 -8  4  6 -6  0 -7 -7  3 -6 -7 -5 -4 -5 -7 -6 -7    0   9   0   0   0  19  53   0   2   0   0  17   0   0   0   0   0   0   0   0  1.54 0.70

                      K         Lambda
Standard Ungapped    0.1329     0.3171
Standard Gapped      0.0410     0.2670
PSI Ungapped         0.1843     0.3172
PSI Gapped           0.0564     0.2670
