
Last position-specific scoring matrix computed, weighted observed percentages rounded down, information per position, and relative weight of gapless real matches to pseudocounts
           A  R  N  D  C  Q  E  G  H  I  L  K  M  F  P  S  T  W  Y  V   A   R   N   D   C   Q   E   G   H   I   L   K   M   F   P   S   T   W   Y   V
    1 M   -2 -3 -3 -4 -3 -2 -3 -4 -3  0  1 -3  9 -1 -4 -3 -2 -3 -2  0    0   0   0   0   0   0   0   0   0   0   0   0 100   0   0   0   0   0   0   0  1.37 0.26
    2 T    2 -1 -1 -2 -2 -1 -1 -2 -2 -2 -2  2 -1 -3 -2  1  4 -3 -2 -1   31   0   0   0   0   0   0   0   0   0   0  22   0   0   0   0  47   0   0   0  0.42 0.12
    3 V   -1 -1  2 -1 -2  1 -1 -2 -2 -1 -2 -1 -1 -3 -2  2  4 -3 -2  1    0   0  13   0   0   8   0   0   0   0   0   0   0   0   0  14  47   0   0  18  0.35 0.10
    4 I   -2 -3 -3 -3 -2 -2  1 -4 -3  5  1 -3  0 -1 -3 -3 -1 -3 -2  2    0   0   0   0   0   0  14   0   0  78   8   0   0   0   0   0   0   0   0   0  0.55 0.14
    5 T   -1 -2 -1 -2 -1 -1 -2 -2 -2  2  1 -2  0 -1 -2  1  3 -2  1  1    0   0   0   0   0   3   0   0   0  17  14   0   0   0   0  20  27   0   6  12  0.18 0.06
    6 Y   -2  0 -3 -4 -3 -2 -3 -4  0 -1 -1 -2  1  2 -4 -3 -2  1  7  1    0   6   0   0   0   0   0   0   0   0   0   0   6   0   0   0   0   0  77  12  1.03 0.18
    7 G   -1 -1 -1 -2 -3 -1 -2  5 -2 -4 -4  3 -3 -4 -2 -1 -2 -3 -3 -4    0   0   0   0   0   0   0  68   0   0   0  32   0   0   0   0   0   0   0   0  0.88 0.13
    8 K   -1  2  1 -1 -3  2  2 -2 -1 -3 -3  4 -2 -4 -2  1  0 -3 -2 -3    0   7   6   0   0   9  14   0   0   0   0  51   0   0   0   8   5   0   0   0  0.47 0.09
    9 S    0  2  0 -1 -2 -1 -1 -1 -2 -3 -3  0 -2 -3 -2  5  0 -4 -3 -3    0  14   0   0   0   0   0   0   0   0   0   0   0   0   0  86   0   0   0   0  0.71 0.17
   10 T   -1  1 -2 -3  2 -1 -2 -3 -3  2  1  1  0 -1 -3 -1  1 -3 -2  3    0  11   0   0   5   0   0   0   0  12  15  12   0   0   0   0  10   0   0  34  0.18 0.07
   11 F    0  0  2 -1 -2  0  0 -1 -1 -2 -2  4 -1  2 -2  0 -1 -2 -1 -2   11   1  17   1   0   1   1   1   0   1   1  45   0  14   1   4   1   0   0   1  0.27 0.09
   12 A    2 -2 -2 -2 -2 -2 -2 -2 -2 -2  0 -2 -1 -3  6  0  1 -3 -3 -1   27   0   0   0   0   0   0   0   0   0  13   0   0   0  44   0  13   0   0   0  0.76 0.12
   13 G    1 -2 -1  2 -3 -1  2  3 -2 -2 -3 -1 -2 -3 -2  0 -1 -3 -3  0   18   0   0  18   0   0  22  33   0   0   0   0   0   0   0   0   0   0   0  10  0.38 0.09
   14 N   -1  2  6  0 -3 -1 -1 -2 -1 -3 -2 -1 -2 -4 -3  0  0 -4 -3 -3    5  11  75   0   0   0   0   0   0   0   5   0   0   0   0   0   4   0   0   0  0.87 0.21
   15 A    5 -2 -2 -2 -1 -2 -2 -1 -2 -2 -3 -2 -2 -3 -2  2 -1 -4 -3 -1   81   0   0   0   0   0   0   0   0   0   0   0   0   0   0  19   0   0   0   0  0.74 0.20
   16 K    0  4 -1 -2 -3  0 -1 -3 -2  1 -2  4 -1 -3 -2 -1 -1 -4 -2 -1    9  36   0   0   0   0   0   0   0  16   0  39   0   0   0   0   0   0   0   0  0.50 0.15
   17 T    2 -1  2 -1 -2  2 -1 -1 -1 -2 -2 -1 -2 -3 -2  2  3 -3 -2 -1   20   0  10   0   0  14   0   0   0   0   0   0   0   0   0  20  36   0   0   0  0.39 0.13
   18 R   -3  7 -1 -3 -5  0 -1 -4  3 -4 -3  1 -3 -4 -3 -2 -2 -4 -2 -4    0  89   0   0   0   0   0   0  11   0   0   0   0   0   0   0   0   0   0   0  1.33 0.28
   19 R   -3  7  1 -3 -5  0 -1 -4 -1 -4 -3  1 -3 -3 -3 -2 -2 -3  2 -4    0  87   6   0   0   0   0   0   0   0   0   0   0   0   0   0   0   0   8   0  1.26 0.30
   20 H    0 -1  2 -2 -4  2 -1 -3  8 -4 -4  1 -2 -2 -3 -1 -2 -3  2 -3    9   0  12   0   0  11   0   0  52   0   0   8   0   0   0   0   0   0   8   0  0.85 0.23
   21 E    3  1 -2 -1 -2  2  3 -2 -1 -3 -2  1  1 -3 -2  0 -1 -3 -3 -2   42   8   0   0   0  11  28   0   0   0   0   6   6   0   0   0   0   0   0   0  0.40 0.16
   22 R   -3  7 -2 -3 -5  0 -1 -3 -2 -4 -4  3 -3 -4 -3 -2 -2 -4 -3 -4    0  84   0   0   0   0   0   0   0   0   0  16   0   0   0   0   0   0   0   0  1.32 0.30
   23 R   -3  7  2 -2 -5  0 -1 -3 -1 -4 -4  1 -3 -4 -3 -2 -2 -4 -3 -4    0  91   9   0   0   0   0   0   0   0   0   0   0   0   0   0   0   0   0   0  1.39 0.31
   24 R    1  4 -2 -2 -3  0 -1  0 -2 -2 -1  3  3 -3 -2 -1 -1 -3 -2 -2   15  33   0   0   0   0   0   8   0   0   6  25  13   0   0   0   0   0   0   0  0.37 0.15
   25 K    4 -1 -2  1 -2 -1  1 -1 -2 -2 -3  1 -2 -3 -2  0 -1 -4 -3  0   62   0   0   9   0   0  12   0   0   0   0  11   0   0   0   0   0   0   0   6  0.44 0.18
   26 L    1 -2 -2 -1 -3  1  4 -3 -2  1  1 -1 -1 -2 -2 -1 -1 -3 -2 -1   20   0   0   0   0   4  45   0   0   9  19   0   0   0   0   0   0   0   0   2  0.34 0.15
   27 A    4 -2  1 -2 -2 -1  0 -1 -2 -2 -2 -1  2  0 -2  1 -1 -2  1 -1   56   0   8   0   0   0   6   0   0   0   0   0   8   6   0   9   0   0   7   0  0.35 0.16
   28 I    0  0  1 -3 -2 -2 -3 -3 -3  4  1 -2  1 -1 -3 -2 -1 -3 -2  1    8   8  13   0   0   0   0   0   0  48  14   0   3   0   0   0   0   0   0   6  0.30 0.14
   29 E    2 -1 -1  1 -3  2  3 -2 -1 -2 -3  1 -2 -3 -2  1 -1 -3 -3 -1   26   0   0   9   0   8  32   0   0   0   0  12   0   0   0   8   0   0   0   6  0.35 0.13
   30 R   -1  6  1 -2  2  0 -1 -3 -1 -4 -3  2 -2 -4 -3 -2 -2 -4 -3 -3    4  72   6   0   6   0   0   0   0   0   0  12   0   0   0   0   0   0   0   0  0.97 0.25
   31 D   -2  2  3  3  2  0  0  1 -1 -4 -4  2 -3 -4 -2 -1 -1 -4 -3 -3    0  12  22  24   6   0   3  10   0   0   0  23   0   0   0   0   0   0   0   0  0.44 0.14
   32 T    2 -1  1  1 -2 -1  0 -2 -2  0  1  0  0 -2 -2  0  1 -3  0  0   24   0  10   8   0   0   4   0   0   0  21   6   0   0   0   5   9   0   3   9  0.09 0.07
   33 I    2 -2 -3 -3 -1 -2 -2 -2 -2  3  1 -2  0 -1 -2 -1 -1 -2  1  2   23   0   0   0   0   0   1   1   0  33  16   0   0   0   0   1   0   0   8  14  0.25 0.10
   34 C    0 -1 -1  0  3  1  4  0 -1 -1 -1 -1 -1 -3 -2  1 -1 -3 -2 -1    6   0   0   0  11   8  40   6   0   6   9   0   0   0   0  10   0   0   0   1  0.28 0.12
   35 N    1 -1  2 -1 -2  1  1  0 -1 -2 -1  1  0 -2 -1  2  1 -3 -2 -1   14   0  14   0   0   8   6   4   0   0   7  11   4   0   0  21   8   0   0   1  0.17 0.07
   36 I   -2  2 -2 -3 -2 -1 -2 -3 -2  4  1  1  0 -1 -3 -2 -1 -3 -2  1    1  19   0   0   0   0   1   1   0  46  10  15   0   0   0   1   0   0   0   4  0.31 0.13
   37 I   -2 -3 -3  0 -2 -3 -3 -3 -3  4  2 -3  1 -1 -3 -2 -1 -3 -2  2    1   0   0   8   0   0   1   1   0  44  27   0   0   0   0   1   0   0   0  14  0.39 0.13
   38 D    1 -2  1  5  0 -1  1  1 -2 -3 -4 -1 -3 -3 -2 -1 -2 -4  0 -3   17   0   4  53   3   0   9   9   0   0   0   0   0   0   0   0   0   0   4   0  0.61 0.17
   39 S    2  0  1  0 -2 -1 -1  1  1 -3 -3  1 -2 -3 -2  2  0 -3 -2 -2   27   6   9   4   0   0   0   7   4   0   0  11   0   0   0  27   3   0   0   0  0.28 0.11
   40 I    3  0  1  0 -2 -1  1 -2 -2  2 -1 -1 -1 -3 -2  0 -1 -3 -2  0   44   6   7   5   0   0  14   0   0  19   0   0   0   0   0   0   0   0   0   6  0.22 0.13
   41 F   -2  1 -3 -4 -3 -3 -3 -4 -2  1  2 -2  0  4 -4 -3 -2  3  4  0    0   9   0   0   0   0   0   0   0   6  29   0   0  31   0   0   0   4  15   5  0.49 0.14
   42 G    1 -3 -1 -2 -2 -2 -2  4 -3 -2 -3 -2 -2 -3  2  1  0 -3 -3  0   16   0   0   0   0   0   0  47   0   0   0   0   0   0  11   9   8   0   0   9  0.54 0.14
   43 C    0  1 -1 -2  2  1  0  0 -1  0  0  1  0 -2 -2 -1  0  3 -1  0   10   9   0   0   6  11   5   8   0   6  11   8   0   0   0   1   9   6   0   8  0.07 0.04
   44 D   -1  2 -1  1 -3  1  2 -2 -1 -2 -1  4 -1 -3 -2  0 -1 -3 -2 -2    1   9   0   9   0   5  18   1   0   0   9  42   0   0   0   4   1   0   0   1  0.38 0.12
   45 A    2 -1 -1 -1 -1 -1 -1 -1 -2  1  0  0  0 -2  1  1  1 -2 -1  0   24   1   1   1   0   1   1   2   0  12   8   7   0   1   6  15  11   0   1   7  0.11 0.06
   46 P    0 -1  1  0 -2  1  1 -2 -1 -1  0 -1  2 -2  4 -1 -1 -2 -2 -1    7   1   7   5   0   7  14   1   0   1   9   1  12   1  28   1   1   0   1   1  0.38 0.12
   47 D    1  1  0  1 -2  1  2  0  2 -2 -2  1 -1 -2 -1  1 -1 -2 -1 -1   13   7   4   8   0   5  20   8   6   1   2   6   0   1   1   9   1   0   1   7  0.15 0.06
   48 A    3  0 -2 -2  2 -1 -1 -1 -2 -1  1  0 -1 -2  2  0 -1 -2 -2  0   36   5   1   1   6   1   1   1   0   1  15   6   0   1   9   5   1   0   1   7  0.16 0.09
   49 S   -1  1 -1  0 -2  0 -1 -2 -1  1  0 -1  0  1 -2  1  0 -2 -1  1    1  11   1   6   0   6   1   1   0   8  10   1   0  11   1  21   5   0   1  14  0.06 0.07
   50 Q    2  0 -1 -1 -2  3  2  0  1 -2 -2  1 -1 -3 -1  1  1 -2 -2 -2   22   1   1   1   0  23  13   8   4   1   1   8   0   1   1   8   8   0   0   1  0.24 0.11
   51 E   -1  1 -1  0  2  0  4 -2 -1 -3 -3  2 -2 -2  1 -1  0 -2  1 -2    1   4   1   1   7   1  38   1   0   1   1  21   0   1   8   1   5   0   7   1  0.38 0.16
   52 V    1 -1 -1  0 -1 -1  0 -2 -2  1  1  0  0 -1  1 -1  1 -2 -2  1   13   1   1   5   0   1   7   1   0  10  17   8   0   1   8   1  10   0   1  16  0.08 0.05
   53 K    1  0  1 -1 -2  0 -1  0 -1 -2 -1  2 -1 -2  0  1  1 -2  0 -1   19   1   7   1   0   0   1   6   0   1   5  25   0   0   4  15  10   0   4   1  0.17 0.10
   54 A    1  2 -1 -2  4 -1  0  0 -2 -2 -2  1 -1 -3  1  1 -1 -3 -2  0   15  21   1   1  14   1   5   6   0   1   1   7   0   0   7  11   1   0   0   7  0.21 0.10
   55 K    2  1 -1  0 -3  0  0  1  1 -3 -3  4 -2 -3  2 -1 -1 -3 -2 -2   24   5   0   6   0   0   3   9   5   0   0  38   0   0   8   0   0   0   0   0  0.34 0.16
   56 R   -2  5  2  0  3 -1 -1 -3  3 -4 -3  0 -2 -3  2 -1 -2 -4 -2 -3    0  46  11   6   8   0   0   0   8   0   0   0   0   0  13   3   0   0   0   0  0.59 0.22
   57 I   -1 -2  0 -2 -2 -1 -1 -2 -2  1  1  0  1 -2  5  1 -1 -3 -2 -1    3   0   5   0   0   0   4   0   0  10  18   4   5   0  33  16   0   0   0   0  0.46 0.16
   58 D    0 -1 -1  2 -2 -1  1 -2 -2  0  0 -1 -1 -2  0  2  1 -3 -2  1    4   2   0  14   0   0   8   0   0   4  12   0   0   0   4  27  10   0   0  15  0.15 0.11
   59 R   -2  6  1  1 -4  0  0 -3 -1 -3 -1  1 -2 -3 -3  0 -2 -4 -3 -3    0  62   9   7   0   0   5   0   0   0   9   4   0   0   0   5   0   0   0   0  0.71 0.26
   60 V    0  1 -2 -3 -2 -2 -2 -3 -3  2  0 -2  0 -2 -2  0  0 -3 -2  4    5  10   0   0   0   0   1   1   0   7   8   1   0   0   0  10   4   0   0  53  0.29 0.16
   61 T    2 -1 -1  2 -2  0  2 -1 -2 -1 -1 -1  1 -2 -2  1  0 -3 -2  0   22   0   0  15   0   0  19   1   0   0   7   1   6   0   0  15   6   0   0   7  0.19 0.11
   62 K    0  3  1 -1 -3  1  1 -2 -1 -2 -2  3  0 -3 -2 -1  0 -3 -2 -1    6  19   6   1   0   6   6   1   0   1   1  35   4   0   1   1   7   0   0   5  0.31 0.13
   63 A    4 -2 -2 -2 -1 -2 -2 -1 -2  1  1 -2 -1 -2 -2  0  1 -3 -2  0   53   0   0   0   0   0   1   1   0  13  12   1   0   0   0   1  11   0   0   4  0.33 0.17
   64 I   -1 -2 -3 -3 -2 -2 -2 -3 -3  3  2 -1  0 -1 -2 -2  1 -3 -2  3    1   0   0   0   0   0   1   1   0  22  19   6   0   0   0   1   9   0   0  38  0.32 0.14
   65 S   -1  0  2 -1 -2  1  1 -2 -1 -2 -1 -1 -2 -2 -2  3  1 -2  1 -2    1   6  14   0   0   7   7   1   0   0   5   1   0   0   0  36  12   0   9   1  0.27 0.15
   66 L    1 -2 -2 -3  1 -2 -2 -1 -3  2  2 -2  0 -1  1  0  0 -2 -2  1   15   0   0   0   4   0   1   4   0  14  34   1   0   0   6   5   7   0   0   7  0.15 0.09
   67 A    1 -1  1  0 -2 -1  0  0 -2 -1 -2 -1 -2 -3  4  0  1 -3 -2 -1   18   3   9   4   0   0   4   8   0   6   1   1   0   0  25   6  12   0   0   3  0.35 0.11
   68 G    0 -1  1 -1 -2 -1  1  1  4 -2 -2 -1 -2 -2 -2  2  1 -3 -1 -1    7   0   9   0   0   0   9  14  17   0   1   1   0   0   0  23  11   0   0   6  0.25 0.12
   69 T   -1 -2 -2 -2 -2 -1  0 -2 -2  1  1 -1  0  3  2  0  0  3  0  0    5   0   0   0   0   0   7   1   0   9  13   4   0  20  10   7   8   6   0   8  0.15 0.08
   70 R    0  4  1 -1 -2  0 -1  1 -1 -2 -2  0 -2 -2  1  0 -1 -2  1 -2    8  40  10   1   0   1   1  10   0   1   4   1   0   1   6   6   1   0   7   1  0.30 0.13
   71 Q   -1  2  0  2 -3  3  2 -1  3 -2 -2  1  1 -2 -2 -1 -1 -2 -1 -2    1  12   4  11   0  18  13   5  11   1   2  11   6   1   1   1   1   0   1   1  0.27 0.10
   72 K   -1  1 -1 -1 -3  2  2 -2 -1 -2 -2  4 -2  0  3  0 -1 -3 -2 -1    0   3   0   0   0   9  13   0   0   3   1  39   0   5  16   5   0   0   0   4  0.42 0.17
   73 E   -1  0  1  0 -3  4  1 -2  3 -2 -3  3 -2 -3 -2  1 -1 -3 -2 -1    1   0   8   3   0  29   8   1   9   0   1  22   0   0   0  10   0   0   0   8  0.36 0.16
   74 V    0 -2 -1  0 -2 -1  2 -2 -2  0 -1 -1  2 -2  3  0  1 -2  0  0    9   1   0   6   0   0  16   1   0   8   1   1  12   0  17   6   9   0   3   9  0.20 0.10
   75 E   -1 -1  1  2 -3  1  4 -2 -1 -2 -1  0 -1 -2 -2  0 -1 -3 -1  0    1   1   6  11   0   7  39   1   0   1   8   4   0   0   1   9   1   0   2   9  0.31 0.14
   76 G    1 -2 -1 -2  3 -1 -2  2 -2 -2 -2 -1 -2 -3 -2  3  1  3 -2  0   13   0   0   0   8   0   0  15   0   0   1   3   0   0   0  37   9   4   0   8  0.30 0.14
   77 G   -1 -3 -1  3 -4 -3 -2  6 -3 -5 -5 -2 -4 -4 -3 -1 -1 -4 -4 -4    0   0   0  23   0   0   0  73   0   0   0   0   0   0   0   0   4   0   0   0  1.16 0.29
   78 S    3 -2  3 -1 -2 -1 -1  0 -1 -3 -3 -1 -2 -3 -2  3  1 -3 -3 -2   35   0  24   0   0   0   0   3   0   0   0   0   0   0   0  29   6   0   0   0  0.46 0.19
   79 V    1 -3 -3 -4  6 -2 -3 -3 -3  1 -1 -3  4 -2 -3 -2  1 -3  0  2   12   0   0   0  29   0   0   0   0   6   0   0  22   0   0   0   9   0   4  19  0.56 0.22
   80 L   -2 -5 -4 -5 10 -5 -5 -4 -5 -3 -1 -5 -3 -4 -5 -3 -3 -4 -4 -2    0   0   0   0  96   0   0   0   0   0   4   0   0   0   0   0   0   0   0   0  2.57 0.40
   81 L   -3 -3 -5 -5 -2 -3 -4 -5 -4  1  5 -4  1 -1 -4 -4 -2 -3 -2  0    0   0   0   0   0   0   0   0   0   4  96   0   0   0   0   0   0   0   0   0  0.99 0.24
   82 P    0 -3 -3 -3 -4 -2 -2 -3 -3 -4 -4  0 -4 -5  8 -2 -2 -5 -4 -4    6   0   0   0   0   0   0   0   0   0   0   6   0   0  88   0   0   0   0   0  2.16 0.32
   83 G   -1  1  4  2 -4  3  2  0 -1 -4 -4  0 -2 -4 -2 -1 -1 -4 -3 -3    4   9  25  14   0  25  17   6   0   0   0   0   0   0   0   0   0   0   0   0  0.51 0.15
   84 V    0 -4 -4 -4 -2 -3 -4 -4 -4  1 -1 -3 -1 -2 -4 -3 -1  4 -2  6    4   0   0   0   0   0   0   0   0   0   0   0   0   0   0   0   0   6   0  89  0.92 0.26
   85 A    5 -2 -2 -3 -2 -2 -2  0 -3 -3 -3 -2 -2 -3 -2  2 -1 -4 -3 -1   83   0   0   0   0   0   0   4   0   0   0   0   0   0   0  13   0   0   0   0  0.81 0.24
   86 L   -2 -3 -4 -4 -2 -3 -4 -4 -4  3  4 -3  3 -1 -4 -3 -2 -3 -2  1    0   0   0   0   0   0   0   0   0  27  56   0  12   0   0   0   0   0   0   5  0.64 0.17
   87 Y   -3 -3 -4 -5 -4 -3 -4 -4  0 -2 -2 -4 -2  6 -5 -3 -3  1  7 -2    0   0   0   0   0   0   0   0   0   0   0   0   0  44   0   0   0   0  56   0  1.46 0.29
   88 A    4  0  0 -2 -2  2 -1 -1 -2 -3 -3 -1 -2 -3 -2  2 -1 -3 -3 -2   58   5   3   0   0  15   0   0   0   0   0   0   0   0   0  19   0   0   0   0  0.49 0.17
   89 A    5 -2 -2 -3 -2 -2 -2  2 -3 -2 -3 -2 -2 -3 -2  0  1 -4 -3 -1   80   0   0   0   0   0   0  12   0   0   0   0   0   0   0   0   8   0   0   0  0.69 0.19
   90 G   -1 -2 -1 -2 -3 -2 -2  6 -3 -3 -4  1 -3 -4 -3 -1 -2 -4 -4 -1    0   0   0   0   0   0   0  79   0   0   0  13   0   0   0   0   0   0   0   8  1.03 0.19
   91 H   -2  0 -1 -3 -4 -1 -2 -3  7 -3 -3  0 -2  0 -3 -2  0 -1  5 -3    0   4   0   0   0   0   0   0  47   0   0   8   0   0   0   0   8   0  33   0  0.96 0.21
   92 R   -2  7 -1 -3 -4  0 -1 -3 -1 -4 -3  2 -2 -4 -3 -2  0 -4 -3 -3    0  85   0   0   0   0   0   0   0   0   0   8   0   0   0   0   8   0   0   0  1.17 0.23
   93 K   -1  2  1 -1 -3  0  0 -2 -1 -3 -3  5 -2 -4 -2  1  0 -4 -3 -3    0   7   7   0   0   0   0   0   0   0   0  69   0   0   0  10   7   0   0   0  0.67 0.17
   94 S    0  1  0 -1  3  2 -1 -2 -2 -3 -3 -1 -2 -3 -2  4  2 -3 -2 -2    0   9   0   0   7  14   0   0   0   0   0   0   0   0   0  59  11   0   0   0  0.51 0.15
   95 K    0  2  1 -1 -3  0  2  0 -1 -3 -3  3 -2 -3  2  0  1 -3 -3 -2    5  12   6   0   0   0  15   9   0   0   0  33   0   0   9   0  11   0   0   0  0.33 0.08
   96 Q   -1  1  3  2 -3  3  0 -2 -1 -3 -3  2 -2 -4 -2  2 -1 -4 -3 -3    0   9  23  14   0  21   0   0   0   0   0  15   0   0   0  19   0   0   0   0  0.44 0.11
   97 I   -1 -3 -4 -4 -2 -3 -3 -4 -4  3  2 -3  1 -1 -3 -3 -1 -3 -2  4    0   0   0   0   0   0   0   0   0  24  20   0   0   0   0   0   0   0   0  56  0.55 0.13
   98 T   -1 -2 -1 -2 -2 -2 -2 -3 -3 -2 -2 -2 -2 -3 -2  0  6 -4 -3 -1    0   0   0   0   0   0   0   0   0   0   0   0   0   0   0   0 100   0   0   0  1.08 0.21
   99 A    6 -2 -2 -3 -1 -2 -2 -1 -3 -2 -2 -2 -2 -3 -2  0 -1 -4 -3 -1  100   0   0   0   0   0   0   0   0   0   0   0   0   0   0   0   0   0   0   0  0.87 0.18
  100 R   -2  7 -1 -3 -4  0 -1 -3 -1 -4 -3  1 -2 -4 -3 -2 -2 -4 -3 -4    0 100   0   0   0   0   0   0   0   0   0   0   0   0   0   0   0   0   0   0  1.32 0.18

                      K         Lambda
Standard Ungapped    0.1320     0.3186
Standard Gapped      0.0410     0.2670
PSI Ungapped         0.1292     0.3187
PSI Gapped           0.0395     0.2670
