
Last position-specific scoring matrix computed, weighted observed percentages rounded down, information per position, and relative weight of gapless real matches to pseudocounts
           A  R  N  D  C  Q  E  G  H  I  L  K  M  F  P  S  T  W  Y  V   A   R   N   D   C   Q   E   G   H   I   L   K   M   F   P   S   T   W   Y   V
    1 M   -6 -6 -7 -8 -6 -5 -7 -8 -6  3 -1 -6 10 -5 -7 -6 -5 -6 -6  0    0   0   0   0   0   0   0   0   0  13   2   0  80   0   0   0   0   0   0   5  2.92 0.94
    2 E   -6 -2 -4 -4 -9  3  7 -7 -5 -3 -7  3 -7 -8 -6 -5 -6 -8 -7 -6    0   1   1   0   0  11  66   0   0   2   0  18   0   0   0   0   0   0   0   1  1.92 0.85
    3 W   -10 -10 -11 -12 -10 -10 -7 -10 -10 -6 -9 -6 -9 -3 -11 -7 -7 13 -3 -11    0   0   0   0   0   0   0   0   0   1   0   1   0   1   0   0   0  95   1   0  5.34 1.85
    4 K   -4  5 -5 -7 -6 -4 -3 -7 -4 -3 -3  7 -3 -6 -7 -4 -4 -9 -8 -3    1  24   0   0   0   0   2   0   0   2   3  61   1   0   0   1   1   0   0   2  1.87 0.88
    5 D   -2 -3 -1  5 -7 -2  1 -6 -3 -3 -6 -1 -5 -5  5 -1 -1 -2 -5 -3    3   1   3  33   0   2   9   0   1   1   1   4   0   1  27   6   4   1   0   2  1.00 0.57
    6 I   -4 -8 -9 -9 -5 -8 -9 -9 -5  7 -2 -8 -5 -3 -7 -8 -4 -8 -4  5    1   0   0   0   0   0   0   0   0  60   4   0   0   1   0   0   1   0   1  30  2.12 0.87
    7 K   -1 -1 -2  0 -3 -2  2 -5 -1 -1 -3  3 -4 -3  5 -2 -1 -7 -4  2    4   3   2   4   1   2  14   0   1   3   2  18   0   1  24   3   3   0   1  13  0.58 0.39
    8 G   -5 -4  0  1 -6 -5  0  7 -4 -6 -5 -4 -8 -6 -7 -2 -6 -8 -3 -8    0   1   5   9   0   1   7  69   0   1   1   1   0   0   0   3   0   0   1   0  1.72 0.79
    9 Y   -6 -6 -3 -6 -2 -6 -8 -8  1 -4 -3 -6 -4  6 -7 -6 -4  3  8 -4    1   0   2   0   1   0   0   0   3   1   3   1   0  29   0   1   1   4  51   1  2.27 0.95
   10 E   -3 -4 -1  0 -6 -2  7 -2 -4 -5 -6 -1 -6 -7  3 -2 -4 -7 -5 -5    2   1   3   5   0   1  59   3   0   1   1   3   0   0  13   3   1   0   1   1  1.45 0.73
   11 G   -3 -2  1  2 -3 -3 -1  6 -2 -5 -5 -2 -5 -6 -3 -1 -2 -5 -4 -5    2   2   6  13   1   1   5  53   1   1   1   2   0   0   1   5   3   0   1   1  1.11 0.52
   12 H   -2  1  3 -2 -2 -2 -2 -4  0  1  2  1  0  1 -3 -2 -2 -1  3 -1    3   8  13   2   1   2   2   1   2   7  24  10   2   7   1   2   2   1  10   3  0.31 0.21
   13 Y   -9 -9 -9 -10 -5 -8 -9 -9 -2 -5 -8 -9 -8  0 -9 -9 -8 -5 10 -8    0   0   0   0   0   0   0   0   1   1   0   0   0   4   0   0   0   0  93   0  3.93 1.48
   14 Q   -1 -1 -5 -3 -5  5  5 -5 -3 -2 -2  1  2 -3 -6  0 -4 -2 -3 -4    5   3   0   1   0  23  35   1   0   2   5   7   4   1   0   8   1   1   1   1  0.92 0.57
   15 V    0 -9 -9 -10 -3 -9 -9 -8 -10  5 -5 -9 -4 -6 -9 -8 -7 -9 -8  7    7   0   0   0   1   0   0   0   0  28   0   0   0   0   0   0   0   0   0  63  2.18 0.93
   16 S   -6 -5 -1 -1 -4 -7 -6 -6 -3 -9 -8 -7 -9 -5 -8  7  0 -10 -2 -9    0   1   3   3   0   0   0   1   1   0   0   0   0   1   0  83   6   0   1   0  2.33 1.14
   17 N   -5 -3  7  3 -4 -4 -1 -6 -4 -3 -7 -2 -8 -7 -4  3  0 -4 -6 -7    1   2  42  16   1   1   5   0   0   2   0   3   0   0   1  20   6   0   0   0  1.35 0.72
   18 T   -3 -1 -1  2  0  0 -1 -5  2 -2  3  0  2  2 -5 -2  0 -2  2 -3    2   3   3  10   2   4   4   1   4   1  30   7   5   8   0   3   5   0   7   1  0.36 0.27
   19 G   -5 -10 -8 -9 -10 -9 -7  8 -10 -11 -11 -9 -10 -11 -10 -5 -9 -10 -11 -11    1   0   0   0   0   0   1  98   0   0   0   0   0   0   0   1   0   0   0   0  3.20 1.29
   20 E   -6  7  3 -1 -3  0  0 -7 -2 -4 -5  1 -4 -9 -8 -3 -3 -9 -5 -5    0  58  12   3   1   4   6   0   1   1   1   7   1   0   0   2   1   0   0   1  1.61 0.79
   21 V   -6 -9 -9 -10 -4 -9 -9 -8 -10  5 -2 -9 -6 -2 -9 -8 -7 -9 -8  7    0   0   0   0   0   0   0   0   0  27   4   0   0   2   0   0   0   0   0  66  2.28 0.96
   22 Y   -6  6 -6 -8 -5 -3 -6 -8 -4 -2 -4  4  1  1 -8 -5 -6  4  3 -4    0  44   0   0   0   1   0   0   0   3   2  25   3   5   0   1   0   5   8   2  1.54 0.77
   23 S   -4  1  4 -5 -5 -6 -6 -2 -2 -6 -7 -3 -6 -8 -7  6 -1 -8 -5 -7    1   7  17   0   0   0   0   4   1   0   0   2   0   0   0  63   3   0   0   0  1.69 0.88
   24 I   -2 -2 -1 -3  0 -4 -3 -5  2  3  4  1 -1  0 -4 -3 -1  0 -1  1    2   2   3   2   2   0   1   0   5  13  34   9   1   3   1   2   4   1   2  10  0.47 0.29
   25 K   -3  4  0  2 -6 -2  0 -4 -1 -1 -4  4 -5 -4  0 -1 -2 -3  1 -5    2  20   5  13   0   1   7   1   1   4   1  26   0   1   6   4   2   0   4   1  0.64 0.41
   26 S   -2  6  1 -2 -5 -2 -3 -3 -1 -4 -5  2 -4 -3 -3  1  3 -7 -1 -5    3  35   6   2   0   1   1   2   2   1   1  13   0   1   1   9  17   0   2   0  0.87 0.51
   27 G   -4 -2  3 -2 -5 -3  0  6 -3 -6 -6  2 -5 -7 -2 -3 -4 -6 -5 -7    1   2  11   3   0   1   7  54   1   0   1  11   0   0   3   2   1   0   1   0  1.24 0.64
   28 K   -5  6 -2 -6 -2 -1 -2 -4  1 -2 -4  5 -2 -5 -6 -4 -3 -4 -1 -3    1  38   2   0   1   2   2   2   3   3   2  36   1   0   0   1   2   0   2   2  1.36 0.69
   29 T   -4 -3 -4 -5 -4 -3 -1 -6 -5  6  1 -2  1  1 -1 -5 -1  1  0  2    1   1   1   1   0   1   4   0   0  41  12   3   3   5   3   1   4   2   3  13  0.83 0.44
   30 L   -6 -1 -8 -9 -5 -5 -7 -8 -5  1  6 -2  5 -3 -8 -5 -5 -7 -4 -3    0   4   0   0   0   0   0   0   0   8  68   3  11   1   0   1   1   0   1   1  1.66 0.76
   31 K   -1  2 -1 -5 -5 -3 -4 -6 -1 -3 -6  7 -5 -7 -5  2  1 -8 -5 -4    5   9   2   0   0   1   1   1   1   2   1  55   0   0   0  12   7   0   0   2  1.34 0.70
   32 H   -1 -4 -3 -4 -1  4 -3  0  0 -1  0 -1 -3 -2  5 -2  0 -5 -4 -4    5   1   1   1   2  17   1   8   2   3  11   4   1   2  31   2   6   0   1   1  0.70 0.46
   33 Q   -2  3  0 -4  1  2 -3  0  3 -2 -3  1 -3  0 -4  2  0  3  2 -2    3  15   5   1   3   8   1   7   6   2   2   7   1   5   1  13   6   4   8   3  0.32 0.26
   34 I   -2  1 -1 -1 -1 -2 -2 -4 -1  3  1  2 -1 -1  1 -2  1 -3 -1  1    3   7   3   4   1   1   2   1   2  17  12  14   1   2   8   3   8   0   2   9  0.20 0.18
   35 P   -2 -1  4  3 -1 -1 -2  0  3 -2 -2 -1 -1 -5 -2  1  1 -4 -2 -3    3   3  22  18   2   2   2   7   6   2   4   4   2   0   2   9   9   0   1   2  0.46 0.31
   36 K   -1  3  2 -2 -4 -2 -2  0  1 -4 -6  4 -5 -5  0  1  0 -3 -2 -4    4  15  10   2   0   1   2   7   3   1   0  28   0   0   5  10   7   1   1   1  0.57 0.38
   37 D   -2  1  3  3  1  0 -2  0  2 -4 -4  2 -4 -2 -3  1  0 -1  0 -4    3   7  16  14   3   4   1   8   5   1   2  14   0   1   1  10   6   1   4   1  0.39 0.28
   38 G   -5 -3 -3 -3 -5 -3 -4  7 -3 -8 -7 -4 -5 -6 -5 -3 -7 -4 -6 -6    1   2   1   2   0   1   1  84   1   0   1   1   0   0   1   2   0   0   0   1  2.24 0.92
   39 Y   -9 -4 -9 -7 -6 -7 -7 -8  2 -8 -7 -9 -8 -4 -10 -7 -7 -5 10 -8    0   1   0   0   0   0   0   0   4   0   0   0   0   0   0   0   0   0  92   0  3.79 1.43
   40 H   -2  0 -3 -5  0 -1 -2 -5  2  0  3  1  2  0  1 -2 -2 -1  2  0    3   5   1   0   2   3   3   0   4   4  33   9   5   3   7   3   2   1   7   6  0.35 0.26
   41 R   -2  4  0 -3  1  2 -2 -3  1  0 -2  1  0  0 -5  0  0 -2  2  0    3  21   4   1   3  10   1   2   3   5   3   9   3   4   0   7   7   0   7   6  0.29 0.24
   42 I   -3 -8 -8 -8 -1 -8 -8 -7 -4  3 -1 -7 -3 -2 -6 -5 -2 -8 -1  7    3   0   0   0   1   0   0   0   0  15   4   0   1   2   0   1   2   0   2  68  1.78 0.77
   43 G    0  1  2  0  2  1 -2  1  1 -2 -3  0  0 -3 -3  2  2 -1 -2 -2    7   9  11   4   5   5   1  10   3   2   1   6   2   1   1  15  12   1   1   3  0.24 0.21
   44 L   -6 -8 -7 -9 -5 -8 -8 -9 -8  1  7 -7 -1  0 -6 -6 -5 -7 -6 -2    1   0   0   0   0   0   0   0   0   7  83   0   1   3   0   1   1   0   0   2  2.02 0.84
   45 F   -2  1  0 -4  5 -1 -3 -3  1 -3 -3  0 -1  0 -4  3  0  5  4 -2    3   7   4   1  10   2   1   2   3   1   2   6   1   3   1  22   6   6  16   3  0.56 0.36
   46 K   -2  3  2  0 -2 -1 -2 -3  1 -1 -2  5 -2 -3 -3 -1 -2 -4 -1  0    3  13  11   6   1   1   2   2   4   4   4  32   1   1   1   4   2   0   2   7  0.51 0.32
   47 G   -3 -2  5  4 -4 -2  1  1  1 -5 -5  1 -4 -5 -3 -1 -3 -6 -2 -4    2   2  29  23   0   2   8  11   3   1   1   8   0   1   2   4   1   0   2   1  0.81 0.43
   48 G   -3 -1  3 -2 -3 -1 -3  6 -2 -5 -5  1 -6 -6 -4 -1 -3 -6 -4 -5    2   3  11   2   1   3   2  56   1   1   1   8   0   0   1   5   1   0   1   1  1.17 0.55
   49 K   -3  2  0 -3 -3  0  0 -1  1  0 -3  6 -3 -4 -4 -1 -1 -6 -4  0    2   9   4   1   1   3   5   5   3   6   2  42   0   1   1   4   3   0   1   7  0.70 0.40
   50 G   -1  3 -1 -3  0  2 -1  0  0 -2 -3  2 -2 -3  0  1  0 -2  0  0    4  19   2   0   2   9   3   8   2   2   2  13   1   1   5  10   5   0   3   8  0.25 0.22
   51 K   -3  3 -2 -5 -3 -1 -2 -5  2 -1 -4  6 -4 -2 -6 -1  0 -7  0 -1    2  12   1   0   1   2   2   1   4   4   2  49   0   2   0   4   7   0   3   5  1.01 0.54
   52 T   -2  1  2  0  0  0 -2 -2  1 -2 -2  1  0 -2 -2  1  4 -1  1 -2    2   8  11   5   2   4   1   2   4   2   4   7   3   1   1  11  23   1   5   2  0.29 0.25
   53 F   -2  2 -3 -5  2 -2 -3 -4  2  0  0  2  0  5 -2 -4 -3  1  3  0    3  11   1   0   4   1   1   1   6   6   8  11   3  21   2   0   1   2  10   7  0.48 0.29
   54 Q   -2  2 -1 -3 -2 -1 -3 -2  1 -3  2  2  0  0 -1  1  1 -3  3 -3    3  13   2   1   1   2   1   3   3   1  18  15   2   4   3  10   8   0  10   0  0.27 0.24
   55 V   -1 -6 -8 -8 -6 -7 -7 -7 -8  4 -1 -7 -2 -5 -6 -6 -4 -8 -6  7    5   0   0   0   0   0   0   0   0  22   5   0   1   0   0   0   1   0   0  65  1.79 0.73
   56 H   -3 -7 -3 -8 -10 -2 -7 -6 11 -10 -10 -7 -8 -8 -9 -3 -8 -9 -3 -10    3   0   1   0   0   2   0   1  91   0   0   0   0   0   0   2   0   0   1   0  4.06 1.35
   57 R   -5  8 -5 -7 -9  1 -5 -6 -1 -2 -6 -1 -5 -8 -6 -2 -3 -8 -3 -3    1  77   0   0   0   5   0   1   1   3   0   3   0   0   0   3   2   0   1   3  2.18 0.89
   58 L   -3 -8 -9 -9 -4 -6 -7 -9 -8  2  6 -8 -1 -3 -8 -8 -5 -3 -6 -1    2   0   0   0   0   0   0   0   0   8  83   0   1   1   0   0   0   0   0   4  1.94 0.78
   59 V   -5 -8 -9 -9 -7 -8 -6 -9 -9  1 -3 -8 -1 -7 -8 -8 -5 -9 -7  8    0   0   0   0   0   0   0   0   0   6   2   0   2   0   0   0   0   0   0  89  2.56 0.97
   60 A    7 -7 -7 -5  3 -6 -7 -4 -4 -3  1 -6  1 -7 -7 -4 -5 -8 -1 -4   72   0   0   1   5   0   0   1   0   1  13   0   3   0   0   1   0   0   2   1  1.69 0.80
   61 I   -2 -1 -3 -2 -2  2  4 -4 -3  0  1  1  2 -2 -5 -1  0 -3 -2 -3    3   2   1   2   1  11  29   1   0   6  17   8   4   1   0   5   6   0   1   1  0.44 0.33
   62 H    6 -5 -3 -7 -2 -5 -3 -4  3 -5 -4 -5 -2 -6 -6 -1  2 -7 -1 -2   64   0   1   0   1   0   1   1   6   0   2   0   1   0   0   4  12   0   2   3  1.36 0.69
   63 F   -6 -9 -9 -10 -9 -9 -10 -10 -1 -7 -5 -6 -6 10 -10 -9 -9  0  1 -7    1   0   0   0   0   0   0   0   2   0   1   1   0  92   0   0   0   1   3   0  3.47 1.22
   64 C   -5 -5 -2 -4  2 -5 -5 -7  2  6  2 -3 -2 -1 -7 -3 -4 -6 -3  3    0   0   2   1   4   0   1   0   6  41  19   1   0   2   0   2   1   0   1  18  1.06 0.50
   65 E   -3 -2 -2  1 -4 -3  1  4 -1 -7 -6 -2 -7 -6  6 -1 -4 -4 -5 -5    1   2   2   8   0   1   9  30   1   0   1   3   0   0  34   4   0   0   0   1  1.09 0.57
   66 G   -2 -3  7 -2 -4 -4 -1 -1 -2 -4 -3  0 -3 -6  4 -3 -4 -8 -5 -5    4   1  51   2   0   1   5   5   1   1   3   6   1   0  17   1   1   0   0   1  1.32 0.65
   67 Y   -2  2 -3 -2  3 -2 -2 -5 -2 -1 -4 -2 -6 -1  7 -1 -3 -2 -1 -2    3  11   2   2   5   2   2   1   1   3   2   3   0   3  49   4   1   1   3   3  1.18 0.58
   68 E   -3 -2  2  3 -4  0  3 -3 -1 -4 -2  0 -1 -1  4 -1 -2  2 -1 -4    2   2   9  18   0   4  16   2   2   1   4   5   1   3  21   4   2   2   2   1  0.52 0.34
   69 E   -1 -3  5  2 -3 -1  2  1  0 -5 -4  1 -4 -5  1 -1 -2 -7 -4 -5    6   1  31  11   1   2  14   9   2   0   2   8   0   0   6   4   2   0   0   1  0.67 0.40
   70 G   -4 -2 -1 -1 -3 -3 -3  4 -2 -4  1  5 -4 -2 -4 -3 -4 -2  1 -5    1   2   3   3   1   0   1  27   1   1  16  33   0   2   1   1   1   1   6   0  0.78 0.46
   71 L   -1 -1  0 -2 -2 -2  1 -4  1 -3  1  0  4 -1  5 -1 -1 -6 -1 -3    5   3   5   2   1   1   8   1   4   1  12   6   9   2  29   5   4   0   2   1  0.53 0.35
   72 V   -4 -4 -3 -1  2  5  4 -5  0  0 -2 -3 -2 -1 -3 -4  0 -1  0  2    0   0   1   3   4  23  29   1   2   5   3   0   1   2   1   1   6   1   3  13  0.71 0.46
   73 V   -1 -8 -8 -8  3 -8 -8 -3 -8  3 -4 -8 -5 -6 -5 -5 -3 -8 -7  7    5   0   0   0   5   0   0   3   0  13   1   0   0   0   1   1   1   0   0  70  1.89 0.80
   74 D   -2  0  8  1  5 -6 -3 -5  1 -7 -5 -5 -3 -8 -8 -4 -6 -9 -8 -7    3   5  66   6  11   0   1   0   3   0   1   0   1   0   0   0   0   0   0   0  2.09 0.89
   75 H   -9 -3 -6 -8 -10 -7 -7 -9 12 -10 -10 -8 -9 -8 -9 -8 -9  0 -5 -10    0   2   0   0   0   0   0   0  97   0   0   0   0   0   0   0   0   1   0   0  4.54 1.52
   76 K   -5 -1  0 -4 -5 -4 -3 -3 -3  6  1  4 -3 -4 -4 -5 -5  0 -5 -1    0   3   6   1   0   1   1   2   1  39  11  29   0   0   1   1   0   1   0   2  1.02 0.53
   77 D   -7 -7  5  8 -9 -6 -4 -7 -6 -9 -9 -4 -8 -9 -4 -4 -5 -1 -8 -9    0   0  28  66   0   0   1   0   0   0   0   1   0   0   1   1   0   1   0   0  2.42 0.97
   78 G   -3 -2  0 -1 -2 -5  2  7 -2 -8 -6 -4 -4 -5 -5 -3 -3 -4 -5 -7    1   2   4   3   1   0  14  66   1   0   1   1   0   1   1   1   2   0   0   0  1.53 0.70
   79 N   -3 -4  6  5 -1 -4 -4 -4 -4  2 -6 -3 -4 -7 -7 -4 -3 -9 -7 -1    2   1  41  31   1   0   0   1   0  12   0   2   0   0   0   1   1   0   0   5  1.45 0.68
   80 K   -5  4 -4 -5 -3 -3 -4 -4 -3 -5 -6  7 -4 -8  2 -3 -3 -8 -4 -3    1  17   0   0   1   0   0   2   1   1   1  60   1   0   9   2   2   0   1   2  1.61 0.75
   81 D    0 -1 -1  0 -3  2  0 -1  1 -2  1  0 -2 -2 -4  1  3 -2 -2 -3    8   3   2   6   0   8   4   5   3   2  14   6   1   2   0  13  20   0   1   1  0.22 0.22
   82 N   -7 -6  8  5 -2 -6 -4 -6  0 -8 -8 -6 -8 -8 -7 -4 -6 -9 -7 -6    0   0  66  27   1   0   1   0   2   0   0   0   0   0   0   1   0   0   0   1  2.48 0.99
   83 N   -5 -6  9 -4 -1 -6 -6 -5 -6 -9 -9 -6 -8 -6 -2 -5 -6 -9 -5 -6    1   0  91   1   1   0   0   1   0   0   0   0   0   0   2   1   0   0   1   1  3.11 1.18
   84 L   -2  5  2 -2  3  0 -2 -5  5 -3 -4  0 -4 -3 -5  1 -1 -3 -1 -2    3  33  10   2   5   4   2   0  13   1   1   6   0   1   0   9   4   0   2   3  0.77 0.43
   85 S    1 -3 -6 -5 -2 -5 -5 -5 -1  2  3 -2 -2 -1  0 -3 -3 -2  1  4   13   1   0   1   1   0   0   1   2   8  24   3   0   2   4   2   1   1   4  32  0.60 0.35
   86 T   -2 -3  0  3  0 -1  4 -2 -3 -4 -4 -1 -5 -4 -3  3  1  1 -4 -3    3   1   4  18   2   2  23   3   0   1   1   4   0   1   1  24   8   2   1   2  0.59 0.39
   87 N   -7 -6  9 -5 -8 -3 -6 -6 -6 -9 -9 -4 -2 -9 -4 -6 -6 -9 -8 -8    0   0  94   0   0   1   0   0   0   0   0   1   1   0   1   0   0   0   0   0  3.31 1.23
   88 L   -7 -8 -9 -10 -7 -8 -9 -10 -9 -2  7 -8 -4 -2 -9 -8 -7 -8 -7 -3    0   0   0   0   0   0   0   0   0   2  96   0   0   1   0   0   0   0   0   1  2.54 1.00
   89 R   -3  4 -5 -5 -2 -1  7 -7 -4 -6 -7 -3 -4 -6 -7 -5 -5 -8 -2 -4    3  20   0   0   1   2  67   0   0   0   0   1   1   0   0   1   0   0   1   1  1.89 0.87
   90 W   -9 -5 -10 -10 -4 -6 -5 -7 -8 -4 -4 -7 -3 -3 -10 -7 -9 13  3 -6    0   1   0   0   1   0   1   0   0   1   2   0   1   1   0   0   0  81   9   1  4.25 1.46
   91 V    0 -5 -3  1  7 -4 -5  1 -6  0 -2 -3  0 -6 -6 -1  0 -6 -5  4    8   0   1   7  25   0   0   9   0   4   3   2   2   0   0   5   6   0   0  25  0.85 0.45
   92 T   -5 -7 -1 -1 -7 -6 -5 -6 -5 -7 -7 -3 -5 -8 -5  2  8 -8 -4 -6    1   0   3   4   0   0   0   0   0   0   0   2   0   0   1  15  73   0   1   0  2.08 0.95
   93 Q    0  4  1 -3  0  2 -3 -3  5 -2 -4  0 -2 -3  2  0 -2 -3  2 -2    7  20   6   1   2   8   1   1  13   3   2   5   1   1  12   6   1   0   7   3  0.49 0.33
   94 K    1  2 -3 -3 -4  2 -1 -3 -1 -4 -2  4 -4 -4 -3  4 -1 -6 -2 -3   10   8   0   1   0   7   3   2   1   1   5  27   0   1   1  28   3   0   1   1  0.64 0.43
   95 I   -2 -1 -2  1 -7  1  6 -1 -1 -5 -6 -2 -4 -6 -6 -2 -5 -6  2 -6    3   3   2   8   0   5  57   6   1   1   1   2   1   0   0   3   0   0   8   0  1.27 0.65
   96 N   -7 -6  9 -4 -8 -1 -6 -6 -2 -9 -9 -6 -8 -8 -8 -4 -6 -9 -8 -8    0   0  93   1   0   3   0   0   1   0   0   0   0   0   0   1   0   0   0   0  3.25 1.22
   97 V    0 -1  2 -3  2  1 -2 -3  1  2 -1 -1  4 -3 -4  0  1 -3 -2  1    8   3  11   1   4   6   2   2   3  12   5   2  13   1   0   7   8   0   1  11  0.25 0.21
   98 E    0  2  2 -1 -3  2  0 -3  0  0  1  2 -1 -2 -3 -1 -1 -3 -2 -1   10  12  10   3   0  11   5   1   2   7  12  14   1   1   0   3   2   0   1   3  0.22 0.18
   99 N   -5 -2  1  4 -6 -3 -2 -5 10 -6 -6 -2 -5 -3 -5 -5 -4 -4  2 -5    1   2   5  19   0   1   2   1  55   0   1   2   0   1   0   1   1   0   7   1  2.13 0.80
  100 Q    5  1 -2 -3 -1 -1 -3  0 -2 -3 -3  0  0 -3 -2  2 -1 -4 -1 -3   44   7   1   1   1   2   1   6   1   1   2   6   2   1   2  13   3   0   2   1  0.60 0.35
  101 M   -2  1 -2 -2 -2 -2 -2 -3  1  3  0 -1 -1  2 -4 -2 -1  2  4  2    3   7   2   2   1   1   2   2   4  16   8   4   1   9   1   3   4   3  15  13  0.29 0.18
  102 S    0  3  1  2 -2 -1  1 -2  0 -2 -2  3 -2 -3 -3 -1 -1 -4 -3 -2    9  19   6  13   1   2   9   2   2   3   4  16   1   1   1   5   4   0   1   3  0.32 0.21
  103 R   -2 -1  3 -2 -3 -1 -2 -3  6 -1 -1  0 -1 -2 -4 -1  3 -3  1 -2    3   4  16   2   1   3   2   1  19   4   7   5   2   1   1   4  19   0   4   3  0.53 0.31
  104 G   -3 -2  1 -2 -2 -2 -2  6 -3 -3 -3  0 -4 -5 -4 -2 -3 -3 -4 -4    2   2   6   2   1   1   3  62   1   2   3   6   0   1   1   2   1   0   1   1  1.23 0.52
  105 T   -2  2  0 -4 -4 -2 -3 -3 -1 -2  4 -1 -2 -3 -2 -2  3 -4 -2 -2    3  11   4   1   0   2   1   2   2   2  39   4   1   1   2   2  20   0   1   2  0.54 0.33
  106 L   -1  2  1 -1  0  1 -1 -1  3  1  0  1  1  0 -1  0  0  0  0  0    5  12   6   3   2   6   2   3   8   8   8   8   4   3   2   5   5   1   4   5  0.06 0.08
  107 N   -1  0  4  0 -2 -1 -1  0  1 -1 -2  2 -1 -3  0  0  0 -3 -1 -1    4   5  19   4   1   2   4   6   4   4   4  14   1   1   5   8   4   0   3   6  0.18 0.15
  108 V    0  1  0 -1 -1  0  0 -1  0  0 -1  1  0 -1  1  0  1  0  2  0    5   8   4   2   2   4   5   5   2   6   5   9   3   2   8   6   8   1   8   8  0.06 0.07
  109 S    0  2  0 -2 -2 -1 -1  3  1 -2 -3  1 -2 -2  0  1  0 -3 -1 -2    7  11   4   2   1   2   3  23   3   2   3  10   1   1   5  11   4   0   2   3  0.25 0.18
  110 K   -1  2  0  0 -2  0  2  0  0 -1 -2  3  1 -2 -1  0  0 -2 -1 -1    3  10   5   4   1   2  13   7   2   3   4  19   4   1   3   7   5   0   2   4  0.17 0.14
  111 A    1  2  0 -1  0  0  0  2 -1 -1 -2  1 -1 -2 -1  0 -1 -2  0 -1   14  11   5   2   2   3   4  14   2   4   4  11   2   2   2   8   4   0   3   4  0.12 0.10
  112 Q   -1  1  2 -1 -2  0  1 -1  3 -1 -1  2  0 -2 -2  0  0  0 -1 -1    5   8  10   2   1   4   8   4   9   4   5  14   2   1   2   7   5   1   2   5  0.15 0.13
  113 Q   -1  1  1  0  0  1  0  0  2 -2 -2  2 -1 -1  1  0  0 -2  0 -1    5   9   6   4   2   5   7   8   5   2   3  15   1   3   6   7   5   0   3   4  0.12 0.10
  114 I    0  1  1 -1  2  0 -1  0  1  0  0  0  0 -1 -1  0  0 -1  0  0    7   8   8   2   5   5   3   8   4   8   7   7   3   2   2   6   4   1   3   6  0.03 0.04
  115 A    2  0  1 -2  0 -1 -1  0  1 -1 -2  0 -1 -2  1  2  0 -1 -1 -1   17   6   6   2   2   3   3   6   4   4   4   6   1   1   6  16   6   1   2   4  0.13 0.12
  116 K   -1  2  2 -1 -2  1  0 -2 -1 -2 -2  4 -1 -3 -2  0 -1 -1 -2 -2    6   9   9   4   1   5   4   4   1   3   4  31   1   1   2   6   4   1   1   3  0.37 0.24
  117 I    0  0  0 -1 -1 -1 -1 -1  1  1  2  0  0  0 -1  0  0 -2  0  0    6   4   5   3   1   1   4   4   3   9  22   8   2   3   3   7   4   1   3   7  0.05 0.07
  118 K   -1  2  1 -1 -3 -1  0 -2  1 -3 -1  3 -1 -2 -1  0  3  0 -1 -2    4   9   6   4   1   2   6   3   4   1   6  20   1   1   4   7  17   1   2   3  0.25 0.20
  119 N   -1  1  3  1  0  0  2 -1  0 -2 -1  1 -1 -1 -1  0  1 -2 -2 -2    5   6  15   7   2   4  12   5   2   2   7   8   1   2   3   5  11   1   1   2  0.16 0.14
  120 Q    0  1  0  0  0  0  2  0  0 -2 -3  2 -2 -2 -1  2 -1 -2 -1 -1    8   7   5   5   2   4  13   8   2   3   2  11   1   2   3  15   3   0   2   5  0.14 0.14
  121 K   -2  3 -1  1 -2  2  0 -2 -2 -2 -4  5 -3 -4 -4 -2  0 -4 -3 -3    3  14   2   9   1   8   6   3   1   3   1  35   1   1   1   3   5   0   1   2  0.70 0.41
  122 P    1 -2 -2 -1 -3  0  0 -3 -2 -1 -3  1 -2 -2  4 -1 -1 -3 -3  3   11   2   2   3   1   4   7   2   1   4   2   8   1   1  23   4   3   0   1  21  0.45 0.31
  123 I   -2  0 -4 -3 -1 -4 -2 -5 -4  5  0 -1 -2 -1 -5 -4 -4 -4 -1  5    3   5   1   2   1   1   3   1   0  27   8   4   1   3   1   1   1   0   2  35  0.82 0.42
  124 I    0  1 -1 -1 -1  1  1 -3 -1  2  1  0  0 -1 -3 -1 -1  0  1  1    8   7   3   2   1   5  10   2   1  13  12   6   1   1   1   4   3   1   6  11  0.11 0.12
  125 V    1 -1 -2 -2  1  5 -1 -2 -2  4 -2  0  1 -2 -5 -3 -2 -2 -2  0   11   3   2   2   3  24   3   4   1  20   4   5   4   2   1   2   2   1   2   7  0.50 0.34
  126 I   -3  2 -2 -1  1 -3 -1 -5 -3  4  1 -1  1  1 -4 -3 -1 -3  4  0    2  12   2   4   3   1   4   1   1  20  11   4   3   6   1   2   4   0  14   5  0.40 0.26
  127 S   -1  1  1  3 -4 -1  0 -3  0  0 -2  1 -2 -2 -3  2  1 -2 -1 -2    5   9   6  17   0   2   6   2   2   5   5   8   1   2   1  14   9   1   2   3  0.22 0.19
  128 P    0  1  0 -1  0 -1  0 -2 -1  0  2  2  1 -2  0  0  0 -2 -2 -1    6   6   5   4   2   2   5   3   2   7  19  13   3   2   5   7   4   1   1   4  0.09 0.10
  129 D   -2  0  3  4 -2 -1  1  0  0 -4 -2  2 -2 -3 -3  0  1 -5 -1 -3    3   5  12  21   1   2   9   7   2   1   4  11   1   1   1   6   8   0   2   2  0.37 0.25
  130 G   -2 -2  2 -2 -5 -2  0  5 -4 -2 -3  1 -2 -3 -3 -1  0 -2  0 -3    3   2   9   3   0   2   7  40   0   3   3   7   1   1   1   5   6   1   4   2  0.60 0.34
  131 I   -1 -1  0 -3 -2 -2  0 -2 -2  2  1  0  0  2 -2 -1  0 -3  1  1    4   4   4   1   1   1   6   3   1  12  17   8   2  10   2   5   5   0   5  10  0.13 0.11
  132 E   -1  0 -2 -1 -1 -1  1 -1  0  3  1  0 -1 -1 -1 -2  0 -2 -1  2    3   6   2   3   1   2   8   6   2  20  12   6   1   2   2   2   5   1   2  13  0.15 0.13
  133 K    1  1  1 -1 -1  0  0  0  0 -1 -2  4 -1 -2 -3  0 -1 -4 -1 -1   10   8   6   3   1   4   5   7   2   4   4  24   2   2   1   5   4   0   2   4  0.23 0.18
  134 E   -1  1 -1 -1 -1  0  3 -1 -1  0 -2  1 -1 -2 -2  0  1  0 -1  1    4   9   3   2   1   4  18   4   2   7   4   9   1   2   2   7   9   1   3   9  0.15 0.15
  135 Y   -5 -3 -2 -4 -2 -5 -3  1  0 -3 -3 -2 -2  6 -4 -4 -2  5  6 -2    1   2   2   1   1   1   2  12   2   2   2   3   1  28   1   1   2   8  26   3  1.21 0.55
  136 P   -1  1  1  1 -2  0  1 -1  0 -1 -1  1 -1  0  2  0 -1 -2  1 -1    5   6   8   8   1   4  10   5   2   4   5   9   1   5  11   6   4   0   4   3  0.12 0.10
  137 S   -3 -4  1 -4 -1 -3 -4  0 -5 -5 -6 -2 -4 -5 -3  6  3 -7 -5 -6    2   1   6   1   1   1   1   7   0   1   1   2   0   1   2  56  14   0   1   0  1.28 0.73
  138 T    1 -2 -2 -4  1  3 -3 -1  0  3  0 -2  2 -3 -2 -1  0 -5 -1  1   11   2   2   1   3  13   1   4   2  17  10   2   5   1   2   5   6   0   2   9  0.26 0.23
  139 K    1  3  1 -2 -2  0 -2 -3  0 -2 -3  3  1 -4 -3  1  1 -4 -2 -1   11  16   5   2   1   3   2   2   2   3   2  20   3   1   1  10   8   0   1   4  0.35 0.28
  140 C    1 -2 -3  2 -2  2  5 -4 -2 -2 -4  1 -3 -7 -5  0 -3 -8 -3 -3   10   2   1  12   1   8  41   1   1   2   2   7   1   0   0   7   1   0   1   2  0.86 0.55
  141 A    5 -7 -6 -3  2 -5 -3 -5 -7  3  2 -6 -2 -1 -7 -4 -4 -5 -5  0   44   0   0   2   4   0   2   1   0  17  19   0   1   3   0   1   1   0   0   6  1.04 0.59
  142 C    5 -4 -4 -6  3 -1 -1  0  0 -3 -4 -4 -1 -5 -6  2 -3 -7 -3 -2   46   1   1   0   5   3   5   8   2   1   2   1   2   0   0  17   1   0   1   3  0.91 0.56
  143 E   -1  5 -1  0 -8  0  2 -5 -3 -2 -3  4 -3 -5 -6 -2 -4 -4 -4 -3    5  32   3   5   0   3  14   1   1   3   3  24   1   0   0   3   1   0   1   2  0.93 0.55
  144 E    1  1 -2  0 -4  1  3 -4  1 -1 -1  3  1 -1 -5 -1 -2 -3  0 -1   11   8   1   5   0   6  18   1   3   4   6  16   4   3   0   5   2   0   4   4  0.27 0.24
  145 L   -4 -4  1 -3 -2 -6 -5 -5  2  0  2 -4 -1  5 -6 -3  2 -4  5 -2    1   1   6   2   1   0   1   1   4   5  17   1   1  20   0   2  14   0  20   3  0.85 0.48
  146 G   -5 -4  4 -2 -4 -4 -3  7 -2 -9 -8  1 -6 -7 -5 -4 -6 -9 -7 -9    0   1  17   3   1   1   2  64   1   0   0   7   0   0   1   1   0   0   0   0  1.78 0.88
  147 L   -2 -4 -7 -7  2 -6 -7 -2 -3  4  1 -4  0  3 -7 -5 -2 -6  2  5    3   1   0   0   4   0   0   4   1  20  10   1   2  12   0   0   3   0   6  33  0.91 0.50
  148 T   -2 -1  3  2  3 -3 -4 -2  3 -4 -5  0 -6 -3 -1  4  1 -3 -1 -4    3   3  15  10   5   1   1   3   7   1   1   5   0   1   3  30   8   0   2   1  0.62 0.46
  149 R   -1  3  0 -1 -1  3 -1 -3  3 -2 -3  2 -3 -2  2  0 -2 -2  1 -1    5  16   5   4   1  12   3   1   7   2   2  11   1   2  10   8   3   1   4   4  0.32 0.28
  150 G    0  2  0 -2 -2  1 -3  2 -1 -5 -6  0 -3 -5 -1  4  1 -3 -3 -3    7   9   4   2   1   6   1  16   2   0   0   5   1   0   3  30   9   0   1   2  0.53 0.42
  151 K    1 -2  3 -3  1  0 -3 -1  4 -4 -2 -2 -1 -3 -4  1  4 -3  0 -2   10   2  15   1   3   5   1   5   8   1   3   3   2   1   1  11  22   0   4   3  0.45 0.36
  152 V   -4 -9 -9 -9 -5 -9 -9 -8 -9  8 -2 -7  0 -2 -7 -8 -6 -9 -5  4    2   0   0   0   0   0   0   0   0  67   3   0   2   2   0   0   0   0   0  22  2.25 0.98
  153 T   -1  1  0 -3  2 -1 -4  0  1 -2 -3 -2 -4 -3 -5  5  0  2  3 -2    4   8   4   1   5   2   1   7   3   3   2   2   0   1   0  37   6   2   9   3  0.61 0.46
  154 D    1  3  2  1 -1  1 -1 -2  1 -4 -1  2  0 -4 -5  1 -3 -3 -1 -4   11  17  11   8   1   6   4   2   4   1   6  14   2   1   0   9   1   0   3   1  0.38 0.31
  155 V    0 -6 -6 -8  7 -5 -8 -6 -5  5 -2 -5 -1 -5 -8 -3 -3 -1 -2  4    8   0   0   0  23   0   0   1   0  30   4   1   1   0   0   2   2   1   2  23  1.40 0.68
  156 L    1 -1 -4 -8  8 -5 -6 -6 -3  3  2  1 -3 -3 -7 -4 -4 -1 -5  2   10   3   1   0  26   0   0   1   1  15  17   7   1   1   0   1   1   1   0  14  1.03 0.55
  157 K   -3  4  5 -4 -2 -1 -4 -5  2 -4 -1  4 -5 -6 -7  0  0 -8 -4 -5    3  22  23   1   1   3   1   1   5   1   6  20   0   0   0   7   6   0   1   1  0.87 0.54
  158 G   -5  1  2 -3 -8 -6 -6  7  0 -7 -6 -1 -6 -4 -7 -4 -6 -4 -3 -7    1   8   8   2   0   0   1  69   2   0   1   5   0   1   0   1   0   0   1   0  1.77 0.86
  159 H   -4  4  0 -3 -3  1  1 -4  1 -1 -3  6 -4 -5 -5 -3 -2 -7 -2 -3    1  18   4   2   1   5   9   1   4   4   3  39   0   1   0   2   3   0   1   2  0.90 0.55
  160 R   -1  5  0 -4 -2  2 -3 -2 -1  0 -1  1 -2 -4 -6  0  2 -2  0 -3    4  30   5   1   1   8   1   3   1   5   6   8   1   1   0   7  14   1   4   2  0.54 0.40
  161 I   -4  1  1 -5 -8 -2 -3 -5 -1 -4 -5  5 -4 -3 -1 -2 -3  9 -1 -5    1   7   7   1   0   2   2   1   2   1   1  31   0   1   4   3   2  30   2   1  1.54 0.80
  162 H   -3  0 -1 -4 -3  2 -2 -4  3 -4 -4  3 -3 -2 -5  2  4 -6  0 -5    2   6   3   0   1   8   2   1   6   1   2  20   1   2   0  16  25   0   4   1  0.69 0.49
  163 H    3 -4 -4 -6  2 -5 -6 -5  9 -5 -5 -5 -4 -4 -4 -1  0 -4  3 -3   24   1   1   0   4   0   0   1  41   1   1   0   0   1   1   6   6   0   9   3  1.59 0.80
  164 K   -3  2 -2 -2 -2 -3 -3  4  2 -5 -3  5 -4 -5 -6 -2 -4 -6  3 -3    2  10   2   2   1   1   2  29   4   1   3  30   0   0   0   2   1   0  10   2  0.88 0.53
  165 G   -6 -5  0 -4 -5 -7 -6  7 -7 -9 -8 -2 -6 -8 -3 -5 -7 -8 -6 -8    0   1   4   1   0   0   0  86   0   0   0   3   0   0   2   1   0   0   0   0  2.41 1.04
  166 Y   -8 -6 -5 -9 -1 -7 -6 -9  1 -6 -2 -6 -1  6 -9 -6 -7  4  9 -5    0   0   1   0   1   0   0   0   3   0   4   0   1  25   0   1   0   5  57   1  2.45 1.05
  167 T   -3  2 -3 -4 -3 -1 -2 -3  2  3 -2  4 -1 -3 -4 -1  2 -1  1  0    1  10   1   0   1   3   3   2   5  18   3  23   1   1   1   4  11   1   5   7  0.44 0.34
  168 F   -8 -9 -10 -11 -4 -9 -10 -9 -9 -7 -6 -10 -8  5 -7 -7 -9 12 -1 -6    0   0   0   0   0   0   0   0   0   0   0   0   0  24   0   0   0  71   1   1  4.14 1.54
  169 R   -4  4 -3 -4 -1  1  3 -5 -4 -4 -5  5  0 -3 -6 -1 -3 -7 -2 -3    1  23   1   1   1   5  19   0   0   1   1  32   2   1   0   5   2   0   2   2  0.94 0.55
  170 Y   -7 -2 -8 -9 -5 -5 -8 -9  1 -7 -5 -5 -6  5 -9 -7 -6  3  9 -6    0   2   0   0   0   0   0   0   3   0   1   1   0  23   0   0   0   3  65   0  2.71 1.11
  171 K    2 -2 -2 -1 -6  1  3 -5 -4 -4 -4  5 -2 -6 -5 -1 -3 -6 -3 -1   16   0   1   4   0   5  22   0   0   1   1  40   1   0   0   3   1   0   1   6  0.87 0.50
  172 L   -1 -2  1  2 -5 -2  4 -2 -3  1 -3  3 -1  0 -2 -2 -2 -5 -1  0    5   0   7  12   0   0  26   3   0   8   2  22   2   4   2   1   1   0   2   6  0.40 0.29
  173 N   -2 -3  5  3 -6  0  4  0  0 -6 -6 -1 -5 -6 -4 -2 -3 -6 -5 -4    3   0  32  18   0   3  28   8   2   0   0   4   0   0   0   2   0   0   0   1  0.94 0.44
  174 G    1 -3 -2 -3 -3 -3 -3  6 -3 -5 -5 -3 -4 -5 -3  3 -2 -4 -4 -4    9   0   0   0   0   0   0  62   0   0   0   0   0   0   0  29   0   0   0   0  1.10 0.30

                      K         Lambda
Standard Ungapped    0.1360     0.3160
Standard Gapped      0.0410     0.2670
PSI Ungapped         0.1980     0.3178
PSI Gapped           0.0606     0.2670
