
Last position-specific scoring matrix computed, weighted observed percentages rounded down, information per position, and relative weight of gapless real matches to pseudocounts
           A  R  N  D  C  Q  E  G  H  I  L  K  M  F  P  S  T  W  Y  V   A   R   N   D   C   Q   E   G   H   I   L   K   M   F   P   S   T   W   Y   V
    1 M   -1 -2 -2 -3 -2  0 -2 -3 -2  1  2 -2  6  0 -3 -2 -1 -2 -1  1    0   0   0   0   0   0   0   0   0   0   0   0 100   0   0   0   0   0   0   0  0.33 0.00
    2 R   -1  5  0  0 -4  2  3 -3  0 -4 -3  2 -2 -3 -2 -1 -1 -3 -2 -3    0  59   0   0   0   0  41   0   0   0   0   0   0   0   0   0   0   0   0   0  0.56 0.00
    3 N   -2 -1  6  1 -3  0  0 -1  5 -4 -4  0 -2 -3 -2  0 -1 -4 -1 -3    0   0  72   0   0   0   0   0  28   0   0   0   0   0   0   0   0   0   0   0  0.62 0.01
    4 R   -1  3  3  0 -4  1  0 -2  0 -3 -3  4 -2 -3 -2  0 -1 -4 -2 -3    0  24  27   0   0   0   0   0   0   0   0  49   0   0   0   0   0   0   0   0  0.46 0.02
    5 I   -2 -3 -4 -4 -2 -3 -4 -4 -3  4  1 -3  1  4 -3 -3 -1 -1  1  2    0   0   0   0   0   0   0   0   0  73   0   0   0  27   0   0   0   0   0   0  0.38 0.02
    6 M   -1 -2 -3 -3 -2 -2 -3 -3 -2  0  0 -2  3  3 -3 -1  1  8  1  1    0   0   0   0   0   0   0   0   0   0   0   0  24  16   0   0  15  27   0  17  0.50 0.02
    7 P    0 -2 -1 -1 -2 -1 -1 -2 -2 -3 -3 -1 -3 -4  7  2  0 -4 -3 -3    0   0   0   0   0   0   0   0   0   0   0   0   0   0  68  32   0   0   0   0  1.30 0.03
    8 G    3 -2 -1 -2 -1 -1 -2  4 -2 -2 -3 -1 -2 -3 -2  1 -1 -3 -3 -1   59   0   0   0   0   0   0  41   0   0   0   0   0   0   0   0   0   0   0   0  0.49 0.02
    9 V    2 -3 -3 -3 -1 -2 -2 -2 -3  3  1 -2  0 -1 -2 -1  0 -3 -2  3   27   0   0   0   0   0   0   0   0  32   0   0   0   0   0   0   0   0   0  41  0.23 0.01
   10 Y   -2 -3 -3 -4 -2 -3 -3 -4 -1  2  2 -3  1  4 -4 -3 -2  0  4  0    0   0   0   0   0   0   0   0   0  16  32   0   0  27   0   0   0   0  24   0  0.38 0.01
   11 I   -2 -3 -4 -4 -2 -3 -3 -4 -3  2  3 -3  2  4 -4 -3 -2 -1  1  1    0   0   0   0   0   0   0   0   0  12  60   0   0  27   0   0   0   0   0   0  0.39 0.01
   12 V   -2 -3 -4 -4 -2 -3 -3 -4 -2  3  1 -3  1  5 -4 -3 -1 -1  2  2    0   0   0   0   0   0   0   0   0  27   0   0   0  49   0   0   0   0   0  24  0.38 0.02
   13 I    2 -3 -3 -3 -1 -2 -3 -2 -2  3  0 -2  0  3 -2 -1 -1 -1  0  1   33   0   0   0   0   0   0   0   0  40   0   0   0  27   0   0   0   0   0   0  0.19 0.01
   14 I    1 -3 -3 -3 -1 -3 -3 -3 -3  4  2 -3  1 -1 -3 -2 -1 -3 -2  3   16   0   0   0   0   0   0   0   0  51  17   0   0   0   0   0   0   0   0  15  0.26 0.01
   15 P   -1 -2 -2 -2 -3 -1 -1 -2 -2 -2 -3 -1 -2 -4  7  0  2 -4 -3 -2    0   0   0   0   0   0   0   0   0   0   0   0   0   0  73   0  27   0   0   0  1.39 0.03
   16 Y   -2 -2  3 -1 -3 -1 -2 -3  1  1 -1 -2 -1  2 -3 -1 -1  1  6 -1    0   0  27   0   0   0   0   0   0  17   0   0   0   0   0   0   0   0  56   0  0.41 0.02
   17 V   -1 -2 -2 -2 -1 -1 -2 -2 -2  2  3 -2  3  0 -2 -1 -1 -1 -1  2    2   1   1   1   1   1   2   2   1   1  36   2  16   1   1   2   2   0   1  26  0.14 0.01
   18 I   -2 -3 -4 -4 -2 -3 -4 -4 -3  4  2 -3  1  3 -3 -3 -1 -2  0  2    0   0   0   0   0   0   0   0   0  68  15   0   0  17   0   0   0   0   0   0  0.35 0.02
   19 V    0 -2 -1 -2 -1 -2 -2 -3 -3  1  0 -2  0 -2 -2  0  4 -3 -2  3    0   0   0   0   0   0   0   0   0   0   0   0   0   0   0   0  49   0   0  51  0.29 0.02
   20 S    0 -2 -1 -2 -2 -2 -2  3 -3  3  0 -2  0 -1 -2  1  0 -3 -2  1    0   0   0   0   0   0   0  27   0  49   0   0   0   0   0  24   0   0   0   0  0.18 0.01
   21 I   -1 -3 -2 -3 -2 -2 -2 -3 -2  2  0 -2  0  3  3  0 -1 -1  0  2    0   0   0   0   0   0   0   0   0  24   0   0   0  27  15  16   0   0   0  17  0.22 0.01
   22 C    1 -3 -2 -3  5 -2 -3  3 -3  0 -1 -2 -1  2 -3 -1 -1 -2 -1  1   16   0   0   0  24   0   0  27   0   0   0   0   0  15   0   0   0   0   0  17  0.27 0.01
   23 Y   -2 -2 -3 -4 -2 -2 -3 -4  1  0  2 -2  0  3 -3 -2 -2  2  7 -1    0   0   0   0   0   0   0   0   0   0  27   0   0   0   0   0   0   0  73   0  0.64 0.03
   24 L   -1 -2 -3 -3  4 -2 -3 -3 -2  0  2 -2  0  5 -3 -2 -1  0  1  0    1   1   1   1  17   1   1   1   0   1  26   1   0  44   1   1   1   0   1   1  0.30 0.01
   25 L   -1  0 -2 -2 -2 -1 -1 -2 -2  2  2  2  1 -1 -2 -1 -1 -2 -1  1    1   1   1   1   0   1   1   1   0  18  41  28   0   1   1   1   1   0   1   1  0.12 0.01
   26 F   -2 -2 -3 -3 -2 -3 -3 -3 -1  0  0 -3  0  7 -3 -2 -2  1  3 -1    1   1   1   1   0   1   1   1   0   1   1   1   0  84   1   1   1   0   1   1  0.59 0.02
   27 R   -1  5  0 -1 -3  1  0 -2  0 -3 -2  3 -1 -3 -2 -1 -1 -2 -2 -2    1  69   1   1   0   1   1   1   0   1   1  16   0   1   1   1   1   0   1   1  0.53 0.02
   28 H   -1 -1  2 -1 -3  0 -1 -2  6 -3 -3 -1 -2  0 -2  1 -1 -1  4 -3    0   0  14   0   0   0   0   0  43   0   0   0   0   0   0  16   0   0  28   0  0.45 0.01
   29 Y   -2 -2 -3 -4 -2 -2 -3 -4  0  0  2 -3  1  2 -3 -2 -2  6  5  0    0   0   0   0   0   0   0   0   0   0  44   0   0   0   0   0   0  13  43   0  0.52 0.01
   30 I   -1 -3 -3 -3 -1 -2 -3 -4 -3  3  3 -3  2  0 -3 -2  1 -2 -1  2    0   0   0   0   0   0   0   0   0  35  52   0   0   0   0   0  13   0   0   0  0.30 0.01
   31 P    2 -2 -2 -2 -2 -1 -1 -1 -2 -3 -3 -1 -2 -4  7  1 -1 -4 -3 -2   22   0   0   0   0   0   0   0   0   0   0   0   0   0  65  13   0   0   0   0  1.19 0.02
   32 G    1 -1  2  0 -3  0  2  4 -1 -4 -3 -1 -2 -3 -2  0 -1 -3 -3 -3   13   0  19   0   0   0  22  46   0   0   0   0   0   0   0   0   0   0   0   0  0.45 0.01
   33 V   -1 -3 -4 -4 -1 -3 -3 -4 -4  3  2 -3  1 -1 -3 -2  0 -3 -1  4    0   0   0   0   0   0   0   0   0  13  22   0   0   0   0   0   0   0   0  64  0.34 0.01
   34 S    2 -1  3  0 -1  0  0  0 -1 -3 -3  0 -2 -3 -1  4  1 -3 -2 -2   22   0  19   0   0   0   0   0   0   0   0   0   0   0   0  60   0   0   0   0  0.37 0.02
   35 F   -3 -3 -4 -4 -3 -4 -4 -4 -2  0  0 -4  0  7 -4 -3 -3  1  3 -1    0   0   0   0   0   0   0   0   0   0   0   0   0 100   0   0   0   0   0   0  0.85 0.03
   36 S    2 -1  0 -1 -1 -1 -1 -1 -2 -1 -2 -1 -1 -2 -1  3  2 -3 -2  1   11   0   0   0   0   0   0   0   0   0   0   0   0   0   0  57  13   0   0  19  0.26 0.01
   37 A    1 -2 -1  2 -2 -1  1  2 -2 -1  1 -1 -1 -2 -2  0 -1 -3 -2 -1   24   0   0  19   0   0  13  22   0   0  22   0   0   0   0   0   0   0   0   0  0.17 0.01
   38 H   -2 -1  3 -1 -3  0  0 -2  8 -4 -3 -1 -2 -2 -3 -1 -2 -3  1 -4    0   0  22   0   0   0   0   0  78   0   0   0   0   0   0   0   0   0   0   0  0.80 0.03
   39 R   -2  5 -2 -3 -3  0 -1 -3 -1  0  2  1  0 -1 -3 -2 -1 -3 -2 -1    0  60   0   0   0   0   0   0   0   0  40   0   0   0   0   0   0   0   0   0  0.37 0.02
   40 D   -1 -1  1  5 -3  0  3 -1 -1 -3 -4  0 -3 -4 -2  2  0 -4 -3 -3    0   0   0  56   0   0  22   0   0   0   0   0   0   0   0  22   0   0   0   0  0.60 0.02
   41 G    2 -2  3 -1 -2 -1 -1  4 -1 -3 -3 -1 -2 -3 -2  0 -1 -3 -3 -2   36   0  22   0   0   0   0  43   0   0   0   0   0   0   0   0   0   0   0   0  0.45 0.01
   42 L   -2 -3 -4 -4 -2 -3 -3 -4 -3  2  5 -3  2  0 -3 -3 -1 -2 -1  1    0   0   0   0   0   0   0   0   0   0 100   0   0   0   0   0   0   0   0   0  0.51 0.02
   43 G    0 -3 -1 -2 -3 -2 -3  6 -2 -4 -4 -2 -3 -4 -3  0 -2 -3 -4 -4    0   0   0   0   0   0   0 100   0   0   0   0   0   0   0   0   0   0   0   0  1.11 0.03
   44 A    4 -1 -1 -1 -1 -1 -1  0 -2 -2 -2 -1 -1 -3 -1  3  1 -3 -2 -1   60   0   0   0   0   0   0   0   0   0   0   0   0   0   0  40   0   0   0   0  0.38 0.02
   45 T    4 -2 -1 -2 -1 -1 -1  0 -2 -1 -2 -1 -1 -3 -1  1  3 -3 -2  0   65   0   0   0   0   0   0   0   0   0   0   0   0   0   0   0  35   0   0   0  0.35 0.02
   46 L   -2 -2 -4 -4 -2 -2 -3 -4 -3  2  4 -3  3  0 -3 -3 -1 -2 -1  1    0   0   0   0   0   0   0   0   0  18  64   0  18   0   0   0   0   0   0   0  0.38 0.01
   47 S    2 -1  0 -1 -1 -1 -1 -1 -2  0 -1 -1 -1 -2 -1  3  1 -3 -2  1   21   0   0   0   0   0   0   0   0   0   0   0   0   0   0  57   0   0   0  22  0.25 0.01
   48 S    1 -1  0 -1 -1  0  0 -1 -1 -2 -3  0 -2 -3 -1  4  3 -3 -2 -1    0   0   0   0   0   0   0   0   0   0   0   0   0   0   0  78  22   0   0   0  0.44 0.02
   49 Y   -2 -2 -3 -4 -3 -2 -2 -4  2 -2 -1 -2 -1  3 -3 -2 -2  2  8 -2    0   0   0   0   0   0   0   0   0   0   0   0   0   0   0   0   0   0 100   0  0.98 0.03
   50 A    3 -1  0 -1 -1 -1 -1  0 -1 -2 -2 -1 -1 -3 -1  3  1 -3 -2 -1   52   0   0   0   0   0   0   0   0   0   0   0   0   0   0  48   0   0   0   0  0.37 0.02
   51 G    0 -2  0 -1 -2 -2 -2  5 -2 -2 -3 -1 -2 -3 -2  1  3 -3 -3 -2    0   0   0   0   0   0   0  57   0   0   0   0   0   0   0   0  43   0   0   0  0.55 0.02
   52 T    3 -2 -1 -2 -1 -1 -1 -1 -2 -1 -2 -1 -1 -3 -1  1  4 -3 -2  0   43   0   0   0   0   0   0   0   0   0   0   0   0   0   0   0  57   0   0   0  0.35 0.02
   53 M   -1 -2 -3 -3 -2 -1 -2 -3 -2  1  3 -2  6  0 -3 -2  1 -2 -1  1    0   0   0   0   0   0   0   0   0   0  26   0  64   0   0   0  10   0   0   0  0.33 0.02
   54 I   -1 -2 -3 -4 -1 -2 -3 -4 -3  3  2 -2  5  0 -3 -2 -1 -2 -1  3    0   0   0   0   0   0   0   0   0  40   0   0  43   0   0   0   0   0   0  17  0.32 0.02
   55 A    5 -2 -2 -2 -1 -1 -1  0 -2 -2 -2 -1 -1 -3 -1  1  0 -3 -2  0  100   0   0   0   0   0   0   0   0   0   0   0   0   0   0   0   0   0   0   0  0.45 0.02
   56 I   -1 -3 -4 -4 -1 -3 -3 -4 -3  3  3 -3  2  0 -3 -3 -1 -3 -1  3    0   0   0   0   0   0   0   0   0  31  43   0   0   0   0   0   0   0   0  26  0.35 0.01
   57 L   -1 -3 -4 -4 -1 -3 -3 -4 -3  2  3 -3  2  0 -3 -2 -1 -2 -1  3    0   0   0   0   0   0   0   0   0   0  57   0   0   0   0   0   0   0   0  43  0.35 0.01
   58 I   -1 -3 -4 -4 -2 -3 -3 -4 -3  4  1 -3  1  3 -3 -3 -1 -2  0  3    0   0   0   0   0   0   0   0   0  57   0   0   0  21   0   0   0   0   0  22  0.33 0.01
   59 A    5 -2 -2 -2 -1 -1 -1  0 -2 -2 -2 -1 -1 -3 -1  1  0 -3 -2  0  100   0   0   0   0   0   0   0   0   0   0   0   0   0   0   0   0   0   0   0  0.45 0.02
   60 A    3 -2 -2 -3 -1 -1 -2 -1 -2  0  2 -1  3 -1 -2  0 -1 -2 -2  0   57   0   0   0   0   0   0   0   0   0  21   0  22   0   0   0   0   0   0   0  0.21 0.01
   61 L   -1 -3 -4 -4 -1 -3 -3 -4 -3  3  3 -3  2  0 -3 -3 -1 -2 -1  2    0   0   0   0   0   0   0   0   0  21  57   0   0   0   0   0   0   0   0  22  0.36 0.01
   62 T    2 -2 -1 -2 -1 -1 -1 -2 -2  0 -1 -1  0 -2 -1  1  4 -3 -2  2   21   0   0   0   0   0   0   0   0   0   0   0   0   0   0   0  57   0   0  22  0.27 0.01
   63 F   -2 -3 -4 -4 -2 -3 -3 -4 -2  2  1 -3  0  5 -4 -3 -1  0  2  2    0   0   0   0   0   0   0   0   0  21   0   0   0  57   0   0   0   0   0  22  0.42 0.01
   64 L   -2 -3 -4 -4 -2 -2 -3 -4 -3  1  3 -3  3  3 -3 -3 -1 -1  0  1    0   0   0   0   0   0   0   0   0   0  60   0   9  21   0   0   0   0   0  10  0.35 0.01
   65 I   -1 -2 -2 -3 -2 -2 -3 -3 -2  3  2 -2  2  3 -3  0 -1 -2  0  1    0   0   0   0   0   0   0   0   0  30  26   0  12  16   0  15   0   0   0   0  0.20 0.02
   66 G    0 -3 -1 -2 -3 -2 -2  6 -2 -4 -4 -2 -3 -4 -2  1 -1 -3 -3 -3    0   0   0   0   0   0   0  85   0   0   0   0   0   0   0  15   0   0   0   0  0.93 0.04
   67 S   -1 -3 -3 -3 -2 -2 -3 -3 -3  4  2 -2  1  0 -3  0 -1 -3 -2  2    0   0   0   0   0   0   0   0   0  55  28   0   0   0   0  18   0   0   0   0  0.26 0.03
   68 R   -1  4  2  2 -4  0  0  1 -1 -4 -3  2 -2 -4 -2  0 -1 -4 -3 -3    0  45  16  15   0   0   0  12   0   0   0  11   0   0   0   0   0   0   0   0  0.42 0.03
   69 T   -1 -1  5  0 -3 -1 -1  3  0 -3 -4 -1 -2 -3 -2  0  2 -4 -3 -3    0   0  58   0   0   0   0  25   0   0   0   0   0   0   0   0  18   0   0   0  0.53 0.04
   70 R   -1  3  2  2 -3  0  0 -2 -1 -3 -3  2 -2 -3 -2  1  2 -3 -2 -2    0  30  11  15   0   0   0   0   0   0   0  13   0   0   0  15  16   0   0   0  0.32 0.02
   71 R   -2  4  6  0 -4  0 -1 -1  0 -4 -4  1 -2 -4 -3  0 -1 -4 -2 -3    0  34  66   0   0   0   0   0   0   0   0   0   0   0   0   0   0   0   0   0  0.65 0.05
   72 L   -2 -3 -4 -4 -2 -2 -3 -4 -3  3  3 -3  3  4 -3 -3 -1 -1  0  1    0   0   0   0   0   0   0   0   0  26  30   0  19  25   0   0   0   0   0   0  0.34 0.02
   73 A    2  2 -1 -1 -2  2  0 -1 -1 -3 -2  3 -1 -3 -1  1  0 -3 -2 -2   31  11   0   0   0  12   0   0   0   0   0  31   0   0   0  15   0   0   0   0  0.29 0.02
   74 K   -1  2  2 -1 -4  1  0 -2 -1 -3 -3  5 -2 -4 -2  0 -1 -4 -2 -3    0   0  16   0   0   0   0   0   0   0   0  84   0   0   0   0   0   0   0   0  0.56 0.05
   75 I   -2 -3 -4 -4 -2 -3 -3 -4 -3  2  2 -3  2  4 -3 -3 -1 -1  1  2    0   0   0   0   0   0   0   0   0  21  26   0  10  31   0   0   0   0   0  12  0.33 0.02
   76 R   -1  4  0 -1 -4  3  1 -2 -1 -3 -3  4 -1 -4 -2 -1 -1 -3 -2 -3    0  21   0   0   0  25   0   0   0   0   0  55   0   0   0   0   0   0   0   0  0.54 0.04
   77 E    2  2 -1  0 -2  1  3 -1 -1 -3 -2  2 -2 -3 -1  0  1 -3 -2 -2   27  10   0   0   0   0  37   0   0   0   0  15   0   0   0   0  11   0   0   0  0.30 0.02
   78 Y   -2 -2 -2 -3 -3 -2 -2 -3  1 -2 -2 -2 -2  3 -3  1 -1  2  8 -2    0   0   0   0   0   0   0   0   0   0   0   0   0   0   0  16   0   0  84   0  0.82 0.06
   79 G    0 -3 -1 -2 -3 -2 -3  7 -3 -5 -4 -2 -3 -4 -3 -1 -2 -3 -4 -4    0   0   0   0   0   0   0 100   0   0   0   0   0   0   0   0   0   0   0   0  1.18 0.05
   80 Y   -2 -2 -3 -4 -3 -2 -3 -4  2 -2 -2 -2 -2  3 -4 -2 -2  2  8 -2    0   0   0   0   0   0   0   0   0   0   0   0   0   0   0   0   0   0 100   0  1.14 0.07
   81 M   -1 -2 -3 -4 -2 -1 -3 -4 -2  2  2 -2  7  0 -3 -2 -1 -2 -2  1    0   0   0   0   0   0   0   0   0  16   0   0  84   0   0   0   0   0   0   0  0.54 0.07
   82 T   -1 -1 -1 -2 -2 -1 -1 -2  3 -1  1  1  0 -2 -2  0  3 -3 -1 -1    0   0   0   0   0   0   0   0  16   0  25  15   0   0   0   0  44   0   0   0  0.20 0.03
   83 S    3 -1  0 -1 -1 -1 -1  0 -1 -2 -3 -1 -2 -3 -1  4  1 -3 -2 -1   31   0   0   0   0   0   0   0   0   0   0   0   0   0   0  69   0   0   0   0  0.44 0.04
   84 V   -1 -3 -2 -3 -1 -2 -2 -3 -3  3  1 -2  0 -1 -2 -1  3 -3 -2  3    0   0   0   0   0   0   0   0   0  36   0   0   0   0   0   0  31   0   0  33  0.28 0.03
   85 V   -1 -3 -3 -4 -2 -3 -3 -4 -1  3  1 -3  0  1 -3 -2 -1  0  4  3    0   0   0   0   0   0   0   0   0  34   0   0   0   0   0   0   0   0  31  35  0.35 0.03
   86 I    1 -2 -2 -3 -1 -2 -2 -3 -3  3  2 -2  1 -1 -2 -1  2 -3 -2  2   15   0   0   0   0   0   0   0   0  44  16   0   0   0   0   0  25   0   0   0  0.20 0.02
   87 V   -2 -3 -4 -4 -2 -3 -3 -4 -3  1  3 -3  3  4 -3 -3 -1 -1  1  2    0   0   0   0   0   0   0   0   0   0  39   0  11  29   0   0   0   0   0  21  0.34 0.02
   88 Y   -2 -2 -3 -4 -3 -2 -3 -4  2 -2 -2 -2 -2  3 -4 -2 -2  2  8 -2    0   0   0   0   0   0   0   0   0   0   0   0   0   0   0   0   0   0 100   0  1.14 0.07
   89 A    3 -2 -2 -3 -1 -1 -2  1 -2 -1 -1 -1  2  2 -2  0 -1 -2 -1 -1   58   0   0   0   0   0   0  11   0   0   0   0  16  15   0   0   0   0   0   0  0.23 0.03
   90 L    1 -2 -3 -3 -1 -2 -3 -3 -3  1  4 -2  1  0 -3 -1  1 -2 -2  0   16   0   0   0   0   0   0   0   0   0  69   0   0   0   0   0  15   0   0   0  0.28 0.03
   91 S    0 -2 -1 -2  4 -1 -1 -2 -2  0 -1 -1 -1 -2 -2  2  4 -3 -2  0    0   0   0   0  15   0   0   0   0  10   0   0   0   0   0  21  55   0   0   0  0.35 0.03
   92 F   -3 -3 -4 -4 -3 -4 -4 -4 -2 -1  0 -4  0  8 -4 -3 -3  1  3 -1    0   0   0   0   0   0   0   0   0   0   0   0   0 100   0   0   0   0   0   0  0.97 0.06
   93 V    1 -3 -3 -4  4 -2 -3 -3 -3  2  1 -3  1 -1 -3 -1  0 -3 -2  4   12   0   0   0  11   0   0   0   0   0  15   0   0   0   0   0   0   0   0  62  0.28 0.03
   94 E   -1  0 -1  1 -4  2  6 -3  0 -4 -4  1 -3 -4 -2  0 -1 -4 -3 -3    0   0   0   0   0   0 100   0   0   0   0   0   0   0   0   0   0   0   0   0  0.89 0.06
   95 L   -2 -3 -4 -4 -2 -3 -3 -4 -3  1  5 -3  2  0 -3 -3 -2 -2 -1  1    0   0   0   0   0   0   0   0   0   0 100   0   0   0   0   0   0   0   0   0  0.57 0.04
   96 G    0 -3 -1 -2 -3 -2 -3  7 -3 -5 -4 -2 -3 -4 -3 -1 -2 -3 -4 -4    0   0   0   0   0   0   0 100   0   0   0   0   0   0   0   0   0   0   0   0  1.18 0.05
   97 A    2 -3 -3 -3 -1 -2 -2 -2 -3  3  0 -2  0 -1 -2 -1  0 -3 -2  3   35   0   0   0   0   0   0   0   0  23   0   0   0   0   0   0   0   0   0  42  0.24 0.03
   98 L   -1 -2 -2 -3 -1 -2 -2 -3 -3  1  3 -2  1 -1 -3 -1  2 -2 -2  1    0   0   0   0   0   0   0   0   0   0  57   0   0   0   0   0  31   0   0  12  0.28 0.03
   99 F   -2 -3 -4 -4 -2 -4 -4 -4 -2  2  2 -4  0  6 -4 -3 -2  0  2  0    0   0   0   0   0   0   0   0   0  16  15   0   0  69   0   0   0   0   0   0  0.59 0.04
  100 F   -2 -3 -3 -4 -2 -3 -3 -3 -2  0  1 -3  0  6 -4 -2  1  0  2 -1    0   0   0   0   0   0   0   0   0   0  15   0   0  69   0   0  16   0   0   0  0.53 0.04
  101 C   -1 -3  1 -3  5 -2 -3 -3 -2  1  1 -3  2  2 -3 -2 -1 -2  0  1    0   0  11   0  21   0   0   0   0  10  15   0  12  16   0   0   0   0   0  15  0.21 0.02
  102 G    0 -2  0 -1 -2 -2 -2  5 -2 -4 -4 -1 -3 -3 -2  2 -1 -3 -3 -3    0   0   0   0   0   0   0  69   0   0   0   0   0   0   0  31   0   0   0   0  0.74 0.04
  103 L   -2 -3 -4 -4 -2 -3 -4 -4 -3  3  3 -3  2  2 -3 -3 -1 -2  0  2    0   0   0   0   0   0   0   0   0  39  49   0   0  11   0   0   0   0   0   0  0.38 0.03
  104 L   -2 -3 -4 -4 -2 -3 -4 -4 -3  1  4 -3  2  4 -4 -3 -2 -1  0  0    0   0   0   0   0   0   0   0   0   0  76   0   0  24   0   0   0   0   0   0  0.47 0.03
  105 L   -2 -3 -4 -4  6 -3 -4 -4 -3  1  3 -3  1  2 -4 -2 -2 -2 -1  0    0   0   0   0  31   0   0   0   0   0  58   0   0  11   0   0   0   0   0   0  0.48 0.03
  106 L   -2 -3 -4 -4 -2 -2 -3 -4 -3  3  3 -3  4  0 -3 -3 -1 -2 -1  1    0   0   0   0   0   0   0   0   0  25  47   0  29   0   0   0   0   0   0   0  0.39 0.03
  107 S    2 -1  0 -1 -1  0 -1 -1 -1 -3 -3 -1 -2 -3 -1  5  1 -3 -2 -2   12   0   0   0   0   0   0   0   0   0   0   0   0   0   0  88   0   0   0   0  0.51 0.05
  108 S   -1 -1  5  0 -2  0 -1 -1  0 -3 -3 -1 -2 -3 -2  2  3 -4 -2 -2    0   0  56   0   0   0   0   0   0   0   0   0   0   0   0  21  24   0   0   0  0.50 0.04
  109 I   -1 -2 -2 -3 -2 -2 -2 -3 -2  3  2 -2  1  2 -3  1  0 -2  0  1    0   0   0   0   0   0   0   0   0  37  25   0   0  15   0  24   0   0   0   0  0.18 0.02
  110 S   -1  0  4  2 -3  2  1 -1  0 -3 -3  2 -2 -3 -2  2  0 -4 -2 -3    0   0  31  10   0  15   0   0   0   0   0  24   0   0   0  21   0   0   0   0  0.37 0.02
  111 G    0 -1  2 -1 -2  3  0  2 -1 -1 -2  0 -1 -3 -2  1  2 -3 -2 -1    0   0  11   0   0  27   0  21   0  10   0   0   0   0   0  15  16   0   0   0  0.22 0.02
  112 Y    1 -2 -3 -3 -2 -2 -2 -2  0  0  2 -2  0  1 -3 -1 -1  0  5  1   23   0   0   0   0   0   0   0   0   0  26   0   0   0   0   0   0   0  35  16  0.25 0.03
  113 M   -2 -2 -3 -3 -2 -2 -2 -3 -1  0  1 -2  4  2  5 -2 -1 -1  3 -1    0   0   0   0   0   0   0   0   0   0  12   0  32  10  31   0   0   0  15   0  0.49 0.03
  114 I   -2 -3 -4 -4 -2 -3 -3 -4 -3  3  3 -3  1  2 -3 -3 -1 -2 -1  2    0   0   0   0   0   0   0   0   0  35  38   0   0  10   0   0   0   0   0  16  0.34 0.02
  115 P    2 -2 -2 -2 -2 -2 -1 -2 -3 -3 -3 -1 -2 -4  7  0 -1 -4 -3 -2   31   0   0   0   0   0   0   0   0   0   0   0   0   0  69   0   0   0   0   0  1.34 0.05
  116 T    1 -1  0 -1 -1  0 -1 -1 -1 -2 -3 -1 -2 -3 -1  5  3 -3 -2 -2    0   0   0   0   0   0   0   0   0   0   0   0   0   0   0  79  21   0   0   0  0.49 0.05
  117 I   -2 -3 -4 -4 -2 -3 -3 -4 -2  4  2 -3  1  1 -3 -3 -1 -1  3  2    0   0   0   0   0   0   0   0   0  47  27   0   0   0   0   0   0   0  16  10  0.33 0.02
  118 A    4 -1 -1 -1 -1 -1 -1  0 -2 -2 -2 -1 -2 -3 -1  3  1 -3 -2 -1   57   0   0   0   0   0   0   0   0   0   0   0   0   0   0  43   0   0   0   0  0.41 0.04
  119 I   -2 -3 -4 -4 -2 -2 -3 -4 -3  4  3 -3  3  0 -3 -3 -1 -2 -1  2    0   0   0   0   0   0   0   0   0  44  41   0  15   0   0   0   0   0   0   0  0.39 0.03
  120 G    0 -3 -1 -2 -2 -2 -2  4 -3  1 -1 -2 -1 -2 -2 -1  1 -3 -2  2    0   0   0   0   0   0   0  44   0  10   0   0   0   0   0   0  16   0   0  29  0.31 0.02
  121 I   -2 -3 -4 -4 -2 -3 -4 -4 -3  3  2 -3  1  4 -4 -3 -2 -1  1  1    0   0   0   0   0   0   0   0   0  45  24   0   0  31   0   0   0   0   0   0  0.38 0.03
  122 A    3 -2 -1 -1 -1 -1 -1  2 -2 -2 -2 -1 -2 -3 -1  3  0 -3 -2 -1   51   0   0   0   0   0   0  15   0   0   0   0   0   0   0  34   0   0   0   0  0.38 0.03
  123 S    2 -2 -1 -2 -1 -1 -2  1 -2  1  1 -1  0 -2 -2  2  1 -3 -2  0   27   0   0   0   0   0   0  11   0  15  16   0   0   0   0  21  10   0   0   0  0.13 0.01
  124 A    1 -2 -1 -2 -1 -1 -2 -2 -2  2  0 -1  0 -2 -2  1  3 -3 -2  1   21   0   0   0   0   0   0   0   0  31   0   0   0   0   0  12  36   0   0   0  0.21 0.02
  125 S    1 -1  0 -1 -1 -1 -1 -1 -1 -2 -3 -1 -2 -3 -1  4  3 -3 -2 -1    0   0   0   0   0   0   0   0   0   0   0   0   0   0   0  69  31   0   0   0  0.47 0.04
  126 F   -2 -3 -4 -4 -3 -3 -4 -4 -2  0  1 -3  2  7 -4 -3 -2  0  2 -1    0   0   0   0   0   0   0   0   0   0  11   0  12  76   0   0   0   0   0   0  0.67 0.05
  127 I   -2 -3 -4 -4 -2 -2 -3 -4 -3  3  4 -3  3  0 -3 -3 -1 -2 -1  1    0   0   0   0   0   0   0   0   0  25  63   0  12   0   0   0   0   0   0   0  0.42 0.03
  128 H   -2 -1  0 -2 -3  2  0 -3  8 -2  0 -1 -1 -2 -3 -1 -2 -3  1 -2    0   0   0   0   0  16   0   0  67   0  17   0   0   0   0   0   0   0   0   0  0.63 0.05
  129 I   -1 -3 -4 -4 -1 -3 -4 -4 -4  4  3 -3  1  0 -3 -3 -1 -3 -2  3    0   0   0   0   0   0   0   0   0  58  26   0   0   0   0   0   0   0   0  16  0.40 0.03
  130 C    0 -3 -2 -3  8 -3 -3  1 -3 -1 -1 -3 -1 -3 -3  1 -1 -3 -3  1    0   0   0   0  59   0   0  12   0   0   0   0   0   0   0  13   0   0   0  16  0.69 0.04
  131 I   -1 -3 -4 -4 -1 -3 -3 -4 -3  4  3 -3  3  0 -3 -3 -1 -3 -1  3    0   0   0   0   0   0   0   0   0  46  26   0  12   0   0   0   0   0   0  17  0.36 0.02
  132 L   -2 -3 -4 -4 -2 -3 -4 -4 -3  3  4 -3  2  0 -3 -3 -1 -2 -1  1    0   0   0   0   0   0   0   0   0  29  71   0   0   0   0   0   0   0   0   0  0.45 0.03
  133 V    1 -2 -2 -3 -1 -2 -2 -2 -3  1  2 -2  1 -1 -2  0  2 -3 -2  2   17   0   0   0   0   0   0   0   0   0  25   0   0   0   0   0  26   0   0  33  0.19 0.02
  134 F   -2 -3 -3 -4 -2 -2 -3 -4 -2  3  2 -3  4  4 -3 -3 -1 -1  1  1    0   0   0   0   0   0   0   0   0  26  17   0  28  29   0   0   0   0   0   0  0.34 0.03
  135 Q   -1  1  0 -1 -4  7  2 -2  0 -4 -3  1 -1 -4 -2  0 -1 -3 -2 -3    0   0   0   0   0 100   0   0   0   0   0   0   0   0   0   0   0   0   0   0  0.86 0.07
  136 L   -2 -3 -4 -4 -2 -3 -3 -4 -3  2  4 -3  2  0 -3 -3 -1 -2 -1  1    0   0   0   0   0   0   0   0   0  16  84   0   0   0   0   0   0   0   0   0  0.49 0.03
  137 Y   -2 -3 -4 -4 -2 -3 -3 -4 -2  4  3 -3  1  1 -3 -3 -1 -1  3  2    0   0   0   0   0   0   0   0   0  51  29   0   0   0   0   0   0   0  19   0  0.33 0.02
  138 N   -1  0  5  1 -3  0 -1  3  0 -4 -4  1 -3 -4 -2  0 -1 -4 -3 -3    0   0  63   0   0   0   0  22   0   0   0  15   0   0   0   0   0   0   0   0  0.55 0.03
  139 L   -2 -3 -4 -4 -2 -3 -3 -4 -3  1  4 -3  2  3 -4 -3 -2 -1  0  1    0   0   0   0   0   0   0   0   0   0  85   0   0  15   0   0   0   0   0   0  0.46 0.03
  140 T    1  0  0 -1 -1  0  0 -1 -1 -2 -2  2 -1 -3 -1  3  2 -3 -2 -1   12   0   0   0   0   0   0   0   0   0   0  22   0   0   0  47  19   0   0   0  0.31 0.02
  141 R   -1  4  4  0 -3  1  0 -1  0 -3 -3  2 -2 -3 -2  1  0 -4 -2 -3    0  41  33   0   0   0   0   0   0   0   0  14   0   0   0  12   0   0   0   0  0.45 0.02
  142 E   -1  1  0  0 -4  3  3 -2  3 -3 -3  4 -2 -3 -2  0 -1 -3 -1 -3    0   0   0   0   0  22  19   0  14   0   0  45   0   0   0   0   0   0   0   0  0.45 0.02
  143 Q   -1  2  0  0 -4  3  3 -2  0 -3 -3  4 -2 -4 -1  0 -1 -3 -2 -3    0   0   0   0   0  23  24   0   0   0   0  52   0   0   0   0   0   0   0   0  0.50 0.02
  144 E   -1  1  0  1 -4  5  4 -2  0 -3 -3  1 -1 -4 -1  0 -1 -3 -2 -3    0   0   0   0   0  50  50   0   0   0   0   0   0   0   0   0   0   0   0   0  0.60 0.00

                      K         Lambda
Standard Ungapped    0.1465     0.3337
Standard Gapped      0.0410     0.2670
PSI Ungapped         0.1482     0.3174
PSI Gapped           0.0454     0.2670
