
Last position-specific scoring matrix computed, weighted observed percentages rounded down, information per position, and relative weight of gapless real matches to pseudocounts
           A  R  N  D  C  Q  E  G  H  I  L  K  M  F  P  S  T  W  Y  V   A   R   N   D   C   Q   E   G   H   I   L   K   M   F   P   S   T   W   Y   V
    1 M   -7 -7 -8 -9 -7 -6 -8 -9 -7 -5 -4 -7 11 -6 -8 -7 -7 -7 -7 -5    0   0   0   0   0   0   0   0   0   0   0   0 100   0   0   0   0   0   0   0  4.21 1.46
    2 N   -5 -3  7 -3 -7 -2 -5 -4 -3 -3 -6 -1 -6 -7 -6 -2  4 -8 -6 -6    0   1  57   0   0   1   0   1   1   2   0   4   0   0   0   2  28   0   0   0  1.78 0.84
    3 K   -6  2 -5 -5 -8 -2 -4 -6 -5 -8 -6  8 -5 -8 -6 -5 -4 -8 -7 -7    0  10   0   0   0   1   0   0   0   0   1  85   0   0   0   0   1   0   0   0  2.46 1.05
    4 T    3 -1  0 -2 -4  1 -2 -2  0 -3 -3  2 -3 -5 -2  3  2 -6 -4 -3   23   3   5   1   0   7   2   3   2   1   2  14   0   0   2  19  14   0   0   1  0.43 0.35
    5 E   -4 -5 -3  5 -8  3  6 -4 -3 -6 -6 -3 -5 -8 -6 -4 -4 -5 -7 -6    1   0   1  28   0  10  55   1   0   0   1   1   0   0   0   1   1   0   0   0  1.66 0.81
    6 L   -5 -7 -8 -8 -6 -7 -8 -8 -7  2  6 -7  1  3 -8 -7 -5 -3 -4 -2    0   0   0   0   0   0   0   0   0  10  75   0   3  10   0   0   0   0   0   2  1.71 0.76
    7 I    1 -7 -6 -7 -3 -6 -5 -7 -7  6 -2 -5 -2 -2 -7 -3 -2 -7 -5  5    9   0   0   0   0   0   1   0   0  45   2   0   0   1   0   2   2   0   0  37  1.45 0.67
    8 K    2  0  0  3 -5  1  3 -3 -2 -3 -5  2 -4 -5 -4  0 -1 -3 -4 -4   19   4   4  18   0   5  21   1   0   2   1  13   0   0   0   7   3   0   0   1  0.53 0.38
    9 A    3  1 -2 -1 -3  1  1 -3  0 -1 -1  2 -1 -3 -4  0 -1 -3 -2 -1   31   9   1   2   0   6  10   1   2   3   6  11   1   1   0   7   4   0   1   3  0.31 0.28
   10 I   -4 -7 -7 -7 -5 -6 -7 -8 -7  5  3 -6  3 -4 -7 -5 -4 -6 -3  5    1   0   0   0   0   0   0   0   0  33  21   0   6   0   0   0   0   0   1  37  1.37 0.63
   11 A    6 -4 -5 -6 -3 -3 -4 -4 -2 -5 -5 -4 -4 -3 -5  2 -2 -5 -3 -2   71   1   0   0   0   1   1   1   1   0   1   1   0   1   0  14   2   0   1   2  1.47 0.78
   12 Q    1  0  0  2 -5  2  4 -2 -3 -4 -3  2 -4 -5 -3  0 -1 -6 -4 -3   14   4   4  10   0   8  30   2   0   1   2  13   0   0   1   7   4   0   0   2  0.52 0.37
   13 D    0  3  0  0 -5  2  2 -3  1 -4 -4  4 -3 -5 -4 -1 -1 -3 -4 -3    8  17   4   5   0   8  13   2   4   1   1  28   0   0   0   4   4   0   0   2  0.56 0.38
   14 T    2 -4 -1 -4  0 -2 -4 -2 -1 -1  0 -3  0 -2 -2  1  5 -5 -3  0   20   0   3   0   2   1   0   3   2   3  10   1   2   1   2  10  33   0   1   5  0.50 0.39
   15 E   -3 -3  2  2 -5 -1  1  6  0 -7 -7  0 -5 -6 -6 -2 -3 -7 -5 -7    1   1  10  11   0   2   9  52   2   0   0   6   0   0   0   3   1   0   0   0  1.10 0.56
   16 L   -2 -3 -4 -3 -1 -2 -2 -3 -2  3  4 -3  4  0 -5 -2 -1 -1 -1  1    2   1   1   2   1   1   3   2   1  14  39   1  10   3   0   2   4   1   2   9  0.51 0.33
   17 T   -2 -2  0 -1 -3 -3 -3 -3 -4 -5 -5 -2 -5 -6  2  4  5 -7 -3 -4    2   2   4   3   0   1   1   1   0   0   0   2   0   0   8  35  37   0   1   1  1.02 0.63
   18 Q   -2  2 -2 -4 -5  3 -1 -5 -2 -2 -4  7 -3 -5 -4 -4 -3 -7 -5 -3    3   8   1   0   0  13   3   0   1   2   2  60   0   1   1   0   1   0   0   2  1.34 0.69
   19 V    2  1 -2 -1 -3 -1 -1 -2 -2 -2 -4  5 -4 -4 -3  0  1 -4 -3  0   20   7   2   3   0   2   3   3   1   2   1  33   0   0   1   6   8   0   1   7  0.49 0.37
   20 S    0 -2 -2  5 -4  4  3 -4 -2 -3 -4  0 -2 -5 -4  0 -1 -6 -5 -1    9   2   1  28   0  17  19   1   1   1   1   5   1   0   0   5   4   0   0   4  0.66 0.43
   21 V    5 -6 -5 -6  0 -5 -5 -3 -6 -1 -4 -5 -3 -6 -4  0  2 -7 -6  3   52   0   0   0   1   0   0   2   0   4   1   0   0   0   0   6  11   0   0  22  1.09 0.62
   22 S    1  1  0  1 -4  0  4  1 -1 -5 -4  2 -2 -5 -4  0  0 -3 -4 -3   12   6   4   6   0   4  27  10   1   0   1  15   1   0   0   5   6   0   0   1  0.44 0.32
   23 K    2  3  0  0 -4  1  2 -2 -1 -2 -2  3 -1 -4 -3 -1 -1 -5 -3 -1   17  15   4   5   0   5  13   2   1   2   5  20   1   0   0   2   3   0   1   3  0.31 0.27
   24 M    4 -5 -5 -6 -1 -4 -4 -4 -1  3 -1 -5  1  1 -5 -1 -1 -3 -2  4   30   0   0   0   1   0   0   0   1  14   5   0   4   5   0   3   4   0   1  28  0.64 0.42
   25 L   -4 -6 -6 -7 -3 -6 -6 -7 -4  3  4 -6  1  0 -6 -5 -3 -1 -2  5    1   0   0   0   0   0   0   0   0  15  35   0   2   4   0   0   1   1   1  37  1.03 0.53
   26 A   -1 -3  4  6 -5 -1  3 -3 -3 -5 -6  0 -6 -6 -4 -1 -1 -7 -4 -5    4   1  18  38   0   2  19   2   0   1   0   4   0   0   0   3   4   0   0   0  0.98 0.54
   27 S    5 -3 -2 -3 -1 -1 -2  0 -3 -2 -2 -3  0 -3 -4  1  2 -4 -4 -1   47   1   1   1   1   2   3   7   0   2   3   1   2   1   0  10  11   0   0   4  0.60 0.42
   28 F   -1 -5 -5 -6 -3 -5 -4 -4 -3  2  2 -5  2  5 -5 -3  0 -4  0  3    6   0   0   0   0   0   1   1   0  10  19   0   5  25   0   1   6   0   2  22  0.69 0.38
   29 E   -3 -4 -5 -5  0 -1 -1 -4 -4  3  3 -4  1  5 -4 -3  0  0 -2  1    2   1   0   0   2   3   4   1   0  16  26   1   4  23   0   1   6   1   0   9  0.55 0.33
   30 K    0 -2  1  5 -4  0  4 -1 -2 -4 -5  0 -4 -6 -4  0 -2 -4 -5 -4    9   2   5  31   0   3  25   5   1   1   0   6   0   0   0   7   2   0   0   1  0.70 0.41
   31 I    2 -2 -1 -3 -2 -1  0 -1 -2  2 -1 -2 -1 -3 -3  1  3 -3 -3  2   15   1   3   0   1   3   7   4   1  10   5   1   1   1   0   9  19   0   0  16  0.23 0.23
   32 T   -2 -6 -6 -7 -5 -6 -6 -6 -6  6  0 -6  3 -2 -6 -5 -2 -3 -5  4    3   0   0   0   0   0   0   1   0  52   7   0   6   1   0   0   2   0   0  26  1.37 0.60
   33 T    0  0 -2 -3 -2  1  0  0 -2  1 -2  1  1 -2 -3  1  3 -4 -2  1    8   5   0   0   0   7   7   6   0   7   2   8   3   1   0   9  23   0   2   8  0.21 0.22
   34 E    0  0  0  3 -4  1  4 -1 -2 -4 -4  1 -3 -5 -4  0  0 -6 -4 -3    8   5   4  16   0   5  33   4   1   0   1   9   0   0   0   7   5   0   0   1  0.58 0.36
   35 T    4 -1 -1 -3  0  0  1  0 -1 -3 -3 -1 -3 -4 -4  2  2 -3 -4 -1   37   3   2   1   2   3  10   5   2   1   1   2   0   1   0  13  13   0   0   3  0.46 0.35
   36 V   -2 -6 -5 -7 -5 -5 -6 -6 -6  1  5 -6  3 -2 -6 -5 -3 -5 -5  3    3   0   0   0   0   0   0   0   0   5  63   0   6   1   0   0   1   0   0  19  1.25 0.58
   37 A    3  0 -2 -3 -3  0  0 -2 -1 -1 -3  4 -2 -5 -3  1 -1 -5 -3  0   26   4   1   1   0   4   6   2   1   3   2  28   1   0   0  10   3   0   1   6  0.43 0.33
   38 K    1  2  2  0 -4  1  1 -2 -1 -4 -4  4 -3 -5 -4  1 -1 -5 -3 -4   14  10   9   5   0   6  10   3   1   0   0  25   0   0   0  11   3   0   0   1  0.45 0.32
   39 G   -3 -2  0  0 -6 -4 -2  7 -3 -7 -7 -2 -6 -7 -6 -3 -4 -6 -6 -6    1   2   5   6   0   1   3  75   1   0   0   3   0   0   0   2   1   0   0   0  1.69 0.71
   40 D   -3 -2  0  4 -6  0  5  1  0 -5 -6  0 -3 -5 -5 -3 -3 -6 -4 -4    1   2   5  24   0   4  38  12   3   0   0   6   1   0   0   1   1   0   0   1  0.88 0.49
   41 K   -1  3  0  1 -4  0  2 -2 -2 -3 -4  4 -2 -5 -1  0  0 -5 -4 -3    4  17   3   8   0   3  15   3   1   2   0  27   1   0   3   7   5   0   0   1  0.50 0.33
   42 V   -3 -7 -7 -7 -3 -7 -7 -8 -7  4 -1 -7 -2 -1 -7 -6 -3 -1 -4  7    1   0   0   0   0   0   0   0   0  18   5   0   0   3   0   0   1   1   0  70  1.71 0.74
   43 Q    0  2  1 -2 -4  3  1 -3 -2 -2 -3  1 -2 -4 -2  2  2 -5 -3  0    9  10   6   1   0  14   9   1   0   2   2   9   1   0   1  13  14   0   0   6  0.29 0.26
   44 L   -5 -6 -7 -7 -3 -6 -7 -7 -6  5  5 -6  1  1 -7 -6 -5 -1 -3  0    0   0   0   0   0   0   0   0   0  31  53   0   2   6   0   0   0   1   1   6  1.34 0.59
   45 T    0  2 -2 -4 -4 -1 -3 -3 -2  1 -2 -2  0 -3  3  1  2 -5 -2  2    9  12   1   0   0   2   0   1   1  10   3   2   2   1  14   9  15   0   1  17  0.33 0.28
   46 G   -3 -5 -1 -1 -7 -4 -5  7 -5 -8 -8 -4 -7 -8 -3 -3 -5 -3 -8 -8    1   1   3   3   0   1   0  86   0   0   0   1   0   0   1   2   1   0   0   0  2.17 0.86
   47 F   -7 -8 -8 -8 -7 -5 -8 -6 -6 -2  0 -8 -3  9 -9 -7 -4  0 -1 -3    0   0   0   0   0   1   0   0   0   2   8   0   1  85   0   0   1   1   1   1  2.73 1.00
   48 L   -4 -7 -5 -6 -2 -7 -7  8 -7 -3 -5 -6 -3 -3 -7 -4 -6 -7 -8 -5    1   0   0   0   1   0   0  92   0   2   1   0   1   1   0   0   0   0   0   1  2.42 0.94
   49 N    0 -2  1 -4 -2 -3 -4 -4 -1 -1 -5  2 -4 -6 -5  3  5 -6 -4  0    5   2   5   0   1   0   0   1   1   3   0  12   0   0   0  20  41   0   0   7  0.84 0.53
   50 I   -5 -8 -8 -9 -7 -8 -8 -8 -6 -2  0 -8 -3  9 -9 -7 -7  0 -1 -4    1   0   0   0   0   0   0   0   0   2   7   0   0  87   0   0   0   1   1   1  2.90 1.04
   51 K   -1  0 -2  0 -1  0  4 -2 -1 -3 -3  2 -2 -2 -4  2  1 -5 -1 -1    4   4   1   4   1   3  26   2   1   1   2  15   1   1   0  19   8   0   3   4  0.41 0.32
   52 P   -1  0 -4 -5 -1 -2 -4 -4 -5  1 -1  0 -1 -4  1 -2  2 -6 -4  5    6   6   0   0   1   2   0   1   0   6   6   5   1   0   8   2  11   0   0  44  0.61 0.40
   53 V    0  4 -1 -3 -5  0 -2 -1 -1 -2 -4  4 -2 -4 -4  1  0  0 -3  1    6  25   2   0   0   4   1   4   1   1   1  24   1   0   0   9   5   1   1  13  0.51 0.36
   54 A    0  0  0  1 -5  2  3 -3  4 -3 -3  2 -2 -3 -1  0  1 -3 -1 -2    6   5   3   7   0   9  20   1  10   1   2  13   1   1   2   5   8   0   2   3  0.32 0.25
   55 R   -5  8 -4 -6 -4 -1 -5 -7 -1 -7 -4  1 -4 -6 -7 -3 -1 -4 -1 -4    1  76   0   0   0   3   0   0   1   0   1   7   0   0   0   2   3   0   2   2  2.02 0.86
   56 Q    4 -1  0 -2 -5 -1  0 -1 -2 -5 -5  4 -3 -6  2  1 -2 -6 -5 -3   33   3   4   2   0   2   6   3   1   0   0  24   0   0  11   8   1   0   0   1  0.62 0.41
   57 A    6 -3 -5 -4 -4 -1  2 -1 -5 -6 -5 -3 -5 -5  1  0 -3 -7 -6 -4   60   1   0   1   0   2  16   3   0   0   0   1   0   0   7   6   1   0   0   0  1.13 0.63
   58 R   -5  9 -5 -7 -8 -3 -5 -5 -1 -8 -6 -1 -4 -5 -7 -4 -4 -8 -2 -7    1  89   0   0   0   0   0   1   1   0   0   3   0   1   0   1   1   0   1   0  2.62 1.03
   59 K   -1 -1 -1 -1 -4  1  1 -4 -4  0 -2  2  3 -4 -1 -1  4 -5 -3  1    3   3   3   2   0   7  11   1   0   6   2  14   7   0   3   3  26   0   0   8  0.34 0.30
   60 G    2 -3 -5 -6 -3 -5 -6  7 -6 -4 -7 -5 -5 -6 -6 -3 -4 -3 -5 -3   13   2   0   0   1   0   0  77   0   1   0   0   0   0   0   1   1   0   0   2  1.83 0.77
   61 F   -5  8 -3 -6 -5 -3 -5 -7  0 -1 -5  0 -2 -2 -7 -5 -3 -1 -3  0    0  72   1   0   0   0   0   0   2   4   1   4   1   2   0   0   2   1   1   8  1.81 0.80
   62 N   -7 -5  9 -2 -8 -5 -5 -6  0 -6 -9 -3 -7 -8 -7 -4 -4 -9 -7 -5    0   0  93   1   0   0   0   0   2   1   0   1   0   0   0   0   1   0   0   1  2.98 1.14
   63 P   -6 -7 -7 -7 -8 -7 -6 -7 -7 -5 -5 -6 -4 -9  9 -6 -6 -9 -8 -6    0   0   0   0   0   0   0   0   0   1   1   0   1   0  96   0   0   0   0   1  3.35 1.23
   64 Q    0  5 -2 -4 -4  5 -3 -2  0 -5 -4  4 -2 -4 -5  0 -3 -6 -3 -4    7  29   1   0   0  24   0   3   2   0   1  22   1   1   0   6   0   0   1   1  0.93 0.53
   65 T   -4 -6  0 -3 -6 -5 -6 -6 -6 -6 -6 -4 -6 -7 -6 -1  8 -7 -6 -4    1   0   4   1   0   0   0   0   0   0   0   1   0   0   0   3  89   0   0   1  2.42 1.03
   66 Q   -4 -2 -1 -5 -7 -3 -5  7 -4 -8 -6  0 -4 -6 -5 -3 -3 -7 -7 -7    0   3   3   0   0   1   0  81   0   0   1   6   1   0   0   1   1   0   0   0  1.93 0.79
   67 E    1 -3 -3  0 -5  1  6 -3 -3 -6 -5  1 -4 -7 -5 -3 -2 -7 -5 -4   12   1   0   4   0   6  60   2   0   0   1   8   0   0   0   1   3   0   0   1  1.25 0.65
   68 A    1  0 -3 -2 -3  0  2 -4 -3 -2 -4  2 -2 -5  4  0  2 -6 -5 -1   13   5   0   1   0   3  13   0   0   2   1  15   1   0  18   7  15   0   0   5  0.45 0.33
   69 L   -4 -6 -7 -7 -2 -5 -7 -7 -4  6  1 -4  4 -3 -6 -5 -4 -6 -4  4    1   0   0   0   1   0   0   0   1  50   9   1  10   0   0   0   0   0   0  26  1.42 0.62
   70 E   -1  0  0  1 -4  3  2 -4  1 -2 -2  3  0 -4  0 -1  2 -4 -3 -2    4   4   5   6   0  14  16   0   3   2   3  16   3   0   5   3  12   0   1   2  0.33 0.27
   71 I   -4 -6 -7 -8 -3 -7 -7 -8 -7  7 -1 -5 -3 -4 -7 -5 -4 -7 -2  4    1   0   0   0   0   0   0   0   0  67   4   0   0   0   0   0   1   0   1  24  1.88 0.76
   72 A    2 -4 -4 -2 -6 -3 -2 -4 -6 -6 -5  1 -5 -7  7 -2 -3 -8 -7 -5   18   1   1   2   0   1   3   1   0   0   1   9   0   0  58   3   2   0   0   0  1.62 0.74
   73 P    6 -4 -5 -3 -4 -3  2 -2 -5 -6 -5 -2 -5 -5  1  0 -3 -7 -6 -5   66   1   0   1   0   1  11   3   0   0   0   3   0   0   8   5   1   0   0   0  1.26 0.67
   74 S    0  4 -3 -3 -1 -1 -3 -1  0 -4 -5  4 -1 -5 -4  3  2 -6 -2 -3    7  19   0   0   2   2   0   5   2   0   0  26   2   0   0  20  11   0   1   1  0.61 0.42
   75 V   -2  3  2 -3 -3 -1 -2 -5  1 -2 -3  5 -1 -3 -4 -1  2 -1  0 -1    2  17  11   1   1   2   1   0   3   2   2  34   1   1   0   3  12   1   3   4  0.60 0.40
   76 G    1  0 -3 -4 -3 -2 -4 -2 -3  0 -1  0 -1 -3 -4  0  2 -5 -1  5   12   5   1   1   0   1   0   3   0   3   4   5   1   0   0   8  12   0   2  40  0.49 0.37
   77 V    0 -6 -6 -6 -3 -6 -6 -6 -7  1 -1 -6 -2 -5  6 -5 -4 -7 -6  5    7   0   0   0   0   0   0   0   0   6   5   0   1   0  42   0   1   0   0  37  1.49 0.69
   78 S    1  3 -1 -3 -3 -1 -2 -1  1 -3 -4  4 -3 -1 -4  0  1 -5  0  1   11  14   2   0   0   1   0   4   3   1   0  32   0   3   0   7   8   0   3  10  0.45 0.34
   79 V   -5 -8 -8 -8 -3 -8 -8 -8 -6 -2 -3 -8 -3  9 -8 -7 -5 -1 -1 -3    1   0   0   0   1   0   0   0   0   2   2   0   0  90   0   0   1   1   0   2  2.99 1.07
   80 K   -2  4 -2 -4 -5 -2 -3 -5 -2 -4 -4  6 -4 -5 -5  1  1 -6 -5 -2    2  20   1   0   0   1   0   0   1   1   1  49   0   0   0   9  10   0   0   3  1.13 0.60
   81 P    4 -6 -6 -6 -3 -4 -5 -4 -6 -4 -4 -5 -2 -2  6 -2 -2 -7 -6  0   36   0   0   0   1   1   0   1   0   1   2   0   1   2  45   2   3   0   0   7  1.43 0.69
   82 G    1 -5 -4 -5 -4 -5 -5  6 -6 -6 -5 -5 -6 -6 -5  3 -3 -7 -7 -5   12   0   0   0   0   0   0  64   0   0   1   0   0   0   0  20   1   0   0   0  1.56 0.71
   83 E    0  0 -2 -2 -4  1 -2 -4 -4 -5 -6  7 -4 -7 -2  1  0 -7 -6 -4    6   4   2   1   0   7   2   1   0   0   0  59   0   0   2   9   5   0   0   1  1.17 0.61
   84 S    2 -1  0  0 -2  1  1  1 -1 -2 -2  1 -2 -3 -1  1  1 -3 -2 -1   22   3   4   4   0   5  12   8   1   3   3  10   1   1   3   7   8   0   1   3  0.17 0.17
   85 L   -5 -5 -7 -8 -6 -6 -7 -8 -6 -1  6 -7  1  5 -6 -7 -5 -2 -2 -2    1   0   0   0   0   0   0   0   0   3  67   0   3  22   0   0   0   0   1   2  1.59 0.70
   86 K   -4  3 -3 -5 -8 -2 -3 -6 -4 -5 -4  7 -6 -6 -6 -3 -3 -8 -6 -6    1  15   1   0   0   1   1   0   0   1   2  74   0   0   0   1   1   0   0   0  1.91 0.84
   87 K    0 -1  0  5 -6  0  5 -3 -3 -6 -6  1 -6 -7 -5 -1 -3 -7 -6 -5    8   4   3  34   0   4  33   1   0   0   0   8   0   0   0   3   1   0   0   0  1.03 0.54
   88 A    4  2 -4 -3 -3 -1 -2 -3 -2 -2 -1  1  0 -3 -4  0 -1 -4 -3  0   43  11   0   1   0   2   2   1   1   2   7   9   2   1   0   6   4   0   0   8  0.50 0.37
   89 A   -1 -6 -7 -7 -1 -6 -6 -7 -7  2  3 -6  0 -3 -6 -6 -4 -6 -5  6    4   0   0   0   1   0   0   0   0  11  23   0   2   1   0   0   0   0   0  58  1.38 0.62
   90 E    1  1  6  0 -6 -1 -1 -3 -3 -6 -4  3 -5 -6 -4  0 -2 -7 -5 -5   11   6  45   5   0   3   4   1   0   0   1  17   0   0   0   7   1   0   0   0  0.97 0.52
   91 G   -1 -3  3 -1 -5 -2 -2  6 -4 -5 -5  0 -5 -6 -4  2 -2 -5 -5 -5    4   0  13   4   0   1   2  54   0   1   0   5   0   0   0  15   1   0   0   0  1.00 0.42
   92 L    1  1  0  0 -2  0  0  1  0  0 -1  1 -1 -2 -2  1  0 -1 -2  0   13   9   4   5   1   4   2   9   2   8   5  11   0   1   0  10   7   1   1   7  0.07 0.07
   93 K   -1  3  1  2 -5  1  0 -1 -2 -5 -4  5 -3 -5 -3  0 -1 -2 -4 -4    4  15   6  10   0   6   5   3   0   0   1  42   0   0   0   5   3   1   0   0  0.64 0.30
   94 Y    1  0 -2 -2 -3 -1  0  0  0  0 -2  2 -2  0 -1  1  0  3  2  0   10   3   0   0   0   0   7   9   3   6   0  16   0   3   3  11   4   4  10  11  0.11 0.10
   95 E   -1  0  1  2 -4  0  2 -1  0 -3 -4  2 -3 -4  4  0 -1 -5 -3 -3    2   2   6  15   0   3  18   4   2   2   0  19   0   0  18   8   1   0   0   0  0.47 0.18
   96 D    1 -2  3  5 -4  0  3 -1 -2 -4 -4 -1 -4 -5 -3 -1 -2 -5 -4 -4   13   0  14  47   0   3  20   2   0   0   0   0   0   0   0   0   0   0   0   0  0.81 0.22
   97 F    3 -2 -2 -3 -2 -2 -2 -2 -1  0  0  0 -1  1 -2  0  0 -1  3 -1   45   0   0   0   0   0   0   0   0   6  10   6   0   6   0   4   6   0  17   0  0.25 0.11
   98 A    4 -1  1 -1 -2 -1  0  1 -2  0 -2  0 -2 -3 -2  0 -1 -3 -3 -1   54   0  12   0   0   0   7  11   0   8   0   8   0   0   0   0   0   0   0   0  0.30 0.10
   99 K   -1  3 -1 -1 -4  2  2 -2 -1 -3 -3  5 -2 -4 -2 -1 -1 -4 -2 -3    0  10   0   0   0  11  11   0   0   0   0  68   0   0   0   0   0   0   0   0  0.65 0.10

                      K         Lambda
Standard Ungapped    0.1255     0.3092
Standard Gapped      0.0410     0.2670
PSI Ungapped         0.2098     0.3179
PSI Gapped           0.0642     0.2670
