
Last position-specific scoring matrix computed, weighted observed percentages rounded down, information per position, and relative weight of gapless real matches to pseudocounts
           A  R  N  D  C  Q  E  G  H  I  L  K  M  F  P  S  T  W  Y  V   A   R   N   D   C   Q   E   G   H   I   L   K   M   F   P   S   T   W   Y   V
    1 M   -3 -4 -5 -6 -4 -3 -4 -5 -4 -1  0 -4 10 -2 -5 -4 -3 -4 -3 -2    0   0   0   0   0   0   0   0   0   0   0   0 100   0   0   0   0   0   0   0  2.42 0.58
    2 A    4 -3 -1 -1 -2 -2  1 -1 -3 -2 -3 -1 -2 -4  3  0  0 -4 -3  0   54   0   2   3   0   0   8   2   0   2   0   2   0   0  16   2   5   0   0   5  0.52 0.23
    3 N   -2  0  0  1 -4  4  4 -3 -2 -2 -1  2 -2 -4 -3 -1  1 -4 -3 -1    0   2   3   6   0  21  32   0   0   1   6  17   0   0   0   0   8   0   0   3  0.51 0.24
    4 M    3 -2 -3 -3 -2 -1  0 -2 -3  0  0 -1  3 -2  1  0  0 -3 -1  1   35   0   0   0   0   1   5   0   0   4  10   4  12   0   6   4   5   0   1  13  0.26 0.19
    5 K   -1 -1 -3 -2 -3  0 -2 -3 -3  3  2  2  1 -1 -3 -2  0 -3  1  1    5   2   0   2   0   3   0   2   0  29  18  18   4   0   0   0   4   0   5   9  0.25 0.17
    6 N   -2  0  3  0 -4  5  1 -2 -2 -4 -2  2  0 -2 -1  1 -1 -4 -2 -3    1   1  17   4   0  35   5   2   0   0   2  13   3   1   2   9   3   0   1   0  0.53 0.27
    7 S   -2 -4 -3 -4 -5 -4 -4  7 -4 -6 -6 -1 -5 -6 -5  0 -4 -5 -5 -6    0   0   0   0   0   0   0  91   0   0   0   3   0   0   0   5   0   0   0   0  1.93 0.53
    8 N   -1  0  1 -2 -4  0 -2  0 -3  0 -2  5  1 -4 -3  0  0 -4 -3  0    3   1   6   0   0   2   0   7   0   8   2  49   4   0   0   8   4   0   0   6  0.48 0.28
    9 D   -3  0  4  6 -5  0  0 -3  0 -5 -5  2 -4 -5 -4 -1 -2 -6 -4 -5    1   5  19  50   0   2   2   0   2   0   0  15   0   0   0   2   1   0   0   0  1.03 0.38
   10 R   -1  0 -2 -2 -3  0  0 -3 -3  2  1  3  0 -1 -3 -1  0 -4 -2  2    4   3   1   0   0   3   7   0   0  15  11  23   2   1   0   4   7   0   0  18  0.21 0.17
   11 I   -2 -4 -5 -5 -3 -4 -4 -5 -1  4  2 -1  0  1 -4 -4 -2 -4 -2  4    1   0   0   0   0   0   0   0   2  35  22   4   1   7   0   0   0   0   0  29  0.72 0.30
   12 I   -1 -4 -4 -3 -3 -3 -4 -3 -3  2  4 -4  0  0 -4 -2 -2  0  3  1    6   0   0   1   0   0   0   2   0  11  48   0   1   3   0   3   2   1  15   7  0.54 0.26
   13 L   -2 -3 -5 -5 -3 -4 -4 -5 -3  0  4 -3  2  4 -5 -4 -3 -2  3  0    3   1   0   0   0   0   0   0   0   4  48   1   6  23   0   0   0   0  12   4  0.81 0.33
   14 F    0 -4 -5 -5 -3 -3 -4 -4 -3  2 -1 -4 -1  6 -5 -3 -3  3  2  3   11   0   0   0   0   1   0   0   0  10   3   0   1  40   0   0   0   5   7  21  0.82 0.34
   15 R   -1  7 -3 -4 -5  3 -2 -3 -3 -5 -3 -1 -3 -5 -4 -3 -2  2 -1 -2    4  68   0   0   0  16   0   2   0   0   2   0   0   0   0   0   1   3   2   3  1.36 0.51
   16 K   -1  2 -2 -2 -4 -1  0 -3 -3  0  1  4 -1 -3  1  0 -2 -4 -3 -1    4  10   0   2   0   1   4   0   0   7  21  35   1   0   8   6   0   0   0   3  0.35 0.23
   17 A   -1  0  0  0 -1 -1 -2 -3  0  1  3 -1  0  0 -1 -2  0 -1  1  0    4   5   5   6   1   2   0   0   2   5  39   2   1   4   3   0   8   1   4   7  0.18 0.16
   18 G    2 -1  0  2 -3  0  1  2 -2 -2 -4  1 -3 -4 -3  2 -1 -4 -3 -3   24   3   3  14   0   2   7  19   0   3   0   9   0   0   0  14   2   0   0   0  0.35 0.20
   19 E    1 -2  1  5 -4  0  3 -2 -3 -4 -4  2 -4 -5 -3 -1  0 -5 -4 -4   16   0   5  34   0   3  22   1   0   0   0  12   0   0   0   3   4   0   0   0  0.68 0.31
   20 K    2  2 -1 -2 -3  2  0 -1 -2 -2 -3  3 -2 -4 -3  0  2  1 -3 -2   25   9   3   1   0  11   5   2   0   2   0  23   0   0   0   3  13   2   0   1  0.38 0.24
   21 V    1 -1  0  0 -3  0  2 -1 -2 -2 -1  2 -1 -3 -1  0  1 -3 -1  0   14   1   4   3   0   3  16   4   0   0   5  19   1   0   2   3  12   0   2   9  0.17 0.14
   22 D    0 -2  2  4 -4 -1  1  1 -2 -4 -4  2 -3 -4  2 -1  0 -5 -4 -3    9   0   9  28   0   0  11  10   0   0   0  14   0   0  11   2   4   0   0   1  0.47 0.23
   23 A    5 -2 -2 -4 -3  0 -3  3 -3 -4 -4 -3 -3 -4 -3  0  0 -4 -2 -2   62   2   1   0   0   4   0  19   0   0   0   0   0   0   0   3   5   0   1   2  0.86 0.39
   24 T    1  0  0  0 -2  0  0 -1 -2 -1 -1  1  1 -1 -2  1  2  2 -1  0   16   6   4   4   0   4   4   1   0   1   6   9   6   2   0  11  15   4   2   5  0.12 0.11
   25 K    0  3 -2 -3 -4 -1 -2 -1 -1  0  1  4 -2 -2  0 -2 -2 -4 -2 -1    7  16   1   0   0   0   0   5   1   8  16  36   0   1   5   1   1   0   1   2  0.36 0.24
   26 M   -2 -4 -3 -5 -3 -3 -4 -5 -4  3  3 -4  2  1  2 -3 -2 -3  0  2    3   0   1   0   0   0   0   0   0  17  40   0   7   5  11   0   0   0   2  15  0.57 0.25
   27 L    3  1 -2 -3 -2 -2 -2  1 -3  0  0  0  1 -1  2  0 -1 -3 -1  0   34   8   1   0   0   0   0   9   0   4   8   5   4   3  12   3   1   0   2   6  0.24 0.18
   28 F   -4 -2  1 -4 -4 -4 -4 -5  1 -1  2 -4 -1  6 -5 -4 -3  3  4 -2    0   2   9   0   0   0   0   0   3   2  25   0   1  42   0   0   0   3  14   0  0.94 0.36
   29 L   -3 -1 -3 -3 -5  7  1 -1 -2 -3 -2 -2  2 -5 -4 -2 -2 -5 -4 -2    0   2   0   0   0  72   8   4   0   1   4   0   5   0   0   1   2   0   0   2  1.43 0.55
   30 T   -3 -1 -3 -4 -4 -3 -2 -1 -4  0 -4 -1 -3 -5 -4  0  7 -5 -4 -1    0   3   0   0   0   0   2   5   0   5   0   3   0   0   0   4  76   0   0   3  1.25 0.51
   31 E   -1 -3 -1  3 -5 -1  5 -2 -3 -5 -5 -1 -4 -5 -3  2  1 -5 -4 -4    4   0   1  16   0   0  52   3   0   0   0   1   0   0   0  15   8   0   0   0  0.89 0.38
   32 Y   -1 -3  1 -3 -4 -1 -3  2  7 -2  0 -3 -1 -1 -4 -1 -2 -3  2 -1    3   0   7   0   0   1   0  18  37   1  12   0   1   2   0   5   2   0   6   4  0.69 0.32
   33 G   -2 -2  0  1 -3 -1  3  0 -3 -4 -3  0 -3 -3 -3  4  3 -5 -4 -3    0   0   4   6   0   0  19   5   0   0   1   4   0   1   0  38  22   0   0   0  0.60 0.32
   34 L   -2  0 -1 -3 -3 -2 -3 -1  3  1  1 -1 -1  3 -4 -2  1  4  2  0    1   6   4   0   0   0   0   4  10  11  13   2   1  16   0   2  10   8   6   8  0.26 0.16
   35 S   -1 -2  1  1 -3 -1  2 -1 -3 -4 -4  1 -3 -4 -1  4  2 -5 -4 -3    2   0   4   9   0   1  12   3   0   0   0  10   0   0   2  39  17   0   0   0  0.53 0.29
   36 H   -1 -1  0 -2 -3 -1 -1 -2  1  2  0  1  2  1  1  0 -1  1  2 -1    1   1   4   0   0   2   4   2   3  18   9  11   8   7   7   9   1   2   8   1  0.12 0.13
   37 E   -2 -3 -2 -1 -4  1  5 -1 -3 -5 -5 -1 -4 -5 -3  4  1 -5 -4 -4    0   0   0   1   0   4  45   5   0   0   0   2   0   0   0  35   7   0   0   0  0.93 0.42
   38 A    2  5  1 -3 -4  0 -2  0  0 -4 -4  2 -3 -4 -1  0 -1 -4 -3 -2   19  39   8   0   0   2   0   6   2   0   0  11   0   0   2   5   3   0   0   3  0.57 0.28
   39 D   -2 -3  0  6 -5 -2  3 -2 -3 -5 -6  0 -5 -6 -4  0 -2 -6 -5 -5    1   0   3  56   0   0  24   1   0   0   0   6   0   0   0   5   2   0   0   0  1.24 0.44
   40 T    0 -1  1  0 -3 -2  0 -2 -2 -1  0 -1 -1 -2 -3  3  2 -4 -1  0    7   3   7   5   0   0   5   1   0   3  11   2   1   1   0  33  12   0   2   6  0.22 0.18
   41 D   -2 -2  1  5 -4 -2  2 -2 -3  1 -1  0  0 -2 -3  0 -1 -5 -3 -1    1   0   6  37   0   0  14   1   0  12   5   6   2   2   0   7   4   0   0   3  0.47 0.24
   42 T   -1 -2  1  3 -3 -2  1 -1 -3 -3 -4 -2 -3 -4 -2  3  3 -5 -4 -2    4   1   6  19   0   0  10   3   0   1   0   1   0   0   1  28  24   0   0   2  0.52 0.28
   43 E   -1 -2 -2  0 -3  1  3 -4 -3  0 -1  0 -2 -4 -3 -1  4 -4 -3  1    2   0   0   3   0   6  28   0   0   5   6   3   0   0   0   2  31   0   0  14  0.48 0.29
   44 D    1 -1  0  0 -3  3  1 -1 -2 -1 -2  1  0 -3  0  1  1 -4 -3  0   14   0   2   6   0  18  11   3   0   5   0   9   4   0   3  11   7   0   0   5  0.22 0.16
   45 T   -3 -4 -3 -4 -4 -4 -4 -4 -5 -4 -4 -4 -4 -5 -4  1  7 -5 -5 -3    0   0   0   0   0   0   0   0   0   0   0   0   0   0   0   9  91   0   0   0  1.96 0.64
   46 M   -3 -1 -3 -4 -5  0 -2 -4 -3 -4 -3  7  0 -1 -4 -3 -2 -5 -4 -1    0   0   0   0   0   2   0   0   0   0   2  84   3   3   0   0   2   0   0   5  1.54 0.54
   47 D   -3 -4  0  7 -5  0  0 -4 -3 -4 -3 -3  1  0 -4  0  0 -5 -4 -4    0   0   3  66   0   4   4   0   0   0   2   0   5   5   0   7   5   0   0   0  1.21 0.42
   48 G   -1 -1 -3 -4 -5 -4 -4  7 -4 -6 -6  0 -5 -6 -5 -3 -4 -5 -5 -2    2   4   0   0   0   0   0  85   0   0   0   6   0   0   0   0   0   0   0   3  1.72 0.50
   49 S    0  2  2 -1 -3 -2 -2 -2 -2 -1 -3  0 -2 -3  1  2  3 -4 -1  0    6  15  13   1   0   0   0   1   0   4   0   3   0   0   7  18  22   0   2   7  0.33 0.21
   50 Y   -2 -2 -4 -4 -3 -3 -2 -2 -4  4  1 -2 -1  1 -4 -3 -2 -3  1  4    1   3   0   0   0   0   3   3   0  32  11   1   0   6   0   0   1   0   4  35  0.56 0.26
   51 N    0  1  3 -2 -3  0 -1 -2 -2  0  0  0 -2 -3 -1  2  2 -4 -1  0    7   7  19   0   0   2   2   1   0   6   8   6   0   0   3  16  13   0   2   7  0.17 0.14
   52 T    1 -1 -1  1 -3  0  0  1 -2 -2 -3  0 -2 -3 -3  2  3 -4 -2  0   10   2   1   7   0   5   4  13   0   1   0   5   0   0   0  16  26   0   1   9  0.28 0.18
   53 G   -1 -2 -2 -1 -3 -1 -2  1 -2  0 -1 -1 -2  0  2  0  0 -2  4  1    3   1   1   4   0   3   1  12   0   5   5   4   0   1  10   9   4   0  21  16  0.21 0.16
   54 G    0 -3 -1 -1 -4 -1 -3  5 -4 -5 -5 -1 -4 -5 -4  2 -1 -5 -5 -4    7   0   2   3   0   2   0  60   0   0   0   3   0   0   0  20   4   0   0   0  1.05 0.36
   55 S    0 -2  1  2 -3  0  0  2 -2 -2 -3  0 -1 -4  1  2  1 -4 -3 -2    7   0   6  13   0   4   5  14   0   1   0   7   1   0   8  22  10   0   0   1  0.30 0.17
   56 V    0 -1 -1 -1 -2 -2 -2  0 -1  1  2  0  0 -2  0  0  0 -3 -2  2    4   3   3   5   0   0   1   6   1   8  25   6   2   0   4   5   8   0   0  19  0.10 0.10
   57 E   -1 -2  0 -1 -4  0  5 -2 -3 -4 -4 -1 -4 -5 -3  2  3 -5 -4 -4    4   0   3   2   0   2  49   2   0   0   0   2   0   0   0  17  19   0   0   0  0.82 0.36
   58 S   -1 -2  0  0 -3  2  3 -1  0 -1 -3 -1 -2 -3 -2  1  3 -4  0  0    4   0   4   4   0  11  22   3   2   3   0   2   0   0   1   8  25   0   4   9  0.32 0.24
   59 T   -2 -3  0  2 -4  0  4 -3 -3 -4 -4 -1 -3 -5 -3  2  4 -5 -4 -3    0   0   3  10   0   4  28   0   0   0   0   2   0   0   0  20  33   0   0   0  0.76 0.39
   60 M   -1 -1 -4 -5 -3 -3 -4 -2 -4  3  3 -3  2  2 -2 -3 -2 -3 -2  2    6   5   0   0   0   0   0   3   0  23  27   0   7  12   1   0   0   0   0  16  0.47 0.28
   61 S   -2 -2 -2  2 -4 -1  4 -2 -3 -4 -4  1 -3 -5 -1  3  2 -5 -4 -1    1   0   0  12   0   1  31   1   0   0   0   7   0   0   2  27  14   0   0   4  0.61 0.39
   62 G    0 -4 -2 -4 -1 -2 -4 -1 -3  2  1 -3  2  3 -4 -2 -1  0 -1  3   10   0   2   0   1   2   0   5   0  16  14   0   5  18   0   1   3   1   0  23  0.34 0.23
   63 T   -2 -3  1  0 -4 -2  4 -1 -3 -4 -4 -1 -3 -5 -3  1  5 -5 -4 -3    0   0   6   3   0   0  31   4   0   0   0   2   0   0   0  10  42   0   0   0  0.82 0.46
   64 A    2 -2 -1 -2  1 -1 -2  0 -2 -1 -1 -2 -1  2 -2  2  0 -2  0 -1   24   1   2   1   3   3   1   7   0   3   7   1   1  11   1  22   5   0   2   4  0.19 0.17
   65 K   -3 -3 -2 -4 -3 -3 -4 -3 -2  4  2 -1  1  3 -4 -3 -2 -2  4  1    0   0   2   0   0   0   0   2   0  28  17   5   3  13   0   0   2   0  21   6  0.58 0.32
   66 M    1 -1  0 -1  0 -1 -2 -1 -1  1  2 -1  3  1 -3 -1 -2 -2  1  1   12   2   4   3   2   2   2   5   1   6  22   2  13   8   0   1   0   0   5  11  0.13 0.14
   67 F    2 -1  2  1 -3 -2  0  0 -2 -3 -3  0 -3 -1 -3  2  0 -3  1 -1   24   3  11  10   0   0   4   5   0   0   1   5   0   2   0  17   6   0   7   4  0.25 0.22
   68 Y   -2  2  2 -1 -3  0  0 -3 -2  0 -3  2 -1 -3  0  2  2 -3  1 -1    0  10  13   1   0   4   4   0   0   7   0  14   1   0   5  18  12   0   6   5  0.24 0.21
   69 G   -1  0  1  2 -4 -1  0  4  0 -2 -4  0 -3 -4 -3  0  0  0 -3 -3    3   5   8  16   0   2   6  34   3   3   0   5   0   0   0   8   5   1   0   1  0.43 0.24
   70 D   -2 -3  1  6 -5  0  0 -4 -3 -4 -2 -3 -4  1 -4  1  0 -5  0 -4    3   0   6  48   0   5   5   0   0   0   4   0   0   6   0  13   4   0   4   0  0.84 0.47
   71 D    0  0  0  3 -4 -1  2 -1 -3 -2 -2  1 -3 -4  3 -1  1 -4 -4 -1   10   4   3  17   0   0  17   3   0   2   2   9   0   0  15   3  11   0   0   4  0.34 0.25
   72 F    0 -2 -1 -1 -2  0 -1 -1 -1  1  1 -2  2  1 -1 -1  1 -2  0  1    7   0   2   3   0   5   2   6   2  12  13   0   7   9   3   2  11   0   3  13  0.09 0.13
   73 A    1 -1  1 -3  2  1 -2 -2  1  0 -1 -1 -2  1 -2  1 -2  5  1  1   17   2   7   0   6   7   0   2   3   5   5   4   0   6   2  10   0   9   6  10  0.20 0.21
   74 D   -2 -1  1  5 -5  0  2 -2  2 -2 -3  2 -2 -5  0 -1 -1 -5 -4 -3    3   2   5  38   0   4  12   2   5   2   1  16   1   0   5   1   3   0   0   1  0.58 0.29
   75 E    1  0 -2  1 -3  1  2 -3 -1 -1 -1  1  3 -1 -3 -2 -1 -3  2  0   13   4   0   7   0   5  20   0   1   3   6  12  11   2   0   0   2   0   8   7  0.21 0.19
   76 I   -1 -4 -5 -5 -3 -4 -5 -5 -4  4  4 -4  4  1 -5 -4 -3 -3 -2  1    4   0   0   0   0   0   0   0   0  24  49   0  11   7   0   0   0   0   0   5  0.83 0.33
   77 E   -1  2  0 -1 -4  1  3 -3  0 -1 -1  3 -1 -3 -3 -2 -1  0  2 -3    3   9   4   1   0   5  29   0   2   3   7  24   1   0   0   0   2   1   8   0  0.41 0.24
   78 D   -1  1  0  4 -4  1  2 -3 -1 -4 -3  2 -1 -4 -3 -1  0 -4  0 -3    4   6   4  33   0   7  14   0   1   0   1  13   1   0   0   3   6   0   5   1  0.49 0.24
   79 A    5 -3 -3 -2 -3 -3 -3 -2 -4 -4 -4 -1 -1 -4 -3  3 -1  3 -2 -2   60   0   0   1   0   0   0   0   0   0   0   3   2   0   0  26   2   5   1   1  0.92 0.43
   80 V   -2 -1 -3 -3 -1 -1 -2 -4  0  3  2 -1  2  2 -4 -2 -1  2  2  2    0   3   0   1   1   2   2   0   2  23  18   3   5   8   0   2   3   3   7  18  0.29 0.17
   81 V   -2  3 -2  1 -3  1  1 -3 -1  0  1  1  0  1 -3 -1 -1 -3  0  0    0  19   0  11   0   5  10   0   1   6  15   8   2   9   0   2   2   0   2   7  0.18 0.14
   82 D   -2 -2  5  4 -5 -1  1 -1  0 -5 -5  3 -2 -5 -3 -1 -1 -5 -4 -4    2   0  40  22   0   2   6   3   2   0   0  18   1   0   0   2   2   0   0   0  0.86 0.36
   83 R   -1  0  3  1 -4  1 -1  4  0 -5 -5  3 -4 -4 -3 -1 -2 -4 -3 -3    3   3  14   9   0   5   3  38   3   0   0  20   0   0   0   1   0   0   1   1  0.61 0.27
   84 V   -2  0 -1  2 -4  1  4 -3 -2 -2 -1  2 -2 -2 -3 -1  0 -4 -2  0    2   4   2  11   0   6  37   1   0   2   5  13   0   1   0   2   5   0   1   7  0.42 0.23
   85 L   -1 -1 -2 -2 -3  2  1 -3 -2  0  2  2  0 -1  1 -1  0 -2  2  0    1   1   0   0   0  10  10   0   0   6  22  15   1   1   6   4   6   0   9   7  0.17 0.15
   86 Y   -2 -4 -5 -5 -3 -4 -4 -3 -4  3  2 -4  3  0 -4 -3 -2 -3  2  4    2   0   0   0   0   0   0   1   0  14  24   0   9   3   0   0   0   0   8  39  0.67 0.30
   87 E   -3  0 -2  1 -6  0  6 -3  0 -5 -5  3 -4 -5 -2 -1 -3 -5 -4 -5    0   3   0   7   0   2  64   2   2   0   0  16   0   0   2   3   0   0   0   0  1.16 0.45
   88 A    0 -4 -4 -5  0 -4 -4 -3 -4  3  2 -4  1  3 -4 -3 -1 -3  0  3    7   0   0   0   2   0   0   1   0  23  16   0   4  15   0   0   2   0   2  29  0.51 0.24
   89 W   -5 -5 -6 -6 -5 -5 -3 -6 -1 -6 -5 -6 -5 -2 -6 -5 -1 12  1 -6    0   0   0   0   0   0   2   0   2   0   0   0   0   0   0   0   4  86   4   0  3.78 0.87
   90 E   -1  2  0  0 -3  1  3 -3  1  2  0  0  0 -2 -2 -1 -1 -3 -2  0    3  12   3   5   0   5  29   0   4  18   7   4   3   0   0   0   3   0   0   4  0.23 0.14
   91 V    1 -4 -4 -4 -2 -3 -4 -4 -4  4  2 -3  0 -2 -4 -3 -2 -4 -2  4   13   0   0   0   0   0   0   0   0  26  17   0   0   0   0   0   0   0   0  44  0.62 0.20
   92 E   -2  0  3  4 -3  1  1 -2 -1 -3 -3  0 -2  0  0  0  0 -2  2 -3    0   5  18  28   0   5   6   0   0   0   0   5   0   5   5   6   5   0  10   0  0.36 0.13
   93 S   -1  1 -1 -3 -2 -1 -1 -3 -2  1  2  1  1  1 -1  0  1 -2  0  0    2   8   2   0   0   0   2   0   0   6  27  13   4   8   2   7  10   0   2   6  0.14 0.15
   94 R    0  1  1  3 -3  1  1  0  0 -2 -2  1 -2 -3 -2  1  0 -3 -2 -2    8   9   9  18   0   4   7   7   2   2   3  12   0   0   1  10   6   0   0   2  0.21 0.13
   95 I    0  2 -1  0 -3  1  2 -1  0 -1 -1  1 -1 -3 -2  0  0 -3 -2 -1    5  17   1   6   0   5  15   4   2   5   7  12   0   0   0   7   8   0   0   5  0.16 0.12
   96 P    0  1 -1 -1 -3  0  1 -2 -2 -1 -1  3 -2 -3  2  0  0 -3 -2  0    9   6   1   2   0   2   7   2   0   3   6  28   0   0  13   4   6   0   0   9  0.24 0.17
   97 G   -1  0  3  1 -3  0  0  2  0 -2 -2  1 -2 -3  0  0  1 -3 -2 -2    3   3  22   7   0   2   4  18   2   3   5   9   0   1   5   5  10   0   0   1  0.24 0.15
   98 K    1 -1  0  0 -2  2  1  0 -2 -2 -1  1  0 -3  0  1  1 -3 -2 -1   10   0   4   5   0  13   7   6   0   0   5  10   4   0   4  11  13   0   0   6  0.14 0.14
   99 N    0 -1  1  1 -3  1  2  0  1 -2 -1  2 -2 -1 -2  0  1 -3 -2 -1    6   0   8  10   0   5  15   6   4   0   5  16   0   4   0   6   8   0   0   5  0.15 0.13
  100 G   -1 -2  2  1 -3 -1  1  4  0 -4 -4  0 -3 -4  0  1  0 -3 -3 -3    1   0  13   9   0   0  10  37   2   0   1   6   0   0   4   9   6   0   0   1  0.48 0.25
  101 D    0  0  1  2 -2  1  2  1 -1 -2 -2  1 -1 -2  1  1 -1 -2 -1 -2    9   2   6  17   0   7  12  11   0   1   3   8   2   1   6   8   3   0   3   1  0.20 0.11
  102 A    0 -1  2  0  1  0  1  0  1 -2 -2  2 -2 -2 -1  1  1 -2 -2 -1    8   1  12   5   4   4   7   7   4   1   2  17   0   2   2   7  11   0   1   4  0.14 0.10
  103 T   -1  0  2  1 -2  0  1  3 -1 -2 -2  0 -2 -1 -2  0  0 -2 -2 -1    2   6  12  10   0   5   8  26   0   1   4   7   0   4   1   5   5   0   1   4  0.21 0.12
  104 K    0  0  0 -1 -3  0  1 -2  0 -3 -2  5 -2 -3 -2 -1  1 -3 -3 -1    9   1   3   3   0   3   6   1   2   1   4  49   0   0   1   3  10   0   0   5  0.49 0.31
  105 F   -2 -3 -2 -4 -4 -3 -4 -4  3 -3 -2 -2 -3  3 -4 -3 -3 -1  8  0    4   0   2   0   0   0   1   1   6   0   2   3   0  11   0   1   0   0  60   8  1.36 0.53
  106 K   -1  0 -1  1 -3  0  1 -2 -2 -3 -2  2 -2  1  3  0 -2  1  1 -2    3   2   2  11   0   3  11   2   0   0   3  21   0   9  17   5   0   2   5   2  0.31 0.21
  107 A    5 -3 -3 -3 -2 -2 -2  0 -3 -2 -3 -2  0 -3  0  1 -1 -4 -3  0   63   1   0   1   0   0   1   6   0   1   1   1   3   0   4   8   2   0   0   8  0.73 0.37
  108 K   -1  1  0  0  1  0  0 -3  1  0 -1  3  1 -1 -3 -1  0  3  0 -1    4   7   3   4   3   4   6   1   3   5   5  26   4   3   1   4   6   4   3   4  0.21 0.13
  109 Y   -4 -4 -4 -5 -5  2 -4 -5  4 -4 -4 -4 -4  4 -5 -4 -4 -2  8 -4    1   1   1   1   0  11   1   1  10   1   1   1   0  19   1   1   1   0  50   1  1.82 0.54
  110 F    2  1 -3 -3 -3 -2 -3  2 -2 -1 -1 -2  5  2 -3 -1 -2 -2  3  0   19   8   0   0   0   0   0  15   0   1   3   0  21  11   0   4   0   0  10   5  0.36 0.24
  111 Q   -3  3 -1 -3 -4  5  0 -3  1 -1 -3  0 -2 -1 -3 -1 -1 -2  4 -2    1  19   1   0   0  39   3   1   3   4   1   2   0   2   0   3   3   0  15   2  0.69 0.33
  112 G    1 -4 -2 -3  3 -3 -3  5 -3 -2 -3 -3 -3 -4 -3 -1  0 -4 -4  0   14   0   0   0   8   0   0  57   0   2   1   0   0   0   0   2   5   0   0   8  0.89 0.32
  113 F   -2  0 -1 -2 -3 -1 -2 -3  1  1  1  0  0  1 -3 -1  1 -1  5  0    1   4   3   1   0   2   2   1   3   8  14   6   1   4   0   4  10   0  30   6  0.33 0.19
  114 H   -2 -4 -3 -5 -3 -4 -4 -5 -1  3  3 -4  0  1 -3 -3 -1  1 -2  4    1   0   1   0   0   0   0   0   2  21  30   0   1   7   1   0   1   2   0  33  0.62 0.28
  115 N   -1 -2  3  1 -3  0  1 -1 -2 -2 -4  0 -3 -4  0  3  3 -4 -3 -3    1   0  16   6   0   3  11   5   0   1   0   3   0   0   4  23  27   0   0   0  0.47 0.27
  116 K   -1 -2  2  1 -4  0  3 -1 -2 -5 -5  1 -4 -5 -3  4 -1 -5 -4 -4    2   0  11   6   0   2  27   3   0   0   0   8   0   0   0  41   1   0   0   0  0.70 0.35
  117 F   -3 -2 -2  2 -4 -3 -3 -4  0  0  1 -4  0  5 -4 -3 -2  6  3 -1    2   2   1  16   0   0   0   0   2   6  13   0   2  29   0   0   1  13  10   3  0.70 0.30
  118 E   -2 -2  0  2 -5  0  5 -1 -2 -5 -5 -1 -4 -5  0  2  0 -5 -4 -4    2   0   2   9   0   1  52   3   0   0   0   2   0   0   4  18   7   0   0   0  0.83 0.37
  119 L    0  0  0  0 -2  1  1 -2 -1  0  0  1  0 -1 -1  0  0  0  0  0    4   6   3   3   0   7  13   2   0  10  13  12   3   2   2   6   4   2   4   5  0.06 0.06
  120 K   -1 -2  0  2 -3 -2 -1 -2 -3 -4 -4  2 -3 -4  1  3  3 -5 -4 -3    1   0   3  13   0   0   2   1   0   0   0  13   0   0   8  32  26   0   0   0  0.60 0.32
  121 A    3 -2  3  1 -3 -1  0  0  0 -2 -3 -1 -3 -1 -1  1 -1 -4  0 -3   38   0  17   7   0   1   4   5   2   1   0   2   0   2   3  13   1   0   3   0  0.37 0.23
  122 E    0 -2  3  3 -4 -1  2  2 -2 -4 -5 -1 -4 -5  2  1 -2 -5 -4 -4    6   0  15  22   0   0  14  16   0   0   0   3   0   0  12  12   0   0   0   0  0.54 0.25
  123 A    4 -3  1 -1 -2 -1 -2 -1 -3 -2 -2 -2 -2 -3  0  1  1 -4 -1  2   41   0   7   2   0   2   0   2   0   0   2   0   0   0   5  11   7   0   2  18  0.38 0.25
  124 N   -3 -3  1  6 -6 -2  4  2 -3 -5 -6 -2 -5 -6 -4 -2 -2 -6 -5 -5    0   0   5  48   0   0  31  15   0   0   0   0   0   0   0   0   1   0   0   0  1.20 0.44
  125 G   -1 -3  1  5 -4 -2  2  3 -3 -5 -5 -1 -4 -5 -3  1 -2 -5 -4 -4    5   0   5  42   0   0  11  23   0   0   0   2   0   0   0  11   0   0   0   0  0.84 0.34
  126 I    0 -2  3 -1 -3  0 -1 -2  0  1  0 -1 -1  3 -2 -1  0 -2  0  0    7   0  20   1   0   4   2   2   3  10   9   3   0  21   1   4   4   0   2   8  0.19 0.16
  127 D    2 -3 -1 -1 -2 -1  0 -3 -3  1 -1 -2 -1 -3 -2  2  1 -4 -3  3   19   0   2   4   0   3   7   0   0   6   3   1   1   0   1  21   6   0   0  27  0.27 0.21
  128 E   -3 -3 -1 -1 -5  1  6 -4 -3 -4 -4 -1 -2 -5 -3  1  3 -5 -4 -3    0   0   2   0   0   4  56   0   0   0   0   2   1   0   0  10  25   0   0   1  1.04 0.45
  129 Y   -2  2 -2 -4 -3 -3 -3 -3 -2  3  2 -2  0  0 -4 -1 -2  0  3  2    1  16   1   0   0   0   0   2   0  17  19   0   2   2   0   4   1   1  14  20  0.35 0.22
  130 E   -1 -2  0  1 -4 -1  3 -3 -3 -5 -5  2 -4 -5 -3  4  1 -5 -4 -4    1   0   4   7   0   0  23   0   0   0   0  14   0   0   0  45   6   0   0   0  0.74 0.37
  131 Y    0 -3 -3 -3  0 -2 -3  0 -2  1  1 -3  0  0 -1  0  2  1  2  1   10   0   0   0   2   0   0   6   0  11  15   0   2   3   3   5  18   2   9  14  0.17 0.14
  132 E   -2 -3 -1  0 -4 -2  4 -2 -3 -4 -4  0 -3 -5 -3  2  5 -5 -4 -3    0   0   2   3   0   0  32   2   0   0   0   4   0   0   0  13  44   0   0   0  0.88 0.42
  133 Y    0 -4 -4 -5 -3 -4 -4 -4 -3  0  3 -4  3  6 -5 -3 -2  0  3 -1    7   0   0   0   0   0   0   1   0   5  27   0   8  38   0   0   2   1   8   3  0.77 0.32
  134 G    2 -2  2 -1 -3  2  0  1 -2 -1 -2  1 -2 -3  0  1  2 -4 -3 -1   18   0  10   1   0  10   4   9   0   2   3   8   0   0   3   9  19   0   0   3  0.22 0.17
  135 V   -1 -4 -4 -5  0 -4 -3 -5 -5  4  1 -4  0 -2 -1 -3  0 -4 -3  5    4   0   0   0   2   0   1   0   0  25  10   0   1   0   2   0   5   0   0  50  0.78 0.33
  136 N   -3 -2  4  3 -4  1  2 -3 -2  1 -2 -1 -3 -2 -3  0 -1 -4 -1 -2    0   1  28  21   0   9  12   0   0  11   3   1   0   1   0   7   2   0   3   2  0.46 0.25
  137 G   -2 -5 -2 -4 -5 -4 -4  7 -4 -2 -3 -4 -1 -3 -5 -1 -4 -5 -3 -5    0   0   1   0   0   0   0  85   0   3   3   0   2   1   0   3   0   0   1   0  1.67 0.52
  138 R   -1  1  0  0 -3  1  2 -1 -2  0 -2  3 -2 -3 -2  0  2 -4 -2  0    4   5   5   4   0   6  12   3   0   5   1  24   0   0   0   4  19   0   1   6  0.25 0.18
  139 F    0 -1 -2 -3 -3 -2 -3  2 -1 -1 -1 -1 -1  1  5  0  0 -4 -1 -1    6   4   0   0   0   0   0  18   1   3   7   3   1   7  30   9   7   0   1   2  0.47 0.22
  140 Q    0  0 -3 -3 -4  5  0 -4 -3 -1 -2  3 -2 -4 -3 -2 -2 -4 -3  2    8   4   0   0   0  35   3   0   0   2   2  24   0   0   0   1   1   0   0  19  0.66 0.36
  141 R   -2  3  0  3 -4  0  1 -3 -1 -2 -4  3 -2 -3 -1 -1 -2  1  0 -2    2  24   2  22   0   3  10   0   1   2   0  19   1   1   3   3   1   2   3   3  0.45 0.24
  142 G   -2 -4 -1 -2 -5 -4 -3  7 -2 -6 -6 -2 -5 -5 -4 -3 -1 -5 -5 -5    1   0   2   2   0   0   1  85   1   0   0   3   0   0   0   0   4   0   0   0  1.71 0.52
  143 F   -3 -1 -2 -2 -4 -2  3 -2 -1 -2  0  0  0  3 -3 -2 -1  6  4 -1    0   2   2   1   0   0  22   3   1   0   7   5   2  13   0   1   4  15  18   4  0.53 0.26
  144 A    3 -2 -1  1 -2 -2  0 -1 -3 -1  0 -2 -1 -1 -2 -1  2 -3 -2  1   35   0   2   7   0   0   5   3   0   2  10   0   0   3   0   1  19   0   0  12  0.27 0.20
  145 T    0 -3 -2  0 -3 -2  0 -3 -3 -3 -3 -2 -3 -4  2  0  6 -4 -3  0    6   0   0   5   0   0   6   0   0   0   1   2   0   0  10   4  57   0   0   7  0.80 0.37
  146 L   -3 -4 -5 -5 -3 -4 -5 -5 -5  2  5 -4  0  1 -5 -3 -2 -4 -3  1    1   0   0   0   0   0   0   0   0   8  75   0   1   5   0   2   1   0   0   8  1.03 0.40
  147 P   -1 -3  1  2 -3 -2 -1 -3 -3 -3 -2 -2 -1 -4  4  2  3 -5 -4 -3    3   0   7  12   0   0   3   0   0   0   3   0   1   0  22  21  28   0   0   0  0.64 0.31
  148 E    2 -2  0  3 -3  1  2 -1 -2 -3 -2  1 -2 -4  2  0 -1 -4 -3 -2   21   0   2  21   0   7  18   2   0   0   3   8   0   0   9   3   2   0   0   2  0.37 0.20
  149 A    1 -1  0  2 -2  0  2  1 -1 -1  0  0 -1 -2 -1  0  0 -2 -1 -1   11   1   4  13   1   3  19  11   1   4   9   4   1   1   1   5   5   0   2   4  0.12 0.07
  150 V    0 -1 -1  2 -2  2  1 -1 -1  0  0 -1  0 -1  2  0  0 -2 -1  0   11   2   2  13   1  13   6   2   1   9   7   2   2   3  10   3   7   0   1   5  0.12 0.07
  151 T    0 -1 -1  0 -2  1  1 -1 -1  0  0  1 -1  0  0  0  0 -2 -1  0    5   1   1   5   1  10  14   4   1   9   6   9   1   5   5   5   8   0   1  10  0.06 0.05
  152 K    1 -1 -1  3 -3  1  4 -1 -2 -3 -2  0 -3 -4 -2  0 -1 -4 -3 -3   16   2   1  16   0   5  38   4   0   0   3   5   0   0   0   5   1   0   0   1  0.50 0.24
  153 K    1 -1  1  1 -3  4  1 -3 -2 -2  0  0  2 -3 -2 -1  0 -3 -3  0   11   0   9   7   0  30   6   1   0   1   8   5   8   0   0   2   5   0   0   6  0.32 0.22
  154 L    0 -2 -2 -2 -2  1  2 -3 -2  3  2  0  0 -1 -2 -1 -1 -3 -2  1    6   1   0   1   0  10  15   1   0  21  21   5   1   2   1   2   1   0   0  13  0.21 0.15
  155 K    2  0  2  0 -2  1  3 -2 -1 -3 -3  1 -2 -3 -2  1  0 -3 -2 -2   23   2  13   3   0   4  21   1   0   1   1  10   0   1   1  11   6   0   0   1  0.31 0.17
  156 A    2 -1  1  0 -2  0  0  0 -1  0 -1  0 -1  1 -2  0  0 -2  0  0   25   1  10   5   0   2   8   5   0   5   6   5   0   8   1   5   3   0   3   8  0.07 0.08
  157 T    1 -2 -1 -2 -2 -1 -2  0 -2  2  1 -2  0  0 -2 -1  0 -3 -1  2   18   1   4   2   0   3   1   9   0  14  10   1   1   3   1   2   4   0   2  25  0.15 0.12
  158 G    0  0  0  2 -3  3  0  1 -2 -2 -2  0 -1  1 -2  0  0 -3 -2 -2    6   3   3  16   0  22   5  14   0   2   3   3   2   9   1   4   4   0   0   2  0.23 0.16
  159 Y   -4 -4 -4 -5 -5 -1 -4 -5 -1 -4 -3 -2 -3  1 -5 -4 -1 -1  9 -4    0   0   0   0   0   2   0   0   0   0   2   2   0   3   0   0   3   0  84   0  2.25 0.66
  160 R    2  0 -1  0 -2  0  1  2 -2  0 -1  0 -2 -3 -2  0 -1 -3 -3  1   23   4   2   6   0   2   8  15   0   5   3   7   0   0   0   6   1   0   0  17  0.15 0.13
  161 F   -2 -4 -5 -5 -4 -2 -5 -5 -3 -3 -1 -5  0  8 -5 -4 -4 -1  4 -3    3   0   0   0   0   2   0   0   0   0   5   0   2  72   0   0   0   0  13   0  1.69 0.52
  162 H   -1  4 -1  0 -4  3  2 -3  3 -3 -3  2 -2 -4 -1 -2 -1 -4 -2 -1    3  25   1   4   0  17  13   0  10   0   2  15   0   0   2   0   2   0   0   5  0.51 0.25
  163 D   -2 -1 -1  6 -4 -1  1  2 -2 -4 -4 -1 -3 -4 -1 -1  0 -4 -4 -4    3   2   0  53   0   2   6  15   0   1   1   4   0   0   2   3   6   0   0   1  0.81 0.30
  164 T   -1 -3 -2 -3 -2 -2 -2 -2 -3  1  1 -2  0 -2  1  0  4 -3 -3  1    2   0   0   0   0   0   1   3   0   8  16   0   2   0   8   4  43   0   0  10  0.45 0.25
  165 T    1 -2 -1  0 -2 -1  0  2 -2  0 -1  0 -1 -2 -1  0  2 -3 -2  1   11   0   0   5   0   2   5  18   0   3   5   6   1   0   2   6  21   0   0  14  0.15 0.12
  166 K    2 -1 -1 -2 -3  0  1 -1 -2 -3 -2  4 -2 -3  0 -1 -1 -4 -1  0   25   0   2   0   0   3  11   4   0   0   2  36   0   0   4   0   3   0   2   7  0.37 0.24
  167 A    0 -1  0  0 -2  0  1  0 -2  0 -1  0 -1 -1  1  1  1 -3 -1  1    6   0   5   4   0   3  12   5   0   5   5   5   0   2   8   9  13   0   3  14  0.09 0.08
  168 D    0 -2  1  3 -3  0  1  2 -2 -3 -3 -1 -3 -4 -2  1  3 -4 -3 -2    7   0   6  17   0   4  11  18   0   0   0   1   0   0   0   8  24   0   0   3  0.36 0.19
  169 A    1 -2  0  0 -3 -1  1  2 -1 -3 -2 -1 -1 -1  3  1  1 -3 -2 -2   16   0   3   4   0   1  11  19   1   0   2   1   1   3  16  10   8   0   0   0  0.30 0.15
  170 L    0 -1  0  0 -2 -1  1 -1 -2  0 -1  0 -1 -1  1  1  1 -3  0  0    8   2   3   4   0   0  15   5   0   9   4   8   0   2   5  10  13   0   3   8  0.08 0.08
  171 T   -1 -2  0  2 -3 -1  2  0 -3 -1 -3 -2 -3 -4  3  0  3 -4 -3 -1    4   0   4  11   0   0  14   8   0   4   0   0   0   0  15   6  31   0   0   3  0.41 0.22
  172 G    0 -1  0  3 -3 -1  1  3 -2 -3 -2  1 -3 -2  0  1 -1 -4 -3 -3    6   1   3  18   0   0   9  27   0   0   3  12   0   2   3  12   3   0   0   0  0.33 0.17
  173 E   -2 -2  1  3 -4 -1  3  2 -2 -4 -3  0 -3 -2  0  0  1 -4 -1 -3    0   0   6  19   0   0  27  20   0   0   2   5   0   2   3   6   9   0   2   0  0.40 0.20
  174 D   -1 -1  1  4 -3  0  2  2  0 -3 -1  0 -2 -3 -2  0  0 -4 -3 -1    4   1   4  31   0   2  12  18   2   0   7   4   0   0   0   2   8   0   0   4  0.33 0.16
  175 L    1 -1  0  0 -3 -1  0  3  0 -2 -1  1 -2 -3  1  0  1 -3 -3 -1   18   2   2   3   0   0   4  27   2   0   5  11   0   0   7   4  12   0   0   3  0.25 0.13
  176 T    2 -2  0  1 -2  0  1  0 -2 -2 -2 -1 -2 -3  0  1  2 -4 -3 -1   21   0   5   7   0   3  11   7   0   0   3   3   0   0   4  10  23   0   0   4  0.23 0.14
  177 A    2  0  1  2 -3  1 -1  2 -2 -2 -3  1 -2 -4 -2  1  1 -4 -3 -2   19   3   7  17   0   8   0  16   0   2   0   9   0   0   0   9  11   0   0   0  0.28 0.15
  178 I    1 -2 -2 -3 -2  1 -1 -1 -2  2  0 -2 -1 -2 -3  0  2 -3  1  2   11   0   0   0   0   8   2   5   0  22   5   0   0   0   0   7  20   0   5  15  0.19 0.15
  179 P    0 -2  2  3 -4 -1  1 -1 -2 -4 -4 -1 -3 -4  5 -1  0  1 -1 -3    7   0  13  21   0   0   8   3   0   0   0   3   0   0  34   0   6   2   3   0  0.72 0.24
  180 Q    0 -1 -1  1 -3  2  3  0 -2 -2 -3  1  0 -3 -2  2  0 -4 -3  0    3   0   0   8   0  14  21   8   0   0   0   8   3   0   0  20   6   0   0   9  0.27 0.15
  181 P    0 -3  0 -2 -3 -2 -1 -3 -3 -1 -1 -1 -2 -4  6 -1  0 -4 -3 -1    7   0   6   0   0   0   4   0   0   3   7   3   0   0  56   4   7   0   0   3  1.07 0.26
  182 K    0  1 -1  0 -3  1  0  0 -2 -1 -1  4 -2 -3 -2  1  1 -3 -2  0    4   4   0   3   0   3   4   5   0   3   4  40   0   0   0  13   8   0   0   7  0.26 0.14
  183 V    1 -2 -2 -1 -2  0  0 -3 -2  1  0 -2 -1 -2 -2  0  2 -3  0  3   11   0   0   4   0   6   4   0   0   4   4   0   0   0   0   4  20   0   4  38  0.23 0.15
  184 D   -1 -2  1  4 -3  0  3 -1 -2 -3 -1 -1 -2 -3  0  0  2 -4 -3 -2    4   0   4  26   0   0  30   4   0   0   6   0   0   0   3   6  16   0   0   0  0.42 0.17
  185 S    0 -2  0  1 -2 -1 -1  1 -2 -3 -3 -2  0 -3  2  3  1 -3  0 -1    3   0   4   8   0   0   0  12   0   0   0   0   3   0  10  42  10   0   4   3  0.37 0.18
  186 S    0 -2  0 -2 -2 -2 -2  0 -3  2 -1 -2 -1  0  1  1  2 -3 -2  2    4   0   4   0   0   0   0   9   0  20   0   0   0   5   8  18  15   0   0  18  0.18 0.12
  187 T   -1 -2 -1  0 -2  0 -2 -3 -3 -2 -3  0 -2 -4 -2  1  6 -4 -3 -2    0   0   0   5   0   5   0   0   0   0   0   6   0   0   0   8  77   0   0   0  0.91 0.31
  188 V   -1 -3 -1 -3 -2 -1 -2 -3 -3  1  1 -2  0 -2  4 -1 -1 -3 -2  2    0   0   4   0   0   4   0   0   0   9  21   0   0   0  28   6   0   0   0  28  0.47 0.14
  189 T   -1 -2 -1  1 -2 -2 -1 -2 -3 -2 -2 -2 -2 -3  0  2  5 -4 -3  0    0   0   0   7   0   0   0   0   0   0   0   0   0   0   5  20  63   0   0   5  0.65 0.21
  190 P    0 -2 -2 -2 -3 -1  0 -2 -2 -2 -3  0 -2 -4  6  0 -1 -4 -3 -1    7   0   0   0   0   0   8   0   0   0   0   8   0   0  60   9   0   0   0   8  1.13 0.15
  191 G    0 -2  0  1 -2 -1 -1  4 -2 -4 -4 -1 -3 -3 -2  3  0 -3 -3 -3    0   0   0  12   0   0   0  48   0   0   0   0   0   0   0  40   0   0   0   0  0.59 0.08
  192 E    1  0 -1  1 -3  1  4 -2 -1 -3 -3  1 -2 -3 -1  1 -1 -3 -2 -2   14   0   0   0   0   0  60   0   0   0   0  11   0   0   0  15   0   0   0   0  0.51 0.07
  193 V    0 -3 -3 -3 -1 -2 -3 -3 -3  3  1 -2  1 -1 -3 -2  0 -3 -1  4    0   0   0   0   0   0   0   0   0   0   0   0   0   0   0   0   0   0   0 100  0.40 0.02

                      K         Lambda
Standard Ungapped    0.1310     0.3124
Standard Gapped      0.0410     0.2670
PSI Ungapped         0.1371     0.3182
PSI Gapped           0.0420     0.2670
