
Last position-specific scoring matrix computed, weighted observed percentages rounded down, information per position, and relative weight of gapless real matches to pseudocounts
           A  R  N  D  C  Q  E  G  H  I  L  K  M  F  P  S  T  W  Y  V   A   R   N   D   C   Q   E   G   H   I   L   K   M   F   P   S   T   W   Y   V
    1 M   -2 -4 -4 -4 -3 -3 -4 -5 -4  6  1 -4  5 -1 -4 -3 -2 -4 -2  1    0   0   0   0   0   0   0   0   0  77   3   0  20   0   0   0   0   0   0   0  1.00 0.26
    2 T   -1 -1  3  2 -3  1  2 -2 -1 -1 -3 -1 -2 -3 -2  1  3 -4 -3 -2    3   0  19  12   0   5  23   0   0   5   0   0   0   0   0   5  28   0   0   0  0.37 0.11
    3 D   -2  0 -1  3 -4  2  0 -2  2 -3 -2  5 -2 -4 -2 -1 -2 -4 -2 -3    0   0   0  23   0  11   0   0   7   0   3  55   0   0   0   0   0   0   0   0  0.63 0.16
    4 I   -2 -3 -4 -4 -2 -3 -3 -4 -3  3  3 -2  2 -1  1 -3 -2 -3 -2  1    0   0   0   0   0   0   0   0   0  32  44   3   4   0   9   0   0   0   0   8  0.48 0.13
    5 V   -1 -1  2  0 -2 -1  2 -2 -2  1 -1  0 -1 -2 -2  0  2 -3 -2  1    3   0  17   3   0   0  18   0   0  12   3   4   0   0   0   7  18   0   0  16  0.18 0.09
    6 L   -2 -2 -3 -4 -2 -1 -3 -4 -3  3  4 -1  1 -1 -3 -3 -2 -3 -2  1    0   0   0   0   0   4   0   0   0  19  62   5   0   0   0   0   0   0   0   7  0.51 0.14
    7 N   -1  1  3  1 -3  0  0  0  0 -2 -1  2 -2 -3  2  0  0 -4 -2 -2    2   7  18   9   0   0   3   5   3   0   6  22   0   0  12   6   4   0   0   3  0.25 0.08
    8 D   -1  0  0  2 -3  1  2 -2  1 -3 -3  3 -2 -4  2  2  0 -4 -2 -3    2   0   2  15   0   4  11   0   3   0   0  29   0   0   8  18   7   0   0   0  0.38 0.11
    9 L   -2 -3 -4 -4 -2 -3 -4 -5 -4  4  4 -2  2 -1 -4 -3 -2 -3 -2  0    0   0   0   0   0   0   0   0   0  31  63   4   3   0   0   0   0   0   0   0  0.73 0.20
   10 P   -2 -1 -3 -3 -4 -2 -3 -4 -4 -2 -4  0 -4 -5  8 -2 -3 -5 -4 -4    0   4   0   0   0   0   0   0   0   4   0   8   0   0  85   0   0   0   0   0  2.11 0.33
   11 F   -3 -4  0 -4 -4 -4 -4 -4  1 -2 -2 -4 -2  7 -5 -3 -3  0  5 -2    0   0   6   0   0   0   0   0   4   0   0   0   0  62   0   0   0   0  29   0  1.32 0.28
   12 V   -1 -4 -4 -4 -2 -3 -4 -4 -4  2 -1 -3 -1 -2 -4 -2  1 -4 -3  6    0   0   0   0   0   0   0   0   0   4   0   0   0   0   0   2   6   0   0  87  0.98 0.27
   13 D   -3 -3  2  6 -4 -2  0 -3  2 -3 -5 -2 -4 -5 -3 -1  0 -5 -4 -4    0   0   9  75   0   0   0   0   6   2   0   0   0   0   0   3   5   0   0   0  1.24 0.29
   14 G   -1 -3  0  0 -4 -3 -3  6 -3 -4 -2 -3 -3 -4 -3 -1 -3 -4 -4 -4    0   0   3   6   0   0   0  83   0   0   6   0   0   0   0   3   0   0   0   0  1.28 0.27
   15 P   -1 -2 -3 -3  0 -1 -1 -3 -2  2  2 -2  1 -1  2 -2  0 -2  1  2    2   0   0   0   3   4   3   0   0  12  21   0   3   0  12   0   8   0   8  24  0.22 0.09
   16 P   -2 -4 -3 -3 -4 -3  0 -4 -4 -5 -5 -3 -4 -5  8  0 -3 -5 -5 -4    0   0   0   0   0   0   6   0   0   0   0   0   0   0  87   8   0   0   0   0  2.25 0.38
   17 A    0 -2  1  4 -3  0  1  1 -2  0 -3 -1 -2 -3 -2  1  1 -4 -3 -2    9   0   5  31   0   3  10  14   0   9   0   0   0   0   0   8   9   0   0   0  0.34 0.13
   18 E    0 -2 -1  4 -3  0  3 -1 -2  0 -3  0 -2 -3  2  1 -1 -4 -3 -1    6   0   0  27   0   0  25   4   0   7   0   5   0   0   9  12   0   0   0   5  0.38 0.14
   19 G   -1 -3 -1  2 -4 -2  0  5 -3 -4 -4 -2 -4 -1 -3 -1  0 -4 -3 -4    0   0   0  11   0   0   8  68   0   0   0   0   0   4   0   2   6   0   0   0  0.96 0.24
   20 Q   -3 -1 -2 -2 -5  8  0 -4 -2 -5 -4 -1 -2 -5 -3 -2  0 -4 -3 -4    0   0   0   0   0  93   0   0   0   0   0   0   0   0   0   0   7   0   0   0  1.76 0.45
   21 S    0 -1 -1 -2 -2  2  0  0  1 -2 -2  1  0 -1 -2  2  3 -3 -2 -2    5   0   0   0   0  16   3   7   5   2   0  13   3   3   0  16  27   0   0   0  0.27 0.14
   22 R   -2  6 -2 -3 -4  2 -1 -3 -2 -4 -4  1 -3 -4 -1  1 -2 -4 -3 -4    0  74   0   0   0   9   0   0   0   0   0   4   0   0   2  11   0   0   0   0  1.18 0.31
   23 I   -3 -4 -5 -5 -3 -4 -5 -5 -5  6  1 -4  0 -2 -4 -4 -2 -4 -3  2    0   0   0   0   0   0   0   0   0  84   9   0   0   0   0   0   0   0   0   7  1.18 0.31
   24 S    0  1  3  3 -3  1  1 -1 -1 -1 -3  0 -2 -3 -2  1  1 -4 -3 -2    6  11  19  18   0   7   9   3   0   4   0   0   0   0   0  15   9   0   0   0  0.32 0.12
   25 W   -5 -4  1 -5 -5 -4  0 -5 -4 -5 -4 -4 -4 -2 -6 -4 -4 12  0 -5    0   0   7   0   0   0   7   0   0   0   0   0   0   0   0   0   0  86   0   0  3.30 0.54
   26 I   -1 -4 -4 -4 -2 -4 -4 -5 -4  6  2 -4  0 -2 -4 -3 -2 -4 -3  2    5   0   0   0   0   0   0   0   0  69  15   0   0   0   0   0   0   0   0  11  0.90 0.27
   27 K   -1  2 -1 -2 -3  2  1 -3 -2  0 -1  4 -2 -3 -2 -1  0 -4 -3 -1    3  14   0   0   0  10   9   0   0   8   5  42   0   0   0   0   6   0   0   3  0.42 0.18
   28 N   -1 -2  8  0 -4 -2 -2 -2 -1 -5 -5 -2 -4 -5 -4 -1  0 -6 -4 -4    6   0  88   3   0   0   0   0   0   0   0   0   0   0   0   0   3   0   0   0  1.64 0.43
   29 G   -1 -3 -2 -1 -4 -3  0  6 -3 -5 -5 -1 -4 -5 -4  0 -1 -4 -4 -4    0   0   0   2   0   0   5  80   0   0   0   4   0   0   0   5   3   0   0   0  1.33 0.36
   30 E   -2  0 -1  3 -4  2  5 -3 -2 -4 -4 -1 -3 -4 -3  0 -2 -4 -3 -2    0   5   0  19   0  10  57   0   0   0   0   0   0   0   0   4   0   0   0   3  0.93 0.33
   31 E   -1  2  0 -1  3  1  1 -3 -2 -1  0  0 -1  0  1 -1  0 -3 -1 -1    2  15   4   1  11   5  14   0   0   3  14   6   0   5   7   3   9   0   2   0  0.15 0.12
   32 I   -1 -3 -4 -4 -3 -3 -3 -4 -4  2  4 -1  3 -1  0 -2 -1 -3 -2  0    4   0   0   0   0   0   0   0   0  11  59   3   8   1   6   1   2   0   0   4  0.56 0.25
   33 L    0 -2  2  2  2  0  1 -2 -2 -3 -2 -1 -1 -3 -2  1  4 -4 -3 -2    7   0  11  13   5   2  11   0   0   0   3   0   2   0   0  12  33   0   0   0  0.40 0.22
   34 G    2 -3 -2 -1 -3 -1 -3  5 -3 -4 -4 -3  0 -4 -3  0 -2 -4 -4 -3   24   0   0   3   0   3   0  63   0   0   0   0   3   0   0   4   0   0   0   0  1.03 0.35
   35 A    5  0 -3 -3 -2 -2 -2  1 -3 -1 -3  0 -2 -4 -3  0  0 -4 -3 -2   68   4   0   0   0   0   0  10   0   4   0   4   0   0   0   5   6   0   0   0  0.70 0.33
   36 D   -1 -1  2  2 -3  0  2 -2 -2 -2 -3  1  0 -3  0  3  0 -4 -3  0    2   0   9  13   0   1  14   0   0   0   0  12   4   0   3  31   3   0   0   9  0.33 0.21
   37 T   -2 -3 -2 -1  1 -2 -3 -2 -3 -2 -3 -1 -3 -4 -3  1  6 -4  0  0    0   0   0   3   3   0   0   3   0   0   0   3   0   0   0   8  71   0   3   6  0.96 0.43
   38 Q    0  3 -1  0 -3  1  0 -1 -2 -1 -1  3 -2 -3 -1  0 -2 -3 -1 -1    5  20   0   7   0   7   5   4   0   3   5  32   0   0   3   4   0   0   2   4  0.32 0.18
   39 Y    0 -2  2 -2 -3 -2 -2  0 -1  1 -1  0 -1  1 -3 -1  1 -1  4  1    8   0  12   0   0   0   0   9   0  11   3   8   0   6   0   0   9   0  23   9  0.21 0.17
   40 G    0 -1  1  1 -3 -2  0  4 -2 -3 -3 -1 -3 -3 -2  1  0 -3 -3 -1    5   3   5   9   0   0   4  45   0   0   1   2   0   0   0  12   6   0   0   6  0.50 0.21
   41 S   -2 -1  5  0 -3 -1 -1 -2  3 -1 -2  1 -2 -3 -3  1  0 -3  1 -3    1   1  43   2   0   0   1   1   8   4   5  10   0   0   1  13   5   0   5   1  0.53 0.26
   42 E   -1 -2 -1  4 -3  0  3  0 -2 -3 -2 -1  0 -3 -2  1  1 -4 -3 -2    4   0   0  33   0   3  26   5   0   0   3   0   3   0   0   9   8   0   0   3  0.48 0.23
   43 G   -1 -3 -2 -3 -3 -3 -3  6 -3 -1 -4 -3 -3 -4 -3 -1 -3 -3 -4 -3    1   1   1   1   0   1   1  82   0   4   1   1   0   0   1   3   1   0   0   1  1.43 0.41
   44 S    0  0  3  0 -3  2  2 -2 -2 -2 -3 -1 -2 -2 -1  1  1 -4 -3  0    9   5  19   2   0  10  16   0   0   0   0   0   0   2   2  13  10   0   0  10  0.28 0.21
   45 M    0 -1 -4 -4 -3 -3 -2 -4 -4  1  5 -3  1  0 -4 -3  0 -3  0 -1    7   3   0   0   0   0   2   0   0   4  69   0   3   3   0   0   5   0   3   0  0.73 0.36
   46 N   -2 -1  7 -1 -5 -2  2 -3 -2 -5 -5 -1 -4 -5 -4 -1 -1 -5 -1 -5    2   2  69   0   0   0  16   0   0   0   0   2   0   0   0   3   2   0   3   0  1.36 0.54
   47 R    1  5 -2 -3 -3  1 -1 -2 -2 -1 -3  1 -2 -2 -3  1  0 -4 -3 -1   17  38   0   0   0   5   1   2   0   5   0   7   0   2   0  12   6   0   0   3  0.45 0.27
   48 P    2  0 -1  0 -1  0 -1 -1 -2  0  0 -1 -1  0  2  0  0 -3 -2  1   28   4   3   4   1   5   2   2   0   3   7   3   0   6  12   3   5   0   0  12  0.16 0.14
   49 T    0 -1 -2 -1 -3 -1 -2  3 -3  1 -1  0 -2 -3  0  1  1 -4 -3  1    6   2   0   2   0   3   0  30   0   8   4   4   0   0   4  10  12   0   0  14  0.25 0.18
   50 V    1 -2 -1 -2 -2 -2  0 -3 -3  0 -1  1 -1 -2 -3 -1  2  0 -1  3   16   0   3   2   0   0   5   0   0   3   4   9   0   0   0   2  15   1   2  36  0.27 0.24
   51 S   -1 -1  1  1 -4  5  2 -1  1 -4 -3  1 -3 -4 -3  2 -2 -4 -3 -4    3   2   6   6   0  32  17   5   4   0   2   6   0   0   0  17   0   0   0   0  0.55 0.33
   52 V   -1 -4 -1 -4 -3 -2 -4 -3 -4  4  4 -4  0 -2 -4 -3 -1 -4 -3  2    3   0   4   0   0   2   0   2   0  29  41   0   0   0   0   0   2   0   0  16  0.65 0.34
   53 L   -3  1  2  0 -5  7  0 -4 -2 -5 -3  0 -3 -3 -4 -1 -1 -4  0 -4    0   5  12   6   0  58   4   0   0   0   2   4   0   1   0   3   4   0   3   0  1.10 0.55
   54 R    1  0  1  0 -3  1  2 -1 -2 -3 -3  3 -2 -4 -3 -1  2 -4 -1 -1   10   4   8   5   0   6  17   3   0   0   1  21   0   0   0   1  17   0   2   4  0.31 0.24
   55 N   -2  0  6  2 -4  1 -1 -1 -2 -4 -2 -1 -1 -5 -2  0 -1 -5 -4 -4    2   5  53   9   0   7   2   4   0   0   4   2   2   0   1   5   4   0   0   0  0.86 0.45
   56 V    0 -4 -4 -4 -3 -4 -4 -4 -4  5  1 -2  0 -2 -4 -3 -1 -4 -3  4    6   0   0   0   0   0   0   0   0  37  12   3   2   0   0   0   3   0   0  35  0.78 0.39
   57 E    1 -1  1  2 -3  1  2 -1 -2 -1 -2  0 -2 -3 -2  0  2 -4 -3  1   12   2   6  13   0   8  13   3   0   3   2   3   0   0   1   2  15   0   0  14  0.19 0.18
   58 V    1  0  1 -1 -2  2  0 -1 -2 -1 -1  0 -1 -1 -2  0  2 -3  0  0   14   5   6   3   0  11   6   3   0   3   4   6   0   2   0   7  15   0   4  10  0.11 0.14
   59 L   -1 -3  0 -4 -3 -3 -4 -3 -4  2  4 -2  1 -2 -2 -3  0 -4 -1  3    4   0   5   0   0   0   0   1   0  13  45   2   2   0   2   0   4   0   1  20  0.52 0.32
   60 D   -1  0  1  3 -1  2  2 -1  2 -3 -4  1 -3 -3 -3  1  0 -4 -1 -3    4   4   4  22   1  13  13   4   7   2   0   8   0   1   0  11   5   0   2   0  0.38 0.26
   61 K   -1 -1  0  2 -4  2  3  0 -1 -3 -4  1 -3 -4 -3  1  1 -4 -2 -1    4   1   2  15   0   9  22   8   1   0   0   8   0   0   0  12  12   0   1   6  0.35 0.26
   62 N   -1  2  5  3 -4  1  2 -3 -2 -2 -3  0 -3 -5 -3 -1  0 -5 -4 -3    4  11  33  14   0   4  15   0   0   3   2   5   0   0   0   3   5   0   0   1  0.59 0.37
   63 I   -1 -3 -2 -2 -3 -1 -2 -4 -2  4  2 -1  1 -1 -4  0  0 -4 -3  2    3   0   1   2   0   3   1   0   1  29  22   4   4   2   0   7   7   0   0  16  0.36 0.26
   64 G   -1 -1  2  2 -3  1  2  1 -1 -1 -1  1 -2 -2 -3  0  0 -4 -3 -2    4   2  13  14   0   5  17  10   1   4   5   8   0   2   0   8   7   0   0   3  0.22 0.18
   65 I    0 -1  0  1 -3  0  1 -1 -2 -1  0  1 -2 -3 -3  0  2 -3 -1 -1   10   2   5  10   0   4   8   4   0   4   9  13   0   0   0   6  21   0   3   2  0.16 0.19
   66 L   -2 -2  0 -1 -3 -1 -1 -4  2  2  3 -1  1 -1 -1 -1  1 -3 -1  1    1   1   4   3   0   3   4   0   5  15  31   4   2   1   2   3  12   0   2   7  0.21 0.21
   67 K    0  0  1  2 -4  1  2  1 -2 -3 -3  3 -3 -4 -1  0  0 -4 -3 -1    7   4   5  10   0   7  14   9   0   0   1  22   0   0   3   6   6   0   0   6  0.27 0.22
   68 T    1 -1  0  1 -3 -1 -1  2 -3 -1 -2  1 -2 -4 -3  1  3 -4 -3 -1   15   2   3  10   0   2   3  15   0   3   3   9   0   0   0  11  21   0   0   3  0.27 0.23
   69 S    0  0  0  2 -3  1  1 -1 -2 -3 -2  2 -2 -4 -3  1  2 -4 -3 -2    8   5   4  11   0   6   7   5   0   0   4  19   0   0   0  10  19   0   0   2  0.28 0.23
   70 L   -1 -3  0 -1 -3 -3 -2 -4 -3  3  2 -2  0  1 -4 -2 -1 -3 -1  3    3   0   5   3   0   0   2   0   0  20  26   3   1   6   0   2   2   0   1  25  0.39 0.27
   71 E   -1  0  4  2 -3  0  2  0  2 -3 -2 -1 -3 -3 -2  1  1 -4  0 -2    5   4  22   9   0   4  14   5   5   0   3   2   0   0   1  13   8   0   4   1  0.32 0.24
   72 T    0 -1  0  1 -3  0  4 -2 -2 -1 -2  0 -2 -4 -1  1  2 -4 -3 -1    9   3   3   6   0   2  32   2   0   4   4   5   0   0   2   9  14   0   0   4  0.34 0.27
   73 A    0 -2  0 -2 -3 -2 -1 -4  1  2  3 -1  1 -1 -2 -1  0 -3 -2  2    7   2   4   1   0   1   3   0   4  17  30   3   3   2   1   2   6   0   0  14  0.23 0.20
   74 N   -1  1  2  1 -3  1  0  0 -1  1 -2  1  0 -2 -3  1  1 -3 -1 -1    4   7  10   9   0   9   5   7   1  11   0   8   3   2   0  10   8   0   2   4  0.12 0.14
   75 S    0 -1  1  4 -4  1  3  0 -2 -4 -3  0 -3 -4 -3  1  1 -5 -4 -2    6   1   7  25   0   5  20   9   0   0   2   3   0   0   0   9   9   0   0   4  0.44 0.30
   76 D   -1  1  2  1 -3  2  2 -1 -1 -1 -1  1 -2 -3 -3  0  0 -3  0 -1    2   6  11  10   0  14  13   5   1   3   8   7   0   0   0   4   6   0   4   6  0.19 0.18
   77 I   -1 -4 -4 -5 -3 -2 -4 -5 -4  4  1 -2  1 -1 -4 -2 -1 -4 -1  4    5   0   0   0   0   2   0   0   0  24  15   3   3   2   0   3   3   0   2  39  0.67 0.39
   78 K    0  0  4  2 -4  1  2  0  0 -4 -4  1 -3 -2 -1  0  1 -4 -3 -3    6   3  23  10   0   7  13   6   2   0   0   9   0   1   3   5  11   0   0   0  0.39 0.27
   79 T    0  1  2  1 -3  1  0  0  0 -1 -1  1  0 -3 -1  0  2 -3 -3 -2    5   6  11   7   0   7   5   5   2   4   5  12   3   0   3   6  18   0   0   0  0.17 0.17
   80 I   -1 -2  0 -3 -2 -1 -1 -2  1  3  2 -1  1  0 -1 -1 -1 -3 -2  1    5   2   5   0   0   3   3   3   4  22  25   3   4   2   3   2   4   0   0   8  0.17 0.17
   81 Q   -1  1  2  1 -3  2  2 -1  1 -3 -2  3 -2 -3 -2  0  0 -4 -3 -1    3   5  14   7   0  10  15   3   3   0   3  20   0   0   0   6   4   0   0   4  0.30 0.21
   82 G    1  0  1  3 -3  1  2  1 -2 -3 -3  1 -2 -3 -2  1  0 -3 -3 -1   10   5   6  17   0   4  18  11   0   0   1   7   0   0   0   9   6   0   0   4  0.27 0.18
   83 I    1  0  2  1 -2  0  0 -1 -1  1 -1  0 -1 -1 -2  0  1 -3  0  0   16   7  12   8   0   3   4   3   0  12   6   4   0   3   0   7   9   0   3   3  0.07 0.10
   84 L   -1 -2 -3 -4 -3 -3 -4 -3 -1  2  4 -1  0 -1 -4 -2 -1 -3 -1  2    4   2   1   0   0   0   0   2   2  13  51   3   0   2   0   2   4   0   2  12  0.50 0.32
   85 D    0 -1  3  3 -3  1  2  0 -2 -1 -3 -1 -3 -4 -3  0  1 -4 -3 -3    8   3  18  19   0   5  17   8   0   4   2   0   0   0   0   7   8   0   0   0  0.37 0.26
   86 V    1 -1  0  0 -2  0  1 -1  0  0  0  0  0 -2 -2  0  1 -3 -2  0   16   2   6   6   0   2  11   4   2   8   9   5   2   0   0   7  11   0   0   7  0.08 0.10
   87 S    0  0 -1 -1 -2  0 -1  1 -1  0  1  0  0 -2 -1  1  0 -3 -2  0    6   4   2   2   0   6   4  15   1   7  16   5   2   0   2  16   7   0   0   5  0.08 0.11
   88 G    0 -1  1  2 -3 -1  0  3  0 -1 -2  0 -2 -3 -1  1  1 -3 -3 -2    5   3   5  14   0   2   5  28   2   3   3   4   0   0   2  15   8   0   0   1  0.30 0.21
   89 D   -1 -1  2  4 -3  0  2 -2 -2  0 -1  0 -2 -3 -3  1  0 -4 -3 -2    3   3  11  30   0   3  13   2   0   6   6   7   0   0   0   9   6   0   0   2  0.37 0.25
   90 I    1  0  1 -2 -2  0  0  0 -2  0  0  0  0 -1 -2  1  1 -3 -1  1   13   4   7   0   0   6   4   9   0   6  11   6   2   2   0  10   8   0   2  10  0.06 0.08
   91 E   -1 -1  1  4 -3  0  1 -1 -2 -2 -2  1 -3 -4 -2  1  1 -4 -3 -2    5   2   6  31   0   3   9   5   0   2   4   7   0   0   0  14  10   0   0   2  0.38 0.26
   92 A    1 -1  1  0  0 -2  0 -2 -2  2  2 -1  0 -2 -2 -1  0 -3 -2  1   11   2   9   6   2   0   5   2   0  15  24   3   0   0   0   3   6   0   0   9  0.12 0.15
   93 L   -1 -1  0 -2 -2  0 -2 -1 -2  3  2  0  1 -1 -3 -2 -1  0 -1  2    2   3   5   2   0   5   2   5   0  20  23   7   3   1   0   2   2   2   2  15  0.17 0.17
   94 A    1 -1  1  1 -3  2  2 -1 -2 -3 -3  1 -1 -4  0  0  2 -4 -3 -3   12   0   7   8   0  12  18   3   0   0   0  11   2   0   3   5  17   0   0   0  0.34 0.27
   95 Q    0  1  1  1 -2  1  1 -2 -1  0  0  1 -1  1 -2  0  0 -2 -1  0    8   8   7   8   0   7   8   1   0   8   8   8   0   7   0   8   8   0   0   8  0.06 0.08
   96 I   -3 -4 -4 -2 -3 -4 -3 -3 -1  4  1 -3  0 -1 -4 -3 -1 -4 -3  5    0   0   0   2   0   0   2   2   1  29  11   2   1   1   0   0   3   0   0  44  0.77 0.41
   97 G    0 -1  4  1 -3  1  1  1 -2 -3 -2  0 -2 -3 -3  0  0 -3  0 -2    8   2  27   8   0   7   9  11   0   1   5   6   0   0   0   5   5   0   3   2  0.30 0.23
   98 I   -1 -1  0  1 -3  2  1 -1 -2  0 -1  2 -2 -3 -2  0  2 -3 -2  0    3   1   2   8   0  11  12   4   0   8   7  14   0   0   0   7  15   0   1   6  0.17 0.18
   99 N   -2 -2  4 -1 -1  0 -2 -1  1  0  2 -1  0 -1 -3 -1  0 -3 -1  0    1   0  31   2   1   6   1   3   4   5  21   4   3   2   0   2   6   0   1   8  0.30 0.26
  100 K    0  1  0  0 -3  1  2 -2 -1 -3 -3  3 -3 -4 -2  1  2 -4 -3 -2    6   7   4   4   0   4  16   2   1   0   2  22   0   0   0  10  17   0   0   2  0.34 0.26
  101 K    1 -1 -1  2 -3  0  1  0 -1 -2 -2  0 -2 -2 -2  2  2 -4 -2 -2   14   2   1  12   0   3  12   7   1   2   3   5   0   1   0  15  19   0   1   2  0.25 0.22
  102 D   -1  1  3  5 -4  1  2 -3 -1 -4 -3  0 -3 -4 -3 -1  1 -5 -4 -2    3   9  13  35   0   6  16   0   1   0   2   3   0   0   0   2   8   0   0   2  0.63 0.36
  103 I   -1 -4 -5 -5 -3 -2 -4 -5 -5  6  1 -3  1 -1 -4 -2 -2 -4 -3  2    4   0   0   0   0   3   0   0   0  60  11   1   2   2   0   2   1   0   0  12  1.01 0.50
  104 S    0 -1  1  3 -4  1  3  0  0 -3 -2 -1 -3 -4 -3  1  0 -4 -3 -2   10   3   6  17   0   4  23   8   2   1   3   2   0   0   0  12   7   0   0   3  0.34 0.25
  105 D    0  0  1  3 -3  0  1  0 -2 -1 -2  1 -2 -2 -2  1  1 -4 -3 -1    9   4   7  20   0   4   9   8   0   2   3   8   0   1   0   8  11   0   0   6  0.21 0.17
  106 L   -1 -4 -4 -5 -3 -2 -4 -2  1  3  4 -4 -1 -1 -2 -3 -1 -4 -3  2    5   0   0   0   0   2   0   2   5  17  48   0   0   2   1   0   4   0   0  12  0.59 0.37
  107 K   -1  1  3  2 -4  2  2 -2 -2 -2 -4  2 -2 -4 -2  0  0 -4 -3 -3    2   8  14  14   0  13  16   1   0   2   0  13   1   0   1   7   7   0   0   0  0.42 0.29
  108 T    0 -1  1  0 -3  0  2  1 -1 -1 -1  0  0 -2 -1  1  2 -3 -2 -1    8   1   5   4   0   4  14  10   1   3   4   7   2   2   2  11  18   0   0   3  0.15 0.15
  109 L    0  1  0  1 -3  2  0 -1  2  0 -1  1 -1 -3 -2  0  1 -3 -1 -1    6   9   3  11   0  12   2   4   5   5   6  11   1   0   0   6  13   0   1   3  0.15 0.16
  110 T   -2 -2 -1 -3 -3 -1  0 -3 -2  2  2 -1  2 -1 -3 -1  0 -3 -2  3    1   1   3   0   0   3   6   1   1  14  25   2   5   1   0   4   6   0   0  25  0.29 0.23
  111 S    0  0  1  1 -3  2  1  0 -2 -1 -2  0 -2 -2 -1  2  2 -4 -3 -1    9   4   6   8   0  12  10   5   0   3   2   5   0   2   1  15  13   0   0   4  0.20 0.18
  112 E    0  0  2  3 -3  1  1 -1 -2 -3 -3  1 -3 -3 -3  1  2 -4 -3 -2    5   3  11  20   0   6   8   3   0   0   2  10   0   1   0  14  13   0   0   3  0.32 0.24
  113 H    1 -2  1 -1 -2  0 -1 -3  1  1  2 -1  0 -1 -2 -1  1 -3 -2  1   13   0  10   3   0   3   1   0   4  11  25   5   1   2   1   3   9   0   0   9  0.12 0.16
  114 T    0 -1  1  2 -3  2  3 -1 -2 -1 -3  1 -3 -4 -3  0  2 -4 -3 -2    6   1   6  11   0  11  24   4   0   4   1  10   0   0   0   7  13   0   0   2  0.33 0.26
  115 E    1 -1  1  1 -3  1  2  2 -1 -3 -3 -1 -3 -4 -3  1  2 -4 -3 -2   10   1   6   8   0   8  18  15   1   1   1   1   0   0   0  13  16   0   0   1  0.35 0.27
  116 I    0  1  1  3 -3  1  2 -1 -1 -1 -1  0 -1 -2 -2  0  0 -4 -3 -2    8   9   9  17   0   7  14   4   1   3   5   4   1   1   0   7   7   0   0   2  0.20 0.16
  117 L   -1 -3 -1 -1 -3  0 -2 -4 -1  4  2 -2  1  1 -4 -1  0 -4 -2  3    2   0   2   4   0   4   1   0   1  29  16   2   3   5   0   3   6   0   0  21  0.35 0.27
  118 N    1  0  1  1 -3  1  1  2 -2 -2 -3  0 -2 -3 -2  2  1 -4 -3 -1   11   6   6   8   0   7   8  15   0   1   1   5   0   1   0  15  11   0   0   5  0.22 0.19
  119 G    0  0  0  1 -3  1  2  1 -2 -2 -1  1 -2 -2 -2  1  1 -4 -2 -2    7   4   4   9   0   7  15   9   0   3   5   8   0   1   1  12  12   0   1   1  0.17 0.16
  120 T   -3 -2  0 -3 -1 -1 -2 -4 -2  3  3 -2  2  0 -2 -2  1 -4 -3  1    0   1   5   1   1   2   1   0   1  17  40   2   4   3   1   1   8   0   0  10  0.41 0.29
  121 N   -1  0  2  2 -1  2  2 -1 -2 -1 -2  1 -2 -4 -3  1  1 -4 -2 -2    2   4  11  10   1  13  16   3   0   4   2  11   0   0   0  10  10   0   1   3  0.29 0.24
  122 N    0 -1  2  0 -3  1  2  0 -1 -2 -2  1 -3 -4 -2  1  3 -4 -2 -3    6   2  13   3   0   5  13   7   1   2   3   8   0   0   1  13  22   0   1   0  0.29 0.26
  123 T   -1  2  2  3 -3  1  1  0  0 -1 -1  1 -2 -3 -3  1  0 -4 -3 -2    3  11   9  19   0   5   7   7   2   3   7   8   0   0   0  12   6   0   0   2  0.23 0.19
  124 V    0 -3 -1 -3 -3 -3 -3 -3 -4  4  2 -2  1 -2 -4 -2  0 -4  0  3    8   0   3   1   0   0   1   1   0  27  23   3   3   0   0   3   6   0   3  20  0.39 0.27
  125 D    1 -1  2  3 -3  1  2  0 -1 -3 -3  1 -1 -4 -2  0  1 -4 -3 -3   13   2  12  19   0   5  12   6   1   0   0  10   1   0   0   7  11   0   0   0  0.34 0.24
  126 S   -1 -1 -1  3 -3  2  2 -1  0 -2 -2  1 -1 -1 -3  1  2 -4 -2 -3    5   2   1  19   0  10  16   4   2   2   2   9   1   3   0   9  14   0   1   0  0.30 0.24
  127 I   -1 -2 -1 -4 -3 -2 -4 -4  0  3  3 -2  1  0 -2 -3 -1 -4 -1  1    6   1   3   0   0   2   0   0   2  24  41   2   2   3   1   0   3   0   1   8  0.48 0.32
  128 L   -1  1  1  1 -3  3  2 -2  0 -2 -2  1 -2 -4 -3  1  1 -4 -3  0    3   9   6   7   0  14  17   2   1   1   2   9   0   0   0   9  10   0   0   8  0.28 0.23
  129 A    1 -2 -2  3 -3  1  2  1 -2 -2 -3  1 -3 -4 -3  0  1 -4 -4 -2   17   0   0  17   0   8  16  12   0   1   2   8   0   0   0   6  12   0   0   2  0.33 0.27
  130 D   -2  0  1  4 -4  1  3 -2 -1 -3 -2  1  0 -4 -3  0  1 -4 -2 -2    0   4   8  26   0   5  24   1   1   1   3   6   3   0   0   5   8   0   1   3  0.47 0.31
  131 I   -1 -3 -4 -4 -3 -2 -3 -3 -4  4  1 -4 -1 -1 -4 -2  0 -4 -2  5    4   1   0   0   0   1   1   1   0  25  11   0   0   1   0   3   4   0   1  45  0.71 0.41
  132 G    0 -1  1  1 -3 -1  1  4 -3 -4 -4 -1 -3 -4 -3  1  0 -4 -4 -4    8   3   8   8   0   2   8  42   0   0   1   3   0   0   0  10   5   0   0   0  0.59 0.32
  133 P    0 -1  1  1 -2  1  1 -1 -1 -1 -2  0 -1 -3  0  0  1  0 -2  1    6   2   6   8   0   9  13   5   1   2   2   7   1   0   4   7  11   1   1  16  0.12 0.13
  134 F   -1  1  0 -2 -2 -1 -1 -2  1  0  2 -1  1  1 -1 -1  0  2  1  0    4  12   6   2   0   2   3   2   5   6  23   1   5   5   2   2   5   3   6   7  0.10 0.12
  135 N   -1  1  2  2 -3  1  2 -1 -1 -1 -1  1 -2 -2 -2  0  0 -3 -2 -1    4   8  12  16   0   5  14   4   0   4   6  10   0   2   1   7   5   0   0   3  0.19 0.14
  136 A    0 -2  0  0 -3  1  1  0 -2 -2 -1 -1 -2 -3  3  2  2 -4 -3 -1    6   0   3   5   0   6   9   5   0   2   6   2   0   0  14  20  18   0   0   4  0.28 0.23
  137 E    1  1  0  3 -3  1  2 -1  0 -2 -1  0 -2 -3 -2  1  1 -3 -3 -2   11   7   5  19   0   7  13   2   2   1   9   4   0   0   0  11   8   0   0   1  0.23 0.18
  138 A    0 -2 -1 -1 -2 -1  0 -3 -2  3  2  0  1  0 -3 -2  0 -3  0  2    8   0   2   3   0   2   5   0   1  20  20   6   3   3   0   0   6   0   3  15  0.17 0.16
  139 N   -1 -1  2  4 -4 -1  2  0 -1 -3 -3  0 -3 -4 -2  1  0 -4 -3 -2    5   2   9  32   0   0  12   6   1   1   2   7   0   0   1  12   6   0   0   2  0.45 0.28
  140 S    0 -1  2  2 -3  0  1  1 -2 -3 -2  0 -2 -3  1  1  2 -4 -3 -1    7   1  13  11   0   2   8  10   0   0   3   6   1   0   6  12  16   0   0   3  0.25 0.20
  141 V    0  1  1 -1 -2  0  0 -1 -1  0  0  1  0  0  0  0  0 -2  0  1    7   9   9   3   0   5   3   2   0   2  13   9   3   3   4   5   6   0   4  13  0.04 0.07
  142 Y   -1 -1 -1  1 -2 -1  1 -1  1  1  0  0  1  0 -2  0  0 -2  1  1    4   2   1  11   0   2   9   5   4   8   6   8   7   4   1   4   8   0   7  10  0.05 0.09
  143 R   -1  3  1  1 -3  1  1  1  0 -3 -2  1 -2 -3 -1  1  0 -1 -1 -2    4  22   5   7   0   7   8  10   1   1   3   7   0   0   2  11   7   1   1   3  0.23 0.17
  144 T    0 -1  2  0 -3  0  0 -1 -3 -1 -3 -1 -3 -4 -1  0  5 -4 -3 -1    8   3  12   3   0   4   6   3   0   3   1   4   0   0   2   5  43   0   0   3  0.50 0.35
  145 I   -1 -3 -2 -4 -3 -1 -4 -4 -4  4  2 -2  2  0 -4 -3 -1 -4 -3  3    3   1   2   0   0   2   0   0   0  33  22   2   4   2   0   0   2   0   0  25  0.60 0.34
  146 R   -1  4  1  0 -4  2  2 -3 -1 -3 -2  1 -1  0 -3 -1  0  1  0 -1    5  28   7   3   0  10  15   0   1   0   2   5   1   5   0   3   6   3   3   4  0.35 0.27
  147 N    0 -2  2  4 -4 -1  2  1 -1 -4 -4  1 -2 -4 -3  1  1 -4 -3 -3    8   0  12  27   0   1  14   9   1   0   0   7   1   0   0   9   8   0   0   0  0.46 0.29
  148 D   -1  0  2  5 -4  1  2 -2 -2 -4 -3 -2 -3 -4 -2  0  0 -1 -2 -2    4   4  12  34   0   7  16   2   0   0   1   0   0   0   2   8   4   1   1   2  0.57 0.34
  149 L   -1 -3 -3  0 -3 -3 -1 -3 -3  4  3 -2  1 -1 -3 -2 -1 -3 -3  1    5   0   0   5   0   0   4   1   0  34  31   3   2   2   0   3   3   0   0   6  0.45 0.29
  150 L    0 -1  2  1 -2  0  1  1 -1 -1 -1  0 -1 -1 -1  1  1 -1  0  0    9   1  11   6   0   3  14  11   1   2   6   3   2   2   2   8   8   1   4   7  0.09 0.09
  151 W    0  0  1  0 -3  0  0 -1  0 -1 -2 -1 -2  2 -2  0  0  5  1 -1    9   4  10   6   0   4   8   3   3   3   2   2   0  11   1   9   7  11   4   3  0.21 0.16
  152 I   -1 -2 -2 -4 -3 -2 -3 -4 -3  4  3 -3  1 -1 -3 -2 -1 -3 -2  2    3   2   2   1   0   2   2   1   0  34  33   1   3   1   1   2   4   0   0  10  0.53 0.30
  153 K   -2  1 -1  0 -4  0  2 -3 -2 -4 -4  6 -3 -4 -3  0 -1 -4 -2 -2    2   4   2   4   0   4  11   1   0   1   1  59   0   0   1   5   2   0   1   2  0.89 0.45
  154 R    0  1  1  0 -3  0  1  0 -2 -3 -2  2 -2 -3 -2  1  2 -3 -3 -1    9   8   8   5   0   4   7   5   0   0   3  18   0   0   0   8  19   0   0   3  0.24 0.20
  155 E   -1  2  0  1 -4  0  4 -2 -2 -3 -3  0  0 -4 -1 -1  2 -4 -3 -2    4  11   3   7   0   3  39   2   0   1   2   3   4   0   2   2  15   0   0   3  0.50 0.33
  156 L   -1 -3 -3 -3 -2 -1 -2 -3 -3  4  2 -3  3 -1 -3 -3 -1 -3 -2  3    3   1   0   1   0   2   3   2   0  27  23   1  10   2   1   1   3   0   0  20  0.46 0.27
  157 G    0 -2  1  0 -3 -1 -1  5 -2 -3 -2 -2 -3 -3 -2  0 -1 -3 -3 -3    7   2   6   4   0   2   4  55   0   1   4   1   0   1   1   5   3   0   1   1  0.73 0.32
  158 Q    0 -1  4  0 -2  2  0 -1  0 -2 -2  0 -2 -3 -1  2  1 -3 -2 -2    9   2  25   3   0  11   5   4   2   2   3   6   0   1   2  14   7   0   1   2  0.30 0.20
  159 Y    0  0  2  0 -2 -1  0 -1  0 -1  0  0 -1  0 -2 -1  0  1  4  0    6   6  12   4   0   2   5   3   1   3  10   7   0   2   1   4   5   2  19   8  0.12 0.13
  160 T    0  1 -1  0 -2  0  1 -1 -2 -2 -2  2 -2 -3  3  0  2 -3 -2 -1   10   6   2   4   0   3   7   2   0   1   3  17   0   1  15   3  18   0   1   5  0.26 0.18
  161 G    0 -1  2  1 -2  1  1  2 -1 -2 -2 -1 -1 -3 -2  0  1 -3 -2 -1   10   1  13  10   0   6   8  22   0   2   2   3   2   1   1   7   8   0   1   3  0.23 0.15
  162 Q   -1 -1 -2  0 -3  3  3 -2 -1 -2 -1 -1  0  3 -2 -1  0 -2  0 -1    5   2   1   6   0  20  21   2   0   1   3   2   3  17   1   2   8   0   3   3  0.33 0.23
  163 D   -1 -2  3  5 -3 -2  0 -2 -1  0 -2 -2 -2 -2 -2 -1  0 -3 -3 -1    5   1  15  44   0   1   4   2   2   7   3   1   0   2   1   2   5   0   1   5  0.63 0.31
  164 I   -1 -2 -1 -2 -2  0  1 -2 -2  3  0 -1  0  0 -1  0  0 -2 -1  1    2   1   2   1   0   3  11   3   1  27   9   4   2   3   2   9   5   0   2  13  0.14 0.14
  165 N   -1 -1  5  2 -3  0  2 -2 -1 -1 -3  0 -2 -3 -2  0  0 -3 -1 -2    5   2  33  14   0   3  13   2   1   3   2   4   1   1   1   6   4   0   2   3  0.43 0.23
  166 G   -1  0  0 -2 -2 -2 -1  4 -1 -1 -2  0 -2 -2 -1 -1  1 -3 -2 -1    3   6   4   1   0   1   3  44   2   4   4   7   1   2   2   4   8   0   1   5  0.42 0.21
  167 L   -1  0  2  1 -2  2  0 -1 -1  0  2  0  1 -2 -2 -1  0 -2 -1  0    3   6  12   7   0  10   3   4   0   3  23   7   5   1   1   4   4   0   1   4  0.10 0.12
  168 P    0 -1 -1 -1 -2  0  0 -1 -2  1 -1  0 -1 -2  2  1  1 -3 -1  1    9   2   1   3   0   3   5   3   0  10   2   8   0   1  11  14  12   0   1  13  0.14 0.13
  169 V    1  0  1  1 -2  0  1 -1  0 -1 -1  0 -1 -1 -2  2  1 -3 -2  0   10   3   7   8   0   3  12   3   2   3   3   6   2   2   1  17   8   0   1  11  0.11 0.11
  170 V   -1 -2 -2  0 -2  1  0 -2 -2  2  1 -2 -1  0  3 -1 -1 -3 -2  1    4   1   2   7   0   8   5   2   0  19  17   1   0   3  14   3   3   0   1  11  0.19 0.16
  171 G    0 -1  1  1 -2  0  1  3 -2 -2 -2  0 -2 -3 -2  1  1 -3 -1 -1    7   2   8   9   0   5   8  25   0   1   4   4   0   1   1  10   9   0   2   4  0.21 0.14
  172 N    1 -1  3  0 -2 -1  0  0 -2 -2 -2  0 -2 -3 -2  2  2 -3 -2 -1   12   1  19   3   0   2   6   6   0   1   2   7   0   1   1  18  16   0   1   3  0.29 0.21
  173 P    0 -1  1  1 -2  0  1 -2  0 -1  0  0 -1 -1  2  0  1 -2 -2 -1    9   2  11   9   0   2  10   1   2   3  13   3   0   2  11   8   8   0   1   5  0.13 0.10
  174 S    1 -1 -1  0 -2 -1  1  2 -2  0 -1  0 -1 -1 -1  1  0 -2 -2  0   16   1   1   5   0   1  12  15   0   5   6   4   0   2   2  13   5   0   1  10  0.11 0.10
  175 S    0  0  0 -1 -2  0  0 -1 -2 -1 -1  0 -2 -3 -2  3  3 -3 -2 -1    4   5   4   2   0   3   5   2   0   2   5   4   0   1   1  30  26   0   1   3  0.33 0.24
  176 G    1 -2  0  0 -2  0  0  4 -2 -2 -3  0 -2 -3 -2  0 -1 -3 -3 -2   11   1   3   4   0   3   6  44   1   2   2   6   1   1   1   8   2   0   1   3  0.47 0.22
  177 M   -2 -2 -2 -3 -2 -1 -1 -3 -3  2  3 -2  5 -1 -3 -3 -2 -3 -1  1    1   2   2   1   0   2   4   1   0  12  38   2  19   1   1   1   1   0   1  10  0.53 0.30
  178 K   -2  1  0  0 -3  2  1 -2  0  0 -2  5 -2 -3 -2 -1  0 -3 -3 -3    2   4   4   4   0   9   8   2   2   6   2  45   0   1   1   4   5   0   0   1  0.52 0.32
  179 H    0  1  0 -1 -2  1 -1  1 -1 -2 -1  0 -2 -1 -1  1  1 -2  1 -2    9  10   4   3   0   7   2  14   1   1   7   5   0   2   3  15  11   0   6   1  0.13 0.13
  180 R   -2  5 -1  1 -4  2  2 -3 -2 -2 -2  2 -1 -4 -2 -1 -1 -4 -3 -3    3  39   2   7   0  12  11   1   0   2   2  10   1   0   1   4   4   0   0   1  0.60 0.35
  181 I   -2 -4 -3 -4 -3 -4 -4 -5 -4  5  1 -3  1  0 -4 -2  0 -4 -3  4    1   0   1   0   0   0   0   0   0  42   9   1   3   4   0   2   5   0   0  31  0.81 0.42
  182 I    0 -2  0  1 -3  1  2  0 -2  1  0  0  1 -3 -2  0  1 -3 -3 -1    7   0   5  10   0   7  15   7   0  15   6   3   4   0   0   5  13   0   0   3  0.14 0.17
  183 N    1  0  2  3 -3  1  2 -1 -1 -3 -4  0 -3 -4 -3  1  2 -4 -3 -3   11   4  12  19   0   5  14   3   1   1   0   5   0   0   0   8  15   0   0   0  0.37 0.26
  184 N    0 -3  5 -2 -3  0 -3 -3 -3  1  2 -1 -1 -3 -2 -1  1 -4 -3  2    7   0  32   0   0   3   0   0   0   7  20   2   1   0   2   1  10   0   0  15  0.42 0.33
  185 T    0 -1  1  0 -3  1  1  0 -2 -1 -2  0 -2 -3 -2  2  2  0 -1 -2    9   3   7   5   0   8  12   5   0   4   3   6   0   0   1  17  15   1   2   1  0.19 0.19
  186 D    0 -1  1  1 -3  1  1  1 -1 -2 -2  0 -1 -2 -2  2  2 -3 -2 -2    9   2   7   6   0   6   7  12   1   2   2   7   2   2   0  15  17   0   1   2  0.19 0.18
  187 V    1 -1  0  2 -3  2  1 -1 -2 -2 -1  0 -2 -2 -1  1  1 -4 -3 -1   15   3   4  12   0  13  11   4   0   0   7   3   0   2   2  10  10   0   0   4  0.19 0.19
  188 I   -1 -4 -3 -3 -3 -3 -3 -3 -4  4  2 -2  0 -1 -2 -1 -1 -4 -3  3    6   0   1   1   0   0   1   1   0  34  17   2   2   1   1   5   3   0   0  25  0.53 0.34
  189 T    1 -1  2  1 -3  0  1 -1 -2 -2 -1  0 -2 -3 -1  1  1 -1 -3  1   13   2  13   8   0   2   9   3   0   0   5   7   0   0   1  13  10   1   0  13  0.17 0.18
  190 S    1  0  1  2 -3  2  1 -1 -2 -1 -2  2 -2 -4 -2  1  0 -4 -3 -1   12   5   7  11   0  12   9   2   0   4   1  13   1   0   0  13   7   0   0   3  0.24 0.20
  191 Q   -2 -2  3 -2 -3  2 -2 -3  3  0  2 -1  0 -3 -2 -1  0 -4 -1  0    2   0  20   0   0  13   1   1  10   3  23   4   2   0   1   2   7   0   2   9  0.30 0.29
  192 G    0  0  0  2 -3  1  2  1 -1 -2 -3  1 -3 -3 -3  1  2 -4 -3 -2    7   3   2  11   0   8  18   9   1   2   2   8   0   1   0  10  16   0   0   1  0.28 0.24
  193 I    1 -1  2  1 -3  2  2  1 -1 -2 -2  0 -2 -3 -2  1  0 -4 -3 -1   10   2  12   6   0  11  14  10   1   2   3   5   0   0   1  11   5   0   0   6  0.21 0.19
  194 R   -2  5  0  2 -5  1  1 -3 -3 -4 -3  2 -2 -5 -4 -2  1 -5 -4 -3    3  44   3  11   0   5  10   1   0   0   1  10   1   0   0   1   8   0   0   1  0.78 0.45
  195 L   -2 -4 -2 -5 -3 -4 -3 -4 -5  5  2 -3  1 -2 -4 -3 -1 -4 -3  3    1   0   3   0   0   0   1   1   0  42  23   1   3   0   0   1   3   0   0  20  0.79 0.43
  196 S    0 -1  1  1 -3  1  1  0 -1 -1 -2  1 -2 -2 -2  1  2 -4 -2 -1    9   2   6   9   0   9   8   6   1   5   2   9   0   1   0  13  17   0   1   2  0.19 0.18
  197 E    0  0  1  1 -3  1  3 -1 -2 -2 -3  1 -3 -4 -3  1  2 -4 -3 -1   10   3   9   6   0   8  24   3   0   2   0   7   0   0   0   9  14   0   0   5  0.32 0.26
  198 L   -2 -4 -2 -3 -3 -4 -3 -5 -4  2  4 -4  1 -1 -2 -3 -2 -4 -3  2    2   0   2   1   0   0   2   0   0  10  57   0   3   2   1   1   2   0   0  15  0.73 0.41
  199 E   -2 -1  1 -1 -4  1  5 -3 -2 -3 -2  1 -1 -4 -2  0 -1 -4 -2 -3    2   3   7   2   0   5  54   1   0   1   4   8   1   0   1   5   3   0   1   1  0.77 0.45
  200 T    0 -1  1  2 -3  2  1 -1 -2 -3 -2  2 -2 -3 -2  1  3 -4 -3 -2    5   1   8  15   0   9   6   3   0   1   3  13   0   0   1  13  20   0   0   1  0.33 0.25
  201 K    0  1  2  2 -3  1  1 -1 -1 -2 -2  2 -2 -1 -1  1  1 -1 -2 -1    9   6  10  12   0   5   9   2   0   2   2  15   0   3   2   8  10   1   1   3  0.18 0.14
  202 F   -1 -1 -3 -3  0 -2 -2 -2 -2  2  2 -2  0  2 -3 -1  0  5  2  1    5   3   1   1   2   1   1   2   0  14  22   2   0   9   1   6   4   9   7  10  0.25 0.17
  203 I    1 -1  2  1 -2  2  0  0  0  0 -2  0 -2 -3 -2  0  0  0 -2 -1   17   2  12   8   0  14   6   5   3   7   3   3   0   1   1   6   6   1   0   5  0.15 0.15
  204 E    1 -1  1  4 -3 -1  1 -1 -1 -3 -2  0 -2 -3 -2  1  1 -4 -3 -1   13   2   7  30   0   2  11   3   1   1   5   3   0   0   1   9   9   0   0   3  0.35 0.23
  205 S    2 -2  0 -1 -2  0  0  0 -2 -2 -2 -1 -1 -1 -2  4  1 -3 -3 -1   18   1   3   2   0   4   4   7   0   1   4   3   2   2   1  36   7   0   0   5  0.33 0.27
  206 D   -1 -2  1  5 -1  0  1 -2 -2 -4 -4  1 -3 -4 -3  0  1 -4 -4 -4    3   1   6  46   1   3   9   2   0   0   1   8   0   0   0   7   8   0   0   1  0.75 0.39
  207 V   -1 -2 -3 -4 -2 -3 -3 -3 -1  3  1 -2  1 -1  0 -2  0 -3 -2  4    4   1   0   0   0   0   1   2   2  22  16   2   2   2   4   3   4   0   0  34  0.44 0.28
  208 G    0 -3  1  1 -3  0 -1  4 -3 -4 -4 -1 -3 -4  0  2  0 -4 -2 -3    8   0   5   8   0   3   4  39   0   0   0   2   0   0   5  16   7   0   1   0  0.55 0.33
  209 S    1 -1  1  1 -3  1  1  1  0 -3 -3  1 -2 -4 -2  2  2 -4 -3 -1    9   2   8   9   0   8   7   9   2   0   0   7   0   0   0  21  14   0   0   3  0.27 0.22
  210 L   -2 -4 -4 -3 -3 -4 -4 -4 -2  2  5 -4  1  0 -2 -3 -1 -3 -3  1    3   0   0   1   0   0   0   0   1   8  63   0   3   4   2   2   3   0   0   8  0.78 0.41
  211 T   -1  1  1  0 -3  2  1 -1 -1 -2 -3  1 -2 -3 -3  1  3 -4 -1 -2    4   7   7   6   0  13  10   4   1   2   1   7   0   0   0  10  24   0   2   3  0.29 0.25
  212 I    0 -1  1  1 -3  0  2  0 -2  0 -1  0 -2 -3 -2  1  2 -4 -3 -1    9   3   6   7   0   4  14   8   0   7   5   5   0   0   1  14  16   0   0   2  0.17 0.18
  213 E   -2  2  2  3 -4  1  3 -2 -2 -4 -2  2 -3 -4 -2  0  0 -5 -4 -3    1  10  11  18   0   6  23   2   0   0   4  11   0   0   1   6   5   0   0   1  0.45 0.31
  214 V    0 -2 -2 -2 -3 -2 -2 -4 -4  3  1 -2  0 -2 -4 -1 -1 -4 -3  4    7   1   1   3   0   1   2   0   0  22  12   2   2   1   0   3   3   0   0  40  0.50 0.33
  215 G    1  0  2  2 -3  0  2  0 -2 -3 -2  0 -2 -4 -3  2  2 -4 -3 -2   11   3  12  11   0   3  13   7   0   1   3   5   1   0   0  14  14   0   0   2  0.26 0.22
  216 N    0  0  0  3 -3  2  1 -2  2 -3 -3  2 -2 -3 -3  1  1 -4 -3 -2    5   4   4  19   0   9   7   1   5   1   1  18   1   1   0   9  12   0   0   2  0.32 0.25
  217 L   -1 -2 -1 -3 -3 -2 -3 -2 -3  3  3 -3  2 -1 -2 -2 -1 -3 -1  1    4   2   4   1   0   1   0   3   0  18  40   0   5   1   1   2   4   0   2  10  0.39 0.28
  218 R   -2  5 -1 -1 -4  2  2 -3 -2 -2 -3  2 -1 -3 -3  1 -2 -4 -3 -2    1  38   2   3   0   8  14   0   0   2   2  13   1   1   0  11   1   0   0   2  0.65 0.40
  219 E    1  0  0  0 -3  0  2 -1 -1 -2 -2  1 -2 -3 -2  2  3 -4 -2 -1   15   3   3   4   0   3  18   2   1   1   2   9   0   0   0  13  22   0   1   3  0.29 0.26
  220 E   -2 -1  1  2 -4  2  5 -2 -2 -3 -3  1 -3 -4 -3 -1  1 -4 -4 -4    3   3   7  12   0   7  43   3   0   1   2   6   0   0   0   3   9   0   0   0  0.65 0.40
  221 L    0 -4 -4 -5 -3 -4 -3 -4 -4  4  3 -4  2 -1 -4 -3 -2 -4 -3  3    6   0   0   0   0   0   1   1   0  24  34   0   6   2   0   0   1   0   0  23  0.67 0.37
  222 G    0 -3  0  2 -3 -2  0  5  0 -3 -3 -1 -3 -3 -3  0  0 -3 -3 -1    6   1   3  12   0   1   6  46   2   1   1   3   0   1   1   4   7   0   0   4  0.59 0.30
  223 P    0 -1  0  2 -3  1  1 -1 -2 -2 -2  1 -1 -3  2  0  2 -3 -3 -1   10   2   5  11   0   7  11   2   0   1   3  10   1   0  10   6  15   0   0   4  0.22 0.17
  224 K    0  1  1  0 -2  0  0 -2 -1 -1 -1  2 -1 -2  0  2  0 -3 -2  0    7   6   6   6   0   2   3   1   2   4   7  18   1   1   3  20   6   0   0   7  0.14 0.16
  225 P    0 -1  0  1 -1  1  1 -1  0 -1 -1  0 -2 -3  1  2  1 -3 -2  0    6   1   3   8   1   5   9   4   3   3   6   5   0   0   6  20   9   0   0   9  0.12 0.13
  226 P    0 -1  0  2 -3  1  2  1 -2 -2  0  0  0 -1  0  0  0 -3 -2 -1    7   1   4  12   0   7  18   9   0   1  10   4   2   2   4   5   8   0   0   4  0.13 0.13
  227 S    2  0  1  0 -3  2  1  0 -2 -3 -3  1 -2 -2  1  1  0 -3 -3 -2   25   3   7   3   0  11  12   5   0   0   2   9   0   1   5  12   3   0   0   2  0.26 0.22
  228 F   -2 -2 -1 -1 -2 -1  0 -1 -1  2  1  0  0  0 -2 -1  3 -3 -1  1    1   1   3   3   0   1   5   4   1  17  12   7   1   3   1   3  27   0   1   9  0.20 0.21
  229 S    1 -1  1  1 -2  1  1  1 -1 -1 -1  0 -1 -1 -1  1  0 -3 -1  0   10   3   7   8   0   7   9  10   0   4   3   3   0   3   2  13   7   0   1   9  0.09 0.09
  230 Q    0  0  1  3 -3  2  1 -1 -1 -2 -2  1 -2 -3  1  0  1 -3 -2 -2    9   5   6  21   0  10   6   3   1   3   2  10   0   1   6   4  11   0   1   2  0.24 0.17
  231 N    1 -1  3  1 -2 -1  1 -1  1 -2 -2 -1 -2 -3  1  1  2 -3 -1 -2   11   2  15   6   0   1  10   4   3   1   5   2   0   1   9  10  17   0   3   2  0.22 0.18
  232 V    0 -3 -3 -3 -2 -2 -3 -3 -3  3  2 -3  1  0 -3 -1  0 -3 -2  3    6   1   1   1   0   2   1   1   0  22  22   1   3   3   1   4   4   0   1  27  0.39 0.23
  233 Y   -1 -1 -1  0 -2  1  1 -1  0 -1 -1  0 -2  0 -2  0  1 -1  4 -1    4   2   1   6   0   7   9   5   1   3   5   7   0   3   1   9   8   0  24   4  0.21 0.18
  234 S    1 -1 -1  2 -3  1  1  0 -1 -2 -1  1 -2 -2 -2  1  2 -3 -2 -1   10   0   1  12   0   7  10   6   1   0   7  11   0   1   0  14  13   0   0   4  0.18 0.18
  235 R   -2  6  0 -2 -4  2  0 -1 -1 -3 -2  1 -3 -2 -3 -2 -2 -4 -3 -4    3  53   4   2   0   8   5   5   1   2   3   8   0   1   0   2   1   0   0   0  0.85 0.45
  236 L   -2 -2 -4 -2 -3 -2 -3 -4 -4  3  3 -2  0  0 -4 -3  0 -3 -2  2    1   2   0   2   0   1   1   1   0  22  40   2   1   3   0   1   7   0   0  16  0.54 0.32
  237 N   -1 -1  3  3 -4  0  1  1 -2 -3 -4  1 -3 -4 -3  1  1 -4 -3 -2    3   3  15  23   0   4   6   9   0   1   0   9   0   0   0  14  10   0   0   2  0.41 0.28
  238 E    1  0  0  2 -3  0  1  0 -2 -2 -2  1 -2 -4 -2  1  3 -4 -3 -1   11   4   3  11   0   3  11   6   0   1   2  11   0   0   1  11  21   0   0   3  0.26 0.23
  239 I    0 -2  1 -3 -3 -2 -2 -3 -1  2  3 -2  1 -2 -2 -2 -1 -4 -3  1    8   2   7   1   0   1   1   1   2  16  39   2   4   0   1   2   1   0   0  11  0.35 0.27
  240 D    0 -2  0  3 -5  0  5 -2 -1 -4 -4  1 -2 -5 -3 -1  0 -5 -2 -2    6   1   4  14   0   3  46   3   1   0   0   8   1   0   0   3   7   0   1   2  0.70 0.43
  241 T    1 -1  1  3 -3  0  1  0 -2 -2 -2 -1 -1 -4 -3  1  2 -4 -3 -1   11   2   8  17   0   4   9   6   0   2   4   2   2   0   0  12  18   0   0   3  0.26 0.23
  242 K    0  0  2  3 -3  0  1 -2 -1 -2 -2  1 -2 -3 -1  0  1 -4 -3  0    9   5  12  17   0   4  10   2   1   1   3  12   0   1   1   7   7   0   0   7  0.22 0.19
  243 Q   -1 -2 -1 -1 -3 -1 -1 -3 -1  4  1 -1 -1 -1 -4 -1 -1 -4 -1  3    5   1   3   4   0   4   4   1   2  30  13   3   0   1   0   6   2   0   1  21  0.29 0.25
  244 T    2  0  1  1 -3  0  1  1 -2 -2 -3  0 -3 -4 -1  2  1 -4 -3 -1   17   5   5   8   0   3  10  10   0   2   0   5   0   0   1  21   9   0   0   6  0.24 0.22
  245 T    1 -1  0  2 -3  1  2  1 -2 -3 -2  1 -3 -4 -3  1  1 -4 -2 -2   15   3   4  12   0   5  14  12   0   1   2   8   0   0   0  10  13   0   1   2  0.25 0.21
  246 V    0 -2  3 -1 -3  0  0 -2 -2  2  2 -1  1 -1 -2 -1 -1 -4 -2  1    6   1  17   2   0   4   6   1   1  13  23   3   4   2   1   2   3   0   0  11  0.18 0.20
  247 E    0  0  2  2 -3  2  1 -1 -2 -2 -3  2 -1 -4 -3  1  1 -4 -3 -1    7   5   9  12   0  10   8   4   0   2   0  18   2   0   0  12   8   0   0   3  0.29 0.24
  248 S    1 -1  2  1 -3  1  1  0 -2 -3 -2  1 -2 -4  0  1  1 -4 -3 -2   10   1   9   8   0   7  11   8   0   1   4  11   0   0   3  14  13   0   0   1  0.24 0.21
  249 D    1  1  1  3 -3  1  2 -2  1 -3 -2  0 -1 -4 -2  1  0 -4 -3 -2   11   7   8  20   0   6  12   1   3   0   3   5   2   0   1  11   7   0   0   3  0.27 0.21
  250 I   -1 -2 -4 -3 -3 -2 -3 -5 -2  5  2 -3  2 -1 -3 -3 -1 -4 -1  3    5   2   0   1   0   2   1   0   1  38  20   1   5   1   1   0   3   0   1  18  0.58 0.35
  251 S    2  0  2  2 -3  1  1  0 -2 -3 -2  0 -2 -1 -2  1  0 -4 -3 -2   19   4  11  15   0   6  11   4   0   0   3   6   0   3   0  12   4   0   0   2  0.26 0.22
  252 A    1 -1  2  2 -3  0  3  0 -2 -3 -2  1 -3 -4 -3  1  1 -4 -3 -3   13   2   9  13   0   1  23   7   0   1   3   9   0   0   0   8   9   0   0   0  0.33 0.26
  253 I   -2 -2 -2 -2 -3 -1 -3 -4 -4  4  3 -2  0 -2 -2 -2 -1 -4 -3  2    2   2   2   2   0   3   0   0   0  34  32   2   1   0   1   2   3   0   0  11  0.52 0.33
  254 K   -1  1  2  1 -4  2  2 -2  1 -3 -3  3 -1 -4 -2  1 -1 -4 -3 -1    2   7  12   8   0  11  13   2   3   1   0  24   1   0   1   9   1   0   0   4  0.38 0.28
  255 T    1 -1  1  1 -3  1  1 -1 -2 -1 -2  1 -2 -2 -2  1  3 -4 -3 -1   10   2   6   6   0   8  10   4   0   2   3   7   0   2   0  14  22   0   0   4  0.23 0.22
  256 S    1  1  0  2 -3  1  2 -1  0 -3 -3  2 -2 -1 -1  1  0 -3 -1 -1   15   9   4  11   0   6  13   3   3   0   0  13   0   3   1  10   4   0   2   3  0.21 0.18
  257 I   -2 -4 -4 -4 -3 -2 -4 -4 -4  5  1 -2  2 -2 -4 -3  1 -4 -3  3    2   0   0   0   0   1   0   1   0  46   9   2   7   0   0   0  10   0   0  20  0.79 0.42
  258 G    0 -2  1  3 -3 -2  1  4 -2 -2 -3 -1 -3 -2 -1  0 -1 -3 -3 -3    9   1   6  18   0   1   9  35   0   2   3   3   0   2   2   5   3   0   0   1  0.45 0.26
  259 Y    1  0  0 -1 -2  0  0  0  0 -1  0  0 -1  2 -2  0  1 -1  2 -1   11   5   3   3   0   3   5   7   2   2   9   5   0  12   1   9  12   0   8   1  0.07 0.09
  260 P    0 -2  1  2 -2 -1  0  0 -2 -1 -1 -1  0 -2  2  1  1 -3 -2  0    9   1   5  15   0   2   7   6   0   2   4   2   2   1  11  11  10   0   1   8  0.17 0.12
  261 G    0  0  2  0 -2  1  1  2  0 -2 -2  1 -1 -2 -2  0  0 -2 -1 -1    9   5  16   5   0   8   7  16   2   2   4   8   2   1   1   7   4   0   2   3  0.15 0.11
  262 N    0 -1  0 -1 -2  0  0  1 -2  0  0  0  0 -1  0  0  1 -2 -1  1    5   1   5   2   0   3   6  14   0   8   6   8   2   2   5   8  11   0   1  11  0.06 0.07
  263 N    0  0  1  0 -2  0  1  0 -1  0 -1  0 -1 -1  0  1  1 -2 -1  0    6   4  10   4   0   4  11   6   0   5   4   5   0   3   4  12  12   0   2   9  0.08 0.09
  264 S    1  0  1  1 -2  0  1  0 -1 -2 -2  1 -2 -1  0  2  2 -3 -2 -1   10   3   5   8   0   2   8   5   1   2   4  12   0   3   3  18  13   0   0   3  0.16 0.15
  265 I   -1 -4 -3 -3 -3 -2 -4 -4 -4  4  3 -3  1 -1  0 -3  0 -4 -3  1    5   0   1   1   0   2   0   0   0  34  34   1   3   1   5   0   6   0   0   7  0.58 0.36
  266 I    1 -1  1  1 -3  1  1  0 -2  0 -2  0 -1 -3 -2  1  2 -3 -2  0   11   3   7   8   0   8   8   7   0   7   1   4   1   0   0  13  15   0   1   5  0.15 0.16
  267 T    1 -2  2  2 -3  1  1  1 -2 -2 -3 -1 -3 -4 -2  1  2 -1 -3 -1   11   0  10  12   0   8  12   9   0   2   0   2   0   0   1  12  15   1   0   4  0.28 0.24
  268 S   -1  4  1  0 -4  2  2 -2  0 -2 -1  2 -1 -3 -3  0  0 -4 -1 -2    4  26   6   5   0  10  12   2   1   1   7  10   2   0   0   5   5   0   2   1  0.31 0.24
  269 V   -1 -3 -2 -3 -3 -1 -2 -4 -4  2  1 -1  2 -1 -4 -2  1 -4 -3  4    3   0   1   1   0   3   3   0   0  13  12   4   7   1   0   2   8   0   0  41  0.47 0.33
  270 N    1 -2  2  2 -3 -1  1  1 -2 -3 -2  0 -3 -3 -1  2  2 -4 -3 -2   11   1  14  11   0   2   9  11   0   0   3   5   0   1   2  14  15   0   0   1  0.29 0.24
  271 T    0  0  1  1 -3  1  1 -1 -1 -1 -1  0 -1 -3 -2  1  3 -4 -3  0    9   4   7   8   0   5   8   3   1   3   4   6   2   0   0  10  25   0   0   5  0.21 0.21
  272 N    0 -1  3 -3 -3  0 -1 -3 -2  0  3 -1 -1 -1 -2 -2  0 -4 -3  1   11   3  21   0   0   3   3   0   1   3  33   2   0   1   1   0   6   0   0  11  0.31 0.30
  273 T    0  1  1  0 -4  2  3 -2 -2 -1 -3  1 -3 -4 -2  1  1 -4 -3 -2    8   7   5   4   0   8  29   2   0   4   2   8   0   0   1  11  11   0   0   1  0.35 0.28
  274 D    0 -1  1  2 -3  1  0  0  0 -3 -3  1 -3 -4 -2  2  3 -4 -3 -2    4   1   7  13   0   7   4   6   2   1   1   8   0   0   1  21  21   0   0   1  0.35 0.29
  275 N    0  1  3  3 -3  1  2 -2 -2 -2 -2  1 -1 -4 -3  0  0 -4 -3 -2   10   8  15  19   0   5  13   0   0   1   4   9   1   0   0   7   5   0   0   1  0.33 0.24
  276 I   -1 -2 -1 -3 -3 -2 -2 -3 -3  4  2 -2  0  0 -4 -2  0 -3  1  2    4   2   4   0   0   1   3   2   0  31  19   1   2   4   0   2   5   0   7  13  0.32 0.25
  277 A    2 -1  1  0 -2  1 -1  0 -1 -2 -2  0 -2 -3 -1  2  1  0 -3  0   18   3   8   6   0   6   3   5   1   1   2   3   0   0   2  20  11   1   0   8  0.19 0.20
  278 S    0 -1  1  2 -3  0  1  0 -2  0 -2  1 -1 -3 -2  1  2 -4 -3 -1    9   0   6  11   0   4  11   8   0   6   2  12   1   0   0  11  14   0   0   5  0.18 0.18
  279 I    0 -2 -1 -3 -3 -3 -1 -3 -3  2  3 -2  1  0 -2 -2 -1 -3 -1  2    8   2   3   0   0   0   3   2   0  11  41   1   3   3   1   2   3   0   1  14  0.34 0.25
  280 N   -1  1  1  2 -3  2  2  0 -1 -2 -3  1 -2 -4 -1  1  0 -4 -3 -2    3   6   8  12   0  12  14   5   1   2   2  11   0   0   2  13   7   0   0   1  0.28 0.22
  281 L    1 -1  2  0 -3  1  2  0 -2 -3 -2  1 -2 -4 -1  0  2 -4 -3 -1   10   1  15   3   0   5  15   8   0   0   3   9   0   0   2   6  19   0   0   3  0.27 0.24
  282 E   -2  0  0  1 -3  2  1 -3 -1 -1  0  2 -2 -3 -3  0  2 -4 -2 -1    2   5   5   7   0  14  10   1   1   4   9  16   0   0   0   3  20   0   1   3  0.26 0.25
  283 L    0 -1 -3 -3 -2 -2 -2 -3 -3  3  2 -2  1 -1 -3  0  0 -3  0  3    9   2   0   0   0   1   2   0   0  23  17   2   3   1   0   6   5   0   3  23  0.30 0.23
  284 N    0  0  4  1 -3  0  0 -1  0 -3 -2 -1 -3 -3 -1  2  1 -4 -2 -3    8   5  27   9   0   3   6   3   3   0   5   2   0   0   2  16   9   0   1   1  0.35 0.27
  285 Q    1  0 -1  2 -3  1  1  1 -2 -1 -2  1 -2 -2 -2  1  0 -3 -1 -2   12   3   1  16   0   7   7  11   0   3   4  10   0   1   0  13   7   0   1   2  0.17 0.15
  286 S    1 -2  0  0 -2 -1 -1 -2 -1  1  1 -1  0 -2  2  1  1 -3 -2  0   12   1   6   7   0   2   1   1   1  10  19   3   1   1   9  10  10   0   0   6  0.11 0.13
  287 G    1 -1  1  0 -2  1  0  0 -2 -1 -1 -1 -1 -1 -2  1  2 -3 -1 -1   15   2   8   6   0   6   7   7   0   3   7   3   0   2   1  10  17   0   1   5  0.12 0.13
  288 G    0 -2  1  0 -3 -2  0  4  0 -2 -2 -1 -3 -3  0  0 -1 -3 -3 -1    6   1   8   5   0   1   7  44   2   2   3   3   0   1   4   4   3   0   0   5  0.50 0.27
  289 I    0 -2 -3 -1 -2  0 -2 -3 -3  3  3 -2  1 -1 -3 -1  0 -3 -1  1    6   2   0   5   0   4   2   1   0  18  32   0   4   2   0   4   6   0   2  10  0.26 0.21
  290 K   -2  0  2  2 -3  0  1 -2 -2  0 -1  2 -2 -1 -1  0  0 -3 -2  1    1   3  11  12   0   4  11   2   0   5   7  16   0   3   2   5   7   0   0  11  0.15 0.16
  291 Q    1  0  1  1 -3  1  1 -1 -2 -3 -2  1 -2 -3  2  1  1 -4 -2 -3   11   4   6   8   0   8  11   2   0   0   3  10   0   0  11  12  11   0   1   0  0.26 0.20
  292 R   -2  4  0  3 -4  1  1 -2 -2 -4 -4  2 -3 -4 -2  1  0 -4 -1 -4    2  31   2  17   0   6   7   2   0   0   0  11   0   0   1  11   5   0   3   0  0.55 0.36
  293 L   -1 -3 -4 -4 -3 -2 -4 -3 -4  3  3 -2  1 -1 -4 -1  0 -4 -3  4    4   1   0   0   0   1   0   1   0  18  28   2   2   2   0   5   4   0   0  31  0.53 0.34
  294 T    1  0  1  3 -3  1  2 -1 -2 -2 -3  0 -3 -4 -3  1  2 -4 -2 -1   11   4   8  16   0   5  15   3   0   2   2   6   0   0   0  10  15   0   1   3  0.28 0.23
  295 V    1  0  0  1 -3  1  1 -1  0 -1 -2  0 -1 -3 -2  1  2 -3 -1 -1   11   4   5   7   0   5  12   3   2   4   2   7   2   0   0  12  18   0   3   4  0.17 0.17
  296 I   -1 -2  1 -2 -3  0 -2 -4 -2  3  3 -1  1 -2 -3 -2  0 -3 -3  1    5   1   8   2   0   4   2   0   1  21  36   3   2   0   0   0   4   0   0   9  0.35 0.27
  297 E   -1 -1  1  1 -4  2  5 -2 -2 -3 -3  0 -3 -3 -3  0  0  1 -2 -2    5   3   6   6   0  11  43   2   0   1   2   3   0   1   0   5   5   2   1   3  0.56 0.38
  298 T    1 -1  1  0 -3  1  1  0 -1 -1 -1  0 -2 -3 -2  1  3 -3 -2 -1   13   3   6   3   0   6   8   7   1   3   6   7   0   0   1  10  23   0   1   2  0.18 0.19
  299 S    0  2  0  2 -3  2  1 -1 -2 -1 -2  2 -2 -3 -1  0  1 -4 -3 -1    8  12   3  14   0  11   8   5   0   5   4  13   0   0   1   5   9   0   0   3  0.20 0.18
  300 I   -1 -4 -4 -2 -3 -2 -3 -2 -2  4  2 -2  1 -2 -4 -1 -1 -4 -3  3    3   0   0   3   0   1   1   3   1  37  20   2   2   0   0   4   2   0   0  19  0.53 0.34
  301 G    2 -1  0 -1 -3 -1 -1  4 -1 -3 -1 -1 -2 -2 -1  1 -1 -3 -3 -2   17   4   4   2   0   3   4  38   1   1   7   2   0   2   2   9   3   0   0   1  0.41 0.25
  302 S    0 -1  2  2 -3  0  1 -1 -2 -2 -2  0 -1 -3 -2  2  2 -3 -3 -1    6   2  14  13   0   4   8   2   0   2   3   4   2   0   1  19  17   0   0   3  0.29 0.23
  303 D    1 -2  2  1 -2  1  1 -2 -1  0  0 -1 -1 -2 -1  0  1 -3  0  0   16   1  11   6   0   5  10   2   1   5   9   3   1   0   2   6  13   0   4   4  0.11 0.14
  304 D    1  0  1  3 -1  1  0 -1 -2 -2 -2  0 -1 -3 -2  1  1 -4 -3 -1   10   3   7  23   1   6   6   3   0   2   2   5   1   0   0  14  12   0   0   3  0.28 0.21
  305 I   -1  0 -1  1 -3  2  2 -2  0 -1  0  1 -2 -2 -2  0  1 -3 -1  0    2   3   0   9   0  12  18   2   2   3   9  10   0   1   0   7  12   0   2   7  0.20 0.20
  306 P    0 -1  0 -1 -2  0  0  0 -1  0  0  1  0 -1  3  0  0 -3 -1  0    8   2   4   3   0   5   4   9   2   6   8   9   4   3  16   5   5   0   1   7  0.13 0.09
  307 S    1  0  1  0 -3  0  0  2 -1 -2 -1  0 -2 -2 -2  1  1 -3 -1 -1   12   6   6   4   0   3   4  19   1   2   5   5   0   2   0  13  12   0   3   2  0.16 0.15
  308 S    1 -1  1  1 -3 -1  0 -1 -3 -3 -2 -1 -3 -4 -3  3  3 -4 -3 -3    9   2   6   9   0   1   6   5   0   0   4   3   0   0   0  27  26   0   0   0  0.44 0.35
  309 I   -2 -3 -4 -4 -3 -1 -2 -4 -4  4  3 -3  2  0 -4 -3  0 -3 -2  2    1   0   0   0   0   2   3   1   0  28  35   1   6   4   0   1   6   0   0  11  0.56 0.33
  310 K   -1  0  2  2 -3  1  2 -1 -2 -2 -1  2 -1 -3 -2  0  1 -4 -3 -1    4   4  15  10   0   7  14   3   0   1   5  13   2   0   1   7   8   0   0   5  0.22 0.18
  311 G    0 -2  1  1 -3  0  1  3 -1 -2 -2 -1 -2 -2 -2  1  1 -3  0 -2    7   1   6   7   0   3  10  25   1   2   4   3   0   1   1  13   8   0   4   1  0.24 0.19
  312 Q   -1  3  1  2 -4  2  1 -2 -2 -4 -2  2 -3 -2 -3  0  0 -4 -3 -3    3  22   8  15   0  10  10   2   0   0   3  13   0   1   0   7   5   0   0   1  0.42 0.30
  313 I   -1 -4 -1 -3 -3 -2 -3 -5 -4  4  2 -3  1 -2 -4 -2 -2 -4 -3  4    3   0   4   1   0   2   1   0   0  31  18   1   4   1   0   2   1   0   0  31  0.64 0.38
  314 K    1 -2  2  2 -3 -1  1  0 -1 -3 -4  1 -3 -3 -2  2  2 -4 -3 -2   11   0  10  15   0   1   8   5   1   1   0  12   0   1   1  15  19   0   0   1  0.35 0.29
  315 D    1  0  1  1 -3  1  1  1 -2 -2 -3  1 -2 -4 -2  0  2 -4 -3 -1   14   3   7   9   0   6  11  10   0   2   1   8   0   0   1   6  19   0   0   3  0.23 0.21
  316 N   -3 -2  4 -2 -3 -1 -3 -4 -3  1  3 -3  0 -2 -2 -1  0 -4 -3  1    1   1  22   2   0   2   0   0   0   8  39   0   1   1   1   3   6   0   0  12  0.50 0.37
  317 T    0  2  1  0 -4  2  2  0  0 -4 -4  2 -2 -4 -3  1  1 -4 -2 -3    8  10   6   5   0  11  16   5   2   0   0  15   1   0   0  13   8   0   1   0  0.34 0.26
  318 T    1  0  0  2 -3  1  1  0 -2 -2 -1  1 -1 -3 -2  1  2 -4 -3 -1   15   6   4  11   0   7   8   8   0   1   5   8   1   0   0   7  14   0   0   4  0.18 0.18
  319 S   -1  2  1  4 -4  1  2 -2 -1 -4 -3  1 -1 -3 -3  1  0 -4 -3 -3    5  13   4  27   0   6  12   2   1   0   1   8   1   1   0  13   4   0   0   1  0.45 0.31
  320 I   -1 -3 -1 -4 -3  0 -2 -5 -4  4  2 -4  2 -1 -4 -3 -2 -4 -3  3    3   1   4   0   0   6   2   0   0  35  19   0   4   1   0   0   2   0   0  23  0.63 0.39
  321 E    1 -1  1  2 -3 -1  2  0 -1 -2 -2  0 -1 -3 -3  1  2 -4 -2 -1   10   1   7  13   0   1  14   7   1   2   2   6   2   0   0  11  20   0   1   3  0.24 0.23
  322 S    0 -1  3  2 -3  0  1  1 -2 -4 -4  1 -3 -4 -3  2  2 -4  0 -2    6   2  14  14   0   3   8  12   0   0   0   7   0   0   0  16  13   0   3   1  0.34 0.27
  323 L   -2 -3 -1 -3 -3 -4 -4 -5 -1  3  4 -3  1 -1 -2 -4 -1 -4 -3  1    2   1   3   2   0   0   0   0   1  18  56   1   2   1   1   0   3   0   0   9  0.75 0.42
  324 N   -1  1  3  2 -4  2  3 -2  0 -4 -4  1 -1 -4 -2  0  0 -1 -1 -3    4   7  18   9   0   8  22   1   2   0   0   9   2   0   1   5   6   1   2   1  0.39 0.28
  325 G    0 -1  1  1 -3  1  1  2 -1 -2 -2  0 -1 -3 -2  1  2 -4 -3 -2    7   1   6   8   0   5   7  15   1   2   3   6   1   0   0  14  19   0   0   2  0.23 0.21
  326 I    0  2  0 -1 -2  1  0 -2 -2  2  0  1 -1 -2 -2  0  1 -3 -2  1    8  11   4   3   0   7   7   1   0  16   7  10   0   0   0   4  11   0   0  10  0.12 0.14
  327 V    0 -3 -4 -4 -3 -3 -4 -4 -4  3  2 -3  1 -2 -3 -3 -1 -4 -3  4    8   0   0   1   0   0   1   1   0  16  20   1   3   0   0   1   4   0   0  43  0.66 0.36
  328 G    0 -2  2  1 -2  0  0  4 -2 -3 -2  0 -2 -3 -2  0  0 -3 -3 -2    9   1  10   7   0   3   5  33   0   1   4   6   0   1   1   7   7   0   1   2  0.33 0.19
  329 E    1  1  0  1 -2  1  1 -1 -1 -1 -1  1 -1 -2 -1  1  1 -3 -1 -1   13   7   5  10   0   5  12   3   1   4   5   9   0   1   2   9  10   0   2   2  0.13 0.11
  330 N    0 -1  2  2 -2  1  0 -1  0 -2 -1  0 -2 -2  1  1  1 -3 -1 -1    6   1  12  16   0   8   5   2   2   2   5   5   0   1   7  12   9   0   2   4  0.20 0.15
  331 T   -1 -1  1  0  0 -1  0  1 -2  0 -1 -1 -2 -3  0  1  3 -3 -2 -1    4   2   9   5   2   1   4  13   0   6   6   3   0   1   4   8  29   0   1   2  0.22 0.19
  332 S    1 -2  0  1 -2 -1  0 -1 -2 -1  0  0 -1 -2 -2  2  2 -3 -2  0   14   1   3   8   0   2   4   3   0   3  11   6   0   1   1  24  13   0   0   6  0.17 0.17
  333 S    0 -1  2  3 -3 -1  1 -1 -2 -3 -3  0 -3 -3 -2  2  1 -3 -3 -2    7   2  13  21   0   1   8   3   0   1   2   4   0   1   1  22  10   0   0   2  0.37 0.25
  334 G   -1  0  1  1 -3 -1  1  4 -2 -2 -2 -1 -2 -3 -2  0  0 -3 -3 -3    4   5   8  10   0   1  10  38   0   2   4   2   0   1   1   4   7   0   1   1  0.41 0.23
  335 L   -2 -2 -1 -1 -3 -3 -2 -4  0  1  4 -3  1 -1 -3 -3 -2 -3 -2  1    2   2   4   4   0   0   2   1   3   6  58   1   2   1   1   1   1   0   0  10  0.59 0.34
  336 R   -1  3 -1 -1 -4  4  2 -2 -2 -2 -3  1 -2 -4 -1  0  1 -4 -3 -1    3  21   1   1   0  22  16   2   0   2   1   9   0   0   2   5   9   0   0   5  0.45 0.31
  337 A    1  0 -1 -2 -3  0 -1  3 -2 -3 -3  1 -3 -2 -1  1  2  0  0 -2   11   3   2   0   0   5   3  25   0   0   0  12   0   2   2  11  17   1   3   1  0.32 0.25
  338 N    0  0  1  3 -4  3  2 -1 -2 -4 -3  1 -3 -4 -3  1  0 -4 -3 -2    9   4   8  19   0  15  16   3   0   0   1   7   0   0   0  10   6   0   0   2  0.42 0.29
  339 V   -1 -4 -3 -4 -3 -2 -4 -5 -5  4  0 -2  2 -2 -4 -3 -1 -4 -2  5    3   0   1   1   0   2   0   0   0  33   5   2   5   1   0   1   3   0   1  42  0.81 0.45
  340 S    2 -1  2  1 -1  0  0  0 -2 -1 -3  1 -2 -4 -2  1  2 -4 -3 -1   22   1  11   6   1   3   7   7   0   3   0   9   0   0   0  13  14   0   0   4  0.26 0.23
  341 W    0  0  1  2 -3  1  2 -2 -1 -2 -2  0 -1 -2 -3  1  1  4 -2 -2    8   5   6  15   0   6  16   2   1   2   3   3   1   1   0  11  10   8   0   2  0.27 0.22
  342 L   -2 -3 -3 -5 -3 -2 -4 -5 -4  3  4 -4  1  0 -4 -4 -2 -4 -2  2    3   1   2   0   0   2   0   0   0  16  57   0   1   3   0   0   1   0   1  12  0.79 0.43
  343 N   -2  1  3  1 -4  3  2 -1  0 -2 -3  2 -1 -4 -2  0  0 -4 -3 -3    2   6  17   9   0  17  14   4   2   2   1  11   2   0   1   3   7   0   0   1  0.37 0.26
  344 Q    1 -1  1  3 -3  3  0  0 -2 -3 -3  0 -3 -4 -1  1  3 -4 -3 -2   13   3   5  17   0  15   4   5   0   0   0   5   0   0   2   9  20   0   0   1  0.36 0.28
  345 I    0  2  0  1 -3  2  1 -2 -1 -2 -2  1 -2 -3 -2  0  2 -3 -2 -2    7  12   4   8   0  11   8   1   1   1   4  11   0   1   0   7  20   0   1   2  0.25 0.21
  346 V   -1 -3 -4 -4 -3 -2 -3 -4 -4  4  1 -2  1 -1 -3 -1  0 -4 -3  4    2   0   0   0   0   1   1   1   0  24  10   2   3   1   0   6   5   0   0  42  0.63 0.35
  347 G   -1 -1  1  0 -3  0  1  4 -1 -2 -3  1 -2 -3 -2  1  0 -3 -3 -2    4   2   7   6   0   4   8  36   1   2   2   9   0   1   1   9   4   0   1   2  0.37 0.20
  348 T    0 -1  0  1 -2  0  1 -1 -2  1  0 -1  0 -1 -1  1  2 -2 -2  0    5   3   5   9   0   3   8   3   0  12   8   3   3   2   2  10  19   0   1   5  0.09 0.11
  349 D    0 -1  1  1 -2  0  0 -1 -1  0  1 -1  1 -1 -2  0  0 -2 -1  1    6   3  12  10   0   4   7   4   1   6  15   3   4   2   1   4   7   0   2  11  0.05 0.07
  350 S    0  0  1  1 -2  1  1  0 -1 -2 -1  0 -1 -2  0  1  0 -2 -2 -1    8   3   9  10   0   8   9   7   0   2   6   5   2   1   3  16   5   0   1   3  0.14 0.10
  351 S   -1 -1  1  2 -3  1  2  0  0 -2 -2  0 -2 -2  1  1  1 -3 -1 -1    4   1   8  10   0   5  18   7   1   1   3   3   0   1   7  14   9   0   2   4  0.21 0.16
  352 G    1  0  1  0 -2  0  1  1  1 -2 -1  0  0 -1  0  1  0 -2 -1 -2   10   4   6   5   0   2   9  14   4   2   6   6   3   2   4  16   4   0   2   1  0.11 0.09
  353 G    1  0 -1 -1 -2  0  1  1 -2  0  0  0  0 -1  0  1  1 -2 -2  1   13   4   2   2   0   3  10  10   0   4   9   4   3   2   3  10   8   0   1  11  0.05 0.06
  354 Q    0 -1  1  1 -2  2  2 -1 -1 -1 -1  1 -1 -2 -1  0  1  0 -2 -1    6   1   5   9   0  11  17   3   0   5   8   7   0   1   3   5  13   1   1   4  0.15 0.13
  355 P    0 -1  1  1 -2  1  0 -1 -1 -1 -1  1 -1 -2  3  1  0 -2 -2 -1    8   2   6  10   0   8   6   3   1   3   4  11   2   2  14  14   4   0   1   3  0.19 0.12
  356 S    1 -1  0  0 -2  1  1  0 -1  0 -1 -1 -1 -2  1  1  1 -3 -2 -1   14   2   5   5   0   9  11   5   0   5   7   2   1   1   6  11  10   0   0   4  0.11 0.11
  357 P    0  1  2  1 -2  0  0 -1  1 -2  0  0  0 -2  2  0  0 -3 -2 -1    7  11  12   8   0   2   6   3   3   1   9   6   2   1  10   7   5   0   1   5  0.13 0.10
  358 P   -1 -1 -1  0 -2  2  0 -2 -2  1  0  0 -1 -1  3 -1  1 -1 -2  1    3   1   3   4   0  12   4   3   0   8   9   7   0   3  17   3  10   1   0  10  0.18 0.15
  359 G    0 -2  0  2 -1 -1  1  2  1 -3 -2 -1 -2 -2 -2  1  2 -3 -2 -2    9   0   5  11   1   0  11  17   4   0   2   4   0   2   0  10  20   0   1   3  0.25 0.21
  360 S    1 -1 -1  1 -3  0  1  0 -2 -3 -3 -1  0 -3 -2  3  2 -4 -3 -1    9   3   2  10   0   5   8   6   0   0   1   2   3   0   1  29  18   0   0   3  0.33 0.27
  361 L   -1 -3 -2 -3 -2 -2 -2 -3 -3  4  3 -3  1 -1 -3 -2  0 -3 -2  2    6   1   2   1   0   1   2   1   0  33  28   1   2   1   1   1   4   0   0  14  0.48 0.27
  362 L    0  0  1  1 -1  1  2 -1 -1 -1  0  1 -1 -1 -2  1  0  0 -1 -1    7   2   6  10   1   8  16   2   1   5   9  10   0   2   1   9   5   1   1   3  0.12 0.11
  363 N    0 -2  2  0 -3  1 -1  4 -1 -3 -2 -1 -3 -3 -2  1 -1 -3 -1 -3    5   0  13   5   0   9   3  36   1   1   3   3   0   0   1  12   3   0   3   1  0.45 0.28
  364 R   -2  5  1  0 -4  2  1 -2 -2 -3 -3  3  0 -4 -3 -2 -2 -4 -3 -3    2  41   6   4   0   9   7   3   0   1   2  18   2   0   0   0   1   0   0   1  0.73 0.40
  365 V   -1 -3 -4 -2 -3 -1 -3 -4 -4  3  3 -3  1  1 -4 -2  0  0 -2  3    3   0   0   3   0   4   0   0   0  21  31   0   3   5   0   2   6   1   0  20  0.44 0.28
  366 S    0 -1  2  3 -3  0  1  0 -2 -2 -2  1 -3 -4 -2  1  1 -4 -3 -2    7   2  12  19   0   3   6   5   0   2   2  12   0   0   1  14  10   0   0   3  0.29 0.22
  367 T    0  0  1  1 -3  0  2 -1  0 -1 -1  0 -2 -3 -2  1  2 -4 -3  0    8   3   8   7   0   3  17   2   2   5   4   7   0   0   0   9  18   0   0   6  0.19 0.18
  368 I   -2 -3 -2 -4 -3 -3 -3 -4  0  3  4 -3  1 -1 -2 -3 -1 -3 -1  2    2   1   2   0   0   0   1   0   3  16  45   1   2   2   2   1   3   0   1  16  0.53 0.33
  369 E   -1 -1  1  1 -4  3  4 -1 -1 -3 -4  0 -3 -5 -3  1  2 -4 -4 -2    4   2   5   6   0  17  31   4   1   1   0   4   0   0   0  10  14   0   0   2  0.52 0.37
  370 T    1 -2  0  1 -3  1  0  2 -3 -3 -2  0 -3 -4 -3  1  4 -4 -4 -2   13   0   4   9   0   6   7  14   0   0   2   4   0   0   0   9  31   0   0   1  0.40 0.32
  371 S   -1  1  1  1 -3  1  1 -1 -2 -1 -1  0  0 -2 -2  1  1 -4 -3  0    2  10   9  10   0   8  10   4   0   2   6   5   2   1   1   9  12   0   0   8  0.16 0.16
  372 V    0 -1 -1 -2 -2  2 -2 -2 -1  2  1 -1  1 -1 -3  0  0 -3 -2  2    6   3   3   2   0  11   0   2   2  17  15   4   2   2   0  10   4   0   0  18  0.16 0.18
  373 S    0  1  3  1 -3  1  1  1 -2 -3 -1  0 -2 -3 -3  1  1 -4  0 -2    6   7  17   6   0   6   8  10   0   0   6   3   0   0   0  15  12   0   3   2  0.22 0.20
  374 G    1  0  1  2 -3  3  2  1 -2 -4 -3  1 -3 -4 -3  1  1 -4 -3 -3   12   3   7  11   0  15  14   9   0   0   2   6   0   0   0  13   8   0   0   0  0.33 0.24
  375 L   -2 -1  2 -1 -3  1  0 -3  0  1  2 -1  1 -2 -1 -1  1 -3  0  0    0   2  15   2   0  10   4   0   2  12  22   2   3   0   2   2  10   0   4   7  0.18 0.20
  376 N    1  0  1  0 -3  2  1 -1  1 -2 -2  1 -2 -3 -2  1  1 -3  0 -2   13   5   6   4   0  13  11   3   4   2   2   8   0   0   0  14  10   0   3   2  0.22 0.20
  377 N    1 -2  1  0 -3  0  0  0 -2 -2 -1  0 -2 -1 -2  3  2 -4 -3 -1   13   0   6   3   0   3   6   8   0   2   8   4   0   3   1  24  16   0   0   3  0.22 0.22
  378 A    1  0  1  1 -3  1  1 -1  2 -2 -1  0  0 -2 -2  0  0 -3  0 -1   16   3   9   8   0   5  11   4   7   2   5   6   3   1   0   7   6   0   3   3  0.14 0.13
  379 V   -2 -4 -1 -2 -3 -4 -2 -5 -4  5  2 -1  1  0 -4 -4 -1 -4 -3  3    3   0   3   2   0   0   2   0   0  39  15   4   3   3   0   0   2   0   0  26  0.68 0.37
  380 Q    0  0  2  1 -4  4  1  0 -2 -1 -4  0 -3 -3 -3  0  1  0 -3 -2    8   5  10   8   0  30   8   5   0   4   0   5   0   1   0   6   8   2   0   1  0.39 0.29
  381 N   -2  2  2  4 -4  1  2 -1 -2 -4 -4  0 -4 -5 -2  1  0 -5 -4 -4    1  10  11  33   0   6  14   4   0   0   0   5   0   0   1  10   4   0   0   0  0.60 0.33
  382 L   -3 -1 -2 -2 -3 -3 -3 -4 -1  2  4 -2  2  0 -2 -2 -1 -3 -2  1    0   3   2   2   0   0   0   0   1  13  50   2   4   3   2   2   2   0   0  11  0.51 0.29
  383 Q   -2  0  1  1 -4  5  2 -3  1 -3 -1  1 -2 -4 -3  0  1 -4 -3  0    0   3   7   7   0  33  13   0   3   0   5   6   0   0   0   6   8   0   0   7  0.48 0.32
  384 V    1 -1  2  1 -3  0  0  1 -1 -2 -2  0 -2 -1 -2  1  2 -3 -2  0   11   2  11   9   0   4   6  10   1   1   3   4   0   2   0  10  19   0   0   6  0.18 0.16
  385 E   -1  1 -1  1 -4  2  4 -2 -2 -2 -3  0 -1 -4 -3  0  1 -4 -2  0    4   6   2   6   0   9  37   2   0   2   0   4   2   0   0   8  10   0   1   7  0.42 0.29
  386 I   -1 -4 -4 -3 -3 -3 -4 -4 -4  4  2 -1  1 -2 -4 -2  0 -4 -1  3    4   0   0   1   0   0   0   0   0  34  16   4   3   0   0   2   4   0   1  29  0.60 0.32
  387 G    0 -1  0 -1 -3  0  0  4 -2 -3 -2 -1 -2  1 -3  1  0  1 -2 -2    7   2   5   3   0   6   4  39   0   0   4   2   0   6   0  11   6   2   0   2  0.39 0.23
  388 N    0 -1  4  2 -3 -1  0 -1 -2 -3 -1  0 -2 -3 -1  2  2 -4 -3 -2    6   2  25  12   0   2   6   2   0   0   5   6   0   0   3  14  13   0   0   3  0.33 0.23
  389 N   -1  0  3 -1 -2  0 -1  0 -2 -1  0  0  1  0  1  1  1 -3 -1 -1    4   4  19   0   0   3   1   6   0   2  11   5   5   4   8   9  12   0   2   4  0.13 0.14
  390 S    0 -1  2  0 -2  0  1 -1 -2 -1 -1  1  0 -1 -1  2  2 -3 -2 -1    6   0  12   5   0   2   9   2   0   3   3  14   3   3   2  16  14   0   0   5  0.16 0.15
  391 A    1 -1  0  1 -2  1  1 -1 -2 -3 -2 -1  0 -3 -1  2  3 -3 -3 -2   10   1   3   6   0   6  12   3   0   0   4   2   2   0   2  19  27   0   0   1  0.31 0.23
  392 G    1  0  1  1 -3 -2  0  4  0 -3 -3 -1 -3 -3 -2  1  1 -3 -3 -3   11   5   6  10   0   0   6  35   2   0   2   3   0   0   0  11   8   0   0   0  0.40 0.23
  393 I   -1 -3 -4 -3 -3  0 -2 -4 -3  3  3 -3  2  0 -4 -2 -2 -3 -2  1    6   0   0   1   0   6   3   0   0  21  42   0   5   4   0   2   1   0   0   8  0.46 0.28
  394 K    0  1  1  0 -3  1  1 -1 -2  0 -2  2 -2 -2 -2  0  1 -3 -2  1    5   8   8   4   0   8  10   4   0   5   0  16   0   2   0   7  10   0   0  12  0.16 0.15
  395 G    2 -2  1  0 -3  0 -1  4 -3 -3 -4  0 -3 -4 -3  1  1 -4 -3 -3   21   0   7   5   0   4   2  34   0   1   0   5   0   0   0  12   8   0   0   0  0.49 0.28
  396 Q    0  1  0  2 -3  3  1 -1 -2 -2 -2  1 -1 -3 -1  0  1 -3 -2 -1    7   9   2  14   0  18   7   3   0   1   2   9   2   0   2   8   9   0   1   4  0.23 0.18
  397 V   -1 -2 -1 -1 -2 -1 -1 -3 -3  2  1 -1  1 -1 -2  0  0 -3 -2  4    3   1   4   2   0   2   3   1   0  11  15   3   2   1   2   7   5   0   0  38  0.28 0.22
  398 V    0  0  1  0 -2  0  0  0 -2  0 -1  0 -1 -1  0  1  2 -3 -2  0    8   4   8   6   0   4   5   6   0   9   4   5   0   3   4   9  22   0   0   4  0.12 0.14
  399 A    1  1  1  0 -3  2  1  0 -2 -2 -2  1 -2 -3 -2  1  2 -3 -1 -1   13   6   8   3   0  10  11   6   0   1   3  11   0   0   0   8  14   0   2   3  0.20 0.17
  400 L   -1 -2 -1 -3 -3  0 -2 -4  2  2  3 -3  2  0 -2 -3 -1 -3 -1  1    4   2   4   0   0   5   2   0   8  14  40   0   5   2   2   0   2   0   1   9  0.35 0.25
  401 N    0  0  2  0 -3  2  2 -1 -2 -3 -3  1 -2 -2 -1  1  2 -4 -3 -1    4   5  12   5   0  11  14   4   0   0   0   9   0   1   2  14  13   0   0   5  0.27 0.21
  402 T    0  0  1  1 -3  2  1 -1 -2 -2 -2  2 -2 -2 -1  1  2 -3 -3 -2    7   2   7   8   0   9   8   3   0   2   4  20   0   1   3  11  17   0   0   0  0.24 0.20
  403 L    0  0  1  2 -3  2  1 -1 -2 -1  0  1 -1 -3 -2  0  1 -3 -3 -1   10   5   5  16   0  12   7   2   0   4  11  11   1   0   0   5   8   0   0   2  0.17 0.15
  404 V   -1 -3 -2 -1 -2 -1 -2 -2 -3  3  1 -2  2 -2 -2 -1  0 -3 -2  2    4   0   2   4   0   2   2   2   0  26  15   2   8   0   2   5   6   0   0  20  0.28 0.21
  405 N    0  0  4  1 -3 -1  1  0 -1 -3 -3  0 -1 -1 -1  0  0 -3  3 -2    6   6  26   8   0   1   8   6   0   0   1   4   1   2   2   7   5   0  13   3  0.29 0.24
  406 G    1 -2  1 -1 -3 -1 -1  5 -3 -3 -3 -1 -3 -1 -3 -1  0 -3 -2 -2   10   2   6   3   0   2   5  50   0   0   2   4   0   3   0   3   6   0   1   2  0.61 0.31
  407 T    0 -1  1  2 -2 -1  1 -2 -1 -1  0  0 -1 -2 -1  1  2 -3 -1 -1    5   2   8  16   0   0   7   1   2   3   9   5   1   2   2   9  22   0   2   5  0.18 0.17
  408 N   -1 -1  3  3 -3 -1  0  0 -2 -1 -3  0 -1 -1  0  1  0 -3 -2 -1    4   2  18  19   0   2   5   8   0   5   1   4   2   4   4  14   6   0   0   4  0.23 0.18
  409 P    0 -2  0 -1 -2  1  0 -1 -2  0 -1  0 -1 -3  3  1  1 -3 -3  0    9   0   5   3   0   7   6   4   0   6   7   5   0   0  14  11  13   0   0  10  0.18 0.15
  410 N    2  1  3  1 -3  0  0  0 -2 -3 -2  1 -2 -3 -2  1  1 -3 -1 -2   22   7  17   7   0   2   6   6   0   0   3   7   0   0   0   9   9   0   2   2  0.24 0.20
  411 G    1 -2  1 -2 -2 -1 -1  3 -1  0  0 -1 -1 -2 -2  1  1 -3 -2  0   12   0   7   0   0   2   2  23   1   6   9   4   0   1   0  12   9   0   0  10  0.18 0.16
  412 S    0 -1  0  2 -3  0  0 -1 -2 -2 -1 -1 -1 -3 -2  3  2  0 -1 -1    7   2   2  14   0   4   5   3   0   0   6   3   2   0   0  29  16   2   1   4  0.28 0.25
  413 T   -1 -1  0  1 -3  1  0 -1 -2 -1 -1  0 -2  0  2  0  2 -3 -2 -1    3   2   2   9   0   7   6   4   0   4   6   7   0   4  12   7  22   0   0   4  0.18 0.17
  414 V    0 -1  1  0 -2  1  0  0 -2  0  0  0  1  0  1  0  0 -2 -1  0    7   0   7   7   0   7   7   7   0   7   7   7   6   6   7   7   7   0   0   7  0.05 0.08
  415 E    0  0  1  2 -3  1  3 -3 -2 -2 -2  0 -3 -4 -1  0  1 -4 -3 -1    9   3   7  12   0   7  26   0   0   3   3   4   0   0   2   6  12   0   0   5  0.33 0.28
  416 E    0  0  1  0 -3  1  2 -1 -2  0 -1  1  0 -1 -1  0  0  2 -2  0    6   5   6   5   0   6  15   5   0   5   5  10   3   3   2   5   6   3   0   6  0.07 0.10
  417 R    1  1  0  1 -3  2  0 -1  0 -1 -1  0 -2  0 -2  1  1 -3 -2 -1   13  10   4  10   0  10   4   3   2   4   4   6   0   6   0  14   9   0   0   2  0.14 0.17
  418 G    0 -1  2  0  1 -1 -1  3 -2 -2 -2 -1 -2 -1  0  0  0 -3 -3 -1    8   3  12   6   3   2   4  30   0   2   4   2   0   2   5   7   4   0   0   5  0.25 0.20
  419 L   -1 -1 -1 -3 -3 -1 -2 -2 -1  2  3 -1  1 -2 -3 -2  0 -3 -1  2    3   3   3   0   0   2   2   3   2  11  34   4   3   0   0   2   8   0   2  18  0.28 0.24
  420 T    0 -1  0 -1 -2  1  1 -2 -2 -1  0  1  0  0  1  0  1 -3  0  0    7   2   3   3   0   5  11   2   0   2   9   9   2   4   8   7  12   0   3  10  0.08 0.11
  421 N    0  0  3  1 -3  0  1  1 -2 -2 -2  1 -3 -4  0  2  1 -4 -3 -2    5   3  20   6   0   3   9  10   0   2   3  11   0   0   5  15   7   0   0   2  0.27 0.23
  422 S   -1  1  1  2 -3  1  1 -3 -2 -3 -1  1 -2 -1 -3  1  3 -4 -1 -2    5   8   5  13   0   5   7   0   0   0   5   7   0   2   0   8  29   0   2   2  0.32 0.29
  423 I   -1 -2 -2 -3 -1 -3 -2 -2  0  3  1 -2 -1 -2 -3  0  1 -4 -3  3    4   2   1   0   1   0   3   2   3  23  13   2   0   0   0   8  10   0   0  27  0.34 0.28
  424 K    1  1  1  1 -3  0  1  0 -2 -2 -2  2 -2 -4  1  1  1 -4 -3 -1   10   6   7   8   0   2   9   5   0   1   4  21   0   0   6   9   9   0   0   3  0.21 0.19
  425 A    1 -1  0  1 -3  1  0  2 -2 -1 -2  0 -2 -2 -2  1  1 -4 -3 -1   15   3   3  10   0   7   6  16   0   3   1   6   0   2   0  13  10   0   0   4  0.20 0.19
  426 N   -1  0  0 -2 -3 -1 -2 -1  1  1  3 -2 -1  1 -2 -1  1 -3 -2  0    5   6   7   2   0   3   2   4   3   7  33   0   0   6   1   4  10   0   0   7  0.15 0.20
  427 E    0  0 -1  2 -4  2  3 -1 -2 -3 -2  1 -3 -2 -3  2 -1 -4  0 -2    9   4   2  10   0  12  21   5   0   0   3   9   0   1   0  16   2   0   3   3  0.31 0.27
  428 T    2 -2  0  1 -3  1  1  0  0 -3 -3 -2 -3 -4 -3  1  3 -4 -3 -1   19   0   4   9   0   7  11   8   2   0   0   0   0   0   0   9  25   0   0   5  0.35 0.30
  429 N    0  1  2  1 -3  1  1  0  1 -3 -1  1 -2 -3 -2  0  1 -3 -2 -2    9   6  10   9   0   7  11   5   5   0   8  11   0   0   0   7  12   0   0   0  0.18 0.16
  430 I    0 -2  0  0  1 -2 -2 -1 -2  2  1 -1  1  0  0  0  0 -2  0  1    5   0   4   7   4   0   0   4   0  16  13   4   4   4   4   8   5   0   4  12  0.06 0.10
  431 A    1 -1  1  1 -2  0  1  1 -1 -1 -1  0 -1 -1  0  0  1 -3  0  0   11   0   8  10   0   3  11   9   0   4   4   7   0   2   5   7   9   0   3   8  0.09 0.09
  432 S    1  0  1  1 -3  2  1  0  0 -2 -1  0 -1 -3 -2  0  1 -3 -2  0   11   5   8   7   0  13  11   7   2   0   4   5   2   0   0   5  10   0   0   7  0.15 0.14
  433 V    0 -2  0 -1 -2  0  0 -2 -2  2  2 -1  0 -2  0  0  0 -3 -2  1   10   1   5   4   0   4   5   1   0  16  23   4   0   0   4   6   6   0   0  10  0.11 0.13
  434 T    0  0  2  2 -2  1  1 -1 -2  0 -1  0 -1  0 -2  1  1 -3 -2  0    6   4  10  12   0   8   7   2   0   4   2   6   0   5   0   9  13   0   0  10  0.12 0.13
  435 Q    0  1  0 -1 -2  2  0 -1 -2 -1 -2  1 -2 -3 -1  2  2 -3 -2 -1    8   7   4   3   0  14   2   3   0   3   4  10   0   0   2  16  20   0   0   3  0.23 0.21
  436 E    1  1  1  2 -3  1  2  0  1 -3 -2  0 -1 -3  0  0  0 -3 -2 -1   12   9   6  14   0   7  16   7   3   0   2   3   2   0   3   3   6   0   0   4  0.20 0.16
  437 V    0 -1 -1 -1 -2 -2 -2 -3 -3  3  2 -1  0  0 -3 -1  0 -3  0  2    9   3   4   4   0   0   1   1   0  25  18   4   0   3   0   2   4   0   3  19  0.23 0.19
  438 N    1 -1  3  1 -3  0  1  2 -2 -2 -2  1 -1 -3 -2  1  0 -3 -3 -1   11   0  17   6   0   4   8  17   0   2   2  10   2   0   0   9   7   0   0   4  0.22 0.18
  439 T    0 -1  1  1  0  1  1  0 -1 -2 -2  2 -2 -2 -2  1  2 -3 -2  0    6   2   7   8   2   7   8   6   1   2   2  15   0   2   1   7  18   0   0   6  0.15 0.15
  440 A    1 -1  0 -1 -2  0 -1 -1 -2  0  2  0  0 -1 -1  0  0 -2  0  0   18   2   4   2   0   3   3   3   0   5  23   5   2   0   2   9   5   0   4   8  0.07 0.11
  441 K    0  0  1  1 -3  1  2 -1 -1 -1 -1  1 -1 -2 -1  0  1 -2  1 -1    7   3   6   8   0   8  14   2   0   3   6  12   0   0   2   7   9   0   7   4  0.13 0.13
  442 G    0  0  0  0 -2  0  1  2  0 -1 -2  0  0 -3 -2  1  2 -3 -2 -1    5   3   3   4   0   3   9  19   3   3   3   6   2   0   0  10  20   0   0   4  0.18 0.16
  443 N    0  2  2  2 -3  0  1 -2 -1 -2 -1  1 -2 -3 -2  1  1 -3  0 -1    8  14  12  15   0   4   7   1   0   1   5   8   0   0   1   8   8   0   3   4  0.20 0.16
  444 I    0 -1 -1 -2 -2 -2 -2 -3 -2  2  2  0  1  1 -1 -1  0 -3 -2  2    6   2   3   2   0   0   2   1   0  17  20   9   4   6   2   3   8   0   0  14  0.15 0.15
  445 S    0  0  1  1 -2  0  1  1  0 -1 -2  1 -1 -2  0  1  0 -3 -2 -1    6   3   9   5   0   4  13  13   2   4   2   9   2   2   3  16   5   0   0   3  0.15 0.13
  446 S    1 -1  0  1  0  0  1  0 -2 -2 -3  0 -1 -1 -2  2  2 -3  0 -2   11   2   5   9   2   4  12   8   0   0   1   5   2   2   0  17  14   0   3   2  0.18 0.17
  447 L    0 -1  0 -3 -2 -1 -1 -2  0  1  3 -1  0 -2 -1 -1  0  1 -2  1    7   2   4   0   0   2   5   2   3   6  36   3   1   0   2   4   6   2   0  13  0.18 0.18
  448 Q   -1  0  2  1 -3  2  2  0 -2  0 -1  0 -2 -2 -2  1  0  4  0 -1    2   4  10   9   0  10  14   5   0   6   4   4   0   0   0  11   6   7   3   5  0.19 0.18
  449 G    1  0  0  1 -2  0  0  1 -2 -1 -1  0 -1 -2 -2  2  1 -3 -2 -1   16   4   3   7   0   2   6  10   0   4   4   7   1   2   0  17  11   0   0   4  0.13 0.13
  450 D    0  0  1  2 -3  0  2 -1 -2 -1 -1  2 -2 -1 -1  1  0 -3 -2 -1    5   5   6  13   0   2  15   2   0   3   5  15   0   2   2  11   6   0   0   4  0.18 0.16
  451 V    0 -1 -1 -3 -2  0 -2 -2 -2  2  1 -1  2 -1 -1  0  0  0 -1  2    9   2   2   0   0   4   2   2   0  17  11   4   9   2   3   5   5   2   2  20  0.15 0.16
  452 Q    1 -2  2  0 -3  2  0  1 -2 -2 -3  0  0 -3 -2  2  0  2 -1 -1   10   0  12   4   0  10   7  10   0   0   1   5   4   0   0  19   6   3   1   6  0.21 0.20
  453 A    1  0  1  0 -2 -1  1  1 -2 -2 -2  0  0 -1 -1  1  2 -3 -2 -2   17   5   7   3   0   0  13  10   0   2   3   6   3   3   2   8  15   0   0   1  0.15 0.16
  454 L    0  0 -2 -2 -2 -1  0  0 -2  0  0  0  1  1 -2  0  0  4  1  0    7   7   0   0   0   0   7   7   0   7   7   7   7   7   0   7   7   7   7   7  0.09 0.12
  455 Q   -1 -1  0  2 -3  1  1 -2  1 -1 -1  1 -2 -2  1  1  0 -3  0  0    4   0   4  13   0   8  10   0   5   5   5  12   0   0   7  10   4   0   4   7  0.15 0.15
  456 E    0 -2  1  3 -3  1  1  0 -2 -2 -2  0  1 -3 -2  0  3 -3 -3  0    7   0   6  17   0   8   6   8   0   0   1   4   6   0   0   6  24   0   0   7  0.26 0.23
  457 A    0  1  1  1 -2  1  1  1 -1 -2 -1  1 -1 -2 -2  1  1 -3 -2 -2    9   9   9   9   0   9   9   9   0   0   9   9   0   0   0   9   9   0   0   1  0.15 0.09
  458 G    1  0  1  0 -2  1  0  1 -1 -1 -2  0 -1  0  0  1  1 -3 -2  0   10   4   9   5   0   6   6  14   0   4   1   5   0   4   4   8   9   0   0  10  0.09 0.09
  459 Y    0  1  0  1 -3  1 -1 -1 -1  0  0  2 -1  1 -2 -1  0 -2  2 -1    8   5   3   9   0   9   0   4   0   5  12  20   0   7   0   0   8   0   8   0  0.11 0.15
  460 I   -1 -2 -2 -3 -2 -2 -2 -1 -3  3  1 -1  2  1  1  0  0 -3 -2  1    3   0   0   0   0   0   0   6   0  23  14   4  10   6   8   8   6   0   0  10  0.18 0.15
  461 P    1 -2  1  0 -2 -1  1 -2 -2 -1  0 -1 -1 -3  3  1  1 -3 -2  0   13   0   8   3   0   0  11   1   0   0   8   0   0   0  18  16   9   0   0  10  0.27 0.16
  462 E   -1 -2  0  4 -3 -1  3 -2 -2  0 -1 -1 -2 -3  1  1  0 -4 -3 -1    5   0   4  30   0   0  22   0   0   7   5   0   0   0   6   9   5   0   0   5  0.36 0.21
  463 A    4 -2 -2 -2 -2 -2 -2  0 -3 -2 -1  0 -2 -3  2  1  1 -3 -3  0   49   0   0   0   0   0   0   4   0   0   7   5   0   0  11   8   8   0   0   6  0.40 0.24
  464 P   -2 -2  0  1 -3 -1  0 -1 -2 -2 -3  1 -2 -3  6 -1  1 -4 -3  0    1   0   4   8   0   0   5   5   0   0   1  10   0   0  43   1  11   0   0   9  0.75 0.25
  465 R    1  2  2  1 -2  2  1 -2 -1 -1 -1  1  0 -3 -2  1  0 -3 -2  0   16  12  12   6   0  12   5   0   0   5   3   9   2   0   0   8   4   0   0   6  0.16 0.10
  466 D   -3 -2  0  6 -4 -1  1 -3 -2 -4 -4  1 -4 -4 -3 -1  0 -5 -4 -4    0   0   0  74   0   0   5   0   0   0   0  11   0   0   0   0   6   0   0   0  1.18 0.35
  467 G   -1 -3  2 -2 -3 -2 -3  5 -2  0 -1 -2 -2 -3 -3 -1 -1 -3 -3 -2    1   0  12   0   0   0   1  63   0   8   7   1   0   0   0   1   3   0   0   1  0.77 0.25
  468 Q    1  2  0 -1 -2  1  1 -2 -1 -1  0  2  1  0 -1  0  0 -2 -1 -1   15  12   3   1   0   8   8   1   0   1   7  19   7   7   1   1   7   0   0   1  0.13 0.08
  469 A    1 -2  1 -1 -2 -1  1 -2  2 -1  0 -1 -1  0  2  0  1 -3 -1 -1   21   0   8   0   0   0  11   0   9   3   9   0   0   4  11   7  12   0   0   3  0.15 0.09
  470 Y   -3 -3 -3 -4 -4  1 -3 -4  0  0 -2 -3 -2  2 -4  0 -3  0  8 -2    0   0   0   0   0   7   0   0   0   7   0   0   0   4   0   8   0   0  73   0  1.35 0.38
  471 V    0 -3 -3 -3 -2  0 -1 -1 -3  2  1 -2  0  1 -3 -2 -1 -3 -1  3   10   0   0   0   0   5   5   6   0  13  12   0   0   6   0   0   0   0   0  42  0.24 0.13
  472 R   -1  5 -2 -3  2 -1 -1 -3 -1 -3 -1  3 -2 -2 -3 -2 -2 -2  2 -3    6  50   0   0   7   0   0   0   0   0   7  18   0   0   0   0   0   0  11   0  0.63 0.23
  473 K   -2  3 -1 -1 -4  1  2 -3  2 -4 -3  4 -2 -4 -2 -1  1 -4 -2 -3    0  18   0   0   0   6  14   0   7   0   0  45   0   0   0   0  11   0   0   0  0.60 0.20
  474 D    1  0  3  2 -3  1  1 -2  1 -3 -3 -1 -2  0 -2  1 -1 -3  0 -3   14   5  24  17   0   7   7   0   4   0   0   0   0   6   0  12   0   0   4   0  0.31 0.13
  475 G    1 -1 -1  1 -3 -1 -1  4 -2 -4 -4  3 -3 -4 -2 -1 -2 -4 -3 -3   13   0   0   8   0   0   0  41   0   0   0  37   0   0   0   0   0   0   0   0  0.61 0.18
  476 E    2 -1  1 -1 -2  1  3 -2 -1 -3 -3 -1 -2 -3 -2  1  3 -3 -3 -2   30   0   7   0   0   8  25   0   0   0   0   0   0   0   0   5  24   0   0   0  0.38 0.15
  477 W   -4 -4 -5 -5 -4 -3 -4  0 -4 -4 -3 -4 -3 -1 -5 -4 -4 12  1 -4    0   0   0   0   0   0   0   8   0   0   0   0   0   0   0   0   0  92   0   0  3.16 0.36
  478 V    1 -3 -3 -3 -2 -2 -3 -3 -3  1  0 -2  0  2 -3  0  0 -2 -1  4   15   0   0   0   0   0   0   0   0   0   4   0   0  15   0   5   6   0   0  55  0.33 0.12
  479 F   -1  0 -1  1 -3  3  2 -2 -1 -1  0  1 -1 -1  1  0 -1 -3 -2  0    0   0   0  10   0  20  23   0   0   0  12  11   0   2   7   5   0   0   0  10  0.24 0.07
  480 L   -1  0 -3 -3 -2 -2 -2 -3 -3  3  3  0  1 -1 -3 -2  0 -3 -2  1    5   5   0   0   0   0   0   0   0  26  43   8   0   0   0   0   7   0   0   6  0.26 0.08
  481 S    1 -2 -1 -2 -2  1 -1 -2 -2 -1 -2 -1 -2 -3  5  2  2 -3 -2 -1   12   0   0   0   0   8   0   0   0   6   0   0   0   0  31  24  19   0   0   0  0.56 0.10
  482 T    0 -1  0  3 -2 -1  0 -1 -2 -2 -2  0 -2 -3 -1  2  3 -3 -2 -1    7   0   0  23   0   0   0   0   0   0   0   5   0   0   0  24  41   0   0   0  0.40 0.07
  483 F    1 -1 -1 -1 -2  1 -1 -1 -1 -2 -1 -1 -1  4 -2  2  0 -1  2 -1   10   0   0   0   0  12   0   0   0   0   0   0   0  29   0  38   0   0   7   0  0.25 0.06
  484 L   -1 -2 -3 -3 -1 -2 -3 -4 -3  2  4 -3  1  0 -3 -2  1 -2 -1  1    0   0   0   0   0   0   0   0   0  12  68   0   0   0   0   0  11   0   0   9  0.40 0.06
  485 S    2 -2  0 -1 -1 -1 -1  2 -2 -2 -2 -1 -1 -3 -1  2  3 -3 -2 -1   23   0   0   0   0   0   0  17   0   0   0   0   0   0   0  18  42   0   0   0  0.34 0.04
  486 P   -1 -2 -1  2 -3 -1 -1 -2 -2 -1 -2 -1 -2 -3  6 -1 -1 -4 -3  1    0   0   0  19   0   0   0   0   0   0   0   0   0   0  57   0   0   0   0  24  0.97 0.04
  487 A    4 -2 -2 -2 -1 -1 -1  0 -2 -1 -2 -1 -1 -2 -1  1  0 -3 -2  0  100   0   0   0   0   0   0   0   0   0   0   0   0   0   0   0   0   0   0   0  0.45 0.02

                      K         Lambda
Standard Ungapped    0.1289     0.3078
Standard Gapped      0.0410     0.2670
PSI Ungapped         0.1093     0.3175
PSI Gapped           0.0334     0.2670
