
Last position-specific scoring matrix computed, weighted observed percentages rounded down, information per position, and relative weight of gapless real matches to pseudocounts
           A  R  N  D  C  Q  E  G  H  I  L  K  M  F  P  S  T  W  Y  V   A   R   N   D   C   Q   E   G   H   I   L   K   M   F   P   S   T   W   Y   V
    1 M   -5 -5 -6 -7 -5 -4 -6 -7 -5 -3 -1 -5 11 -4 -6 -5 -5 -5 -5 -3    0   0   0   0   0   0   0   0   0   0   3   0  97   0   0   0   0   0   0   0  3.24 0.98
    2 K    1  0  2  3 -3 -1  1 -2 -2 -3 -3  1 -2 -4 -2  2  1 -5 -4 -2   11   5  12  16   0   1   9   2   0   1   1  10   1   0   1  19   9   0   0   2  0.33 0.23
    3 K   -2  4 -2 -1 -6 -2  1 -2 -3 -3 -4  5 -4 -6  1  0 -3 -6 -5 -5    1  25   1   4   0   0   7   3   0   2   1  43   0   0   7   6   0   0   0   0  0.89 0.46
    4 L    1  3 -2 -3 -4  5  0 -3 -3  0  0  0 -1 -2 -4 -2  0 -4 -2 -2   12  17   1   0   0  30   6   1   0   7  10   4   1   2   0   1   6   0   1   1  0.47 0.35
    5 T    0  0 -3 -3 -4  0  1 -3 -2  1  0  1 -2 -3 -4  0  4 -4 -2  1    8   6   0   0   0   4   8   1   1   7   7   8   0   1   0   4  35   0   1   9  0.39 0.32
    6 F   -5 -6 -6 -7 -1 -6 -6 -7 -2  2  0 -6 -3  8 -7 -6 -3  1  3  0    0   0   0   0   2   0   0   0   1  13   8   0   0  58   0   0   1   2   9   6  1.64 0.68
    7 E   -1  1 -1 -2  0 -1 -1 -3  0  2  0  0  0  0 -2 -1  2 -2  0  1    5  10   2   1   2   2   3   1   3  14   8   4   3   5   2   3  16   0   4  13  0.12 0.15
    8 I   -3 -6 -7 -7 -1 -6 -6 -7 -6  5  5 -6  2 -2 -6 -5 -3 -5 -4  2    2   0   0   0   1   0   0   0   0  29  51   0   4   1   0   0   1   0   0  10  1.21 0.57
    9 R   -2  5  0 -1 -3  0 -3 -5  2  0 -3 -1 -2 -3 -4 -1  2 -2 -3  1    3  39   4   4   1   4   0   0   5   6   2   2   1   1   0   4  15   1   1   9  0.61 0.41
   10 S   -2 -3  5  2 -5 -3 -1  0  4 -4 -4 -2 -3 -5 -1  3  1 -1 -1 -3    2   1  26  11   0   0   3   7   9   0   1   1   1   0   3  19  10   1   3   1  0.58 0.40
   11 P    0  0 -1  3 -5  0  3  0 -1 -5 -4  1  0 -4  4 -1 -1 -5 -3 -3    7   4   2  17   0   3  20   6   1   0   1   7   2   1  21   3   4   0   1   2  0.51 0.34
   12 A    1  1  2  0 -3  2  1 -1 -1 -2 -1  0  0 -3 -1  1  1 -4 -2 -1   16   8  10   4   0  10   9   4   1   2   4   4   3   1   2   8   9   0   1   4  0.16 0.17
   13 H    0 -2  1  2 -3  2 -1 -2  1  2 -1 -1  0 -1 -1 -1  0 -1 -2  2   10   1   7  14   0  12   3   2   4  12   3   3   2   2   2   2   5   1   0  14  0.16 0.19
   14 Q    0  5 -3 -3 -5  1 -2 -4 -4  0  0  3 -1 -4 -4 -1 -3  3 -4 -1    8  38   0   1   0   6   1   1   0   5  10  15   1   0   0   5   1   4   0   3  0.68 0.43
   15 Q    1  3  1  1 -3  4  3 -3  1 -4 -3 -1 -4 -5 -1 -1 -3 -5 -3 -4   12  18   5   6   1  23  16   2   4   1   3   2   0   0   3   2   1   0   1   0  0.56 0.39
   16 N    0  2  4 -1 -2  0 -1 -1 -1 -2 -1  0  1 -2 -1  0  1 -4  1 -2   10  12  23   1   1   3   4   4   1   2   5   6   3   1   4   7   7   0   4   3  0.24 0.22
   17 A    5  0 -5 -5  3 -3 -4 -3 -5 -2  1 -3  2 -2 -5 -3 -3  2 -2  1   45   5   0   0   6   1   0   1   0   1  14   1   6   1   0   0   1   3   1  12  0.70 0.46
   18 I    0  0 -3 -3 -2  1 -3 -3  1  3  1  0  3  0 -4 -1 -2  1  0  2   10   5   1   1   1   7   1   1   3  22  11   5   7   3   0   4   0   2   4  13  0.24 0.22
   19 H    1  3  1  1 -4  1  0  0  2 -2 -2  1 -1 -3 -3  0 -1 -5 -3 -2   16  20   6   7   0   7   5   5   5   2   3   8   2   1   1   7   3   0   0   2  0.27 0.23
   20 A    3 -1 -3 -3 -4  0 -1 -3  0  0  0 -2  1  3 -4 -2 -1  4  1  0   33   4   1   1   0   4   5   1   2   5   8   1   3  12   0   1   3   6   4   7  0.35 0.29
   21 V    0 -5 -3 -6  0 -2 -5 -3  3  5  2 -4  0 -1 -3 -4 -4  2 -4  2    7   0   1   0   2   2   0   2   8  38  17   1   2   2   1   1   0   3   0  15  0.72 0.42
   22 Q    1  2  0  1 -2  2  1 -1  2 -2 -1  1 -1 -4 -3  0 -1  1 -1 -1   16  14   4   7   1   8   7   3   5   2   5  10   1   0   0   6   3   3   2   3  0.19 0.19
   23 Q    1  2  1  0  0  2  2  1  1 -3 -2  1  0 -2 -2  1 -1 -2 -3 -3   12  10   7   5   2  10  12  11   3   1   2   7   2   2   1   8   3   1   0   1  0.19 0.17
   24 I    2 -3 -3 -3 -2 -1 -3 -3 -2  2  3 -3  1 -1 -2 -2 -1  2 -1  1   21   1   1   1   1   3   1   1   1  10  35   1   4   1   2   1   3   3   2   7  0.40 0.29
   25 L    1  0 -1  1 -3 -1 -2 -3 -2 -1  0 -1  2  0  4 -1 -2 -2  0  0   14   4   2   8   0   3   1   0   1   3  10   3   5   4  24   5   1   1   3   6  0.33 0.23
   26 P    1  0 -1  0  0 -1 -1 -1 -1  1  1  0  0 -1  0 -1  0 -3 -2  1   15   6   2   5   2   2   2   4   2   8  20   6   1   2   4   3   6   0   0   9  0.05 0.09
   27 D    1 -2  2  4  0 -1  1  2 -2 -3 -2  0 -1 -2 -2  0 -2 -2 -3 -3   11   2   8  28   2   1   9  14   1   1   3   4   2   2   2   6   2   1   0   2  0.36 0.22
   28 P    1  0  0  1 -2  0  1  0  0 -1 -1  0  0 -1  2  0  0 -3 -1 -1   17   6   3  10   0   2  10   6   2   4   4   4   3   3  11   5   4   0   2   2  0.13 0.10
   29 T   -1  1 -1  2 -2  1  0  3 -1 -2 -3  1 -2 -2  1  0  0 -3 -2 -2    4   7   1  11   1   6   5  26   2   3   2   8   1   2   9   5   5   0   1   3  0.24 0.15
   30 K   -1  2  0 -1 -3  1  1  1  1 -2 -1  3 -1 -1 -1 -1 -1  1  0 -1    3  11   3   2   0   4  11   9   4   2   5  25   2   3   2   3   4   2   3   4  0.20 0.16
   31 P   -1  2 -2 -1 -2 -1  0  2  1 -1 -3 -1 -3 -4  5 -1 -3 -1 -3 -1    4  11   1   4   1   2   7  18   4   4   2   2   0   0  32   2   0   1   1   4  0.57 0.30
   32 I   -2 -3 -4 -4  1 -2 -2 -4  0  2  2 -1  2  1 -4 -3  0  3  3  2    1   0   0   0   4   1   2   0   2  10  24   4   5   4   0   1   5   5  10  20  0.36 0.23
   33 V   -1  1 -2 -2  0 -1  0 -4 -3  1  0 -1  2  0 -3 -1  1  1 -2  3    4   8   1   2   2   3   8   0   0   8   6   4   6   5   0   4   8   2   1  29  0.20 0.20
   34 V   -1 -5 -6 -6  0 -5 -3 -6 -5  3  1 -5  1  0 -5 -4 -2  1 -3  5    5   0   0   0   2   0   2   0   0  18  14   0   2   4   0   0   1   2   0  50  0.92 0.44
   35 T   -1  2 -2 -1 -4 -1  3 -2 -1  0 -3  1 -3 -4  0  0  3 -1 -3  0    4  10   1   3   0   2  20   1   1   8   1   9   0   0   4   7  22   1   0   7  0.29 0.24
   36 I   -1 -1 -3 -3 -3 -2 -2 -4 -4  5  0 -3  1  2  2 -3 -3 -1  0  2    5   4   1   1   0   1   3   1   0  36   8   0   2   8  12   1   0   1   3  13  0.48 0.29
   37 Q   -1  3 -1 -1 -4  1  0 -1  0 -3 -4  3 -3 -1 -2  2  0  0  1 -1    3  19   1   2   0   7   6   3   2   1   0  20   0   3   1  15   4   1   5   5  0.32 0.24
   38 E   -2  1 -2  1 -5  0  5 -3 -3 -5 -3  1 -2 -5  4 -2 -2 -5  0 -4    3   7   1   6   0   3  39   2   0   0   2   9   1   0  20   2   1   0   3   0  0.75 0.38
   39 R    0  0 -1  1 -4  1  3 -1  1 -3 -3  1 -1 -3  3  0 -2 -4 -1 -2    7   6   2   6   0   7  26   3   3   1   1   8   1   1  16   5   0   0   3   3  0.38 0.23
   40 N   -1  1  0 -1  2  1 -1 -2  2 -2 -3  3 -3 -4  0  1  3 -4 -3 -3    3   7   3   1   4   7   2   1   7   3   1  27   0   0   5   9  20   0   0   0  0.37 0.25
   41 R    0  7 -3  0 -5 -2 -2 -2 -3 -5 -4  2  0 -5 -4 -3 -3 -5 -4 -4    7  69   0   6   0   0   0   3   0   0   0  10   3   0   0   0   0   0   0   0  1.34 0.49
   42 S    0 -1  0 -3 -3 -2 -1 -2 -3 -4 -3  0 -3 -4  1  4  4 -5 -4 -3    4   3   4   0   0   0   4   2   0   0   2   4   0   0   5  39  33   0   0   0  0.68 0.40
   43 L   -1  1  0  3 -3 -1  0 -2 -1 -1  2  0  0 -2 -1 -1 -1 -3 -2 -1    5  11   4  20   0   2   5   2   1   3  28   4   2   0   3   4   2   0   1   3  0.16 0.15
   44 D    2  1  0  2 -3  1  1 -1 -2 -1 -2  0 -2 -3  1  0 -1 -4 -2 -1   24  11   3  13   0   5  12   2   0   3   2   3   0   0   7   6   2   0   1   5  0.21 0.16
   45 Q    0 -1 -1 -2 -3  5  1 -1  4 -3 -1 -1  1  0 -3  0  1 -3 -1 -2    5   0   0   0   0  39   5   5  12   0   5   0   5   5   0   7  11   0   0   0  0.40 0.22
   46 N   -2  1  5  0 -4  2  1 -2  2 -4 -4  1 -3 -4  2  1 -1 -4 -3 -4    0   6  41   0   0   9   8   0   6   0   0  11   0   0   9   9   0   0   0   0  0.58 0.22
   47 R    2  3  1  1 -3  1  0 -2  2 -3 -2  1 -2 -3 -2  1  0 -4 -2 -2   24  21   7   7   0   5   5   0   5   0   5   8   0   0   0   7   5   0   0   0  0.27 0.18
   48 K    0  1 -2 -3  3 -2 -2 -3  2  1  0  0  2  1 -3 -1  0 -2  2  1    8   8   0   0   8   0   0   0   8   8   8   8   8   8   0   0   8   0   8   8  0.15 0.15
   49 L   -3 -3 -5 -6 -4 -1 -5 -6 -3 -1  2 -4  5  3 -5 -2 -4  1  6  0    1   1   0   0   0   3   0   0   0   1  21   0  19  10   0   3   0   1  33   6  0.99 0.49
   50 W   -2 -2 -1 -6 -6 -5 -5 -6  7 -6 -3 -6 -5  0 -7 -6 -6 11 -2 -6    4   3   3   0   0   0   0   0  31   0   2   0   0   3   0   0   0  55   0   0  2.87 0.94
   51 A    3 -1 -2 -2 -1 -1 -1  1 -3 -2 -2  1  2 -3  1  1 -1 -4 -3  0   34   3   0   1   1   2   3  10   0   0   2   8   7   1   8   9   2   0   0   9  0.30 0.24
   52 C   -2 -2 -4 -5  0 -2 -4 -4 -2  2  2 -3  4 -1 -1 -3 -1  7  0  2    2   2   0   0   2   2   0   0   1  11  19   1  14   1   3   1   2  19   2  14  0.68 0.36
   53 L   -2 -4 -1 -4  4 -3 -4 -4 -1  2  4 -4  2  1 -4 -3 -1 -3  0  1    2   0   3   0   9   0   0   0   2  15  40   0   5   6   0   0   4   0   4  10  0.51 0.29
   54 G    0  1  0  0 -3  1  0  2  0 -1 -3  0 -2 -3  0  1  2 -3  0 -1    7   7   5   4   0   7   4  17   2   3   0   6   0   0   3   8  17   0   4   5  0.16 0.15
   55 D   -1  0  0  4 -1  2  3 -2  0 -2 -2  0 -3 -1  0 -1 -1 -4 -3 -2    3   4   2  28   2  11  21   2   2   2   3   6   0   3   5   2   2   0   0   3  0.42 0.27
   56 V   -1 -4 -5 -5  2 -4 -4 -5 -4  5  2 -4  2  1 -4 -4 -1  2  0  2    4   0   0   0   4   0   0   0   0  39  17   0   5   5   0   0   3   2   3  16  0.67 0.36
   57 S    4 -1 -1 -1 -3  1 -1 -1  0 -2 -2 -2 -3 -1 -3  3 -1 -4 -3 -1   40   2   2   2   0   6   4   3   2   2   2   0   0   4   0  24   2   0   0   4  0.44 0.34
   58 R    0  2  0  1 -4  1  2 -2  1 -3 -2  3 -2 -4 -2  0 -1 -4 -3 -2    8  14   4   9   0   6  15   3   4   0   3  22   0   0   0   4   3   0   0   4  0.32 0.22
   59 Q    0 -1  0 -1 -4  6  1 -1  4 -3 -1 -1  0 -2 -3 -1 -1 -4 -1 -2    6   2   4   3   0  38   6   4  13   0   5   2   3   2   0   2   3   0   2   3  0.58 0.38
   60 V    1 -1 -2 -4  3 -2 -2 -2 -4  2  1 -1  2 -1 -2 -2  0 -4  0  3   11   3   1   0   6   2   2   3   0   9  15   3   5   3   2   2   6   0   4  25  0.25 0.22
   61 E   -1  0  0  1 -4  1  2 -2 -2 -1 -1  1  0 -1  1 -1  1  2  0 -1    3   3   4   7   0   8  18   3   0   3   5  10   3   3   6   3  10   3   3   5  0.17 0.19
   62 W   -2 -3 -2 -2 -4 -1 -2  0  2  0  0 -2 -3  1  0 -2 -3  9  1 -1    3   1   2   3   0   2   3   8   6   5  10   3   0   6   5   2   2  30   4   4  0.88 0.48
   63 H    0  0  2  2  0  1 -1 -1  4 -2 -2  0  0  0 -1  0 -1 -3  1 -2    8   4   9  12   2   8   3   5  14   2   4   4   3   4   3   5   4   0   5   2  0.21 0.21
   64 G   -1 -3  0 -1 -6 -5 -2  6 -5 -6 -6 -5  1 -6 -2 -3 -1 -6 -6 -3    4   2   4   4   0   0   2  67   0   0   0   0   4   0   3   2   5   0   0   2  1.43 0.75
   65 R   -2  4  1 -2  0  3  1 -2  1 -2 -3  2  0 -2 -4 -2  0 -5 -1 -1    3  24   7   2   2  13   8   3   3   2   1  14   2   2   0   2   5   0   2   4  0.42 0.34
   66 W   -1  0  0  0 -3  0  0 -1  2  0 -1  0  1  0  0  0  0  3  1  0    5   5   5   5   0   5   5   5   5   5   5   5   5   5   5   5   5   5   5   5  0.06 0.08
   67 L   -1  0 -1 -3  1 -2  0 -2  1  0  2 -1  2  2 -3 -1 -2  4  2 -1    4   7   3   0   3   0   6   3   5   4  21   4   6  10   0   5   0   6   8   4  0.17 0.19
   68 D    0 -1  1  2  1  0  0  0 -2 -3 -1  0 -2 -3  0  2  1 -4  0 -1    6   3   7  15   3   4   5   7   0   0   6   4   0   0   4  19   9   0   3   5  0.16 0.19
   69 A    1 -1 -1  0 -3 -1  0 -2  2 -1 -1  2  0 -2  3  0  0 -4  0  0   12   3   2   5   0   1   5   2   7   3   4  14   2   1  13   7   7   0   3   8  0.16 0.16
   70 E    0 -1 -1  3 -5 -1  5 -2  0 -2 -3  0 -4 -4 -1 -1  0  3 -2 -4    8   3   2  16   0   1  38   3   3   2   3   4   0   0   3   2   6   4   1   0  0.57 0.38
   71 S    0 -1  0  3 -2  2  2  0 -1 -1 -2 -1  0 -1 -3  0 -1 -1 -1  0    8   3   3  22   1  12  14   6   1   3   4   2   3   2   0   6   4   1   2   6  0.22 0.21
   72 W   -2 -6 -6 -6  2 -5 -6 -6 -5  0 -2 -6  2  0 -6 -2 -3 11 -1  1    3   0   0   0   4   0   0   0   0   6   3   0   6   3   0   3   2  57   2   8  2.37 0.90
   73 K   -4 -1 -1 -4 -6 -3 -1 -5  7 -6 -6  6 -5 -5 -1 -4 -4 -6 -1 -2    0   2   3   0   0   0   3   0  24   0   0  58   0   0   3   0   0   0   2   3  1.59 0.76
   74 C    1  1  0  2  3 -1  3 -2  3 -2 -1 -2 -1 -3 -3 -1 -1 -4 -1  0   13   8   3  13   6   2  20   2   8   2   6   0   2   0   0   3   3   0   3   7  0.26 0.24
   75 V    0  0  0 -2  2  0  0 -1  2  0 -1  0  1  1 -3  0  0  3  1  0    6   6   5   0   5   5   6   6   5   6   6   6   5   5   0   6   6   5   5   6  0.08 0.12
   76 F   -2 -5 -5 -2  1 -4 -5 -5  0  1  2 -5  3  6 -5 -2 -2 -3  1 -1    4   0   0   3   3   0   0   0   2   7  21   0   9  36   0   4   3   0   3   3  0.82 0.43
   77 T    0  0 -3 -4  1 -1 -3 -2 -4  0  2  3  2 -3 -4 -1  1 -4 -3  2    6   5   0   0   3   2   0   3   0   6  19  21   5   0   0   4  11   0   0  13  0.30 0.26
   78 A    2  1 -1  1 -3  0  0  0  3 -2 -2 -1 -3 -2 -1  0 -1  1 -1 -1   24   9   3   9   0   4   6   6   8   2   2   3   0   2   2   8   3   2   2   5  0.18 0.19
   79 A    3  0 -1  0 -1  0  0 -1  0 -2 -1  0  2 -3 -2  0  1  1 -1 -2   26   4   2   5   1   4   6   4   2   2   6   7   8   0   2   6   9   2   2   2  0.17 0.20
   80 L    0  0 -2 -3  2  1 -2  0  2  0  0  0  1  1 -3  0 -2  4  1  0    7   7   0   0   6   7   0   7   6   7   7   7   6   6   0   7   0   6   6   7  0.12 0.16
   81 K    0  1  0 -1  1  0  0  1  0 -1  0  1  0  0 -3  0  0  2  0 -1    8   7   5   3   4   4   6  11   3   4   8  11   3   4   0   4   5   3   3   4  0.04 0.06
   82 Q   -1  1  0  0 -4  2  1  2  2 -1 -1  1 -3 -4  2  0 -3 -4 -4 -1    5   8   4   4   0   9   9  14   6   5   5   9   0   0  12   7   0   0   0   4  0.23 0.21
   83 Q    1 -2 -1 -1  3  3  3 -1  0 -2 -3  0  1 -2  1  0 -2  0 -1 -1   10   2   2   2   6  15  19   4   3   2   3   4   4   2   7   6   2   2   2   4  0.28 0.27
   84 D   -2  0  1  0 -3  1  0  0  2  0 -2  0  1  1  1  0  0 -2  1  0    0   6   6   6   0   6   6   6   6   6   1   6   6   6   6   6   6   0   6   6  0.07 0.12
   85 V   -1  2 -2 -1 -1 -1  2 -2 -3  0  0 -1  1  1 -1 -1 -1  0  1  2    3  13   1   2   1   2  14   3   0   6  10   2   4   6   2   3   3   1   5  18  0.14 0.19
   86 V   -1 -2 -2 -1 -1 -1  0 -2 -1  2  1 -2  3  0 -4 -1  0  0  0  3    4   2   2   4   1   2   8   2   1  11  10   2   8   4   0   4   4   1   3  25  0.19 0.21
   87 P    2 -1 -4 -1 -1  0  0 -2 -4  0 -3  0  1 -4  5 -2  0 -5 -2 -1   17   3   0   3   1   4   6   3   0   5   2   5   4   0  31   2   5   0   2   5  0.55 0.38
   88 N    0  0  1  0 -3  1 -1  3 -2 -1 -1  0  2 -3  0  0  0 -3  0 -1    5   5   7   4   0   6   3  21   0   4   6   6   7   0   5   6   7   0   3   4  0.15 0.17
   89 L   -1 -3 -3 -2 -3 -2 -1  2 -4  3  2 -2  2  0  1 -1  0 -4 -3  0    3   0   0   2   0   2   5  15   0  19  23   2   4   4   6   4   5   0   0   5  0.25 0.24
   90 A   -2 -1  0  4  1 -1  1  0  0  0  0  0 -1 -3  0 -1 -1 -4 -3 -2    3   3   4  26   3   2  10   7   2   7  12   5   2   0   4   4   4   0   0   2  0.23 0.22
   91 G   -1  1  1  0 -1 -1 -1  4  2 -2 -3 -1 -3 -2 -2 -1  0 -4 -1 -1    4   7   8   6   1   2   3  36   5   2   3   2   0   2   2   4   6   0   3   5  0.37 0.28
   92 N   -1  0  1 -1 -1  0  2  3 -2 -3 -3  1 -1 -4 -1 -1  1 -4  0 -2    4   5   6   2   1   4  14  25   0   1   2  10   2   0   3   4   9   0   3   3  0.26 0.24
   93 G    0  0 -1 -2 -1  0  1  4 -1 -2 -2  0 -3 -4  0 -1  1 -4 -3 -1    7   6   3   2   2   3  11  32   2   2   3   5   0   0   4   4  10   0   0   4  0.33 0.26
   94 F   -1 -1 -2 -2 -3 -1 -2 -3  0  2  0 -2  2  3  0 -1  0  2  2  1    5   3   1   2   0   2   3   2   2  12   9   2   6  16   4   3   6   3   9  11  0.21 0.20
   95 V   -2  1 -4 -2  1 -2 -2 -4  0  3 -1 -2  0  1 -3 -3 -1  0 -1  5    3   7   0   2   3   2   2   1   2  15   5   3   2   5   1   1   4   1   2  39  0.51 0.38
   96 V   -1  1  0 -1 -3  0 -1 -3 -2  1  0 -1  3 -1  3 -1 -1 -4  0  1    6   8   5   3   0   5   4   1   1   6  11   2   8   2  13   4   3   0   4  14  0.17 0.20
   97 I   -2  1 -4 -3  1 -1 -2 -3 -4  2  3 -2  1  0 -3 -2 -1 -4 -1  3    3   9   0   1   3   3   3   2   0  14  27   2   3   3   1   3   3   0   2  18  0.32 0.26
   98 G   -2  3 -2 -1 -5 -2 -1  5 -4 -3 -2 -2 -4 -3  1 -2 -1  0  0 -3    2  18   1   3   0   2   4  39   0   2   5   2   0   1   9   3   3   1   4   2  0.62 0.43
   99 Q    0  1 -2 -2 -1  1  1 -1  1  0 -1  1  1 -1  2 -1  0  0 -1  0    6   7   1   0   1   8   9   4   3   6   6  11   3   3  11   4   6   1   2   7  0.11 0.13
  100 S   -1  3 -2 -3 -1  2 -2 -2  2 -5 -5 -1 -4 -5 -2  5  0 -5 -4 -4    2  15   0   0   1  10   1   2   5   0   0   3   0   0   2  53   5   0   0   0  0.84 0.45
  101 T   -2 -5 -3 -4 -4 -4 -4 -5 -5 -4 -5 -4 -4 -6 -5  3  7 -6 -5 -2    2   0   0   0   0   0   0   0   0   0   0   0   0   0   0  19  76   0   0   3  1.76 0.72
  102 S    1  3 -2 -3  1 -2 -1 -3 -3 -4 -3  1 -3 -5 -2  4  2 -5 -4 -3   10  19   0   0   3   0   2   0   0   0   3   8   0   0   1  39  14   0   0   1  0.65 0.39
  103 R   -1  2  0  2 -4  1  0 -1  1 -4 -3  3 -2 -3 -2  0  1 -2 -3 -3    3  12   2  15   0   7   5   5   4   0   2  25   1   1   1   6   9   1   0   1  0.35 0.22
  104 M   -3 -4 -3 -6 -4 -1 -5 -6 -4 -1  4 -3  7  3 -5 -3 -4 -4 -1 -1    1   0   1   0   0   3   0   0   0   1  44   1  28  14   0   2   0   0   2   3  1.02 0.49
  105 R   -1  0  1  1 -1 -2 -1  0 -3 -4 -3  0 -4 -5  1  4  3 -5 -2 -4    3   5   7   9   1   0   2   5   0   0   1   4   0   0   6  33  22   0   1   0  0.49 0.34
  106 V   -2  1 -2 -4 -4 -2 -3 -3 -1  1 -3  4 -1 -4 -1 -1  3 -5 -4  3    1   6   1   0   0   1   0   1   1   6   0  29   1   0   3   3  18   0   0  26  0.52 0.36
  107 G    0  3 -1  0 -4  1  1  1 -1 -2 -3  3 -1 -4 -1  1 -1 -4 -1 -3   10  17   1   4   0   4   7  11   1   2   1  25   1   0   2  10   3   0   2   0  0.34 0.24
  108 E   -2  0 -3  0 -5  3  5 -2 -1 -2 -2  0 -2 -4 -3 -2 -3  3 -1 -2    3   5   0   3   0  15  47   2   1   2   4   5   1   0   1   2   1   5   2   3  0.71 0.41
  109 F    1 -3 -5 -6  0 -4 -5 -3 -1 -1 -1 -5  8  6 -6 -3 -3 -3  1 -3   12   1   0   0   2   0   0   2   2   2   4   0  39  31   0   1   1   0   4   0  1.26 0.58
  110 A    3 -2  1 -3  1 -2 -1  1  1 -3 -3 -1 -1 -3 -3  3  1 -4 -2 -1   24   1   6   0   3   1   2   8   4   1   1   2   2   1   0  29  10   0   1   4  0.38 0.29
  111 E    0 -1  0  4 -2  1  4 -1  0 -3 -4  0 -4 -1 -3  0 -2 -5 -4 -3    8   3   4  30   1   5  25   4   2   1   0   4   0   3   0   5   2   0   0   2  0.55 0.32
  112 L   -1 -3 -4 -4  2 -3 -4 -4 -2  1  2 -3  2  3 -4 -3 -2  4  5  0    6   0   0   0   6   0   0   0   0   6  21   0   8  16   0   0   0   6  25   7  0.53 0.22
  113 L   -1 -2 -3 -3  2  0 -3 -4 -3  3  2 -1  4  1  0 -2  0 -3 -2  1    5   0   0   0   5   6   0   0   0  26  14   5  16   6   5   0   5   0   0   8  0.26 0.16
  114 E   -1 -1  2  2 -4  1  5 -2  0 -4 -3 -1 -3 -5 -3 -1  2 -5 -4 -4    2   2   9  11   0   4  46   2   2   0   3   0   0   0   0   3  15   0   0   0  0.68 0.35
  115 L    0  1 -1 -1  1  1 -1 -3  1  0  1  0  1  1 -3 -1 -1  3  2  0    9  10   2   3   3   7   3   0   3   4  16   7   4   7   0   1   2   4  10   5  0.09 0.10
  116 I    0 -4 -4 -4  2 -3 -4 -2 -4  5  1 -4  4 -2 -4 -2 -1 -4  0  2    7   0   0   0   4   0   0   3   0  39  10   0  14   0   0   2   3   0   3  15  0.54 0.29
  117 Q   -2  0 -2  1 -4  3  3 -4  2 -2  0 -1 -1  1 -4 -2 -2 -3  4 -1    3   5   1   6   0  18  20   0   6   2   8   1   1   5   0   1   2   0  15   4  0.39 0.28
  118 A    5 -1 -3 -1 -3  1 -1 -1  0 -2 -3 -1  0 -4 -4  0 -3  2 -4  0   52   4   0   4   0   6   4   5   2   2   1   2   3   0   0   5   0   3   0   7  0.57 0.37
  119 F   -3 -3 -5 -2 -5 -3 -2 -3  0 -1 -2 -3 -1  6 -6 -4 -2  8  4 -4    1   1   0   3   0   1   3   2   3   4   2   1   1  38   0   1   2  24  13   0  1.42 0.55
  120 G    4 -3 -3 -4  4 -3 -1  4 -4 -4 -3 -3 -1 -1 -4 -1 -2 -5 -4 -3   39   1   0   0   9   0   3  35   0   0   3   0   2   3   0   3   2   0   0   0  0.81 0.41
  121 T    4 -4 -1  1  0 -3 -3 -1  0  0 -2 -3 -1 -4 -3  1  2 -5 -2  1   46   0   2   7   2   0   0   2   2   4   2   0   1   0   0   8  13   0   1   9  0.49 0.33
  122 E    0  0  0  2 -2  2  5 -1  0 -5 -4 -1  0 -5 -4 -1 -1 -5 -4 -3    7   3   5  11   1   8  45   4   2   0   1   2   3   0   0   4   3   0   0   1  0.66 0.36
  123 R   -2  3  3 -3 -4  2 -1 -4  5 -1  0  0  1  0 -4 -2 -3  0  1 -2    3  18  14   0   0   9   3   0  16   3  12   4   5   5   0   2   0   1   5   1  0.40 0.28
  124 G   -2 -3  2 -1 -2 -2 -1  6 -2 -6 -6 -1 -2 -2 -2 -1 -2 -5 -5 -5    2   1   9   3   1   2   4  65   1   0   0   3   1   2   2   2   2   0   0   0  1.13 0.47
  125 V   -3 -5 -5 -5  3 -5 -5 -5 -5  3  0 -5  0  0 -5 -4 -3  0 -3  6    0   0   0   0   6   0   0   0   0  18   5   0   2   4   0   0   0   1   0  61  1.16 0.48
  126 K   -1  2 -1  0 -2  2  1 -3  1  0 -2  2 -1 -2 -1  0 -1 -3 -1  0    5  15   2   4   1  12  11   0   3   9   2  15   2   2   3   4   3   0   2   6  0.19 0.15
  127 W   -5 -5 -6 -3  0 -5 -6 -6 -5 -1  4 -6 -2  5 -6 -5 -5  8  1 -2    0   0   0   2   2   0   0   0   0   3  37   0   0  27   0   0   0  24   3   1  1.45 0.54
  128 S    0  0 -1  0 -3 -2 -2 -1 -1 -3 -4  1 -3 -4  2  4  3 -1 -1 -3    5   5   2   4   0   1   1   3   2   1   0   7   0   0  10  34  20   1   3   1  0.45 0.30
  129 D   -1 -1 -1  5 -5 -1  4 -2  2  0 -3 -2 -2 -4 -2 -1 -1 -5 -4 -1    4   2   2  30   0   2  30   2   6   7   2   1   1   0   1   3   4   0   0   4  0.61 0.33
  130 E   -1 -1 -3  0 -5  0  2 -3 -1 -3 -4  0 -4 -5  7 -2  0 -5 -3 -3    4   3   0   4   0   4  12   1   2   1   1   4   0   0  53   2   7   0   1   1  1.19 0.46
  131 A    2 -1 -1  1 -3  0  1 -1 -2 -1 -2  0 -1 -3  1  0  0 -4 -3  1   24   3   2   8   0   5  10   4   0   4   1   4   1   0   6   6   6   0   0  15  0.17 0.15
  132 R   -1  3  0  3 -4  2  1 -3  1 -3 -1  0 -1 -3  0 -1 -1 -1  0 -2    4  21   2  18   0  12  10   0   3   1   7   4   1   0   4   4   2   1   4   3  0.30 0.21
  133 L    0  0 -2  0  1  2  0 -2  1 -1  1 -1  0  1 -2  1 -1 -2  2 -1   10   7   0   5   4  11   4   2   4   3  15   2   3   6   0  13   2   0   8   3  0.08 0.12
  134 A    2  0 -2  0 -3  0  3  1 -1 -3 -2 -2 -3 -2  1  0 -2 -1  0 -2   22   4   0   3   0   2  29  13   1   0   3   0   0   1   6   4   1   1   4   3  0.33 0.24
  135 L   -1 -1 -4 -3 -3 -3 -2 -1 -2  1  2 -3  1  1 -4 -3 -2  1  6  0    4   3   0   1   0   0   3   6   0   7  23   0   4   5   0   0   2   1  35   4  0.57 0.30
  136 E    0  0  2  4 -5  2  5 -3 -2 -4 -4 -1 -1 -5 -3 -2 -3 -5 -4 -4    9   5   9  23   0  11  38   0   0   0   0   2   2   0   0   0   0   0   0   0  0.76 0.35
  137 W   -3 -1 -3 -4 -4  0  0 -2 -3 -1 -1 -1  0  2 -5 -4 -4 10  4 -2    2   2   1   0   0   5   7   2   0   3   5   3   2   7   0   0   0  42  15   2  1.34 0.40
  138 K    1 -2 -2  0 -2 -1  0  0  0  0  0 -1  1  2 -2  0 -1 -2  2  0   20   0   0   7   0   0   8   7   2   4   8   4   5  12   0   6   0   0   7   9  0.08 0.10
  139 A    1  0  2  0 -3  2  1  2 -2 -4 -4  2 -3 -4 -1  0 -1 -4 -3 -3   16   4  11   4   0  11  11  17   0   0   0  20   0   0   2   4   0   0   0   0  0.34 0.16
  140 R   -2  6  0 -2 -5  2  2 -3  1 -4 -4  1 -3 -4  0 -1 -2 -4 -3 -4    2  55   3   0   0  10  15   0   4   0   0   4   0   0   5   3   0   0   0   0  0.81 0.27
  141 W   -2 -2 -2 -3 -3  0 -2 -3  2 -1 -2 -1 -1  2  0  0  2  6  4  0    0   0   0   0   0   5   0   0   5   0   0   4   0   7   5   5  16  16  24  10  0.47 0.15
  142 G   -1  0  1 -2 -4 -2 -2  6 -2 -5 -4  1 -3 -4 -3  0 -2 -4 -4 -4    0   3   6   0   0   0   0  72   0   0   0  12   0   0   0   6   0   0   0   0  0.96 0.20
  143 D   -1  4  2  4 -4  0  1 -2 -1 -4 -4  1 -3 -4 -3 -1 -2 -4 -3 -3    7  38  12  37   0   0   3   0   0   0   0   3   0   0   0   0   0   0   0   0  0.64 0.16
  144 R    2  4 -1 -2 -3  2  0 -2 -1 -3 -2  3 -2 -3 -2  0 -1 -3 -2 -1   26  37   0   0   0  11   0   0   0   0   0  23   0   0   0   0   0   0   0   3  0.44 0.10
  145 A    4 -2 -2 -2 -1 -2 -2  1 -2 -1 -1 -1 -1 -2 -2  0 -1 -3 -2  1   76   0   0   0   0   0   0   6   0   0   0   0   0   0   0   0   0   0   0  18  0.42 0.08
  146 A    5 -2 -2 -2 -1 -1 -1  0 -2 -2 -2 -1 -1 -3 -1  1  0 -3 -2  0  100   0   0   0   0   0   0   0   0   0   0   0   0   0   0   0   0   0   0   0  0.53 0.06

                      K         Lambda
Standard Ungapped    0.1327     0.3203
Standard Gapped      0.0410     0.2670
PSI Ungapped         0.1330     0.3179
PSI Gapped           0.0407     0.2670
