
Last position-specific scoring matrix computed, weighted observed percentages rounded down, information per position, and relative weight of gapless real matches to pseudocounts
           A  R  N  D  C  Q  E  G  H  I  L  K  M  F  P  S  T  W  Y  V   A   R   N   D   C   Q   E   G   H   I   L   K   M   F   P   S   T   W   Y   V
    1 M   -1 -1 -2 -3 -1  0 -2 -3 -2  1  2 -1  5  0 -2 -1 -1 -1 -1  1    0   0   0   0   0   0   0   0   0   0   0   0   0   0   0   0   0   0   0   0  0.00    0.00
    2 E   -1  0  0  1 -4  2  5 -2  0 -3 -3  1 -2 -3 -1  0 -1 -3 -2 -2    0   0   0   0   0   0   0   0   0   0   0   0   0   0   0   0   0   0   0   0  0.00    0.00
    3 N   -1  0  5  1 -3  0  0  0  1 -3 -3  0 -2 -3 -2  1  0 -4 -2 -3    0   0   0   0   0   0   0   0   0   0   0   0   0   0   0   0   0   0   0   0  0.00    0.00
    4 T    0 -1  0 -1 -1 -1 -1 -2 -2 -1 -1 -1 -1 -2 -1  1  4 -2 -2  0    0   0   0   0   0   0   0   0   0   0   0   0   0   0   0   0   0   0   0   0  0.00    0.00
    5 N   -1  0  5  1 -3  0  0  0  1 -3 -3  0 -2 -3 -2  1  0 -4 -2 -3    0   0   0   0   0   0   0   0   0   0   0   0   0   0   0   0   0   0   0   0  0.00    0.00
    6 I   -1 -3 -3 -3 -1 -3 -3 -4 -3  4  2 -3  1  0 -3 -3 -1 -3 -1  3    0   0   0   0   0   0   0   0   0 100   0   0   0   0   0   0   0   0   0   0  0.39 0.00
    7 V    0 -3 -3 -3 -1 -2 -3 -3 -3  3  1 -2  1 -1 -3 -2  0 -3 -1  4    0   0   0   0   0   0   0   0   0   0   0   0   0   0   0   0   0   0   0 100  0.39 0.02
    8 K   -1  2  0 -1 -3  1  1 -2 -1 -3 -3  5 -2 -3 -1  0 -1 -3 -2 -2    0   0   0   0   0   0   0   0   0   0   0 100   0   0   0   0   0   0   0   0  0.56 0.02
    9 A    3 -1 -1 -1 -1 -1 -1  0 -1 -2 -2 -1 -1 -2 -1  3  1 -3 -2 -1   64   0   0   0   0   0   0   0   0   0   0   0   0   0   0  36   0   0   0   0  0.37 0.01
   10 T    0 -1  0 -1 -1 -1 -1 -2 -2 -1 -1 -1 -1 -2 -1  1  5 -3 -2  0    0   0   0   0   0   0   0   0   0   0   0   0   0   0   0   0 100   0   0   0  0.52 0.02
   11 F   -2 -3 -3 -4 -3 -3 -3 -3 -1  0  0 -3  0  7 -4 -3 -2  1  3 -1    0   0   0   0   0   0   0   0   0   0   0   0   0 100   0   0   0   0   0   0  0.81 0.02
   12 D   -2 -2  1  6 -4  0  2 -1 -1 -3 -4 -1 -3 -4 -2  0 -1 -5 -3 -3    0   0   0 100   0   0   0   0   0   0   0   0   0   0   0   0   0   0   0   0  0.98 0.02
   13 T    0 -1  0 -1 -1 -1 -1 -2 -2 -1 -1 -1 -1 -2 -1  1  5 -3 -2  0    0   0   0   0   0   0   0   0   0   0   0   0   0   0   0   0 100   0   0   0  0.52 0.02
   14 E   -1  0  0  0 -2  4  3 -2  0 -2 -2  1 -1 -3 -1  0  2 -3 -2 -1    0   0   0   0   0  36  32   0   0   0   0   0   0   0   0   0  33   0   0   0  0.41 0.01
   15 T    0 -1  0 -1 -1 -1 -1 -2 -2 -1 -1 -1 -1 -2 -1  1  5 -3 -2  0    0   0   0   0   0   0   0   0   0   0   0   0   0   0   0   0 100   0   0   0  0.52 0.02
   16 L   -1 -2 -2 -2 -2 -1 -2 -2 -2  0  1 -1  0 -1  5  0  2 -3 -2  0    0   0   0   0   0   0   0   0   0   0  32   0   0   0  36   0  33   0   0   0  0.53 0.01
   17 E   -1  0  0  2 -4  2  5 -2  0 -3 -3  1 -2 -3 -1  0 -1 -3 -2 -3    0   0   0   0   0   0 100   0   0   0   0   0   0   0   0   0   0   0   0   0  0.78 0.02
   18 G    0 -3 -1 -1 -3 -2 -2  6 -2 -4 -4 -2 -3 -3 -2  0 -2 -3 -3 -3    0   0   0   0   0   0   0 100   0   0   0   0   0   0   0   0   0   0   0   0  1.08 0.02
   19 Q   -1  1 -1 -1 -3  3  1 -2 -1 -1  0  3  3 -2 -2 -1 -1 -2 -2 -1    0   0   0   0   0  32   0   0   0   0   0  33  36   0   0   0   0   0   0   0  0.26 0.01
   20 I   -2 -3 -4 -4 -1 -3 -3 -4 -3  4  3 -3  2  0 -3 -3 -1 -2 -1  2    0   0   0   0   0   0   0   0   0  64  36   0   0   0   0   0   0   0   0   0  0.38 0.01
   21 K   -1  4  0 -1 -3  4  1 -2  0 -3 -2  3 -1 -3 -2  0 -1 -3 -2 -3    0  33   0   0   0  36   0   0   0   0   0  32   0   0   0   0   0   0   0   0  0.51 0.01
   22 I   -1 -3 -3 -3 -1 -3 -3 -4 -3  4  1 -3  1  0 -3 -2 -1 -3 -1  3    0   0   0   0   0   0   0   0   0  64   0   0   0   0   0   0   0   0   0  36  0.38 0.01
   23 F   -2 -3 -3 -4 -3 -3 -3 -3 -1  0  0 -3  0  7 -4 -3 -2  1  3 -1    0   0   0   0   0   0   0   0   0   0   0   0   0 100   0   0   0   0   0   0  0.81 0.02
   24 N   -2 -1  6  1 -3  0  0 -1  1 -4 -4  0 -2 -3 -2  1  0 -4 -2 -3    0   0 100   0   0   0   0   0   0   0   0   0   0   0   0   0   0   0   0   0  0.78 0.02
   25 A    4 -2 -2 -2 -1 -1 -1  0 -2 -1 -2 -1 -1 -2 -1  1  0 -3 -2  0  100   0   0   0   0   0   0   0   0   0   0   0   0   0   0   0   0   0   0   0  0.44 0.02
   26 Q   -1  0  0 -1 -2  5  1 -2  0 -2 -2  1 -1 -3 -1  0  3 -2 -2 -1    0   0   0   0   0  64   0   0   0   0   0   0   0   0   0   0  36   0   0   0  0.45 0.02
   27 T   -1  0  4  0 -2  3  0 -1  0 -2 -2  0 -1 -3 -2  1  2 -3 -2 -2    0   0  36   0   0  33   0   0   0   0   0   0   0   0   0   0  32   0   0   0  0.37 0.01
   28 G    0 -2  0 -1 -2 -1 -1  5 -2 -3 -3 -1 -2 -3 -2  2  0 -3 -3 -3    0   0   0   0   0   0   0  67   0   0   0   0   0   0   0  33   0   0   0   0  0.68 0.01
   29 G    2 -2  0 -1 -1 -1 -1  3 -2 -2 -3 -1 -2 -3 -1  2  0 -3 -2 -1   36   0   0   0   0   0   0  32   0   0   0   0   0   0   0  33   0   0   0   0  0.39 0.01
   30 G    1 -2  0 -1 -2 -1 -1  5 -2 -3 -3 -1 -2 -3 -2  2  0 -3 -3 -3    0   0   0   0   0   0   0  64   0   0   0   0   0   0   0  36   0   0   0   0  0.65 0.01
   31 Q   -1 -1 -2 -2 -2  3 -1 -3 -2  3  0 -1  1 -1 -2 -1 -1 -3 -1  2    0   0   0   0   0  32   0   0   0  36   0   0   0   0   0   0   0   0   0  33  0.20 0.01
   32 S    1 -1  0 -1 -2 -1 -1 -1 -1 -3 -3 -1 -2 -3  5  3  1 -3 -2 -2    0   0   0   0   0   0   0   0   0   0   0   0   0   0  36  64   0   0   0   0  0.70 0.01
   33 F   -2 -3 -3 -4 -2 -3 -3 -4 -2  1  3 -3  2  4 -3 -3 -2 -1  1  0    0   0   0   0   0   0   0   0   0   0  68   0   0  32   0   0   0   0   0   0  0.41 0.01
   34 K   -1  4  0 -1 -3  1  0 -2 -1 -3 -3  4 -1 -3 -1  0 -1 -3 -2 -3    0  36   0   0   0   0   0   0   0   0   0  64   0   0   0   0   0   0   0   0  0.55 0.01
   35 N   -1 -1  5  1 -2  0 -1 -1  0 -2 -3  0 -2 -3 -2  1  3 -3 -2 -2    0   0  67   0   0   0   0   0   0   0   0   0   0   0   0   0  33   0   0   0  0.51 0.01
   36 L    2 -2 -3 -3 -1 -2 -2 -2 -2  1  3 -2  1  0 -2 -1 -1 -2 -1  0   36   0   0   0   0   0   0   0   0   0  64   0   0   0   0   0   0   0   0   0  0.24 0.01
   37 P   -1  0 -1 -1 -2  3  1 -1  0 -2 -2  0 -1 -2  5  0 -1 -2 -1 -1    3   2   2   2   1  34   2   3   1   2   3   2   1   1  34   3   2   0   1   2  0.51 0.01
   38 D   -1 -2  0  3 -2 -1  0 -2 -2  2  0 -1  0 -2 -2  0  2 -3 -2  1    0   0   0  32   0   0   0   0   0  36   0   0   0   0   0   0  33   0   0   0  0.21 0.01
   39 G    0 -3 -1 -1 -3 -2 -2  6 -2 -4 -4 -2 -3 -3 -2  0 -2 -3 -3 -3    0   0   0   0   0   0   0 100   0   0   0   0   0   0   0   0   0   0   0   0  1.08 0.02
   40 T   -1  0  0  0 -2  3  3 -2  0 -2 -2  1 -1 -3 -1  0  2 -3 -2 -2    0   0   0   0   0  33  36   0   0   0   0   0   0   0   0   0  32   0   0   0  0.41 0.01
   41 I    0 -3 -2 -3 -2 -2 -3  3 -3  2  0 -2  0 -1 -3 -1 -1 -3 -2  2    0   0   0   0   0   0   0  33   0  32   0   0   0   0   0   0   0   0   0  36  0.25 0.01
   42 I   -2 -3 -4 -4 -1 -3 -3 -4 -3  4  3 -3  2  0 -3 -3 -1 -2 -1  2    0   0   0   0   0   0   0   0   0  64  36   0   0   0   0   0   0   0   0   0  0.38 0.01
   43 E   -1  0  0  2 -4  2  5 -2  0 -3 -3  1 -2 -3 -1  0 -1 -3 -2 -3    0   0   0   0   0   0 100   0   0   0   0   0   0   0   0   0   0   0   0   0  0.78 0.02
   44 A    2 -2 -3 -3 -1 -2 -2 -2 -3  1  2 -2  1 -1 -2 -1  0 -2 -1  2   32   0   0   0   0   0   0   0   0   0  36   0   0   0   0   0   0   0   0  33  0.19 0.01
   45 N   -1  1  3  1 -3  1  3 -1  0 -3 -3  3 -2 -3 -1  0 -1 -3 -2 -3    0   0  32   0   0   0  33   0   0   0   0  36   0   0   0   0   0   0   0   0  0.43 0.01
   46 A    3 -2  0  3 -1 -1  0  0 -2 -2 -2 -1 -2 -3 -1  1  0 -3 -2 -1   64   0   0  36   0   0   0   0   0   0   0   0   0   0   0   0   0   0   0   0  0.36 0.01
   47 I   -1 -3 -3 -3 -1 -3 -3 -4 -3  4  1 -3  1  0 -3 -2 -1 -3 -1  3    0   0   0   0   0   0   0   0   0  67   0   0   0   0   0   0   0   0   0  33  0.38 0.01
   48 A    2 -2 -3 -3 -1 -2 -2 -2 -3  1  3 -2  1  0 -2 -1 -1 -2 -1  0   32   0   0   0   0   0   0   0   0   0  68   0   0   0   0   0   0   0   0   0  0.25 0.01
   49 Q   -1  0 -1 -1 -2  5  1 -2  0  0 -1  0  0 -2 -2 -1 -1 -2 -1  2    0   0   0   0   0  64   0   0   0   0   0   0   0   0   0   0   0   0   0  36  0.32 0.01
   50 Y   -2 -2 -2 -3 -3 -2 -2 -3  2 -2 -1 -2 -1  3 -3 -2 -2  2  7 -1    0   0   0   0   0   0   0   0   0   0   0   0   0   0   0   0   0   0 100   0  0.94 0.02
   51 K    0  1  0  0 -2  3  1 -1  0 -3 -3  3 -1 -3 -1  2  0 -3 -2 -2    0   0   0   0   0  33   0   0   0   0   0  32   0   0   0  36   0   0   0   0  0.37 0.01
   52 Q   -2 -1  1  5 -4  3  2 -2 -1 -3 -3  0 -2 -4 -2  0 -1 -4 -3 -3    0   0   0  68   0  32   0   0   0   0   0   0   0   0   0   0   0   0   0   0  0.69 0.01
   53 V    0 -2 -2 -1 -2  0  3 -3 -2  2  0 -1  0 -2 -2 -1  0 -3 -2  3    0   0   0   0   0   0  36   0   0   0   0   0   0   0   0   0   0   0   0  64  0.22 0.01
   54 S    0 -2 -1 -1 -1 -1 -1 -2 -2  1 -1 -1  0 -2 -1  2  3 -3 -2  2    0   0   0   0   0   0   0   0   0   0   0   0   0   0   0  32  33   0   0  36  0.22 0.01
   55 D   -1 -1  1  4 -3  0  3 -1 -1 -3 -3  0 -2 -3 -1  2  0 -4 -3 -3    0   0   0  45   0   0  26   0   0   0   0   0   0   0   0  29   0   0   0   0  0.54 0.02
   56 T    0 -1  0  0 -2  0  2  3 -1 -3 -3  0 -2 -3 -1  2  2 -3 -2 -2    0   0   0   0   0   0  26  29   0   0   0   0   0   0   0  23  23   0   0   0  0.34 0.01
   57 Y   -2 -2 -3 -4 -3 -2 -3 -3  1 -1 -1 -2 -1  5 -3 -2 -2  2  7 -1    0   0   0   0   0   0   0   0   0   0   0   0   0  29   0   0   0   0  71   0  0.84 0.03
   58 G    0 -3 -1 -2 -3 -2 -2  6 -2 -4 -4 -2 -3 -3 -2  0 -2 -3 -3 -3    0   0   0   0   0   0   0 100   0   0   0   0   0   0   0   0   0   0   0   0  1.12 0.03
   59 D    2 -2  0  2 -2 -1  0  3 -2 -2 -2 -1 -2 -3 -1  1  2 -3 -3 -1   26   0   0  23   0   0   0  29   0   0   0   0   0   0   0   0  23   0   0   0  0.32 0.01
   60 A    3 -2 -2 -2 -2 -1 -1 -1 -2 -2 -2 -1 -2 -3  6  0 -1 -3 -3 -1   52   0   0   0   0   0   0   0   0   0   0   0   0   0  48   0   0   0   0   0  0.89 0.02
   61 K   -1  1  0  0 -3  3  3 -2  0 -3 -3  3 -1 -3 -1  0 -1 -3 -2 -3    0   0   0   0   0  26  29   0   0   0   0  45   0   0   0   0   0   0   0   0  0.50 0.02
   62 E   -1  0 -1  0 -3  3  4 -3  0 -1  1  0  0 -2 -2 -1 -1 -2 -2 -1    0   0   0   0   0  29  48   0   0   0  23   0   0   0   0   0   0   0   0   0  0.38 0.02
   63 E    2 -1 -1 -1 -2  2  2 -2 -1  0 -1  0 -1 -2 -1  0  0 -3 -2  1   29   0   0   0   0  23  23   0   0   0   0   0   0   0   0   0   0   0   0  26  0.20 0.01
   64 T    0 -1  0  0 -2  0  2 -2 -1 -1 -2  0 -1 -3 -1  1  4 -3 -2 -1    0   0   0   0   0   0  29   0   0   0   0   0   0   0   0   0  71   0   0   0  0.42 0.03
   65 V   -1 -3 -3 -4 -1 -3 -3 -4 -3  3  2 -3  1  0 -3 -2 -1 -3 -1  3    0   0   0   0   0   0   0   0   0  48  29   0   0   0   0   0   0   0   0  23  0.36 0.01
   66 T    0 -2 -1 -2 -1 -1 -1 -2 -2  1 -1 -1  0 -2 -2  1  4 -3 -2  2    0   0   0   0   0   0   0   0   0   0   0   0   0   0   0   0  71   0   0  29  0.36 0.03
   67 T    2 -2 -2 -2 -1 -2 -2 -2 -2  1  0 -2  0 -2 -2  0  2 -3 -2  3   29   0   0   0   0   0   0   0   0   0   0   0   0   0   0   0  23   0   0  48  0.21 0.02
   68 I   -2 -3 -3 -4 -2 -3 -3 -4 -3  3  2 -3  1  4 -3 -3 -1 -1  1  1    0   0   0   0   0   0   0   0   0  45  26   0   0  29   0   0   0   0   0   0  0.35 0.02
   69 F   -2 -3 -3 -4 -3 -3 -3 -3  0 -1  0 -3  0  6 -4 -2 -2  1  5 -1    0   0   0   0   0   0   0   0   0   0   0   0   0  74   0   0   0   0  26   0  0.78 0.03
   70 A    2 -2 -1 -1 -2 -1 -2  4 -2 -2 -2 -1 -2 -3 -2  1  2 -3 -2 -1   23   0   0   0   0   0   0  48   0   0   0   0   0   0   0   0  29   0   0   0  0.46 0.02
   71 A    1  0 -1  0 -2  1  3 -1 -1 -2 -2  2 -1 -3 -1  1  2 -3 -2 -1   23   0   0   0   0   0  29   0   0   0   0  23   0   0   0   0  26   0   0   0  0.27 0.01
   72 D   -2 -1  1  5 -4  0  3 -2 -1 -3 -4  0 -3 -4 -2  0 -1 -4 -3 -3    0   0   0  71   0   0  29   0   0   0   0   0   0   0   0   0   0   0   0   0  0.81 0.03
   73 G    0 -3 -1 -2 -3 -2 -2  6 -2 -4 -4 -2 -3 -3 -2  0 -2 -3 -3 -3    0   0   0   0   0   0   0 100   0   0   0   0   0   0   0   0   0   0   0   0  1.12 0.03
   74 S    0  0  0 -1 -2  3  0 -2 -1  0 -1  2 -1 -2 -1  1  0 -3 -2  1    0   0   0   0   0  23   0   0   0   0   0  29   0   0   0  23   0   0   0  26  0.19 0.01
   75 L   -1 -2 -1 -2 -1 -1 -2 -3 -2  1  3 -2  1 -1 -2  0  3 -2 -2  0    0   0   0   0   0   0   0   0   0   0  48   0   0   0   0   0  52   0   0   0  0.28 0.02
   76 Y   -2 -2 -2 -3 -3 -2 -2 -3  2 -2 -1 -2 -1  3 -3 -2 -2  2  7 -1    0   0   0   0   0   0   0   0   0   0   0   0   0   0   0   0   0   0 100   0  1.02 0.05
   77 S    3 -1  0 -1 -1 -1 -1  0 -1 -2 -2 -1 -1 -3 -1  3  1 -3 -2 -1   52   0   0   0   0   0   0   0   0   0   0   0   0   0   0  48   0   0   0   0  0.38 0.02
   78 A    2 -2  0 -1 -2 -1 -1  4 -2 -3 -3 -1 -2 -3 -2  2  0 -3 -3 -2   23   0   0   0   0   0   0  52   0   0   0   0   0   0   0  26   0   0   0   0  0.53 0.02
   79 I   -1 -3 -3 -3 -1 -3 -3 -4 -3  4  1 -3  1  0 -3 -2 -1 -3 -1  3    0   0   0   0   0   0   0   0   0  71   0   0   0   0   0   0   0   0   0  29  0.41 0.02
   80 S    1 -1  0  0 -1  0  0  0 -1 -3 -3  0 -2 -3 -1  5  1 -3 -2 -2    0   0   0   0   0   0   0   0   0   0   0   0   0   0   0 100   0   0   0   0  0.53 0.04
   81 K    1  0  3  3 -2  0  0 -1 -1 -3 -3  2 -2 -3 -1  0  0 -3 -2 -2   29   0  26  23   0   0   0   0   0   0   0  23   0   0   0   0   0   0   0   0  0.30 0.01
   82 T    0 -2 -1 -1 -1 -1 -1 -2 -2  0 -1 -1  0 -2 -1  2  3 -3 -2  2    0   0   0   0   0   0   0   0   0   0   0   0   0   0   0  26  45   0   0  29  0.26 0.02
   83 V    2 -2 -3 -3 -1 -2 -2 -2 -3  2  0 -2  0 -1 -2 -1  0 -3 -2  4   29   0   0   0   0   0   0   0   0   0   0   0   0   0   0   0   0   0   0  71  0.27 0.02
   84 A    4 -2 -1 -2 -1 -1 -1  0 -2 -1 -2 -1 -1 -2 -1  1  2 -3 -2  0   71   0   0   0   0   0   0   0   0   0   0   0   0   0   0   0  29   0   0   0  0.36 0.02
   85 E   -1  0  1  4 -4  1  3 -2 -1 -3 -3  2 -2 -4 -1  0 -1 -4 -3 -3    0   0   0  48   0   0  23   0   0   0   0  29   0   0   0   0   0   0   0   0  0.57 0.02
   86 A    4 -1 -1 -1 -1 -1 -1  0 -2 -2 -2 -1 -1 -2 -1  2  0 -3 -2 -1   71   0   0   0   0   0   0   0   0   0   0   0   0   0   0  29   0   0   0   0  0.39 0.02
   87 A    3 -2 -1 -2 -1 -1 -2  4 -2 -2 -3 -1 -2 -3 -2  0 -1 -3 -3 -1   52   0   0   0   0   0   0  48   0   0   0   0   0   0   0   0   0   0   0   0  0.54 0.02
   88 S    3  0 -1 -1 -1  0  0  0 -1 -2 -2  2 -1 -3 -1  2  0 -3 -2 -1   48   0   0   0   0   0   0   0   0   0   0  29   0   0   0  23   0   0   0   0  0.29 0.02
   89 D   -2  0  5  3 -3  0  0 -1  0 -3 -3  2 -2 -3 -2  0 -1 -4 -2 -3    0   0  55  23   0   0   0   0   0   0   0  23   0   0   0   0   0   0   0   0  0.54 0.02
   90 L   -2 -2 -4 -4 -1 -2 -3 -4 -3  1  4 -3  2  0 -3 -3 -1 -2 -1  1    0   0   0   0   0   0   0   0   0   0 100   0   0   0   0   0   0   0   0   0  0.52 0.03
   91 I   -2 -3 -4 -3 -1 -3 -4 -4 -4  5  1 -3  1  0 -3 -3 -1 -3 -2  3    0   0   0   0   0   0   0   0   0 100   0   0   0   0   0   0   0   0   0   0  0.48 0.03
   92 D   -2 -1  1  6 -4  0  3 -2 -1 -3 -4  0 -3 -4 -2  0 -1 -4 -3 -3    0   0   0  77   0   0  23   0   0   0   0   0   0   0   0   0   0   0   0   0  0.85 0.03
   93 L   -1 -2 -3 -4 -1 -2 -3 -3 -3  2  3 -2  4  0 -3 -2 -1 -2 -1  2    0   0   0   0   0   0   0   0   0   0  48   0  29   0   0   0   0   0   0  23  0.34 0.02
   94 V   -1 -2 -3 -3 -2 -2 -3 -3 -2  2  1 -2  3  3 -3 -2 -1 -1  0  2    0   0   0   0   0   0   0   0   0  23   0   0  29  26   0   0   0   0   0  23  0.28 0.02
   95 T    2 -1  3  0 -1  0 -1 -1 -1 -2 -2 -1 -1 -3 -1  2  2 -3 -2 -1   26   0  23   0   0   0   0   0   0   0   0   0   0   0   0  29  23   0   0   0  0.30 0.01
   96 R    2  4 -1 -1 -2  1  2 -1 -1 -3 -2  1 -2 -3 -2  0 -1 -3 -2 -2   29  45   0   0   0   0  26   0   0   0   0   0   0   0   0   0   0   0   0   0  0.38 0.02
   97 H   -2 -1  3 -1 -2 -1 -1 -2  4  0  2 -1  1 -1 -3 -1 -1 -2  0 -1    0   0  29   0   0   0   0   0  23   0  48   0   0   0   0   0   0   0   0   0  0.23 0.02
   98 K    0 -1 -1 -1 -3 -1 -1  4 -2 -3 -3  2 -2 -4  4 -1 -1 -3 -3 -3    0   0   0   0   0   0   0  48   0   0   0  23   0   0  29   0   0   0   0   0  0.70 0.02
   99 L   -1 -2 -1  3 -2 -2 -1 -3 -2  1  2 -2  1 -1 -2 -2 -1 -3 -2  2    0   0   0  29   0   0   0   0   0   0  45   0   0   0   0   0   0   0   0  26  0.22 0.01
  100 E   -2 -1  3  3 -3  0  2 -2 -1  1 -1 -1 -1 -2 -2 -1 -1 -3 -2  0    0   0  23  26   0   0  23   0   0  29   0   0   0   0   0   0   0   0   0   0  0.26 0.01
  101 T    0  0  0  0 -2  1  2 -1 -1 -2 -2  2 -1 -3 -1  2  2 -3 -2 -2    0   0   0   0   0   0  23   0   0   0   0  29   0   0   0  26  23   0   0   0  0.31 0.01
  102 F   -2 -3 -3 -3 -2 -2 -3 -3 -2  0  2 -2  0  4  4 -2 -2 -1  1 -1    0   0   0   0   0   0   0   0   0   0  26   0   0  45  29   0   0   0   0   0  0.55 0.02
  103 K   -1  1 -1 -1 -3  1  0 -2 -1 -3 -3  4 -2 -4  4  0 -1 -3 -2 -3    0   0   0   0   0   0   0   0   0   0   0  74   0   0  26   0   0   0   0   0  0.65 0.03
  104 V   -1 -3 -3 -3 -1 -3 -3 -4 -3  4  1 -3  1 -1 -3 -2 -1 -3 -1  3    0   0   0   0   0   0   0   0   0  55   0   0   0   0   0   0   0   0   0  45  0.39 0.02
  105 K    0  0  0 -1 -2  0  0  2 -1 -2 -2  2 -2 -3 -1  2  2 -3 -2 -2    0   0   0   0   0   0   0  23   0   0   0  23   0   0   0  29  26   0   0   0  0.29 0.01
  106 V   -1 -3 -3 -4 -1 -3 -3 -4 -3  3  1 -3  1  3 -3 -2 -1 -1  1  3    0   0   0   0   0   0   0   0   0  26   0   0   0  29   0   0   0   0   0  45  0.32 0.02
  107 V   -1 -1 -2 -2 -1  2 -1 -3 -2  3  0 -1  0 -1 -2 -1  0 -3 -1  3    0   0   0   0   0  26   0   0   0  23   0   0   0   0   0   0   0   0   0  52  0.22 0.02
  108 Q   -1  3  0  0 -4  3  3 -2  0 -3 -3  3 -1 -3 -2  0 -1 -3 -2 -3    0  26   0   0   0  23  29   0   0   0   0  23   0   0   0   0   0   0   0   0  0.49 0.02
  109 G   -1 -2  3 -1 -2 -1 -2  4 -1 -2  0 -1 -1 -2 -2  0 -1 -3 -2 -2    0   0  26   0   0   0   0  52   0   0  23   0   0   0   0   0   0   0   0   0  0.41 0.02
  110 T   -1  1  0 -1 -2  0  0 -2 -1 -2 -2  4 -1 -3 -1  1  3 -3 -2 -1    0   0   0   0   0   0   0   0   0   0   0  55   0   0   0   0  45   0   0   0  0.36 0.02
  111 S    1 -1  0  0 -1  0  0  0 -1 -3 -3  0 -2 -3 -1  5  1 -3 -2 -2    0   0   0   0   0   0   0   0   0   0   0   0   0   0   0 100   0   0   0   0  0.53 0.04
  112 S    0  0  3  0 -2  0  0  2 -1 -3 -3  2 -2 -3 -2  2  0 -3 -2 -3    0   0  29   0   0   0   0  23   0   0   0  26   0   0   0  23   0   0   0   0  0.35 0.01
  113 K    0  1  0 -1 -2  0  0  3 -1 -3 -3  3 -2 -3 -1  2  0 -3 -2 -3    0   0   0   0   0   0   0  29   0   0   0  45   0   0   0  26   0   0   0   0  0.36 0.02
  114 G    0 -2  0  3 -3 -2 -1  5 -2 -4 -4 -1 -3 -3 -2  0 -2 -3 -3 -3    0   0   0  26   0   0   0  74   0   0   0   0   0   0   0   0   0   0   0   0  0.81 0.02
  115 N   -1  3  4  0 -3  3  0 -1  0 -3 -3  1 -2 -3 -2  0 -1 -3 -2 -3    0  26  45   0   0  29   0   0   0   0   0   0   0   0   0   0   0   0   0   0  0.49 0.02
  116 V   -1  0  0  3 -3  1  2 -2 -1 -1 -2  2 -1 -3 -2 -1 -1 -3 -2  1    0   0   0  26   0   0  23   0   0   0   0  29   0   0   0   0   0   0   0  23  0.26 0.01
  117 F   -3 -3 -3 -4 -3 -4 -4 -3 -1  0  0 -3  0  7 -4 -3 -2  1  3 -1    0   0   0   0   0   0   0   0   0   0   0   0   0 100   0   0   0   0   0   0  0.87 0.04
  118 F   -1 -3 -3 -4 -1 -3 -3 -4 -3  3  2 -3  1  3 -3 -2 -1 -1  0  2    0   0   0   0   0   0   0   0   0  26  23   0   0  23   0   0   0   0   0  29  0.30 0.01
  119 S    0 -1  5  0 -2  0 -1 -1  0 -2 -3  0 -2 -3 -2  2  2 -3 -2 -2    0   0  52   0   0   0   0   0   0   0   0   0   0   0   0  23  26   0   0   0  0.45 0.02
  120 L   -2 -3 -4 -4 -1 -2 -3 -4 -3  3  4 -3  2  0 -3 -3 -1 -2 -1  1    0   0   0   0   0   0   0   0   0  23  77   0   0   0   0   0   0   0   0   0  0.44 0.02
  121 Q    0  3  0 -1 -3  4  1 -2  0 -3 -2  1 -1 -3 -2  2  0 -3 -2 -2    0  23   0   0   0  52   0   0   0   0   0   0   0   0   0  26   0   0   0   0  0.45 0.02
  122 L   -1 -3 -3 -4 -1 -3 -3 -4 -3  3  3 -3  1  0 -3 -2 -1 -2 -1  3    0   0   0   0   0   0   0   0   0  26  45   0   0   0   0   0   0   0   0  29  0.35 0.01
  123 S    3 -1  0 -1 -1  0 -1  0 -1 -2 -2  0 -1 -2 -1  3  1 -3 -2 -1   50   0   0   0   0   0   0   0   0   0   0   0   0   0   0  50   0   0   0   0  0.35 0.00
  124 L   -2 -2 -4 -4 -1 -2 -3 -4 -3  2  4 -3  2  0 -3 -3 -1 -2 -1  1    0   0   0   0   0   0   0   0   0   0 100   0   0   0   0   0   0   0   0   0  0.46 0.00

                      K         Lambda
Standard Ungapped    0.1274     0.3116
Standard Gapped      0.0410     0.2670
PSI Ungapped         0.1300     0.3181
PSI Gapped           0.0398     0.2670
