
Last position-specific scoring matrix computed, weighted observed percentages rounded down, information per position, and relative weight of gapless real matches to pseudocounts
           A  R  N  D  C  Q  E  G  H  I  L  K  M  F  P  S  T  W  Y  V   A   R   N   D   C   Q   E   G   H   I   L   K   M   F   P   S   T   W   Y   V
    1 M   -3 -3 -4 -5 -3 -2 -4 -5 -4  3  0 -3  9 -2 -4 -3 -2 -3 -3  0    0   0   0   0   0   0   0   0   0  21   0   0  79   0   0   0   0   0   0   0  1.49 0.38
    2 D    0 -2  0  4 -3  2  3 -2 -2 -4 -4 -1 -3 -4  0  2  0 -4 -3 -3    4   0   3  28   0  10  25   0   0   0   0   0   0   0   3  22   5   0   0   0  0.54 0.17
    3 N   -1  0  4  0 -4  1  1 -3  1 -2 -3  0 -3 -1 -3 -1  0 -2  5 -3    3   3  30   2   0   7   8   0   3   3   0   5   0   0   0   3   5   0  29   0  0.50 0.22
    4 S   -1  0 -1  2 -3  1  2 -1  3 -1 -1  1 -1 -3 -2  1  1 -3 -2 -1    0   3   0  13   0   5  15   4  11   2   8   9   2   0   0  12  13   0   0   4  0.19 0.11
    5 H   -1  2  0 -1 -3  0  1  0  3 -2  0  1 -1 -2  1  0  0 -3  1 -1    1  12   4   1   0   2   8   6  11   0  11  12   0   0   8   4   9   0   6   5  0.13 0.10
    6 D   -1  0  0  4 -4 -1  4 -3  0 -1 -2  2 -3 -1 -3 -2 -2 -4 -3 -3    4   3   2  23   0   0  36   0   2   4   5  18   0   3   0   0   0   0   0   0  0.56 0.26
    7 S   -1 -1  1 -1 -3  0  2  2 -2 -3 -4  1 -3 -4 -3  2  3 -4 -3 -2    3   1   7   2   0   3  17  15   0   0   0   8   0   0   0  20  20   0   0   3  0.37 0.23
    8 D   -3 -1  2  4 -5  0  4 -1 -1 -5 -3  1 -4 -5 -3  1 -1 -5 -4 -4    0   2   8  22   0   3  36   4   1   0   2   9   0   0   0  10   2   0   0   0  0.67 0.33
    9 S   -1 -3  2 -2 -4 -2 -1  0 -3 -5 -3 -1 -4 -5 -4  6  0 -5 -4 -3    4   0  10   1   0   1   3   5   0   0   2   3   0   0   0  65   4   0   0   2  0.98 0.50
   10 V   -1  0  1  2 -3  1  3 -3  2 -1 -1  0 -2 -2 -1  0 -1 -4 -3  1    5   4   8  11   0   5  21   0   5   2   4   6   0   2   2   8   2   0   0  14  0.21 0.17
   11 F   -2 -4 -5 -5 -4 -3 -2 -3 -1  1  1 -4 -2  7 -5 -4 -3 -2  3  1    2   0   0   0   0   1   3   2   1   6  12   0   0  47   0   0   1   0   9  12  0.96 0.40
   12 L   -3 -4 -5 -5 -4 -4 -1 -6 -5  5  3 -1  1 -1 -5 -2 -2 -5 -4  3    0   0   0   0   0   0   5   0   0  41  23   4   2   2   0   3   2   0   0  18  0.81 0.40
   13 Y   -1  3 -2 -4 -5  1 -2  3  5 -3 -5  1 -3 -3 -5  0 -3 -4  4 -3    4  18   1   0   0   7   2  19  13   2   0   8   1   1   0   9   1   0  13   2  0.57 0.38
   14 H   -6  3 -2  0 -7 -1 -3 -4  8 -7 -5  5 -6 -2 -6 -5 -5 -7 -4 -7    0  17   1   4   0   3   1   1  38   0   1  31   0   2   0   0   0   0   0   0  1.69 0.77
   15 I   -2 -3 -2 -2  1  1  1 -1 -3  1  1 -1  0  1 -4 -1  3 -4 -2  1    3   0   1   2   3   8  12   4   0   9  13   4   2   5   0   3  20   0   1  10  0.22 0.23
   16 P    1 -3 -1 -1 -5  1 -3 -4  0  0 -3  0 -2 -2  5  0  0 -5  0 -1   12   1   4   4   0   6   1   1   3   7   2   5   1   2  33   7   6   0   3   3  0.58 0.38
   17 C   -7 -10 -9 -10 12 -9 -10 -9 -4 -8 -8 -9 -8 -9 -9 -8 -8 -9 -9 -8    0   0   0   0  98   0   0   0   1   0   0   0   0   0   0   0   0   0   0   0  4.88 1.75
   18 D   -6 -8 -4  0 -9 -5 -1 -8 -8 -5 -8 -5 -9 -6  9 -4 -7 -10 -9 -9    0   0   1   6   0   0   5   0   0   1   0   1   0   0  84   1   0   0   0   0  2.89 1.33
   19 N   -2 -1 -1  1 -3  2  1 -3  1 -1 -2  3 -1  3 -4  1 -2 -2  0 -1    2   2   3   7   0   8   9   2   4   3   4  21   2  13   1  10   2   1   3   4  0.29 0.28
   20 C   -7 -10 -6 -10 12 -10 -10 -9 -3 -8 -8 -10 -8 -9 -4 -8 -8 -9 -9 -8    0   0   0   0  97   0   0   0   1   0   0   0   0   0   1   0   0   0   0   0  4.78 1.77
   21 G   -1 -1  1  1 -2 -2 -2  5  2 -6 -5 -1 -2 -6 -1  2 -1 -6 -5 -5    5   4   7   7   1   2   2  38   4   0   1   3   1   0   3  17   4   0   0   1  0.70 0.46
   22 S   -2  0 -2  2 -6 -4 -3  1  2 -6 -5  1 -3 -6  1  5 -4 -3 -4 -6    3   5   1  10   0   0   1  12   4   0   1   8   1   0   7  44   0   0   1   0  0.87 0.60
   23 S   -2  2 -1 -3 -6  0  0  0  2 -5 -6  3 -6 -5 -5  5  1 -7 -4 -5    3   9   2   1   0   4   6   6   4   1   0  16   0   0   0  39   7   0   1   0  0.78 0.56
   24 D   -4  4  2  7 -8 -5 -2 -4 -6 -5 -6  2 -7 -4 -4 -5 -3 -8 -7 -7    1  18   9  53   0   0   2   2   0   1   1  10   0   1   1   0   2   0   0   0  1.54 0.82
   25 G    3  0  4 -3  1 -2 -1  1  1 -4 -6  3 -5 -6 -3  0 -2  1 -3 -5   24   5  22   1   3   1   3   9   4   1   0  15   0   0   1   7   1   2   1   0  0.62 0.46
   26 N   -1 -1  2 -5 -1 -3 -3 -2  2 -3  4  2  1  2 -5 -3 -3 -2 -2 -1    4   3  12   0   2   1   2   3   4   0  38  11   4   8   0   1   1   1   1   4  0.52 0.39
   27 S    2 -4  0 -3  0  0 -3  0  3 -4 -4  0  0  0 -5  4  1 -5 -1 -1   18   0   4   1   2   3   1   6   6   1   1   6   3   4   0  30  10   0   2   4  0.49 0.41
   28 L   -3  0 -3 -6 -2 -5 -3 -5 -5  4  2 -3 -1  0 -4 -4  0  1  1  4    2   6   1   0   1   0   2   1   0  19  18   1   1   3   1   1   5   2   4  31  0.66 0.41
   29 F   -5 -3  4 -2 -8 -3 -3 -6 -4 -1 -6 -1 -4  4 -8 -2 -5  2  8 -3    1   2  16   3   0   1   2   0   0   3   0   4   0  14   0   3   1   2  47   2  1.62 0.85
   30 S   -1 -2 -2  3 -5  0  2 -4 -1  1 -1 -1 -1 -5  0  2  2 -3 -4 -1    4   1   2  18   0   3  13   1   1   9   6   4   1   0   4  15  11   0   0   4  0.31 0.30
   31 D   -7 -4  4  7 -9 -2  1 -5 -4 -9 -9 -1 -8 -9 -3 -2 -2 -9 -8 -8    0   1  19  60   0   2   7   1   0   0   0   4   0   0   1   3   3   0   0   0  1.89 0.95
   32 G   -3 -5 -2 -3 -7 -6 -3  7 -7 -6 -4  1 -3 -7 -7 -1 -2 -3 -7 -7    2   0   2   2   0   0   2  72   0   1   2   8   1   0   0   4   3   0   0   0  1.76 0.87
   33 H    0 -1  1 -2 -3 -2  0  1  6 -1 -2  0 -3 -3 -4  1  1  0 -1  0    6   4   7   1   0   1   5  10  19   3   4   6   0   1   1  11   7   1   2   7  0.34 0.28
   34 T    1 -4 -4 -5  2 -1 -3  3 -1 -2 -2 -1 -3  1 -5  1  2  3  3 -2   10   1   0   0   4   3   1  24   1   2   4   4   0   6   0  10  15   4   9   2  0.44 0.36
   35 F   -2 -2  0 -6 -1 -3 -5  0  6 -1 -5  0 -2  3 -7 -3 -3  3  6 -3    4   2   5   0   2   1   0   7  18   4   1   6   1  12   0   2   2   3  28   2  1.00 0.58
   36 C   -4 -9 -9 -9 12 -4 -9 -9 -9 -6 -4 -9 -2 -8 -9 -4 -2 -8 -1 -3    2   0   0   0  85   1   0   0   0   0   2   0   1   0   0   1   2   0   2   2  3.92 1.54
   37 Y   -5 -5  0 -4 -2 -3 -6 -5  7 -7 -6 -2 -6  7 -6 -6 -4  6  3 -7    1   1   5   1   1   1   0   1  22   0   0   3   0  42   1   0   1  10  10   0  1.90 0.91
   38 V    1  2  2 -3 -2 -3 -4  1  5 -4 -4  0 -2 -6 -4  3 -1 -6 -1 -1   10  10   9   1   1   1   1  11  15   1   2   6   1   0   1  23   4   0   2   4  0.56 0.43
   39 C   -8 -10 -9 -10 12 -9 -10 -5 -4 -8 -8 -10 -8 -9 -9 -5 -8 -9 -9 -8    0   0   0   0  96   0   0   1   0   0   0   0   0   0   0   1   0   0   0   0  4.81 1.82
   40 E   -4 -3  3  1 -7  0  1  5  3 -7 -5  0 -2  1 -3 -1 -4 -6 -4 -6    1   1  12   6   0   3  11  39   7   0   1   5   1   5   2   4   1   0   0   0  0.82 0.52
   41 K   -1  3 -1 -3 -1  0  0 -3  4 -3 -4  3 -3  0 -3  0  2  2  3 -4    5  14   2   1   2   5   5   2   9   1   1  16   1   4   1   6  14   3   8   1  0.42 0.31
   42 W   -1 -1 -1 -3 -2 -1 -3 -1  3 -3 -3  0 -1  3 -4 -1  1  7  4 -3    5   3   3   2   1   2   2   5   8   1   3   7   2  10   1   5   7  16  15   2  0.64 0.40
   43 T   -2 -1 -2  0 -4  0  1  1  0 -1 -2  0  0  1 -4  1  2 -4  2  0    1   2   1   4   0   5  11  10   2   4   4   7   3   7   0  11  12   0   6   8  0.15 0.19
   44 A   -1 -1  0 -1  3  0 -1  1  0 -2 -2  2 -3  0  2  1  0 -3 -2 -1    4   3   4   4   6   5   3  12   2   1   5  16   0   4   9  11   4   0   1   5  0.18 0.19
   45 G   -1 -2  1  0 -4 -2 -1  3 -1 -2  0  0 -1  0  1  1 -1 -1 -2 -2    6   2   6   4   0   1   3  27   2   2   9   7   1   4   7   9   4   1   1   3  0.23 0.21
   46 N   -1  0  2  3 -5 -2  0 -1  0 -2 -2  1 -2 -2 -2  0  0  4  0 -1    4   6  11  19   0   1   7   4   3   2   5   9   1   1   2   7   5   6   3   5  0.29 0.24
   47 E   -1  1  0  1 -5  0  2  1  0 -2 -3  1 -2  0 -1  1  0  1 -2 -2    4   8   4   9   0   3  15  13   2   3   2   9   1   4   3   9   5   2   1   3  0.19 0.19
   48 D   -1 -2  1  3 -5  0  2  1 -2 -1 -2 -1 -2 -1  1  0 -1 -1  0 -2    4   1   5  19   0   5  15  12   1   3   3   4   1   3   6   6   5   1   3   3  0.25 0.23
   49 T    0  0 -2  0 -1  1  0  0  0  0  0  0  0  0 -1  0  1  0  1  0    6   5   1   7   1   6   7   9   2   5  10   7   3   3   2   5  10   1   6   7  0.03 0.06
   50 K   -1  1  0  0 -4  1  1 -1 -1 -1 -2  1 -1  0  1  0  0 -4  0  0    4   7   5   5   0   6  11   6   1   4   2  11   1   4   8   8   5   0   3   8  0.11 0.13
   51 E    0  0  0  0 -4  1  3 -2  0 -2 -2  1  0 -1 -1  0  0 -3 -2 -1    8   4   4   5   0   6  24   3   2   2   5   8   2   2   4   7   7   0   1   4  0.23 0.22
   52 R    0  2  1  0 -2  1  0 -1  0 -2 -1  2 -2 -1  0  0  0 -1  0 -1    8  12   6   4   1   5   4   5   2   2   5  15   0   3   5   7   6   1   4   5  0.12 0.13
   53 A    0  0  0 -1 -3  0  1 -1 -2  0 -1  1 -1  0  2  1  0 -2 -2  1    9   4   4   2   0   3  10   5   1   5   6  10   2   5   9   9   6   1   1  11  0.08 0.10
   54 S    0  0  0  0 -3  1  1 -1  0 -2 -1  0 -1 -2  2  1  0 -2  0  0    8   5   4   4   0   5  10   4   2   2   4   7   2   1  10  10   6   1   4   9  0.10 0.12
   55 K   -1  1 -1  1 -5  0  2 -2 -1 -2 -2  3 -3 -1  0  0  0 -2  1 -1    5   7   3   8   0   4  11   3   1   3   3  21   0   3   5   5   6   1   5   5  0.21 0.21
   56 R    0  2 -1  0 -3  0  1 -3 -2 -2 -1  2 -2 -1  1  0  1 -1  1 -1    9  12   2   5   0   4   8   2   1   3   5  16   1   2   6   8   7   1   4   4  0.17 0.18
   57 K   -2  2 -2  0 -3  0  1 -3 -1 -1 -2  5 -1 -2  1  0 -1 -5 -2 -1    3  11   2   5   1   4   8   2   1   4   4  30   1   2   6   6   4   0   2   5  0.40 0.31
   58 P   -1  0 -1 -1 -4  1  1 -2  0  0 -2  1 -1 -2  4  0  0 -3 -2 -1    5   6   3   3   0   6   9   3   2   6   4   9   2   1  21   8   6   0   2   3  0.28 0.23
   59 S    0  0  1  0 -3  0  1 -2  1  0 -2  2 -1 -2 -1  1  1 -4 -1  0    9   5   6   4   0   4  10   2   3   5   4  13   1   2   3  12  10   0   2   6  0.13 0.14
   60 G    0  0  0  0 -1  0  0  0  0 -1 -2  2 -1 -1  1 -1 -1  1  3 -1    7   4   5   5   1   4   7   8   2   3   4  12   1   2   7   4   4   2  13   5  0.12 0.14
   61 G    0  0  1 -1 -3  0  0  0 -1  0 -1  1 -1 -1  1  0  0  1  1 -1    7   6   7   3   0   4   7   7   1   6   4  12   2   2   7   9   5   2   5   4  0.07 0.09
   62 K   -1  2 -1 -2 -3  1  1 -3 -2  0 -2  4  0 -4  0  0 -2 -2 -2 -1    4  12   3   2   0   6   9   2   1   5   5  29   2   1   4   7   2   1   2   4  0.40 0.31
   63 P    0  0  0 -3 -2 -1  0 -3  0 -5 -3  1 -1 -2  6  1 -1 -6 -2 -2    7   4   4   2   1   2   6   2   2   0   3   7   2   2  37   9   4   0   2   3  0.72 0.47
   64 M   -1  0 -1 -1 -2  0  1 -2 -1  2  0  1  1  0  1  0  0 -2 -1  0    6   4   3   3   1   5   8   2   1  15   8   9   4   5   7   6   4   0   2   7  0.07 0.10
   65 T   -2  1  0  0 -4  0  1 -2 -2 -2 -3  2 -4 -1  1  1  3  2 -4 -1    3   7   4   4   0   3   9   3   1   2   2  13   0   3   7  12  20   2   0   4  0.30 0.28
   66 Y   -2  0  0  0 -2 -1  1 -3  0  0  0  1 -1  1  2 -1 -1  2  2 -1    3   4   4   5   1   2  10   2   3   6  10   9   1   5  12   4   4   3   9   4  0.14 0.14
   67 N    0 -1  2  2 -3  1  2 -2 -1 -3 -3  2 -2 -3  2  0  0 -2 -2 -2    8   3  10   9   1   6  15   3   2   2   3  12   1   1  10   5   5   1   1   3  0.26 0.23
   68 V   -1  1 -1  0  0  0  1 -1 -1  1  0  1  0 -1  1  0 -1 -2  0  0    5   7   3   4   2   5  10   4   1  12  11   8   2   1   6   5   3   0   3   7  0.05 0.06
   69 W    0  0  0 -1 -1  1  1 -2  0  0  0  0  0 -1  1  0  0  0 -2  0    6   6   4   2   2   5   9   2   3   6  10   7   3   2   8   7   7   2   1   8  0.06 0.07
   70 N   -1  0  2  2 -4  1  1 -1 -2 -2 -1  1 -1 -2  1  1  0 -1 -2 -1    4   5   9  11   0   5  11   4   1   2   5  10   2   2   8  12   4   1   1   4  0.17 0.17
   71 F    0 -1 -1  0 -2  1  0 -2 -1  1  2  0  0  2 -1 -1  1 -3  0  0    6   3   3   5   1   8   5   2   1   7  20   7   3   8   2   3   9   0   3   5  0.09 0.12
   72 G   -1 -1  1  2 -4  0  2 -1 -1 -2  0  0 -1 -3  2  1  0 -2 -3 -1    4   4   5  11   0   4  15   5   1   2   9   6   2   1   9  10   6   1   1   4  0.17 0.17
   73 E   -2 -1  0  2 -4  0  3 -4  1  0  1  1 -1 -1  1 -1  0 -3 -1 -1    2   3   5  12   0   4  18   1   3   6  12   8   1   3   7   3   5   0   2   4  0.20 0.20
   74 S    0 -1  0 -1  0 -1  0 -1 -2  1  0  0 -1 -2  2  1  1 -2  0  1    5   3   5   3   2   2   5   5   1   9   8   7   1   1   9  12   7   1   4   9  0.07 0.09
   75 N   -1  1  2  2 -1  2  2 -3 -2 -1 -3  0 -2 -3  1  0  1 -5 -1 -2    6   6  10  13   1  11  11   1   0   4   2   5   1   1   6   8   7   0   2   3  0.24 0.23
   76 G    0 -1 -1  0 -3 -1  2  3  0 -2 -1  2 -2 -3 -1 -1 -1 -2 -2  0    8   4   3   5   0   3  13  21   2   2   8  12   1   1   3   3   4   0   1   6  0.18 0.18
   77 R    0 -1 -1 -1 -3  0  2  0 -2  0  0  1  0 -1 -1 -1  0 -2 -2  2    9   3   2   4   0   4  13   7   1   5   9   9   2   2   3   4   6   1   1  16  0.08 0.12
   78 Y   -2 -3 -4 -2 -2 -3 -2 -4  0  3  1 -1  2  2 -4 -3 -1  3  4  2    4   1   1   3   1   1   2   1   2  18  11   5   4   7   1   2   4   5  16  13  0.47 0.31
   79 S    0  1  0  2 -5  3  2 -2 -2 -4 -4  3 -1 -4 -1  0  1 -1 -3 -2    8   7   4  12   0  11  11   3   1   1   1  17   1   1   3   6   7   1   1   3  0.33 0.28
   80 A    1 -4 -2  0 -6 -3  0 -1 -1 -4 -2 -2 -1  2  1 -1 -2  6  5 -4   14   1   2   5   0   1   5   5   1   1   4   3   2   7   7   6   3  11  22   1  0.61 0.43
   81 L   -4 -3 -4 -5 -3 -4 -7 -6 -2  2  5 -1  1  5 -5 -5 -3  1 -2 -2    2   2   1   1   1   1   0   1   1   9  46   4   3  23   1   1   2   2   1   2  1.06 0.59
   82 T    0  0  0  0 -5 -1  1  1  0 -2 -3  3 -2 -4  2  0  2 -6 -3 -3    9   5   3   5   0   3  10  11   2   2   3  16   1   1   9   6  11   0   1   1  0.26 0.25
   83 A    0 -2  0  2 -1  0  2  0 -1 -1 -1  2 -2 -1 -4  1 -1 -1  2 -2    8   2   3  11   1   3  13   6   1   4   6  12   0   3   0  11   3   1   7   3  0.16 0.19
   84 R   -6  8 -1 -2 -9 -2 -1 -4 -3 -6 -5  0 -5 -6 -8 -4 -5 -1 -3 -8    1  75   3   3   0   2   4   2   1   0   1   5   0   0   0   1   1   1   1   0  2.19 1.08
   85 G   -3  0 -1 -4  0 -3 -3  6  2 -7 -3  3 -1 -7 -7 -1 -1 -7 -5 -3    2   5   3   1   2   1   2  50   4   0   3  15   2   0   0   4   4   0   0   2  1.03 0.61
   86 I   -7 -9 -5 -5 -7 -5 -9 -10 -9  7  3 -9 -3  1 -9 -6 -5 -8 -3 -1    0   0   1   1   0   1   0   0   0  60  27   0   0   5   0   1   0   0   1   4  1.93 0.90
   87 S   -3  0  0  1 -7 -3 -4 -4 -1 -7 -6  1 -5 -8  1  5  3 -3 -4 -5    1   6   5   9   0   1   1   1   1   0   1   7   0   0   6  41  18   0   1   1  0.95 0.66
   88 K    0  1 -2  2 -4  2  2 -4 -2 -3 -1  2 -2 -4  3 -3 -1  0 -5 -2    8   6   2  11   0   8  15   1   1   1   8  14   1   1  14   2   3   1   0   2  0.38 0.33
   89 E    0 -2 -2  4 -5  0  6 -4 -2 -5 -5  1 -7 -6 -6 -1 -2 -2 -7 -4    9   2   2  18   0   3  42   1   1   1   1   9   0   0   0   6   3   1   0   1  1.00 0.64
   90 T   -2 -5 -7 -5 -7 -7 -7 -8 -8  2 -2 -6 -3 -7 -6 -3  7 -3  0  3    3   1   0   1   0   0   0   0   0   9   4   0   1   0   0   2  59   0   3  17  1.67 0.92
   91 C    1 -5 -3 -6  6 -7 -7 -7 -5  2  4 -3  2 -1 -7 -3 -3 -2 -4  0   13   1   2   0  16   0   0   0   0  11  36   2   5   2   0   2   2   1   0   6  0.97 0.54
   92 Q    0  3 -1  2 -7  2  3 -6 -1 -3 -4  4 -3 -4 -6 -1 -3 -7 -4 -4    8  14   3  11   0   8  20   0   1   2   2  21   1   1   0   5   1   0   1   1  0.68 0.47
   93 K    1  4 -2 -2 -7  0 -1 -5  2 -4 -2  5 -3  1 -2 -2 -3 -6  1 -4   10  20   2   2   0   4   3   0   5   1   4  29   1   6   2   2   2   0   5   1  0.66 0.45
   94 A   -2 -4  1 -5 -1 -5 -5 -7  0 -2  0 -4  3  6 -6 -2 -5  3  6 -4    4   1   6   1   1   0   1   0   3   2   8   1   6  33   1   3   1   3  24   1  1.30 0.68
   95 G   -3  1  2  0 -1  0 -2  5 -1 -7 -6  2 -6 -5 -6  0 -4 -7 -4 -7    2   7   8   6   2   4   3  47   2   0   1  10   0   0   0   6   1   0   1   0  1.01 0.58
   96 Y   -4 -8 -8 -8 -1 -6 -8 -8  0  4  0 -8 -2 -3 -8 -7 -6 -6  5  6    1   0   0   0   1   0   0   0   2  22   9   0   1   1   0   0   0   0  18  43  1.55 0.78
   97 W   -3  4 -4 -5  1  0 -2  1  0 -4 -3  2  3  0 -4 -2  0  3  3 -3    2  21   1   0   3   4   3  13   2   1   2  13   6   5   1   3   7   4  10   2  0.52 0.38
   98 I   -2 -2 -3 -3  0  1 -2 -3 -3  1  0 -2  2  1 -2  0  1 -1  1  3    3   2   1   1   2   7   3   2   1   9   9   2   5   5   2   8  10   1   5  23  0.26 0.23
   99 A    1  0 -2  0 -2  0  0  3  1 -2 -2 -1 -3 -2  1  0  1 -4  0 -2   12   4   1   6   1   5   7  20   4   2   5   3   0   2   6   7   7   0   4   3  0.17 0.17
  100 K   -2  2  0  1 -6  2  2 -2 -1 -3 -3  3  0 -2 -3  0  1 -5 -1 -3    2   9   4   8   0  10  15   3   1   2   3  18   2   2   1   8   9   0   2   2  0.36 0.30
  101 V   -1  1 -1  2 -3  0  1 -1  1 -1 -1  0 -2  0  0  0  0  0  2  0    4   6   3  10   0   4   9   5   4   3   6   7   1   4   5   7   6   1   7   8  0.08 0.10
  102 D   -3  0  4  5 -7 -2  0  1 -1 -7 -6  2 -4 -4 -2 -2 -2 -7 -6 -5    3   4  19  31   0   2   5  10   1   0   1  13   0   1   2   4   2   0   0   1  0.87 0.53
  103 G    0 -1  1  1  0 -3  0  5 -2 -3 -5  1 -3 -3 -3 -1 -2 -1 -3 -4    7   3   8   8   2   1   7  39   1   2   1   8   1   1   1   5   2   1   1   1  0.64 0.40
  104 V   -1  0  0 -1 -5  1  3 -1  0  0 -1  3 -2 -5 -1  0  0 -2 -2  0    5   5   4   2   0   7  16   5   2   5   5  18   1   0   3   6   6   1   1   8  0.23 0.22
  105 M    0 -1  0  0 -3 -1  0  0 -2  0  0  0 -1 -1  2  0  1  0 -1  0    9   2   4   4   0   2   6   8   0   5   9   6   2   3  11   6  10   1   2   9  0.09 0.10
  106 Y   -1 -1  1 -1  3 -2 -2 -1 -1  1  0 -1 -2  2 -1 -1  0  2  1  2    5   4   8   3   7   1   3   4   1   7   8   4   1   9   3   4   5   3   4  16  0.14 0.13
  107 Q    1 -1 -2 -4  2  2 -1 -4  3  2  0 -2  0 -1  2 -1  0  3 -2  0   11   3   1   0   4   9   5   1   7  11   8   2   2   2  10   5   6   4   1   6  0.21 0.20
  108 V   -2 -3 -5 -3  0 -3 -3 -5  2  5  0 -4  0  1 -3 -3 -1  2  2  3    4   2   0   1   2   1   2   1   5  27   9   1   2   6   2   2   3   2   7  22  0.61 0.37
  109 A    3 -3 -2 -5  0 -2 -3 -2  0 -1 -1 -4 -1  5  2 -1 -2 -1  3  0   21   1   2   0   2   2   1   3   2   4   6   1   1  22   9   4   2   1   9   7  0.50 0.35
  110 D   -1 -1  1 -2 -3 -1 -1 -3  1 -3 -5 -4 -3  5  5 -3 -1  2  3 -4    6   3   7   3   1   3   4   3   3   2   1   1   1  19  25   2   4   2  11   1  0.71 0.48
  111 Y   -4 -4 -1 -5 -5 -3 -7 -6 -2 -1 -3 -5 -2  3  4 -4 -4  3  7  0    1   1   3   1   0   1   0   1   1   3   2   1   1  11  21   1   1   3  40   6  1.46 0.79
  112 R   -4  3 -1 -4 -1 -1 -3 -3  2 -3 -1 -1 -1  3  0 -2 -3 -2  7 -3    1  13   3   1   1   2   2   2   5   2   6   4   2  13   5   3   1   1  31   2  0.85 0.52
  113 D   -2 -2  2  4 -5 -1 -1 -1  0 -1 -2 -2  1  1  0 -1  1 -1  3 -2    3   2  10  21   0   2   4   4   2   3   4   3   3   6   5   3  11   1  10   3  0.31 0.25
  114 Q   -2  3  0  1 -5  1  3 -2 -1 -2 -2  2 -1 -3  1 -1 -1 -2 -3 -2    3  15   4   6   0   6  17   3   2   3   4  14   2   1   7   5   4   1   1   3  0.30 0.26
  115 N   -2  0  4  5 -4  0  1  0  1 -7 -5  0 -6 -4 -5 -1 -1 -4 -2 -6    3   5  20  28   0   5   9   7   3   0   1   6   0   1   0   5   3   0   2   0  0.74 0.47
  116 G   -1 -2  1  1 -4 -1 -2  6 -6 -6 -5 -2 -4 -3 -5 -1 -2 -7 -3 -3    4   2   7   8   0   2   3  55   0   1   1   3   0   1   1   4   2   0   1   2  1.11 0.62
  117 N   -2  2  0  0 -4  1  4 -3 -1 -2 -3  3 -2 -4 -5 -1  1 -6 -4  1    3   9   5   4   0   7  24   2   1   2   3  16   1   1   0   3   9   0   0   9  0.45 0.36
  118 I   -4 -2 -4 -3 -1 -4 -4 -7 -2  3  4 -2  0 -2 -1 -6  0 -4 -1  3    1   2   1   2   1   1   1   0   1  15  41   3   2   1   3   0   5   0   2  18  0.78 0.46
  119 V   -2 -2 -3 -5  1 -1 -4 -7 -3  2 -1  0  0 -6 -3 -2  1 -3 -2  6    3   2   1   1   3   3   1   0   1  11   4   5   2   0   1   4   7   1   2  48  0.93 0.54
  120 S    2  1  4 -1 -3 -3 -5  4  0 -3 -3 -1  0 -1 -6 -1 -1 -7 -3 -4   15   7  21   3   1   1   0  27   2   2   2   3   3   3   0   4   3   0   1   1  0.63 0.43
  121 Q   -2  0 -2 -5  1  3 -3 -5 -1  2  0 -2  0  1 -5 -4 -1  2  5  2    4   6   2   1   3  12   1   1   2  12   8   2   2   5   1   1   3   3  17  15  0.49 0.35
  122 K   -7  0 -3 -5 -9 -2 -3 -6  1 -4 -4  8 -1 -9 -4 -4 -2 -9 -2 -8    0   5   1   1   0   2   2   0   3   1   2  74   2   0   1   1   3   0   2   0  2.09 1.04
  123 V   -4 -3 -5 -3  2 -3 -2 -6 -1  2  0 -2  0  1 -4 -1  0  2  6  2    1   1   0   2   4   1   3   1   1  13  10   3   2   4   1   6   5   3  26  12  0.63 0.41
  124 R   -4  8 -4 -3 -9 -4 -4 -6 -3 -1 -2  1 -7 -1 -2 -4 -5 -9 -3 -4    2  68   1   2   0   0   1   1   1   4   5   6   0   3   2   1   1   0   1   2  1.84 0.93
  125 D   -1 -2  1  3 -3 -2  0  0  0 -2 -2  0 -2  0  0  2  2 -4 -2 -3    4   2   7  17   1   1   4   7   2   2   4   5   1   5   5  13  15   0   1   2  0.26 0.25
  126 K    1  0 -2 -3 -3 -2  0  1  1  1  0  2 -2  0  2  0 -2 -3 -4  0   11   4   1   1   0   1   7  10   3   8   9  13   1   4  10   6   2   0   0   8  0.14 0.17
  127 D   -3  0  1  4 -6 -1  2 -1  0 -4 -3  0 -5 -4  3 -1 -1 -7 -4 -4    2   6   7  26   0   3  12   6   2   1   3   6   0   1  15   4   5   0   0   1  0.57 0.40
  128 K   -4 -2 -5 -1 -3 -3 -2 -1 -3 -8 -8  8  0 -5 -7 -3 -4 -8 -7 -6    1   2   0   4   1   1   3   4   1   0   0  76   2   1   0   2   1   0   0   1  2.11 1.03
  129 N   -2  1  3  3 -1  0  0 -2  2 -4 -5  3 -2 -5 -4  0  1 -6 -2 -4    3   7  13  16   2   4   6   3   5   1   1  20   1   0   1   7   8   0   1   1  0.49 0.35
  130 F   -4 -4 -5 -6 -7 -3 -2 -4 -1  0 -2 -1  3  8 -5 -4 -5  3 -1 -3    1   1   1   0   0   1   3   2   2   5   3   5   6  60   1   1   1   3   2   2  1.78 0.82
  131 K   -2  2 -2 -3  1 -1 -2 -2  0 -1 -2  3  0  1 -2  1  0  5  3 -2    3  13   2   2   3   3   2   3   2   3   3  15   2   5   3  12   5   8   8   3  0.33 0.27
  132 T   -1  0 -2 -4 -1  4 -2 -2 -1  0 -1 -1  2  1 -1  0  0  5  1  0    4   5   2   1   1  22   2   3   1   5   7   3   4   6   3   6   6   7   4   6  0.33 0.29
  133 T   -1  0 -2  0 -1  0  2 -2 -2  1  0  0 -1 -2 -1  0  1 -2 -1  1    5   6   1   5   1   3  15   2   1  10   7   5   1   2   3   7  11   1   2  12  0.13 0.15
  134 G    0 -1 -2 -2 -6 -1 -1  5  0 -3 -3  3 -2 -2  1 -1 -3 -3 -3 -3    8   3   2   3   0   2   5  35   2   2   3  15   1   2   8   5   1   0   1   2  0.56 0.38
  135 S   -1 -1  3  3 -6 -2  0  3  1 -4 -3  1 -2 -6 -1  1 -1 -6 -2 -3    4   3  12  17   0   1   6  21   3   1   3   8   1   0   4   9   3   0   2   2  0.41 0.31
  136 H    1 -1  0 -1  2  1 -1  1  0 -1 -2  0  0 -1  1  0  1 -1 -2  0   15   4   5   4   6   6   3  11   2   2   3   5   3   2   7   6   8   1   1   7  0.10 0.12
  137 K   -1  1  1 -2  1  0  3  0 -1 -3 -4  3 -1 -3 -1  1  0 -6 -2 -2    4   8   7   2   3   3  17   6   1   1   1  21   2   1   3   9   6   0   2   3  0.33 0.28
  138 S   -1  0  0  1  2  0  1  1  0  0 -1  1 -1 -2  1  1  0 -4 -3 -2    4   5   3   6   6   4   9  10   3   5   6  11   2   1   6  10   6   0   1   2  0.11 0.12
  139 D   -1 -3 -1  0  3 -2 -1 -1 -1  1  1 -2  1  1  1  0  0  1 -3  1    5   1   3   6   6   1   3   6   1   9  16   2   4   6   8   6   5   2   0   9  0.10 0.11
  140 A   -1 -1 -2 -1 -1  0 -1  1 -2  1  2 -2  0  2  0 -1 -1  3 -1 -1    4   3   2   3   2   4   5  11   1   8  21   1   2  10   4   5   4   4   2   4  0.12 0.14
  141 L   -3 -2 -2 -7 -3 -6 -4  1 -5  0  3 -5 -1  6 -1 -6 -4  2  3 -1    2   2   2   0   0   0   1  13   0   4  26   1   1  29   3   0   1   2   9   3  0.83 0.47
  142 F   -4 -2  2 -3 -6  0 -4  3 -5 -1 -2 -4 -2  5 -7 -2 -3  5  4 -4    1   3  11   1   0   5   1  20   0   4   4   1   1  21   0   2   1   8  14   1  0.81 0.47
  143 G   -2 -2  2 -1  0  1 -2  3  1 -1 -1 -1 -1  1 -2 -1 -3  4  1 -2    3   1  10   3   2   6   2  26   3   4   7   4   2   5   2   5   1   6   4   3  0.31 0.25
  144 K   -2 -1  1  1 -3  4 -1 -2  3  0 -1  0  3 -1 -1 -1 -2  2 -1 -3    4   3   7   9   1  22   3   3   7   6   7   4   7   3   3   4   2   3   2   1  0.32 0.28
  145 H    0 -1  1  2 -2  0 -1 -4  6 -2 -1  0  1  1 -3  0 -1  1 -1 -2    9   3   7  13   1   4   3   0  17   2   7   7   4   5   1   7   4   2   2   3  0.34 0.26
  146 L    0  0 -1  0  0 -1 -1 -2 -1  2  1  0  1  1 -2 -1  0 -1  1  1    7   5   3   6   2   2   3   2   2  12  18   6   3   5   2   5   4   0   4   8  0.05 0.07
  147 W    0  0 -1  1  0 -1  0 -2 -1  1 -1  0 -1  0  1  0  0  4  0  0    9   4   2   8   3   2   6   2   1  10   4   7   1   4   8   6   4   7   3   7  0.11 0.12
  148 N   -1  1  2  1 -3  1  0 -1  1 -1 -2  2  0 -3  1  1  0 -4 -1 -1    5   6  13   8   0   6   3   3   3   4   3  14   2   1   6  13   6   0   2   4  0.16 0.16
  149 G    0  0  1  2 -4 -1  0  3  0 -2 -2  0 -2 -2  1  1  0 -4 -1 -2    5   4   5  12   0   1   4  26   2   3   3   7   1   1   7   9   6   0   2   2  0.24 0.19
  150 G    1 -1  1  2  0  1  0  2  1 -1 -2  0 -2 -2 -1  0  0 -4 -1 -2   12   1   7  12   3   9   4  17   4   5   2   4   1   2   3   8   4   0   1   1  0.16 0.15
  151 K   -1  2  1  1  1  1  0 -1  0 -2 -3  3 -2 -4  0  0  0 -4 -2 -2    3  12   6   9   4   4   6   4   3   2   1  26   1   0   4   6   7   0   1   1  0.28 0.21
  152 K   -1  2 -1  0 -1  0  2 -1  0 -1 -1  1 -1 -1  0  0  1  0  0 -1    2  13   2   5   1   3  18   4   2   3   3   7   2   3   5   6  11   2   4   3  0.12 0.12
  153 I    0 -2 -3 -2  2 -3 -2 -1 -3  2  2 -3  1 -1 -2 -2 -1 -3 -2  2   10   2   0   2   6   0   2   5   0  14  29   0   2   1   1   0   2   0   0  22  0.25 0.18
  154 V   -1 -3 -3 -3  0 -3 -1 -4 -3  4  1 -3  1  1 -2 -2  0  0  0  3    2   0   0   0   1   0   4   0   0  34   7   0   2   5   2   3   5   1   3  29  0.38 0.23
  155 V   -2 -3 -3 -3  0 -1 -3 -4 -3  4  2 -3  1  0 -3 -1 -1  1 -2  2    1   0   0   0   2   4   1   1   0  36  23   0   2   3   0   4   2   2   0  16  0.38 0.22
  156 T    0 -3 -2 -3  2 -2 -2 -3  0  0 -1 -2 -1  0 -3  0  4  1  0  2    6   0   0   0   5   0   1   1   2   4   3   0   0   4   0   3  42   2   2  23  0.41 0.28
  157 E    0  0 -1  1  0  0  4  0  1 -3 -2 -1 -2 -3  1  1  0 -3 -3 -3    8   4   0   7   3   0  34   8   4   0   4   0   0   0   6  16   3   0   0   1  0.32 0.21
  158 G    0  0  1  1 -3 -1  0  4  2 -4 -4  0 -3 -3 -3  1  0  3 -2 -3    5   6   8  10   0   0   5  32   7   0   1   5   0   0   0   9   6   4   0   0  0.40 0.23
  159 E    0  0  1  0  2  1  0  0 -2  0  0 -1  1  1  1 -1 -1 -3 -2  0    7   7   7   7   7   7   7   7   0   7   7   0   7   7   7   0   0   0   0   7  0.05 0.11
  160 I   -3 -2 -2 -4  0 -4 -2 -4 -1  4  2 -1  4  3 -3 -4 -3  2  0  0    1   2   2   1   2   0   4   1   2  25  18   5  11  14   1   1   1   3   2   4  0.54 0.36
  161 D   -7 -7 -2  9 -2 -6 -2 -5 -7 -9 -9 -6 -9 -9 -7 -3 -7 -10 -9 -9    0   0   1  93   1   0   2   1   0   0   0   0   0   0   0   2   0   0   0   0  3.01 1.27
  162 M    5 -4 -5 -5  5 -2 -4 -2 -5 -2 -1  0  0  0 -5 -1  0 -2 -2  0   51   1   0   0  10   1   0   2   0   2   5   5   2   3   0   3   5   1   1   7  0.84 0.55
  163 L   -1 -4 -7 -7  0 -5 -4 -7 -3  2  5 -6  7 -3 -3 -6 -3 -6 -5  0    6   1   0   0   2   0   1   0   1   8  48   0  24   1   1   0   1   0   0   5  1.25 0.67
  164 T    5 -4 -5 -5 -1 -4 -5 -4 -5 -2 -6 -4 -3 -4 -5  4  2 -6 -6 -3   47   1   0   0   1   1   0   0   0   2   0   1   1   1   0  30  13   0   0   1  1.20 0.74
  165 V    1 -5 -5 -4  0 -4 -5 -2 -5  2  2 -5  2  1 -5 -2 -3  2  0  4   14   0   0   1   2   0   0   3   0   8  22   0   4   7   0   3   1   3   3  27  0.52 0.37
  166 M    1 -2 -2 -3 -3 -1  0 -3  3  1 -2 -2  1  1 -4  1 -1  4  5 -1   12   2   2   1   1   2   8   1   8   8   4   1   4   4   0  12   3   5  20   3  0.41 0.34
  167 E   -2 -2 -3 -1 -3  7  4 -4 -2 -5 -4 -1 -3 -6 -4 -1 -1  0 -3 -4    4   2   1   4   1  43  27   1   1   1   1   2   0   0   1   4   4   1   1   1  1.19 0.73
  168 L    3 -2 -3 -2  1  1 -2 -3 -2  0  1 -1  4 -2 -3 -1 -2 -2  1  1   28   2   1   2   4   6   2   2   1   5  11   3  12   1   1   4   2   1   4  11  0.31 0.27
  169 Q   -1 -1 -1 -1 -3  1 -1  3 -1 -1  1  0  1  0 -2 -1  0 -1 -1 -2    3   3   2   3   0   7   3  26   1   3  19   5   3   4   1   5   6   1   2   2  0.21 0.17
  170 D   -1  0  1  0 -3 -1  1  1  0  0 -2  1 -1  2 -2  0 -1 -2  2 -1    4   5   7   6   0   2  10  13   2   6   3  10   1  11   1   6   3   0   8   3  0.12 0.13
  171 C   -1  0  1 -1  0  0  0  0  1 -1  0  1  0 -1 -1  0  3 -3  0 -1    3   5   7   3   2   3   6   6   4   3   8   9   3   2   3   7  19   0   3   3  0.10 0.15
  172 K   -2 -1  4  0 -5  0  0  3 -1 -3 -4  3 -3 -3  0  0 -2 -5  0 -4    3   3  20   6   0   3   6  20   1   1   1  17   0   1   5   6   2   0   3   1  0.44 0.34
  173 Y   -1 -1 -2 -2 -1 -2 -2 -2  1  2  0  0  1  1  0 -1  0  5  3  0    5   3   1   2   1   2   2   3   4  12   9   5   3   5   4   3   7   8  12   8  0.19 0.16
  174 P    0 -2 -1 -1  0 -1 -1 -2  1  0 -1 -1 -3 -3  5 -1 -1 -4 -2  0    9   2   3   4   2   3   4   2   3   6   6   3   0   1  33   5   4   0   2   6  0.50 0.29
  175 V    3 -5 -5 -5  3 -5 -3 -3 -2  0 -1 -5 -3 -3 -5  1  0 -5 -3  5   25   0   0   0   5   0   1   2   1   4   4   0   0   1   0  10   4   0   1  40  0.77 0.50
  176 V   -3 -5 -6 -6  0 -5 -2 -6 -6  4  1 -2  0 -2 -6 -3 -1 -1 -3  6    2   0   0   0   2   0   3   0   0  20  13   2   1   2   0   2   3   1   1  48  1.01 0.55
  177 S    1 -2 -4 -5  3 -3 -3 -1 -1 -6 -6 -3 -6 -7  0  6 -1 -7 -6 -6   10   2   0   0   6   1   1   6   1   0   0   1   0   0   4  64   2   0   0   0  1.36 0.80
  178 L   -3 -5 -3 -4 -2 -5 -5 -2 -3  2  4 -5 -1 -1 -1 -3 -2 -2 -2  4    2   0   1   1   1   0   0   3   1   9  40   0   1   2   4   2   2   1   1  30  0.76 0.45
  179 G   -1 -4  0 -4 -6 -3 -3  0 -3 -4 -3 -2 -5 -2  7 -1  1 -6 -6 -4    4   1   4   1   0   1   2   8   1   1   2   3   0   2  56   4   9   0   0   1  1.39 0.73
  180 H   -1  0  4  1  1 -1 -1 -2  2 -2 -2  0  0 -1 -4  0  1 -4  0 -2    4   5  25   9   3   2   3   3   5   2   3   7   3   3   0   6  10   0   4   3  0.31 0.30
  181 G   -2 -3 -2 -1 -6 -3 -3  7 -6 -7 -4 -5 -1 -6 -2 -2 -5 -6 -3 -4    3   2   2   4   0   1   2  73   0   0   2   0   2   0   2   3   0   0   1   1  1.64 0.85
  182 A    5 -4 -1 -3  1 -1  0  0 -1 -1 -2 -2 -2 -2 -2  0  0 -1 -1 -1   43   0   2   1   3   2   7   7   2   3   4   2   1   2   2   6   6   1   2   3  0.48 0.42
  183 S   -1 -1  3 -1 -1  1 -1  1 -1 -2 -2  0 -1 -2  3  1  0 -4 -1 -2    5   3  13   2   1   8   3  13   1   2   3   5   1   1  14  12   6   0   2   3  0.24 0.25
  184 A    1 -3  2  0  0  0 -2  2  1 -2 -2 -1 -1 -2  0  3 -1 -5 -1 -1    9   0   9   5   2   4   2  13   3   2   4   2   1   2   5  25   3   0   2   4  0.24 0.27
  185 A    2 -1  0  0 -1 -1 -1 -1 -1 -1  2  2  0  0 -2 -1 -1 -4  0 -1   17   2   4   5   1   2   2   4   1   3  24  12   2   4   2   4   3   0   3   3  0.13 0.19
  186 K    0  0 -1 -2 -4  0 -1 -2  0 -1  0  0 -1  0  4 -1 -1 -4  1  1    6   5   2   2   0   4   4   2   3   3   8   7   2   4  25   5   4   0   5  10  0.31 0.28
  187 K   -1  0  0  1  0  3  1 -2 -3 -2 -2  2 -1 -2  0  0 -1 -4 -2  0    5   4   4   8   2  17   7   2   0   2   5  16   1   2   5   8   3   0   1   7  0.24 0.25
  188 T   -1 -2 -1  2  1  1  2 -4 -2 -2 -1 -1 -2  1 -4  0  0  6  2 -1    6   1   3  10   3   7  14   1   1   2   7   3   1   5   1   6   7  12   6   4  0.34 0.28
  189 C   -2 -3 -4 -2  3 -4 -4 -3 -2  4  3 -3  0  1  0 -2 -2  1 -1  2    2   1   1   2   5   1   1   3   1  21  28   1   2   5   5   4   2   2   2  13  0.45 0.30
  190 A    0  0 -2  2 -4  0  2 -2 -2  0  1  1 -1 -2  0 -1 -1  3 -2 -1    8   4   1  12   0   5  12   2   1   5  16  10   1   2   4   5   2   4   1   5  0.15 0.17
  191 A    1  1  3  1 -4  1  1 -3  0 -3 -3  0 -3 -1  2  0  0 -1  0 -3   11   8  16   6   0   5  10   1   3   1   3   4   0   3  11   5   5   1   4   1  0.26 0.24
  192 N    0 -1  3  0  4  1  1 -2  1 -3 -1  0 -1 -1 -3  0 -1  2  0 -1   10   2  14   5  11   6   8   3   3   1   7   5   2   2   1   5   3   3   3   5  0.19 0.20
  193 Y   -3  1 -4 -3 -3 -2 -1 -4 -2  1  3 -1  2  2 -1 -3 -2  4  4 -2    2   7   0   1   0   2   4   1   1   7  32   5   4   7   3   2   2   6  13   2  0.47 0.34
  194 E   -1 -2 -1  3 -6  0  4 -3 -1 -5 -3  1 -3 -4  3 -1 -2 -6 -1 -4    5   1   3  17   0   3  31   2   2   1   3   7   1   1  15   4   2   0   2   1  0.66 0.46
  195 Y   -2  0  0  0 -1 -1 -1 -3  2 -1  0 -1  1  3 -3 -2 -1  7  3 -2    2   4   4   5   1   2   4   2   5   4   9   3   3  13   1   3   4  16  11   2  0.50 0.31
  196 F   -2 -3 -3 -2  0 -2 -4 -4 -1  2  4 -2  0  3 -3 -3 -3 -3 -1  1    3   2   2   3   2   1   1   1   1   9  44   2   2  13   2   2   1   0   1   8  0.56 0.35
  197 D    0  0  1  3 -3  0  5 -1 -3 -3 -2  1 -2 -3 -2  0 -2 -5 -3 -4    7   4   7  14   1   3  35   4   0   1   3   7   1   1   2   5   2   0   1   1  0.54 0.37
  198 Q   -1  3  1  1 -3  3 -1  0  2 -3 -2  2 -2 -4 -1  1 -1 -5 -1 -3    4  15   5   7   0  13   3   9   5   1   4  12   1   0   3  11   3   0   2   1  0.30 0.27
  199 F    0 -6 -5 -6 -3 -4 -6 -5 -2 -1 -2 -2 -2  8 -6 -4 -3 -1  5  0    7   0   1   0   1   1   0   1   1   3   3   3   1  51   0   1   2   1  16   6  1.47 0.73
  200 E    0  0 -1  3 -3  2  4 -3 -2 -5 -5  3 -5 -6 -2  0 -1 -6 -5 -3    7   3   3  17   0   8  26   1   1   1   0  19   0   0   2   5   4   0   0   2  0.60 0.44
  201 Q   -3  3  0 -1 -6  1  3 -5  1 -4 -4  4 -4 -6 -4 -1  1 -6 -2 -2    1  17   5   2   0   6  18   0   4   1   1  29   0   0   0   5   9   0   1   3  0.70 0.48
  202 I   -5 -6 -7 -7 -3 -6 -6 -7 -2  7  0 -5 -1  0 -6 -4 -5 -2  1  4    0   0   0   0   1   0   0   0   1  56   6   1   1   4   0   1   0   1   5  22  1.47 0.72
  203 I   -4 -4 -4 -5  0 -5 -6 -6 -2  5 -1 -4 -3  0 -5 -4  1 -2  4  4    1   1   1   1   2   0   0   0   1  32   3   1   0   4   1   1   8   1  15  30  1.01 0.58
  204 L   -2 -5 -6 -6 -2 -5 -5 -6 -2  4  5 -5 -2  1 -5 -4 -3  0  0  1    3   0   0   0   1   0   0   0   1  27  46   0   0   5   0   1   2   1   3   8  0.99 0.54
  205 M    2 -5 -4 -3  5 -5 -5 -2 -5 -1 -3 -4  2  1 -5 -2 -3 10 -2  0   19   0   1   2  11   0   0   4   0   4   2   1   4   5   0   4   2  32   1   6  1.36 0.71
  206 F   -2 -2 -4 -5 -2 -2 -4  0 -1 -1  1 -3  3  5 -2 -1  1  0  1  1    2   3   0   0   1   1   0   8   1   2  14   2   8  29   2   5   8   1   4   9  0.50 0.36
  207 D   -3 -1  0  7 -6 -2 -1  1 -1 -6 -6 -1 -2 -6  0 -2 -4 -6 -5 -5    2   3   4  58   0   2   3  12   1   1   1   3   1   0   5   3   1   0   0   1  1.33 0.71
  208 M    0 -3  5  2  1 -1 -1 -1  0 -3 -3 -2  3 -1 -3  1 -1 -4 -1 -3    6   1  32  10   3   3   3   4   2   1   2   2   8   3   1  10   4   0   2   2  0.53 0.41
  209 D   -4 -3  0  7 -1 -2  1 -3 -4 -2 -5 -1 -2 -5 -4 -2 -2 -5 -2 -3    2   2   4  61   1   1   7   2   0   3   1   3   1   0   1   2   2   0   2   2  1.42 0.76
  210 E    0 -1  0  1 -4  0  3 -1  1 -1 -1  1  0 -2 -1 -1 -1 -4 -1  0    7   3   3   6   0   3  25   4   4   4   6  10   2   1   3   3   4   0   2   8  0.20 0.22
  211 A    4  0 -2 -2 -2  1 -1 -1  1 -2 -2  0 -2 -2  4 -2 -2 -5 -2 -1   30   5   2   2   1   6   3   4   3   2   3   5   1   2  20   2   2   0   1   5  0.46 0.38
  212 G   -2 -2 -2 -2 -1 -3 -3  6  1 -3 -3 -2 -2 -5 -2  0 -2 -5 -5 -4    4   2   1   2   1   1   2  59   4   2   3   2   1   0   2   8   2   0   0   1  1.11 0.65
  213 R   -1  4 -2 -1 -2  4  1 -4 -1  0 -2  2 -1 -2 -3 -2 -3  5 -1 -2    4  20   2   4   1  17   7   1   1   6   5  10   2   2   1   3   1   8   2   2  0.44 0.39
  214 K    0  1  1  2 -2  1  3 -2 -1 -3 -3  3 -2 -3 -4  0  0 -5 -2 -2    8   6   6  10   1   5  17   2   1   2   2  22   1   1   0   7   5   0   2   2  0.34 0.34
  215 A    4 -2  0 -5 -1 -2 -3 -1 -1 -2  3 -3  2 -1 -5  0 -2  0  0 -1   32   2   5   0   1   2   1   5   2   2  25   1   5   2   0   6   2   1   3   3  0.42 0.40
  216 V    3  0 -2 -2 -1 -1 -1 -2 -4  2  0 -2  1 -2 -2  0  0 -1 -1  2   27   4   1   2   1   2   3   2   0  13   8   2   3   1   1   5   5   1   2  14  0.24 0.28
  217 E   -1  2  0  1 -1  2  3 -3  0 -3 -1  3 -1 -2 -2  0 -2 -5 -4 -2    5  10   3   6   1   8  16   1   3   2   6  22   2   2   2   5   2   0   0   2  0.34 0.34
  218 E    1  2  0  0 -1  1  3 -2  0 -2 -2  2 -1 -2 -2 -1 -1 -5 -1 -2   10  10   4   5   1   6  24   3   3   2   4  11   2   2   1   3   3   0   2   3  0.27 0.29
  219 A    0 -1 -1 -1  3 -3 -1 -1 -3  2  1 -1  1  2 -4 -1 -1  3  0  1    9   4   3   3   6   0   3   4   0  11  15   3   4   9   0   4   3   4   3   9  0.14 0.16
  220 A    0  0  0  0  2  0  0 -1  1  0 -1  0  1  0  0  0  0 -2  1  0    5   5   5   5   5   5   5   5   5   5   5   5   5   5   5   5   5   0   5   5 -0.00 0.06
  221 Q   -1  4  1  0 -5  2  1 -2 -1  0 -2  2 -2 -3 -2  0 -2 -5 -2 -3    5  23   6   5   0   8   9   3   2   5   4  15   1   1   2   6   1   0   1   1  0.34 0.34
  222 V   -2  4 -2 -3 -5 -1 -3 -5 -1  2  2  2  0 -2 -5 -2 -1 -2 -1  1    3  23   2   1   0   2   1   0   1  12  18  15   2   2   0   3   4   1   2   8  0.40 0.37
  223 L   -3 -4 -6 -3  1 -4 -4 -4 -2  2  5 -4  1  4 -6 -4 -4 -5 -1 -1    1   1   0   2   3   1   1   2   1  10  46   1   2  19   0   1   1   0   2   4  0.92 0.58
  224 P   -1 -2  1  0 -2 -1 -2  5 -1 -2 -3 -1 -2 -5  3 -1 -1 -5 -2 -3    4   2   6   5   1   3   2  37   1   2   3   4   1   0  14   4   4   0   2   2  0.54 0.43
  225 A    0  1  0  0 -1  0  2 -1  0  0 -1  1  0 -1  2  0  0 -4 -1 -1    8   9   6   5   1   3  13   3   3   5   6   7   3   2  10   6   4   0   2   5  0.10 0.12
  226 G    0 -1  0  2 -4 -1  2  2  2 -2 -3  1 -1 -3 -2  0 -1  1  0 -2    8   3   5  10   0   2  13  16   6   2   2   9   2   1   1   7   3   2   3   3  0.19 0.22
  227 K   -1  5 -1 -3 -1 -1 -1 -2 -1  0 -3  4 -1 -2 -3 -2 -2 -5 -5 -1    5  29   2   2   1   3   4   3   1   7   2  26   1   2   1   2   2   0   0   5  0.63 0.47
  228 V    0 -3 -1 -2  8 -2 -2 -3 -1  1 -2 -2 -1 -2 -5 -1  0 -5  0  2    8   2   3   2  34   2   3   2   1   7   4   3   1   2   0   3   6   0   3  13  0.87 0.54
  229 R   -2  3 -2 -2  0 -1 -2 -5  1 -2 -1  3  0  2 -5 -2 -1  4  4 -2    3  17   2   2   2   2   2   0   3   2   6  15   2   9   0   4   3   5  15   3  0.48 0.38
  230 V   -1  0 -1 -1  1  0 -1 -4  0  4  0 -1  1  1 -4 -2  0  1 -1  2    4   6   4   4   3   4   5   1   2  23   8   3   3   5   0   3   5   2   2  13  0.23 0.20
  231 A    1 -1 -1  0  2 -1 -1 -2  1  1 -1 -1  2 -1 -1 -1 -1 -5  0  3   13   3   3   5   4   3   4   4   3   7   5   3   5   3   4   4   4   0   4  19  0.17 0.14
  232 V   -1  0  0  0  2  0  0 -1  2  0 -1  0  2  1  0 -1  0  4  1 -1    5   5   5   5   5   5   5   5   5   5   5   5   5   5   5   5   5   5   5   5  0.09 0.08
  233 L   -1 -1  1  0  1  2  1 -1  1 -1  0 -1  1  0  2 -1  0  4  1 -2    5   3   7   5   3   8   8   4   3   3   8   4   4   3  10   5   5   5   4   3  0.13 0.13
  234 P    0  0  0  0 -3  1  0  0  2  0 -1  0 -1  0  1  0  0  3 -1  0    6   6   6   6   0   6   6   6   6   6   6   6   0   6   6   6   6   6   0   6  0.06 0.09
  235 C    0 -1 -1  1  4  0  1 -1  1 -2 -1 -1  0 -1  1 -1  0 -1  3 -1    9   3   3   8   9   4  10   5   3   2   5   3   2   2   8   4   5   1  10   5  0.16 0.19
  236 K   -3 -2  0  0 -8  0  2 -1 -3 -6 -4  6 -1 -5 -3 -2 -2 -7 -2 -6    2   2   4   6   0   4  11   6   1   0   2  51   1   1   1   3   3   0   2   1  1.10 0.73
  237 D   -4 -3 -1  7 -8  0  0 -3  0 -4 -6 -3 -4 -4 -2 -1 -3 -9 -3 -5    1   2   2  65   0   4   7   2   2   1   1   1   0   1   2   5   2   0   1   1  1.68 0.97
  238 A    5 -5 -4 -4 -3 -4 -3 -5 -4  1 -1 -4 -2 -4  4 -2 -1 -7 -5  1   40   0   1   1   0   1   2   1   0   9   7   1   1   1  19   3   3   0   0   9  0.85 0.62
  239 N   -2 -1  7  1  0 -1  0 -2 -2 -3 -3 -2 -6 -2 -2  1 -2  0 -4 -5    4   3  45   7   2   3   5   3   1   2   3   2   0   2   2  11   3   1   1   1  0.99 0.68
  240 E    0 -4 -2  5 -8 -1  5 -5 -3 -5 -5 -2 -4 -5  2 -3 -3 -8 -4 -4    7   1   2  26   0   3  37   1   1   1   1   3   0   1   9   2   1   0   1   1  1.08 0.77
  241 C    1 -3 -4 -3  4 -3 -2 -5  1  1  1 -3  4  0 -4 -3 -2  0  3  2   13   2   1   1   9   1   3   1   3   9  14   2  10   4   1   2   2   1   8  14  0.43 0.33
  242 H   -3 -3 -5 -2 -7 -2 -2 -6 -1  1  6 -3  0 -2 -4 -4 -4  0 -2  0    2   1   1   2   0   2   4   1   1   6  62   2   2   2   1   2   1   1   2   6  1.10 0.68
  243 L    1  0 -2  2 -2  2  1 -4 -2  1  1  0  3 -2 -5 -2 -2 -5 -1  0   10   6   2  12   1   9   8   1   1   7  15   6   8   1   0   2   2   0   2   8  0.22 0.24
  244 N    1  1  1  1 -3  1  1 -2  1 -1 -1  2 -1 -1 -3 -1 -2 -2  0 -1   15   7   7   9   1   5  11   2   3   3   7  12   2   3   1   4   2   1   3   3  0.15 0.19
  245 G    2 -1  1  0 -1 -1  0  3  1 -2 -2  1 -1 -1 -3 -1 -2 -1  1 -2   17   3   7   4   1   3   5  23   4   2   5   7   2   2   1   4   2   1   5   2  0.25 0.25
  246 H   -1  1 -1  0 -1  1  3  2  0 -1 -2  2 -1 -4 -3 -1 -2 -6 -3 -2    5   6   3   4   1   5  21  17   2   4   5  13   2   1   1   3   3   0   1   3  0.31 0.30
  247 D    0  0  0  1 -1  1  1  1 -1 -1 -3  1 -1 -3  0  0  0 -2 -2 -2    9   4   4   9   1   6  10  12   2   3   2  11   1   1   5   7   5   1   1   3  0.13 0.18
  248 R    0  1  0  1 -5  1  3 -1  1 -2 -1  2 -1 -2 -3  0 -1 -5 -2 -2    8   7   3   9   0   7  16   4   3   3   6  14   2   2   1   6   3   0   2   3  0.19 0.23
  249 E    0  0  0  0 -1  1  1 -1 -1  1 -1  0  0 -1 -2  0  0 -4 -1  0   10   4   5   6   1   6  12   4   2  12   6   6   3   2   1   5   4   0   2   6  0.05 0.11
  250 I   -2 -4 -3 -3 -2 -3 -3 -7 -6  3  3 -3  0  5 -7 -3 -2 -1  1  2    3   1   2   2   1   1   2   0   0  17  23   2   2  23   0   2   2   1   4  11  0.71 0.47
  251 M    0  1  0  0 -1  0  1 -2  0  0  0  1  1  1 -2  0  0  0  0  0    7   8   6   5   1   5   8   2   2   7   8  10   4   6   1   5   5   1   2   5  0.04 0.07
  252 E   -1  0  1  2 -2  1  1 -2  0  1  0  0 -1 -2 -2  0 -1  0 -2  0    5   5   6  11   1   8  11   2   2  10   7   7   1   2   1   7   3   1   1   7  0.10 0.14
  253 Q    2  0 -1  0  2  0 -1 -1  0  1 -1 -1  1 -1 -3  1  0  1  0  0   21   4   2   4   5   4   3   4   2   8   6   4   3   2   0   9   6   2   3   7  0.09 0.15
  254 V   -1 -1 -1 -2  0  0  0 -2 -1  3  1  0  1  1 -4 -1 -1  2  0  1    4   3   2   2   2   4   7   3   2  21  14   5   3   6   0   3   3   3   3   8  0.14 0.17
  255 W   -1  0  0  0  2  0  0 -1  1  0 -1  0  1  0 -3  0  0  3  1  0    5   5   5   5   5   5   5   5   5   5   5   5   5   5   0   5   5   5   5   5  0.03 0.10
  256 N   -2  2  5  1 -5  2  2 -1  0 -5 -5  1 -4 -2 -5  1 -1 -9 -5 -4    5  10  22   6   0   7  10   4   2   1   1   9   0   2   1  10   4   0   1   2  0.55 0.43
  257 A    5  0 -1 -2 -3 -1 -1 -2 -1 -1 -4 -1 -1 -5 -3  1 -1 -3 -3 -2   45   5   3   3   1   3   4   3   1   3   2   5   2   1   2   9   4   0   1   3  0.74 0.53
  258 G   -1  3  0 -2 -2  2  1 -2  0 -2 -4  4 -2 -3 -3  0  1 -3 -2 -1    6  13   4   3   1   7   7   3   2   3   2  23   1   1   1   6   8   1   2   5  0.40 0.32
  259 P   -2  1  0  0 -3  1  1 -2 -3 -3 -2  2 -3 -3  4  0  1 -2 -3 -1    4   7   4   5   1   7   9   4   1   2   4  11   1   2  19   6   8   1   1   4  0.33 0.31
  260 W   -1 -2 -1  0 -1 -2  0  0  0  1 -1 -1  0  2 -1  0 -1  2  4  1    5   3   3   5   2   2   5   7   2   8   5   4   2   8   3   7   5   3  14   9  0.18 0.15
  261 I   -2  1 -1  0 -3  0 -2 -3 -1 -1 -1  0  2  3  3 -1  0  0  2 -1    4   7   3   5   1   4   3   2   2   4   6   6   5  11  15   5   6   1   6   5  0.23 0.20
  262 P   -2 -1 -3 -3 -8 -1 -1 -5  5  1 -1  0 -1 -5  5 -1 -1 -8 -3  2    4   3   2   2   0   3   4   1  10   8   6   6   1   1  24   5   4   0   1  13  0.59 0.43
  263 D   -2  0 -1  4 -3  1  2 -3  1 -1 -3  1 -2 -4  1  1  0 -2 -2 -1    4   5   3  18   1   6  13   3   4   4   3   7   1   1   6  10   5   1   1   4  0.28 0.27
  264 G   -2 -1  0  0 -3 -1 -1  4 -1  2  0 -2  1  0 -3  0 -2 -7 -3  0    4   3   5   5   1   3   4  27   1  10   8   3   3   4   1   7   2   0   1   7  0.31 0.23
  265 V   -2  0 -1 -1 -7 -2 -2 -2 -3  4  1  1  0 -2 -3 -1 -2 -7 -3  2    3   5   3   4   0   2   3   4   1  24  14   9   2   2   2   5   3   0   1  12  0.39 0.26
  266 V   -2 -1 -1  1 -1  0  0 -3  0  3 -1  0  0  1 -2 -1  0 -1  1  2    3   3   3   8   1   3   7   2   2  13   7   5   2   5   2   4   7   1   5  15  0.17 0.14
  267 S   -1  0  1  1 -1 -1  0 -2  0  1  0 -2  0 -2 -2  1  2 -1  0  0    5   4   6   6   1   3   6   3   3   9   9   2   3   2   3  12  11   1   3   8  0.07 0.11
  268 A    1 -3 -3 -3 -2 -6 -3  1 -2  2  1 -3  1  4 -3  0 -1 -6 -2  2   13   1   1   1   1   0   2   9   1   9  14   2   4  13   2   7   5   0   1  13  0.34 0.24
  269 L    0  1  0  1 -2  0  1 -2  1 -2  0  1  1 -2 -2  1  0  0 -2 -2    8   9   4   8   1   5   8   4   4   3   9   8   4   2   2  12   5   1   2   3  0.09 0.13
  270 S   -1 -2  0  5 -1  0  3 -3  0 -3 -2 -1  0 -3 -3  0 -2  0 -1 -3    5   2   4  25   1   4  18   2   3   2   4   5   2   1   2   7   3   1   3   2  0.48 0.39
  271 L    0 -1  0 -1  0 -1 -1 -3  0  1  1 -2  0  2 -2 -1  1  2  2  1    9   4   4   3   2   3   5   2   2   9  11   3   3   7   2   4   8   2   7   9  0.10 0.09
  272 R   -1  1 -1  0  0 -1 -1 -2  0  0 -1  0  2  2 -1 -1  0  4  1  0    4   8   3   5   2   3   4   3   3   6   6   7   5   9   3   4   5   6   5   5  0.12 0.12
  273 E    0  0  0  0  2  0  0 -1  1  0 -1  0  1  0  0  0  0 -2  1  0    5   5   5   5   5   5   5   5   5   5   5   5   5   5   5   5   5   0   5   5 -0.00 0.06
  274 R    0  2 -1  2 -3  1  2 -2  0  0 -1  1  0 -2 -3 -1 -2 -2 -1  0    9  11   2  13   1   6  15   3   2   5   7   7   2   1   1   4   2   1   2   6  0.19 0.18
  275 I    0 -3 -4 -1 -4 -4 -2 -4 -4  4  2 -3  2  0 -3 -3 -1  1 -1  3    7   1   1   4   0   0   3   1   0  24  19   2   5   4   1   2   3   2   2  18  0.51 0.31
  276 R   -2  1 -1  2 -2  0  2 -4  0  1  1  0  1 -1 -2 -2 -1  0  0 -2    2   6   3  12   1   5  13   1   3   9  17   6   4   3   2   3   3   1   4   2  0.17 0.17
  277 E    0  0  2  3 -5  0  4 -3 -1 -3 -3  1 -1 -3 -4 -1 -2 -1 -1 -3    9   5   8  14   0   4  28   2   1   1   3  10   2   2   1   5   2   1   2   2  0.49 0.33
  278 H   -1  1 -1  0 -3 -1  1 -4  0  1  2 -1  1  0 -1 -2 -2  0  2 -1    6   8   3   5   1   3  12   1   2   7  24   4   3   4   3   2   2   1   7   4  0.19 0.17
  279 L    0 -1 -2 -1 -2  0 -1 -3  1  0  1 -1  1  3  0  0 -1 -1  4  0    8   3   2   3   1   4   3   2   4   5  15   4   3  12   4   6   3   1  13   6  0.19 0.15
  280 S   -2  1  2  0 -3  2  2 -3  1 -2 -2  1 -1 -1 -2  0  1  0  1 -2    3   8  11   6   1   8  12   2   4   2   4  10   2   3   1   7   8   1   5   3  0.21 0.18
  281 S   -1  1  3  0 -2  0 -1 -1  3 -1 -2  0  0 -2  1  0  0 -1 -1 -1    5   7  16   6   1   5   4   5   7   3   4   7   2   2   7   5   6   1   2   5  0.15 0.15
  282 E   -3  0 -1  1 -4 -1  2  3 -2 -3 -4  2 -2 -5  3 -2 -1 -3 -4 -3    2   4   3   9   0   2  13  21   1   2   2  14   1   1  16   3   3   0   1   2  0.49 0.33
  283 E   -1  1  0  1 -4  1  2  1  0 -1 -1  1 -1 -1  1  0 -1 -2 -1 -2    4   7   3   7   0   6  13  11   2   4   6  11   2   2   8   5   3   0   2   3  0.12 0.12
  284 S    0 -1 -1  1 -2  0  2  1 -1  0 -2  1 -2 -3  1  0  0 -4 -2 -1    9   3   3   7   1   4  12  10   1   8   3  10   1   1   8   8   5   0   1   5  0.12 0.12
  285 V   -1  0 -1 -1 -2  0 -1 -3  1  1  1  0  1 -1  2 -1  0  0  0  2    5   6   2   3   0   4   4   1   3  11  11   6   4   3   9   3   5   1   4  15  0.10 0.10
  286 G   -1  1 -2 -1 -1  1 -1  4 -1 -2 -3 -1 -1 -2 -1  0  2 -3 -4 -2    4   7   1   3   1   6   4  33   1   3   3   3   2   2   4   7  12   0   0   3  0.40 0.26
  287 L   -2 -3 -2 -3 -3 -3 -3  4 -2  1  1 -2  0 -2 -1 -1 -1 -1  1  1    2   1   1   2   1   1   1  34   1   8  12   3   2   1   3   5   5   1   6   9  0.40 0.25
  288 L   -1 -2 -3 -1 -1  0 -2 -2 -2  2  2  0  0  1  2 -2  0 -2  0  2    4   2   1   3   1   4   2   2   1  11  18   6   2   5  10   2   5   0   2  16  0.17 0.15
  289 F   -1 -1 -1 -1 -3 -3 -1 -4 -3 -2  0 -2 -2  1  4  2  0  5  0 -3    5   4   2   4   0   1   5   1   1   3   9   3   1   5  22  17   5   9   3   2  0.46 0.31
  290 S   -2 -3 -3 -2 -2 -2 -2 -4 -1 -4 -2  0 -1 -1  2  1  5 -1  3 -3    3   2   1   2   1   1   2   1   1   1   3   5   2   2  10  11  39   1  10   2  0.71 0.45
  291 G   -3  0 -2 -2 -2 -2 -5  5 -2 -4 -4 -3 -4 -2  4 -1 -2  2 -1 -5    2   6   2   2   1   1   1  46   1   1   2   1   0   2  17   4   3   3   2   1  0.93 0.50
  292 C   -3 -4 -7 -4 -1 -6 -6 -4 -2  1  0 -5  0  7 -4 -5 -5  8  3 -3    2   1   0   1   1   0   0   1   1   7   7   1   3  37   1   1   1  22  10   2  1.57 0.67
  293 T    0  1 -1  0 -4  0  0 -1  2 -1 -2  1 -2 -3  4  0  0  1 -1 -2    7   6   3   4   0   5   7   4   5   4   3  10   1   1  21   6   6   2   3   3  0.28 0.21
  294 G    0  0  0  3 -2 -1  2  2 -2 -4 -3  1 -3 -3 -1  1 -1 -3 -3 -3    7   5   5  18   1   2  15  14   1   1   3   8   1   1   3  11   3   0   1   2  0.30 0.22
  295 I   -4 -6 -5 -7 -3 -4 -4 -6 -4  1  5 -3  3  2 -5 -5 -4  2 -2  0    1   0   0   0   0   1   1   0   0   8  63   2   5   7   1   1   1   2   1   4  1.17 0.54
  296 N   -3 -3  5  6 -2  1 -2 -4 -3 -4 -5 -2 -3 -2 -3 -2  1 -6 -3 -4    2   1  24  42   1   5   1   1   0   1   1   2   1   2   1   2  10   0   1   2  1.11 0.51
  297 D   -1  2  1  4 -4  0  3 -3  0 -5 -4  2 -2 -4 -4 -1 -2 -3 -2 -4    4  13   6  21   0   4  20   2   2   0   2  12   1   1   1   5   2   0   1   1  0.48 0.33
  298 K    0 -1 -1 -3 -1 -1 -2 -3  2  1  2  2  4  0 -2 -2 -1 -1  1  0    7   2   3   1   1   2   2   2   6   9  17  17  11   3   2   1   2   1   6   4  0.21 0.18
  299 T   -3 -3 -2 -3 -1 -3 -4 -4 -1  2  3 -3  3 -2 -4 -2  5 -1 -1 -1    1   1   2   1   1   1   0   1   2  12  26   1   7   2   1   2  34   1   2   4  0.67 0.38
  300 L   -1  1  0 -2  0 -1 -2  2  0 -1 -1  1  1  2 -3  0 -1 -1  3 -2    5   8   4   1   2   2   1  16   2   3   7   9   3  11   1   7   2   1  12   2  0.16 0.17
  301 G   -3  0 -2 -3 -3 -2 -4  6  0 -6 -5 -1 -6 -6 -4 -2  0 -3 -3 -5    1   6   2   1   1   2   1  67   2   0   1   4   0   0   1   3   6   0   1   1  1.36 0.58
  302 A   -3 -2 -5 -6 -2 -2 -5 -3  1  2  3 -4  2  5 -2 -4 -3  4 -1  0    1   3   0   0   1   2   0   2   4  14  26   0   5  22   2   0   1   6   1   7  0.65 0.36
  303 R   -2  6 -2 -3 -2  4  0 -4  3 -2 -3  0  0 -2 -3 -3 -2 -1 -1  0    3  39   1   1   1  17   5   1   7   2   2   4   2   2   1   1   2   1   2   6  0.78 0.44
  304 G   -2  1 -1 -1 -5 -1  0 -2 -4 -4 -1  2  1 -1  5 -2  0 -2  0 -3    3   9   3   3   0   3   5   3   0   1   6  13   3   2  30   2   7   1   3   1  0.53 0.32
  305 G   -1 -2 -1 -4 -4 -2 -3  6  0 -7 -6 -1 -6 -7 -3  2 -2 -6 -4 -6    4   3   2   1   0   2   1  61   2   0   0   4   0   0   1  13   2   0   1   0  1.26 0.59
  306 E   -3  0 -2  3 -2  3  6 -3 -1 -6 -5 -3 -3 -5 -5 -1 -1 -6 -1 -5    2   5   2  16   1  10  47   2   1   0   1   1   1   0   0   4   4   0   2   0  1.04 0.54
  307 V   -3 -6 -4 -7 -2 -6 -6 -5 -3  2  5 -6  3  2 -6 -5 -2  0 -2  1    1   0   1   0   1   0   0   1   1   8  56   0   6   9   0   0   3   1   1  10  1.05 0.50
  308 I   -3 -5  0 -4 -1 -4 -5 -5 -1  4 -2 -5  1 -2 -5  0  4  0  1  3    1   0   5   1   1   0   0   0   1  26   2   0   3   2   0   6  27   1   5  18  0.74 0.43
  309 M   -3 -6 -1 -6 -1 -5 -6 -4 -6  5  1 -5 -1 -1 -5 -3  1 -6  0  4    2   0   4   0   1   0   0   1   0  32  13   0   1   2   0   1  10   0   3  29  0.84 0.43
  310 V   -4 -5 -7 -7 -2 -6 -5 -4 -3  4  3 -6 -2  2 -6 -5 -3  6 -2  4    1   0   0   0   1   0   0   2   1  25  23   0   1   7   0   0   1  10   1  27  1.03 0.47
  311 T    3 -5 -3 -5  1 -4 -5  1 -6 -1 -4 -3 -3 -2 -5  0  5 -6 -6 -2   27   0   1   0   3   0   0  11   0   3   1   1   1   1   0   7  41   0   0   3  0.95 0.54
  312 S    4 -6 -5 -6 -2 -6 -6  6 -6 -7 -7 -6 -6 -7 -6  0 -5 -7 -7 -6   36   0   0   0   1   0   0  55   0   0   0   0   0   0   0   6   0   0   0   0  1.68 0.75
  313 G   -1  4 -2 -2 -5 -1 -3  3 -1  2 -3 -1 -1 -1  1 -3 -2  0  0  0    5  28   1   2   0   2   1  22   1  12   1   2   1   2   6   1   1   1   4   7  0.44 0.31
  314 S   -2 -2  1 -5 -6 -3 -3 -5 -6 -6 -7 -5 -6 -7  7  2  3 -7 -4 -2    3   2   8   0   0   1   1   1   0   0   0   0   0   0  47  14  18   0   1   3  1.38 0.68
  315 G    0 -4  1 -3 -4 -2 -3  5 -1 -5 -5 -1 -1 -5 -4  3 -1 -5 -5 -5    7   0   7   0   0   2   0  52   2   0   0   3   2   0   0  23   2   0   0   0  0.98 0.33
  316 M   -1 -2 -2 -3  1 -1 -2 -2  3  1  0 -2  6 -2 -4  1  0 -4 -2  1    4   2   1   1   3   2   2   3   9   9   6   1  26   1   0  15   6   0   1   9  0.37 0.22
  317 G   -3 -6 -4 -5 -6 -5 -6  8 -6 -7 -7 -5 -6 -7 -6 -4 -5 -6 -7 -7    0   0   0   0   0   0   0 100   0   0   0   0   0   0   0   0   0   0   0   0  2.55 0.61
  318 K   -4 -1 -4 -4 -7 -2 -3 -5 -4 -7 -6  8 -5 -7 -5 -4 -4 -7 -6 -6    0   0   0   0   0   0   0   0   0   0   0 100   0   0   0   0   0   0   0   0  2.49 0.66
  319 S   -3 -4 -3 -4 -4 -4 -4 -4 -4 -4 -5 -4 -4 -5 -4  5  6 -5  0 -4    0   0   0   0   0   0   0   0   0   0   0   0   0   0   0  41  50   0   4   0  1.34 0.50
  320 T    2 -2 -1 -1 -3  1  1 -2 -1 -2 -2 -1 -1 -2 -3  2  4 -4 -2 -1   16   1   2   3   0   8  10   1   1   2   2   1   1   2   0  15  29   0   1   2  0.34 0.21
  321 F   -3 -4 -3 -4 -2 -3 -5 -3 -1  1  2 -5  2  6 -5 -3 -3  5  0  0    1   0   1   1   1   1   0   1   2   6  23   0   4  38   0   1   1   9   2   7  0.81 0.28
  322 V    3 -3 -4 -4  2 -2 -3 -2 -4  1  2 -3  2 -1 -3 -1  0 -4 -3  2   25   0   0   0   4   2   1   3   0   9  21   0   6   2   0   4   5   0   0  13  0.27 0.20
  323 R   -2  1  1  2  1 -1 -1 -2  1 -1  2 -1  2 -2 -3  0 -1 -4 -3 -1    2  10   8  13   3   1   2   2   4   3  23   3   5   1   0  10   3   0   0   3  0.13 0.14
  324 Q    0 -3  5  1 -2  4  3 -3  0 -4 -4 -2  0 -1 -4  0 -1  0 -1 -4    6   0  25   6   1  18  20   1   2   1   1   1   2   3   1   5   3   1   2   1  0.64 0.38
  325 Q   -3 -5 -3 -4  1 -2 -4 -6 -3  4  3 -3  3  1 -5 -4 -2  0  1  1    1   0   1   1   2   2   1   0   1  28  28   1   9   5   0   1   1   1   5   9  0.63 0.33
  326 A    4 -4 -4 -4  2 -2 -1 -2 -2  1  0 -3  3 -2 -4  1 -1 -1 -3  1   37   0   0   0   4   1   5   3   1   9   9   1   7   1   0   8   3   1   1   9  0.43 0.30
  327 L    0  1 -2 -3  2  1  0 -3  1  0  2 -1  0 -1 -3 -1 -1 -1  2  1    9   7   1   1   5   6   7   1   4   6  20   3   3   1   1   3   3   1   8   9  0.10 0.14
  328 Q   -2  0  5  3 -3 -1 -2 -3  7 -5 -4 -2 -3 -2 -5 -1 -2  1  2 -6    3   4  28  14   1   3   1   2  23   0   2   2   0   2   0   4   2   2   7   0  0.96 0.52
  329 W    2 -3 -2 -2 -2 -2 -3 -3 -2  2  3 -3  2  1 -4 -2 -2  3  0  1   18   1   2   2   1   2   1   1   1   9  30   1   4   5   0   2   2   4   3  10  0.36 0.25
  330 G    5 -3 -1 -4  4 -4 -4  0 -3  1  0 -4  0 -1 -3 -1 -2 -1 -3  0   43   1   3   1   8   0   0   6   1   8   8   1   2   2   1   4   2   1   1   5  0.55 0.38
  331 T   -1  1 -1 -2 -2  0 -1 -3 -1  2  1  0  2  0 -3 -1  0 -2 -1  1    4   7   4   1   1   5   3   2   2  15  15   8   8   4   0   3   6   1   1  11  0.13 0.13
  332 A   -1  2  2  0 -2  2  1 -2  1 -2 -1  2 -1 -3 -2  0  0 -3 -2 -1    5  10  12   6   1  11  11   2   4   2   5  11   2   0   1   6   7   0   1   3  0.24 0.20
  333 M   -1 -1  1  0 -2  4  1 -2  5 -3 -1  0 -1 -2 -3  0  0 -4  1 -3    4   3   6   4   1  17  10   3  16   1   6   5   1   1   1   7   7   0   5   2  0.37 0.27
  334 G   -3 -1  2  2 -5 -1 -1  5  1 -5 -4  2 -4 -4  0 -2 -3 -5 -5 -5    1   4  10   9   0   2   4  39   4   0   1  14   0   1   5   2   1   0   0   1  0.72 0.41
  335 K   -1  0 -2 -1 -2  0  1 -3  0  1  0  2 -1 -1 -3 -2 -1  6  1  1    4   5   1   3   1   3   8   2   3   7  10  16   2   2   1   2   3  13   5   9  0.31 0.23
  336 K   -2  2  2 -3 -1 -2 -3 -2 -1 -4 -5  4 -2 -5  4  0  1 -3 -4 -2    3  12   8   1   2   1   1   3   2   1   1  28   1   0  21   6   8   0   0   3  0.66 0.41
  337 V   -1 -5 -5 -5  2 -2 -4 -5 -2  3 -2 -5 -2  2 -3 -2  2 -1 -4  5    4   0   0   0   4   2   1   1   1  12   2   0   1   8   1   3  11   1   0  46  0.87 0.47
  338 G    4 -6 -4 -6  3 -4 -5  4 -6 -3  1 -5 -1  0 -5 -3 -3 -2 -4 -1   31   0   0   0   5   0   0  35   0   1  14   0   1   4   0   1   2   1   0   4  0.86 0.49
  339 L   -2 -6 -4 -7 -3 -4 -6 -6 -4  5  1 -6  2  3 -6 -5 -2  4  2  4    2   0   1   0   0   0   0   0   0  28  11   0   5  13   0   0   2   5   7  24  0.91 0.46
  340 A    0 -5 -3 -7  3 -6 -6 -2 -5  2  0 -6  1  7 -2 -3 -4 -1  1 -1    8   1   2   0   6   0   0   4   0  11   7   0   3  44   2   2   1   1   4   4  1.04 0.52
  341 M    0 -3 -2 -4 -1 -4 -4 -3  0 -6 -4 -3  1  0 -3  6  1 -7 -2 -6    6   1   1   0   1   0   1   2   2   0   1   1   4   4   2  64   7   0   1   0  1.25 0.72
  342 L   -5 -5 -4 -5 -2 -6 -5 -2 -6 -2  5 -5  4  3  1 -5 -4 -5 -3 -3    0   0   1   1   1   0   1   4   0   1  61   1   8  11   8   0   1   0   1   1  1.20 0.61
  343 E   -7 -6 -6 -4 -9 -4  8 -8 -6 -8 -8 -5 -3 -8 -7 -6 -7  5 -3 -8    0   0   0   0   0   0  90   0   0   0   0   0   1   0   0   0   0   7   1   0  2.78 1.19
  344 E   -3 -3  1 -1 -6  0  3  0  0 -1 -1 -3  8 -2 -6 -4 -2 -2 -1 -3    2   1   6   3   0   4  18   7   2   4   6   1  39   1   0   1   3   1   2   1  1.04 0.60
  345 S   -1 -1  1 -1 -5 -1 -3 -2 -1 -5 -5  0 -3 -2  4  4  1 -6 -5 -4    3   3   6   4   0   2   1   3   2   1   1   7   1   2  20  35   9   0   0   1  0.69 0.48
  346 V    1  1  1 -2 -2 -1 -1 -1 -1  0 -2  2 -2  1  2 -1 -1 -1 -1  1   11   6   9   2   1   1   4   3   1   6   3  13   1   8  12   4   3   1   1  10  0.14 0.16
  347 E    0  1 -1  0 -6  1  5 -1 -1 -3 -2  1 -1 -4 -1 -1 -1 -2 -3 -1    8   7   2   5   0   5  34   5   1   1   3   8   1   1   3   5   4   1   1   5  0.45 0.35
  348 E   -3  3 -2 -1 -5  5  3 -6  0  1 -3  1 -1 -6 -2 -1 -3  1 -3 -3    2  14   2   4   0  26  15   0   2   7   3   9   1   0   2   4   2   2   1   2  0.68 0.47
  349 T   -3 -3 -2 -6 -6 -2 -6 -7  4  2  4 -3  0 -1 -6 -1  3 -1  1 -1    2   2   2   0   0   2   0   0   9  11  35   2   2   3   0   5  16   1   4   4  0.70 0.44
  350 A    3 -3  1 -3 -2 -3 -4  0 -3  1  1 -2  2 -1 -5 -2 -1 -2  0  3   26   2   6   1   1   1   0   6   0   7  12   2   5   2   0   2   4   1   3  17  0.35 0.29
  351 E   -1  3  0  0 -4  3  0 -3 -1 -1  0  2  2 -1 -3  0  0 -3 -1 -2    4  14   5   4   0  11   6   2   1   4  10  12   6   2   1   5   6   0   2   3  0.22 0.21
  352 D   -2  6  0  0 -8  0 -3  0  0 -5 -5  2 -1 -8 -4 -3 -2  3 -4 -5    3  46   5   5   0   4   2   7   2   1   1  13   1   0   1   2   2   4   1   1  1.14 0.64
  353 L   -5 -5 -5 -9 -4 -7 -7 -9 -5  3  5 -5  7  1 -8 -7 -4 -7 -1 -1    1   1   1   0   0   0   0   0   0  15  44   1  22   6   0   0   1   0   2   5  1.46 0.73
  354 I    2 -3 -5 -5 -1 -4 -4 -6 -4  3  4 -6  3 -2 -5 -4 -2 -4 -1  2   14   2   0   0   2   1   1   0   0  16  34   0   8   2   0   1   2   0   3  12  0.76 0.43
  355 G    2 -1 -3 -4  5 -1  1  2 -1 -5 -5 -2 -3 -3 -4  4 -1 -2 -2 -3   15   3   1   1  10   3   8  17   2   1   1   3   1   1   1  26   3   1   1   2  0.59 0.41
  356 L    1 -1 -1 -4  0  2 -2 -2 -1  1  0  2  2 -4 -3  2 -1 -1 -2 -1   12   3   2   1   2  10   2   3   1   8   8  14   5   1   1  17   4   1   2   3  0.24 0.24
  357 H   -1  0 -3 -1 -4  0  3 -3  4  0  0 -2  1  1 -2 -2 -2  0  3 -1    5   5   1   3   0   4  18   2  12   5  10   2   3   6   2   3   3   1   9   4  0.29 0.23
  358 N    4 -4  0 -2  0 -3 -3  0 -1  0  0 -3  0 -3 -3  2  1 -5 -1 -2   31   1   4   2   2   1   1   7   2   5  11   1   3   1   1  14   8   0   2   3  0.37 0.31
  359 R   -3  3  2 -2 -2  1  0  4  1 -2 -3  2  0 -4 -5 -1 -3 -1 -3 -5    2  14  11   2   1   5   6  27   3   2   3  14   2   1   0   4   1   1   1   1  0.55 0.37
  360 V   -1  0 -2 -4 -1  0 -3 -4 -4  4 -1  3 -1 -3 -4 -4  0 -6 -3  4    4   5   2   1   1   4   2   1   0  19   6  19   2   1   1   1   6   0   1  25  0.56 0.37
  361 R   -1  1  3  3 -3  0  0 -4 -2 -4 -3  0  2 -3  4  0 -3 -2 -4 -4    5   8  13  15   1   5   6   1   1   1   2   5   6   1  21   6   2   1   1   1  0.54 0.37
  362 L    0 -2 -2 -4 -3 -1 -3 -3 -2  1  3 -3  2  4 -4  0 -3  0  2  0    7   2   3   1   0   3   2   3   1   6  30   1   5  15   1   7   1   1   6   5  0.42 0.27
  363 R   -2  2  1 -1 -3  2 -1 -1  5 -2 -2  1 -1  0 -1  0  1  1  0 -3    3  10   6   3   1   8   4   5  15   2   3   8   2   5   3   7   7   2   4   2  0.29 0.22
  364 Q   -1  2  1  2 -3  2  0 -2 -1 -2 -2  3 -2 -4 -1  0 -1  0 -1 -2    4  10   8  11   0  10   6   2   2   3   4  18   1   1   3   5   4   1   2   3  0.28 0.22
  365 S   -1 -1  0 -1 -2 -1 -1  0 -1  1  1  0  1  2  2  0 -1 -2 -1  0    5   2   4   3   1   2   3   8   1   9  15   6   4   8  12   7   3   0   1   6  0.10 0.10
  366 D   -1  4  0  2 -1  0  2 -2 -1 -2 -2 -1 -1 -2  1  0 -1  0 -1 -2    4  21   4  12   1   5  12   3   1   2   4   4   2   2   6   7   4   1   2   3  0.28 0.22
  367 S    0  1  0  1 -2  0  0  0  0 -1 -2  1 -1 -2 -1  1  2 -2  1 -1    7   7   5   8   1   3   6   7   3   4   4   8   2   1   2  11  12   1   4   5  0.07 0.09
  368 L   -1 -2 -1 -1 -2 -2 -1  3 -1  1  1  0  2 -1 -1 -2 -1 -2  0  0    6   2   3   4   1   2   4  26   2   7  14   5   5   2   3   3   3   1   3   6  0.20 0.14
  369 K   -2  3  2  1 -4  1  1 -2 -1 -2 -3  3 -2  0  0  0  0 -1  0 -3    3  16   9   6   0   6   9   3   1   2   3  14   1   4   5   6   5   1   4   2  0.29 0.21
  370 R   -2  2 -1 -2 -3 -1  0 -2 -1  0  3  1  2 -1 -1 -1  0  0 -1 -1    2  12   4   3   0   2   6   3   2   6  24   8   5   3   3   5   5   1   2   3  0.18 0.16
  371 E   -1 -1  1  1 -4  0  3  1 -1 -3 -3  0 -2 -3  0  1  0 -4  0 -3    5   3   7   8   0   5  19  11   2   2   2   6   1   1   5  11   7   0   3   2  0.25 0.22
  372 I   -1  1  0  2 -2  1  1 -1 -1 -1 -1  0 -1  0  1  0  0 -2  0 -1    5   8   4  12   1   5  10   4   1   4   7   6   2   4   6   6   7   0   3   4  0.08 0.08
  373 I    0 -1  0  1 -2  0  2 -3 -2  2  1 -1  2 -1 -2 -1 -1  0  0  0    6   2   4   9   1   4  12   2   1  13  13   3   5   2   2   4   4   1   4   7  0.12 0.11
  374 E   -2 -1  1  4 -5  1  3 -3 -1 -5 -4  0 -2 -4  1  1  1 -6 -2 -3    3   4   5  21   0   5  18   2   1   1   2   5   1   1   6  12   9   0   1   2  0.50 0.35
  375 N   -2  1  1  1 -3  0  2 -3 -1 -2 -1  0  0  0 -1 -2 -1  8  1 -4    4   6   6   8   1   5  12   2   2   2   7   6   2   4   3   3   3  17   4   1  0.49 0.32
  376 G    1  0 -1  2 -5  1  3  0 -1 -2 -2  1 -3 -3  0  0  0 -4 -3 -3   11   4   3  12   0   6  19   6   2   3   4   8   1   1   5   6   5   0   1   2  0.26 0.23
  377 K   -1  3  0  1 -4  2  4 -4 -3 -2 -3  4 -2 -4 -3 -2 -2 -3 -4 -3    5  13   4   9   1   8  23   1   1   2   3  20   1   1   1   3   2   0   1   2  0.62 0.40
  378 F   -1 -2 -4 -4 -4 -4 -3 -4 -3  3  3 -3  2  4 -5 -5 -3  5  2  0    6   2   1   1   0   1   2   2   1  13  28   2   5  15   1   1   2   7   6   7  0.67 0.36
  379 D    0  0  1  3 -4  1  2 -2  0  0 -2  1  0 -3 -2  0  1 -3 -1 -1    8   5   6  14   0   5  12   2   2   6   5   7   3   1   2   6   8   0   2   4  0.17 0.16
  380 Q    0  2  0  1 -6  3  3 -3  0 -2 -3  1 -1 -2 -4 -1 -1 -4 -1 -3    9  12   4   8   0  11  20   2   2   3   3   9   2   2   1   4   4   0   3   2  0.36 0.28
  381 W    4 -4 -5 -6 -2 -4 -4 -2 -4  1  0 -3 -3  0 -6  0 -1  8  1 -1   32   1   1   0   1   1   1   4   1   7   8   2   1   4   0   6   4  17   5   4  0.90 0.53
  382 F    3 -3 -2 -4 -2 -2 -3 -3  0  2  1 -1  2  2 -5 -2 -2  0  2  1   24   2   2   1   1   2   2   2   2  12  13   4   5   8   0   3   3   2   6   8  0.36 0.25
  383 D    0  0  3  5 -7  0  2  0 -1 -6 -4  0 -3 -6 -4  0 -1 -7 -3 -5    7   5  11  28   0   4  13   8   1   0   2   5   1   0   1   8   4   0   1   1  0.62 0.41
  384 E    0  3 -1  1 -3  0  3 -3  0 -2 -3  3 -4 -1 -3 -1 -2  4 -2 -2    9  13   3   8   1   4  15   2   2   3   3  16   0   3   2   4   3   5   1   4  0.32 0.26
  385 L   -1 -1 -3 -4 -2 -3 -3 -3  2  1  4 -2  2  0 -4 -2  0  1  0  1    5   4   1   1   1   1   2   3   5   8  35   3   4   4   1   3   7   2   3   8  0.42 0.25
  386 F    1 -1 -2  0 -3 -2 -1 -2 -1  0  0 -1  0  5 -3  0 -1 -2  2 -1   10   3   2   5   1   2   4   4   2   5  10   4   2  24   1   6   4   0   6   5  0.32 0.19
  387 G    0  0  0  1 -2  1  2  2 -2  0 -1  1 -1 -2 -2  0 -1 -3 -1 -1    8   6   4   6   1   5  16  15   1   5   5   7   1   2   2   7   3   0   3   4  0.15 0.12
  388 N    0  0  1  1 -1  1  0 -1  2 -2 -1  2  0 -1 -3  2  0 -4 -1 -3    7   4   8   7   1   5   6   6   5   2   6  11   2   3   1  15   7   0   2   1  0.16 0.15
  389 D   -1  0  1  2 -2  0  1  0  0  0  1  1  0  1  1 -1 -2 -1 -2 -1    3   5   6  11   1   4   8   8   3   6  13   7   2   5   6   4   2   1   1   3  0.07 0.08
  390 T    1  2  1 -1 -3 -2 -3 -3  0  0  1 -1  0 -2  3  0  0 -2 -1 -1   12  10   8   3   0   1   1   2   2   6  12   4   2   2  14   6   6   1   2   5  0.20 0.18
  391 F   -3 -1  0 -2 -1 -2 -3 -3  0  1  2  0  2  3  2 -2 -3  1  2  0    2   4   4   2   2   2   2   2   2   7  17   6   5  14  12   3   2   2   7   6  0.30 0.22
  392 H   -4 -5 -2 -4 -1 -3 -4 -6  1  5  1 -4  0  3 -3 -4 -4  3  5 -2    1   1   2   1   1   1   2   1   3  29  13   2   2  11   2   1   1   4  18   3  0.95 0.50
  393 L   -2 -1 -2  0 -3 -3 -2 -3  0  2  1 -3  1  5 -3 -4 -3  3  4 -1    3   3   2   5   1   1   3   3   2   9  13   2   3  25   1   1   2   3  13   4  0.62 0.33
  394 Y   -3 -3 -1 -1 -1 -3 -4 -3  0  4  1 -3  3  2 -3 -3 -2 -1  4  1    2   2   3   3   1   1   2   2   2  23  12   2   8   9   1   2   2   1  14   8  0.59 0.32
  395 D   -3 -2  0  7 -4 -3  0 -4 -3 -2 -4 -1 -2 -4 -4 -1 -1 -10 -3 -4    2   3   5  57   1   2   5   2   1   2   2   5   1   1   1   4   5   0   1   2  1.38 0.76
  396 S   -2 -4 -1  6 -3 -3 -1 -3  5 -3 -3 -3 -2  3 -1 -1 -2 -7 -3 -2    3   1   3  42   1   1   4   2  10   1   3   1   1  10   4   6   3   0   1   3  0.98 0.58
  397 F   -2 -2 -1  1 -4 -1  1 -2  4 -4 -3 -1 -2  3 -2  2  3  0  1 -1    2   3   3   6   0   3   8   3   8   1   3   3   1  13   2  14  18   1   4   4  0.35 0.30
  398 A    1 -1 -2 -1 -4 -2 -1  4 -4 -4 -5 -3 -3 -5  4  1 -1 -7 -4 -3   10   4   2   4   0   2   5  34   0   1   1   2   1   0  18   9   3   0   1   3  0.69 0.48
  399 E    1 -2  1  2 -4  1  0  2 -2 -3 -2 -1 -2 -4 -4  3  0 -6 -4 -2   10   2   5  10   0   6   6  14   1   1   4   3   1   1   1  25   6   0   0   2  0.37 0.33
  400 A    0 -3  0 -2 -1  0 -2 -2 -3  3  2 -3  2 -1  1 -1  1 -1 -2  0    7   1   4   2   1   5   2   3   1  15  19   1   6   3   6   5  10   1   1   5  0.20 0.19
  401 E   -3 -3  2  3 -4 -3  0 -2 -3 -7 -7  0 -4 -8 -2  3  4 -8 -5 -5    2   1   9  16   0   1   6   3   1   0   0   5   1   0   3  23  26   0   0   1  0.85 0.59
  402 T   -2 -6 -5 -5 -3 -4 -2 -5 -6  4  1 -5  1 -2  2 -2 -1  4 -4  3    3   0   1   1   1   1   3   1   0  24  14   0   3   2  11   4   4   5   1  21  0.70 0.44
  403 D   -2 -2  1  4 -7 -1  3 -4 -2 -2  0  0  2 -2 -3 -1  0 -4 -5 -2    4   2   6  24   0   3  18   1   1   2  10   6   6   2   1   5   5   0   0   2  0.48 0.37
  404 R   -2  0  1  3 -7  2  4 -3 -1 -3 -3 -1 -4 -5 -5  0  0  5 -4 -2    4   4   6  14   0   8  28   2   2   2   3   4   0   1   0   7   7   7   1   3  0.61 0.45
  405 L   -5 -4 -7 -8 -5 -8 -5 -8 -9  5  4 -7  4 -2 -9 -7 -5 -8 -6  3    1   1   0   0   0   0   1   0   0  31  34   0   7   1   0   0   1   0   0  20  1.45 0.74
  406 L   -4  5 -6 -8 -2 -2 -4 -6 -4  2  4  2  2  0 -8 -4 -6 -5 -3 -2    2  27   0   0   1   2   1   1   0  11  32  10   5   3   0   1   0   0   1   3  0.95 0.57
  407 A    4 -1  1  3 -7  0  2 -2 -2 -5 -6  0 -4 -6 -5  2 -1 -5 -7 -6   28   3   6  15   0   3  14   3   1   1   1   6   0   0   0  14   3   0   0   0  0.66 0.49
  408 K    1  3 -3 -4 -2  0 -4 -6 -3 -1 -2  5 -1 -6 -7 -3  1 -8 -2 -1   11  16   1   1   1   4   1   0   1   4   5  38   2   0   0   2   8   0   1   5  0.87 0.57
  409 L    4 -5 -8 -8  5 -5 -7 -5 -8  3 -1 -5  5  1 -7 -2 -2 -4 -6  0   31   1   0   0  12   1   0   1   0  17   6   1  13   6   0   3   2   0   0   6  1.05 0.60
  410 A   -1  7 -2 -2 -9 -1  3 -6 -4 -4 -4  1 -3 -9 -7 -2 -3 -9 -5 -4    6  51   2   3   0   3  16   1   0   1   2   7   1   0   0   3   2   0   1   1  1.37 0.78
  411 Y   -1  5 -2 -2 -8  1  0 -7  4 -2 -3  1 -2  0 -7 -4 -3 -4  5 -3    5  26   2   3   0   6   5   0   7   2   3   8   1   4   0   1   2   0  21   2  0.84 0.54
  412 M    4 -5 -4 -8  1 -3 -5 -6 -2 -2  4 -5  5 -2 -8 -2 -4  0 -3 -2   27   1   1   0   3   2   1   1   1   2  37   1  15   2   0   3   1   1   1   2  1.07 0.64
  413 R    2  1 -4 -6 -3 -1 -5 -7  1  1 -5  4  0 -4 -6 -4 -3 -5 -1  5   16   7   1   0   1   3   1   0   3   7   1  21   2   1   0   1   1   0   2  32  0.84 0.54
  414 S    0  3 -2 -3 -4  2 -1 -5  0  0 -1  2  2 -1 -6 -1 -1 -4  3  0    9  15   2   1   0   8   3   0   3   5   7  13   4   3   0   5   3   0  11   6  0.33 0.28
  415 G    1  4 -2 -2 -5  2  3 -1 -3 -4 -4  1 -2 -7 -5 -1 -2 -7 -5  1   10  24   2   2   0   9  15   6   1   1   2   9   1   0   0   5   2   0   0  10  0.55 0.41
  416 L   -3 -1  1 -1  1 -1  0 -3  6 -4  0  1 -1  0 -5 -3 -4 -2  6 -3    2   3   6   3   3   3   6   2  19   1   8   9   2   4   1   2   1   0  22   2  0.80 0.49
  417 G   -5 -3  2  4 -6 -3 -3  6 -4 -10 -8 -1 -6 -10 -2 -4 -7 -9 -9 -9    1   2   8  19   0   2   2  58   0   0   0   4   0   0   2   1   0   0   0   0  1.67 0.89
  418 C   -2 -5 -8 -7  6 -8 -8 -7 -6  5  3 -7 -4 -5 -8 -4 -3 -8 -4  4    4   1   0   0  16   0   0   1   0  26  25   0   0   0   0   1   2   0   1  22  1.34 0.68
  419 D   -3  3  0  4 -3  1  0  2 -3 -8 -7  4 -5 -9 -7  0 -3 -5 -8 -7    2  13   4  21   1   7   6  14   1   0   0  24   0   0   0   6   2   0   0   0  0.87 0.56
  420 V   -3 -5 -5 -3  1 -3 -6 -1  5  1  4 -6  3  1 -7 -5 -3  2  1  2    2   1   1   1   3   1   0   6  13   8  32   0   6   6   0   1   1   3   4  12  0.72 0.43
  421 I   -5 -9 -9 -9 -1 -8 -9 -9 -4  6  2 -8 -3  4 -9 -8 -7 -8 -6  4    1   0   0   0   1   0   0   0   1  39  17   0   1  13   0   0   0   0   0  27  1.61 0.76
  422 I   -3 -8 -9 -9 -2 -6 -9 -8 -8  6 -1 -8  1  2 -8 -7 -5 -2 -1  5    2   0   0   0   1   0   0   0   0  34   6   0   4   9   0   0   0   1   2  40  1.57 0.75
  423 L   -7 -9 -7 -4 -7 -9 -9 -10 -9  7  3 -9 -4 -1 -9 -8 -7 -8 -5  3    0   0   0   1   0   0   0   0   0  51  22   0   0   3   0   0   0   0   0  21  1.85 0.85
  424 D   -9 -9 -7  9 -11 -8 -4 -9 -9 -11 -11 -8 -11 -11 -4 -8 -9 -11 -11 -11    0   0   0  97   0   0   1   0   0   0   0   0   0   0   1   0   0   0   0   0  3.59 1.56
  425 H   -6 -8  5 -7 -9 -7 -7 -8  5 -8 -8 -7 -8 -6  4 -3 -7 -6  8 -5    1   0  22   0   0   0   0   0  13   0   0   0   0   0  19   3   0   0  40   1  2.12 1.06
  426 I   -6 -8  0 -8 -7 -8 -8 -9 -8  2  6 -8  1  0 -8 -8 -7  5  1 -1    0   0   5   0   0   0   0   0   0  10  62   0   3   4   0   0   0   7   4   4  1.57 0.78
  427 S   -4 -6  3 -7 -9  7 -1 -4 -1 -9 -7 -5  3 -7 -8  1  2 -9 -8 -7    1   0  13   0   0  49   4   2   1   0   0   0   6   0   0  11  11   0   0   0  1.65 0.95
  428 I   -2 -1 -4 -1 -3 -5 -3 -8 -7  2  5 -1  1  4 -7 -4 -1 -2 -1 -4    3   3   1   4   1   0   2   0   0  10  44   5   4  15   0   1   4   1   2   0  0.83 0.49
  429 V   -2 -7 -8  0 -1 -7 -1 -7 -8  3  2 -6  8 -2 -8 -5 -5 -4 -7  2    4   0   0   5   1   0   4   0   0  15  19   0  35   2   0   1   0   0   0  13  1.39 0.73
  430 V   -2  1 -1  0 -4  1  0 -2  4  0  0  0  2 -3 -4  1  1 -3 -3  1    3   7   2   4   0   5   7   4  10   5  11   5   5   1   0   9  10   0   0  12  0.20 0.20
  431 S    0 -2  0  0 -2  1 -2  2  2 -1 -2 -2 -1 -2  0  4 -1 -5 -3 -2    7   2   4   5   1   6   2  16   5   4   4   2   2   2   4  26   4   0   1   3  0.31 0.28
  432 A    0  2  0  0 -5 -1  0  3  1 -2 -4  0 -1 -4  1  0  0 -6 -5 -2    7  13   4   5   0   2   5  23   4   2   2   5   2   1   7   8   6   0   0   4  0.30 0.25
  433 S   -1  2  0  0 -1  1  0  1 -2 -1  0  0  1 -3  1  1  0 -2 -2 -2    4  10   5   6   1   6   5  11   1   3   8   7   5   1   7  12   5   0   1   2  0.11 0.13
  434 G    0  3  1  1 -5 -1  0  2  0 -4 -4  2 -2 -3  0  2 -1 -5 -3 -4    7  14   7   9   0   3   5  15   2   1   2  11   1   1   5  13   3   0   1   1  0.32 0.26
  435 E    0  2  2  1 -4 -1  0  1 -1 -2 -2  1 -2 -1 -3  2  0 -2 -1 -1    8  10  10   9   0   2   7   9   1   3   3   8   1   3   1  13   5   1   2   4  0.17 0.17
  436 S   -1 -2  0  3 -6  1  4  2 -3 -5 -4 -1  1 -4 -4  1 -1 -4 -1 -2    5   2   5  14   0   6  24  13   0   1   2   3   3   1   1  12   3   0   2   3  0.45 0.36
  437 D   -4 -2  5  5 -7 -4  1 -2 -2 -7 -5 -5 -5 -6 -4  3  1 -8 -5 -6    1   2  26  28   0   0   8   3   1   0   1   0   0   0   1  17   8   0   0   1  1.10 0.65
  438 E   -2  6 -2 -1 -6 -1  4 -6 -4 -3 -3  1 -2 -6 -6 -4 -4 -7 -4 -4    4  41   2   4   0   2  27   0   0   2   3   7   1   0   0   1   1   0   1   1  1.21 0.69
  439 R   -2  3  2 -2 -6  3  1 -6  0 -3 -3 -3 -3  2 -6 -3  3  1  2  0    3  13   9   2   0  14   9   0   2   1   3   1   0   9   0   1  16   2   8   7  0.51 0.40
  440 K   -2  2  0  1 -7  5  3 -3 -1 -3 -2  1 -1 -5 -5 -2 -2  1 -4 -4    4   9   4   7   0  27  20   2   1   1   4   8   1   1   0   2   3   2   1   1  0.68 0.49
  441 M    1 -2 -4 -2 -7  1  5 -3 -1 -2 -2  0  0 -1 -6 -3 -3 -1  4 -2   11   3   1   3   0   7  36   3   2   3   4   4   2   3   0   2   1   1  13   3  0.68 0.48
  442 I   -6 -7 -8 -7 -7  5 -7 -9 -6  6  0 -5 -1 -5 -8 -7 -1 -8 -3  4    0   0   0   0   0  22   0   0   0  39   8   1   1   0   0   0   4   0   1  22  1.50 0.80
  443 D    1 -4  1  4 -7 -3  0  1 -5 -4 -7  0 -4 -8 -6  4 -1 -8 -7 -6   13   1   5  21   0   1   5  10   0   1   0   5   1   0   0  33   4   0   0   0  0.84 0.58
  444 N    0  2  1  1 -5  2  4 -4  0 -2 -3  1 -1 -2 -5 -1 -1  0 -1 -3    7  10   6   9   0   9  26   1   2   3   3   8   1   2   0   5   3   1   3   2  0.43 0.35
  445 L    1 -6 -5 -8 -1 -4 -6 -7 -4  6  0 -7  3  4 -8 -4 -2 -1 -2  1   11   0   0   0   1   1   0   0   0  41   9   0   6  14   0   1   2   1   1   7  1.13 0.60
  446 M   -2 -7 -4 -7 -1 -6 -7 -5 -5  3  2 -6  5 -4 -7  4 -1 -8 -6  1    3   0   1   0   1   0   0   1   0  14  17   0  14   1   0  33   4   0   0  10  1.01 0.63
  447 T    0  6 -1  0 -7  0 -1 -1 -2 -4 -6  1 -1 -6 -6  1  3 -2 -4 -4    7  35   3   6   0   4   4   5   1   1   0   6   1   0   0   9  15   1   1   1  0.75 0.51
  448 K    1  1  0 -1 -3  1  1  1 -2 -4 -3  3 -1 -3 -5  2 -1  2 -3 -5    9   8   5   4   0   5   9  10   1   1   3  19   2   1   0  15   4   3   1   0  0.35 0.31
  449 L   -5 -8 -9 -9  0 -3 -6 -9 -8  3  6 -8  3  3 -8 -8 -7 -7 -5 -1    1   0   0   0   2   1   0   0   0  12  60   0   6  12   0   0   0   0   0   4  1.56 0.77
  450 K    0  4 -4 -4 -1 -2 -4 -5 -3 -3 -4  6 -5 -8 -7 -2 -2 -8 -5 -2    7  22   1   1   1   2   1   1   1   2   2  50   0   0   0   4   3   0   0   3  1.34 0.75
  451 G    1  2  0  0 -4  1 -1  0 -2 -1 -1  2  0 -4 -4  1 -1 -6 -3 -2   14  13   5   6   0   7   4   6   1   5   7  11   2   1   0  12   4   0   1   2  0.21 0.22
  452 F   -6 -6 -8 -9 -3 -6 -8 -9 -8  0  4 -8  4  7 -8 -8 -6  2 -3 -3    1   0   0   0   1   0   0   0   0   6  41   0   9  36   0   0   0   2   0   2  1.75 0.83
  453 A    7 -5 -6 -6  3 -6 -7 -3 -8 -2 -7 -2 -4 -8 -7 -1 -3 -8 -8  1   72   1   0   0   5   0   0   2   0   2   0   3   0   0   0   4   2   0   0   8  1.76 0.93
  454 K   -3  4 -1 -3 -6  2  0 -6 -1 -3 -4  5 -1 -7 -5 -3  2 -8 -5 -2    2  17   2   1   0   8   7   0   2   2   2  38   2   0   0   2  11   0   0   3  0.94 0.59
  455 S   -2  1 -1  1 -8  1  6 -6  1 -5 -5  2 -3 -6 -6 -2 -1 -8 -4 -5    4   7   3   7   0   5  48   0   3   1   2  11   1   0   0   3   3   0   1   1  1.06 0.65
  456 T   -6 -4  1 -6 -1 -3 -4 -7  4 -3  4 -1  1  2 -6 -4  0 -6  4 -4    0   1   8   0   1   1   1   0  10   1  41   4   3   7   0   1   7   0  12   0  0.93 0.56
  457 G   -5 -3  6  4 -6  0  0  3  0 -9 -8  0 -5 -9 -2  0 -5 -9 -8 -8    1   1  32  20   0   4   7  18   2   0   0   6   0   0   2   6   0   0   0   0  1.09 0.65
  458 V   -1 -7 -8 -9  6 -8 -8 -7 -8  5 -2 -8 -2  0 -8 -5 -2 -4 -4  6    5   0   0   0  15   0   0   0   0  24   3   0   1   3   0   1   2   0   1  45  1.59 0.77
  459 V   -1 -6 -3 -6  2 -5 -6 -1  8 -4 -2 -7 -2 -4  6 -2  1 -1 -4 -2    5   0   1   0   3   0   0   5  28   1   5   0   1   1  33   3   7   1   0   4  1.37 0.76
  460 L   -4 -8 -8 -9 -4 -6 -8 -7 -5  5  1 -8  1  0 -8 -6 -3 -8 -4  6    1   0   0   0   0   0   0   0   0  29  10   0   3   3   0   0   1   0   1  50  1.61 0.77
  461 V   -4 -7 -4 -4 -2 -4 -7 -5  3  5  0 -6  1  3 -7 -3  1  5 -2  2    1   0   1   1   1   1   0   1   6  32  10   0   3  11   0   2  10   8   1  13  0.90 0.51
  462 V    3 -6 -1 -7  0 -5 -6 -5 -7  1  4 -6  0  1 -7 -4 -3 -6 -3  2   27   0   4   0   2   0   0   1   0   6  33   0   2   6   0   1   2   0   1  15  0.82 0.51
  463 I   -3 -8 -8 -9 -2 -7 -8 -8 -8  3  3 -8 -2 -2 -8 -7 -5 -8 -3  6    2   0   0   0   1   0   0   0   0  15  29   0   1   2   0   0   0   0   1  48  1.51 0.75
  464 C    4 -7 -4 -7  3 -5 -6 -5 -3  1 -3 -6 -2 -6 -7  5 -3 -8 -7  0   32   0   1   0   5   0   0   0   1   7   3   0   1   0   0  42   1   0   0   7  1.21 0.74
  465 H   -9 -7 -7 -8 -10  6 -6 -9 10 -10 -10 -7 -8 -9 -9 -8 -8 -9 -6 -10    0   0   0   0   0  36   0   0  64   0   0   0   0   0   0   0   0   0   0   0  3.59 1.52
  466 L   -5 -8 -8 -8 -8 -4 -8 -9 -8 -3  5 -6  0 -7  6 -5 -1 -8 -8 -1    1   0   0   0   0   1   0   0   0   1  47   0   2   0  37   1   5   0   0   4  1.66 0.88
  467 K   -2  6  4 -6 -8 -5 -6 -7 -3 -7 -7  1 -5 -8 -7  3  1 -8 -7 -4    3  36  21   0   0   0   0   0   0   0   0   7   0   0   0  21   9   0   0   1  1.35 0.78
  468 N   -4  6 -3 -6 -7  0 -5 -6 -6 -7 -7  6 -6 -7 -3 -5 -2 -7 -6 -5    1  42   1   0   0   3   0   0   0   0   0  44   0   0   2   1   3   0   0   1  1.85 0.89
  469 P    1 -2 -1 -2 -4 -1  1  0 -3 -1  0 -1  2 -3  3  1  0 -4 -4 -1   14   1   3   2   0   3   8   8   0   3  10   4   6   1  16  11   6   0   0   5  0.24 0.21
  470 D   -1 -1 -1  1 -2  1  0 -1  0 -1 -1  0 -1 -3  2  0 -1 -4 -2  2    5   3   3  10   1   6   6   4   2   3   6   5   1   1  11   8   4   0   1  19  0.17 0.16
  471 K   -2 -1  0  1 -4 -1  5  1 -1 -3 -3  1 -3 -3 -2  0  0 -4 -3 -3    4   4   4   8   0   2  35   9   1   2   3  10   1   1   2   6   5   0   1   2  0.51 0.31
  472 G   -1 -1  1  2 -3  3  0  3 -1 -3 -2  1  0 -3 -2  1  0  0 -3 -2    5   3   6  11   0  12   6  19   1   2   4   7   2   1   2  10   4   2   1   3  0.25 0.18
  473 K   -1  6 -1 -1 -4  0 -1 -2 -2 -3 -3  4 -3 -4 -2 -1 -1 -4 -3 -2    4  37   3   3   0   4   4   4   1   2   3  20   1   1   2   4   5   0   1   3  0.75 0.39
  474 A    1 -1  0  1 -2  0  0  2 -2 -2 -2  0 -2 -2  2  1  1 -3 -2 -1   10   2   4   7   1   4   5  16   1   2   3   6   1   2  10  13   8   0   1   4  0.19 0.13
  475 H   -1 -1  2  0 -2 -1  1  2  4 -2 -2  0 -2  0 -1 -1  0 -2  0 -2    6   4   9   6   1   3   8  16  13   3   4   6   1   4   2   4   6   1   3   3  0.21 0.12
  476 E   -1  0  2  1 -2  0  3  0 -1 -2 -2  2 -2 -2 -1  0 -1  1 -2 -2    4   4   8   9   1   4  21   6   1   3   5  11   1   2   3   8   4   2   1   3  0.23 0.14
  477 E   -2 -1  0  4 -3  1  4 -2 -2 -2 -2  0 -1 -2  0 -1 -1 -3  0 -2    3   3   4  21   0   6  25   3   1   3   3   5   1   1   4   4   3   0   4   4  0.43 0.26
  478 G   -2 -2  0  3 -4 -2 -1  4 -2 -3 -3  1 -3 -2  0  0 -1  0  0 -3    3   2   5  16   0   2   3  29   1   2   3  10   1   2   5   6   3   1   3   2  0.44 0.27
  479 R    0  3 -1  0 -4  0  1  2  2 -2 -4  3 -2 -3 -1 -2 -2 -4 -2 -2    8  16   2   4   0   3   8  15   4   2   1  20   1   1   3   2   3   0   1   4  0.35 0.26
  480 P   -2  4 -3  0 -4  0  1 -4 -2  0 -2  1  0 -3  4 -3 -2 -5 -4  0    4  22   1   4   0   5   8   1   1   5   3   8   3   1  21   1   2   0   0   7  0.54 0.37
  481 V   -3 -5 -6 -5 -4 -5 -5 -5 -6  2  2 -4  1 -5  6 -5 -2 -6 -5  2    3   0   0   0   0   0   1   1   0  11  16   1   3   0  43   1   3   0   0  15  1.23 0.63
  482 S   -2  1  2  0 -4  3 -2  0 -1 -3 -2 -1  3 -3 -4  2  3 -3 -3 -1    2   6   8   6   0  12   2   7   1   1   4   4   8   1   1  14  17   0   1   4  0.32 0.29
  483 I   -2 -5 -5 -5 -4 -4  1 -3 -5  1  5  0  4 -3 -2 -3  0 -5 -4 -2    3   0   1   0   0   1   8   2   0   7  45   7  11   1   2   2   5   0   0   2  0.76 0.46
  484 T    1 -3  0 -1 -5 -2 -1 -3 -1 -6 -4 -2  0 -2 -6  5 -3 -5  5 -3   10   1   5   3   0   2   4   2   1   0   1   2   3   1   0  39   1   0  20   2  0.90 0.59
  485 D   -4 -7 -2  7 -8  1 -2 -6  3 -7 -7 -4 -6 -8 -7  2 -5 -9 -8 -8    1   0   2  65   0   6   2   0   6   0   1   1   0   0   0  15   0   0   0   0  1.99 0.97
  486 L   -2 -7 -8 -8 -6 -7 -8 -8 -8  5  5 -7 -2  2 -8 -6 -5 -7 -6  2    3   0   0   0   0   0   0   0   0  33  42   0   1   7   0   0   0   0   0  13  1.43 0.69
  487 R    0  6 -2 -6 -4 -3 -4 -4 -4 -5 -5  2 -3  3 -7  2 -2 -7 -1 -7    7  43   1   0   1   1   1   2   0   1   1  12   1  11   0  14   3   0   2   0  1.10 0.65
  488 G   -6 -8 -5  0 -9 -5  4  6 -5 -10 -10 -6 -9 -9 -8 -5 -7 -9 -2 -9    0   0   0   6   0   0  29  63   0   0   0   0   0   0   0   0   0   0   2   0  2.02 1.00
  489 S   -2 -6 -4 -7 -2 -7 -7  0 -5 -6 -8 -7 -8 -9 -7  7  1 -9 -8 -6    3   0   1   0   1   0   0   6   0   1   0   0   0   0   0  81   6   0   0   0  2.19 1.15
  490 G    4  1 -4 -7 -7 -2 -6  5 -1 -7 -8 -4 -2 -8 -7  1 -5 -8 -6 -4   29   7   1   0   0   2   0  45   2   0   0   1   1   0   0  11   0   0   0   1  1.27 0.72
  491 A    4 -3  1  1 -5 -3 -1 -1  4 -4 -6  2 -1 -5 -6  3 -1 -7 -6 -4   30   1   6   6   0   1   3   4   8   1   0  11   2   0   0  21   3   0   0   1  0.69 0.49
  492 L    0 -8 -8 -9 -4 -7 -8 -8 -5  7  1 -8  0  3 -8 -5 -6  6 -3 -1    9   0   0   0   0   0   0   0   0  51  10   0   2  12   0   1   0   9   1   4  1.59 0.76
  493 R    1 -2 -3 -4 -6 -3  5 -1 -4  0 -5 -2  1  1 -4 -1  2 -2  1 -1   10   2   1   0   0   1  35   5   0   5   0   2   3   5   1   5  15   1   5   4  0.60 0.47
  494 Q   -3 -1  5  1 -7  8 -5 -6 -4 -9 -9 -2 -5 -2 -8 -4 -4 -9 -6 -9    2   3  22   6   0  57   0   1   0   0   0   3   0   2   0   1   1   0   0   0  1.99 1.05
  495 L   -3 -2 -2  5 -7 -2  2 -5 -5 -2  1  3  1 -3 -6 -1 -5  2 -2 -4    2   2   1  33   0   1  13   0   0   3  13  16   4   1   0   4   0   3   2   1  0.79 0.52
  496 S    6 -7 -7 -8  3 -7 -7 -4 -8 -7 -6 -7 -7 -4 -2  2 -2 -9 -8 -3   69   0   0   0   6   0   0   1   0   0   0   0   0   1   3  15   3   0   0   2  1.77 0.94
  497 D   -3 -8 -1  8 -5 -5 -4 -5  3 -6 -8 -7 -2 -2 -4 -3 -4 -2 -2 -9    3   0   2  76   0   1   1   1   7   1   0   0   1   2   1   2   1   1   1   0  2.26 1.07
  498 T   -2 -3  5 -4 -1 -2 -5 -4 -1  2  1 -5  2  0 -6 -3  0 -6  2  3    3   1  27   0   1   2   0   1   2  13  11   0   5   3   0   1   5   0   6  17  0.63 0.43
  499 I   -3 -7  0 -7  1 -7 -6  2 -8  3 -3 -7  1 -5 -7 -5 -2 -5 -7  6    2   0   5   0   3   0   0  16   0  17   2   0   3   0   0   0   2   0   0  50  1.28 0.69
  500 I   -2 -7 -7 -8 -1 -7 -8 -5 -4  5  3 -7  6  2 -8 -6 -5  1 -3  1    3   0   0   0   1   0   0   1   0  34  25   0  17   9   0   0   1   2   1   7  1.27 0.64
  501 A    0 -5 -4 -5  0 -5 -5  1 -5  3  0 -4  1  5 -6  0  0 -2 -3  1    8   0   1   1   2   0   0  10   0  16   9   1   3  26   0   7   6   0   0   9  0.60 0.39
  502 L   -5 -7 -8 -8 -5 -7 -8 -7 -8  5  4 -7  1  0 -8 -7 -5 -4 -1  3    1   0   0   0   0   0   0   0   0  29  41   0   3   4   0   0   0   0   2  20  1.38 0.68
  503 E   -4 -4 -1 -3 -7  3  3 -4  6 -5 -7 -3 -3 -2 -7 -1 -4  5  6 -4    2   1   3   1   0  13  16   1  19   1   0   2   1   2   0   5   1   7  25   1  1.24 0.70
  504 R   -6  8 -3 -1 -7 -4 -5 -4 -3 -7 -7 -1 -7 -7 -5 -5 -4 -8 -5 -6    0  83   2   4   0   1   1   1   1   0   0   4   0   0   1   1   1   0   0   1  2.55 1.13
  505 N   -3 -1  6  5 -4 -3  1 -4  0 -4 -5 -1 -6 -5  2 -2 -3 -7 -3 -4    2   3  32  26   0   1  10   1   2   1   1   4   0   1   9   3   1   0   1   2  1.00 0.58
  506 Q   -3  2 -2  1 -6  3  3 -3 -2 -3 -4  4 -3 -1 -1 -1 -1 -3 -1 -3    2  12   1   7   0  11  17   2   1   2   2  26   1   3   3   4   4   0   2   2  0.55 0.39
  507 Q   -2 -1  1  3 -5  3  3 -3 -1 -4 -1  0  2 -3 -2 -1 -1 -5  2 -2    2   3   6  17   0  15  17   2   1   1   5   5   5   1   2   5   3   0   7   3  0.41 0.33
  508 G    1 -2  0  1 -3 -1  1  0  0 -3 -3  1 -2 -3  1  2  1 -4  1 -2   14   2   5   7   1   1  10   8   2   1   2   7   1   1   8  13  10   0   5   2  0.22 0.21
  509 D   -1 -3  1  5 -5 -1  4 -1 -2 -5 -5  0 -5 -4  1  0 -1 -6 -3 -4    4   1   6  27   0   2  29   4   1   1   1   5   0   1   7   6   3   0   1   1  0.76 0.47
  510 M   -1  1  2  3  1  0  2 -1 -1 -2 -1  1 -1 -2 -2 -1 -1 -3 -1 -2    6   6   9  19   3   3  12   4   1   2   7  10   2   1   2   4   4   0   2   3  0.20 0.18
  511 P   -1  3 -2  0 -5  0  0 -1 -2 -3 -3  3 -3 -5  4  0 -1 -5 -4 -3    4  16   1   5   0   4   7   6   1   1   2  18   1   0  19   6   5   0   1   2  0.49 0.35
  512 N   -2 -1  5  1 -3 -1  0  3  0 -5 -5 -1 -4 -4  0 -1 -1 -3 -2 -5    3   3  30   8   1   2   5  24   2   1   1   3   0   1   5   4   3   0   1   1  0.69 0.44
  513 L   -2  1 -1  0  0  0  0 -3 -2  2  1  1  0 -2 -3 -1  2 -4 -1  1    3   7   2   4   2   3   8   2   1  14  12   9   2   1   1   3  14   0   2  11  0.16 0.17
  514 V    3  1 -4 -3 -1 -3 -4 -3 -3  0 -3  0  0 -3 -4  0  4 -6 -4  2   24   6   0   2   1   0   0   2   0   6   2   6   2   1   0   8  24   0   0  14  0.51 0.40
  515 L   -3  0 -2  0 -2  0  4 -4  0  0 -2  1 -2  0 -4 -2  1 -1  4 -1    1   4   2   4   1   4  30   1   2   5   4   8   1   4   0   2   9   1  12   4  0.45 0.37
  516 V   -3 -6 -6 -8  0 -6 -8 -8 -8  5  3 -6  0  1 -7 -5 -4 -4 -5  4    2   0   0   0   2   0   0   0   0  30  30   0   2   4   0   1   1   0   0  27  1.24 0.62
  517 R   -4  3 -1  1 -6  2 -2 -4  2  5 -2  1 -1 -4 -6 -2 -1 -1  0 -1    1  15   3   7   0  10   2   1   5  29   3   8   1   0   0   3   4   1   4   3  0.54 0.39
  518 I   -5 -7 -5 -8  2 -6 -7 -7 -5  6  0 -1  0 -4 -7 -5 -4 -7 -6  5    1   0   1   0   4   0   0   0   0  35   9   5   2   0   0   1   1   0   0  40  1.43 0.71
  519 L    3  0 -4 -2 -4 -1 -2  0 -1 -1  2  0 -1 -2 -1 -1  0  2 -3  1   25   4   0   2   0   2   2   7   2   3  20   6   1   1   3   4   5   2   0   8  0.23 0.24
  520 K   -6  0 -7 -6 -10 -5 -4 -8 -7 -9 -9  8 -8 -6 -8 -7 -7 -10 -6 -9    0   4   0   0   0   0   1   0   0   0   0  94   0   0   0   0   0   0   0   0  3.05 1.35
  521 C   -3 -5  6  1  4  4 -5 -5  5 -3 -6 -5 -3 -1 -6 -1 -4 -1 -5 -1    2   0  38   7   7  17   0   1  11   2   1   0   1   3   0   4   1   1   0   5  1.22 0.71
  522 R   -7  9 -5 -8 -10 -6 -6 -8 -3 -7 -9  0 -5 -9 -6 -6 -8 -9 -8 -9    0  91   0   0   0   0   0   0   1   0   0   6   0   0   0   0   0   0   0   0  3.10 1.35
  523 F   -1 -1 -1 -1 -3 -1  1 -2  3 -1 -1 -1  1  4  0 -2 -2  2  3 -1    4   3   3   3   1   2   9   3   7   2   6   3   4  21   5   3   3   3  11   4  0.32 0.18
  524 T   -2 -3  5  2 -2  0 -2 -1  0 -2 -2 -1 -2  1 -4  1  2  0  0 -2    4   1  27  10   1   4   2   5   2   3   4   3   1   6   0   9  12   1   3   3  0.41 0.33
  525 G   -5 -7 -5 -3 -9 -6 -6  8 -4 -10 -9 -6 -9 -9 -4 -3 -8 -5 -7 -9    1   0   1   2   0   0   0  91   0   0   0   0   0   0   1   2   0   0   0   0  2.69 1.18
  526 D   -2  1  0  1 -3  1  2 -4 -1 -5 -3  2 -2 -3  4 -1  0 -1 -2 -2    3   7   4   9   1   5  15   1   1   0   3  11   1   1  22   5   6   1   2   3  0.45 0.34
  527 T   -2 -2 -3 -5  0 -1 -2 -5 -4  2  2 -3 -1 -5 -2 -2  5 -6 -4  2    2   2   1   0   2   3   3   1   0  12  16   1   1   0   2   3  37   0   1  12  0.73 0.49
  528 G   -4 -5 -2 -1 -6 -4 -4  7 -4 -8 -8 -5 -7 -8 -5 -3 -5 -7 -5 -6    1   1   2   3   0   1   1  84   0   0   0   1   0   0   1   2   1   0   1   1  2.27 1.01
  529 I   -1  1 -1  1 -1 -1  1 -3 -2  1 -1  1  1 -2  0  0  2 -4 -1  1    3   7   3   7   1   1  10   1   1   8   4  10   4   2   5   8  14   0   2   9  0.13 0.16
  530 A    3 -3 -4 -3  0 -3 -2 -3 -3  3 -2 -1  1  1 -3 -1  0 -3 -3  4   23   2   1   2   2   1   3   2   1  15   2   3   3   5   1   4   5   0   0  25  0.44 0.33
  531 G    0 -1  1  1  2 -1  0  2 -1  0 -1 -1 -1 -1  2 -1  0 -2 -2  0    8   3   6   8   6   2   5  15   1   6   5   4   1   3  12   3   4   1   1   6  0.13 0.10
  532 Y   -1  1 -2 -1 -2  0  1 -1  1 -1  0  2  0  1 -1  0  0  1  2  0    3   7   1   2   1   4   8   5   3   3   8  13   3   6   2   7   6   2   9   6  0.08 0.10
  533 M   -3 -4 -6 -8 -6 -6 -7 -6 -6  0  6 -4  3  2 -7 -6 -1  2 -1  1    2   1   0   0   0   0   0   1   0   4  61   1   6   8   0   0   3   3   2   9  1.25 0.65
  534 E   -1  1 -1 -2 -2  0  1 -2  0 -1 -2  2 -1  2 -3 -1  0  3  3 -1    5   8   3   2   1   4   9   2   3   3   3  12   1  11   1   5   7   4  12   3  0.24 0.21
  535 Y   -7 -7 -8 -7 -4 -6 -8 -8 -3 -6 -3 -5 -2  8 -9 -8 -8  5  7 -6    0   0   0   0   0   0   0   0   1   0   2   1   1  49   0   0   0   6  38   0  2.58 1.11
  536 N   -5 -2  5  6 -5  1  0 -4  0 -2 -3 -3 -2 -4 -5 -1 -3 -8 -6 -3    1   2  25  40   0   5   5   2   3   3   3   1   1   1   0   4   2   0   0   2  1.09 0.62
  537 K   -2  2 -1 -2 -6  0  0  0 -1 -1 -2  4 -3 -6  4 -1 -1 -3 -2 -2    3  12   3   2   0   4   5   7   1   4   3  25   1   0  17   5   3   0   1   2  0.47 0.35
  538 E   -1  0  1  2 -3  1  4 -4  0 -2 -4  1 -4 -1 -1  0  0 -5 -1 -1    6   5   7  12   1   6  25   1   2   2   1  10   0   3   2   6   5   0   2   6  0.35 0.30
  539 T   -2 -4  2 -5  0 -4 -4 -6 -3 -3 -3 -3 -4  0 -6  3  6 -2  2 -3    2   1  10   0   2   1   1   0   1   1   3   1   0   5   0  18  44   1   7   1  1.06 0.67
  540 G   -1  0 -1 -3 -3 -1 -4  5  1 -4 -1  0  0 -2 -4 -1  2 -3  0 -4    6   5   2   1   1   2   0  37   3   1   7   7   3   2   0   4  15   0   3   1  0.55 0.38
  541 W   -5  7 -3 -5  0 -1 -2 -6 -2 -3 -1  1 -1 -1 -6 -3  1  1 -1 -4    1  54   1   1   2   2   2   0   1   1   6   7   2   2   0   2   9   2   2   1  1.21 0.67
  542 L   -5 -4 -7 -6 -7 -4 -5 -7 -4  0  2 -6  2  7 -6 -5 -4 -3  6 -2    0   1   0   1   0   1   1   0   0   5  21   0   5  38   0   1   1   0  22   2  1.50 0.72
  543 E   -1  0 -1  1 -4  0  3 -3  2 -1 -1  0 -1 -1 -3  1  1 -3  1  0    3   4   3   7   0   4  22   2   5   4   5   5   1   2   0  13   7   0   5   6  0.22 0.22
  544 P   -2 -3  2  3 -3  1  4 -3 -4 -5 -3 -1 -3 -3  4 -1 -1 -6 -3 -3    2   1   9  14   1   5  30   2   0   0   2   3   1   1  18   5   3   0   1   2  0.71 0.45
  545 S    1  0 -1  0  2 -1 -1 -1  0 -1  0 -1  1  0  0  0  1 -2  2  0   12   6   2   7   5   2   3   3   2   4   9   3   4   4   4   8   8   0   8   6  0.05 0.09
  546 S    0 -1  1  2 -4  0  3 -2 -2 -3 -2  0 -2 -2  1  2  0 -5 -1 -2    8   3   6  12   0   4  17   2   1   1   4   4   1   1   6  18   6   0   2   3  0.27 0.24
  547 Y   -1  0 -1  0 -3 -1  0 -1 -1 -1 -1  0 -2  3  2 -1 -1  2  3 -1    4   6   2   6   0   2   6   6   1   4   7   6   0  12  11   4   4   3  12   3  0.18 0.17
  548 S    0  0  1  1 -2  0  2 -1 -1 -1 -3  0 -3  0  3  1  0  0  1 -2    7   4   8   7   1   3  13   3   1   3   2   5   0   4  14  10   5   1   5   2  0.20 0.18
  549 G   -1 -2  0  1 -5  0  2  2  0 -3 -3  0 -2  0  2 -1 -1  0  1 -3    4   2   3   9   0   4  17  16   2   1   2   6   1   5  11   4   4   1   5   1  0.26 0.23
  550 E   -2  0  0  4 -2  0  4 -2 -2 -2 -2  1 -2 -4 -1 -1 -1 -1 -3 -2    3   5   4  20   1   4  29   3   0   3   5   8   1   0   3   4   3   1   1   2  0.45 0.33
  551 E   -1  0  1  3 -5  0  3 -1  1 -2 -3  2 -1 -2  0  0 -1 -5 -3 -2    6   4   8  15   0   3  21   4   3   3   3  13   1   2   5   5   3   0   0   2  0.30 0.24
  552 E   -1 -1  1  2 -3  1  3 -2 -2 -2 -2  0 -2 -2  2  0  0 -5 -1 -2    5   2   6  14   0   6  25   2   1   3   4   5   1   2  11   6   5   0   2   2  0.34 0.27
  553 S    0 -1  1  2 -3  0  1 -1 -1 -2 -2  0 -2  1  2  1  0  0  1 -2   10   3   6  11   0   3   8   4   1   3   3   6   0   6   9  10   7   2   5   2  0.13 0.13
  554 H   -1 -1  1  1 -4 -1  2 -1  2 -2 -1 -1 -3  2  1  0  0 -1  2 -1    3   3   8   8   0   2  14   4   6   2   6   3   0   9   8   6   5   1   8   4  0.16 0.17
  555 S    1 -1 -1  2 -4  0  1  0 -2 -2 -2  0 -1 -1  3  1 -1  1 -2 -2   10   3   2  13   0   4   9   6   1   3   2   6   2   3  15  13   3   2   1   2  0.23 0.19
  556 E   -2 -2  0  3 -6  2  5 -2 -3 -4 -4  0 -1 -1 -1 -2 -2 -6 -3 -2    4   2   3  19   0   7  39   4   0   0   1   6   1   4   2   3   2   0   1   3  0.72 0.45
  557 S   -1 -1  2  2 -3 -1  1  0 -2 -1 -1  1 -1  0 -2  2  1 -1 -1 -1    3   2   9  10   0   2  10   7   0   3   5  11   2   4   1  15   9   1   1   4  0.14 0.16
  558 T    0  0  1  0 -3  0  0 -1 -1 -1 -2 -1 -1  1  1  2  2 -3  1 -1    6   4   8   4   0   4   5   3   1   2   3   3   2   5   6  17  17   0   6   4  0.16 0.18
  559 D   -2 -3  3  4 -5 -1  2  0 -2 -5 -3  0 -5 -5  3  0  0 -1 -2 -4    2   0  13  28   0   2  13   6   1   0   2   5   0   0  13   6   5   1   1   1  0.59 0.37
  560 W   -1 -4 -2  0 -5  0  0 -3 -4  0 -1 -2  0  4 -2 -3 -1  9  2 -2    5   0   2   5   0   4   8   2   0   6   4   2   2  19   2   2   4  25   6   3  0.86 0.43
  561 S   -1 -1  1  3 -2  0  2  1  1  0 -2  0 -3 -4 -3  2  0 -4 -1 -2    3   2   8  16   1   3  13  10   5   9   2   4   0   0   1  15   5   0   2   3  0.22 0.20
  562 N   -2 -2  5  3 -5 -2  4 -2 -3 -1 -4  2 -4 -5 -2  0 -2 -5  0 -4    2   1  26  14   0   0  26   3   0   5   1  11   0   0   1   6   2   0   4   0  0.68 0.41
  563 D   -1 -4  1  7 -6  0  3 -3  0 -3 -6 -1 -5 -6 -2 -2 -4 -7 -6 -6    5   0   6  56   0   3  17   1   2   2   0   2   0   0   1   3   0   0   0   0  1.25 0.55
  564 T   -1 -2 -1  1  0 -1  1 -1  1 -1 -1 -1 -2 -2  2  1  2 -3  0  1    4   0   2   7   3   0  13   5   4   2   7   3   0   2   9  11  14   0   3  12  0.12 0.14
  565 D   -2 -5  0  6 -6 -4 -1 -3 -5 -6 -6 -3 -6 -7  6 -3 -4 -7 -6 -6    3   0   3  46   0   0   3   2   0   0   0   1   0   0  41   0   0   0   0   0  1.66 0.61
  566 F   -5 -6 -6 -7 -5 -6 -6 -6 -3 -3 -3 -6 -3  9 -7 -5 -5 -2  4 -4    0   0   0   0   0   0   0   0   0   0   0   0   0  85   0   0   0   0  15   0  2.38 0.66

                      K         Lambda
Standard Ungapped    0.1332     0.3159
Standard Gapped      0.0410     0.2670
PSI Ungapped         0.1626     0.3176
PSI Gapped           0.0498     0.2670
