
Last position-specific scoring matrix computed, weighted observed percentages rounded down, information per position, and relative weight of gapless real matches to pseudocounts
           A  R  N  D  C  Q  E  G  H  I  L  K  M  F  P  S  T  W  Y  V   A   R   N   D   C   Q   E   G   H   I   L   K   M   F   P   S   T   W   Y   V
    1 M   -1 -2 -2 -3 -2 -1 -2 -3 -2  1  2 -1  6  0 -3 -2 -1 -2 -1  1    0   0   0   0   0   0   0   0   0   0   0   0 100   0   0   0   0   0   0   0  0.42 0.02
    2 V    2 -2 -2 -2 -1 -1 -2 -2 -2  1  0 -1  0 -2 -2  0  2 -3 -2  2   27   0   0   0   0   0   0   0   0   0   0   0   0   0   0   0  26   0   0  47  0.20 0.00
    3 T    0 -1  0 -1 -1 -1 -1 -2 -2 -1 -1 -1 -1 -2 -1  1  5 -3 -2  0    0   0   0   0   0   0   0   0   0   0   0   0   0   0   0   0 100   0   0   0  0.51 0.01
    4 I   -1 -3 -3 -3 -1 -3 -3 -4 -3  4  2 -3  1  0 -3 -2 -1 -3 -1  3    0   0   0   0   0   0   0   0   0 100   0   0   0   0   0   0   0   0   0   0  0.42 0.01
    5 V   -1 -3 -3 -3 -1 -3 -3 -4 -3  4  1 -3  1  0 -3 -2 -1 -3 -1  3    0   0   0   0   0   0   0   0   0  76   0   0   0   0   0   0   0   0   0  24  0.38 0.01
    6 W   -3 -3 -4 -4 -3 -2 -3 -3 -3 -3 -2 -3 -2  1 -4 -3 -3 11  2 -3    0   0   0   0   0   0   0   0   0   0   0   0   0   0   0   0   0 100   0   0  2.42 0.02
    7 K   -1  2  0 -1 -3  1  1 -2 -1 -3 -3  5 -1 -3 -1  0 -1 -3 -2 -2    0   0   0   0   0   0   0   0   0   0   0 100   0   0   0   0   0   0   0   0  0.55 0.01
    8 E   -1 -1 -1  1 -4  1  4 -2 -1 -3 -3  0 -2 -3  4  0 -1 -3 -2 -3    0   0   0   0   0   0  77   0   0   0   0   0   0   0  23   0   0   0   0   0  0.75 0.01
    9 S    1 -1  0 -1 -1  0  0 -1 -1 -3 -3  0 -2 -3  4  3  1 -3 -2 -2    0   0   0   0   0   0   0   0   0   0   0   0   0   0  27  73   0   0   0   0  0.59 0.01
   10 K   -1  2  0 -1 -3  1  1 -2  4 -3 -3  4 -2 -3 -1  0 -1 -3  0 -3    0   0   0   0   0   0   0   0  26   0   0  74   0   0   0   0   0   0   0   0  0.46 0.01
   11 G    0 -2  0 -1 -3 -2 -2  6 -2 -4 -4 -2 -3 -3 -2  0 -2 -3 -3 -3    0   0   0   0   0   0   0 100   0   0   0   0   0   0   0   0   0   0   0   0  1.07 0.01
   12 T    0 -1  0 -1 -1 -1 -1 -1 -2 -1 -2 -1 -1 -2 -1  2  4 -3 -2  0    0   0   0   0   0   0   0   0   0   0   0   0   0   0   0  23  77   0   0   0  0.43 0.01
   13 A    4 -2 -2 -2  0 -1 -1  0 -2 -1 -2 -1 -1 -2 -1  1  0 -3 -2  0  100   0   0   0   0   0   0   0   0   0   0   0   0   0   0   0   0   0   0   0  0.43 0.01
   14 K   -1  2  0 -1 -3  1  1 -2 -1 -3 -3  5 -1 -3 -1  0 -1 -3 -2 -2    0   0   0   0   0   0   0   0   0   0   0 100   0   0   0   0   0   0   0   0  0.55 0.01
   15 S    1 -1  1  0 -1  0  0  0 -1 -2 -3  0 -2 -3 -1  4  1 -3 -2 -2    0   0   0   0   0   0   0   0   0   0   0   0   0   0   0 100   0   0   0   0  0.48 0.01
   16 R   -2  6 -1 -2 -4  1  0 -2  0 -3 -2  2 -1 -3 -2 -1 -1 -3 -2 -3    0 100   0   0   0   0   0   0   0   0   0   0   0   0   0   0   0   0   0   0  0.79 0.01
   17 Y   -2 -1 -1 -3 -3 -1 -2 -3  5 -2 -2 -2 -1  2 -3 -2 -2  1  6 -2    0   0   0   0   0   0   0   0  26   0   0   0   0   0   0   0   0   0  74   0  0.74 0.01
   18 K   -1  2  0 -1 -3  1  1 -2 -1 -3 -3  5 -1 -3 -1  0 -1 -3 -2 -2    0   0   0   0   0   0   0   0   0   0   0 100   0   0   0   0   0   0   0   0  0.55 0.01
   19 A    4 -2 -2 -2  0 -1 -1  0 -2 -1 -2 -1 -1 -2 -1  1  0 -3 -2  0  100   0   0   0   0   0   0   0   0   0   0   0   0   0   0   0   0   0   0   0  0.43 0.01
   20 R   -1  5  0 -2 -4  1  0 -2  0 -3 -2  3 -2 -3 -2 -1 -1 -3 -2 -3    0  75   0   0   0   0   0   0   0   0   0  25   0   0   0   0   0   0   0   0  0.69 0.03
   21 R   -2  6 -1 -2 -4  1  0 -3  0 -3 -2  2 -2 -3 -2 -1 -1 -3 -2 -3    0 100   0   0   0   0   0   0   0   0   0   0   0   0   0   0   0   0   0   0  0.84 0.04
   22 A    4 -2 -1 -2 -1 -1 -1  3 -2 -2 -2 -1 -1 -3 -1  1  0 -3 -2 -1   75   0   0   0   0   0   0  25   0   0   0   0   0   0   0   0   0   0   0   0  0.43 0.02
   23 E   -1 -1 -1  1 -2  1  4 -2 -1  0 -1  0 -1 -2 -1  0  2 -3 -2  0    0   0   0   0   0   0  61   0   0  17   0   0   0   0   0   0  22   0   0   0  0.35 0.02
   24 L   -1 -1 -2 -3 -2 -1 -2 -3 -2  1  3  1  1  0 -2 -2 -1 -2 -1  1    0   0   0   0   0   0   0   0   0   0  58  22   0   0   0   0   0   0   0  20  0.21 0.01
   25 I   -1 -3 -3 -3 -1 -3 -3 -4 -3  3  1 -3  1 -1 -3 -2  0 -3 -1  4    0   0   0   0   0   0   0   0   0  41   0   0   0   0   0   0   0   0   0  59  0.38 0.02
   26 A    4 -1 -1 -1 -1  0  2  0 -1 -2 -2  0 -1 -3 -1  1  0 -3 -2 -1   80   0   0   0   0   0  20   0   0   0   0   0   0   0   0   0   0   0   0   0  0.36 0.02
   27 E   -1  0  0  3 -3  2  2 -1 -1 -3 -3  2 -2 -3 -1  1  0 -3 -2 -2    0   0   0  22   0  17  16   0   0   0   0  25   0   0   0  20   0   0   0   0  0.38 0.01
   28 R   -2  6 -1 -2 -4  1  0 -3  0 -3 -2  2 -2 -3 -2 -1 -1 -3 -2 -3    0 100   0   0   0   0   0   0   0   0   0   0   0   0   0   0   0   0   0   0  0.84 0.04
   29 R   -1  5 -1 -2 -3  1  0 -2 -1 -3 -2  2 -1 -3 -2  0  1 -3 -2 -2    0  80   0   0   0   0   0   0   0   0   0   0   0   0   0   0  20   0   0   0  0.64 0.05
   30 S   -1  0  0  0 -2  0  2 -1 -1 -2 -1  2 -1  2 -1  1  0 -1  0 -1    2   1   1   1   0   1  19   2   0   1   2  30   0  21   1  14   1   0   1   1  0.16 0.01
   31 N   -1 -1  2  4 -2  0  1 -1 -1 -2 -2  0 -2 -2 -1  1  0 -3 -2 -2    2   1  13  50   0   1   1   2   0   1   2   1   0   1   1  20   1   0   1   1  0.43 0.02
   32 E    1  2  0  0 -2  3  1 -1  0 -2 -2  2 -1 -2 -1  0 -1 -2 -1 -1   18  13   1   1   0  26  10   1   0   1   2  19   0   1   1   1   1   0   1   1  0.25 0.01
   33 A    2  0 -1 -1 -1  2  0 -1 -1 -2 -1  1 -1 -2 -1  1  0 -3 -2 -1   40   0   0   0   0  16   0   0   0   0   9  17   0   0   0  18   0   0   0   0  0.21 0.02
   34 L   -1 -2 -3 -2 -2 -1  1 -3 -2  1  4 -2  1  0 -3 -2 -1 -2 -1  0    0   0   0   0   0   0  21   0   0   0  79   0   0   0   0   0   0   0   0   0  0.31 0.02
   35 A    4 -1 -1 -1 -1  0  1  0 -2 -2 -2 -1 -1 -3 -1  1  0 -3 -2 -1   85   0   0   0   0   0  15   0   0   0   0   0   0   0   0   0   0   0   0   0  0.38 0.03
   36 R   -1  5  0 -1 -3  1  0 -2 -1 -3 -2  2 -2 -3 -2  1  0 -3 -2 -2    0  64   0   0   0   0   0   0   0   0   0  16   0   0   0  21   0   0   0   0  0.54 0.03
   37 K   -1  1  2 -1 -3  3  0 -2 -1  0 -2  3 -1 -3 -2  0 -1 -3 -2 -1    0   0  17   0   0  21   0   0   0  15   0  47   0   0   0   0   0   0   0   0  0.27 0.02
   38 I   -2 -2  2 -2 -2 -2 -2 -3 -2  3  1 -2  0  2 -3 -2 -1 -2  0  2    0   0  21   0   0   0   0   0   0  63   0   0   0  17   0   0   0   0   0   0  0.21 0.02
   39 A    4 -1 -1  2 -1  0  1  0 -1 -2 -2 -1 -1 -3 -1  1  0 -3 -2 -1   74   0   0  16   0   0  10   0   0   0   0   0   0   0   0   0   0   0   0   0  0.34 0.03
   40 L   -1  3 -2 -2 -2  0  1 -3 -1  0  2  0  1 -1 -2 -2 -1 -2 -2  0    0  31   0   0   0   0  17   0   0   0  53   0   0   0   0   0   0   0   0   0  0.23 0.02
   41 K    2  1 -1 -1 -1  0  0 -1 -1 -2 -2  3 -1 -3 -1  1  1 -3 -2 -1   42   0   0   0   0   0   0   0   0   0   0  42   0   0   0   0  15   0   0   0  0.27 0.02
   42 L    1 -2 -3 -3 -1 -2 -2 -2 -2  1  3 -2  1  2 -2 -1 -1 -1  0  1   21   0   0   0   0   0   0   0   0   0  47   0   0  16   0   0   0   0   0  17  0.21 0.01
   43 S    0 -1  4  0 -2  0 -1 -1 -1 -2 -2  0  1 -2 -2  2  2 -3 -2 -1    0   0  36   0   0   0   0   0   0   0   0   0  10   0   0  37  17   0   0   0  0.32 0.02
   44 G   -1 -2  0  3 -3 -1  0  5 -2 -4 -4 -1 -3 -3 -2  0 -2 -3 -3 -3    0   0   0  36   0   0   0  64   0   0   0   0   0   0   0   0   0   0   0   0  0.74 0.03
   45 C   -1 -3 -3 -4  8 -2 -3 -3 -3 -1  0 -3  3 -2 -3 -1 -1 -2 -2 -1    0   0   0   0  76   0   0   0   0   0   0   0  24   0   0   0   0   0   0   0  0.96 0.04
   46 V    0 -1  0 -1 -1  0 -1 -1  3  1  0 -1  0 -1 -1  1  0 -2  0  2    2   1   1   1   1   1   2   2  20   1   3   2   1   1   1  20   2   0   1  37  0.09 0.01
   47 R   -1  5  0 -1 -2  1  0 -1  0 -2 -1  2 -1 -2 -1  0 -1 -2 -1 -2    2  70   1   2   1   1   2   2   1   2   3   2   1   1   2   2   2   0   1   2  0.43 0.01
   48 A    2 -1 -1 -1 -1 -1 -1 -1 -1  1  0 -1  0 -1 -1  0  0 -2 -1  2   37   2   1   2   1   1   2   2   1   2   3   2   1   1   2   2   2   0   1  36  0.10 0.01
   49 D   -1 -1  0  4 -2 -1  0 -1 -1  1 -1 -1 -1 -1 -1  0  0 -2 -1  1    2   2   1  45   1   1   2   2   1  12   3   2   1   1   2   2   2   0   1  16  0.21 0.01
   50 K   -1  3  0 -1 -2  1  0 -1 -1 -1  0  3  0 -1 -1  0 -1 -2 -1 -1    2  22   1   2   1   1   2   2   1   2  17  36   1   1   2   2   2   0   1   2  0.17 0.01
   51 A    3 -1 -1 -1  0 -1 -1  0 -1 -1 -1 -1 -1 -2  0  1  0 -2 -1  0   71   2   1   2   1   1   2   2   1   2   3   2   1   1   2   2   2   0   1   2  0.23 0.01
   52 A    2 -1 -1 -1 -1 -1 -1  0 -1 -1 -1 -1 -1 -2 -1  1  2 -2 -1  0   43   1   1   1   1   1   2   2   1   1   3   2   1   1   1   2  33   0   1   2  0.20 0.01
   53 S    1 -1  0  0 -1  0  0  0 -1 -3 -3  0 -2 -3 -1  4  1 -3 -2 -2    0   0   0   0   0   0   0   0   0   0   0   0   0   0   0 100   0   0   0   0  0.54 0.04
   54 L   -1 -2 -2 -2 -1 -1 -2 -2 -2  1  3 -2  1 -1  2  1  0 -2 -1  0    0   0   0   0   0   0   0   0   0   0  62   0   0   0  10  28   0   0   0   0  0.24 0.02
   55 G    1 -2  0 -1 -2 -1 -1  5 -2 -3 -3 -1 -2 -3 -2  2  0 -3 -3 -2   10   0   0   0   0   0   0  62   0   0   0   0   0   0   0  28   0   0   0   0  0.63 0.02
   56 S    1 -1  0 -1 -1 -1 -1 -1 -2  0 -1 -1 -1 -2 -1  3  1 -3 -2  1    0   0   0   0   0   0   0   0   0   0   0   0   0   0   0  72   0   0   0  28  0.28 0.03
   57 L   -2 -2 -3 -4 -2 -3 -3 -4 -2  1  3 -3  2  4 -3 -3 -2 -1  1  0    0   0   0   0   0   0   0   0   0   0  72   0   0  28   0   0   0   0   0   0  0.44 0.02
   58 R   -1  6  0 -2 -3  1  0 -2  0 -3 -2  2 -2 -3 -2  0 -1 -3 -2 -3    0  89   0   0   0   0   0   0   0   0   0   0   0   0   0  11   0   0   0   0  0.73 0.04
   59 C    2 -2 -1  3  6 -1 -1 -1 -2 -2 -2 -2 -2 -3 -2  0 -1 -3 -3 -1   28   0   0  31  41   0   0   0   0   0   0   0   0   0   0   0   0   0   0   0  0.51 0.03
   60 K   -1  1 -1 -1 -3  1  0 -2 -1 -1 -2  5 -1 -3 -2 -1 -1 -3 -2  1    0   0   0   0   0   0   0   0   0   0   0  78   0   0   0   0   0   0   0  22  0.40 0.06
   61 K   -1  3 -1 -1 -3  1  0 -2 -1 -2 -2  4 -2 -3  3  0  1 -3 -2 -2    0  17   0   0   0   0   0   0   0   0   0  50   0   0  14   0  19   0   0   0  0.44 0.04
   62 A    4 -1 -2 -1 -1  0  2 -1 -2 -1 -2 -1 -1 -2 -1  1  0 -3 -2  0   72   0   0   0   0   0  20   0   0   0   0   0   0   0   0   0   0   0   0   9  0.33 0.05
   63 E   -1  0 -1  1 -3  3  3 -2 -1 -2 -2  1 -2 -3  3 -1 -1 -3 -2 -1    0   0   0   5   0  20  38   0   0   0   0   9   0   0  19   0   0   0   0   9  0.48 0.04
   64 E    1 -1 -1  1 -3  1  4  2 -1 -3 -3  0 -2 -3 -1  0 -1 -3 -2 -2   17   0   0   0   0   0  64  19   0   0   0   0   0   0   0   0   0   0   0   0  0.50 0.05
   65 V    1 -3 -3 -3 -1 -2 -2 -2 -3  3  1 -2  0 -1 -2 -1  0 -3 -2  3   20   0   0   0   0   0   0   0   0  23   0   0   0   0   0   0   0   0   0  58  0.30 0.04
   66 E   -1  3 -1  0 -4  1  4 -2 -1 -3 -3  1 -2 -3  3 -1 -1 -3 -2 -3    0  33   0   0   0   0  48   0   0   0   0   0   0   0  20   0   0   0   0   0  0.62 0.05
   67 R   -1  4  0  0 -2  3  2 -2  0 -2 -2  1 -1 -2 -1  0 -1 -2 -1 -2    1  40   1   1   0  20  15   1   0   1   2   1   0   1   1  10   1   0   1   1  0.36 0.03
   68 K    0  1  0 -1 -2  1  0 -1 -1 -2 -2  4 -1 -2 -1  2  0 -2 -2 -2    1   1   1   1   0   1   1   1   0   1   2  59   0   1   1  24   1   0   1   1  0.32 0.04
   69 Q   -1  2  2  0 -2  2  2 -1  0 -2 -2  1 -1 -2 -1  0  1 -2 -2 -2    1  18  17   1   0  17  18   1   0   1   2   1   0   1   1   1  18   0   1   1  0.27 0.04
   70 N   -1  0  4  1 -2  0  0 -1  3 -2 -2  1 -1 -2 -1  0  0 -2 -1 -2    2   1  50   1   0   1   2   2  17   1   2  11   1   1   1   2   1   0   1   2  0.33 0.01
   71 R   -1  5  1 -1 -2  1  0 -1  0 -2 -2  2 -1 -2 -1  0 -1 -2 -1 -2    2  68   9   1   0   1   2   2   1   1   2   1   1   1   1   2   1   0   1   2  0.43 0.02
   72 I   -1 -2 -2 -2 -1 -1 -2 -2 -2  3  2 -2  1  0 -2 -1  0 -2 -1  1    2   1   1   1   0   1   2   2   1  44  26   1   1   1   1   2  10   0   1   2  0.15 0.01
   73 Y   -1 -1 -2 -2 -2 -1 -2 -2  0 -1 -1 -2 -1  2 -2 -1 -1  7  5 -1    2   1   1   1   0   1   2   2   1   1   2   1   1   1   1   2   1  29  47   2  0.75 0.02
   74 Y   -1 -1 -1 -2 -2 -1 -1 -2  1 -1 -1 -1 -1  2 -2 -1 -1  2  6 -1    2   1   1   1   0   1   2   2   1   1   2   1   1   1   1   2   1   0  76   2  0.58 0.02
   75 S    0  3  0 -1 -2  1  0 -1 -1 -3 -2  2 -2 -3 -1  3  0 -3 -2 -2    0  33   0   0   0   0   0   0   0   0   0  20   0   0   0  47   0   0   0   0  0.38 0.02
   76 K   -1  2  1 -1 -3  3  1 -2  0 -3 -3  4 -1 -3 -1  0 -1 -3 -2 -2    0   0   7   0   0  20   0   0   0   0   0  72   0   0   0   0   0   0   0   0  0.49 0.02
   77 P   -1 -2 -2 -2 -3 -1 -1 -2 -2 -3 -3 -1 -3 -4  8 -1 -1 -4 -3 -3    0   0   0   0   0   0   0   0   0   0   0   0   0   0 100   0   0   0   0   0  2.11 0.04
   78 R   -1  4  0  0 -2  1  2 -2  0 -2 -2  1 -1 -2 -1  0  0 -2 -1 -2    2  47   1   1   0   1  26   1   0   1   2   1   0   1   1   1   9   0   1   1  0.35 0.01
   79 S    0  0  0 -1 -2 -1 -1  2 -1 -3 -3  0 -2 -3  4  3  0 -3 -2 -2    0   8   0   0   0   0   0  20   0   0   0   0   0   0  25  46   0   0   0   0  0.50 0.02
   80 E   -1 -1  0  1 -4  1  4  2 -1 -4 -3  0 -2 -3 -1  0 -1 -3 -2 -3    0   0   0   0   0   0  75  25   0   0   0   0   0   0   0   0   0   0   0   0  0.59 0.03
   81 M    1  2 -2 -3 -2  0 -1 -2 -1  1  1  0  4 -1 -2 -1 -1 -2 -1  0   25  20   0   0   0   0   0   0   0   6   0   0  48   0   0   0   0   0   0   0  0.18 0.02
   82 G    0 -3 -1 -1 -3 -2 -2  6 -2 -4 -4 -2 -3 -3 -2  0 -2 -3 -3 -3    0   0   0   0   0   0   0 100   0   0   0   0   0   0   0   0   0   0   0   0  1.11 0.03
   83 V    0 -2 -2 -2 -1 -2 -2 -2 -3  2  0 -2  0 -1 -2  1  0 -3 -1  3    0   0   0   0   0   0   0   0   0  10   0   0   0   0   0  25   0   0   0  64  0.22 0.02
   84 T    0 -2 -1 -2 -1 -1 -1 -2 -2  2  0 -1  0 -2 -2  1  4 -3 -2  1    0   0   0   0   0   0   0   0   0  25   0   0   0   0   0   0  75   0   0   0  0.35 0.03
   85 C   -1 -4 -3 -4  9 -3 -4 -3 -3 -1 -2 -3 -2 -3 -3 -1 -1 -3 -3 -1    0   0   0   0 100   0   0   0   0   0   0   0   0   0   0   0   0   0   0   0  1.41 0.05
   86 V    0 -2 -2 -2 -1 -1 -2 -2 -2  1  1 -1  3 -1 -2  1  0 -3 -1  3    0   0   0   0   0   0   0   0   0   0   0   0  25   0   0  26   0   0   0  49  0.18 0.02
   87 G    0 -3 -1 -1 -3 -2 -2  6 -2 -4 -4 -2 -3 -3 -2  0 -2 -3 -3 -3    0   0   0   0   0   0   0 100   0   0   0   0   0   0   0   0   0   0   0   0  1.11 0.03
   88 R   -2  6 -1 -2 -4  1  0 -2  0 -3 -2  2 -1 -3 -2 -1 -1 -3 -2 -3    0 100   0   0   0   0   0   0   0   0   0   0   0   0   0   0   0   0   0   0  0.80 0.02
   89 Q   -1  1  0  0 -3  6  2 -2  0 -3 -2  1 -1 -3 -1  0 -1 -2 -2 -2    0   0   0   0   0 100   0   0   0   0   0   0   0   0   0   0   0   0   0   0  0.71 0.02
   90 K   -1  2  0 -1 -3  1  1 -2 -1 -3 -3  5 -1 -3 -1  0 -1 -3 -2 -2    0   0   0   0   0   0   0   0   0   0   0 100   0   0   0   0   0   0   0   0  0.56 0.01
   91 I   -1 -1 -2 -2 -2  2 -1 -3 -1  1  2 -1  5  0 -2 -1 -1 -2 -1  1    0   0   0   0   0  20   0   0   0   8  13   0  60   0   0   0   0   0   0   0  0.25 0.01
   92 K   -1  3  0 -1 -3  1  1 -2 -1 -3 -3  4 -1 -3 -1  0 -1 -3 -2 -2    0  20   0   0   0   0   0   0   0   0   0  80   0   0   0   0   0   0   0   0  0.54 0.01
   93 L   -1 -2 -2 -3 -2 -2 -3  3 -3  1  3 -2  1  0 -3 -2 -1 -2 -2  0    0   0   0   0   0   0   0  32   0   0  68   0   0   0   0   0   0   0   0   0  0.30 0.01
   94 G    0  0  0 -1 -2  0 -1  4 -1 -3 -3  2 -2 -3 -2  1 -1 -3 -3 -3    0   0   0   0   0   0   0  55   0   0   0  32   0   0   0  13   0   0   0   0  0.51 0.01
   95 S    1 -1  1  0 -1  0  0  0 -1 -3 -3  0 -2 -3 -1  4  1 -3 -2 -2    0   0   0   0   0   0   0   0   0   0   0   0   0   0   0 100   0   0   0   0  0.49 0.01
   96 K   -1  1 -1 -1 -2  0  0 -2 -1  1 -1  4  0 -2 -2 -1 -1 -3 -2  0    0   0   0   0   0   0   0   0   0  32   0  68   0   0   0   0   0   0   0   0  0.24 0.01
   97 P   -1 -2 -2 -2 -3 -1 -1 -2 -2 -2 -1 -1 -2 -3  7 -1 -1 -4 -3 -2    0   0   0   0   0   0   0   0   0   0  11   0   0   0  89   0   0   0   0   0  1.71 0.02
   98 L   -2 -2 -4 -4 -1 -2 -3 -4 -3  2  4 -3  2  0 -3 -3 -1 -2 -1  1    0   0   0   0   0   0   0   0   0   0 100   0   0   0   0   0   0   0   0   0  0.48 0.01
   99 I   -1 -3 -3 -3 -1 -3 -3 -4 -3  4  2 -3  1  0 -3 -2 -1 -3 -1  3    0   0   0   0   0   0   0   0   0 100   0   0   0   0   0   0   0   0   0   0  0.42 0.01

                      K         Lambda
Standard Ungapped    0.1284     0.3161
Standard Gapped      0.0410     0.2670
PSI Ungapped         0.1155     0.3176
PSI Gapped           0.0354     0.2670
