
Last position-specific scoring matrix computed, weighted observed percentages rounded down, information per position, and relative weight of gapless real matches to pseudocounts
           A  R  N  D  C  Q  E  G  H  I  L  K  M  F  P  S  T  W  Y  V   A   R   N   D   C   Q   E   G   H   I   L   K   M   F   P   S   T   W   Y   V
    1 M   -2 -2 -3 -4 -2 -1 -3 -4 -3  2  1 -2  8 -1 -3 -2 -2 -2 -2  0    0   0   0   0   0   0   0   0   0  12   0   0  88   0   0   0   0   0   0   0  0.94 0.20
    2 A    6 -1 -3 -3  2 -2 -3 -2 -3 -3 -3 -2 -3 -4 -3 -1 -2 -4 -3 -2   92   4   0   0   4   0   0   0   0   0   0   0   0   0   0   0   0   0   0   0  1.11 0.38
    3 V   -2  0 -3 -4 -2 -3 -3 -2 -3  2  1 -3  2  1 -4 -2  0 -3  0  4    0   6   0   0   0   0   0   3   0  14  13   0   8   7   0   0   6   0   3  40  0.38 0.20
    4 N    0 -3  3  5 -4  0  0  0 -2 -2 -5  0 -4 -2 -3 -1 -1 -5 -1 -4    7   0  18  47   0   3   2   8   0   2   0   5   0   2   0   2   3   0   2   0  0.75 0.35
    5 P    1 -4 -3 -1 -4 -3 -3 -1 -4 -4 -1 -1 -1 -2  7  0  0  0 -4 -3   11   0   0   4   0   0   0   4   0   0   7   4   2   2  53   6   4   2   0   0  1.11 0.43
    6 D   -1  0  1  4 -4 -1  1 -1 -1 -2 -4 -1  0 -4 -3  1  3  0  0 -2    2   5   4  27   0   1  11   4   1   1   0   3   3   0   0   9  21   1   3   3  0.40 0.28
    7 R   -1  6 -1 -1 -6  1  0 -3 -3 -3 -5  3  0 -5 -1 -2 -1 -1 -2 -3    4  47   2   4   0   4   6   2   0   1   0  18   2   0   2   1   4   1   1   1  0.86 0.47
    8 T    3 -2 -3 -1 -4 -2 -1  4 -1 -3 -4 -2 -2 -3 -4  0  1 -1 -4 -1   29   2   0   3   0   1   3  32   1   1   1   2   1   1   0   6  10   1   0   5  0.55 0.37
    9 T    0  1  0 -1 -2  2  0 -1 -1  0  0  0  0 -2 -1 -1  1 -3 -1  1    8   9   5   4   1  13   4   4   1   4   9   6   2   1   2   2  10   0   2  15  0.09 0.14
   10 P    1  0  0  1 -2  1  3  0  0 -3 -2  0 -2 -3  2  1 -1 -1 -1 -2   10   4   4   7   1   6  21   6   2   1   5   4   1   1  12   8   3   1   2   2  0.23 0.20
   11 F    0  3 -2 -2 -1  0 -1 -2 -1 -1  1  0  1  1 -2 -1  0  0  0  0   11  24   1   1   1   4   4   2   1   3  15   3   3   7   2   3   4   1   2   6  0.16 0.19
   12 L   -1  0 -2 -3 -3 -2 -1 -3  0  1  3 -1  4  2 -2 -1 -1 -2 -1  1    3   5   2   1   0   1   4   1   2   7  30   3  14   9   1   4   3   0   2   7  0.29 0.25
   13 G    2 -2  0  0 -4 -1 -2  4 -3 -3 -2  0 -3 -3 -1  0  0  0 -1 -2   19   2   5   4   0   2   1  37   0   2   3   5   0   1   2   5   5   1   2   3  0.46 0.32
   14 V    3  0 -1 -1 -3 -1  0 -1 -3  1 -1 -1 -1 -3  0  0  1 -1 -2  2   25   5   3   2   0   2   6   4   0   7   5   3   1   0   5   5  10   1   1  14  0.17 0.20
   15 N    0  0  3  3 -4  1  2 -1 -2 -2 -2 -1 -2 -2 -2  0  0 -2 -3 -3    9   4  15  20   0   6  17   4   0   3   3   2   1   1   1   6   5   0   1   2  0.35 0.29
   16 D    0 -1 -1  2 -5  1  4 -3  0  0 -2 -1  0 -3 -3 -2 -2 -5 -3  1    7   3   2  11   0   6  34   1   2   7   4   3   2   1   1   2   2   0   0  12  0.45 0.37
   17 P    1  2 -2 -3 -3  0 -1 -2 -2 -1  0  1  0 -2  1  0  2 -4 -2  1   12  10   1   0   0   4   3   2   1   3  10  11   2   1   8   5  13   0   1  12  0.16 0.20
   18 K    3  4  0 -1 -5  0 -2 -1 -4 -4 -3  4 -1 -5 -3  0 -1 -6 -5 -2   23  21   4   3   0   4   1   5   0   1   2  23   1   0   1   5   4   0   0   3  0.53 0.42
   19 V    4 -2 -1 -1 -4 -3 -3 -1 -5  0 -1 -3  1 -3 -1  1  0 -5 -2  2   42   2   2   3   0   0   1   4   0   4   6   0   3   1   3   9   7   0   1  13  0.52 0.43
   20 A    1 -3 -2 -3 -4  0 -4  0 -3 -1  4 -3  5 -3 -2 -2  0 -5 -2  0   13   1   2   1   0   5   0   7   0   2  36   1  15   0   2   3   5   0   1   5  0.53 0.42
   21 Q    0 -1  1 -1 -4  2 -1 -1  0 -2 -2  0  0 -4 -2  3  3 -3 -3 -1    8   3   8   3   0  10   3   4   2   2   4   4   2   0   1  21  21   0   0   3  0.34 0.34
   22 T    0 -3 -2 -3 -4 -2  2 -2 -3  0 -1 -2  0 -4 -3  1  4 -5 -1  2    8   1   1   1   0   1  15   4   1   6   5   2   2   0   1   8  31   0   2  12  0.45 0.42
   23 G    1 -2 -1  0 -5 -3 -3  5 -4 -3 -4 -3 -3 -2 -4  2  2 -6 -4 -2   11   2   3   6   0   1   1  38   0   2   2   1   1   2   0  14  13   0   0   2  0.65 0.47
   24 D    0 -2  1  3 -5 -2 -2 -2 -4 -3 -3 -1 -4 -4 -1  2  4 -6 -5  0    7   2   5  18   0   2   2   3   0   1   2   3   0   1   2  18  27   0   0   6  0.55 0.46
   25 S    2 -3  1  4 -5 -3 -2  2 -3 -4 -3 -3 -3 -4  1  2  1 -6 -5 -4   16   1   7  24   0   1   2  14   0   1   2   0   1   0   8  13  10   0   0   1  0.55 0.44
   26 M    2 -3  0  0 -4  0  0  1 -4 -2 -2 -2 -1 -4  1  2  2 -1 -3 -1   18   0   4   6   0   4   5   9   0   2   4   2   1   0   6  18  15   1   0   4  0.27 0.29
   27 F    3 -3 -1  1 -4 -1 -1  1 -3 -3 -1 -2 -3  2 -3  0  0  5 -1 -2   27   1   3   7   0   3   4  12   0   1   6   2   0   9   1   6   5   8   2   2  0.34 0.32
   28 E    2 -4 -2 -1 -6 -2 -2  6 -4 -3 -6 -3 -4 -5 -4  0 -2 -6 -4 -3   18   1   1   4   0   2   2  55   0   1   0   1   0   0   1   6   3   0   0   2  1.13 0.66
   29 G    1 -6 -3 -1 -6 -2 -2  6 -6 -5 -6 -4 -6 -2 -4 -1 -3 -6 -2 -3   13   0   1   4   0   2   3  64   0   1   0   1   0   2   1   4   1   0   2   2  1.37 0.76
   30 Y   -2 -5 -1 -3 -5 -2 -2 -5 -3  1  1 -4 -2  4 -1 -3  0  3  5  0    4   0   3   1   0   2   3   1   0   7  15   1   1  16   3   2   6   4  24   7  0.63 0.44
   31 L   -3 -5 -7 -6 -5 -6 -7 -7 -5  3  5 -6  0 -2 -7 -4  0 -4 -4  2    2   0   0   0   0   0   0   0   0  15  54   0   2   1   0   1   7   0   0  15  1.19 0.67
   32 E    0 -2 -3 -2 -6 -2 -3 -4 -4  0 -3 -4 -3 -5  6 -3 -1 -7 -5  4    9   3   1   2   0   2   1   1   1   4   2   0   0   0  38   1   3   0   0  30  1.12 0.71
   33 P   -1 -2 -1 -1 -7  1  1 -4 -3 -4 -6 -2 -6 -6  6 -2  3 -7 -3 -2    5   2   3   4   0   6   9   1   1   1   1   3   0   0  44   3  15   0   1   3  1.09 0.71
   34 E   -1 -2 -1  2 -6  3  5 -3 -1 -4 -5 -2 -5 -6  0  0  1 -6 -3 -2    5   2   3  10   0  13  38   2   1   1   1   2   0   0   4   5   9   0   1   3  0.75 0.56
   35 Q   -2 -2 -3 -2 -4  1  0 -3 -1  1  1 -3  2  4 -2 -2  0  0  2  2    3   1   1   2   0   8   5   1   1   9  11   1   5  17   2   2   7   1   7  13  0.30 0.27
   36 A    2 -1 -2 -1 -4  0 -1  0 -1  0 -1 -3  1 -1 -3  2  0 -1  0  1   20   4   1   3   0   3   4   7   1   6   6   0   3   3   0  18   4   1   4  10  0.19 0.24
   37 Q    2  0  1  1 -4  1  0  1 -1 -3 -2  0 -1 -3 -1  2  1 -4 -4 -3   18   6   8   8   0   6   4  10   1   1   4   4   1   1   3  14   9   0   0   1  0.22 0.25
   38 D    0 -1 -1  3 -5  1  4  1 -2 -3 -1 -1 -2 -4  0  0  0 -6 -4 -4    8   3   3  14   0   7  26  10   0   1   6   3   1   0   4   6   5   0   0   1  0.39 0.35
   39 Y   -4 -2 -5 -3 -5 -1 -3 -5 -6  5  2 -4  0  4 -6 -3 -3 -2  0  3    1   2   0   2   0   3   2   1   0  31  15   1   2  15   0   2   1   1   3  18  0.78 0.48
   40 F   -4 -4 -4 -3 -5 -3 -4 -6 -5  5  2 -5  2  3 -5 -5 -4  3 -2  2    1   1   1   2   0   2   1   0   0  35  20   0   5  13   0   1   1   3   1  13  0.95 0.55
   41 A    0  1  0  2 -5  2  3 -1 -2  0 -3  1 -2 -5 -2 -1 -1 -6 -4 -2    8   8   4  13   0  10  19   5   1   5   3   9   1   0   1   4   4   0   0   2  0.32 0.30
   42 E    0  1 -1  1 -4  0  1 -2 -1 -1  1  2  0 -1  1 -1 -1 -2 -1 -1    9   7   3   9   0   3   8   3   1   2  18  14   3   3   6   3   4   1   2   2  0.11 0.16
   43 A    2 -2 -4 -5 -5 -3 -4 -5 -6  2  4 -4  1 -2 -4 -2 -2 -6 -3  3   17   2   1   0   0   1   1   1   0   8  38   1   3   1   1   3   2   0   1  19  0.68 0.47
   44 E    0  4 -2 -2 -5  1  0 -2 -2 -1  0  0  1 -2 -1 -2  0 -3  0  0    9  25   2   2   0   7   6   3   1   3  11   5   4   1   2   2   7   0   3   7  0.25 0.27
   45 K    1  2  2  1 -5  1  3 -1 -2 -3 -3  1 -4 -4  2 -1 -1 -6 -3 -3   11  11   8   7   0   6  20   4   1   1   2   8   0   0  10   4   4   0   1   2  0.35 0.33
   46 I    0  1  1 -1 -4  2  1 -1  0 -1 -2  1  0  0  0  0  0 -2  0 -1    9   9   6   3   0  10   9   3   2   4   4   8   2   4   4   7   6   0   4   4  0.11 0.14
   47 S    0 -2  0 -3 -3 -4 -4 -1 -5 -6 -4 -3 -2 -6 -4  6  1 -8 -5 -3    8   2   5   1   0   1   1   6   0   0   2   1   1   0   1  59   9   0   0   2  1.20 0.81
   48 I    1 -3 -2 -3 -3 -3 -4 -3 -3  2  0 -3 -1  0  2 -1  0 -4 -2  4   13   2   2   2   0   1   0   1   1  10   9   1   1   4  11   5   6   0   1  30  0.44 0.36
   49 V    1 -6 -5 -7 -2 -6 -5 -5 -6  4  2 -6  2  3 -5 -4 -3 -2  0  4   10   0   0   0   1   0   0   1   0  23  16   0   4  11   0   1   1   1   3  28  0.87 0.52
   50 Q    0  4 -3 -2 -4  0 -1  0 -4 -1  1 -2  4  0 -3 -2 -2 -2 -2 -2    9  26   1   2   0   4   3   8   0   3  16   1  13   4   1   3   3   0   1   2  0.47 0.40
   51 Q    1  4 -1 -2 -6  4 -2 -2 -4 -4 -4  2 -3 -5  0  1 -2 -3 -6 -4   11  24   3   2   0  21   2   3   0   1   1  10   0   0   5  12   2   0   0   1  0.68 0.53
   52 F    0  0 -2 -4 -4 -3 -3  1 -3  2  4 -2  2  0 -5 -2 -2 -2  0  0    8   6   2   1   0   1   1  11   1  10  36   2   5   4   0   2   2   1   3   5  0.38 0.31
   53 A    5 -4 -3 -4  1 -3 -4  3 -6 -3 -1 -5 -2 -2 -3  1 -2 -6 -6 -1   45   1   1   1   3   1   1  19   0   2   6   0   1   2   1  10   2   0   0   5  0.79 0.56
   54 Q    0  4  0 -1 -3  1 -2  0 -1 -4 -3  0 -1 -4  1  0  3 -6 -4 -2    8  25   4   3   1   5   2   7   1   0   3   6   2   1   7   5  18   0   0   3  0.41 0.37
   55 K   -1  3 -1 -3 -5  1 -2 -3 -1  0 -2  0  0 -2 -2  0  2 -5 -2  3    4  18   3   1   0   5   2   1   2   5   2   6   3   2   2   6  15   0   1  22  0.35 0.33
   56 I   -3  1 -4 -4 -3 -2 -1 -4 -1  4  1 -3  3 -1 -5 -3  0 -1 -2  4    1   7   0   1   0   1   4   1   1  22  12   2   6   2   0   2   7   1   1  28  0.58 0.40
   57 P   -2  1  0 -1 -6  1 -1 -3 -2 -2 -2 -1 -2 -3  6  0  1 -4 -5 -3    3   8   4   4   0   5   4   3   1   3   4   3   1   1  38   7  10   0   0   2  0.75 0.53
   58 M   -1 -2 -2 -3 -4 -2 -4 -1 -4  1  1 -4  7  1 -3 -2  2 -3 -4  2    4   2   2   2   0   1   1   4   0   7  13   1  28   6   1   3  14   0   0  11  0.69 0.49
   59 G    0 -1  0  0 -4 -1 -1  2 -2 -1 -1 -2 -2 -3  2  2  2 -5 -1 -2    7   4   5   6   0   2   3  14   1   3   6   2   1   1  12  16  16   0   2   2  0.27 0.28
   60 T    0  0  0 -2 -3 -2 -2  2 -2 -2 -2 -1 -2  1  0  3  2 -3 -2 -1    8   5   4   2   0   1   2  15   1   2   4   4   1   6   5  22  11   0   1   4  0.23 0.26
   61 T    0  0  3  1 -4  0 -1  3  1 -4 -3  0 -2 -2  1  0  0 -3 -3 -3    7   6  13   9   0   3   3  22   3   1   2   5   1   2   7   8   5   0   0   2  0.30 0.26
   62 G    0 -1  2  1 -3  1  1  2 -2 -3 -3  1 -3 -4 -1  1  2 -5 -3 -2    7   4  10   8   0   5   8  15   1   1   2   7   0   1   3  10  14   0   0   3  0.25 0.24
   63 Q   -2  0 -1 -3 -3  0 -2 -3 -2  2  1  0  2  0 -3 -2  1 -2  1  2    3   6   4   1   0   4   2   1   0  10  17   6   5   5   1   3   8   1   5  19  0.19 0.20
   64 K    0  3  0  1 -4  0  0 -3  0 -1 -3  2 -2 -3 -2  1  2 -5 -2 -1    6  16   4   7   0   4   6   1   2   3   2  13   0   1   2   9  16   0   1   4  0.28 0.28
   65 I   -2 -4 -3 -6 -5 -2 -3 -5 -3  5  1 -3  2  3 -4 -4 -2 -2  1  3    3   1   1   0   0   2   2   1   1  35  12   1   6  12   1   1   2   1   4  16  0.77 0.47
   66 P    0 -3 -2 -4 -4 -2 -5 -3 -4 -3 -2 -4 -3 -1  7 -2 -2 -3 -4 -2    8   1   2   1   0   2   0   2   0   2   5   1   1   3  62   3   2   1   1   4  1.58 0.89
   67 H   -1  4 -2 -4 -4 -1 -3 -2 -2  1 -1  2 -1 -1 -2 -1  1 -1  0  2    6  21   1   0   0   2   1   3   1   8   5  14   1   2   1   4   9   1   3  18  0.34 0.32
   68 W   -1  1 -1 -1 -3  2  0 -2 -2  1  1 -1  1  0 -1 -1 -1  1 -1  1    4   8   3   3   0  13   5   2   1   9  16   3   3   5   3   4   3   2   1  13  0.13 0.17
   69 T    1 -2  0  1 -3 -2 -1 -1 -3 -2 -2 -1 -2 -4 -2  1  4 -6 -5  0   14   2   4   9   0   1   5   4   0   2   4   3   1   0   2  12  31   0   0   7  0.43 0.39
   70 G    2 -3 -1  1 -2 -1 -1  4 -3 -4 -3 -1 -2 -4 -2  2  1 -6 -3 -3   14   1   3   7   1   2   3  31   0   0   2   3   1   0   2  16  10   0   1   2  0.51 0.40
   71 D    0 -1  0  3 -3 -1  0  3 -1 -2 -2 -1 -2 -3 -3  1  0 -5 -3 -2    6   4   4  18   0   2   5  27   1   2   4   4   1   1   1   9   7   0   1   4  0.36 0.30
   72 V    2 -3 -3 -2 -3 -4 -3  0 -3  0 -2 -3  0 -1  4  0  1 -3 -4  1   19   1   1   2   0   0   1   8   0   5   4   1   2   3  23   8   9   0   0  12  0.46 0.38
   73 S    1 -1  0  0 -4  0  1  0 -2 -2 -3 -1 -2 -4 -1  2  4 -5 -3  0   11   2   4   6   0   5   8   8   1   2   1   2   1   1   2  13  26   0   0   7  0.32 0.33
   74 A    5 -5 -3 -4 -2 -4 -4  1 -4 -2 -3 -5 -2 -1  1 -1 -2 -2 -4  2   55   0   1   1   1   0   0   9   0   2   2   0   1   3   6   4   2   1   0  12  0.92 0.63
   75 S    1 -2 -1  0 -2  0  0  2  0 -4 -4 -1 -2  0 -3  2  0 -1  4 -2   14   2   3   5   1   4   6  16   2   1   1   3   1   3   1  14   6   1  16   2  0.32 0.32
   76 W   -4 -4 -6 -7 -4 -2 -6 -5 -7 -1 -4 -5 -2  3 -5 -6 -4 11  3 -2    1   1   0   0   0   2   0   1   0   4   2   1   1  12   1   1   1  61   8   3  2.92 1.30
   77 I   -2  0 -5 -6 -5 -3 -3 -3 -1  3 -1 -2 -1 -3 -3 -4  1 -6 -2  6    3   6   0   0   0   1   1   2   2  13   4   3   1   1   1   1   8   0   2  52  0.93 0.59
   78 G    3 -2  0  1 -5 -2  0  5 -4 -4 -4 -1 -5 -6 -1  0 -1 -6 -5 -3   22   2   3   8   0   1   5  39   0   1   1   3   0   0   4   6   4   0   0   2  0.67 0.45
   79 E   -4 -3 -3 -1 -8  0  8 -5 -2 -8 -8 -2 -3 -8 -4 -4 -4 -8 -4 -7    1   1   1   3   0   3  84   1   1   0   0   2   1   0   1   1   1   0   1   0  2.21 1.13
   80 G    0 -3  2 -1 -5 -2 -2  5 -1 -4 -2 -2 -2 -3 -5  0  2 -6 -3 -4    7   1  12   3   0   2   3  41   1   1   4   2   1   1   0   5  15   0   1   1  0.71 0.49
   81 D    2 -1 -1  2 -4  2  2  2 -1 -3 -4  0 -2 -4 -3  0  0 -5 -3 -2   18   2   2  10   0  10  16  16   1   1   1   4   1   1   1   6   6   0   1   3  0.34 0.32
   82 M    2  0  0  2 -4  0  1 -1 -3 -3 -1  0 -1 -3  2  0  1 -2 -4 -1   23   5   3  10   0   4   9   3   0   1   5   5   2   1  12   5   9   1   0   3  0.26 0.27
   83 K   -1  1 -3 -3 -4 -2 -2 -2 -1  4  0  2  0  0 -1 -2 -1 -1  0  1    6   8   1   1   0   1   1   3   1  29   6  16   2   3   4   3   3   1   4   7  0.32 0.31
   84 P    0 -2 -1 -1 -6 -1 -1 -1 -2 -3 -4 -1 -2 -6  6  0  3 -7 -6 -2    7   2   3   4   0   3   5   6   1   2   1   3   1   0  35   6  17   0   0   3  0.76 0.54
   85 I    0 -2 -1  0 -4  0  2 -2 -1 -1  0  0 -1 -1  0  0  2 -4 -2  2    9   1   2   6   0   3  18   3   1   3   8   5   1   2   4   6  12   0   1  15  0.16 0.21
   86 T   -1 -1 -1  0  0  1 -1  0  0 -2 -3 -1  0 -4 -2  3  3 -5 -1 -2    3   4   2   6   2   6   3   7   2   2   2   3   2   0   2  29  20   0   2   3  0.37 0.37
   87 K    0  0  1  3 -4  2  1  0  0 -2 -2  1 -1 -4 -1  0  0 -4 -1 -2    6   5   6  18   0   8   8   7   2   2   2  11   2   0   2   8   6   0   2   3  0.22 0.22
   88 G    1 -2 -1 -1 -3  1 -1  0 -1 -1  0 -1  2 -1  4  0  0  1 -1  0   11   2   2   2   0   7   3   6   2   4   8   2   6   3  19   6   4   2   2   8  0.20 0.21
   89 N    1 -3  0  1 -5  0  0  0 -4 -4 -4  0 -4 -6 -2  2  4 -4 -6 -1   13   1   4   8   0   4   6   6   0   0   1   6   0   0   2  15  29   0   0   4  0.55 0.46
   90 M   -4 -6 -5 -8 -7 -7 -6 -5 -4  0  2 -6 -1  7 -4 -5 -1  5  2  0    1   0   1   0   0   0   0   1   0   4  17   0   1  47   1   1   5   7   5   6  1.47 0.76
   91 T    0 -2  0  4 -6 -2  1  4 -4 -3 -4 -1 -3 -5 -4  0  1 -7 -4 -3    7   2   4  20   0   1   8  30   0   1   2   4   1   0   1   7   8   0   0   2  0.61 0.44
   92 S    0  1  1  0 -5  4  2 -1 -2 -2 -3  1  0 -2  0  1  0 -6 -3 -2    6   6   7   4   0  18  13   5   1   2   3   8   2   2   4  11   5   0   1   2  0.30 0.30
   93 Q   -1  0 -3 -3 -3 -1 -2 -4 -4  3  1  1 -1 -2 -2 -2 -1 -3 -2  4    5   4   1   1   0   3   2   1   0  13  13  10   1   1   2   2   3   0   1  34  0.52 0.37
   94 T   -1 -1  0  0 -5  0  2 -3  0 -2 -2  1 -2 -3 -2  1  4 -3 -1  0    4   4   4   5   0   4  12   2   2   3   3   7   1   1   2  10  27   0   3   6  0.34 0.33
   95 I   -1 -4 -4 -4 -3 -3 -6 -5 -7  3  4 -7  4  3 -3 -5 -4 -2 -2  1    5   1   1   1   1   1   0   1   0  15  43   0   9  10   1   1   1   1   1   8  0.91 0.54
   96 A    0  0  0  0 -5  0  0  0 -2 -2 -3  1 -1 -4  0  1  3 -3 -2  0    7   5   5   5   0   4   7   6   1   3   1   9   1   0   5  12  20   0   1   7  0.23 0.26
   97 P    3 -3 -4 -5 -4 -4 -4 -3 -3 -1 -2 -5 -3 -1  6  0 -1  0 -3  0   26   1   1   0   0   1   1   2   1   3   4   1   1   3  37   6   4   1   1   6  0.95 0.64
   98 H   -2  2 -1 -3 -3 -1 -1 -2  5 -2 -2  4 -1  2 -4 -3 -3  1  3 -2    4   9   3   1   1   2   4   3  13   2   4  28   1   7   1   2   2   2   9   3  0.58 0.42
   99 K   -3 -1 -3 -2 -6 -2  3 -4 -1 -4 -5  6 -3 -6 -3 -1  2 -2 -4 -2    2   3   1   2   0   1  15   1   1   1   1  47   1   0   1   5  14   1   1   3  1.06 0.67
  100 I    0 -3 -4 -6  0 -3 -6 -4 -2  3  4 -4  3  0 -4 -4 -3 -1  1  3    8   1   1   0   2   1   0   1   1  13  34   1   7   4   1   1   1   1   4  18  0.66 0.42
  101 A    4 -2 -2 -3 -2 -1 -2  3 -2 -3 -4 -2  1 -3 -4  0  0 -6  1 -1   39   2   2   2   1   3   2  20   1   2   1   2   4   1   1   6   5   0   4   4  0.61 0.46
  102 T    4 -2 -2 -4  2 -3 -3  2 -1 -1 -3 -2 -2 -2 -5  0  1 -2 -1  2   30   2   1   1   4   1   2  15   2   3   2   3   1   2   0   5   8   1   2  16  0.42 0.35
  103 I   -2 -1 -3 -4 -2 -2 -2 -4  0  4  3 -2  3  1 -4 -3 -2  0  2 -1    3   3   2   1   1   2   3   1   2  28  23   3   6   5   1   2   2   1   8   3  0.53 0.34
  104 F    0 -3 -3 -3 -1 -2 -3 -3 -2  2 -1 -3  0 -1  1  1  3 -5 -1  4    6   1   1   1   1   2   1   2   1  10   5   1   2   3   7  10  15   0   2  27  0.41 0.33
  105 V    0  1 -2  1 -2  0  0 -3 -2 -1 -2  1  0 -2  3 -1  0  0 -1  1    8   9   1   8   1   3   7   2   1   3   4  10   2   1  13   4   6   1   3  13  0.18 0.19
  106 A    1 -4 -4 -7 -1 -3 -4 -4 -3  4  1 -6  3  2 -4 -3 -2  2  1  4   12   1   1   0   1   1   1   1   1  19  11   0   6   8   1   2   2   3   4  26  0.64 0.41
  107 S   -3 -7 -2 -3 -7 -3 -4 -3 -1 -7 -8 -3 -7 -3  0  6  5 -8 -3 -4    2   0   2   1   0   1   1   2   2   0   0   1   0   1   5  48  31   0   1   1  1.40 0.88
  108 A   -1  4  4  1 -6  2  1 -4  0 -3 -3  0 -1 -3 -1 -1 -1 -1 -2 -2    5  21  17   8   0   9  10   1   2   2   3   6   2   1   3   3   3   1   1   3  0.47 0.37
  109 E   -2  1 -1  1 -8  2  6 -7 -1 -4 -3 -1 -2 -4 -7 -2  0  0 -7 -4    3   6   3   7   0   7  52   0   1   1   3   4   1   1   0   3   5   1   0   1  1.13 0.71
  110 T    0 -4 -4 -2 -5 -4 -5 -6 -4  0  5 -4  3  3 -6 -3 -2  1 -2  1    7   1   1   3   0   1   1   0   0   4  47   1   7  12   0   2   2   2   1   9  0.81 0.50
  111 V    1 -1 -4 -4 -5 -3 -3 -4 -6  2  4 -2  3 -1 -6 -3 -3 -1 -4  1   10   3   1   1   0   1   1   1   0  10  46   3   6   2   0   2   1   1   0  10  0.71 0.46
  112 R    0  4  1  2 -5  1  3 -4 -2 -3 -1  0  0 -3 -4 -1 -1 -3 -2 -4    7  21   7  10   0   6  22   1   1   2   6   5   3   1   0   4   4   0   1   1  0.45 0.36
  113 A    0 -2 -1  7 -7  2 -3 -4 -1 -5 -3 -4 -2  0 -5 -1 -3 -1  1 -5    7   3   3  55   0   8   1   1   1   1   2   0   1   4   0   5   1   1   5   1  1.21 0.71
  114 N    2 -3  1 -1 -4 -2 -2  0 -2 -4 -3 -1 -2 -3 -3  4  1 -2 -2 -3   19   1   7   2   0   2   2   6   1   1   2   3   1   1   1  38   9   1   2   2  0.59 0.48
  115 P    2 -2  1  1 -3  1 -1  0 -1 -1 -2 -1 -1 -2  2  2  0  0 -2 -1   16   2   7   8   0   5   3   6   1   3   4   2   2   1  10  16   6   1   1   5  0.17 0.19
  116 A    1 -3 -2 -2 -4 -1 -1 -1 -2  1  0 -2 -1  1  4  0 -1 -4  0  1   15   1   2   2   0   2   3   5   1  10   8   2   2   8  18   6   3   0   3  10  0.24 0.22
  117 N    1 -2  3  4 -4  0  0  1 -3 -3 -2 -1 -2 -5 -1  1 -1 -5 -4 -2   12   2  14  27   0   3   5  10   0   1   4   3   1   0   3  10   2   0   0   2  0.45 0.34
  118 Y    2 -3 -3 -5 -3 -3 -3 -2 -4  3  2 -3  1  2 -3 -1 -1 -4  1  2   16   1   1   0   0   1   1   3   0  20  18   1   3   8   1   3   2   0   5  16  0.38 0.29
  119 L    0 -1 -1  2 -4  0  3 -1 -3  0  0 -2  0  0 -2 -1 -1  2 -1 -1    7   3   2  14   0   4  26   4   0   6  10   1   2   4   1   3   3   3   2   4  0.24 0.25
  120 G    2  0  2  1 -4  2  1  1 -3 -3 -3 -1 -1 -3 -2  1  0 -5 -4 -2   22   4  10   9   0   9  11   9   0   1   2   3   1   1   2   9   5   0   0   3  0.28 0.27
  121 T    0 -2 -2 -2  0  1  0 -2  0  1  2 -2  1  1 -3 -1 -1  3  2  0    9   2   1   2   2   6   9   2   2  10  20   2   4   6   1   2   4   5   7   7  0.14 0.16
  122 M   -2 -5 -6 -6 -1 -5 -6 -6 -2  4  3 -3  3  0 -6 -4 -2 -5 -1  4    3   0   0   0   1   0   0   0   1  23  30   2   6   4   0   1   2   0   2  25  0.88 0.50
  123 R    1  4 -1 -2 -4  2  0  0 -1 -1 -2  1  0 -3 -2  0  0 -4 -4 -1   12  23   3   2   0   8   5   8   1   3   3   8   3   1   2   8   7   0   0   5  0.25 0.25
  124 T    0  2  2  3 -4  2  1 -1 -1 -3 -3  0 -1 -3  1  0  0 -5 -2 -3    7  10  11  16   0   9  11   4   1   1   3   4   2   1   6   6   5   0   1   1  0.27 0.24
  125 K    1  1 -1  4 -2  1  2 -1 -2 -2 -1  0 -1 -3 -3  0 -2  1 -2 -2   10   7   2  27   1   6  11   5   1   2   5   5   2   1   1   7   2   2   1   3  0.33 0.29
  126 V    0 -6 -6 -4 -1 -4 -6 -4 -2  3  4 -6  4  2 -6 -4 -3  0 -1  0    7   0   0   1   1   1   0   2   1  14  43   0  10   9   0   1   1   1   2   6  0.83 0.50
  127 A    4  0 -2 -4 -4 -1 -2  1 -3  0 -1 -2 -1 -3  0  0  0 -5 -3  1   36   5   1   0   0   2   2  10   1   6   6   2   1   1   5   7   5   0   1   9  0.35 0.32
  128 T    1  3  0  1 -5  1  3 -2 -2 -3 -3  2 -1 -2 -3 -1  0 -3 -1 -3   11  16   5   6   0   6  20   3   1   2   3  11   1   1   1   3   6   0   2   1  0.33 0.29
  129 A    5 -2 -2  2 -2  0 -1 -1 -2 -3 -3  0 -3 -4 -4  2 -2 -6 -4 -1   44   2   2  10   1   5   3   5   1   1   2   5   0   0   0  12   2   0   0   4  0.59 0.46
  130 F   -1 -5 -4 -4 -2 -4 -5 -4 -3  4  2 -5  3  4 -6 -3 -2 -2  0  2    6   0   1   1   1   1   0   1   1  23  18   0   8  19   0   1   3   0   2  13  0.72 0.44
  131 A    5 -1 -2 -3 -1 -2 -3  3 -3 -2 -4 -3 -3 -5 -5  1 -1 -6 -2 -1   46   3   2   2   1   1   1  19   1   2   1   1   1   0   0   8   4   0   2   4  0.76 0.53
  132 M    1  2  0  1 -4  1  0 -3 -1 -1  1  1 -1 -1 -2 -1 -1  1 -1  0   11  13   4   7   0   7   7   1   1   3  13  10   1   2   1   4   4   2   2   7  0.12 0.15
  133 A    3  0 -2 -3 -2  0  1  0 -2 -3  0  3 -1  0 -3 -1  0 -1 -1 -2   27   5   1   1   1   4   9   7   1   1   8  16   1   3   1   4   6   1   2   3  0.28 0.27
  134 F   -1 -2 -3 -3 -4 -1  3 -2 -1  3  2 -3  1  1 -5 -3 -1 -1  0  1    6   1   1   1   0   2  21   3   1  15  19   1   4   6   0   1   4   1   3  10  0.32 0.28
  135 D   -2 -6  1  7 -7 -2  0  0 -5 -3 -3 -5 -1 -3 -6 -2 -2 -7 -6 -6    3   0   5  61   0   2   6   8   0   2   4   0   1   1   0   3   2   0   0   0  1.45 0.74
  136 N    1  2  0  1 -3  1  0 -1  0 -1  0  1 -1 -2 -2  0  0  1 -1 -1   13  12   5   7   0   5   5   3   2   3  10   9   1   1   1   8   6   2   3   3  0.09 0.11
  137 A    5 -3 -1  0 -1 -1 -2  0  0 -3 -3 -2  0 -3 -1  0  0  0 -2 -1   46   1   2   5   1   3   2   6   2   1   2   2   2   1   3   6   5   1   1   5  0.55 0.41
  138 A    2 -3 -3 -2  0 -5 -3  0 -5  1  0 -3  1  6 -3 -2 -2  1  0  0   18   1   1   2   2   0   1   6   0   7   9   1   3  32   1   2   2   2   3   5  0.59 0.38
  139 I    0 -2 -2 -3  3 -2 -2  0 -2  1  0 -2  2  1 -3  0  0  4  2  0    8   0   0   0   8   0   0   8   0   8   8   0   8   8   0   8   8   8   8   8  0.17 0.14
  140 N    0  0  3  1 -1  0 -1  1  2 -2 -1 -1 -1  0 -2  0  0 -3  2 -1    9   4  14  10   1   5   2  11   5   2   5   3   2   5   2   6   5   0   7   3  0.13 0.15
  141 G   -1 -2  0 -1 -1 -2 -2  6 -4 -2 -3 -2 -5 -2  0 -1 -2 -5 -2 -2    6   2   4   3   2   2   2  54   0   2   2   3   0   2   5   3   2   0   2   3  0.85 0.49
  142 T    0 -1  1  2 -3 -1 -1  0 -1 -1  0 -1 -1 -2 -1  1  2 -4 -1  0    8   2   7  13   0   3   2   8   2   3  10   3   2   2   3   8  18   0   2   6  0.14 0.17
  143 D    1 -2  2  1 -4 -1 -1  4 -3 -2 -3 -1 -1 -4 -1  0  0 -4 -2 -2   12   2  11   8   0   2   3  33   0   2   2   3   2   0   3   6   6   0   2   2  0.42 0.30
  144 S    2 -2  1  0 -3 -1 -1  0 -3 -1 -2 -1 -1 -2  1  2  2 -4 -2  0   22   1   7   4   0   1   3   7   0   2   2   4   1   2   6  13  14   0   1   8  0.22 0.23
  145 P    0 -2  1  1 -6  0 -1  3  0 -2 -3 -1  0 -6  3  0  0  2 -6 -1    9   3   6   6   0   4   4  18   2   2   3   4   2   0  15   6   6   3   0   5  0.32 0.26
  146 F    0 -1  1  0  0  1  0  2  0 -2 -3  0  0  1  1 -1  1  1 -1 -2    6   3   5   5   2   6   7  14   2   3   3   7   2   6   7   5  10   2   2   3  0.12 0.13
  147 P    0 -3 -1 -1  0  1  0  1  0 -2 -4 -1 -1  0  5 -2  0  1 -1 -2    7   2   4   4   2   6   6  10   2   2   2   3   2   4  26   4   7   2   2   3  0.42 0.34
  148 T    0 -2  1  0 -6  0 -1  1 -2 -2 -2  0 -1 -2  3 -1  2  1 -3 -1    7   3   5   6   0   4   5  11   1   3   5   5   2   2  16   5  13   2   1   4  0.24 0.23
  149 F   -1  1 -1 -2 -1 -1 -2  4 -1 -2 -1  0 -1  0 -2  1 -1  0  0 -1    6   7   3   2   2   3   3  28   1   2   7   5   2   4   3   9   5   1   4   4  0.28 0.22
  150 L   -1 -3 -2 -2 -2 -3 -4  2 -2  3  2 -3 -1  0  2 -2 -2 -2 -2  1    5   1   2   2   1   1   1  17   1  16  18   2   2   4   9   3   3   1   1   9  0.38 0.25
  151 A    2 -1 -1 -2 -5 -2 -2 -1 -2  2  2 -2  2 -1  1 -1 -1 -1  0 -1   17   4   3   3   0   2   3   5   1  10  19   2   4   2   7   5   4   1   3   5  0.20 0.16
  152 Q    1  0  1  0 -2  1 -2  2  0 -2 -1  0 -2 -2  0  2  0  0  0 -1    9   5   7   6   1   6   3  13   2   3   7   5   1   2   4  13   7   1   3   4  0.11 0.12
  153 T    1 -4  3 -2 -2 -2 -3  1 -1  1 -1 -3 -1 -3 -2  1  2  1 -1  1   11   1  12   3   1   2   2   9   2   7   7   2   1   1   2  10  14   2   2   9  0.24 0.21
  154 T    2 -2  0 -1 -2 -2 -4 -1 -3  1  1 -3 -1 -3  0  0  3  1 -1  1   16   2   4   3   1   2   1   5   1   6  11   2   1   1   5   8  18   2   2   9  0.25 0.22
  155 K    2 -2  3  0 -2 -1 -1  1 -1  0 -2  0 -2 -3  1  1  1  0 -2 -1   15   2  13   5   1   3   3   9   1   5   4   5   1   1   6  10   8   2   2   4  0.18 0.17
  156 E    1 -2  0  0 -3 -1 -1  3 -1  0 -1 -1 -2 -1  0  0  1  0 -1  0   12   2   5   6   0   3   4  23   2   5   5   4   1   3   4   6   7   1   2   6  0.15 0.16
  157 V    1 -2  0 -1 -2 -1 -2  0 -1  2 -1 -2 -1 -1 -1  0  1 -1 -1  3   14   1   4   4   1   3   3   7   1  14   6   2   1   2   3   5   8   1   2  20  0.15 0.18
  158 S    1 -2  1  0 -2  0  0  2 -1 -1 -1 -1 -2 -2 -1  1  2 -4 -2 -1   12   2   8   4   1   5   5  15   2   3   5   3   1   1   3  10  14   0   1   5  0.16 0.19
  159 L    1 -1  1 -1 -3 -1 -1  0 -1  1  0 -1  0 -1  0  0  1  0 -1  1   11   2   8   3   0   2   3   9   2   7  10   4   1   2   4   6  12   2   2  10  0.05 0.09
  160 V    1 -2  0 -1 -3 -2 -2  0 -1  2 -1 -1 -1 -1 -1 -1  2 -1 -2  3   12   2   4   3   0   2   2   6   1  11   6   3   1   2   3   4  16   1   1  19  0.19 0.22
  161 D    1 -2  1  2 -4  0  0  0 -1 -1 -2 -1 -1 -2  0  1  2  0 -1  0   11   2   6  12   0   4   5   7   1   4   3   3   1   2   4   9  16   1   2   6  0.15 0.19
  162 P    2 -1  0 -1  0  0 -1  0  0  0 -1 -1  0 -1  0  0  1  1  0  0   17   4   4   4   2   3   3   8   2   4   5   4   3   3   5   5  11   2   3   9  0.06 0.10
  163 D    1 -1  0  1 -3  0  0  2  0 -1 -2 -1  0 -1  0  0  1  1 -1 -1   13   3   5   7   0   3   5  15   3   4   3   3   2   2   4   7  11   2   2   5  0.11 0.14
  164 G    1 -1  0  0  0 -1  0  2  0 -1 -2 -1 -1 -1 -1  1  1 -4 -1  0   12   2   5   5   2   3   5  19   2   3   4   3   2   3   3  10   9   0   2   6  0.13 0.15
  165 T    1 -2  0 -1 -4 -1 -1  1 -1  0 -2 -1 -1 -2 -2  1  3  0 -1  1   14   2   4   4   0   2   3  10   2   6   4   3   1   2   2  11  20   1   2   9  0.19 0.23
  166 G    2 -1  1  0 -3  0 -1  2 -1 -1 -1 -1 -1 -1 -1  0  2  1 -1 -1   16   2   6   4   0   3   3  18   1   4   5   3   1   2   3   6  12   2   3   5  0.15 0.18
  167 S    2 -2  1  0 -2  0 -1  1 -2  0  0 -1 -1 -1  0  0  1  0 -1  0   20   1   7   5   1   3   4   9   1   5   8   4   1   2   4   6  10   1   2   6  0.10 0.14
  168 N    2 -3  2  2 -4 -1 -1  2 -1 -1 -1 -2 -2 -1 -1  0  2  1 -1 -1   15   1  10  13   0   3   3  13   1   3   5   2   1   2   2   6  11   2   2   4  0.21 0.22
  169 A    3 -3  0  0 -2 -2 -1  1 -1 -1 -1 -2 -2 -2 -1  0  2  0 -1  0   26   1   4   5   1   2   3  12   1   4   7   2   1   2   3   6  11   1   2   6  0.21 0.22
  170 D    1 -3  1  4 -4  0 -1  0 -2 -1 -2 -2 -2 -2  1 -1  1 -1 -2 -1   12   1   7  24   0   4   4   6   1   4   4   3   1   2   6   4  11   1   1   4  0.31 0.28
  171 L    1 -2 -1  0 -3 -2 -2  0 -1  1  1 -1  0  0  2  0  1 -1 -1  0   14   1   3   5   0   1   2   8   2   7  15   3   2   5   9   5   9   1   2   5  0.09 0.12
  172 T    1 -2  0  1 -3 -2 -1 -1 -2  0  0 -1 -1 -1 -1  0  2 -1 -2  1   14   1   5  10   0   1   3   4   1   6  11   3   1   2   3   8  14   1   1  11  0.13 0.17
  173 V    1  0  0  0 -1 -1 -1  0 -1  1  0 -1  0  0 -1  0  1  2  0  1   12   4   3   6   1   2   4   6   1   8  10   3   1   5   2   5  10   3   3   9  0.03 0.06
  174 Y    1 -2  0  2 -2  0  1 -2 -1  0 -1 -2 -2  1 -2 -1  0  1  3  0   14   2   5  10   1   4   8   3   1   5   6   2   1   7   2   5   6   2  12   6  0.17 0.16
  175 D    0 -2  0  6 -3 -1  0 -1  1 -1 -1 -2 -1 -2 -2 -1 -1  0 -2 -3    8   3   4  37   1   2   6   5   3   4   6   3   1   2   2   5   4   1   2   2  0.58 0.37
  176 A    1 -2  0  2 -2 -1  0 -1 -2  1  1 -1  1 -1  0 -1 -1 -2 -2  0   11   2   3  14   1   2   5   5   1  10  13   4   3   3   5   4   4   1   1   8  0.10 0.11
  177 V    0 -1 -1  1 -3 -1 -1 -1 -2  2  1  0  0  1 -2 -1 -1 -1 -1  2    8   4   4   8   0   2   3   4   1  12  14   5   3   7   2   4   4   1   2  14  0.10 0.10
  178 A    2  0  0  0 -1 -1 -1 -1  0  1  1 -1  1 -1 -2  0 -1  0 -1  0   16   5   4   6   1   2   4   4   2   7  15   4   4   3   2   8   4   1   3   5  0.07 0.08
  179 V    1 -2 -2  0 -1 -1 -2 -1 -1  1  2 -2  3 -1 -2 -1 -1  0  0  1   14   2   2   5   1   3   3   4   1   7  20   3   7   3   2   4   3   2   3   9  0.18 0.14
  180 N    1 -1  1  2 -1 -1  1 -1  0  0  0  0  1  0 -1 -1 -1  1 -1 -1   11   3   7  13   1   3  11   4   2   5   9   5   4   4   3   4   4   2   2   4  0.11 0.11
  181 A    3 -1 -1  0 -1 -1 -1  0 -1 -2  0 -1  2 -2 -1  0 -1  0  0 -1   25   4   3   6   1   3   5   8   2   3   8   3   5   2   3   6   4   1   3   5  0.18 0.17
  182 L    1 -2 -2 -2 -3  0 -2 -1 -1  1  2 -1  3  1 -2 -1 -1  2  2  0   11   3   2   3   1   4   3   4   1   9  18   4   7   5   2   5   4   3   6   6  0.16 0.13
  183 S    1 -1  0 -1 -1  0  0  0  0  0  0 -1  0  2 -1  1  0 -1  2  0   12   3   4   4   1   3   6   7   3   6   9   3   2   8   3   9   5   1   7   6  0.05 0.06
  184 L    3  0 -1  0 -5  0 -1 -1 -1  1  1  1  0 -2 -1  0  0 -6  0  0   20   6   2   5   0   4   3   4   1   6  12   7   2   1   3   8   6   0   3   6  0.15 0.14
  185 L    1 -2  0 -1 -2 -2 -2 -2 -2  1  2 -3  2 -2 -1 -1 -1 -2 -2  2   13   2   5   4   1   2   3   4   1   8  21   1   4   1   3   5   4   1   1  15  0.24 0.18
  186 V    2 -1 -1  0 -5 -1  1 -2  0  0 -1  0  0 -3  1 -1  0 -2  0  0   19   4   3   5   0   3  10   4   2   6   7   5   2   1   6   5   7   1   3   6  0.14 0.14
  187 N    1 -1  5  2 -2  0  0  0 -2 -3 -3  0 -2 -1  0 -1 -1 -2  0 -3   11   3  21  11   1   4   7   7   1   2   3   5   1   3   5   5   4   1   3   2  0.35 0.28
  188 A    4 -1  2 -1 -3  0 -1  0 -2 -1 -1 -2 -1 -3 -1 -1 -2 -7 -1  1   28   3  10   4   1   4   4   8   1   3   6   3   1   1   3   5   3   0   2   9  0.32 0.26
  189 G    0  0  2  2  0 -2 -2  3  1 -2 -2 -1  0 -1  0  0 -1 -6  2 -2    7   5  10   9   2   2   3  19   3   2   5   3   2   2   5   7   3   0   7   3  0.24 0.20
  190 K    1  2 -1 -1 -1 -1 -1  1  0 -1 -1  0  2  0  1 -1 -1  1  2  0   12  10   3   3   1   2   3   9   2   3   7   5   6   4   6   4   3   2   7   6  0.11 0.11
  191 K    1  1  1  1 -5  0  0  0 -1 -1 -2  0  0 -1  1  0  1  0 -1 -1   10   7   7   9   0   5   7   8   1   3   4   5   2   2   6   7   8   1   3   5  0.08 0.09
  192 W   -1  1  2 -1  0 -1 -2  0 -1 -1  0  0  1 -1  2  0  0  2 -1 -1    6   7  10   3   2   3   2   8   2   3   9   5   3   3  10   8   5   3   3   5  0.10 0.11
  193 T    2 -2  2 -1  0 -3 -4 -1 -2 -2  0 -3  1 -3  0  0  3 -1 -2 -1   17   3  11   4   2   1   1   5   1   2  11   2   3   1   5   7  16   1   2   5  0.28 0.24
  194 H    3  1  0 -4 -1 -2 -3  2  0 -2 -3 -2  0 -2 -3  0 -1 -2 -1  2   22   7   5   1   1   2   2  17   2   2   3   3   2   2   1   6   5   1   2  14  0.37 0.27
  195 T   -1 -2 -2 -5 -1 -4 -5 -6  0  1 -3 -6 -2  4 -3 -2 -1 10  3 -1    6   2   2   1   1   1   1   1   2   7   4   1   1  15   2   3   5  32   9   4  1.49 0.77
  196 L    1 -3 -3 -8 -1 -4 -7 -4 -8  4  2 -4  2  0 -3 -3 -2 -2 -1  3   13   2   2   0   1   1   0   2   0  18  21   1   5   4   2   3   2   1   3  21  0.67 0.38
  197 L    1 -1 -2 -2  0 -2 -2 -2 -1  0  1 -4  6  0 -5 -1  1  1 -1  0   12   3   2   2   2   2   2   4   2   4  10   0  26   4   0   5   9   2   2   7  0.46 0.40
  198 D    0  0  4  1 -1 -1 -2 -1  3 -3 -3 -1  0 -2  1  2  0 -5 -4 -2    7   4  19   8   1   2   2   5   7   2   3   3   3   2   7  18   6   0   0   2  0.33 0.32
  199 D    0  1  1  1 -4 -1 -1 -1 -1 -2 -2 -1 -1  0  4  0 -1 -4 -1 -1   10   7   6   7   0   3   3   4   2   3   5   2   2   4  25   7   4   0   2   4  0.33 0.29
  200 I    1  1  0  0 -1  0  0  0  0 -1 -1  1 -1 -2  0  1  1  0 -1 -1   11   9   5   6   1   3   3   8   2   3   4  10   2   1   4   9   9   1   3   5  0.07 0.09
  201 T    1 -1 -1 -1 -2  0 -3 -2 -2  0  0 -3  2  1 -2 -1  4 -5 -2  1   11   3   3   3   1   4   1   4   1   4  10   1   6   5   2   5  24   0   1  12  0.30 0.29
  202 E    2  2 -3 -1 -2  0  1 -2 -2 -1  0  1  0  0 -3 -1 -2  3  0 -1   21  12   1   4   1   3   8   2   1   4  10   9   3   4   1   4   1   5   3   4  0.22 0.23
  203 P    2  0  0 -2 -2 -1 -2  2 -2 -1  0  0 -1 -2  1  0  0  2 -1  0   18   6   5   1   1   3   2  13   1   3   9   4   2   2   7   6   6   3   2   5  0.13 0.16
  204 I    2  0 -1 -1 -4  2  0 -1  0 -1 -1  1 -1  0 -2  0  1  0  0  0   16   6   3   3   0   9   4   4   2   4   5   9   2   4   1   7   9   1   4   6  0.10 0.14
  205 L    0 -4 -7 -7 -2 -4 -5 -4 -6  2  5 -3  2  0 -5 -3 -4 -1 -1  1    7   1   0   0   1   1   1   2   0  11  51   2   4   4   1   2   1   1   2   8  0.94 0.55
  206 N    2  4  0 -2 -3 -1 -1 -2 -2 -2 -1  2  2 -2 -4  1 -2 -5 -1 -1   15  21   4   2   1   3   3   3   1   3   7  11   5   2   1  10   2   0   3   5  0.31 0.28
  207 G    0  0  0 -2 -3  1 -1  2 -2 -2  0  3  1 -2 -3  0  2 -1 -3 -2    6   4   5   2   1   5   3  15   1   1  11  17   4   1   1   5  12   1   1   2  0.22 0.24
  208 A    2 -2 -3 -5 -5 -1 -2 -4 -3  1  4 -2  4 -1 -2 -1  0 -2 -2  0   15   3   1   0   0   3   3   1   1   6  34   3   9   2   2   4   6   1   1   5  0.47 0.36
  209 K    0  4 -2 -3 -1  0 -2 -3 -3 -2 -2  4 -2 -2 -2 -2  1 -1 -1  0    7  18   2   1   2   5   3   2   1   3   4  26   1   2   2   3   9   1   2   7  0.46 0.36
  210 D   -1 -3  2  6 -5 -2  0  0 -4 -2 -3  0 -3 -3 -2 -1  0 -6 -2 -2    5   2   9  39   0   1   5   7   0   2   3   6   1   1   2   5   7   0   1   3  0.70 0.47
  211 K    2 -3  0  0 -4 -1 -1  2 -3 -4 -2 -1 -2 -1  1  2  2 -5 -2 -2   19   1   4   5   0   3   3  14   1   1   3   3   1   3   7  14  15   0   1   3  0.28 0.29
  212 S    1 -2  4  2 -4  1 -1  0 -2 -2  0 -2 -1 -2 -2  1  2 -1 -2 -1   10   1  18  10   0   6   3   7   0   2   8   1   1   2   2   8  13   1   1   5  0.26 0.27
  213 G   -1 -3  1 -1 -2 -3 -3  6 -3 -5 -4 -2 -3 -4 -3 -2 -1 -6 -4 -4    5   2   6   4   1   1   2  61   1   1   2   2   1   1   2   4   4   0   1   2  1.23 0.68
  214 R    0  3  3  0 -4  3 -1 -1 -1 -2 -2  0  0 -2 -2  0  1 -2 -2 -2    7  14  14   4   0  14   4   4   2   3   3   5   2   2   2   8   8   1   1   3  0.28 0.26
  215 P    0 -2 -2 -2 -4 -1 -2 -1 -4 -2 -2 -1 -2  1  5 -2 -1 -4  4 -2    9   3   2   3   0   3   3   6   0   2   5   4   1   5  29   2   5   0  15   3  0.61 0.42
  216 L    0 -2 -1 -2 -2  0  0 -2 -2  3  3 -2  1 -1 -2 -2 -2 -3  0  1    7   2   3   2   1   4   6   4   1  17  27   2   3   2   2   2   2   0   3  11  0.25 0.20
  217 F   -2 -2 -2 -2 -4 -2 -3 -2 -4 -1  0 -3 -1  5 -2 -2 -1  6  4  0    4   2   2   3   0   2   2   4   0   4  10   1   2  25   2   3   4  11  12   7  0.67 0.39
  218 I    0  0  0 -1 -2  2 -1  0 -1  0  0 -1  0 -1  3 -1  0 -1 -2  1    8   5   5   2   1   9   4   7   1   5  10   3   2   3  13   4   5   1   1  10  0.10 0.12
  219 E    0 -1  0  2 -2  0  1  0 -3 -1 -2 -1  1 -3  4  1  0  1 -3 -2    7   3   4  12   1   5   9   6   1   4   4   3   3   1  18  10   5   2   1   3  0.25 0.23
  220 S    1  0  1  1 -3  0  0  1 -3 -1 -2 -2  0 -2  1  2 -1 -1 -2 -1   12   5   7   8   0   3   6  12   0   4   3   2   3   2   8  15   4   1   1   3  0.15 0.16
  221 T    0 -1  0 -1 -2 -1 -1 -1 -1  0  1 -2  1 -1  1  0  1 -1 -1  1    8   3   6   4   0   3   4   6   1   6  14   2   4   2   8   7  11   1   3   9  0.07 0.09
  222 Y    1 -1  0  0 -2  1 -1  0 -1 -1  0 -1  1  0  0  0  0  1  1  0   12   2   5   5   0   7   3   8   1   4  10   2   4   5   5   8   6   2   6   6  0.04 0.08
  223 T    1 -1  1  1 -3  0  0  0 -1 -1 -1 -1  0 -2  1  0  1  0 -2  0   15   2   6   8   0   4   4   8   1   4   8   4   2   1   7   7   9   1   1   6  0.08 0.10
  224 E    0  0  1  1 -2  0  1  3 -1 -2 -1 -1  0 -1  0  0  0 -1 -2 -2    9   4   6  10   1   4   9  23   1   2   5   3   2   2   5   5   5   1   1   3  0.19 0.17
  225 E    1 -1  0  0 -2  1  0  2 -1 -1 -1 -1  0 -2  1  0  0 -1 -1 -1   10   3   4   7   1   6   6  18   1   4   6   3   2   2   7   5   7   1   2   5  0.10 0.10
  226 N    1  0  1  0 -3  0 -1  2 -2 -1 -1 -1 -1 -2  2  0  0 -2 -2 -1   11   4   7   6   0   4   3  16   1   4   7   4   1   2   9   7   6   0   1   5  0.12 0.11
  227 S    1  0  0  0 -2  0 -1  0 -1  0  0  0  0  0  1  0  1 -1  0  0   12   4   5   6   1   3   3   8   1   6   7   4   3   3   6   8   9   1   3   5  0.04 0.05
  228 P    1 -1  0 -1 -3  0 -1  1 -2 -1  0 -1  0 -2  2  1  1  1 -1 -1   12   4   4   3   0   5   3  13   1   4   9   2   2   2   9  10   8   2   2   5  0.10 0.11
  229 F    1 -1 -1 -1 -2 -1  0  0 -1  0  0 -1  1  1  0  0  0  0  0  0   13   4   3   3   0   3   5   8   2   6  10   2   5   8   4   7   7   1   3   6  0.04 0.06
  230 R    0  1  0  0 -3  0  0  0 -1  0  1 -1  0 -1  2  0  0 -1 -2 -1    7   7   5   4   0   5   6   7   1   5  15   3   2   3  11   5   6   1   1   4  0.07 0.08
  231 L    0  0  0 -1 -2  0 -1  2 -2 -1 -1 -1  0  0  2  0  0 -1  1 -1    6   5   4   4   1   4   3  17   1   4   7   4   2   5  11   5   5   1   5   5  0.11 0.10
  232 G    0  0  1 -1 -3 -2 -2  4 -2 -3 -2 -1 -1 -1  1 -1 -1 -1 -1 -2    8   4   6   4   1   2   3  36   1   2   4   5   1   3   7   4   4   1   2   3  0.43 0.30
  233 R   -2  2  0 -1 -3  1  0 -2 -3 -2 -1 -1  0 -2  0  1  4 -3  0 -1    3  11   4   3   1   5   6   3   1   2   6   3   2   2   5   8  26   0   4   5  0.30 0.29
  234 I   -2 -3 -3 -4 -4 -4 -5 -4 -3  3  3 -4  0  1  2 -2  1 -2 -2  2    4   2   2   1   0   1   1   2   1  15  30   1   2   5  10   3   7   1   1  12  0.55 0.36
  235 V    0 -3  2 -1 -2 -3 -2 -2 -2  0  2 -2  2  2 -5 -2 -1  0  1  1    8   1  12   3   1   1   2   3   1   6  22   3   4   9   0   4   4   1   4  10  0.26 0.20
  236 A    0 -4 -1 -2 -3  1 -2  6 -5 -4 -5 -4 -4 -4 -4 -1  0 -4 -1 -1    7   1   4   2   1   5   3  53   0   1   2   1   1   1   1   5   5   0   3   4  1.03 0.62
  237 R   -3  2 -3 -3 -3 -3 -2 -4 -1  2  2 -1 -1  0 -5 -1  0  0  4  1    2  11   1   2   1   1   3   1   2  11  16   5   2   4   0   5   5   1  15  11  0.37 0.27
  238 P   -1 -1 -2 -1 -8 -2 -3 -2 -4 -6 -6 -1 -4 -4  7 -2  0 -8 -6 -4    5   4   2   3   0   2   2   3   0   1   1   3   1   1  60   4   6   0   0   1  1.64 0.97
  239 T    1 -3 -1 -1 -1 -3 -3 -3 -3  2  0 -3 -1 -1 -2  0  1 -4 -1  4   10   1   4   3   1   1   2   2   1  10   9   1   1   3   2   6   7   0   3  32  0.44 0.31
  240 I    0 -1  1  0 -3 -1 -1 -2 -1  2  0 -2  1  1 -1 -2  0 -1  2  2    7   3   7   5   0   2   4   3   1  13  10   2   3   5   3   3   6   1   7  14  0.13 0.12
  241 L    0 -2 -1 -2 -3 -2  0 -2 -3  1  1 -1  1  0  0 -1  2 -1 -1  3    7   2   3   2   1   2   6   3   0   9  12   3   4   4   6   4  11   1   2  20  0.19 0.17
  242 S    0 -5  1 -1 -4 -4 -5 -1 -3 -3 -3 -3 -2 -6  0  5  4 -4 -5 -2    8   0   5   4   0   1   1   5   1   2   3   2   1   0   5  37  21   0   0   3  0.81 0.59
  243 D    0 -1  2  2 -6  0  2  0 -2 -4 -4  1 -2 -5  2  0  1 -1 -4 -2    9   3  11  11   0   5  12   9   1   1   2   7   1   0   9   7   8   1   0   3  0.29 0.28
  244 H    2 -2  3  1 -4  3 -3  2  2 -4 -4 -1 -3 -2 -3  1  0 -4  1 -3   15   2  12   7   0  11   1  15   5   1   2   4   1   2   1   9   5   0   4   2  0.36 0.31
  245 V    0 -4 -4 -3  1 -5 -5 -1 -6  2  1 -4  3 -1 -3  0  1  0 -3  4    9   1   1   2   2   0   0   4   0  12  11   1   7   2   1   7   9   1   1  28  0.52 0.36
  246 A    3 -5 -1  1 -4 -3 -2  2 -4 -5 -5 -2 -5 -5  5  0  0 -8 -7 -3   22   1   3   7   0   1   3  14   0   1   1   3   0   1  27   8   7   0   0   2  0.76 0.56
  247 S    4 -2  0  2 -5 -1 -1 -1 -5 -3 -3 -1 -3 -5  0  1  2 -4 -4 -2   29   2   4  10   0   3   4   5   0   2   3   4   1   0   4  11  14   0   1   3  0.45 0.39
  248 G   -1 -4  3  3 -6 -3 -3  4 -3 -4 -3 -1 -4 -4 -3  0  1 -6 -5 -4    6   1  15  13   0   1   2  31   1   1   3   4   0   1   2   8   9   0   0   1  0.69 0.47
  249 T    1 -1  0  1 -1 -1  1  0 -3 -2  0  1 -3 -4 -3  0  3 -5 -3 -2   12   3   5   7   1   2  11   6   0   2   8   8   1   1   1   7  20   0   1   3  0.25 0.25
  250 V    1 -3 -1 -1 -2 -3 -3 -2 -2  1  0 -1 -2 -2 -1  2  2 -3 -2  3   11   1   3   4   1   1   2   4   1   9   7   4   1   2   3  15  13   0   2  17  0.25 0.23
  251 V    0 -1 -2 -1 -2 -1  0 -1 -3  0  1 -1  0  0  1  0  0  2 -1  1    9   4   1   3   1   2   6   5   0   6  14   4   3   3   9   7   5   3   2  12  0.08 0.09
  252 G    2 -4 -4 -4 -1 -4 -4  3 -5  3  1 -4  2 -1 -4 -2 -2 -3 -3  1   16   1   1   1   1   1   1  21   0  16  15   1   5   2   1   2   2   0   1  11  0.52 0.32
  253 Y   -1  0  0  0  2  0  0 -1  2  0 -1  0  2  1  0 -1  0  4  1 -1    5   5   5   5   5   5   5   5   5   5   5   5   5   5   5   5   5   5   5   5  0.09 0.08
  254 Q    1 -3 -1 -1  0 -1 -1 -1  0  0  0 -1  0  3  2 -1 -1  1  0  0   15   0   3   4   2   2   3   4   2   4  11   5   3  12   9   5   4   2   4   6  0.11 0.14
  255 G    1 -2 -1 -4  0 -1 -2  4 -4 -1 -2 -1  0 -1  0  0 -1  1 -1  0   12   2   3   0   2   2   2  34   0   3   4   3   2   3   5   6   4   2   2   7  0.39 0.30
  256 D    0 -2  3  6 -1 -1 -2 -3 -1 -2 -1 -2 -1 -2 -2 -2 -2 -6 -5 -3    8   2  12  44   1   3   3   2   2   2   6   2   2   2   2   3   2   0   0   2  0.86 0.54
  257 F    1  1 -4 -2  1 -1 -2 -2 -1 -1 -1 -2  1  5  1 -2 -2  6  0 -1   10   7   1   2   3   3   2   3   2   4   7   3   3  21   6   3   3  12   3   3  0.47 0.33
  258 R    1  0  0  1 -1 -1 -2  0 -2 -2 -3 -1 -1 -3 -1  4  0 -1 -2 -1   11   6   5   6   1   3   2   6   1   2   2   3   1   1   3  32   6   1   1   5  0.35 0.33
  259 Q   -1  1  1  2 -4  2  2 -1  1 -3 -2  0  0  0 -1 -1 -1  0  1 -3    5   8   6  12   0  11  12   4   4   2   4   5   3   4   3   5   3   1   6   2  0.19 0.20
  260 L    1 -5 -3 -3  1 -3 -3 -2 -4  3  2 -3  1  1 -3 -1 -2 -1  2  2   13   0   1   2   2   1   1   3   0  18  17   1   2   5   1   6   2   1   6  16  0.36 0.29
  261 V    0  0 -3 -2 -1 -2 -3 -2 -2  2  1 -2  1  2 -4 -3 -2  2  3  2    8   6   1   2   1   2   1   3   1  14  15   2   3   7   0   1   2   2  10  15  0.28 0.23
  262 W   -2 -2 -5 -5 -2 -3 -4 -4 -1  4  2 -3  1  3 -2 -3 -2  5  3  2    2   2   0   0   1   1   1   1   2  21  16   1   4  11   2   2   3   7  10  13  0.58 0.38
  263 G    2  0 -2 -2 -5 -2 -3  5 -3 -2 -2 -2  0 -3 -5 -2 -3 -1 -3  0   18   5   2   3   0   2   1  44   1   2   4   2   2   1   0   3   2   1   1   6  0.72 0.48
  264 Q   -1 -1  0  4 -2  0  0 -2 -4  2  0 -2  3 -1 -3 -1 -1 -2  1  1    4   3   4  25   1   4   6   3   0  10   7   1   8   3   1   3   3   1   5   9  0.31 0.28
  265 V    0  4 -2  2 -3 -1  0 -1 -1 -2 -2 -1 -1 -1  0 -1 -1  4 -1  0    8  24   1  12   1   2   5   4   1   2   4   3   1   3   5   4   3   6   2   9  0.32 0.29
  266 G   -1  1 -1  2 -5  2  2  3 -2 -3 -2  0  1 -2 -2  0 -1 -2 -2 -3    5   6   3  10   0   8  11  21   1   1   4   6   3   1   2   8   4   1   1   2  0.26 0.25
  267 G    1  0  1  2 -5  1  0  4 -2 -4 -4 -2 -2 -3 -1  0 -1 -5 -2 -2   10   6   7  14   0   7   5  27   1   1   2   2   1   1   3   7   4   0   1   3  0.39 0.32
  268 L   -1 -3 -5 -4 -4 -4 -3 -4 -5  4  2 -3  3  0  0 -3 -1 -2 -1  3    6   2   0   1   0   0   1   1   0  22  21   1   7   4   5   2   3   1   2  19  0.57 0.36
  269 S    0  1 -1  1 -4  1  2 -1 -2 -2 -3 -1  0 -3 -2  1  2 -5 -1  0    7   8   3   9   0   7  17   4   1   3   2   3   2   1   2  10  15   0   2   6  0.24 0.26
  270 F   -2 -4 -6 -6 -3 -5 -4 -4 -3  4  2 -5  1  3 -4 -3 -1 -4  2  3    3   1   0   0   1   0   1   1   1  24  21   0   4  10   1   2   3   0   8  20  0.74 0.45
  271 D    1  1 -1  4 -3  1  2 -2 -2 -3 -2  1 -1 -4 -3  1  0 -5 -2 -2   12   7   2  21   0   5  15   2   1   1   4   8   1   1   1   9   5   0   2   3  0.34 0.31
  272 V    0  1 -3 -4 -4 -2 -2 -3 -2  3  0 -2  3 -1 -2 -1  0 -3 -1  4    8   8   1   1   0   2   3   1   1  15   7   2   8   2   2   4   6   0   2  27  0.39 0.31
  273 T   -1 -1 -1  0 -4 -2 -3 -2 -2 -3  1 -3 -1 -1 -4  5  0 -2 -1 -2    5   3   2   6   0   1   1   3   1   1  13   1   1   3   0  46   6   1   2   3  0.66 0.52
  274 D   -2  3  1  4 -5  0  2 -2 -2 -4 -4  0 -3 -3 -1 -1  2 -5 -2 -3    2  17   6  23   0   4  11   3   1   1   1   5   1   1   3   5  12   0   1   2  0.51 0.38
  275 Q   -1  0  0  3 -5  3  4 -2  0 -3 -4 -2 -4 -3 -3  0  0 -2 -1 -2    4   5   3  14   0  15  29   3   2   1   2   1   0   1   1   6   5   1   2   3  0.55 0.41
  276 A    5 -1 -2 -2 -3 -1 -3  1 -3 -2 -2 -2 -1 -3  0 -1 -1 -2 -1 -1   44   4   1   3   0   2   2  12   0   2   3   3   1   1   6   4   4   1   2   4  0.54 0.38
  277 T    0 -1 -2 -1 -3 -1 -1 -1 -2 -1 -2 -1 -1 -2 -1  2  4 -2  2  0    9   3   2   3   0   3   4   5   1   3   4   4   1   2   2  15  24   1   9   6  0.26 0.24
  278 L   -1 -2 -2 -2 -2 -2 -2 -2 -2  3  2 -2  0  1 -2 -2 -1  0  2  2    6   2   2   3   1   1   2   3   1  20  21   2   2   7   2   3   3   1   7  11  0.26 0.17
  279 N    0  0  1  1 -2  2  1 -1  1 -1 -2  0 -1 -2 -1  1  1 -1 -1  0    6   4   7   7   1  11  11   4   3   3   4   6   1   2   3  10  11   1   2   6  0.12 0.12
  280 L    0 -1 -1  0 -1 -1 -1 -1 -1  0  0 -1  4  0 -1  0  1 -1  0  1    8   2   3   7   1   2   4   4   1   6   9   3  14   3   2   8  10   1   4   9  0.11 0.12
  281 G    0 -1  0  2 -2 -2 -1  3 -2 -1 -1 -1 -1 -2 -1  1 -1 -1  0 -1    7   4   4  14   1   1   4  22   1   4   7   3   1   2   3  10   4   1   3   5  0.18 0.14
  282 T    0  0  0  3 -2 -1  0  0 -2 -1 -1 -1 -1 -2 -1  1  3 -2 -1 -1    7   4   3  16   1   2   4   7   1   4   5   4   2   2   3  10  18   0   2   5  0.17 0.14
  283 P    0 -1  1  3 -2  0  0  0 -2 -1 -2 -1  0 -2  2  1  1 -1 -1 -1    6   3   6  18   1   3   4   7   1   3   4   3   3   2  10  12   9   1   3   4  0.19 0.14
  284 Q    1 -1  0  1 -1  0  1  1 -1 -1 -2  0 -1 -1  1  1  1 -1 -1 -1   12   3   4  10   1   4   8  11   1   3   4   4   1   2   7   9  10   1   2   4  0.10 0.08
  285 A    1 -1  0  2 -2 -1  0  1  0 -2 -2 -1 -1 -2  0  1  1 -1  0 -1   13   2   5  13   1   2   6  13   2   2   4   3   1   2   5   9   8   1   4   4  0.13 0.11
  286 P    1 -1  0 -1 -2  0 -1  3 -2 -1 -2 -1 -1 -1  1  0  2 -2 -1  0   10   3   4   3   1   5   3  21   1   3   4   3   1   2   7   6  13   0   2   7  0.17 0.14
  287 N    0  0  1  1 -2  1  0  0  0 -1 -1  0 -1 -2  0  1  1 -1  0 -1    7   4   7   8   1   7   6   8   2   4   4   6   1   2   5  10  10   1   4   6  0.07 0.07
  288 F   -1 -1 -1 -1 -2  0 -1 -1 -2  0  1 -1  2  0  2  0  1 -1  0  1    5   4   2   4   1   5   3   4   1   6  15   3   6   4  10   6   8   1   3  10  0.08 0.07
  289 V   -1  0 -2 -2 -1 -1 -2 -2  1  2  0 -2  0  0 -2 -1  0 -1  1  3    5   5   2   2   1   3   3   3   4  13   8   2   3   3   2   4   4   1   4  28  0.22 0.15
  290 S   -1 -1  3  1 -3 -1 -1 -2  2 -3 -2 -2 -3 -2 -1  4  0 -2 -1 -1    5   3  14   6   1   2   3   3   6   2   4   2   1   2   3  34   5   1   2   4  0.44 0.30
  291 L    2 -2 -2 -3 -2 -2 -2 -2 -2 -1  4 -2  3  1 -2 -2  0  0  0 -1   17   2   2   2   1   1   2   3   1   2  37   2   7   5   2   2   5   1   3   4  0.40 0.27
  292 W    1 -4 -5 -4 -5 -4 -5 -3 -4 -3 -3 -2 -1  7 -4 -4 -3  8  2 -3   11   1   1   1   0   1   1   2   0   1   2   3   1  44   1   1   2  19   5   2  1.60 0.75
  293 Q   -1 -1 -2  2 -4  6  2 -2 -3 -4 -3 -1 -2 -4 -4  0  1 -4 -3 -3    6   4   2  10   0  35  11   3   0   1   3   3   1   1   1   8   8   0   1   2  0.71 0.49
  294 H   -2  2  2 -1 -2  3  0 -3  1 -4 -3  0 -2 -2 -3  1  3 -4  0 -3    3  10  11   3   1  14   5   1   4   1   3   6   1   1   1  11  18   0   4   2  0.38 0.33
  295 N   -2 -3  5  6 -3 -4 -2  2 -1 -5 -4 -3 -3 -5 -4 -3 -4 -3 -3 -4    3   1  27  40   1   0   3  13   1   1   2   1   1   1   1   1   1   0   1   1  1.23 0.68
  296 L   -1  0 -2 -2  0  4  1 -2 -2 -1  1 -1  4 -3 -4  1 -1 -3 -3 -2    5   5   2   2   2  19   8   2   1   3  16   2  12   1   0  13   3   0   1   3  0.37 0.35
  297 V   -1 -3 -4 -4 -4 -2 -3 -4 -5  3  0 -2  0  0 -5 -1  3 -2 -1  4    4   2   1   1   0   2   2   1   0  16   7   3   2   3   0   4  19   1   2  33  0.64 0.44
  298 A    5 -1 -3 -2 -2 -2 -3  2 -3 -2  0 -3 -2 -2 -5 -1 -2  0 -1 -1   46   4   1   2   1   2   1  16   0   2   8   2   1   1   0   4   2   1   2   5  0.64 0.48
  299 V   -4 -4 -6 -5 -4 -6 -6 -7 -3  4  3 -6  1  4 -6 -6 -4  1  1  3    1   1   0   0   0   0   0   0   1  26  22   0   3  17   0   0   1   2   4  20  1.00 0.56
  300 R   -4  7 -5 -6 -7 -2 -5 -6  1 -1 -1  3 -2 -6 -6 -4 -3 -4 -3 -2    1  61   0   0   0   1   0   0   3   3   7  14   1   0   0   1   2   0   1   3  1.60 0.87
  301 V    4 -4 -5 -5  2 -4 -5  0 -2  1 -1 -5  1  1 -4 -1 -1 -1 -2  2   39   0   0   0   3   1   0   8   1   6   6   0   3   5   1   3   3   1   1  17  0.61 0.46
  302 E   -2  1 -2 -1 -4 -2  2 -4  0  2 -1 -2  1 -1 -4 -1  3 -2 -1  2    2   7   2   3   0   1  17   1   2  14   6   2   3   2   0   3  19   1   2  13  0.32 0.32
  303 A    1  2 -2 -3 -1  1  0 -3 -2  0  0  0  4  1 -4 -1 -1  1 -1  0   14  11   1   1   2   7   7   1   1   4  10   4  14   6   0   4   3   2   1   6  0.24 0.26
  304 E   -3  6 -3  1 -7 -2  1 -4 -1 -4 -4 -2 -3  0 -2 -1  0  1  1 -3    2  48   1   7   0   1   8   1   2   1   1   1   1   4   2   4   5   2   5   2  0.97 0.64
  305 Y    1 -3 -4 -5  1 -4 -4 -3  2  2  1 -3  1  2 -4 -3 -2 -2  1  4   12   1   1   0   3   1   1   2   6  13  10   2   3  10   1   1   2   1   4  28  0.49 0.37
  306 A    1 -4  2  6 -4 -5 -4  4 -6 -6 -7 -5 -5 -7 -6  0 -2 -5 -4 -6   13   1   9  39   0   0   0  28   0   0   0   0   0   0   0   5   2   0   1   0  1.22 0.74
  307 F   -1 -7 -7 -7 -2 -7 -7  1 -4  2 -1 -7 -1  5 -5 -4 -4  9  0  2    5   0   0   0   1   0   0  10   0   9   5   0   1  26   1   1   1  26   3  12  1.39 0.75
  308 H    3 -1  0 -2 -3  2 -1  2 -1 -1 -1  0  1 -4 -4 -2 -1 -4 -3  0   29   3   4   2   0   9   4  17   1   3   5   6   4   0   0   2   3   0   1   6  0.33 0.33
  309 C   -1 -1 -3 -6 -1 -4 -5 -5 -4  2  2 -1  2  1  2 -3 -2 -1 -2  4    5   4   1   0   1   1   0   0   0  10  16   3   4   6   9   1   2   1   1  33  0.55 0.41
  310 N    1  5 -2 -3 -5 -1 -2 -1 -1  0  0 -1  0 -2  1 -3  1 -5 -3  0   12  29   2   1   0   2   3   5   1   6  11   2   2   2   7   1   7   0   0   8  0.37 0.35
  311 D   -2  5  1  3 -6  1 -3 -5  6 -2 -2 -1 -3 -2 -4 -3 -3 -4  0 -2    4  28   6  15   0   6   1   1  20   2   4   3   1   2   1   1   2   0   3   3  0.83 0.56
  312 K    2 -5 -3  1 -7 -3  0 -3 -4 -5 -3 -1 -4 -7  6 -1  0 -8 -6 -1   17   0   1   7   0   1   6   2   0   0   3   3   0   0  46   3   6   0   0   4  1.15 0.73
  313 D    2 -2  2  2 -5  1  3  2 -3 -4 -5  1 -4 -6 -3  0 -1 -6 -5 -4   14   1   9  11   0   5  22  15   0   1   1   9   0   0   1   6   3   0   0   1  0.49 0.41
  314 A    6  1 -4 -5 -2 -3 -5  0 -2 -6 -5 -3 -2 -5 -5  2 -2 -1 -5 -2   56   8   0   0   1   1   0   6   1   0   1   1   1   0   0  17   2   1   0   2  1.14 0.75
  315 F   -2 -7 -5 -8 -2 -5 -7 -6 -4  2 -1 -6 -1  7 -7 -5 -4 -5 -1  4    4   0   1   0   1   0   0   0   0  10   5   0   1  44   0   1   1   0   1  29  1.47 0.78
  316 V    4 -1 -2 -4  1  0 -4 -3 -4 -1 -4 -2 -3 -4 -5  0  0 -6 -3  4   39   3   1   1   3   4   1   2   0   3   1   2   0   1   0   7   5   0   1  25  0.70 0.54
  317 K    0  3 -3 -5 -2 -2 -3 -4 -1  1 -1  3  0 -2 -5 -2 -1  0  2  3    7  14   0   0   1   1   1   1   1   6   6  18   2   1   0   2   4   1   7  25  0.43 0.38
  318 L   -3 -4 -6 -5 -5 -5 -6 -3 -6  5  4 -5  2 -1 -6 -4 -3 -5  0  2    2   1   0   1   0   0   0   2   0  28  41   0   4   2   0   1   1   0   3  13  1.00 0.58
  319 T   -1 -3 -1  0 -5 -1  0 -4 -2 -3 -4  1 -4 -5 -4  1  6 -6 -1  0    4   1   2   4   0   2   5   1   1   1   1   9   0   0   0   9  48   0   2   7  0.84 0.62
  320 N    0 -4  1  3 -3 -2 -2  5  0 -5 -4 -1 -2 -5  0 -1  1 -6 -5 -4    6   1   6  19   0   1   2  39   2   0   1   3   1   0   4   5   8   0   0   1  0.73 0.49
  321 V    4 -5 -3 -3 -4 -3 -4 -3 -4  3 -2 -1 -3 -3 -3 -2  0 -6 -5  4   32   0   1   1   0   1   0   2   0  14   2   4   0   1   1   1   6   0   0  34  0.77 0.54
  322 D    3 -1  1  1 -4 -2 -1  0 -3 -2 -3 -1 -4 -4  0  1  3 -5 -4 -1   26   3   6   8   0   1   3   6   0   2   1   3   0   0   4   7  24   0   0   5  0.40 0.37
  323 A    4 -5 -5 -4 -5 -1 -5 -2 -5 -4 -5 -4 -5 -3 -1  1  2  7  4 -2   33   0   0   1   0   3   0   3   0   0   0   0   0   0   4  11  13  16  13   3  0.99 0.64
  324 T    2 -4 -4 -3 -5 -3 -4  4 -5 -5 -5 -3 -5 -6  3  1  3 -6 -6 -3   18   1   0   1   0   1   0  33   0   0   0   1   0   0  15   9  20   0   0   2  0.88 0.55
  325 E    0 -1 -2  0 -4 -1  2 -2 -3 -5 -4  0 -4 -3  5  3 -1 -5 -4 -4    9   2   1   5   0   1  15   3   0   0   1   5   0   1  27  26   3   0   0   0  0.67 0.40
  326 A    6 -4 -3 -4 -3 -3 -3 -2 -4 -4 -4 -3 -3 -5 -3  2 -2 -5 -4 -3   84   0   0   0   0   0   0   0   0   0   0   0   0   0   0  16   0   0   0   0  1.34 0.54

                      K         Lambda
Standard Ungapped    0.1309     0.3155
Standard Gapped      0.0410     0.2670
PSI Ungapped         0.1302     0.3175
PSI Gapped           0.0399     0.2670
