
Last position-specific scoring matrix computed, weighted observed percentages rounded down, information per position, and relative weight of gapless real matches to pseudocounts
           A  R  N  D  C  Q  E  G  H  I  L  K  M  F  P  S  T  W  Y  V   A   R   N   D   C   Q   E   G   H   I   L   K   M   F   P   S   T   W   Y   V
    1 M   -1 -2 -3 -4 -2 -1 -3 -3 -2  1  2 -2  8  0 -3 -2 -1 -2 -2  0    0   0   0   0   0   0   0   0   0   0   0   0 100   0   0   0   0   0   0   0  0.75 0.09
    2 Q   -1  0  3 -1 -2  4  0 -2 -1  1 -1  0 -1 -2 -2  0  1 -3 -2  0    0   0  23   0   0  42   0   0   0  22   0   0   0   0   0   0  14   0   0   0  0.29 0.05
    3 Y   -2 -2 -3 -3 -3 -2 -3 -4  2  0  0 -2 -1  4 -3 -2 -2  1  6 -1    0   0   0   0   0   0   0   0   6   6   8   0   0  17   0   0   0   0  63   0  0.74 0.07
    4 A    4  0 -2 -2 -1 -1 -1  0  1 -2 -2 -1 -1  1 -1  1 -1 -2 -1 -1   82   4   0   0   0   0   0   0   4   0   0   0   0   9   0   0   0   0   0   0  0.39 0.06
    5 I   -2 -3 -4 -4 -2 -3 -4 -4 -3  5  1 -3  1  3 -3 -3 -1 -2  0  2    0   0   0   0   0   0   0   0   0  76   0   0   0  18   0   0   0   0   0   6  0.47 0.06
    6 A    4 -2 -2 -2 -1 -1 -1  0 -2 -1 -1 -1 -1 -2 -1  1  0 -3 -2  1   86   0   0   0   0   0   0   0   0   0   0   0   0   0   0   0   0   0   0  14  0.45 0.06
    7 G    0 -3 -1  1 -3 -2 -2  6 -2 -4 -4 -2 -3 -4 -3 -1 -2 -3 -4 -4    0   0   0   9   0   0   0  91   0   0   0   0   0   0   0   0   0   0   0   0  1.08 0.07
    8 W   -1 -3 -2 -2  4 -2 -2  3 -2 -3 -2 -2 -2 -1 -3  0 -2  8  0 -2    1   0   0   0  17   0   0  35   0   0   1   0   0   0   0   6   0  36   0   0  0.90 0.06
    9 P    1 -2 -2 -2 -2 -1 -1 -2 -2 -3 -3 -1 -2 -4  7  0  1 -4 -3 -2   21   0   0   0   0   0   0   0   0   0   0   0   0   0  67   0  11   0   0   0  1.30 0.07
   10 V    0  0  1 -2 -2 -2 -2  0 -2  2  0 -1  0  1 -3 -1 -1 -2 -1  2    8  10  11   0   0   0   0   6   0  23   0   0   0  11   0   0   0   0   0  31  0.09 0.02
   11 A    2 -2 -2 -3 -1 -1 -2 -2 -2  1  1 -2  5 -1 -2  0  0 -2 -2  2   26   0   0   0   0   0   0   0   0   0   0   0  43   0   0   8   0   0   0  24  0.25 0.05
   12 G    0 -3 -1 -2 -3 -2 -3  6 -3 -4 -4 -2 -3 -4 -3 -1 -2 -3 -4 -4    0   0   0   0   0   0   0 100   0   0   0   0   0   0   0   0   0   0   0   0  1.25 0.08
   13 C    0 -2  1 -2  6 -2 -2 -2 -2  0 -1 -2 -1  3 -2 -1 -1 -1  0  0   10   1  12   1  33   0   1   1   0   5   1   1   0  26   1   1   1   0   0   6  0.32 0.04
   14 P    1  1 -1 -2 -2 -1 -1 -2 -2 -1  0 -1 -1 -2  4  0  1 -3 -2  0   16  11   0   0   0   0   0   0   0   0  16   0   0   0  29   6  15   0   0   6  0.37 0.03
   15 S    0  0  2  0 -2  3  0 -1  0 -3 -3  1 -1 -3 -1  3  1 -3 -2 -2    0   0  14   0   0  31   0   0   0   0   0  11   0   0   0  36   8   0   0   0  0.37 0.04
   16 E   -1  0 -1  1 -4  3  5 -2  0 -4 -3  1 -2 -4 -2 -1 -1 -3 -2 -3    0   0   0   0   0  23  77   0   0   0   0   0   0   0   0   0   0   0   0   0  0.81 0.07
   17 S    1 -1  0 -1 -1 -1 -1 -1 -1 -3 -3 -1 -2 -3 -1  5  1 -3 -2 -2    0   0   0   0   0   0   0   0   0   0   0   0   0   0   0 100   0   0   0   0  0.66 0.09
   18 L   -2 -1 -1 -2 -2  3  0 -3  3  0  2 -1  1  1 -3 -2 -1 -2  0 -1    0   0   0   0   0  36   0   0  11   0  44   0   0   9   0   0   0   0   0   0  0.26 0.05
   19 L   -2 -3 -4 -4 -2 -3 -3 -4 -3  1  5 -3  2  0 -3 -3 -2 -2 -1  0    0   0   0   0   0   0   0   0   0   0 100   0   0   0   0   0   0   0   0   0  0.63 0.07
   20 E   -1  1  0  4 -3  1  3 -2 -1 -3 -3  0 -3 -4 -2  1 -1 -4 -3 -3    0  11   0  41   0   0  36   0   0   0   0   0   0   0   0  11   0   0   0   0  0.58 0.05
   21 R   -2  5  3 -1 -3  0 -1 -2 -1  0 -2  1 -1 -3 -3 -1 -1 -3 -2 -2    0  66  23   0   0   0   0   0   0  11   0   0   0   0   0   0   0   0   0   0  0.55 0.06
   22 I   -2 -3 -4 -4 -2 -3 -4 -4 -4  5  2 -3  1  0 -3 -3 -1 -3 -2  2    0   0   0   0   0   0   0   0   0  78  22   0   0   0   0   0   0   0   0   0  0.51 0.06
   23 T    0 -2 -1 -2 -1 -2 -2 -3 -3  2  0 -2  0 -2 -2  0  4 -3 -2  2    0   0   0   0   0   0   0   0   0  11   0   0   0   0   0   0  60   0   0  28  0.37 0.06
   24 R   -2  5  1  1 -4  1  1 -2 -1 -1 -2  2 -2 -3 -2 -1 -1 -3 -2 -2    0  60   5  11   0   0  11   0   0   6   0   6   0   0   0   0   0   0   0   0  0.50 0.05
   25 K   -2  5  2 -1 -4  1  0 -2 -1 -3 -3  3 -2 -3 -2 -1 -1 -3 -2 -3    0  56  11   0   0   0   0   0   0   0   0  33   0   0   0   0   0   0   0   0  0.64 0.06
   26 L    0 -2 -3 -4 -1 -2 -3 -3 -3  1  4 -2  2  0 -3 -2 -1 -2 -1  1   11   0   0   0   0   0   0   0   0   0  70   0   8   0   0   0   0   0   0  11  0.37 0.04
   27 R   -2  6 -1 -2 -4  1  0 -2 -1 -3 -3  3 -2 -3 -2 -1 -1 -3 -2 -3    0  71   0   0   0   0   0   0   0   0   0  29   0   0   0   0   0   0   0   0  0.78 0.07
   28 D    2 -1  0  2 -2 -1  0 -1 -2 -2 -1  1 -1 -3 -1  1  1 -3 -2 -1   36   0   0  22   0   0   0   0   0   0   6  11   0   0   0  12  13   0   0   0  0.22 0.03
   29 G    3 -2 -1 -2  3 -2 -2  4 -2 -3 -3 -2 -2 -3 -2  0 -1 -3 -3 -2   37   0   0   0   9   0   0  54   0   0   0   0   0   0   0   0   0   0   0   0  0.61 0.05
   30 W    1 -3 -3 -4  2 -2 -3 -2 -3  1  1 -3 -1  0 -3 -1 -2  9  0 -1   25   0   0   0   6   0   0   0   0  11  14   0   0   0   0   0   0  43   0   0  0.84 0.06
   31 K   -1  5 -1 -2 -4  1  0 -2 -1 -3 -3  4 -2 -3 -2 -1 -1 -3 -2 -3    0  56   0   0   0   0   0   0   0   0   0  44   0   0   0   0   0   0   0   0  0.71 0.06
   32 R    0  4  0 -1 -3  1  0 -2 -1 -3 -3  3 -2 -3 -2  2  0 -3 -2 -2    0  42   0   0   0   0   0   0   0   0   0  24   0   0   0  33   0   0   0   0  0.47 0.05
   33 L   -2 -3 -4 -4 -2 -3 -3 -4 -3  1  4 -3  2  0 -3 -3 -1 -2 -1  1    0   0   0   0   0   0   0   0   0   0  89   0   0   0   0   0   0   0   0  11  0.53 0.05
   34 I    1 -3 -3 -3 -1 -2 -3 -1 -3  3  2 -2  1 -1 -3 -2 -1 -3 -2  2   15   0   0   0   0   0   0   5   0  44  16   0   0   0   0   0   0   0   0  20  0.24 0.03
   35 D   -2 -2  2  6 -4  0  2 -2  2 -4 -4 -1 -3 -4 -2 -1 -1 -4 -2 -3    0   0  10  71   0   0  10   0   9   0   0   0   0   0   0   0   0   0   0   0  0.81 0.06
   36 I    0 -2 -1 -2 -1 -2 -2 -2 -2  3  1 -2  0 -1 -2  1  3 -3 -2  1   10   0   0   0   0   0   0   0   0  38  10   0   0   0   0   9  33   0   0   0  0.21 0.04
   37 L   -2 -2 -4 -4 -2 -2 -3 -4 -3  1  4 -3  3  2  0 -3 -2 -2 -1  0    0   0   0   0   0   0   0   0   0   0  77   0  10   9   4   0   0   0   0   0  0.45 0.05
   38 N   -1  0  6  1 -3  0  0 -1  0 -4 -4  1 -2 -3 -2  1  0 -4 -2 -3    0   0  78   0   0   0   0   0   0   0   0  12   0   0   0  10   0   0   0   0  0.73 0.07
   39 Q   -1  0  0 -1 -4  6  1 -2  3 -3 -3  1 -1 -4 -2 -1 -1 -3 -1 -3    0   0   0   0   0  91   0   0   9   0   0   0   0   0   0   0   0   0   0   0  0.87 0.09
   40 P   -1  4 -1 -2 -3  0 -1 -2 -1 -3 -3  2 -2 -4  6 -1 -1 -4 -3 -3    0  34   0   0   0   0   0   0   0   0   0  17   0   0  49   0   0   0   0   0  1.01 0.06
   41 G    0 -3 -1 -2 -3 -2 -3  6 -3 -4 -4 -2 -3 -4 -3 -1 -2 -3 -4 -4    0   0   0   0   0   0   0 100   0   0   0   0   0   0   0   0   0   0   0   0  1.24 0.07
   42 V   -1  1  2  1 -2  2  0 -2  4  0 -1  0 -1 -2 -2 -1 -1 -3 -1  1    0  12  16  10   0  15   0   0  19   0   0   0   0   0   0   0   0   0   0  28  0.19 0.03
   43 P   -1 -3 -2 -2 -3 -2 -2 -3 -3 -3 -3 -1 -3 -4  8 -1 -2 -4 -3 -3    0   0   0   0   0   0   0   0   0   0   0   0   0   0 100   0   0   0   0   0  2.21 0.08
   44 K    0  2 -1 -2  6  0 -1 -2 -1 -2 -2  2 -1 -3 -2  1  0 -3 -2 -2    0  17   0   0  34   0   0   0   0   0   0  30   0   0   0  19   0   0   0   0  0.37 0.00
   45 N   -2  0  5  1 -3  0  0 -1  5 -3 -3  0 -2 -2 -2  0 -1 -3  0 -3    0   0  64   0   0   0   0   0  36   0   0   0   0   0   0   0   0   0   0   0  0.60 0.01
   46 G    0 -2  0 -1 -3 -2 -2  6 -2 -4 -4 -2 -3 -3 -2  0 -2 -3 -3 -3    0   0   0   0   0   0   0 100   0   0   0   0   0   0   0   0   0   0   0   0  1.04 0.01
   47 S    1 -1  1  0 -1  0  0  0 -1 -2 -3  0 -2 -2 -1  4  1 -3 -2 -2    0   0   0   0   0   0   0   0   0   0   0   0   0   0   0 100   0   0   0   0  0.45 0.00
   48 N   -2  0  6  1 -3  0  0  0  1 -3 -4  0 -2 -3 -2  1  0 -4 -2 -3    0   0 100   0   0   0   0   0   0   0   0   0   0   0   0   0   0   0   0   0  0.72 0.00
   49 T    0 -1  0 -1 -1 -1 -1 -2 -2 -1 -1 -1 -1 -2 -1  1  5 -3 -2  0    0   0   0   0   0   0   0   0   0   0   0   0   0   0   0   0 100   0   0   0  0.46 0.00
   50 Y   -2 -2 -2 -3 -3 -1 -2 -3  2 -1 -1 -2 -1  3 -3 -2 -2  2  7 -1    0   0   0   0   0   0   0   0   0   0   0   0   0   0   0   0   0   0 100   0  0.85 0.00
   51 G    0 -2  0 -1 -3 -2 -2  6 -2 -4 -4 -2 -3 -3 -2  0 -2 -3 -3 -3    0   0   0   0   0   0   0 100   0   0   0   0   0   0   0   0   0   0   0   0  1.04 0.00
   52 Y   -2 -2 -2 -3 -3 -1 -2 -3  2 -1 -1 -2 -1  3 -3 -2 -2  2  7 -1    0   0   0   0   0   0   0   0   0   0   0   0   0   0   0   0   0   0 100   0  0.85 0.00
   53 P   -1 -2 -2 -2 -3 -1 -1 -2 -2 -3 -3 -1 -3 -4  8 -1 -1 -4 -3 -2    0   0   0   0   0   0   0   0   0   0   0   0   0   0 100   0   0   0   0   0  2.03 0.00
   54 D   -2 -2  1  6 -4  0  2 -1 -1 -3 -4 -1 -3 -4 -2  0 -1 -4 -3 -3    0   0   0 100   0   0   0   0   0   0   0   0   0   0   0   0   0   0   0   0  0.92 0.00

                      K         Lambda
Standard Ungapped    0.1397     0.3173
Standard Gapped      0.0410     0.2670
PSI Ungapped         0.1401     0.3174
PSI Gapped           0.0429     0.2670
