
Last position-specific scoring matrix computed, weighted observed percentages rounded down, information per position, and relative weight of gapless real matches to pseudocounts
           A  R  N  D  C  Q  E  G  H  I  L  K  M  F  P  S  T  W  Y  V   A   R   N   D   C   Q   E   G   H   I   L   K   M   F   P   S   T   W   Y   V
    1 M   -1 -2 -3 -3 -2 -1 -3 -3 -2  3  2 -2  6  0 -3 -2 -1 -2 -1  1    0   0   0   0   0   0   0   0   0  30   0   0  70   0   0   0   0   0   0   0  0.37 0.03
    2 A    4 -2  1 -2 -1 -1 -1 -1 -2 -2 -3 -1 -2 -3 -2  3  0 -3 -2 -1   66   0   9   0   0   0   0   0   0   0   0   0   0   0   0  25   0   0   0   0  0.53 0.12
    3 G    1 -2  1 -2 -3 -2 -2  6 -3 -4 -4  0 -3 -4 -3 -1 -2 -4 -4 -4   13   0   6   0   0   0   0  75   0   0   0   6   0   0   0   0   0   0   0   0  1.02 0.17
    4 Y    2  2 -2 -3 -2 -1 -2 -2  1  0  0 -1 -1  2 -3  0  0 -1  3  0   28  18   0   0   0   0   0   0   3   5   8   0   0   9   0   4   4   0  16   5  0.21 0.12
    5 G    1 -2 -2 -2 -3 -2 -1  5 -2 -3 -3  0  0 -3 -3  1 -1 -3  1 -3   16   0   0   0   0   0   4  47   0   0   0   8   4   0   0   9   4   0   7   0  0.53 0.17
    6 A    1  1 -1 -2 -3 -1 -1  3 -2 -3 -1  1 -2 -2  0  1 -1 -3  1 -1   15   8   0   0   0   0   3  29   0   0   6  13   0   0   4  12   0   0   6   4  0.26 0.13
    7 K    1  4  1 -2  0  0 -2  0 -2 -2 -2  2 -2 -1 -3  0 -2 -4 -1 -2   14  31   9   0   2   2   0   6   0   2   3  15   0   3   0   8   0   0   3   2  0.34 0.19
    8 G    0  3 -2 -3 -4 -1 -2  4 -1 -4 -3  2 -3 -4 -3 -1  0 -4 -4 -4    9  17   0   0   0   2   0  43   2   0   2  18   0   0   0   2   5   0   0   0  0.67 0.26
    9 I   -1 -1 -1 -1 -1  1 -2 -3 -2  1  0  2  2  0  1  0 -1  0  2  1    5   2   2   3   2   6   0   0   0  12   4  17   8   4   7   6   2   1   8  12  0.11 0.12
   10 R    0  4 -1  0 -4  2 -2 -3  1 -4 -2  2 -3 -3 -2  2  1 -3  2 -3    7  28   1   6   0   8   0   0   3   0   3  10   0   0   1  15   7   0  10   0  0.41 0.24
   11 K   -1  2  0 -1 -5  3  0 -1 -3 -4 -1  5 -3 -5  0 -1  0 -5 -4 -4    5   9   4   2   0  15   4   4   0   0   6  39   0   0   4   2   5   0   0   0  0.56 0.31
   12 V    0  0 -1 -1 -3 -1 -1  3  0  1 -1  1  1 -3 -1  0  1 -4 -3  0    6   6   2   3   0   1   1  23   2   9   4   9   5   0   2   8   9   0   0   9  0.14 0.12
   13 G    1 -1  2 -1 -3 -1  0  2  0 -2 -2  0 -1 -1 -1  1  1 -3  0  0   14   2  11   2   0   1   4  15   3   1   3   7   1   2   2  12   9   0   3  10  0.14 0.13
   14 A    1  1 -2 -3 -1 -2 -2  2  1 -2 -3  3 -1  1  1  0  0 -1  0  0   10   7   0   0   2   0   0  16   3   1   1  22   1   7   6   6   7   1   3   6  0.23 0.21
   15 F   -6 -7 -7 -7 -7 -6 -7 -3  0 -5 -1 -7  3  7 -7 -6 -4 -3  6 -4    0   0   0   0   0   0   0   3   2   0   5   0   8  51   0   0   1   0  30   1  2.06 0.79
   16 R   -2  8 -3 -1 -8 -2 -4 -7 -2 -7 -7  3 -3 -5 -6 -4 -2 -7 -2 -5    3  70   1   3   0   1   0   0   1   0   0  14   1   0   0   1   2   0   1   1  1.93 0.82
   17 S   -3 -6  1 -6 -7 -6 -6 -3 -1 -8 -8 -6 -7 -8 -6  7 -4 -8 -7 -7    1   0   7   0   0   0   0   2   2   0   0   0   0   0   0  89   0   0   0   0  2.39 1.07
   18 G   -1  3 -1 -2 -3  0 -1  2  1 -5 -3  3 -1 -2 -2  1  0  3 -1 -3    3  16   3   2   0   3   3  16   4   0   3  17   2   1   2  12   6   4   2   1  0.35 0.27
   19 L   -3 -6 -1 -5 -6 -3 -3 -3 -6 -4  3 -5 -1  4 -2 -2 -1  9  2 -5    2   0   3   1   0   1   2   2   0   0  27   0   1  18   2   4   3  27   5   0  1.29 0.61
   20 E   -7 -6 -6 -4 -10 -1  8 -8 -6 -9 -9 -5 -8 -9 -7 -6 -7 -9 -8 -9    0   0   0   0   0   2  98   0   0   0   0   0   0   0   0   0   0   0   0   0  3.09 1.25
   21 D    3  0 -3 -1  0  0  2 -3  0 -1 -1  0 -3  0 -4 -2 -1 -4  0  1   31   5   1   3   2   5  13   1   3   2   6   7   0   4   0   1   4   0   4   9  0.30 0.27
   22 K   -1  4  3  2 -3  0  2 -3  0 -2 -2  2 -1 -4 -4 -1 -1 -5 -4 -2    5  20  14   9   1   3  16   1   2   2   4  11   1   1   0   3   3   0   0   3  0.43 0.29
   23 V   -3 -6 -5 -6  0 -5 -6 -6 -5  4  0 -6  2  4 -6 -5 -2  6  3  3    2   0   1   0   2   0   0   0   0  22   7   0   5  17   0   0   2  12  10  20  1.04 0.48
   24 S    6 -6 -6 -3 -2 -6 -6 -2  2 -3 -5 -5 -3  0 -6 -2 -4 -1  0 -3   75   0   0   2   1   0   0   3   4   1   1   0   1   3   0   3   1   1   3   2  1.60 0.79
   25 K    0  4  2  1 -2 -1  0 -3  1 -2 -2  3 -2 -2 -4 -1 -2  2 -3  0    8  20  10   8   1   2   5   1   3   2   4  18   1   1   0   3   1   3   1   8  0.36 0.27
   26 Q   -1 -2  0 -2 -2  2 -1 -3  1  2  0 -1  0  3 -5 -2 -1  3  3 -1    5   2   5   2   1  10   4   2   3  12   8   3   2  13   0   1   5   5  13   4  0.28 0.22
   27 L   -4 -7 -7 -8 -2 -6 -7 -5 -3 -1  6 -7  1  4 -7 -6 -3 -3 -1 -1    1   0   0   0   1   0   0   1   1   2  69   0   3  13   0   0   2   0   2   3  1.53 0.68
   28 E   -3 -1  2  5 -3  1  2 -3 -1 -3 -1  0 -1 -1 -1 -1  0 -5 -1 -3    2   3   9  29   0   6  15   1   1   2   7   6   2   2   3   3   5   0   2   2  0.47 0.31
   29 S    0 -1  0  1 -3  0  1 -1  1 -2  0  1  0  3 -2  0 -1  1  3 -2    7   2   4   7   0   3  10   4   3   2   9   9   3  12   2   8   2   2  10   1  0.14 0.15
   30 K    0  0  1 -2 -3  1 -1 -1  1 -1  2  1  1 -1 -4 -1 -2 -3  3 -2    7   6   7   2   0   7   4   5   4   2  22   9   4   1   0   3   2   0  11   2  0.19 0.19
   31 G   -3  0  3  0 -2 -1 -1  5  1 -4 -4  2 -5 -6 -5 -2 -4 -6 -3 -3    1   5  14   4   1   3   4  44   3   1   1  13   0   0   0   3   0   0   1   2  0.86 0.45
   32 I    0 -2 -5 -3 -2 -3 -4 -5 -5  6  0 -2 -1  0 -1 -4 -2 -1 -3  4    7   2   0   2   1   1   1   0   0  40   7   3   1   4   3   0   1   1   1  23  0.82 0.40
   33 K   -1  2  0  2 -3 -1  2  0 -1 -4 -4  3 -4 -3  1 -1  0 -2 -3 -1    5  11   4  13   0   1  12   8   1   0   1  21   0   1   8   4   5   1   1   4  0.35 0.25
   34 F   -7 -7 -7 -8 -2 -7 -5 -7 -3 -2 -2 -7 -6  4 -8 -7 -7 10  7 -3    0   0   0   0   1   0   1   0   1   2   3   0   0  16   0   0   0  41  31   2  2.63 0.95
   35 E   -3  0 -3  1 -6  3  5 -3 -1 -2 -1 -1 -2 -2 -5 -1 -1 -6 -2 -1    2   4   1   6   0  12  41   2   1   3   8   4   1   1   0   5   4   0   2   4  0.67 0.41
   36 Y   -7 -3 -3 -4 -8 -7 -7 -8  1 -7 -7 -4 -7  2 -2 -5 -7 -1  9 -7    0   1   1   1   0   0   0   0   3   0   0   1   0   8   3   1   0   1  78   0  2.88 1.09
   37 E   -5 -5 -4 -4 -9 -1  8 -4  0 -3 -8 -2 -7 -8 -7 -4 -6 -8 -7 -5    1   0   1   0   0   2  86   2   2   2   0   3   0   0   0   1   0   0   0   1  2.37 1.00
   38 E    0 -2 -3 -3 -1 -3 -1 -3 -1 -4 -5  0 -3 -2  7  1  1 -2 -6 -3    7   2   1   1   1   1   4   2   1   1   1   6   1   2  49  10   7   1   0   1  1.14 0.58
   39 W   -2  1 -2  1 -1  1  3 -2  2 -1 -1  2  0 -2 -1 -2  0  0 -1 -1    2   9   1   7   2   7  19   3   6   4   6  13   2   2   4   2   5   1   2   4  0.22 0.19
   40 K   -2  2 -1 -2 -2 -1 -1 -1  0 -3 -4  3 -2 -3 -1  1  3  1  1  0    2  13   2   2   1   2   2   6   2   1   1  18   1   1   3   9  22   2   4   7  0.37 0.28
   41 V   -4 -5 -5 -5 -5 -5 -1 -6 -2  3  2 -3  0  6 -3 -5 -3 -3  2  1    1   0   0   0   0   0   5   0   1  17  17   2   2  37   1   0   1   0   6   9  0.97 0.42
   42 P   -1  0 -1  2 -2 -1  1 -2  1 -2 -3  0 -2 -2  5  0 -1  1 -1  0    4   4   2  10   1   2   9   3   3   2   1   7   1   2  26   6   4   2   2   7  0.41 0.24
   43 Y   -4 -4 -5 -5 -5 -4 -2 -5 -1 -1  2 -2 -3  3 -5 -3 -4  2  7  0    1   0   0   1   0   0   3   1   2   4  21   3   0  10   0   2   1   3  44   6  1.25 0.52
   44 V   -1  0 -1  0 -3 -1  2 -2 -2  1 -1  0 -1 -1 -1  0  1 -1  0  2    3   5   2   6   0   2  14   2   0   8   5   5   1   3   3   5  12   1   3  19  0.12 0.12
   45 I   -1 -1 -1 -1 -2 -1 -2 -2 -1  3  1  0 -1  0 -1 -1 -1  4  0  2    4   4   2   3   0   3   2   3   2  20  12   8   0   4   2   5   2   7   3  13  0.18 0.13
   46 P   -2 -1  0  2 -3  2  1 -1 -2 -1 -2  0 -1 -2  3 -1 -1 -3  1 -1    3   3   5  12   0  11   9   4   1   5   5   6   1   1  16   4   4   0   6   4  0.23 0.15
   47 A    1  0  0 -1  0  0  1  1  0 -1 -1  1 -2 -2  1  1  1 -1 -2 -1   11   5   5   3   3   2   8  11   2   3   6   8   0   1   6  13   8   1   1   3  0.09 0.07
   48 S   -1  2  1  1 -3  0  2  2 -1 -2 -2  1 -3 -3 -3  0  2 -3 -2 -2    4  12   5   9   0   2  12  14   1   2   3   9   0   1   1   7  13   0   1   3  0.21 0.16
   49 N   -1  1  0 -1 -3 -1  2  1  1 -1 -1  2 -2 -2 -1  0  0 -3  2 -1    3   7   5   3   0   2  13  11   3   5   5  15   0   1   2   5   5   0   9   5  0.14 0.12
   50 H    0  4 -2 -3  1  2 -1  0  6 -2 -3  0 -1 -3 -4 -1 -1 -1 -2 -2    7  21   1   1   3  10   4   6  23   2   2   5   1   1   0   4   3   1   1   2  0.59 0.30
   51 T    0  1  1 -1 -2 -1 -2 -3 -1 -2 -2  1 -1  0 -1  2  3  1  1 -1    6   9   8   2   1   2   2   1   2   1   3   7   1   4   2  17  21   2   4   5  0.24 0.19
   52 Y   -5 -5 -4  2 -6 -4 -4 -6  2 -5 -4 -5 -4  2 -6 -5 -5  3  9 -5    0   0   0  11   0   0   0   0   5   0   0   0   0   7   0   0   0   3  74   0  2.12 0.58
   53 T   -2  1 -1 -3 -1  0 -1 -4  0  1  0  1 -1 -2 -4 -1  5  0 -1  0    2   9   2   0   1   4   3   0   2   7  11   7   1   1   0   2  38   1   2   6  0.41 0.24
   54 P   -3 -4  2 -4 -5 -4 -4 -5 -4  0 -5 -4 -4 -6  8 -3 -1 -6 -5 -1    0   0  12   0   0   0   0   0   0   5   0   0   0   0  74   0   4   0   0   5  1.97 0.49
   55 D   -4 -4 -1  7 -6 -2  3 -4 -4 -6 -6 -3 -6 -6 -4 -3 -4 -7 -6 -6    0   0   0  83   0   0  17   0   0   0   0   0   0   0   0   0   0   0   0   0  1.98 0.52
   56 F   -2 -4 -4 -4 -3 -4 -4 -4 -3 -1  0 -4 -2  8 -4 -2 -3  3  2 -2    3   1   1   1   0   0   1   1   0   3   7   1   0  69   1   3   1   4   3   1  1.32 0.35
   57 L   -1 -1 -3 -3 -1 -1 -2 -1  0  3  0 -1  0  0 -1  0  0  2  3  1    2   3   0   0   1   1   2   5   2  25   5   3   2   3   3   8   5   2  16  12  0.16 0.13
   58 L   -2 -2 -2 -4  0 -3 -4 -4 -1  3  4 -2  0  0 -4 -2 -1  4 -1  1    2   2   2   0   2   0   0   0   2  17  47   2   0   3   0   2   3   7   1   9  0.51 0.21
   59 P   -1 -2  2  0 -5 -1  1  1 -3 -4 -4  0 -4 -3  6 -1  0 -5 -3 -3    3   1   9   6   0   1   9  11   0   1   1   5   0   1  41   3   5   0   1   1  0.84 0.33
   60 N   -2  0  4  4 -4 -1  1 -2  1 -5 -5  0 -2 -5 -3  1  1 -5 -2 -4    2   4  24  28   0   2   7   3   3   0   0   7   1   0   0   9   8   0   1   0  0.64 0.29
   61 G   -1  1  2  1 -1 -1  0  3 -1 -3 -3  2 -3 -3 -3  0  0 -4 -3 -3    3   8  12  10   2   2   4  26   1   1   2  13   0   1   0   6   7   0   0   1  0.35 0.19
   62 I   -1 -2 -3 -1  0 -1 -1 -3 -1  4  1 -2  2  0 -3  0  1  0  0  1    4   1   0   3   2   2   5   1   1  29  12   2   6   4   1   6   8   1   2  10  0.21 0.15
   63 F   -1 -3 -4 -4 -3 -3 -3 -2 -1  1  0 -3  1  2 -4 -3 -2  7  6  0    4   0   0   0   0   0   0   4   0  12   6   0   4   9   0   0   0  17  37   6  0.80 0.22
   64 V   -1 -3 -3 -4  1 -1 -3 -2  1  4  1 -3  0  0 -3 -2 -1  2  1  2    3   0   0   0   3   3   0   3   4  42   9   0   0   3   0   0   3   3   4  18  0.33 0.15
   65 E   -3 -2 -2  3 -6  0  7 -4 -2 -5 -5 -1 -4 -5 -3 -2 -3 -5 -4 -4    0   0   0  17   0   0  83   0   0   0   0   0   0   0   0   0   0   0   0   0  1.47 0.39
   66 T    0 -3 -3 -4  1 -3 -2 -2 -1  3  0 -3  2 -1 -2 -1  1 -3 -1  4    6   0   0   0   3   0   2   3   2  15   4   0   7   2   2   3   8   0   2  40  0.35 0.19
   67 K   -1  1  0 -2 -4 -1  0 -3  1 -4 -4  6 -3  0 -3 -1 -1 -4 -3 -4    3   3   3   0   0   0   2   0   4   0   0  73   0   5   0   4   2   0   0   0  0.95 0.37
   68 G   -1 -2 -1 -1 -4  2 -2  6 -3 -4 -3 -2 -3 -1 -1 -1 -1 -4 -4 -4    2   2   2   3   0  11   2  64   0   0   2   0   0   3   3   2   3   0   0   0  0.92 0.32
   69 L   -1  2 -1 -2 -1 -1  0 -2  1 -1 -1  1 -1  1 -2  0 -2  6  3 -1    3  12   1   1   1   2   5   2   3   3   6  10   1   7   2   7   1  12  14   6  0.29 0.17
   70 W   -3 -1 -1 -2 -4 -3 -3 -4  0  0  3 -2  3  4 -3 -2 -3  6  2 -1    2   4   3   2   0   0   1   0   2   4  28   2   8  19   1   3   0  12   6   2  0.58 0.30
   71 E   -2  1  0  3 -2  0  0 -2 -1 -2 -2  0 -1 -3  0  1  2  0 -1  1    1   8   4  21   1   3   3   2   1   1   2   5   1   0   4  10  17   1   2  11  0.24 0.20
   72 S    0 -1 -1  1 -3  0  2 -1 -2 -2 -2  1 -3 -4  2  1  2 -4 -1 -2    7   3   1   7   0   3  18   5   1   3   3   8   0   0   8  11  18   0   2   2  0.25 0.20
   73 D    0  0  1  0 -2  1  0  0  2  0 -1  0 -1 -2  1  0  0 -2  1  0    6   6   6   6   0   6   6   6   6   6   6   6   0   0   6   6   6   0   6   6  0.06 0.07
   74 D    0  0  0  3  1  0  1 -1 -2 -1 -3  1  0 -1 -3  1  0 -3  0 -1    6   4   4  23   3   4   7   4   0   3   0   9   3   3   0  15   4   0   3   4  0.20 0.21
   75 R    0  4  1  0 -3  1  0 -2  0 -1 -1  1  0 -1 -1 -2 -1 -3  0 -1    8  27   8   4   0   8   5   2   2   4   7   7   3   3   3   0   3   0   3   3  0.22 0.23
   76 K   -1  3  0 -1 -1  2  2 -2  1 -2 -2  2  0 -2 -2  0  0 -4 -2 -2    4  20   3   2   1  10  14   2   3   2   2  15   2   2   2   5   6   0   1   2  0.31 0.27
   77 K   -2  1 -1 -1 -6  0 -3 -2 -4 -5 -2  7 -1 -6 -4 -2 -1 -6 -5 -3    3   7   3   3   0   2   0   3   0   0   4  64   2   0   0   2   4   0   0   2  1.19 0.68
   78 H   -1 -2 -2 -2  0 -2 -2 -4  3  2  0 -2  4  1 -4 -1 -3  2  3  1    6   2   1   3   2   1   2   0   9  13  10   2  11   4   0   4   0   3  13  12  0.33 0.29
   79 L    0  3 -1 -2 -4  1  0 -3 -3  1  0  3 -2 -3 -3  0 -1 -4 -1 -1   10  19   2   2   0   5   7   1   0   9  11  18   0   0   0   7   4   0   2   3  0.25 0.25
   80 L    1  2 -2 -2  2  0 -1 -3  0 -2  2  0  1 -1 -2 -1 -1  4  0 -2   14  12   2   2   5   3   4   1   2   1  22   6   4   3   1   4   3   7   3   2  0.22 0.23
   81 I   -1 -3 -5 -5 -1 -4 -4 -5 -4  3  1 -1  2  5 -5 -3 -1 -3  1  2    6   1   0   0   1   0   0   0   0  17  14   5   5  24   0   2   4   0   4  17  0.58 0.36
   82 R    1  4 -2 -3 -2  2 -1 -4 -1 -1 -2  4  1 -4 -4  0 -1 -1 -2 -3   13  24   1   1   1   8   2   0   2   3   3  25   4   0   0   5   4   1   1   1  0.53 0.38
   83 E    0  0 -1  1 -1  1  4 -3 -1 -2 -2  3 -3 -5 -3 -1  0 -5 -4 -2    7   5   2   7   1   7  30   2   1   2   5  21   0   0   0   2   6   0   0   2  0.47 0.36
   84 Q   -1  1 -2 -1 -1  5  2 -4  1 -2  0  0  0 -2 -4  0 -1 -4  1 -2    4   6   1   3   2  33  10   0   4   2  11   5   2   1   0   5   3   0   5   2  0.46 0.38
   85 H   -2 -2  2 -4 -5 -3 -4 -5  6 -1  0 -2 -3  0 -5 -2 -1 -3  7 -4    3   2  11   0   0   0   0   0  21   4   8   3   0   3   0   3   3   0  37   0  1.11 0.58
   86 P   -2 -1 -2  0 -5 -4 -2 -1 -5 -5 -4 -1 -5 -6  7 -1 -1 -6 -5 -4    4   3   2   5   0   0   2   5   0   0   2   3   0   0  64   4   4   0   0   1  1.61 0.72
   87 E   -1 -1  2  4 -5 -1  3  1  3 -5 -3  1 -2 -4 -1 -1  0 -1 -2 -4    4   3   9  25   0   2  18   9   7   0   2   7   1   0   2   4   4   1   1   0  0.45 0.32
   88 L    0  0  0 -2  2  0  0 -1  2  0 -1  0  1  1 -3  0  0  3  1  0    6   6   5   0   5   5   6   6   5   6   6   6   5   5   0   6   6   5   5   6  0.08 0.12
   89 D   -1  0  2  1 -4  0  2  0  1 -1 -2  1  0 -1 -1  0  0 -4 -3 -1    4   4  11   9   0   4  17   6   4   4   4  10   3   3   3   4   6   0   0   4  0.16 0.18
   90 I   -1 -1 -4 -5 -4 -4 -4 -5  1  3  3 -4  2  3 -4 -4 -1 -3  1  1    5   4   0   0   0   0   0   0   4  21  29   0   5  12   0   0   4   0   5   8  0.54 0.33
   91 R   -2  3 -2 -2 -1 -1 -1 -2 -3  1  0  1  1  0 -3 -1  0  0 -1  2    2  17   2   2   2   2   5   2   0  10   9  10   3   3   0   3   5   2   2  20  0.21 0.21
   92 I   -1 -4 -5 -5 -4 -4 -5 -5  1  3  2 -4  3  4 -5 -4 -1 -3  0  2    4   0   0   0   0   0   0   0   4  16  23   0   6  20   0   0   3   0   3  17  0.67 0.35
   93 V   -2 -1 -4 -3  0 -3  0 -5 -4  4  2 -4  0  1 -4 -3 -1  1 -3  4    3   3   0   2   2   0   6   1   0  25  15   0   2   6   0   0   4   2   0  28  0.53 0.30
   94 F   -1 -3 -2  1 -1 -2 -2 -3 -1 -1 -1 -3  1  6 -1 -1 -2  2  4 -2    5   1   1  11   1   2   2   2   1   2   6   1   3  33   4   5   1   2  12   3  0.55 0.32
   95 S   -1  0 -2 -2 -4  4  1  1  0 -1 -2  1  2 -3 -3  1 -1 -4  0 -1    4   4   1   1   0  19   7  13   2   4   4   9   6   0   0  14   3   0   4   4  0.25 0.24
   96 S   -1  1  3  2  1  0  1 -1  1 -2 -2  1  0 -3 -1  0 -1 -3  1 -3    4  10  15  16   4   4   7   4   3   3   4   7   3   0   3   5   3   0   6   0  0.20 0.21
   97 S    0 -1  0  2 -3  0  1  0 -2 -1 -2  0  0 -1  3  0  0 -3  0 -1    7   3   4  11   0   3  11   9   0   3   4   6   3   3  14   5   6   0   3   3  0.15 0.15
   98 R   -1  0  3  2 -4  0 -1 -1  1 -1 -2  0  0  0 -1  0  0 -3  4 -3    3   5  18  10   0   4   4   3   3   3   3   4   2   4   3   5   7   0  18   0  0.30 0.30
   99 T    0  1  2  0  0  0  0 -1  0  0 -2  2  0 -2 -2  0  0  3  1 -1    6   6  10   5   2   3   4   4   2   5   4  19   2   0   2   5   5   4   6   5  0.13 0.17
  100 K   -2  2 -1 -1 -4  0  0 -2 -1 -1 -2  5 -3 -4  1 -1 -1 -4 -1 -1    3  12   3   3   0   3   5   2   1   5   4  38   0   0   7   3   4   0   3   4  0.48 0.38
  101 L   -1  1 -4 -5 -4 -3 -2 -5  0  4  3 -2  1 -2 -1 -3 -3 -4  1  0    4   7   0   0   0   0   3   0   3  30  31   3   3   0   3   2   0   0   5   4  0.56 0.38
  102 Y    0  2  1  0 -1  1  0  0  1 -1 -1  1 -1  0 -2  1  1 -2  2 -1    5  11   7   3   1   6   4   6   3   2   8   9   1   3   0  10   8   0   8   3  0.08 0.11
  103 K   -2  3  0  1 -5 -1  0 -2 -3 -5 -3  5 -4 -5 -1 -1 -3  2 -4 -5    3  18   4   9   0   2   4   2   0   0   3  43   0   0   3   5   0   2   0   0  0.82 0.49
  104 G   -1  0  2 -1 -4  0 -1  3 -3 -2 -2  3 -1 -2 -3 -1  0 -4 -3 -1    4   3   9   3   0   3   2  27   0   2   5  25   2   2   0   4   5   0   0   4  0.39 0.30
  105 S    0 -3 -1 -3 -3 -2 -3 -1  1 -2 -1  1 -1  0  0  4  2  1  3 -2    7   0   2   0   0   0   0   4   3   1   5   8   2   4   3  35  11   2  10   2  0.38 0.36
  106 P    0  2  1  0 -1 -1 -1 -1 -3 -4 -3  5 -3 -2 -1 -1 -2 -5 -4 -4    9   9   6   6   1   2   3   5   0   0   2  45   0   2   3   4   2   0   0   0  0.61 0.42
  107 T   -2  0  0 -1  0  1 -2 -1  0  0 -2  0  2 -3 -2  1  4  1 -1  0    1   5   3   2   2   5   2   5   2   6   3   5   7   0   2   9  30   2   2   6  0.24 0.27
  108 S   -1 -1 -1  1 -1 -1  0 -2 -3 -1 -1  1  1 -2 -3  2  4 -4 -3 -1    2   3   2   8   2   2   5   3   0   4   5   8   4   1   0  14  32   0   0   4  0.32 0.31
  109 Y   -2 -4 -2 -4  2 -1 -2 -4  2  2 -1 -2  2  1 -4 -3 -3 -2  7  0    3   0   2   0   5   3   3   1   5  15   5   3   6   4   0   1   0   0  37   7  0.78 0.45
  110 G    2 -1 -1 -1 -3 -2  1  2 -3 -1 -1  0  0 -1  1  1 -2  0 -3 -2   24   3   2   3   0   0   9  17   0   5   5   6   3   2   8   9   0   1   0   0  0.22 0.22
  111 E   -1 -1  1  3 -4  1  3 -1  0 -1 -3  1  0 -4 -3 -1  0 -4 -3 -2    4   2   8  18   0   7  24   5   2   4   0   9   3   0   0   4   5   0   0   3  0.37 0.28
  112 F   -6 -3 -7 -7 -6 -5 -6 -6 -6 -2 -2 -1 -5  2 -7 -6 -6 12  0 -6    0   2   0   0   0   0   0   0   0   3   4   4   0   7   0   0   0  75   2   0  3.42 1.15
  113 C    3 -4 -4 -4  8 -3 -1 -3 -4 -2  0 -2 -2 -3  1 -1 -2 -4  0  0   26   0   0   0  34   0   5   1   0   0  12   2   0   0   6   2   0   0   3   6  0.84 0.42
  114 E    2 -1 -1  2 -4 -1  4 -3 -3 -3 -3  2 -1 -4 -3 -1  1 -1 -1 -2   17   2   1  12   0   1  32   0   0   1   1  14   2   0   0   2  10   1   2   1  0.48 0.34
  115 K   -1  2  0 -1 -5  1 -1 -2 -3 -5 -4  6 -2 -5 -1 -1 -1 -5 -2 -3    6  10   3   4   0   5   2   3   0   0   1  55   1   0   2   3   3   0   1   1  0.83 0.48
  116 H   -2  0  4 -3 -4 -1 -1 -3  6 -1 -2  0 -1 -1 -4 -2  0  1  5 -3    3   4  24   0   0   2   3   0  21   4   4   5   1   1   0   1   5   2  20   0  0.68 0.40
  117 G   -2 -4  1  1 -2 -2 -1  6 -4 -5 -3  0 -4 -5 -4 -1 -3 -5 -3 -5    0   0   6   8   1   1   3  66   0   0   3   6   0   0   0   4   0   0   1   0  1.17 0.51
  118 I   -4 -5 -5 -5 -1 -5 -5 -5 -4  3  0 -5  1  7 -5 -4 -4  4  2 -1    0   0   0   0   2   0   0   0   0  18   4   0   3  57   0   0   0   5   4   3  1.35 0.54
  119 K   -1  1 -2  1 -4  1  1 -3 -2  0 -1  4 -1 -3  2  0 -1 -4 -2 -1    3   6   0   8   0   6   8   0   0   9   7  32   2   0   9   5   1   0   1   3  0.29 0.22
  120 F   -1 -4 -4 -5 -1 -4 -2 -4 -3 -4 -3 -4 -3  4 -1 -1 -4  9  6 -3    7   0   0   0   2   0   3   0   0   0   0   0   0  19   4   4   0  31  26   1  1.46 0.54
  121 A    3 -2 -2 -2  5 -2  0  0 -2  0 -1 -1 -1 -2 -2  1  1 -3  0 -1   27   0   1   0  14   0   9   5   0   5   4   4   1   1   0  11   9   0   4   3  0.26 0.20
  122 D   -2 -1 -1  3  2  0  2  1  0 -1 -3  1 -3  0 -3  0 -1 -3  1 -2    0   2   0  21   6   3  18  12   2   4   0   9   0   5   0   6   2   0   7   1  0.28 0.21
  123 K   -1  2  1  1 -4  1  1  1  0 -4 -3  4 -3 -4  1 -1  1 -4 -3 -3    2  10   5   7   0   5   8  13   2   0   1  30   0   0   6   0   9   0   0   0  0.38 0.24
  124 L    0  0  1  1 -2  0  0 -1  1  0  0 -1 -1  0 -1  0  1  0  0  1    5   7   8   7   0   3   4   4   5   8   7   2   0   4   1   7  11   1   2  12  0.03 0.06
  125 I   -3 -4 -4 -4 -3 -4 -4 -5 -4  6  2 -4  1 -1 -4 -3 -1 -4 -1  2    1   0   0   0   0   0   0   1   0  63  15   0   2   1   0   2   2   0   2   9  0.99 0.41
  126 P   -3 -4 -4 -1 -5 -3 -2 -4 -4  0 -1 -2 -4 -5  8 -2 -1 -5 -5 -4    0   0   0   3   0   0   2   0   0   6   6   1   0   0  73   3   3   0   0   0  1.84 0.60
  127 A    0  0  0  1 -3  0  2 -2 -1 -1 -1  2 -1 -1 -1  0  0 -3 -1  1   10   2   5   6   0   2  16   2   1   2   3  20   1   3   2   3   4   0   3  14  0.13 0.14
  128 E    0 -2  0  3 -4  0  4 -1 -2 -3 -4  2 -3 -5 -3  1 -2 -5 -4 -1    8   0   3  15   0   1  36   5   0   1   0  14   0   0   0  13   0   0   0   4  0.54 0.32
  129 W   -5 -5 -6 -6 -6 -4  2 -1 -5 -6 -1 -5 -4 -3 -6 -5 -5 12  1 -6    0   0   0   0   0   0  14   5   0   0   6   0   0   0   0   0   0  72   3   0  3.01 0.87
  130 I   -2 -2 -4 -5  0 -3 -4 -5 -4  4  3 -1  1  3 -4 -4 -3  3 -1  0    1   1   0   0   2   0   0   0   0  33  35   4   2  12   0   0   0   4   2   2  0.61 0.30
  131 K    0  1  2  3 -4  0  3 -3 -1 -3 -4  3 -3 -4 -3 -1  0 -5 -2 -3    7   5  10  18   0   3  19   0   1   2   0  27   0   0   0   1   6   0   1   0  0.50 0.27
  132 E   -3 -2 -2  2 -5  1  5 -2  1 -5 -4  2 -4 -5  1 -2 -3 -5 -4 -4    0   0   0  13   0   3  55   2   3   0   0  15   0   0   6   0   0   0   0   0  0.94 0.40
  133 P    1  1 -2 -2 -2  0  0 -1  1  0  1  1 -1 -1  1  0 -1 -2  0  0   13   7   0   0   0   4   4   5   6   6  18  10   0   0   8   5   3   0   4   7  0.07 0.07
  134 K    0  1  0 -1 -4  2 -1 -1 -2 -2 -3  5 -2 -3  1 -1 -1 -3 -1 -2    7   6   3   2   0  13   0   4   0   2   1  46   0   0   7   2   1   0   3   2  0.48 0.23
  135 K   -1  3  3 -1 -4  1  0 -1 -1 -2 -2  4 -2 -4 -3  1 -1 -4 -3 -2    2  20  16   0   0   6   3   4   0   1   5  32   0   0   0  10   0   0   0   1  0.43 0.21
  136 E   -1  0  1  1 -3  1  2 -1 -2 -2 -1  2 -2 -3  1  1  1 -3 -3 -2    0   1   5   8   0   3  19   5   0   2  10  16   0   0   8  13   9   0   0   0  0.22 0.12
  137 V    0 -2 -2 -3 -2 -2 -2 -3 -3  3  0  0  0 -2  2  0  2 -3 -2  2   10   0   0   0   0   0   0   0   0  34   2   6   2   0  13   4  15   0   0  13  0.29 0.15
  138 P   -1 -2 -1 -2 -3 -1  2 -3 -2 -1 -3 -1 -2  0  6  0  0 -4 -2  0    0   0   3   0   0   0  16   0   0   4   0   3   0   7  44  10   6   0   0   7  0.76 0.20
  139 F   -1 -2 -2  0 -2 -2  0  1 -2  0  1 -2  0  2 -3 -1 -1 -2  1  1    0   0   0   8   0   0  11  15   0   0  20   0   0  14   0   3   0   0   7  21  0.12 0.09
  140 D    1 -2  1  2 -3  1 -1  0  1 -1 -1 -1 -1 -3  4  0 -1 -3 -2 -2   16   0   9  15   0   9   0   6   5   4   9   0   0   0  21   4   0   0   0   0  0.29 0.09
  141 R   -2  2 -2 -2 -3  0  1 -3  1  2  0  1  3  1 -3 -2 -1 -2 -1  0    0  13   0   0   0   0  16   0   4  20   6  12  17   9   0   0   0   0   0   3  0.16 0.10
  142 L   -2  1 -3 -3 -2 -2 -2 -4 -3  3  3  1  1 -1  0 -2 -1 -3 -2  1    0   8   0   0   0   0   0   0   0  30  36  13   0   0   4   0   0   0   0   8  0.28 0.11
  143 K    1  1 -1 -2 -2  1 -1 -2  0  0 -1  3  1 -3  2  1 -1 -3 -2 -1   17   9   0   0   0   4   0   0   3  11   0  28   8   0   8  10   0   0   0   0  0.20 0.10
  144 R   -1  3  1 -1 -3  0 -1 -2  2  0 -2  3 -2 -3  3 -1 -1 -4 -2 -2    4  26  10   0   0   0   0   0   6  10   0  30   0   0  14   0   0   0   0   0  0.39 0.11
  145 K    0  5 -1 -2 -4  0  1 -2 -1 -3 -3  4 -2 -3 -2 -1 -2  3 -2 -3   10  41   0   0   0   0   6   0   0   0   0  37   0   0   0   0   0   6   0   0  0.61 0.15
  146 G   -1  3  2 -1 -3  0 -1  2 -1 -2  0  2 -1 -3  2 -1 -1 -3 -2 -2    0  22  13   0   0   0   0  18   0   0  13  20   0   0  13   0   0   0   0   0  0.28 0.06
  147 G    0  1 -1 -2 -3 -1 -2  5 -2 -4 -4  1 -3 -4 -2 -1 -2 -3 -3 -3    0  10   0   0   0   0   0  76   0   0   0  14   0   0   0   0   0   0   0   0  0.83 0.09
  148 K   -1  3  0  1 -3  2  1 -2 -1 -2 -2  4 -1 -3 -2 -1 -1 -3 -2 -1    0  19   0  10   0  14   0   0   0   0   0  47   0   0   0   0   0   0   0  10  0.37 0.04
  149 K   -1  2  0 -1 -3  1  1 -2 -1 -3 -3  5 -2 -3 -1  0 -1 -3 -2 -3    0   0   0   0   0   0   0   0   0   0   0 100   0   0   0   0   0   0   0   0  0.61 0.04

                      K         Lambda
Standard Ungapped    0.1380     0.3164
Standard Gapped      0.0410     0.2670
PSI Ungapped         0.1424     0.3174
PSI Gapped           0.0436     0.2670
