
Last position-specific scoring matrix computed, weighted observed percentages rounded down, information per position, and relative weight of gapless real matches to pseudocounts
           A  R  N  D  C  Q  E  G  H  I  L  K  M  F  P  S  T  W  Y  V   A   R   N   D   C   Q   E   G   H   I   L   K   M   F   P   S   T   W   Y   V
    1 M   -2 -2 -3 -4 -2 -1 -3 -4 -3  0  1 -2  8 -1 -4 -2 -2 -2 -2  0    0   0   0   0   0   0   0   0   0   0   0   0 100   0   0   0   0   0   0   0  1.21 0.20
    2 S    2 -1  1  0 -1  0 -1 -1 -2  0  0 -1 -1 -2 -2  2  2 -3 -2 -1   22   0   5   5   0   6   0   0   0   5  11   0   0   0   0  32  14   0   0   0  0.20 0.06
    3 N   -2 -1  6  0 -3  2 -1 -2 -1 -3 -3 -1 -2 -4 -3  0  3 -4 -3 -3    0   0  57   0   0  15   0   0   0   0   0   0   0   0   0   4  24   0   0   0  0.77 0.19
    4 N   -3  1  7  0 -4  1 -1 -2 -1 -4 -4 -1 -3 -4 -3 -1 -1 -5 -3 -4    0   8  86   0   0   7   0   0   0   0   0   0   0   0   0   0   0   0   0   0  1.23 0.24
    5 T   -2 -3  1 -2 -2 -2 -2 -3 -3  3 -1 -2 -1 -2 -3  0  5 -4 -3  0    0   0   9   0   0   0   0   0   0  33   0   0   0   0   0   0  58   0   0   0  0.64 0.22
    6 Y   -2 -2 -2 -2 -2 -1  0 -1 -2  1  1 -1  0  2 -3 -1  1 -1  2  0    0   0   0   0   0   0   9   6   0  15  19   6   0  15   0   0  13   0  12   4  0.14 0.08
    7 Q   -2  0  4 -1 -4  4  0 -2 -1 -3 -3  3 -2 -3 -2 -1  1 -3  0 -3    0   0  27   0   0  31   3   0   0   0   0  22   0   0   0   0  11   0   5   0  0.56 0.19
    8 H   -3 -2 -1 -3 -5 -1 -2 -4  9 -5 -4 -3 -3 -1 -4 -3 -3 -2  5 -4    0   0   0   0   0   0   0   0  81   0   0   0   0   0   0   0   0   0  19   0  1.98 0.41
    9 V    0 -3 -2  0 -2 -3 -2 -1 -3  4  1 -3  0 -1 -3 -1  1 -3  0  2    5   0   0   8   0   0   0   4   0  39   6   0   0   0   0   3  10   0   4  21  0.26 0.13
   10 S    2 -2  2 -1 -2 -1  1 -1 -2 -1 -3  0 -2 -3 -2  4  0 -4 -3 -2   14   0   9   0   0   0   8   3   0   4   0   3   0   0   0  60   0   0   0   0  0.52 0.21
   11 N   -2 -3  1  6 -4 -1  1 -2 -2 -3 -4 -2 -3 -4  0  1 -1 -5 -4  0    0   0   3  63   0   0   5   0   0   0   0   0   0   0   4  14   0   0   0  12  0.84 0.24
   12 E    0 -1  1  2 -3  1  4 -2 -1 -3 -2  2 -2 -1 -2  1 -1 -3 -2 -3    9   0   5  10   0   3  36   0   0   0   4  14   0   4   0  16   0   0   0   0  0.37 0.14
   13 S    5 -3 -2 -3 -2 -2 -2  0 -3 -3 -3 -2 -2 -4 -2  3  0 -4 -3 -2   62   0   0   0   0   0   0   4   0   0   0   0   0   0   0  31   4   0   0   0  0.77 0.30
   14 R   -1  1 -1  1 -3  1  2  1 -2 -1 -2  2 -2 -3 -2  0 -1 -4 -3  2    0   8   0  10   0   6  13  12   0   2   0  21   0   0   0   4   0   0   0  22  0.21 0.14
   15 Y   -1  0  1 -1 -3 -2 -2 -3 -1 -2 -2 -2 -2  1 -3  1  2  2  5  0    5   6   9   2   0   0   0   0   0   0   0   0   0   4   0  12  20   2  33   7  0.43 0.21
   16 V    0 -2 -2  0 -2 -2 -2 -3 -3  2  1  1  0 -2 -3 -1  0 -4 -2  4    6   0   0   6   0   0   0   0   0  15  10  11   0   0   0   4   4   0   0  43  0.29 0.17
   17 K   -1 -1  0  0 -3  1  2 -3 -1 -1 -1  1 -1  0 -2  1  2 -3  0  0    0   0   2   5   0   4  19   0   0   4   3  14   0   6   0   8  22   0   4   9  0.18 0.12
   18 F    0 -3 -4 -1 -3 -3 -3 -4 -3  1  2 -3  0  5 -4 -3 -2 -1  0  1   11   0   0   5   0   0   0   0   0   9  21   0   0  43   0   0   0   0   0  12  0.53 0.21
   19 D   -1 -2  3  5 -4  0  2 -2 -2 -4 -4 -1 -4 -4  2 -1 -2 -5 -4 -4    5   0  19  50   0   4  11   0   0   0   0   0   0   0  10   0   0   0   0   0  0.86 0.26
   20 P   -2  0 -1  1 -3 -2  1 -3 -2 -3 -3 -2 -3 -4  6 -1  1 -4 -3 -1    1   6   2  10   0   0   8   1   0   0   1   1   0   0  52   1  11   0   0   4  1.04 0.26
   21 T    2 -2  2 -2 -2 -2 -2 -2 -2 -1 -2 -2  2 -3  1  2  2 -3 -2  0   27   0  14   0   0   0   0   0   0   4   0   0   7   0   5  16  16   0   0   8  0.28 0.18
   22 D    0 -2  1  0 -2 -1 -2  4 -2 -1 -1 -2 -2 -3 -2  1  0 -3 -3  0    3   0   9   5   0   2   0  37   0   3   5   0   0   0   0  15   7   0   0  12  0.34 0.16
   23 T    1 -2 -2 -2 -2 -2 -2 -2 -3 -2 -3 -2 -2 -3  2  3  4 -4 -3  1    9   0   0   0   0   0   0   0   0   0   1   0   0   0  11  24  42   0   0  10  0.59 0.28
   24 N    1 -1  2  1 -3  2 -1  1 -1 -2 -1  2  1 -3 -2  1 -1 -3 -3 -2   17   0  15  10   0  13   0   8   0   0   8  14   5   0   0   8   0   0   0   0  0.21 0.15
   25 F    2 -3 -1 -2 -3 -3 -3 -3 -3 -1 -1 -3 -2  5 -1 -2 -1  6  0  0   25   0   4   2   0   0   1   1   0   2   3   0   0  33   3   1   4  16   0   5  0.61 0.26
   26 P   -1 -3  1  1 -3 -1  0  1 -3 -3 -3 -2  0 -4  5 -1  1 -4 -3 -1    2   0   6   8   0   3   6  14   0   0   0   0   3   0  38   2  12   0   0   6  0.68 0.25
   27 P    0  0  0 -1 -2  0  1 -1  1 -1 -2  0 -2 -3  2  2  1 -3 -2  0    6   6   2   0   0   3  11   4   5   1   3   6   0   0   9  19  13   0   0  11  0.18 0.13
   28 E    1 -1  2  3 -3  0  1  0 -2 -3 -4 -1 -3 -4 -2  2  2 -4 -3 -3   11   3  11  20   0   5   8   7   0   0   0   0   0   0   0  19  15   0   0   0  0.38 0.20
   29 I   -1 -3 -2 -4 -3 -1 -3 -1  1  3  0 -3 -1 -1 -1 -2  1 -3  1  3    3   0   2   0   0   3   0   5   5  27   7   0   0   2   2   0  10   0   4  30  0.34 0.22
   30 T   -1  0 -1  1 -3 -1  1 -1  0 -2 -2  1 -2 -1 -3  0  3 -3  2  0    2   4   2  10   0   1   7   4   2   0   1  11   0   1   0   3  32   0  12   8  0.28 0.22
   31 D   -2 -3  5  5 -4  0  0 -3 -2 -4 -4 -2 -4 -5  1 -1 -1 -5 -4 -2    3   0  33  39   0   3   4   0   0   0   0   0   0   0   8   3   3   0   0   2  0.91 0.35
   32 V    0 -3 -1 -2 -2 -3 -3 -2  2  1  2 -2  0  1 -3 -1  0 -3 -2  3    6   0   3   2   0   0   0   2   6   6  22   3   0   7   0   4   4   0   0  35  0.26 0.19
   33 Q    0  0  1 -1 -4  6  0 -3  1 -4 -1  0 -2 -4  0  0  0 -4 -1 -3    8   4   6   2   0  47   3   0   3   0   7   3   0   0   4   5   7   0   1   0  0.62 0.34
   34 A    1 -1  0  4 -3  1  0 -1 -2 -2 -2  1 -2  0 -2  1  2 -4 -3 -1   14   1   2  28   0   6   2   2   0   2   3   9   0   5   0   8  14   0   0   3  0.28 0.20
   35 A    4 -3 -2 -2  0 -2 -1  0  2 -1 -2 -1  1 -1 -3 -1  1 -3  1  0   43   0   1   1   2   0   3   6   7   4   2   2   4   2   0   1  12   0   6   4  0.32 0.24
   36 I    0 -1 -1 -1 -2 -1  0 -1 -2  0  2  1  0  0  0  0  1 -3 -2  1    8   0   2   3   0   0   4   4   0   4  29  15   0   4   3   6   9   0   0   9  0.10 0.12
   37 A    2  1  2  0 -3  2  1 -1 -2 -3 -3  2 -2 -2 -1  0  0 -4 -3 -2   19   5  15   3   0  13   7   3   0   0   2  17   0   1   1   7   5   0   0   1  0.28 0.18
   38 A    4 -2 -2 -1 -2 -1 -1 -2 -3  1  1 -1  1 -3  0  0  1 -4 -3 -1   42   0   1   3   0   2   2   0   0   8  15   3   3   0   5   4   8   0   0   2  0.30 0.22
   39 I    1 -4 -4 -3 -1 -3 -1 -1 -4  5  0 -3 -1 -2 -4 -1 -1 -4 -3  3   11   0   0   1   1   0   4   5   0  42   7   0   0   0   0   4   1   0   0  23  0.52 0.28
   40 S    1 -2  1  2 -3  0 -1  0 -3 -1 -2 -1 -2 -1 -3  0  4 -4 -3 -1   12   1   6  13   0   3   3   8   0   5   1   3   0   3   0   4  35   0   0   3  0.32 0.23
   41 P    0 -3 -2  0 -3  0 -1 -2  2  0 -2 -1 -3 -4  6  1  0  0 -3 -1    7   0   0   6   0   3   3   3   6   6   3   3   0   0  40  10   4   1   0   4  0.67 0.28
   42 A    2  0 -1 -1 -3  1  1 -2  2 -2 -1  1 -1 -1  0  0 -1  4 -1 -2   21   5   2   3   0   7  10   1   6   1   7   8   1   3   5   8   3   8   0   1  0.18 0.14
   43 G    3  0  0 -3 -2 -1 -2  1 -3 -2 -2  0 -1 -2 -2  0  3 -4 -3 -1   38   5   3   0   0   2   0  12   0   1   3   4   1   1   0   4  22   0   0   2  0.37 0.24
   44 V    0 -1 -3 -3 -2 -2 -3 -1 -3  2  3 -2  1 -1 -2  0  0 -3 -2  2    6   4   0   1   0   0   0   6   0  12  39   0   2   0   2   8   4   0   0  14  0.26 0.17
   45 N    1  0  2  1 -2  0 -1  0  0 -2 -2  0 -2 -1 -1  1  2 -3 -1  0   14   6  11   7   0   3   0   5   2   0   2   7   0   3   2  11  16   0   1   8  0.13 0.11
   46 G    1 -2  2  1 -3 -1  1  4 -2 -3 -3 -1 -3 -4  0  1  0 -4 -3 -3   10   0  11   7   0   1   9  33   0   0   2   1   0   0   5  11   7   0   0   0  0.40 0.19
   47 V   -1 -2  0 -3 -2 -2 -2 -3  1  2  2 -2  0 -1  0 -2  0 -2  1  3    4   2   4   1   0   1   1   1   5  10  24   1   0   1   5   1   8   0   6  27  0.23 0.16
   48 P   -1  2  0 -1 -4 -1  0 -3 -3 -4 -3  0 -3 -4  6  0 -1 -4 -4 -2    4  13   4   3   0   3   5   1   0   0   1   6   0   0  47   6   2   0   0   4  0.94 0.34
   49 D    1 -1  0  3 -3  1 -1 -1 -2 -1 -2 -1 -2 -2  3  0  1 -3 -3 -1   11   2   3  20   0  10   1   2   0   3   3   1   0   1  16   7  12   0   0   5  0.30 0.18
   50 A    6 -4 -4 -4 -3 -4 -4 -3 -4 -4 -4 -4 -4 -5 -4  1 -2 -5 -5 -3   90   0   0   0   0   0   0   0   0   0   0   0   0   0   0   9   2   0   0   0  1.64 0.65
   51 S   -2 -4 -2 -1 -4 -3 -3 -4 -4 -4 -4 -3 -4 -5  1  3  6  3 -4 -2    1   0   1   3   0   0   0   0   0   0   0   0   0   0   6  21  63   4   0   1  1.25 0.58
   52 S   -2 -1 -2 -1 -4  1  4 -2 -3 -1 -1 -1 -3 -3  0 -1  4 -5 -4 -3    1   2   0   2   0   5  37   3   0   3   6   2   0   1   5   2  32   0   0   0  0.64 0.39
   53 T    1 -3  0 -2 -3 -1  0 -1 -3 -2 -2 -1 -3 -3 -3  1  5 -4 -3  0   13   0   4   2   0   1   8   3   0   1   3   2   0   1   0   8  49   0   0   5  0.59 0.35
   54 T    1  3 -1 -1 -3  1  0 -3 -2  1 -1  0  0 -2 -3  0  0 -3 -1  2   11  19   2   3   0   7   5   0   0   8   4   4   1   0   0   8   6   0   3  19  0.16 0.15
   55 K    2  3 -1 -2 -3  2 -1 -3 -1 -2 -2  3  0 -2  1  0 -1 -4 -3 -1   20  16   2   2   0  13   0   0   1   1   3  19   3   2   7   5   3   0   0   3  0.31 0.23
   56 G   -3 -5 -1 -4 -5 -4 -3  7 -5 -6 -6 -4  0 -6 -1 -3 -4 -5 -6 -6    0   0   2   0   0   0   2  90   0   0   0   0   3   0   3   0   0   0   0   0  2.00 0.66
   57 I   -1 -3 -4 -4 -3 -4 -4 -4 -4  4  1 -3  2  1 -4 -1  0  1 -2  3    4   1   0   0   0   0   0   0   0  35  10   1   4   6   0   4   7   2   1  26  0.57 0.29
   58 L    2 -4 -2 -4 -3 -3 -4  0 -4  2  1 -3 -1 -3 -4 -1  1 -4 -3  4   18   0   1   0   0   0   0   7   0  15  15   0   0   0   0   2  10   0   0  32  0.42 0.28
   59 F   -2  3 -2 -2 -4  4  3 -4 -2 -2 -1  2 -1  0 -2 -2 -2 -1  1 -1    3  21   0   0   0  20  23   0   0   1   5  10   1   4   1   0   1   1   5   5  0.50 0.32
   60 I   -3 -5 -5 -5 -3 -4 -5 -6 -5  4  4 -5 -1  1 -5 -3 -1 -4 -1  1    0   0   0   0   0   0   0   0   0  32  50   0   0   4   0   2   3   0   1   7  0.92 0.41
   61 P    6 -4 -2 -4 -3 -3 -3 -1 -4 -4 -4 -3 -4 -5 -2  2 -2 -5 -4 -2   80   0   1   0   0   0   0   2   0   0   0   0   0   0   1  13   0   0   0   1  1.37 0.60
   62 T   -3 -4  0 -1 -4 -1 -4 -4 -4 -4 -5 -2 -4 -5 -4  2  7 -6 -5 -3    0   0   4   4   0   3   0   0   0   0   0   1   0   0   0  12  76   0   0   1  1.55 0.71
   63 E    0  0  2  1 -3  4  2 -1 -2 -1 -2 -1 -2 -2 -1  0  2 -4 -3 -2    6   4   9   8   0  27  11   3   0   4   2   1   0   1   2   4  15   0   0   2  0.36 0.26
   64 Q    4 -2 -1  1 -3  1  1 -1 -2 -2 -1 -2 -2 -3  0  1  1 -4 -3 -2   39   0   1   7   0   7  12   3   0   1   5   0   0   0   5   8   7   0   0   2  0.36 0.27
   65 E   -2 -1  1  1 -4  2  6 -4 -1 -4 -3 -2 -2  0 -3 -2 -1 -4  0 -4    3   3   5   7   0   8  56   1   1   0   1   0   1   4   0   1   2   0   4   1  0.88 0.43
   66 V    3 -4 -1 -4 -3 -4 -4 -4 -4  1 -2 -4 -1 -3 -4 -1  1 -5 -4  5   26   0   3   0   0   0   0   0   0   6   1   0   1   0   0   3  11   0   0  48  0.74 0.43
   67 I   -1 -1  3  2 -3  2  0 -1 -2  0  0  0  0 -3 -3  0  1 -4 -3  0    2   3  17  16   0  12   4   4   0   7   8   5   3   0   0   5   9   0   0   7  0.21 0.18
   68 D    3 -2  2  1 -3  1  1 -1 -2 -2 -1 -1 -2 -4 -1 -1  0 -4 -3  0   38   0  11   9   0   6   7   4   0   1   6   2   0   0   2   1   6   0   0   6  0.30 0.26
   69 G    1 -3  0 -1 -4 -3 -3  5 -3 -4 -1 -2 -1 -4 -1  1 -3 -4 -4 -3   10   0   3   4   0   0   0  57   0   0   6   3   2   0   3   9   0   0   0   1  0.85 0.39
   70 T    0 -2  0 -2 -3 -1 -1 -2 -2  0 -1 -1 -1 -3 -1  0  5 -4 -1  0    6   1   4   2   0   3   3   3   1   6   4   4   1   0   3   4  48   0   2   5  0.53 0.36
   71 N   -1 -2  2  5 -4  0  0 -1 -3 -1 -2 -3 -3 -4 -3  2 -1 -5 -4 -1    4   1   8  42   0   3   4   3   0   4   4   0   0   0   0  18   3   0   0   6  0.67 0.39
   72 N    1  0  2  4 -3 -1  1  0 -2 -3 -2  0 -3 -3 -1  0  2 -4 -2 -2   12   4  10  25   0   2   8   5   0   0   4   4   0   0   2   5  14   0   1   2  0.31 0.22
   73 T   -1 -1  1  1 -3  0  0 -1  1 -1 -1 -1 -2 -1 -1  2  3 -3 -2  0    3   3   9  10   0   3   5   2   3   3   6   2   0   3   3  16  21   0   1   5  0.18 0.17
   74 K    0  3 -2 -2 -3  0 -2 -2 -1 -1  0  2 -2 -3 -1  1  1 -3 -3  1    7  22   0   1   0   2   0   2   1   2  11  14   0   0   3  10  10   0   0  12  0.23 0.21
   75 A    4 -3  0 -3 -3 -1 -3 -1 -3  1 -1 -3 -2  0 -3 -1 -1  2 -2  1   50   0   5   0   0   3   0   3   0  10   4   0   0   3   0   2   2   3   1  11  0.54 0.36
   76 V    0 -4 -3 -1 -3 -3 -3 -1 -4  2  0 -3  1 -3 -3 -2  0 -4 -3  5    9   0   0   4   0   0   1   6   0  13   6   0   3   0   0   3   4   0   0  48  0.58 0.32
   77 T    1 -4 -3 -3 -3 -3 -2 -4 -1 -3 -4 -2 -3 -4  1  1  6 -5 -4 -1    9   0   0   0   0   0   2   0   2   0   1   2   0   0   7   8  62   0   0   5  1.09 0.54
   78 P    0 -2 -4 -4 -5 -1 -4 -4 -5 -2  0 -1 -4 -5  7 -3 -4 -5 -5 -4    9   3   0   0   0   3   0   0   0   2  10   3   0   0  68   0   0   0   0   0  1.75 0.64
   79 A    2  1  0 -2 -3  0  0 -1 -2 -2  1  3 -2 -1  0  0  0 -3 -2 -2   18   7   3   0   0   2   7   3   0   0  15  24   0   3   3   6   4   0   1   0  0.20 0.19
   80 T    1  0  0 -1 -3  0 -2  1 -2  0 -1  2 -1 -3 -3 -1  3 -3  0 -1   16   4   3   3   0   3   0  12   0   7   4  13   1   0   0   2  25   0   3   3  0.21 0.21
   81 L    0 -4 -1 -4 -3 -3 -2 -4 -4  0  4 -4 -1 -2 -4 -3  2 -4 -1  2    6   0   3   0   0   0   3   0   0   1  55   0   0   0   0   0  12   0   2  13  0.65 0.37
   82 A    2  0  0  1 -4  1  0 -1  0 -2 -2  4 -3 -4  0 -1 -1 -5 -4 -3   22   4   4   9   0   6   3   3   2   2   3  30   0   0   4   3   3   0   0   0  0.41 0.35
   83 T    2 -1  1  0 -3  1  0  0 -1 -1 -2  0 -2 -1  0  0  1  1  0 -1   24   3   6   4   0   8   7   6   1   3   3   3   0   2   3   7   7   3   4   4  0.13 0.19
   84 R    2  3 -3 -3 -4  0 -1 -1 -3 -1 -1  3 -1 -1 -3  0  0  3 -1 -1   18  18   0   0   0   3   4   4   0   4   6  20   2   3   0   5   4   4   2   4  0.29 0.28
   85 L   -1 -1 -1 -1 -3  0 -1 -2 -2  1  1  0  1  1  0 -2 -1  5  1  0    3   3   4   4   0   4   3   4   0  11  19   5   5   5   5   0   4   9   6   5  0.16 0.18
   86 S    0 -1  1  0 -2  1  0  0  2  0  0  0  1  0  1  0  0 -3 -1  0    6   0   6   6   0   6   6   6   6   6   6   6   6   6   6   6   6   0   0   6  0.05 0.08
   87 Y    1  0  0 -1 -2  1  0 -1  1  0  0  0  0  0  0  0  0  2  1 -1   14   5   4   3   0   6   6   4   5   6   9   5   3   4   4   7   4   3   5   4  0.04 0.07
   88 P    1  2  0 -1  1  1 -1 -1 -3 -1 -1 -1 -3  0  3 -1  0  2 -3  0   10  13   4   4   3   7   4   4   0   3   5   3   0   4  17   4   5   3   0   7  0.23 0.23
   89 N    1 -2  2  2 -3  2  0 -1 -1 -1 -2 -1 -3 -1  0  1  2 -4  0 -2   10   1   9  10   0  13   4   5   1   3   4   2   0   2   5   8  16   0   3   3  0.20 0.21
   90 A    6 -4 -4 -5  0 -4 -1  0 -5 -4 -5 -1 -4 -5 -4  0 -2 -5 -5 -1   69   0   0   0   2   0   3   7   0   0   1   4   0   0   0   6   2   0   0   4  1.26 0.64
   91 T    0  0 -1 -2  1 -1 -3 -4 -4 -2 -1 -1 -3 -2  0  2  5 -4 -4 -3    6   6   3   2   3   3   0   1   0   3   6   4   0   2   4  13  45   0   0   0  0.66 0.44
   92 E   -1 -3 -1  1 -4 -1  3 -1 -3 -2 -1  0 -3  1  1 -1  3 -4 -1 -2    5   0   3   9   0   2  23   5   0   2   6   5   0   6   6   3  21   0   2   2  0.30 0.27
   93 T    0 -3  3  1 -4  0  0 -2 -3 -1 -2 -1 -3 -1 -3  1  4 -4 -3 -1    6   0  15   7   0   4   6   2   0   4   4   3   0   3   0  12  29   0   0   4  0.39 0.32
   94 V    1  2  0  0  1  1 -1  0 -1  0 -1  0 -1 -1 -3 -1  0 -3  0  1   12  14   4   7   3   7   3   6   1   7   6   3   1   3   0   3   6   0   4  11  0.06 0.10
   95 Y    0  1  0 -2  0  0 -1 -1  0  1 -1  2 -1 -1  2 -1  0  2 -1 -1    9  10   5   1   2   4   2   3   3  11   4  14   1   2  12   2   7   4   2   2  0.15 0.15
   96 G    0  1  1  1 -2  0  1  1 -1 -2 -2  1 -2 -3 -2  1  1 -3 -2  0   10  10   9  10   0   0  10  10   0   0   1  10   0   0   0  10  10   0   0  10  0.14 0.08
   97 L   -1 -2 -2 -4 -3 -3 -2 -1 -4  3  3 -3  2  2 -1 -2 -1  1 -1  2    5   2   2   0   0   0   2   5   0  17  27   1   5  11   3   1   2   2   1  14  0.32 0.24
   98 T    2 -1 -3 -4 -3 -2 -3 -2 -4  1  0 -3  0 -3 -4 -1  3  0  1  3   16   3   0   0   0   1   0   3   0   9   7   0   1   0   0   4  21   2   5  29  0.43 0.35
   99 R   -2  3  0  0 -1  4  4 -4 -3 -3 -3  2 -2 -5 -4 -2 -1 -5 -2 -3    3  18   4   3   1  19  29   0   0   2   2  11   1   0   0   2   4   0   1   1  0.66 0.43
  100 Y   -1 -2 -3 -5 -3 -4 -4 -3 -4  4  4 -2  0  0 -4 -1  0 -3  2  0    5   1   1   0   0   0   0   2   0  23  42   2   1   3   0   4   5   0   7   3  0.57 0.37
  101 S    5 -2  0 -2 -3 -3 -1 -1 -4 -2 -1 -3 -1 -5 -2  1 -3 -5 -4 -2   61   1   4   2   0   0   4   3   0   2   5   0   1   0   2  12   0   0   0   2  0.85 0.54
  102 T   -2 -4 -1 -2 -4 -4 -3  0 -5 -3 -4 -2 -4 -5 -4  2  7 -6 -5 -4    1   0   2   2   0   0   1   6   0   1   1   2   0   0   0  14  68   0   0   0  1.44 0.78
  103 N    0 -1  3  1 -3  3  0 -1 -1 -2 -3 -1 -2 -3  0  1  1  0  0 -1    8   2  16   9   0  19   4   4   1   2   2   1   1   0   4  11   7   1   5   4  0.28 0.25
  104 D    4 -3 -1  1 -3 -1  0 -1 -3 -2 -3 -1  0 -2  0  2  1 -4 -3 -1   40   0   2   9   0   3   5   3   0   1   2   3   2   1   4  14   8   0   0   3  0.42 0.33
  105 E   -1 -2  0  1 -4  1  5 -2 -3 -2 -2 -1 -3 -4  1 -1  0 -4 -2 -4    3   2   4   8   0   6  46   3   0   3   4   2   0   0   6   3   7   0   2   1  0.64 0.42
  106 A    3 -1 -1 -4 -3 -3 -2 -2 -4  0 -2 -2 -1 -1 -2  1  3 -5 -3  2   30   4   3   0   0   0   1   3   0   3   2   2   1   3   2   9  18   0   0  20  0.40 0.36
  107 I    0 -1  2  2 -3  0  0 -1  0  0 -1  0 -1 -2 -3 -1  2 -4 -1  1    7   2  14  12   0   5   3   5   2   5   7   8   1   1   0   1  14   0   2  10  0.13 0.17
  108 A    4 -3  1  1 -3 -2 -2  2 -3 -3 -2 -2 -1 -4 -2  0  1 -5 -3 -1   41   0   8   9   0   1   2  13   0   1   4   2   1   0   1   5   7   0   1   4  0.46 0.37
  109 G    0 -3  0 -1 -4 -1 -1  5 -1 -1 -1 -2 -3 -2 -3  1 -1 -5 -4 -3    8   1   3   3   0   3   3  46   2   3   8   1   0   2   1  12   2   0   0   1  0.61 0.39
  110 V    1 -3 -1 -1 -3 -1 -2 -2 -3 -2 -1  0 -3 -4  0  1  5 -4  0  0   12   0   3   4   0   2   1   2   0   2   4   5   0   0   4  10  39   0   3   7  0.47 0.40
  111 N   -1 -1  2  5 -4 -3 -1  0  0 -1 -1 -2 -3 -4 -2  1 -1 -5 -2 -2    4   4   9  38   0   0   3   7   2   5   7   1   0   0   2  14   2   0   1   2  0.54 0.38
  112 N    1 -2  2  4 -4 -1  1  0 -1 -2 -2 -1 -3 -4  0 -1  1 -5 -3 -2   14   1  12  26   0   2   8   8   1   3   3   3   0   0   4   3  10   0   0   1  0.37 0.30
  113 E    1 -1  3  1 -3  0  0 -2 -2 -1 -2 -1 -1 -1  0  1  3 -4 -1 -1   13   2  17   6   0   3   5   2   0   3   3   2   2   4   4  10  20   0   1   3  0.23 0.24
  114 S    1  3 -1  0 -3  0 -1 -2  0 -1  0  1  0 -3 -3  0  1 -4 -1  0   12  21   2   6   0   4   3   2   2   3   9   8   2   0   0   6  10   0   2   7  0.18 0.20
  115 S    5 -4 -2 -1 -3 -2 -3 -2  0  1 -2 -3 -2  0 -2  0  1 -5 -3  0   49   0   2   3   0   1   0   2   3   9   3   1   0   5   1   6   9   0   0   5  0.57 0.44
  116 I    1 -1 -3 -2 -3 -1 -3 -2 -4  3  0 -1 -1  0 -4 -2 -1 -2 -1  4   14   3   1   3   0   3   0   2   0  19   8   3   1   3   0   2   4   1   2  33  0.39 0.31
  117 T    0 -4 -2 -3 -4 -1 -3 -1 -3 -2 -3 -1 -4 -5 -3  1  6 -5 -5 -1    7   0   1   1   0   3   1   5   1   2   2   3   0   0   1   8  60   0   0   4  1.05 0.65
  118 P    1 -3 -2 -2 -5 -2 -4 -2 -5 -5 -1 -2 -4 -2  7 -1  0 -6 -1 -4   11   1   2   2   0   2   0   3   0   0   6   3   0   2  55   5   5   0   2   1  1.28 0.65
  119 A    2  0 -1 -2 -3 -1 -1  1  0 -1  0  3 -1 -3 -2  1  0 -4 -1 -1   23   4   3   1   0   1   2   9   2   3   9  24   1   0   1   8   5   0   2   2  0.25 0.26
  120 K    1  0  0 -1 -3 -1  0  2  1 -1 -2  3 -2 -3 -2  1  0 -1 -1 -2   12   4   5   3   0   1   6  15   3   3   3  23   1   0   1   8   7   1   2   2  0.22 0.21
  121 F   -1 -2 -2 -2 -3 -2 -3 -2 -1  0  4 -3  1  0 -4  0 -1  2 -2  2    3   2   2   2   0   2   1   3   1   2  46   1   2   4   0   8   4   3   0  13  0.43 0.31
  122 T    1  1 -1  0 -3  0  0 -2  1 -1 -1  3 -2 -2 -2  1  1 -1 -1 -1   16   5   2   5   0   4   4   2   4   3   5  24   0   2   1   8   9   1   2   4  0.19 0.18
  123 V    2 -1  1 -1 -2  1  0  0  0 -1 -1 -1  0  0 -1  0  0 -1  0  1   22   2   7   2   0   7   5   8   3   3   3   1   2   4   2   5   6   1   3  13  0.08 0.12
  124 A    2  1 -2 -1 -1  0 -1  0 -1  0 -1 -1  0 -1  0  0  0  2  0  0   23   9   1   4   1   4   3   9   1   4   5   2   2   2   4   3   8   4   4   8  0.09 0.11
  125 L    0  0 -1  0 -2 -1 -2 -1  0  1  2 -1  1  0 -2 -1  0  1  2  1    6   5   3   5   0   2   1   4   2  10  22   4   3   2   1   5   4   2   8   9  0.07 0.09
  126 N    1  0  3  2 -2  1  0  0  0 -1 -2  0 -2 -3  0  1  0 -3 -2 -2   11   4  16  14   0   6   2   8   2   4   4   6   0   1   4  10   5   0   1   1  0.19 0.14
  127 N    1 -1  2  0 -2  1  0  1  1 -2 -1  1 -1 -2 -1  0  0 -2  0 -1   15   1  12   4   0   5   5  12   4   1   6  11   1   2   3   4   7   0   4   3  0.11 0.12
  128 A    2  0 -1 -1 -2 -1 -1 -1  1  0  0  1 -1 -1 -2  0  0  1  0  1   23   6   2   3   0   1   1   4   4   7   9  10   0   2   1   4   6   2   4  10  0.09 0.13
  129 F    0 -1 -1  0 -2  0 -1 -1  0  0  1 -1  1  2  0 -1  0  0  1  0    9   3   3   5   0   4   3   3   2   7  20   4   3  12   4   2   4   1   7   4  0.06 0.08
  130 E    1 -1  2  2 -2  0  1  0  0 -1 -1  0 -2 -2 -1  0  1 -3  0  0   12   1  13  14   0   2   7   7   2   3   6   5   0   0   2   5  11   0   3   7  0.13 0.13
  131 T    2 -1  1  0 -2  0  0  0  0  0 -1  0 -1 -1 -1  0  1 -3 -2  0   21   3  10   5   0   3   5   8   2   7   6   4   0   3   2   4  11   0   0   5  0.08 0.11
  132 R    0  4 -1 -1 -3  0 -1 -1  0 -2 -1  1 -1 -1  3 -1 -1  0  0 -2    8  26   2   2   0   5   1   5   2   1   7   7   2   2  14   3   4   1   3   2  0.28 0.22
  133 V    0  0  1  1 -3  1 -1  1 -1  0 -1  0 -2 -2  0  0  2  1 -2  0    9   5   7   8   0   9   3  11   1   6   4   7   0   2   4   2  15   3   0   5  0.10 0.13
  134 S    5 -3  0 -1 -3 -1 -2  1 -3 -2 -4 -3 -2 -4 -3  1  0 -4 -4 -1   55   0   4   3   0   3   2  11   0   3   1   0   1   0   0   9   6   0   0   3  0.71 0.46
  135 T   -1 -1  1 -1 -3 -1 -3 -1 -2 -1 -2 -2 -3 -4 -2  3  5 -4 -1 -3    4   3   6   2   0   2   0   3   1   3   4   2   0   0   2  22  44   0   2   0  0.66 0.46
  136 E    1 -1  0  1 -3 -1  3  0 -2 -2 -1  0 -2 -2  0  0  3 -4 -3 -1   11   2   3   8   0   2  21   8   0   2   6   4   0   1   5   3  22   0   0   2  0.25 0.24
  137 S    1 -3  0  1 -3 -1 -2  1 -3 -1 -1 -2 -2 -3 -3  2  4 -4 -2 -1   11   0   3   7   0   2   1  10   0   3   5   1   0   0   0  20  29   0   2   3  0.38 0.32
  138 S    1  2  0  0 -2  1 -1 -2 -2 -1  0  0  1 -2  0  0  0 -3 -2  1   14  15   4   5   0   7   3   2   0   3   9   4   4   2   3   7   4   0   0  13  0.10 0.14
  139 N    1  1  0  0 -3  0 -1 -2  0 -1 -1  1 -1  0  0  0  2  2  0 -2   16   8   4   5   0   5   1   2   2   4   6  10   0   4   4   7  16   3   3   0  0.12 0.16
  140 G    1 -4 -3 -2 -5 -2 -4  6 -4 -5 -4 -4 -5 -5 -4 -1  1 -5 -5 -3   11   0   0   2   0   1   0  69   0   0   1   0   0   0   0   3   8   0   0   2  1.40 0.65
  141 V   -1 -2 -3 -3 -3 -2 -3 -4 -4  3  1 -1  0  0 -3  0  2  1 -1  2    4   1   0   1   0   1   1   0   0  21  16   4   1   4   0   7  18   2   1  15  0.33 0.28
  142 I    1 -2 -3 -1 -2 -1 -2 -1 -3  1  1 -1 -1 -1 -1  0  0 -3  0  3   16   1   0   4   0   2   1   4   0   7  11   4   0   3   3   7   7   0   3  27  0.16 0.19
  143 K    1  2  0 -1 -4  3  2 -2 -2 -2 -2  3 -3 -4 -2 -1  1 -4 -2 -1   10  11   3   2   0  16  17   2   0   2   4  18   0   0   2   2   8   0   1   3  0.36 0.30
  144 I    0 -2 -2 -4 -3 -2 -3 -2 -3  3  3 -1  0  1 -3 -2  1 -3  0  0    7   1   2   0   0   1   0   3   0  19  32   4   1   6   0   2  11   0   4   5  0.32 0.26
  145 S    3 -3 -1 -3 -1 -1 -2 -1 -3 -2 -1 -2 -2 -2 -1  3  1 -4  0  1   29   0   3   0   1   3   1   4   0   1   5   2   1   1   3  25   6   0   3  11  0.35 0.33
  146 S   -2 -3  2 -1 -2 -2 -2 -1 -4 -2 -3 -1 -4 -5 -2  3  5  0 -2 -3    2   1  11   2   1   1   2   5   0   2   1   3   0   0   1  25  39   1   1   1  0.74 0.54
  147 L    0 -2  1  1 -3  3  0  0 -2 -1 -1 -1 -2 -2  0  1  2 -3 -2 -1    9   0   7   8   0  16   5   7   0   4   7   3   0   1   5   9  14   0   1   2  0.17 0.20
  148 P    3 -1 -1  0 -3 -1 -1  1 -3 -1 -1 -1 -2 -3  2  0  1 -1 -1  1   27   3   2   6   0   1   3  10   0   2   4   2   0   0   9   7   8   1   2  12  0.20 0.22
  149 Q    1  0  0  1 -3  2  3  1  1 -1 -1 -1  0 -3 -1 -1  0 -3 -3 -1   12   4   3   6   0   9  23   9   3   5   6   2   2   0   2   3   7   0   0   3  0.18 0.19
  150 A    4 -3 -1 -2 -3 -3 -2 -1 -1 -2 -2 -3 -1 -1 -2  0  3 -4 -3  2   35   0   3   1   0   0   1   5   2   1   4   0   1   2   2   7  20   0   0  14  0.46 0.39
  151 L    0  0  0  1 -3  1  0 -1 -3  1  0 -1 -1 -2 -1 -1  3  1 -3  0    7   5   5  11   0   6   4   4   0   8  10   3   1   2   2   1  22   2   0   7  0.14 0.19
  152 A    3 -3  1 -1 -3 -2 -3  0 -3 -1  0 -2 -2 -2  0  1  1 -4 -1 -1   34   0   8   3   0   1   0   5   0   4  12   2   0   2   5   9   9   0   2   4  0.28 0.29
  153 G    0 -2 -2 -4 -4 -2 -2  6 -4 -3 -1 -2 -4 -5 -3  1 -1 -5 -5 -2    7   2   2   0   0   2   2  57   0   1   7   2   0   0   1   8   4   0   0   3  0.92 0.50
  154 A    1 -3  1 -1 -3 -2 -1 -1 -3  0  0 -1 -2 -1 -1  1  4 -4  0  1   10   0   6   2   0   1   3   3   0   6   9   3   0   2   3   8  27   0   4  12  0.24 0.27
  155 D   -1 -3  2  5 -4 -1 -1  1 -1 -1 -2 -3 -1 -4 -1  1 -1 -5 -2 -1    5   1   9  37   0   2   2  10   2   4   5   0   2   0   3  11   3   0   1   4  0.51 0.37
  156 D   -1  1  2  4 -4 -2  1 -1 -1 -1 -3 -1 -4 -4  0  0  1 -5 -4 -2    6  10  12  27   0   0   8   5   1   3   2   3   0   0   4   7  10   0   0   2  0.41 0.33
  157 T   -1 -2  2  1 -4 -2 -2 -1  0 -3 -1 -1 -2 -2 -2  2  4  0 -2 -1    4   2  10   7   0   1   2   5   2   1   6   3   1   1   1  15  32   1   1   4  0.38 0.37
  158 T    0  2  0  0 -3  0 -1 -1 -1 -2  0  0  0 -1 -1  0  2 -3  0  0    9  13   4   6   0   4   2   4   1   0   8   5   3   2   3   4  19   0   4   8  0.12 0.18
  159 A    3 -3  0 -1 -3 -1 -2  0 -3  1 -1 -2 -1 -1  1  0  1  0 -2  0   34   0   4   3   0   3   1   7   0   9   4   2   1   3   6   5   8   1   1   8  0.25 0.27
  160 M    1 -2 -1 -3 -3  0 -1  1 -3  1  0 -2  2 -1 -1 -1  1 -3  0  2   15   2   4   0   0   4   2  13   0   8   6   0   6   2   3   2   9   0   3  19  0.16 0.21
  161 T    0 -2 -1 -4 -4 -2 -4 -3 -1 -1 -2 -4  0 -1 -2  0  6 -5  0 -1    7   2   2   0   0   2   0   2   1   4   4   0   2   2   2   7  53   0   4   4  0.84 0.58
  162 P    0 -1  0  0  0 -1 -2  1 -4 -2 -2 -3  0 -5  6  0 -1 -5 -5 -1    8   4   4   4   2   3   2  10   0   2   4   0   3   0  40   6   4   0   0   4  0.76 0.47
  163 L    2 -1  0 -1 -3  0 -1 -1 -3  0  1  2  0 -1 -3 -1  0 -4 -3  1   22   3   4   3   0   5   3   4   0   6  13  14   2   3   0   3   6   0   0   9  0.13 0.19
  164 K    0  1  0  0 -3  0  0  0 -2 -1 -1  2 -2  1 -1  0  1  2  1 -1   10   8   3   5   0   2   5   7   0   3   5  13   0   6   2   5  12   3   7   3  0.10 0.15
  165 T    0  0  1  0 -3  0 -2 -1 -3  0  0  0  1  0  0 -1  1  2  0  1    8   4   8   5   0   4   0   5   0   3  11   6   3   3   4   4  10   4   3  14  0.07 0.13
  166 Q    0  0  0  0 -3  0  0 -1  1  0 -1  0  1  0  0  0  0  3  1  0    5   5   5   5   0   5   5   5   5   5   5   5   5   5   5   5   5   5   5   5  0.06 0.08
  167 Q    0  0  1  0 -2  1  0  0  2  0 -1  0 -1 -2  1  0  0 -2  1  0    6   6   6   6   0   6   6   6   6   6   6   6   0   0   6   6   6   0   6   6  0.06 0.07
  168 L    2  0  1  1 -3 -1 -2 -1 -1 -1  0 -1  0  0 -2 -1  0  2 -1  0   25   5   7   9   0   3   2   4   1   2   8   2   3   4   2   4   7   3   2   8  0.13 0.19
  169 A    1 -1  0 -2 -3 -2 -1 -1 -1  2  1 -1  1  0 -2  0  0  0  2  1   12   4   6   1   0   1   4   4   1  16  11   3   3   4   1   6   4   1   9   9  0.11 0.15
  170 I    1 -1  1  3 -3  0  0  0 -3  0 -1 -1 -3 -3 -1  0 -1 -4 -1  0   15   3   7  18   0   5   4   9   0   5   7   4   0   0   3   7   3   0   2   7  0.17 0.19
  171 K    1  0  2  1 -3  0  0  0  0 -1 -1  0  0 -2  0  0  0  1  0 -1   12   4  10   8   0   3   4   7   2   5   7   8   2   1   4   6   7   3   3   4  0.06 0.08
  172 L    2 -1 -1 -2 -3  0 -1 -1 -1  0  1 -1 -2  1 -1  0  0 -4 -1  1   24   4   3   2   0   5   4   5   1   6  14   3   0   6   3   5   6   0   1   8  0.12 0.17
  173 I    1 -1  1 -1 -3  0 -1 -1  0  2 -1 -1  1 -1  0 -1  1  4  0  1   11   3   7   3   0   4   2   5   2  13   6   3   3   3   4   4   8   7   2   8  0.12 0.15
  174 A    2 -1  0  0  0  0 -1  1  1  0 -1  0  0 -1  0  1  1  1 -2 -1   17   3   3   5   2   3   3  10   3   6   4   4   2   2   5  11  10   2   0   4  0.09 0.13
  175 Q    0  0  0  0 -2  1  0  0  1  0 -1  0  1  0  1  0  0 -2  1  0    6   6   5   6   0   5   6   6   5   6   6   6   5   5   6   6   6   0   5   6  0.03 0.06
  176 I    0 -1  0 -1 -2 -1 -1  0 -1  1  1  1  0  0 -2  0  0 -1  1  1   10   2   5   3   0   1   1   8   1   9  13  10   2   3   1   9   7   1   6   9  0.05 0.09
  177 A    2 -1  1  1 -3 -2 -2  0 -1 -1 -1 -2 -2 -2  2  1  2 -4 -1  0   22   2   6   7   0   1   1   6   1   3   6   2   1   2  10  11  12   0   2   6  0.20 0.21
  178 P    1 -1 -1  0 -3 -2 -1  0 -3 -1  1  0 -1 -1  2  1  0 -1 -3  0   16   4   3   5   0   1   3   6   0   3  16   5   1   2  12  10   7   1   0   5  0.12 0.15
  179 S    2  0  1  1 -1  0  0  0 -1 -1 -1 -1 -1 -1 -1  1  0 -2 -2  0   18   5   9   7   1   4   6   8   1   3   5   1   1   2   2  11   6   1   1   7  0.09 0.12
  180 E    0  0  0  1 -3  1  1  0  1 -1 -1  0 -1 -1  0  1  0  1  1  0    8   5   4   8   0   6   9   9   4   2   7   3   1   2   4  10   4   2   5   6  0.06 0.08
  181 T    0  0  0  0 -2 -1 -1  1  1 -1 -1  0 -1  0  1  0  0  1  0  0    9   7   5   4   0   1   3  10   4   2   7   7   1   4   8   7   7   3   4   6  0.05 0.06
  182 T    1 -1  1 -1 -3  0 -1  2 -1 -2 -2  1 -2 -2  1  0  3 -1  0 -1   11   3   5   4   0   5   2  14   1   1   4   8   1   1   6   7  20   1   3   3  0.19 0.21
  183 A    4 -2 -3 -2 -2 -1 -3  0  2  0  0 -2 -3 -2 -4  0 -1 -4 -1 -1   44   2   1   3   1   2   1   8   5   6   8   1   0   2   0   7   4   0   2   3  0.46 0.39
  184 T    1 -3  1  0 -4 -1 -3  0 -4 -2 -1 -1 -3 -3 -1  1  5  0 -3 -1    9   1   7   6   0   2   1   6   0   2   6   3   0   1   3   8  39   1   1   4  0.50 0.42
  185 E   -1 -2 -1  1 -4 -1  3  1 -3  1  0 -1 -2 -3  0 -1  2  2 -2  0    5   1   3   8   0   2  21  10   0   9   8   2   0   1   4   2  13   3   1   7  0.20 0.24
  186 S    1 -1  1  0 -3  1 -1 -1 -1 -1  0  0 -2 -2 -1  2  3 -4 -3 -2   12   3   5   5   0   5   4   5   1   3  11   5   1   1   2  14  21   0   0   2  0.19 0.23
  187 D    2  0  2  1 -3  2 -1  0 -1 -2 -2  0 -1 -3 -1  1  0 -4 -1  0   16   5   9   7   0  12   2   7   1   1   2   3   1   1   3  12   7   0   2   7  0.18 0.21
  188 Q    1  1  0 -1 -3  1 -1  0 -2  0 -1  2 -1 -1 -1  1  1  1  0 -1   17   6   3   2   0   6   2   5   1   5   5  14   2   3   3   9  11   2   3   3  0.12 0.16
  189 G    0 -1 -2 -2 -5 -4 -4  6  0 -3 -3 -4 -4 -3 -1 -1  1 -5 -5 -1    8   3   2   2   0   0   0  56   2   2   2   0   0   1   3   4   9   0   0   4  0.97 0.55
  190 V    1 -2 -1 -2 -2 -2 -2  0 -3  1  1 -2  1  0 -1  0  2  1 -1  1   12   2   4   1   1   1   1   8   0  10  16   1   3   3   2   5  16   2   2   9  0.14 0.17
  191 V    0 -4 -3  0 -3 -4 -3 -1 -1  2  0 -4 -2 -2 -2 -3  1 -4 -1  5    8   0   1   5   0   0   2   5   2  10   9   0   0   2   2   1   8   0   2  42  0.54 0.39
  192 Q    0  3  1 -1 -4  3  1 -1  0 -2 -2  1 -2 -2 -1 -1  1  0  0 -1    9  16   6   2   0  13   9   5   2   2   3   8   0   2   3   3   9   1   3   4  0.21 0.22
  193 L    0 -2 -3 -3  0 -2 -3 -2 -2  2  3 -1  0 -1  0 -2  1 -4 -2  1    7   1   1   2   2   1   0   3   1  11  34   3   1   2   6   2  10   0   1  11  0.30 0.27
  194 A    4 -3  0  0 -3 -2 -3  0 -4 -1 -2 -2 -2 -2 -1  2  0  0  0 -1   37   1   4   4   0   1   0   6   0   3   3   2   1   2   3  19   5   1   3   4  0.43 0.39
  195 T    0 -2  1 -1 -4 -2 -3  2 -4 -1 -2 -1 -4 -1 -2  2  5 -5 -1 -2    6   1   7   3   0   1   0  13   0   4   3   4   0   3   2  13  35   0   2   1  0.50 0.43
  196 V    0 -2  2  1 -3  1  0  0 -2  0  0 -1 -2 -1 -1  0  1 -3 -1  1    8   0  12   9   0   7   4   6   0   5   9   3   0   2   3   7   9   0   2  13  0.10 0.16
  197 A    2 -2  2 -1 -3 -1 -1  1 -2 -2 -1 -1 -3 -2  0  1  2 -4 -1 -1   23   1   9   4   0   2   2  12   1   2   5   2   0   2   4  10  12   0   2   5  0.21 0.23
  198 Q    0  1 -1  0 -4  2  3  1 -1 -2 -2  0  0 -4  0  1 -1 -4 -3 -1    9   7   2   5   0  10  21   9   1   1   4   5   2   0   4   9   3   0   0   6  0.21 0.22
  199 V    1 -3  0 -1 -3 -2 -3 -1 -4  2  0 -2 -1 -1 -2  0  2  0 -2  3   10   1   5   3   0   1   1   5   0  11   6   2   1   2   2   5  15   2   1  25  0.25 0.25
  200 R    1  0  2  0 -3  1 -1  0 -1  1 -1  0  0 -3 -1  1  1 -4 -1 -1   13   6  11   6   0   6   3   7   1  10   5   4   2   0   2   9   8   0   1   4  0.10 0.14
  201 Q    3 -1  3  0 -4  0 -2  1 -2 -1 -2 -2 -3 -4 -2  1  1 -4 -2 -1   28   3  13   5   0   5   1  10   1   4   4   2   0   0   2   8  11   0   1   3  0.32 0.31
  202 G    2 -3  0 -2 -4 -1 -2  5 -4 -4 -2 -1 -4 -3  0 -1  0  0 -4 -2   15   1   5   2   0   2   2  44   0   0   4   4   0   1   4   5   7   1   0   3  0.66 0.44
  203 T    1 -1  0 -1 -3  1 -1 -1 -1 -1 -1  0 -2 -1 -1  1  3  1  0  0   14   2   4   4   0   6   2   4   1   3   7   5   0   2   3  10  20   2   3   7  0.14 0.20
  204 L    1  0  1  1 -3  0 -1 -1 -2  0  0  0 -1 -1  1  0  1  1 -1  0   12   5   7   9   0   3   2   3   0   5  11   7   1   2   8   8   9   2   2   6  0.08 0.11
  205 R    0  1  0  1 -2  1  0  0  1 -1 -1  0 -1 -1  0  1  0 -2 -1 -1   10   7   5  11   1   7   2   5   5   4   5   5   2   3   4   9   6   1   2   5  0.06 0.09
  206 E    0 -2  2  2 -3  0  0  0 -1 -1 -2 -2 -1 -1  1  1  1  0 -1 -1   10   2  13  14   0   5   6   6   1   4   2   1   2   3   6  10   8   1   2   4  0.17 0.19
  207 G    1  0  3  0 -4  0 -3  3 -1 -2 -3 -1 -2 -2 -1  0  1 -4 -1 -1   13   4  14   4   0   4   0  26   2   2   2   3   1   1   3   6   8   0   2   4  0.31 0.28
  208 Y    0  1  0  0 -2 -1 -1  0  0  0  0  0  0  0 -2  0  1  1  1  0   10   7   4   4   0   1   3   6   2   7   7   8   2   4   1   5  13   2   7   7  0.04 0.09
  209 A    3 -2 -2  0  1 -1 -3 -1 -1  0  0 -1 -2 -1 -1  0  0 -4 -1  1   35   2   2   5   3   3   0   4   1   6   8   4   0   3   2   6   5   0   2  10  0.24 0.26
  210 I    0 -3  0 -1 -3 -1 -1 -2 -3  2  0 -1  0  0 -4 -1  0  4  1  3    6   0   4   4   0   2   3   4   0  10   8   3   2   3   0   4   4   6   5  31  0.27 0.26
  211 S    1  0  0 -1 -3 -1 -3 -1 -1 -1 -1 -1 -1 -1 -1  2  3 -4 -1  0   10   5   5   2   0   2   0   5   2   4   5   3   2   2   3  17  25   0   2   5  0.24 0.27
  212 P    1 -3  1  0 -4 -1 -1 -1  2 -2 -2 -1 -4 -5  5  0  0  1 -4 -2   13   0   6   5   0   3   3   5   5   3   3   4   0   0  32   6   5   2   0   3  0.58 0.40
  213 Y    0  0  0  0 -3  1  0 -1  1  0 -1  1  0  0 -3 -1 -1  2  3  0   10   5   4   4   0   6   6   4   3   4   6  11   3   3   0   4   4   3  13   7  0.10 0.15
  214 T    0  0  0  0 -3  0  0  0 -2  0 -1  0  1  0  0  0  0  3  1  0    6   6   5   6   0   5   6   6   0   6   6   6   5   5   6   6   6   5   5   6  0.06 0.08
  215 F   -1 -2 -1 -2 -3 -2 -2 -2 -2  1  3 -2  0  3 -2 -2 -1  0  1  1    5   1   3   2   0   2   3   3   1   8  35   2   2  12   2   2   4   1   5   7  0.33 0.26
  216 M    1 -1  1  0 -1  0 -1  0  0  0  0  0  0  0 -1  1  1 -3 -1  0   15   2  10   4   1   3   1   7   3   6   9   4   2   4   3   9   8   0   1   7  0.05 0.09
  217 N    1 -1  2  0 -3  1  0 -1  0 -1 -1  0 -1  0  0  0  1 -3  0  0   16   3  10   5   0   8   5   5   2   3   5   4   1   4   4   6  11   0   3   5  0.08 0.12
  218 S    1  1  0 -1 -3  0 -1 -1  0 -1  0  1  0 -1  0  0  0  1 -1 -1   12  10   5   3   0   4   2   5   2   3  13  12   2   2   5   5   8   2   2   4  0.06 0.10
  219 S    0  0  1  0 -2  1  0 -1 -1  0  0  1  0 -2 -1  1  1 -3 -2  1    8   6   9   3   0   7   4   5   2   4   8   8   2   2   3   8  13   0   0  10  0.07 0.12
  220 S    3 -1 -1  0  0  0 -1  1 -2 -1 -2 -1 -2 -1 -1  1  0 -3  0 -1   34   3   3   5   2   4   3   9   0   3   3   3   0   3   2  11   4   0   3   4  0.21 0.24
  221 T    0  0  1 -2  1  0 -2 -1  1  0 -1  0  0 -2  0  1  3 -3  1  0    6   4   7   0   4   4   0   4   3   4   7   5   3   0   4   9  23   0   6   6  0.13 0.19
  222 E    0  0  0  0 -2  1  0  0 -1  0 -1  0 -1  0  1  0  0 -2  1  0    6   6   6   6   0   6   6   6   0   6   6   6   0   6   6   6   6   0   6   6  0.04 0.06
  223 E    1 -2  1  1 -3 -1 -1  1 -3 -1 -1  0  0 -3 -2  2  2 -1 -2  0   14   1   6   8   0   2   3   9   0   4   5   5   2   1   1  16  15   1   1   6  0.20 0.24
  224 Y    2  3  2  0 -4  2 -1  0 -3 -2 -2  0 -2 -3 -1  1 -1 -1 -2  0   16  15   9   4   0   9   3   6   0   1   5   6   0   1   3  11   4   1   1   6  0.20 0.23
  225 K    1  1  1 -1 -1  0  0  0  0  0 -1  0 -1  1  0  0  0  0  0  0   12   8   7   3   1   4   5   6   2   6   6   5   1   8   3   7   7   2   3   5  0.02 0.05
  226 G    2 -1 -2 -2 -5 -3 -3  6 -3 -4 -3 -3 -5 -5 -3 -2 -1  0 -3 -3   14   3   2   2   0   1   2  58   1   1   3   1   0   0   1   3   4   1   1   2  1.12 0.64
  227 V    0 -1 -1 -2 -3 -1 -2 -1 -3  1  1 -1  1  0 -1  0  2  2  0  0   10   3   3   2   0   2   2   5   0  10  14   3   4   3   3   6  17   4   2   7  0.11 0.15
  228 I    1 -3 -1 -3 -1 -3 -3 -3 -2  2  1 -2 -1  1 -2 -1  2  1  0  3   14   1   3   1   1   1   1   1   1  10  14   2   1   7   2   3  12   2   4  20  0.27 0.24
  229 K   -1  2 -1 -1 -4  2  1 -1 -1 -1 -1  3 -1  0  0 -1  0  0  1 -1    4  12   3   3   0   8   9   4   1   3   6  19   1   3   4   4   5   2   4   4  0.17 0.19
  230 L    1 -2  0 -3 -3 -2 -3 -2 -2  2  3 -2  1 -2 -2  0  1  1 -1  2   11   2   4   1   0   1   0   3   1  12  26   2   3   1   1   7   7   2   2  13  0.25 0.24
  231 G    4 -4 -1 -1 -1 -2 -1  1 -2 -1 -4 -1 -4 -2  1  0 -1 -5 -2 -1   42   0   3   4   1   1   3  11   1   3   1   4   0   1   7   7   3   0   1   4  0.51 0.41
  232 T    0 -2  1  0 -4 -1 -2  1 -2 -1 -3  0 -3 -2 -2  0  5 -5 -3 -2    8   2   6   5   0   3   2   9   1   3   2   6   1   2   2   7  38   0   1   2  0.54 0.44
  233 Q    1 -1  2  0 -3  3 -1  1 -1 -2 -1  0 -1 -1  0  1  0 -1 -2  0   11   3   9   5   0  14   2   9   2   2   6   5   1   2   5  10   5   1   1   6  0.13 0.18
  234 S    2  0 -1  0 -2  0 -1  0 -3 -1 -1 -1  0 -2 -1  2  1  0 -2 -1   22   4   3   6   1   3   3   8   0   4   5   3   2   1   3  14  11   2   1   4  0.17 0.21
  235 E    1 -1  0  0 -4  2  3 -1 -1  0 -2  0  1 -2  0  0  0  1 -2  0   10   3   4   5   0   8  22   5   2   4   3   4   5   2   4   5   6   2   1   7  0.17 0.21
  236 V    2 -2 -2 -2 -3 -2 -2 -1 -4  1  0 -2  0 -1  0  0  1 -1  0  3   15   2   1   2   0   1   2   6   0   7   7   2   2   2   5   6  11   1   4  25  0.23 0.25
  237 N    0 -2  5  2 -3  0 -2  0 -2 -2 -1 -1 -1 -3 -2  0  1 -2  0 -1    8   2  28  12   1   4   2   6   1   2   6   4   2   1   2   5   7   1   4   4  0.35 0.33
  238 S    3 -2 -1 -2 -4 -2 -3  2 -1 -1 -1 -2 -3 -1 -2  1  1  0 -1 -1   31   2   3   2   0   1   1  17   2   3   6   2   0   2   2  11   7   1   2   4  0.35 0.34
  239 N    1 -1  2 -1 -2  0 -2  2 -3 -2 -2 -1  0 -2 -1  1  2 -1 -2 -1   11   2   9   3   1   3   2  17   0   2   4   4   3   2   3  11  17   1   1   4  0.22 0.24
  240 N    0 -1  2  3 -4  0  0 -2  0 -1 -2 -1 -1 -1  1  1  2 -5 -2 -2    9   2  10  21   0   3   4   3   2   3   3   3   2   2   6   8  15   0   2   2  0.29 0.29
  241 A    1 -1  1  2 -3 -1 -1  0  0 -2 -1 -1 -1 -2 -1  1  0  0  1 -1   13   3   7  15   0   2   4   7   3   1   7   4   1   1   3  11   6   1   5   5  0.12 0.17
  242 S    1 -2  2  1 -4  0 -2  0 -1 -1 -2  0  0 -2  0  1  3  0 -2 -1   10   1  11   7   0   3   1   7   1   3   3   5   2   2   4  10  21   1   1   5  0.21 0.25
  243 V    0  2  0  0 -3  0 -1  0 -1  0 -1  1  1  0 -1  0  1  0 -1  0    9  12   3   5   0   5   3   6   1   4   6   7   4   4   2   7   9   1   2  10  0.05 0.09
  244 A    3 -1  0 -1 -1 -1  0  0 -1  1 -1  0  0 -1 -2  0  0 -3  0  0   27   3   4   4   1   3   5   8   1   8   5   5   2   3   2   5   5   0   3   7  0.12 0.17
  245 V    0 -1 -1 -2  0 -1 -1 -1 -1  2  1 -2  1 -1  0 -1  0 -3 -1  3    9   3   3   2   2   3   5   4   1  13  12   2   3   2   4   2   4   0   2  23  0.14 0.17
  246 T    0 -1  1 -1 -4 -1 -1 -2  1 -1 -2 -1  0 -1 -2  1  4 -4  0 -1    6   3   7   3   0   3   3   3   3   3   4   3   2   3   2  12  33   0   3   4  0.35 0.35
  247 G    1 -2  0 -1  0  0 -1  0 -3  0 -1 -1 -3 -1  4  0  0  1 -1  0   12   2   4   4   2   4   3   6   0   5   5   2   0   3  25   8   5   2   2   6  0.31 0.27
  248 A    1  0  0  0 -3  0  0  0  1 -1 -1  1  0 -1  0  0  0  1  0  0   14   4   5   5   0   5   4   8   4   3   4   8   3   3   5   7   5   3   4   6  0.05 0.07
  249 T    0  0  0  0 -2  1  0  0 -1  0 -1  0 -1  1  1  0  0  3  1  0    6   6   6   6   0   6   6   6   0   6   6   6   0   6   6   6   6   6   6   6  0.06 0.08
  250 L    0  0  0  0  2  0  0 -1 -2  0 -1  0  1  0  0  0  0  3  1  0    5   5   5   5   5   5   5   5   0   5   5   5   5   5   5   5   5   5   5   5  0.05 0.08
  251 N    1  0  3  0 -4  0 -1  1  0 -2 -2  1  0 -1  0  1  0 -4 -1 -1   12   5  14   6   0   4   3   9   2   1   4  10   2   2   4   9   5   0   2   4  0.14 0.17
  252 G    1 -1  0  1 -3  0 -1  1 -1  0 -1 -1 -1 -1 -1  0  0  0  0  0   16   3   6   7   0   4   3  12   1   6   6   3   1   3   3   8   6   1   3   7  0.06 0.10
  253 R    0  1  0 -1 -1  0 -1 -1  0 -1  0  0  0  1 -1 -1  1  3  1  0    6  11   4   4   2   4   3   3   2   3  10   6   2   7   3   4   8   5   5   7  0.06 0.10
  254 G    0  0  0  0  0  0 -1  0 -1  0 -1  0  0 -1 -1  1  2 -3  0  0    6   4   5   4   2   5   3   9   2   6   5   7   2   2   2  11  14   0   3   7  0.07 0.11
  255 S    3 -1  0  0 -3  0 -1  1  0 -1 -2  0 -1 -1 -1  0  0  1 -1 -1   25   3   3   7   0   3   2  12   3   4   4   5   2   3   3   7   6   2   2   4  0.15 0.19
  256 T    0 -1  1 -1  1  0 -1  0  0 -1 -2 -1 -2  0 -1  2  2  2  0 -1    9   3   6   3   3   3   3   7   3   4   4   3   0   4   3  14  17   3   3   4  0.12 0.18
  257 T    0  0  0  0 -3  0  0 -1  1  0 -1  0  1  0  0  0  0  3  1  0    5   5   5   5   0   5   5   5   5   5   5   5   5   5   5   5   5   5   5   5  0.06 0.08
  258 S    2 -1  2  1 -3  0 -1  1  0 -1 -1 -1 -1 -1 -2  1  1  0 -1 -1   16   2  10   8   0   4   3   9   2   4   6   3   1   3   1  10  11   1   1   3  0.13 0.17
  259 M    0  1  1 -1 -3  1  0  1  0 -1 -1  0  0 -1 -1  0  1 -3  0  0   10   7   7   3   0   7   5  12   2   4   6   4   2   3   2   7   8   0   3   7  0.06 0.09
  260 R    1  0  2  0  0  0 -1  0  1 -1 -1  0 -1 -1 -1  1  1  1  0 -1   11   6  10   6   2   4   3   6   3   4   5   5   2   3   3   9   9   2   3   4  0.06 0.09
  261 G    1 -1  0  0 -4  0 -1  3  0 -1 -1 -1  0 -1  0 -1 -1 -4  0 -1   10   3   5   6   0   4   4  27   3   4   5   3   3   3   5   4   4   0   3   4  0.20 0.19
  262 V    0  0  0  0 -3  0  0 -1  1  0 -1  0  1  0  0  0  0  3  1  0    5   5   5   5   0   5   5   5   5   5   5   5   5   5   5   5   5   5   5   5  0.06 0.08
  263 V    1 -2  0 -2 -1 -2 -2  0 -2  1  0 -2 -1  0 -1  0  1  1  0  2   15   1   4   2   1   2   2   6   1   8  10   2   1   3   3   6   8   2   3  19  0.13 0.16
  264 K    1  2  0  0 -4  1  0  1 -1 -1 -2  1 -1 -2  0  0  0  1 -2 -2   12  13   3   4   0   8   7   9   1   3   3  10   1   2   4   5   7   2   1   3  0.14 0.16
  265 L    0 -1 -1 -1  0 -1 -1 -1 -1  1  2 -1  1  0 -1 -1  0  0  0  1    7   3   3   3   2   3   4   4   1  10  22   5   3   4   3   3   7   1   3  10  0.07 0.10
  266 T    1 -1  0  0 -3  0  0 -1  0  0 -1 -1  0 -1  0  1  2  1 -1  0   15   4   4   5   0   3   5   5   2   5   6   2   3   2   5  12  12   2   2   7  0.08 0.14
  267 T   -1 -1  1  1  0 -1 -1 -1  0  0 -1 -1  1 -1 -1  0  3 -4  0  0    5   3   8   9   2   2   3   4   3   5   6   3   3   2   2   8  21   0   3   6  0.14 0.20
  268 T    0  0  0  0 -3  1  0  0  0 -1 -1  0  0 -1  0  0  1  2  1  0   10   6   6   4   0   7   4   8   3   4   5   4   3   3   3   6  11   3   5   6  0.05 0.08
  269 A    0  0  0  0  2  0  0 -1 -2  0 -1  0  1  0  0  0  0  3  1  0    5   5   5   5   5   5   5   5   0   5   5   5   5   5   5   5   5   5   5   5  0.05 0.08
  270 G    0 -2  2  1 -2  0  1  2 -5 -1 -1  0 -3 -2 -2  1  0 -1 -3 -1    7   3   9   7   1   4  11  18   0   4   5   5   1   2   3  11   5   1   1   4  0.20 0.19
  271 S    2 -2  2 -2 -2 -1 -3 -2 -6 -1 -1 -1  0  1  0  1  2 -1  0  0   17   2   9   2   1   3   2   3   0   3   6   4   3   6   5  12  11   1   3   6  0.21 0.21
  272 Q    1 -1  1  1 -2  1 -2  0  0  0 -1 -1 -2  0 -1  0  1  2  1 -1   12   3   6   8   1   8   2   9   2   5   7   4   1   5   3   6   9   2   4   3  0.09 0.10
  273 S    2 -3  1 -1 -2  0 -3  1 -2 -1  0 -2  0 -2  0  2  0  0  0 -1   16   2   6   4   1   4   2  12   1   4   9   2   2   2   5  13   7   1   3   5  0.16 0.17
  274 G    2 -1  2 -2 -1 -2 -1  4 -1 -2 -2 -1 -1 -1 -1 -1  0 -1 -2 -2   14   3   8   3   1   2   5  28   2   2   4   3   2   2   4   5   6   1   2   3  0.37 0.28
  275 G    1 -2  2 -1 -5 -1 -2  1 -1 -1 -1 -1 -1  1 -1  0  2  1 -1  0   11   2   9   3   0   3   3  11   2   3   8   3   2   6   4   8  12   2   2   6  0.13 0.13
  276 D   -1 -1  1  3 -6  0  0 -1  0 -1 -1 -1 -1 -1 -1  1  1  1  0  0    6   4   7  19   0   4   5   5   2   3   5   4   2   3   4   9   7   2   3   6  0.18 0.17
  277 A    2 -1  0  1  1  0 -1  0  0  0 -2  0  0  0 -1 -1  1  2  0 -1   18   3   5   7   2   3   3   9   3   4   4   5   3   4   3   4   7   3   4   5  0.09 0.10
  278 S   -1  0  0  0  2  0  0 -1  2  0 -1  0  2  1  0 -1  0  3  1 -1    5   5   5   5   5   5   5   5   5   5   5   5   5   5   5   5   5   5   5   5  0.09 0.08
  279 S   -1  0  0  0  2  0  0 -1  2  0 -1  0  2  1  0 -1  0  3  1 -1    5   5   5   5   5   5   5   5   5   5   5   5   5   5   5   5   5   5   5   5  0.09 0.08
  280 A    2 -1  0 -1 -3  0 -1  0  1  0 -1  0  0  0  1  0  0  2  0  0   19   3   4   3   0   3   3   7   3   5   5   5   3   4   7   6   6   3   4   6  0.07 0.11
  281 L    0  0  0  0 -3  0  0 -1  1  0 -1  0  1  0  0  0  0  3  1  0    5   5   5   5   0   5   5   5   5   5   5   5   5   5   5   5   5   5   5   5  0.06 0.08
  282 A   -1  0  0  0  2  0  0 -1  2  0 -1  0  2  1  0 -1  0  3  1 -1    5   5   5   5   5   5   5   5   5   5   5   5   5   5   5   5   5   5   5   5  0.09 0.08
  283 W    0 -1  0  0  0  0  0 -1  1 -1 -1 -1  1  0  0 -1  0  3  2  0    9   4   5   6   2   4   7   5   3   3   6   4   3   3   5   5   6   5   6   7  0.04 0.07
  284 N    0  0  0  0 -3  0  0 -1  1  0 -1  0  1  0  0  0  0  3  1  0    5   5   5   5   0   5   5   5   5   5   5   5   5   5   5   5   5   5   5   5  0.06 0.08
  285 A    3 -1  1 -2 -2  1 -1  0  0 -2 -2  0 -2 -1  0  1  0  0 -1 -2   24   3   7   3   1   5   5   7   3   2   3   5   1   3   5   9   6   1   3   3  0.21 0.21
  286 D    0  0  2  2 -1  1 -1  0  0 -2 -1  1 -1 -1  1 -1  1  1 -1 -1    7   6  10  10   1   5   4   6   2   3   6   8   2   2   6   5   9   2   2   4  0.10 0.11
  287 V   -1 -1 -1 -1  0 -1 -1  0 -1  1  1  0  0  1 -1 -1  0  2  1  1    6   3   2   3   2   2   5   9   2   7  13   6   2   5   2   5   5   3   4  12  0.05 0.05
  288 I    1 -2 -1 -1  0 -1 -1  0 -1  1  1  0  1  1 -1 -1  0  0  0  1   11   2   4   4   2   3   3   6   1   9  13   5   4   6   3   4   7   1   4   9  0.04 0.04
  289 Q    0  0  1  0 -5  1 -1  0  2  0 -1 -1  0  0  1  0  0  2  2 -1    7   5   6   6   0   5   4   7   5   6   5   4   3   4   6   7   5   3   7   4  0.07 0.08
  290 Q   -1  0  0  0  2  0  0 -1  2  0 -1  0  2  1  0 -1  0  3  1 -1    5   5   5   5   5   5   5   5   5   5   5   5   5   5   5   5   5   5   5   5  0.09 0.08
  291 R    1  0  1  1 -1  0 -2 -1  0  0 -1 -1  0 -1  0  0  1  0  1  0   12   6   8   7   2   4   2   4   2   6   6   3   2   3   6   7   8   1   6   5  0.06 0.08
  292 G    0  0  2  2 -1 -1 -2  3 -1 -2 -2 -2 -1  0 -2 -1  1  0  0 -2    8   5   9  11   1   3   2  22   2   3   5   3   2   4   3   5   7   1   3   2  0.24 0.20
  293 G    1 -1  0  0  0  0 -1  1  0  0 -1  0  0  0  0  0  0  2  0  0   11   4   5   5   3   3   4  12   3   7   5   7   3   4   4   6   6   3   3   5  0.04 0.04
  294 Q   -1  0  0  0  2  0  0 -1  2  0 -1  0  2  1  0 -1  0  3  1 -1    5   5   5   5   5   5   5   5   5   5   5   5   5   5   5   5   5   5   5   5  0.09 0.08
  295 I    1 -1  0  0  0 -1 -1  0  1  0 -1 -1  0  0  1  0  1  1  0  1   10   4   4   5   2   3   3   8   3   6   7   3   3   3   8   6   8   2   3   9  0.04 0.05
  296 I    1 -1  0 -1  1  0 -1  0 -3  0 -1 -1  1  1  0  0  1  3  0  1   10   4   6   4   3   4   4   6   0   5   6   4   4   5   4   8   7   4   4   9  0.05 0.06
  297 Y   -1  0  0  0  2  0  0 -1  2  0 -1  0  2  1  0 -1  0  3  1 -1    5   5   5   5   5   5   5   5   5   5   5   5   5   5   5   5   5   5   5   5  0.09 0.08
  298 G    1 -1  1 -2  0 -1 -2  4  1 -1 -2  0 -1 -2 -1 -1 -1  1 -1  0   11   4   6   3   2   3   3  29   3   3   4   5   2   2   3   4   3   2   3   6  0.29 0.24
  299 T    0 -1  2  1  0  0 -1 -1  0  0 -1 -1  0 -1 -1  0  2  1  1  0    7   3  10   8   2   5   4   5   3   4   7   4   2   3   3   6  11   2   5   6  0.08 0.10
  300 L    0 -1 -1 -1  1  0 -1 -1  1  0  0 -1  1  1 -1 -1  1  3  3  0    7   3   4   3   3   4   4   4   3   6   9   4   4   7   3   5   7   4   9   8  0.10 0.08
  301 R   -1  0  0  0  2  0  0 -1  2  0 -1  0  2  1  0 -1  0  3  1 -1    5   5   5   5   5   5   5   5   5   5   5   5   5   5   5   5   5   5   5   5  0.09 0.08
  302 I    0  0  0  0 -1  0 -1  0  0  1  1 -1  1  0 -1  0  0  1  0  0    7   4   5   5   1   3   3   7   3   9  12   3   4   3   3   6   7   2   4   8 -0.00 0.02
  303 E    1  0  1  1  0  0 -1  0  0 -1 -1 -1  0 -2 -1  1  1  1  0 -1   11   4   7   8   2   4   4   7   2   3   5   4   3   2   2  10   9   2   3   5  0.05 0.09
  304 D    0 -1  0  1  1  0  1  1  0 -1 -1 -1  0  1 -1  0  0  2  0 -1    9   3   5   7   3   5   8  11   3   3   5   4   3   6   4   6   6   3   3   5  0.05 0.06
  305 T    0  0  0  0  2  0  0 -1  1  0 -1  0 -2  0  0  0  0  3  1 -1    5   5   5   5   5   5   5   5   5   5   5   5   0   5   5   5   5   5   5   5  0.06 0.08
  306 F    0 -1  0 -1  1  0 -1  0  1  0 -1 -1  0  0 -1  0  1  3  2  0    9   4   5   3   3   4   4   7   3   6   7   4   3   3   3   6   9   4   7   7  0.06 0.07
  307 T   -1  0  0  0  2  0  0 -1  2  0 -1  0  2  0  0 -1  0  3  1 -1    5   5   5   5   5   5   5   5   5   5   5   5   5   5   5   5   5   5   5   5  0.03 0.09
  308 I   -1  0  0  0  2  0  0 -1  2  0 -1  0  2  1  0 -1  0  3  1 -1    5   5   5   5   5   5   5   5   5   5   5   5   5   5   5   5   5   5   5   5  0.09 0.08
  309 A    1  0  0  0  0  0 -1  0  0  0 -1  0  0  0  0  0  0  2  1  0   12   4   5   5   3   4   4   8   3   4   6   5   3   5   4   7   7   3   4   5  0.03 0.03
  310 N    0 -1  3  1  0  0  0  1  2 -1 -2  0 -5 -2 -1  1  1  1 -1 -2    8   3  15   6   2   4   5  10   4   3   4   5   0   2   3  10   8   2   2   3  0.19 0.18
  311 G    0  0  1  1 -1  1  0  1  0 -1 -2  0 -1 -1 -1  0  1  1  1  0    7   6   8   7   1   5   5  11   2   3   4   5   2   3   3   8   8   2   4   7  0.07 0.08
  312 G    1 -1  2  0  0  0 -2  2 -1  0 -2 -1  0 -1  0  0  0  1 -1 -1   11   4   9   6   2   4   3  15   2   5   5   4   2   3   6   7   5   2   3   4  0.10 0.10
  313 A    0  0  0  0  0  0  0  0  0  0  0  0  0  0  0  0  0  1  0  0    8   4   5   5   3   4   5  10   3   6   8   4   3   4   4   6   5   3   4   7  0.01 0.64
  314 N   -1  0  0  0  2  0  0 -1  2  0 -1  0  2  1  0 -1  0  3  1 -1    5   5   5   5   5   5   5   5   5   5   5   5   5   5   5   5   5   5   5   5  0.09 0.08
  315 I   -1  0  0  0  2  0  0 -1  2  0 -1  0  2  1  0 -1  0  3  1 -1    5   5   5   5   5   5   5   5   5   5   5   5   5   5   5   5   5   5   5   5  0.09 0.08
  316 T    1  0  0  0  0  0 -1 -1  0  0 -1  0  0  1 -1  1  2  2  0 -1   10   5   5   5   2   4   3   6   2   5   6   5   2   5   3   9  12   2   4   4  0.05 0.07
  317 G    1  0  0 -1  1  0 -1  3  1 -1 -2 -1  1  0 -1  0  0  2  0 -1   10   5   4   4   3   4   4  19   3   4   4   5   3   3   3   6   7   3   3   4  0.13 0.12
  318 T    0  0  0  0 -3  0  0 -1  1  0 -1  0  1  0  0  0  0  3  1  0    5   5   5   5   0   5   5   5   5   5   5   5   5   5   5   5   5   5   5   5  0.06 0.08
  319 V    1  0  0 -1  1  0 -1 -1  1  1  0 -1  0  0  0  0  1  2  0  0   11   4   4   4   3   5   3   4   3   8   7   4   3   4   4   5  11   3   3   8  0.05 0.06
  320 R   -1  0  0  0  2  0  0 -1  2  0 -1  0  2  1  0 -1  0  3  1 -1    5   5   5   5   5   5   5   5   5   5   5   5   5   5   5   5   5   5   5   5  0.09 0.08
  321 M    0  0  0  0 -3  0  0 -1  1  0 -1  0  1  0  0  0  0  3  1  0    5   5   5   5   0   5   5   5   5   5   5   5   5   5   5   5   5   5   5   5  0.06 0.08
  322 T   -1  0  0  0  2  0  0 -1  2  0 -1  0  2  1  0 -1  0  3  1 -1    5   5   5   5   5   5   5   5   5   5   5   5   5   5   5   5   5   5   5   5  0.09 0.08
  323 G   -1  0  0  0  2  0  0 -1  2  0 -1  0  2  1  0 -1  0  3  1 -1    5   5   5   5   5   5   5   5   5   5   5   5   5   5   5   5   5   5   5   5  0.09 0.08
  324 G    0 -1  2  1  0 -1 -1  2  0 -1 -1 -1  0 -1 -1  0  1  1 -1 -1    8   4   9   8   2   2   4  17   2   3   6   4   3   3   3   6   9   2   2   4  0.13 0.13
  325 Y   -1  0  0  0  2  0  0 -1  2  0 -1  0  2  1  0 -1  0  3  1 -1    5   5   5   5   5   5   5   5   5   5   5   5   5   5   5   5   5   5   5   5  0.09 0.08
  326 I   -1  0  0  0  2  0  0 -1  2  0 -1  0  2  1  0 -1  0  3  1 -1    5   5   5   5   5   5   5   5   5   5   5   5   5   5   5   5   5   5   5   5  0.09 0.08
  327 Q    0  0  1  1  0  0  0  0  0  0 -1 -1  0  0  0  0  0  2  0  0    7   5   6   7   3   4   6   9   3   4   6   3   3   4   5   7   7   3   3   6  0.03 0.03
  328 G    0  0  0  0  2  0  0 -1  1  0 -1  0 -2  0  0  0  0  3  1 -1    5   5   5   5   5   5   5   5   5   5   5   5   0   5   5   5   5   5   5   5  0.06 0.08
  329 N    0  0  1  0  1  1  0 -1  0 -1 -1  0  0 -1 -1  0  0  2  0  0    7   4   9   5   3   7   5   6   3   3   7   6   3   3   3   8   6   3   3   7  0.04 0.05
  330 R   -1  0  0  0  2  0  0 -1  2  0 -1  0  2  1  0 -1  0  3  1 -1    5   5   5   5   5   5   5   5   5   5   5   5   5   5   5   5   5   5   5   5  0.09 0.08
  331 I   -1 -1  0 -1  1  0 -1 -2  0  1  0 -1  1  2  0  0  1  2  2  1    5   3   4   4   2   4   4   3   3   7   7   3   3   8   6   6   9   3   6   9  0.07 0.07
  332 V   -1  0  0  0  2  0  0 -1  2  0 -1  0  2  0  0 -1  0  3  1 -1    5   5   5   5   5   5   5   5   5   5   5   5   5   5   5   5   5   5   5   5  0.03 0.09
  333 T    0  0  0  0 -3  0  0  0  1  0 -1  0 -1  0  0  0  0  3  1 -1    5   5   5   5   0   5   5   5   5   5   5   5   0   5   5   5   5   5   5   5  0.03 0.09
  334 Q    0 -1  0  0 -4  1  0  0  0  0 -1  0  0 -1  1  0  1  2 -1  0    7   4   4   5   0   6   5   8   3   5   7   7   2   3   6   6  10   2   3   6  0.05 0.07
  335 N    0  0  1  1  1  1  0  0  0 -1 -1  0  0  0  0  0  0  2  0 -1    9   6   6   9   3   6   5   6   3   3   6   4   3   4   4   7   5   3   3   4  0.05 0.05
  336 E   -1  0  0  0  2  0  0 -1  2  0 -1  0  2  1  0 -1  0  3  1 -1    5   5   5   5   5   5   5   5   5   5   5   5   5   5   5   5   5   5   5   5  0.09 0.08
  337 I    0  0  0  0 -3  0  0 -1  1  0 -1  0  1  0  0  0  0  3  1  0    5   5   5   5   0   5   5   5   5   5   5   5   5   5   5   5   5   5   5   5  0.06 0.08
  338 D    0  0  2  3 -4  0  1  0  0 -2 -2  0 -1 -1  0  1  0  1  0 -1    7   4   9  16   0   5   7   6   2   3   4   5   2   2   5   9   5   2   3   4  0.13 0.15
  339 R    0  1  1  1 -5  1  0  0  1 -1 -2  0  0  0 -1  1  0  2  0 -1    7   6   8   9   0   6   5   7   4   4   4   5   3   3   4   9   6   3   3   4  0.09 0.10
  340 T   -1  0  0  0  2  0  0 -1  2  0 -1  0  2  1  0 -1  0  3  1 -1    5   5   5   5   5   5   5   5   5   5   5   5   5   5   5   5   5   5   5   5  0.09 0.08
  341 I    0  0  0  0  2  0  0  0  1  0 -1 -1  1  0  0  0  0 -2  1  0    6   6   5   6   5   5   6   6   5   6   6   0   5   5   6   6   6   0   5   6  0.03 0.09
  342 P   -1 -1 -4 -1 -5 -1  0 -1  2 -1 -2 -1  1 -1  6 -1 -1  2 -4 -1    4   3   0   3   0   3   6   6   6   3   3   3   3   3  39   3   3   3   0   6  0.69 0.47
  343 V    0  0  0  0  2  0  0  0 -2  0 -1  0 -1  0  0  0  0  3  1  0    6   6   5   6   5   5   6   6   0   6   6   6   0   5   6   6   6   5   5   6  0.05 0.08
  344 G    0  1  1  1 -2  1  0  1 -1 -2 -1  1 -1 -3  2  1  1 -3 -2 -2    9   9   9   9   0   9   1   9   0   0   9   9   0   0   9   9   9   0   0   1  0.15 0.09
  345 A    0 -1  0 -1  1  0  0  1  0 -1  0 -1  1 -1 -2  1  2 -3 -2  0    8   3   3   3   3   3   4  12   3   3   8   3   4   3   0  11  17   0   0   6  0.09 0.11
  346 I   -2 -7 -1 -7 -7 -1 -2 -2 -7  4 -1 -2  2  0  2 -2 -1 -7  0  4    4   0   3   0   0   3   4   4   0  22   5   3   4   3   9   3   4   0   3  25  0.64 0.35
  347 M   -1  0  0  0  2  0  0 -1  2  0 -1  0  2  1  0 -1  0  3  1 -1    5   5   5   5   5   5   5   5   5   5   5   5   5   5   5   5   5   5   5   5  0.09 0.08
  348 M    1 -2 -2 -2  0 -1  0 -2  1  0  0 -2  2  1  3 -1 -1  1  2 -1   12   2   2   3   2   3   6   2   3   6   7   2   6   6  16   4   4   2   8   3  0.21 0.22
  349 W   -2 -1  0 -2  1 -4 -2 -2  1 -1 -2 -4  0  4  0 -2 -1  8  4 -1    4   3   5   3   3   0   3   3   3   3   3   0   3  16   5   4   3  19  13   4  0.75 0.48
  350 A   -1  0  0  0  2 -2  0 -1  1  0 -1  0  1  0  0  0  0  3  1  0    5   5   5   5   5   0   5   5   5   5   5   5   5   5   5   5   5   5   5   5  0.05 0.09
  351 A    0  0  0 -1  1  0 -1  2  1 -1 -1  0  2 -1  0  1  0 -3  0 -1    9   4   3   3   3   5   3  17   4   3   5   4   7   3   4   9   5   0   3   3  0.09 0.13
  352 D    0  0  0  0  2  0  0 -1  1  0 -1  0  1  0  0  0  0 -2  1  0    5   5   5   5   5   5   5   5   5   5   5   5   5   5   5   5   5   0   5   5  0.03 0.05
  353 S   -1  0  0  0  2  0  0 -1  2  0 -1  0  2  1  0 -1  0  3  1 -1    5   5   5   5   5   5   5   5   5   5   5   5   5   5   5   5   5   5   5   5  0.09 0.08
  354 L    1 -2 -1  0 -1 -1 -1 -2 -1  1  2 -2  0 -2  0  0  1 -4 -2  1   16   1   3   7   1   2   3   2   1   9  23   2   2   1   5   5   7   0   1   9  0.15 0.17
  355 P   -1 -2 -1 -2 -1 -1  1 -3 -1 -3 -4 -1 -6 -3  7 -3 -1  0 -1 -3    6   2   3   2   2   2   9   2   2   2   2   4   0   1  50   2   4   1   2   2  1.14 0.69
  356 S    1  0  0 -1  0  0 -1  0  0 -3 -2  0  0 -4  4  1  0 -4 -1 -2   12   4   5   4   2   4   4   6   2   0   3   5   3   0  19  14   7   0   2   3  0.26 0.23
  357 D    0 -1  2  1  0  1  0  0  0 -1 -1  0  0  0  0  1  0  1 -1 -1    7   3  10  10   2   6   5   9   2   3   4   5   2   4   3  11   5   2   2   4  0.07 0.08
  358 A    0  1  1  0  2  1 -1  0  2 -2 -1  0 -1 -2 -2  0  0 -2  1  0    7   7   7   7   7   7   0   7   7   0   7   7   0   0   0   7   7   0   7   7  0.08 0.12
  359 W    0 -2 -1 -2 -2 -1 -2  1  3 -1  0 -2 -1  2 -2  1  1  5  2 -1   11   1   0   1   0   0   1  11  10   1  11   1   0  10   1  11  11  10  10   1  0.22 0.11
  360 R    1 -1 -3 -4 -3 -2 -2 -4  0  1  4 -2  1  0 -4 -2 -2 -4 -1  0   11   4   1   0   0   2   2   0   2   7  50   2   3   3   0   3   1   0   1   4  0.53 0.35
  361 F    0  0 -2 -1 -3  0  2 -2 -1  0  1  2  1  1 -1  0 -1  2 -1  0    7   3   1   2   0   3  16   2   1   6  14  14   5   6   3   5   2   3   2   5  0.10 0.13
  362 C    1 -3 -1 -5  9 -4 -3 -3 -1 -2 -2 -4  2 -1 -2 -4 -2  0  1 -2   12   2   4   0  50   0   2   2   2   1   4   0   6   2   2   1   2   2   5   2  1.49 0.64
  363 H   -1 -1  5  4 -4 -1 -1 -3  0 -2 -3 -1 -1 -1 -3  0 -1  1 -1 -2    5   3  31  25   0   3   3   1   2   3   3   2   2   2   0   5   3   2   2   3  0.57 0.33
  364 G   -1 -4  0 -4 -5 -4 -4  6  2 -5 -5 -4 -5  0 -4 -1 -4  3 -4 -5    5   0   5   0   0   0   0  68   4   0   1   0   0   4   0   5   0   4   0   0  1.39 0.56
  365 G    1  0  0 -1 -3  4  0  1  0 -3 -2 -1 -3 -3 -1  2  0  1 -1 -2   13   3   3   3   0  23   3  12   2   0   3   3   0   0   2  16   5   2   2   2  0.30 0.25
  366 T    1 -1  0 -1  0  0  0 -1 -1 -1  0 -1  0 -1  1  1  1  1 -1  0   15   2   4   3   2   3   6   3   2   2   8   2   2   2   8  12  10   3   2   9  0.10 0.15
  367 V   -2 -1 -4 -4  0 -1 -4 -2  0  2  2 -1  2  4 -4 -2 -2  2  2  2    3   3   0   0   2   3   0   3   2   9  17   3   5  20   0   2   2   2   7  14  0.40 0.29
  368 S   -1 -1  1  2 -4 -1  0 -2 -3 -2 -2 -1 -1 -1 -1  4  1 -4  1 -2    5   3   7  11   0   3   5   2   0   2   4   3   2   2   3  32   7   0   5   2  0.32 0.34
  369 A    0  4 -1 -2  0  0 -2 -2 -1  1 -3  2 -1 -2 -2 -1  1 -5 -4  0    9  23   2   2   3   5   2   3   2  10   2  13   1   2   2   5   9   0   0   6  0.31 0.29
  370 S    2 -2  0 -1 -2 -1  0 -1 -1 -2 -3 -1 -2 -4 -1  2  3 -4 -1 -1   19   2   4   4   1   2   6   4   2   2   2   3   1   0   2  16  24   0   2   3  0.33 0.33
  371 D    1  0 -1  2 -2  2  1 -1 -1 -2 -1  1 -1 -3 -1 -1  2 -4 -3 -1   14   5   2  14   1   9  10   4   1   1   6   7   2   1   2   3  14   0   0   4  0.20 0.23
  372 C   -4 -6 -1 -6  0 -2 -4 -6  0 -3 -4 -4 -5  2 -6 -4 -4  1  9 -5    1   0   4   0   2   2   1   0   2   1   1   1   0   8   0   2   1   2  70   0  2.29 1.08
  373 P    2 -2 -2 -3 -5 -1 -2 -2 -3 -2 -5 -2 -3 -4  7  0 -2  0 -3 -4   18   2   2   2   0   2   3   3   1   2   1   2   1   1  49   6   2   1   1   1  1.18 0.68
  374 L    2  1  0  3 -4  0  2 -1 -1 -1 -2  2 -1 -3 -2 -1 -1 -4 -2 -2   18   7   4  16   0   3  17   3   1   3   4  11   1   1   2   2   3   0   1   2  0.28 0.27
  375 Y   -5 -6 -6 -7 -5 -6 -6 -3 -6 -1  6 -3 -3 -2 -4 -5 -4 -5 -2 -3    0   0   0   0   0   0   0   3   0   2  84   2   0   1   1   1   1   0   2   1  1.78 0.88
  376 A    3 -2 -5 -4 -3 -2 -4 -4  0 -2 -2 -4 -2  6 -3 -3 -1  4  4 -4   24   2   0   1   0   2   1   1   2   2   4   1   1  36   1   1   4   6  12   1  1.04 0.59
  377 S    4 -1  1  0 -4  0 -1 -1 -2 -3 -2  1 -2 -4 -3  1  0 -5 -4 -2   40   3   7   4   0   3   4   5   1   1   3   9   1   1   1  10   5   0   0   2  0.48 0.39
  378 R    4 -1 -2 -3 -4 -2 -3 -2 -3  0  0 -2  0  0 -4 -2 -1 -2  1  3   33   3   2   1   0   1   2   3   0   4   8   2   3   3   0   2   4   0   5  25  0.45 0.38
  379 I   -2 -4 -4 -4 -1 -5 -6 -4 -5  6  2 -5 -2 -1 -3 -4 -3 -2  5  0    3   1   1   1   1   0   0   1   0  45  16   0   1   2   2   1   1   0  18   4  1.11 0.62
  380 G   -1 -2 -1 -1 -1  0 -2  6 -3 -4 -4 -1 -4 -4  1 -1 -2  0 -3 -3    4   2   3   3   2   4   2  56   0   1   2   3   0   1   6   4   2   1   1   2  0.95 0.47
  381 T   -1 -2  1  0 -2 -1 -2 -1  0 -2 -2 -1  0  0 -2  0  4 -3  2 -2    4   1   6   6   1   2   2   5   2   2   3   4   2   5   1   8  34   0   9   2  0.40 0.31
  382 R    1  1  1 -2 -1 -1 -2 -1  0 -1  0 -1 -1 -2 -1  1  3  1 -1 -1   13   8   7   2   1   2   2   4   2   4   9   3   1   2   2  10  20   2   2   4  0.15 0.16
  383 Y   -2 -2 -1 -3 -1 -3 -3 -3  2 -2 -2 -3 -2  4 -3 -1 -1  7  6 -2    3   2   3   2   1   1   2   3   5   2   4   1   1  19   2   5   4  14  25   3  0.94 0.43
  384 G   -2 -2  0 -3 -3 -3 -3  6 -1 -2 -4 -2 -3 -4 -2 -2 -3 -3 -3 -3    3   2   4   1   0   1   2  69   1   3   2   2   1   1   2   3   1   0   1   2  1.35 0.52
  385 G    2 -1  0  1 -2 -1 -1  3 -2 -2 -2  0 -2 -2 -1  1 -1  0 -2 -1   22   2   4  10   0   1   4  22   1   2   3   5   1   1   2  10   4   1   1   4  0.26 0.18
  386 N    0 -2  1  2 -3 -1  0  4  0 -2 -3 -1 -2 -3 -1  1  0 -1 -2 -2    6   2   7  12   0   3   4  32   2   2   3   2   1   1   3   9   4   1   2   2  0.37 0.22
  387 P    0 -2  0  4 -3 -2  0  2 -2 -3 -3 -1 -3 -2  1  1  0  1 -2 -2    8   1   4  23   0   1   4  17   1   1   2   2   1   1   6  13   6   2   2   3  0.32 0.21
  388 S    0 -3  2  0 -3 -1 -1  3  0 -3 -3 -2 -3 -4  2  1  2 -1 -3 -1    6   1  10   4   0   2   4  21   2   1   2   2   0   0  12  13  14   1   1   5  0.35 0.27
  389 N   -2  0  2 -1 -3 -1 -2  0  2 -3 -3 -1 -2 -2 -2  2  4 -4  0 -1    3   5   9   3   0   3   2   8   4   1   2   3   1   2   2  14  31   0   4   4  0.41 0.32
  390 P   -3 -5 -4 -5 -3 -5 -5  1 -3 -3 -2 -5 -3  8 -1 -3 -2 -3 -1 -1    3   1   1   1   1   1   1  12   1   1   4   1   0  60   3   2   3   0   1   5  1.49 0.65
  391 G    0  4  5 -2  0  0 -3 -2  1 -3 -2  1 -1 -3 -4 -1  0 -4 -1 -1    6  20  31   1   2   3   1   2   3   1   3   8   1   1   0   4   5   0   3   4  0.58 0.38
  392 L   -3 -5 -6 -6 -5 -5 -6 -5 -6  2  5 -4  0 -3 -6 -5 -2 -5 -2  3    1   0   0   0   0   0   0   1   0  10  58   1   2   0   0   0   2   0   2  22  1.24 0.62
  393 P   -4 -7 -7 -7 -8 -6 -4 -7 -7 -7 -6 -6 -7 -8  9 -3 -6 -8 -8 -5    1   0   0   0   0   0   1   0   0   0   1   0   0   0  93   2   0   0   0   1  3.21 1.33
  394 D   -5 -4  0  8 -8 -2  0 -6 -6 -7 -5 -4 -4 -8 -4 -4 -6 -8 -7 -7    1   1   4  83   0   2   6   0   0   0   2   1   0   0   1   1   0   0   0   0  2.43 1.06
  395 M   -3 -4 -6 -4 -2 -5 -6 -3 -3 -2  5 -5  4  1 -5 -2 -2 -1  2 -1    1   1   0   1   1   0   0   2   0   1  60   0   9   6   0   3   3   1   8   3  1.07 0.59
  396 R   -5  8 -2 -4 -4  1 -4 -5 -5 -2 -5 -2 -6 -7 -7 -3 -5 -7 -4 -6    0  82   1   1   0   5   1   1   0   2   1   1   0   0   0   2   0   0   0   0  2.37 1.07
  397 G   -2 -3 -2 -3 -7 -6 -4  7 -6 -8 -8 -5 -7 -7 -6 -3 -4 -7 -7 -4    3   1   2   1   0   0   1  86   0   0   0   0   0   0   0   2   1   0   0   2  2.21 0.96
  398 L   -3  3 -4 -3 -4  0  5 -3 -1 -3  0 -1  2 -3 -5 -3 -2  0  2  0    2  19   0   0   0   4  36   2   1   1  10   2   5   0   0   0   3   1   6   7  0.66 0.48
  399 F   -3 -7 -6 -8 -5 -7 -8 -6 -4 -3 -4 -7 -3  9 -3 -6 -3 -4  1  0    3   0   0   0   0   0   0   0   0   1   0   0   1  80   2   0   2   0   3   7  2.53 1.04
  400 V   -3 -3 -6 -3 -4 -5 -5 -5 -4  4  4 -4  1 -2  1 -2 -2 -2 -4  2    1   1   0   1   0   0   0   0   0  28  36   1   2   1   8   3   2   0   0  13  0.82 0.47
  401 R   -3  8 -5 -6 -8 -3 -2 -6 -5 -1 -3 -2 -2 -4 -7 -6 -5 -7 -6 -2    3  83   0   0   0   0   2   0   0   3   2   1   1   1   0   0   0   0   0   3  2.33 1.04
  402 G   -2 -6 -2 -5  1 -6 -6  7 -3 -3 -7 -6 -2 -2 -5 -2 -4 -2 -5 -3    2   0   2   0   3   0   0  80   1   2   0   0   1   2   0   2   1   1   0   2  1.94 0.87
  403 S    1 -2 -3 -6 -3 -3 -6 -5 -5 -2  0 -1 -2  1 -5 -2  0  9  0  2   12   2   1   0   1   1   0   1   0   2  10   5   1   6   0   3   5  32   3  15  1.21 0.65
  404 G    0 -4  0  7 -6 -5 -3  2 -2 -5 -6 -5 -5 -5 -3 -1 -3 -7 -3 -6    7   1   3  59   0   0   1  15   1   1   1   0   0   0   2   5   2   0   1   0  1.47 0.77
  405 R    0 -1  3  5 -3 -1 -1  0  4 -4 -3 -2 -1 -4 -2  0  0 -5 -3 -3    9   4  12  29   1   2   3   8   9   1   2   1   1   1   2   6   6   0   1   2  0.52 0.36
  406 G    0 -3  1  0 -5 -3 -4  6 -3 -4 -4 -3  1 -5 -3  1 -1 -3 -4 -4    6   1   6   5   0   1   1  57   1   1   1   1   3   0   2   9   3   0   1   1  1.09 0.58
  407 S    1  5 -2 -2 -5 -1 -2  0 -2 -4 -3  0 -3 -4 -1  1 -1 -4 -2 -3   12  39   1   3   0   2   2   9   1   1   3   5   0   1   3  11   4   0   1   2  0.65 0.44
  408 H    0 -1  1  0 -5 -2 -2  5 -1 -5 -4 -2 -3 -5 -2  0  0 -2 -4 -3    6   3   7   5   0   1   3  49   1   0   2   3   1   0   2   6   6   1   0   2  0.80 0.46
  409 L    0 -1 -1 -1 -2 -1 -1 -1 -2  2  0 -1  1 -1 -2 -1 -1 -3 -1  3    9   3   3   3   0   2   4   5   1  14   9   3   3   2   2   5   4   0   2  27  0.20 0.17
  410 T   -1 -1  1  6 -3 -2 -1  0 -2 -3 -2 -2 -1 -3 -3 -1  0 -4 -2 -1    5   3   5  44   1   1   4   8   1   2   5   2   2   1   1   5   5   0   2   4  0.68 0.38
  411 N    0 -1  1  3 -2  0  0 -1 -1 -2 -2 -1 -1 -1  2  1  1 -2 -1 -1   10   3   7  18   1   3   5   5   1   2   4   3   2   3  11   9   7   0   2   4  0.19 0.13
  412 P    0  0  0  0 -2  1  0  2 -1 -2 -1 -1 -1 -1  3  0  0 -2 -1 -1    7   5   5   6   1   6   5  16   1   2   6   2   1   2  15   7   5   1   2   4  0.18 0.11
  413 N   -1  3  1  2 -2  0  0  0  0 -2 -1  0 -1 -1 -1 -1  0 -2  0 -2    5  21   7  14   1   3   4   8   2   2   5   3   1   3   3   5   6   1   3   3  0.20 0.13
  414 V    1  0 -1 -1 -1  0  0  1 -1  0  0  0  0 -1  0  0  0 -1 -1  0   15   6   3   3   1   4   5  10   1   5   9   5   2   2   4   4   8   1   2   9  0.03 0.04
  415 N    0  0  0  2 -1  0  0  0 -1  0  0  0 -1  0  0  0  0 -2 -1 -1   11   6   6  13   1   4   4   7   1   6  11   3   1   5   4   5   5   1   2   4  0.04 0.04
  416 G    0  0  0  0 -2  0 -1  3  0 -1  0 -1 -1 -1  1  1  0 -2 -2 -1    7   5   3   6   1   4   3  22   2   3   8   3   2   2   6  10   7   1   1   4  0.13 0.08
  417 N    0  1  0  1 -2  0  0 -1 -1  0 -1  0 -1 -2  1  1  1 -2 -1  0    9  10   5   7   1   4   4   5   1   5   7   4   1   2   6  15   8   1   2   6  0.08 0.06
  418 D    0  0  1  2 -2  0  0  0  0 -1 -1  0 -1 -1  0  0  0  2  0  0    7   6   8  13   1   3   4   6   2   4   6   5   1   2   4   9   7   3   4   6  0.06 0.05
  419 Q    1  1  0  0 -2  3  0  0  0 -1 -1  0 -1 -2  0  1  0 -1 -1 -1   13   7   3   4   1  15   4   6   2   4   5   4   1   2   5  11   7   1   2   4  0.13 0.10
  420 F    0  0  0  0 -1  0  0  0  1  0  0  0  0  0  0  0  0  0  0 -1    8   4   4   7   1   4   6   8   5   5   8   6   3   4   4   7   7   1   3   4  0.02 0.01
  421 G    0  1  0  0 -2  0 -1  2  1 -1 -1  0 -1 -1  0  2  0 -1 -1 -1    8  10   4   5   1   3   3  15   3   3   5   4   2   3   4  15   6   1   1   3  0.10 0.08
  422 K    0  1  0  0 -2  1  0  0  1 -1 -1  0 -1 -1 -1  1  1 -1 -1 -1    9   8   4   5   1   6   5   9   5   3   5   5   2   2   3  10  12   1   2   5  0.07 0.06
  423 P    1  0  1  0 -1  0  0  0  1  0 -1  0 -1 -1  1  0  0 -1 -1 -1   11   6   7   6   1   2   4   8   5   5   6   4   2   3   9   8   6   1   2   4  0.05 0.04
  424 R    0  1  0  1 -1  0  0  0  0 -1  0  0  0 -1 -1  0  1 -2 -1  0    7   8   5   8   1   5   4   9   2   4   9   6   2   2   3   8   9   1   2   5  0.04 0.03
  425 L    1  1  0 -1 -1  0 -1  0  0 -1  0  0  0  0  0  0  0  1  0  0   13   8   5   3   1   4   3   7   2   3  12   5   2   4   3   7   7   2   3   5  0.02 0.03
  426 G    1 -1  0 -1 -1 -1 -1  1  1 -1 -1 -1 -1 -1  1  1  1 -2 -1  0   13   3   4   3   1   2   3  14   4   4   7   4   1   2   7  10   8   1   2   5  0.08 0.06
  427 V    1 -1  1  0 -2  0  0  2  0 -1 -1 -1 -1 -1  0  1  1 -2 -1  0   10   2   6   6   1   3   5  19   2   5   5   3   1   3   3   9   8   0   2   5  0.10 0.07
  428 G    1 -1  1  0 -2  0 -1  3  1 -2 -2 -1 -2 -2 -1  0  0 -2 -2 -2   11   3   6   6   1   3   4  29   4   2   4   4   1   2   3   7   5   1   1   3  0.26 0.15
  429 C    1 -1  2  0  0  0  0  0  0 -1 -1  0 -1 -1 -1  1  1  0  0  0   11   3  13   3   2   5   4   8   2   4   4   4   1   2   2   9  11   1   3   6  0.08 0.08
  430 T    2 -2  0 -1 -2 -1 -1  2 -2 -1 -2 -2 -2 -2 -2  2  3 -1 -2  1   16   1   4   3   1   2   3  14   1   4   2   2   1   2   2  15  17   1   1   9  0.25 0.21
  431 G   -1 -2  0 -2 -4 -2 -3  6 -1 -3 -3 -2 -2 -5 -2  0 -1 -4 -3 -3    5   2   4   2   0   1   1  59   1   2   2   3   1   1   2   6   4   0   1   2  1.06 0.53
  432 G    0  4  2  2 -4 -2 -1  1 -1 -4 -4 -2 -3 -1  0  0 -1 -1 -1 -3    9  26  11  12   0   1   4   9   1   1   1   1   1   3   5   7   4   1   2   1  0.41 0.32
  433 Y    1 -1  1  0 -3  1  1  0  4 -2 -2  0 -1 -2  0  0  0 -2 -1 -1   15   3   7   5   0   5   9   9  11   1   3   7   1   1   4   6   5   1   2   5  0.17 0.17
  434 V   -1 -2 -1 -3 -2 -2 -3 -4 -1  1  2 -3  0  1 -2 -1  1 -4  0  4    5   2   3   1   1   1   1   1   1   7  19   1   2   5   2   5  11   0   3  28  0.33 0.27
  435 G   -2 -3 -2 -4 -5 -3 -5  5  5 -3  0 -3 -2 -2 -4 -2 -2 -5 -4 -2    3   1   2   1   0   1   0  51  15   1  10   2   1   1   1   3   3   0   0   3  1.08 0.59
  436 E    0 -2 -1 -1 -1 -1 -2 -1  0 -5 -5 -3 -5 -6 -2  5  3 -6 -4 -3    7   2   3   3   1   2   2   5   2   0   1   1   0   0   2  47  19   0   0   1  0.91 0.63
  437 V    0 -1 -2 -2 -2 -2 -2 -2  0  0  1 -1 -1  2 -3 -1  0  4  2  1   10   4   2   1   0   1   1   2   2   5  17   5   1   9   1   4   6   7   8  13  0.20 0.19
  438 Q   -4 -3 -2 -4 -6  8 -1 -2  0 -5 -6 -1 -3 -5 -6  0  2  2 -4 -6    1   1   2   1   0  61   3   3   2   1   1   3   1   0   0   7  12   3   0   0  1.69 0.95
  439 I    1 -2  1  0 -2 -1  0  1 -2 -1 -1 -1 -1 -2 -1  1  2 -2 -1  0   15   1   6   6   1   2   7  13   0   4   7   2   1   1   3   8  14   1   2   5  0.12 0.15
  440 Q   -1 -4  1  6 -1  1 -1 -1  1 -5 -5 -3 -4 -2 -4  0  0 -2 -2 -3    6   1   6  46   1   6   3   5   4   0   1   1   0   2   1   6   6   1   1   2  0.87 0.53
  441 Q    4 -2  0  0 -3  3  2 -1 -3 -4 -3 -3  1 -3 -3  1  1 -5 -3 -3   31   1   4   5   0  14  13   4   0   1   2   1   3   1   1   8   9   0   1   2  0.48 0.40
  442 M   -1 -3  0 -2 -4 -1 -3 -3 -2  2  2 -4  3  3 -4 -2  1 -3  0  1    5   1   5   2   0   4   1   2   1  15  18   0   8  16   1   3   8   0   2   9  0.35 0.26
  443 S    0  2 -1 -2 -5  4  0  2 -2 -3 -3  2 -3 -5  2 -1 -2 -5 -4 -4    7  12   3   2   0  18   5  15   1   1   3  13   1   0  12   3   2   0   0   1  0.47 0.37
  444 Y    2 -1  2 -1 -3 -1  0  0 -1 -2 -3  0 -3 -3 -1  3  0  1  0 -2   16   3   9   3   0   3   5   8   2   2   2   5   0   1   2  24   5   2   3   3  0.25 0.25
  445 H   -4 -4 -2 -5 -5 -3 -4 -2 10 -2 -5 -4 -3 -4 -1 -4 -4 -4 -3 -5    1   1   1   1   0   1   1   3  76   3   1   1   1   1   4   1   1   0   1   1  2.89 1.14
  446 K   -1  0  2  0 -3  1  0 -1 -1 -2 -3  1 -1 -1 -3  2  3 -1  0 -2    5   6  12   4   0   5   5   4   1   2   2   7   2   2   1  13  22   1   3   3  0.27 0.25
  447 H   -4 -3 -1 -4 -6 -3 -4 -1 10 -3 -5 -4 -3 -5 -4 -4 -4 -4 -2 -4    2   1   2   1   0   1   1   5  75   2   1   1   1   1   1   2   1   0   1   1  2.86 1.13
  448 A    1 -1  0 -1 -2 -1  0  1 -1 -1 -2 -1 -2 -2  1  2  2 -3 -1  0   10   3   4   3   0   3   5  11   2   4   4   3   1   1   6  16  15   0   2   7  0.15 0.16
  449 G    0 -2  0 -1 -2  0 -1  2  0  0  0 -2  0  0 -1  0  0 -1  1  1    8   1   3   3   0   3   3  15   3   6   9   2   2   5   2   9   7   1   6  12  0.06 0.08
  450 G   -1 -1  1  0 -3  0 -1  2 -1 -1 -2 -1 -2 -1  2  1  1  1 -1 -1    5   3   8   4   0   3   3  20   1   4   3   4   1   2  10  11   8   2   3   4  0.18 0.15
  451 F    0 -1  0  0 -2 -1 -1 -1 -1  0  0 -1  0  1 -1  0  1  4  2  0    8   4   4   7   0   3   3   5   1   5   7   2   3   5   2   6  10   7   8   9  0.10 0.10
  452 G    0 -1  0 -1  0  0 -2  3  1 -1 -1 -1 -2 -1  1  1  0 -1 -1 -1    8   3   5   3   2   4   2  28   3   3   6   2   1   2   8   9   5   1   2   3  0.22 0.16
  453 E    0  0  1  1 -2  1  1  1 -1 -1 -2  0 -1 -1  0  1  1 -1 -1  0    7   4   5   9   1   5  12  13   1   4   3   4   1   2   4   9   8   1   3   6  0.09 0.09
  454 H    1  0  2  0 -2 -1 -1  0  5 -1 -1 -2 -1  0 -1  0  0 -3  1 -1   11   5  11   6   1   2   3   8  14   3   6   2   1   3   3   8   5   0   5   4  0.19 0.16
  455 D    0  0  1  1 -2  0  0  1  1 -1 -2 -1 -1 -1  0  1  1 -1  1 -1    9   4   9   8   0   4   5  10   3   3   4   3   1   3   4  10   8   1   6   4  0.08 0.08
  456 D    0 -1  1  2 -2  0 -1  1  4 -1 -2 -2 -1 -1  0  1  0 -2  0 -2    8   3   8  12   1   3   3  12  11   3   4   2   2   3   4  10   7   1   3   3  0.17 0.15
  457 L    0 -1  1  0 -2  0  0  1  1  0 -1 -1  0  0 -1  0  1  0  1  0    7   3   7   4   1   4   4  12   4   5   5   2   2   3   3   8  10   1   7   7  0.05 0.07
  458 G    1 -1  1  1 -2  0 -1  4 -1 -1 -2 -2 -2 -3 -2  1 -1  1 -1 -2   11   2   6   7   1   4   3  30   2   4   3   2   1   1   2   9   4   2   2   3  0.32 0.22
  459 A    1  0  1 -1 -3 -1 -1  2  2 -1 -2 -1 -1 -2  0  2  1 -1  0 -1   12   6   7   3   0   2   2  14   6   4   4   2   2   2   5  15   7   1   4   4  0.13 0.14
  460 F    0 -2  0 -1 -2  0 -1  1  1  0 -1 -2 -2  3 -1  0  1  0  2  0    7   2   6   3   1   4   3   9   3   5   5   1   1  15   4   7  10   1   7   7  0.12 0.13
  461 G    1 -1  1 -1 -3 -1 -2  3  0 -1 -3 -1 -2 -3  0  1  1  2  0 -1   10   3   6   4   0   3   3  26   2   3   2   3   1   1   6   9   8   3   4   3  0.26 0.20
  462 N    0 -1  2  0 -2  0 -1  2  1 -1 -2  0 -1 -1  0  1  1 -1 -1  0    9   3   9   5   1   3   4  14   3   3   4   4   1   3   5  11   8   1   2   6  0.09 0.09
  463 T    1 -1  1  0 -2  0 -1  0  0 -1 -1 -1 -1 -1  1  1  3 -1  0  0   10   3   6   4   1   4   3   6   2   3   7   2   1   2   6  11  19   1   4   6  0.13 0.15
  464 R    1  0  1  0 -2  0 -1  1  0 -1 -1 -1 -1  0  1  0  1  1  1  0   11   5   7   4   1   4   2  12   3   3   4   3   1   4   6   8   8   2   5   7  0.06 0.08
  465 R    1  0  1  0 -2  1  0  1  0 -1 -1  0 -1 -1  0  1  1 -2  0 -1   10   6   6   5   0   7   5   9   3   4   4   4   1   2   3  11  10   0   3   4  0.08 0.09
  466 S    1  0  1  0 -2 -1 -1  1  1 -2 -2 -1 -1 -1  0  1  0  2  0 -1   11   6   6   5   1   2   3  11   4   2   4   3   1   3   5  14   7   3   4   5  0.09 0.11
  467 N    0 -1  3  0 -4  0 -1  3 -1 -1 -2 -2 -2 -2  1  1  0 -2 -2 -2    9   3  17   5   0   3   4  20   2   3   3   1   1   2   7  10   5   1   1   3  0.28 0.23
  468 F    0  0  2 -1 -2  0 -1  1  2 -1 -1 -1 -2  1 -1 -1  0  3  3  0    7   4   9   4   1   4   3  11   5   3   4   4   1   7   3   4   5   4  10   9  0.13 0.13
  469 V    1 -1  0  1 -2  0 -1  1 -1  0 -1 -1 -1 -1  1  1  0  0 -1  0   12   3   6   8   0   3   3  13   1   6   5   3   2   2   7   9   5   1   2   9  0.08 0.09
  470 G    1 -2  0 -1 -4 -1 -2  5 -2 -3 -2 -2 -1 -2 -2  0  0 -1 -1 -1   10   2   5   3   0   3   2  40   1   2   3   2   2   2   2   8   6   1   3   4  0.51 0.34
  471 T    0 -1  0 -1 -4 -2 -2  2 -2 -2 -2 -1 -2 -1  0  2  2 -2 -1  0    8   3   5   4   0   2   2  16   1   3   3   3   1   2   5  19  15   1   2   7  0.24 0.23
  472 R    0  0  1  0 -2  0  0  2  0 -1 -2 -1 -1 -1 -1  1  0  0  1 -1    9   7   9   5   1   3   4  14   3   3   4   3   2   3   3  11   6   1   6   4  0.09 0.11
  473 K    1  0  0  1 -3  0 -1  2 -1 -1 -2  0 -1 -1  1  1  1 -1 -1 -1   10   4   5   8   0   4   3  16   1   3   3   6   1   3   6   9   8   1   3   5  0.10 0.10
  474 G    1 -2  1  0 -3 -1 -2  3  0 -1 -2 -2 -2 -1  0  2  0 -1 -1 -1    9   2   6   6   0   3   2  24   3   3   4   1   1   3   4  14   6   1   2   5  0.24 0.20
  475 L    0 -1  1 -1 -2 -1 -1  2 -1  0  0 -1  0  0 -1  1  2 -1 -1  0    8   3   6   3   0   2   3  14   1   5  10   2   3   4   3   9  13   1   2   7  0.07 0.09
  476 D    0 -1  0  3 -2 -1 -1  1  0 -2 -2  0 -2 -2  1  1  0 -1 -1 -1    7   4   5  20   1   2   3  13   2   3   3   5   1   2   6  10   7   1   2   4  0.20 0.17
  477 W    1  0  0 -1 -2 -1 -2  0 -2 -1 -1 -2 -1  1 -1  1  2  4  2 -1   10   5   6   3   1   2   2   8   1   4   6   2   1   5   3  12  12   6   9   4  0.17 0.16
  478 D    0  0  2  4 -2  0  0  1  0 -1 -3 -1 -2 -3  0  0  0 -1 -2 -1    6   4   9  22   1   4   4  12   3   4   3   3   1   1   4   8   5   1   1   4  0.24 0.18
  479 N    1 -1  5  0 -3  0 -2  1 -2 -2 -2 -2 -2 -2 -1  0  0 -1 -2 -1   11   3  30   6   1   5   2  10   1   2   4   2   1   2   3   6   7   1   1   4  0.44 0.30
  480 R    0  1  0  0 -2  0 -1  1  1 -1 -1 -1 -1 -1  1  1  0  0  2  0    9   7   5   5   1   4   3   9   4   2   5   3   2   2   7  12   5   1   8   6  0.08 0.09
  481 S    0 -1  0  0 -2 -1 -1  2  0 -1 -1  0  0 -2  0  1  1  2  0 -1    9   3   4   4   1   2   3  14   2   3   7   5   3   1   5  13   8   3   3   5  0.09 0.10
  482 Y    1 -1  0  0 -2  0 -1  0  1  0 -1 -2 -1  1  1  0  0  2  3 -1   11   3   4   4   1   3   3   6   4   6   5   2   1   5   7   9   6   3  12   5  0.12 0.12
  483 F    0 -1  0 -1 -1  0  0  0  2  0 -1 -1  0  1 -1  0  0  1  2  0    7   4   4   4   1   3   5   8   7   6   6   4   2   5   3   7   8   2  10   6  0.06 0.07
  484 T    1  0 -1 -1 -3 -2 -1  0 -1 -1 -2 -1 -2 -1  0  1  4 -1  0  0   10   4   2   4   0   2   3   6   1   3   4   3   1   3   5   8  28   1   4   8  0.26 0.23
  485 N   -1 -1  3  1 -3 -1 -1  1  2 -2 -2 -1 -1 -2 -1  2  2 -2 -1  0    5   3  16   7   0   3   3  10   4   2   4   3   2   2   3  13  12   0   2   6  0.21 0.19
  486 D    0 -1  1  3 -3  0  0  1  1 -1 -2 -1 -2 -3  0  1  1 -2 -1 -2    6   3   6  18   1   4   4  13   4   4   3   3   1   1   4   9  11   1   2   3  0.20 0.17
  487 G    1 -3  1  0 -3 -1 -2  4  1 -2 -3 -2 -3 -2 -1  1  0 -4 -1 -1   11   1   5   5   0   3   3  32   3   3   3   2   1   2   3   9   7   0   2   5  0.38 0.25
  488 Y    0 -1 -1 -1 -2  0 -1  0  3 -1 -2 -1 -1  0  0  2  2 -1  2 -1    9   3   3   4   1   4   3   8   7   3   4   3   1   3   6  16  11   1   7   4  0.15 0.16
  489 E   -1 -1  2  1 -2  1  0  2  2 -1 -2 -1 -2 -2  0  1  1 -1 -1 -1    5   3  10   7   1   5   6  17   5   3   4   3   1   1   4   9   9   1   2   3  0.16 0.14
  490 I    0 -1  0 -1 -2 -1 -2  0  0  0  0 -1 -1  0 -1  0  2  0  1  1    8   2   5   2   1   3   2   9   2   6   7   3   2   4   2   6  16   1   5  13  0.09 0.11
  491 D   -1 -1  2  2 -3  0 -1  1  2 -1 -1 -1 -1 -2 -1  1  1  2 -1 -1    6   3  10  13   0   5   4  10   5   3   5   3   1   1   3   9  11   3   2   4  0.16 0.14
  492 P    1 -1 -1 -1 -3 -1 -1  2 -1  0 -1 -2 -2 -2  2  1  2 -3 -2 -1   13   3   3   3   0   2   4  14   1   7   5   2   1   2  12   9  13   0   1   5  0.19 0.17
  493 E    0 -1  1  1 -2 -1  0  1  0  0 -1 -1 -1  0  0  1  1 -2 -2 -1   10   3   6   7   1   3   4  13   2   6   6   2   1   4   5  12   8   1   1   5  0.08 0.09
  494 S    1 -1  2 -1 -2 -1 -1  2  1 -2 -2 -2 -1 -3 -1  2  2  1 -1 -1   11   3  11   4   1   3   4  13   3   2   3   2   2   1   3  15  11   2   2   4  0.21 0.19
  495 Q    1 -2  2  0 -2  0 -1  2 -1  0 -2 -1 -2 -2 -1  1  1 -1 -1 -1   13   2  10   5   1   5   4  15   1   6   3   3   1   2   3  10   8   1   3   5  0.15 0.14
  496 R    0  1  1 -1 -2  0 -1  2  2 -1 -2 -1 -2 -1 -1  1  1  0  1 -1    6   7   6   3   1   3   3  20   5   4   3   3   1   2   2  10   8   1   5   5  0.15 0.13
  497 N    1 -1  1  1 -3  0 -1  1  1 -1 -2 -1 -2 -2 -1  1  2 -1 -1  0   10   4   7   8   0   4   3  11   3   3   4   4   1   2   3  12  13   1   2   6  0.13 0.13
  498 S    0 -2  0  0 -3 -1 -2  1  5 -1 -1 -1 -2 -1 -1  1  0 -1  0  0    9   2   5   5   1   3   2  12  15   4   6   3   1   2   4  11   6   1   3   6  0.23 0.18
  499 K    0  0  1  0 -3  0 -1  1  1 -1 -1  0 -1  0 -1  1  1  0  0 -1    7   5   8   6   0   3   3  10   3   4   5   4   1   4   3  12  11   1   4   5  0.07 0.09
  500 Y    0 -2  0 -1 -4 -2 -2  0  6 -1 -2 -2 -2  3 -2  0  1 -3  1 -1    9   2   4   4   0   1   2   9  17   4   4   2   1  14   3   6   7   0   5   5  0.37 0.25
  501 T    0 -2  0  2 -3 -1 -2  1  2 -2 -2 -1 -2 -2  0  1  3 -3 -1 -1    7   2   5  12   0   2   2   9   5   3   4   3   1   2   4  12  20   0   2   5  0.24 0.21
  502 L    2 -2  0 -2 -3 -1 -2  0  2  1  0 -1  0  0 -1  0  0 -1 -1  1   17   2   5   1   0   2   2   7   6  11   7   2   3   3   3   8   7   1   2  10  0.10 0.11
  503 N   -1 -2  3 -2 -3 -1 -1  0  2 -2 -3 -3 -3  0 -1  3  3  0 -1 -2    5   2  15   2   1   3   3   6   6   2   2   1   1   4   3  19  18   1   2   3  0.38 0.30
  504 R    0  1  1 -1 -3 -1 -2  0 -1  2 -1 -1 -1 -3 -1  1  3 -2 -3  1    6   9   6   4   0   3   1   8   1  11   4   3   1   1   3  10  19   1   1   9  0.20 0.20
  505 P    1 -2  2  0 -3 -1  0  0  0  0 -2 -2 -1 -2  0  1  2 -2 -1  1   10   1   9   5   0   3   7   7   2   5   3   2   1   1   5  12  12   1   2  13  0.13 0.15
  506 E    2 -2  0  0 -3 -1  0  2 -2 -2 -2 -2 -3 -2  1  1 -1 -3 -1  2   18   2   5   5   0   2   5  15   1   2   3   2   0   1   7  10   4   0   3  14  0.22 0.20
  507 L    1  2  0  0 -3 -1 -1  1 -2 -2 -2 -1 -2 -1  2  1  2 -2 -1  0   10  12   4   5   0   2   4  10   1   2   4   2   1   3  10  10  13   0   2   6  0.16 0.17
  508 I   -2 -5 -3 -3 -4 -3 -4  5 -3 -1 -4 -3  0 -2 -2  0  3 -5 -3  0    3   1   1   2   0   1   1  46   1   3   2   1   2   2   2   6  17   0   1   8  0.92 0.54
  509 G    3 -5 -1  1 -5 -3 -2  5 -1 -5 -5 -5 -3 -4 -4  1 -4 -3 -5 -4   19   1   3   8   0   1   2  46   2   1   1   1   1   1   1  10   1   0   0   1  1.04 0.59
  510 N    1 -3  5  1 -4 -2 -2 -2  1 -2 -3 -1 -4 -4 -2  2  2 -5 -4 -2   12   1  27   7   0   1   3   3   4   2   3   3   0   1   2  14  12   0   1   4  0.54 0.39
  511 E   -4 -5 -2 -2 -6 -3  7 -4 -1 -4 -6 -4 -6 -6 -5 -3 -3 -6 -6 -5    1   1   2   2   0   1  81   1   1   1   1   1   0   0   1   2   2   0   0   1  2.26 1.10
  512 T    0 -6  4 -5 -6 -4 -5 -5 -6 -3 -4 -5 -2 -5 -5  0  7 -6 -6 -2    6   0  16   0   0   1   0   1   0   1   2   0   1   0   1   7  60   0   0   3  1.66 0.90
  513 R   -6  8 -4 -4 -8 -2 -6 -6  0 -6 -6 -4 -2 -8 -6 -6 -2 -8 -5 -4    1  85   1   1   0   2   0   1   2   0   1   0   1   0   1   1   2   0   0   1  2.73 1.27
  514 P   -4 -8 -8 -8 -6 -4 -8 -5 -8 -6 -9 -8  0 -9  8 -4 -7 -9 -9 -2    1   0   0   0   0   1   0   1   0   1   0   0   2   0  87   2   0   0   0   4  3.06 1.48
  515 W   -3  6 -4 -4 -2 -2 -4 -6 -2  0 -4  3 -3 -5 -1 -4 -4  1  0  1    2  48   1   1   1   2   1   0   1   5   1  16   1   1   3   1   1   2   3   9  1.21 0.70
  516 N   -5 -6  9 -5 -7 -5 -6 -6 -2 -8 -8 -6 -7 -5 -5 -1 -3 -2 -2 -7    1   0  85   0   0   0   0   1   1   0   0   0   0   1   1   4   2   1   1   0  2.91 1.33
  517 I   -1 -3 -5 -8 -5 -4 -7 -8 -3  5  0 -3  3 -2 -5 -5 -2 -6 -1  4    6   2   1   0   0   1   0   0   1  35  10   2   6   2   0   1   3   0   3  29  1.08 0.59
  518 S    6 -6 -2 -7 -5 -7 -7 -2 -7 -3 -7 -7 -4 -4 -4  1 -1 -7  3 -2   65   0   2   0   0   0   0   3   0   1   0   0   0   1   1   9   3   0  11   3  1.56 0.90
  519 L   -4 -6 -8 -8 -7 -8 -7 -7 -8  0  3 -7  2  5 -7 -7 -5 -4 -1  5    1   0   0   0   0   0   0   0   0   3  31   0   5  23   0   0   1   0   2  32  1.41 0.74
  520 N   -5 -4  6 -4 -3 -3 -6 -7  0 -2  3 -4  4 -2 -5 -4 -2 -2  2 -2    1   1  38   1   1   1   0   0   2   2  26   1  10   1   1   1   2   1   7   3  1.21 0.72
  521 Y    2 -8 -9 -9 -5 -8 -8 -6 -1 -5 -5 -5 -4  3 -1 -7 -4  4  9 -5   16   0   0   0   0   0   0   1   1   1   1   1   0  10   4   0   1   6  58   1  2.28 1.13
  522 I   -4 -9 -9 -10  7 -9 -9 -9 -9  7  0 -9  1 -3 -9 -8 -6 -2 -1 -2    1   0   0   0  24   0   0   0   0  56   8   0   3   1   0   0   0   1   3   2  2.24 1.02
  523 I   -8 -10 -10 -10 -5 -9 -10 -10 -10  8 -4 -9 -2 -7 -9 -9 -5 -9 -8  4    0   0   0   0   0   0   0   0   0  75   1   0   1   0   0   0   1   0   0  23  2.70 1.19
  524 K   -8  6 -7 -8 -10 -5 -6 -9 -7 -10 -9  7 -8 -10 -8 -7 -8 -10 -9 -7    0  35   0   0   0   0   0   0   0   0   0  65   0   0   0   0   0   0   0   0  2.67 1.26
  525 V    5 -7 -7 -7  1 -6 -6 -4 -4  2 -1 -6 -5 -1 -6 -4  2 -2 -2  1   55   0   0   0   3   0   0   1   0  10   6   0   0   2   0   0  13   1   2   8  1.20 0.71
  526 K   -4  5 -3  0 -7  2  3 -5 -4 -6 -6  5 -5 -6 -5 -3 -3 -6 -5 -6    0  35   0   5   0   8  18   0   0   0   0  32   0   0   0   1   1   0   0   0  1.25 0.60
  527 E   -2  2 -1  3 -4  5  3 -3 -1 -4 -4  1 -2 -4 -2 -1 -2 -4 -3 -4    0   9   0  21   0  44  21   0   0   0   0   5   0   0   0   0   0   0   0   0  0.79 0.22

                      K         Lambda
Standard Ungapped    0.1291     0.3118
Standard Gapped      0.0410     0.2670
PSI Ungapped         0.1001     0.3176
PSI Gapped           0.0306     0.2670
