
Last position-specific scoring matrix computed, weighted observed percentages rounded down, information per position, and relative weight of gapless real matches to pseudocounts
           A  R  N  D  C  Q  E  G  H  I  L  K  M  F  P  S  T  W  Y  V   A   R   N   D   C   Q   E   G   H   I   L   K   M   F   P   S   T   W   Y   V
    1 M   -2 -2 -3 -4 -2 -1 -3 -4 -2  2  1 -2  8 -1 -3 -2 -1 -2 -2  0    0   0   0   0   0   0   0   0   0   8   0   0  92   0   0   0   0   0   0   0  0.90 0.15
    2 K   -1  1 -1 -1 -3  0  0 -2 -1 -2 -1  5  1 -3 -2  0 -1 -3 -2 -2    0   0   0   0   0   0   0   0   0   0   8  76   7   0   0   9   0   0   0   0  0.51 0.10
    3 G   -1 -3 -1 -2 -3 -2 -2  5 -3 -3 -3 -2 -3  1  3 -1  0 -3 -2 -3    0   0   0   0   0   0   0  70   0   0   0   0   0   9  15   0   6   0   0   0  0.81 0.09
    4 M    5 -2 -2 -3 -1 -2 -2  0 -3 -1  0 -2  3 -2 -2  0  0 -3 -2 -1   73   0   0   0   0   0   0   4   0   0   5   0  14   0   0   0   4   0   0   0  0.53 0.14
    5 S   -1  6 -1 -2 -4  2 -1 -3 -1 -4 -3  1 -2 -4 -3  2 -1 -4 -3 -3    4  64   0   0   0   9   0   0   0   0   0   2   0   0   0  19   2   0   0   0  0.83 0.19
    6 K   -1  1  1  1 -3  2  2  0 -1 -3 -2  2 -2 -3 -2  0  1 -3 -2 -2    2   7   5   9   0   9  12   8   0   0   5  21   0   0   0   5  15   0   0   0  0.24 0.07
    7 M   -1 -2  0  4 -3 -1  0 -3 -2  1  1 -2  2 -2 -1 -1 -1 -4 -3  0    2   0   3  38   0   2   5   0   0  15  15   0  10   0   2   4   0   0   0   4  0.31 0.11
    8 P    1 -3 -2  3 -4 -2 -1 -3 -3 -4 -4 -2 -4 -5  7 -1 -2 -5 -4 -3   13   0   0  23   0   0   0   0   0   0   0   0   0   0  61   3   0   0   0   0  1.42 0.21
    9 Q   -2  1 -2 -2 -4  7  0 -3  1 -4 -3  1  0 -4  3 -2 -2 -4 -3 -4    0   4   0   0   0  71   0   0   3   0   0   7   3   0  13   0   0   0   0   0  1.07 0.25
   10 F   -3 -3 -4 -4 -3 -4 -4 -4 -2  1  2 -4  1  6 -4 -3 -2  0  3  0    0   0   0   0   0   0   0   0   0   7  16   0   3  53   0   0   2   0  11   7  0.77 0.16
   11 N   -2  0  5 -1 -4  0 -1  1 -1 -3 -3  1  1 -4  0 -1 -1 -4 -3 -2    0   4  53   0   0   2   0  13   0   0   1  12   7   0   4   0   0   0   0   4  0.57 0.16
   12 L   -2 -3 -4 -4 -2 -3 -4 -4 -4  2  4 -3  1  3 -4 -3 -2 -2 -1  2    0   0   0   0   0   0   0   0   0  10  59   0   0  14   0   0   0   0   0  17  0.60 0.14
   13 R   -3  7 -2 -3 -5 -1 -2 -4 -2 -5 -4  1 -3 -4 -4 -2 -3 -4 -3 -4    0 100   0   0   0   0   0   0   0   0   0   0   0   0   0   0   0   0   0   0  1.73 0.31
   14 W   -1 -3 -4 -4 -2 -2 -3 -4 -3  2  3 -3  5  1 -4 -3 -1  6 -1  1    3   0   0   0   0   0   0   0   0  11  27   0  32   6   0   0   3  13   0   5  0.61 0.15
   15 P   -2 -4 -3 -3 -4 -3 -3 -4 -4 -4 -5 -3 -4 -5  8  0 -2 -5 -5 -4    0   0   0   0   0   0   0   0   0   0   0   0   0   0  94   6   0   0   0   0  2.48 0.32
   16 R    2  0 -1  2 -3  3  3 -1 -1 -2 -3  0 -1 -3 -1  0 -1 -3 -1 -2   26   2   0  15   0  16  27   1   0   2   0   0   3   0   2   2   3   0   2   0  0.36 0.11
   17 E   -1 -1  0  3 -4  0  4  3  0 -4 -3  0 -3 -3 -2 -1 -2 -3 -1 -3    0   0   3  19   0   2  38  24   3   0   3   4   0   0   0   2   0   0   2   0  0.50 0.13
   18 V   -2 -3 -3 -1 -2 -3 -3 -4 -3  1  4 -3  4 -1 -4 -3  0 -3 -2  1    0   0   0   4   0   0   0   0   0   6  60   0  17   0   0   0   4   0   0   8  0.57 0.15
   19 L   -2  5 -2 -2 -4  0 -1 -3 -2  0 -2  5 -2 -4 -3 -2 -2 -4 -3 -2    0  39   0   0   0   0   0   0   0   8   2  50   0   0   0   0   0   0   0   0  0.81 0.20
   20 D    0 -2  0  5 -4  1  4 -2 -2 -4 -4 -1 -3 -4 -2 -1 -1 -4 -4 -3    8   0   1  47   0   3  36   2   0   0   0   0   0   0   0   0   2   0   0   0  0.83 0.18
   21 L    0  3 -1 -2 -3  2  0 -1 -1 -1  0  3  0 -3 -2  0 -1 -3 -2 -1    9  23   0   0   0  12   4   2   0   2  12  28   3   0   0   3   1   0   0   2  0.28 0.09
   22 V   -1 -4 -4 -4 -2 -3 -4 -4 -4  5  2 -3  0 -1 -4 -3 -2 -3 -2  3    4   0   0   0   0   0   0   0   0  56  19   0   0   0   0   0   0   0   0  20  0.66 0.16
   23 R    0  2 -1 -1 -3  2  3 -2  1 -3 -3  4 -2 -4 -2  0  0 -4 -2 -3    8   8   0   0   0   9  24   0   5   0   0  36   0   0   0   4   6   0   0   0  0.46 0.12
   24 K    0  1 -1  2 -3  3  3 -2 -1 -3 -2  1 -2 -2 -2  0 -1 -3 -2 -2   10   6   0  10   0  21  27   0   0   0   2  11   0   3   0   7   2   0   0   3  0.35 0.10
   25 V    3  1 -2 -2 -2 -1 -1 -2 -2  0  0 -1  1 -2 -2  1 -1  2 -1  1   37  12   0   0   0   2   2   0   0   5   9   1   4   0   0   8   0   4   2  14  0.18 0.09
   26 A    6 -3 -3 -3 -2 -2 -2 -1 -3 -2 -3 -2 -2 -4 -2  0 -1 -4 -3 -1   97   0   0   0   0   0   0   0   0   0   0   0   0   0   0   0   0   0   0   3  1.07 0.26
   27 E    1  1 -1  0 -3  1  3 -2 -1 -3 -3  3 -2 -4 -2  0  0 -4 -3 -1   15   4   0   3   0   6  32   0   0   0   0  29   0   0   0   4   4   0   0   3  0.42 0.12
   28 E    1  1  0  2 -3  0  3 -1 -1 -3 -3  3 -2 -4 -2  0 -1 -4 -3 -3   12   8   4  12   0   0  24   2   0   0   2  29   0   0   0   6   2   0   0   0  0.37 0.10
   29 N   -2 -2  7  0 -4 -1 -1 -2  3 -4 -4 -1 -2 -4 -3  0  0 -5 -3 -4    2   0  78   0   0   0   1   0   8   0   0   2   1   0   0   5   3   0   0   0  1.16 0.24
   30 G   -1 -1  1 -2 -4 -1 -2  6  0 -5 -5  0 -4 -4 -3 -1 -2 -4 -4 -4    0   3   8   0   0   3   0  76   2   0   0   8   0   0   0   0   0   0   0   0  1.08 0.20
   31 R   -3  7 -2 -3 -5 -1 -2 -4 -2 -5 -4  1 -3 -4 -4 -2 -3 -4 -3 -4    0 100   0   0   0   0   0   0   0   0   0   0   0   0   0   0   0   0   0   0  1.73 0.31
   32 S    0 -2 -1 -2 -2 -2 -2 -2 -2 -4 -4 -2 -3 -4 -2  6  1 -4 -3 -3    0   0   0   0   0   0   0   0   0   0   0   0   0   0   0  96   4   0   0   0  1.17 0.28
   33 V   -1 -3 -4 -4 -2 -2 -3 -4 -3  2  2 -3  7 -1 -4 -3  0 -3 -2  2    2   0   0   0   0   0   0   0   0  11  12   0  52   0   0   0   5   0   0  19  0.74 0.20
   34 N   -3 -2  8  0 -4 -2 -2 -2 -1 -5 -5 -2 -4 -5 -4 -1  0 -5 -4 -4    0   0  94   0   0   0   0   0   0   0   0   0   0   0   0   0   6   0   0   0  1.60 0.30
   35 S    4 -2  0 -2 -2  0  0 -1 -2 -3 -3 -1 -2 -3 -2  3  0 -4 -3 -2   63   0   4   0   0   2   4   0   0   0   0   0   0   0   0  24   3   0   0   0  0.59 0.17
   36 E   -2 -2 -2  1 -5  0  7 -4 -2 -5 -4 -1 -4 -5 -3 -2 -2 -4 -4 -4    0   0   0   5   0   0  95   0   0   0   0   0   0   0   0   0   0   0   0   0  1.47 0.29
   37 I   -1 -4 -4 -4 -2 -4 -4 -5 -4  6  1 -4  1 -1 -4 -3 -2 -4 -2  2    4   0   0   0   0   0   0   0   0  79   8   0   1   0   0   0   0   0   0   7  0.89 0.21
   38 Y   -1 -3 -4 -4 -2 -3 -3 -4  0  3  0 -3  0 -1 -4 -3 -1 -3  1  5    1   0   0   0   0   0   0   0   4  16   4   0   0   0   0   0   0   0   7  68  0.66 0.18
   39 Q    2  2  0 -1 -3  4  0 -2  1 -3 -3  0 -1 -1 -2  1 -1 -3 -2 -2   25  14   2   3   0  32   0   0   4   0   0   3   2   3   0  10   0   0   0   2  0.35 0.13
   40 R    0  5 -2 -3 -3 -1 -2 -3  0  2 -1  0  2 -2 -3 -1  0 -3 -2  1    8  45   0   0   0   0   0   0   3  20   1   0   8   0   0   1   6   0   0   8  0.40 0.14
   41 V   -2 -3 -4 -5 -2 -3 -4 -5 -4  1  5 -4  1  1 -4 -3 -2 -3 -2  1    0   0   0   0   0   0   0   0   0   5  81   0   0   4   0   0   0   0   0  10  0.80 0.18
   42 M   -1  1 -1  0 -3  3  4 -3 -1 -2 -1  0  2 -3 -2 -1  0 -3 -3 -1    3   6   1   3   0  21  41   0   0   0   6   0  10   0   0   0   6   0   0   3  0.45 0.15
   43 E   -1 -1  1  4 -4  2  4 -2  1 -4 -4 -1 -3 -4 -2  0 -2 -4 -3 -3    5   2   6  35   0  11  33   2   3   0   0   0   0   0   0   5   0   0   0   0  0.66 0.15
   44 S    2 -1 -1 -2 -2 -1 -1 -1  2 -3 -2  1 -2  0 -2  4  1 -3  1 -2   22   1   0   0   0   0   0   2   6   0   2   8   0   5   0  45   4   0   4   1  0.35 0.14
   45 F   -3 -3 -4 -4 -3 -3 -4 -4 -3  2  2 -4  3  6 -4 -3 -2 -1  2  1    0   0   0   0   0   0   0   0   0  11  21   0   9  46   0   0   0   0   4   9  0.67 0.16
   46 K    0  0  1  3 -3  1  1  0 -1 -3 -3  1 -2 -4  2  1  0 -4 -3 -2    6   3   7  24   0   4  10   6   0   0   0  14   0   0   9  11   4   0   0   2  0.32 0.07
   47 K    1  3  0  0 -3  1  2  0 -1 -3 -2  2  0 -3 -1  0  0 -3 -2 -2   18  18   2   1   0   3  17   5   0   0   0  22   3   0   1   5   4   0   0   0  0.28 0.08
   48 E    0 -1  1  3 -3  1  4 -2  2 -3 -3  0 -2 -3  0  1  0 -4 -2 -3    5   0   7  20   0   7  35   0   7   0   0   2   0   0   2  11   3   0   0   0  0.45 0.10
   49 G    0  0  3  0 -3  0 -1  4 -2 -2 -3  0 -3 -3  0  1 -1 -3 -3 -3    3   4  20   3   0   3   0  48   0   4   0   4   0   0   4   8   0   0   0   0  0.51 0.10
   50 R    2  3 -1 -2 -2  2  0 -2 -1 -2 -2  2 -1  0 -2  0 -1 -2  2 -2   25  28   0   0   0  10   0   0   0   0   0  17   0   6   0   5   0   0   9   0  0.29 0.07
   51 I   -2 -3 -4 -4  4 -3 -4 -4 -4  4  3 -3  1 -1 -3 -3 -1 -3 -2  1    0   0   0   0  15   0   0   0   0  47  38   0   0   0   0   0   0   0   0   0  0.50 0.08
   52 G   -1 -1  5  0 -2  0 -1  1 -1 -2 -3  1 -2 -3 -2  1  0 -4 -2  0    0   0  50   0   0   0   0  11   0   0   0  13   0   0   0  13   0   0   0  13  0.35 0.04
   53 A    4 -2 -2 -2 -1 -1 -1  0 -2 -2 -2 -1 -1 -2 -1  1  0 -3 -2  0  100   0   0   0   0   0   0   0   0   0   0   0   0   0   0   0   0   0   0   0  0.48 0.03

                      K         Lambda
Standard Ungapped    0.1326     0.3172
Standard Gapped      0.0410     0.2670
PSI Ungapped         0.1554     0.3180
PSI Gapped           0.0476     0.2670
