
Last position-specific scoring matrix computed, weighted observed percentages rounded down, information per position, and relative weight of gapless real matches to pseudocounts
           A  R  N  D  C  Q  E  G  H  I  L  K  M  F  P  S  T  W  Y  V   A   R   N   D   C   Q   E   G   H   I   L   K   M   F   P   S   T   W   Y   V
    1 M   -3 -3 -4 -5 -3 -3 -4 -5 -4  2  2 -3  8 -2 -4 -3 -2 -3 -3  1    0   0   0   0   0   0   0   0   0  12  13   0  67   0   0   0   0   0   0   8  1.24 0.36
    2 E   -2  2  0  1 -4  3  3 -3 -1 -2 -2  3 -2 -3 -2  0  0 -4 -1 -2    0  14   3   5   0  14  22   0   0   3   2  22   0   0   0   6   6   0   2   1  0.41 0.19
    3 V   -2 -5 -5 -5 -3 -4 -5 -4 -5  2  2 -4  4 -1 -5 -3 -2 -5 -3  5    2   0   0   0   0   0   0   1   0   7  18   0  14   2   0   1   1   0   0  54  0.97 0.43
    4 N   -3 -2  6 -1 -5 -2 -3  0 -1 -5 -5 -3 -4 -5 -4  2  3 -6 -5 -5    0   1  49   2   0   1   0   6   1   0   0   0   0   0   0  19  22   0   0   0  1.19 0.55
    5 K    0  3 -2 -2 -5  4  0 -2 -3 -2 -1  4 -3 -4 -3 -1 -1 -5 -4 -2    6  19   0   1   0  21   3   2   0   2   7  33   0   0   0   3   2   0   0   2  0.63 0.36
    6 K    2  1 -1 -2 -2  1  1 -1 -2 -3 -3  3 -3 -3 -2  2  1 -4 -2 -2   19   8   2   1   0   8   7   2   0   1   1  22   0   1   1  16   8   0   1   2  0.34 0.26
    7 Q   -1 -1 -1  2 -5  4  5 -2 -1 -5 -4  0 -2 -5 -4 -1  0 -5 -4 -3    4   3   2  12   0  19  44   3   1   0   1   3   1   0   0   2   5   0   0   1  0.85 0.45
    8 L   -1 -4 -5 -6 -1 -4 -5 -5 -5  2  4 -4  4  1 -5 -3 -1 -1 -3  1    6   0   0   0   1   0   0   0   0  13  53   0  10   6   0   1   3   1   0   7  0.81 0.39
    9 A    6 -5 -5 -5  4 -4 -3 -1 -5 -5 -4 -4 -4 -5 -4  1 -2 -6 -5 -3   77   0   0   0   7   0   1   3   0   0   1   0   0   0   0   9   1   0   0   1  1.46 0.67
   10 D    1  2 -1  3 -4  1  3 -2 -2 -3 -3  2 -2 -4 -3  0 -1 -2 -4 -2   13  11   2  15   0   6  26   1   1   2   1  12   1   0   0   4   3   0   0   3  0.43 0.28
   11 I    1 -2 -3 -4  1 -2 -2 -3  2  2  2 -3  1  2 -4  0 -1  0  0  0   14   2   0   0   3   2   1   1   6  17  27   1   3   9   0   6   3   1   2   3  0.24 0.20
   12 F   -3 -4 -5 -6  1 -4 -5 -5 -1  1  4 -5  1  5 -5 -4 -1  0  0  0    1   1   0   0   3   0   0   0   1   5  50   0   3  23   0   0   5   1   2   6  0.84 0.41
   13 G   -2 -2  1  2 -5 -2 -1  6 -2 -6 -5 -2 -5 -6 -4  0 -3 -5 -5 -4    2   2   7  14   0   1   3  62   1   0   1   1   0   0   0   5   1   0   0   1  1.14 0.50
   14 A   -2 -1 -5 -5  1 -3 -4 -5 -2  3  1 -1  0 -1 -5 -4 -2  2  0  5    2   4   0   0   3   1   0   0   1  18  10   5   2   2   0   0   1   3   2  45  0.67 0.37
   15 S    1 -2  0  1 -4 -3 -2 -1 -1 -4 -5 -3 -4 -5 -3  5  3 -6 -4 -2    9   1   4   9   0   0   1   3   2   0   0   0   0   0   1  51  16   0   0   2  0.83 0.49
   16 I    0  2 -1  1 -3  1  1 -2 -2  0  0  0 -1 -3  2 -1  1 -4 -2  1    6  12   1   7   0   7  12   1   1   3   9   6   1   0  10   1  10   0   1  14  0.17 0.16
   17 R   -1  4  2 -2 -5  2 -2 -1 -1 -4 -4  0 -2 -4  3  1  0 -5 -1 -2    3  31   9   1   0   9   1   4   1   1   0   4   1   0  17   9   6   0   2   2  0.56 0.34
   18 T    1  1 -1 -2 -4  1 -3 -3 -1 -3 -4 -1 -2 -3 -4  0  6  0 -4 -2   12   8   2   2   0   5   0   1   2   1   0   4   1   1   0   6  54   1   0   1  0.85 0.50
   19 I   -2 -5 -6 -6 -4 -5 -5 -6 -5  5  2 -5  0  3 -5 -5 -3 -4 -3  4    2   0   0   0   0   0   0   0   0  39  19   0   2  11   0   0   0   0   0  29  1.03 0.46
   20 Q    0  3  0  3 -4  1 -1 -1  1 -3 -4  0 -1 -2 -3  1  2 -5 -3 -3    7  22   3  23   0   6   2   3   3   1   0   2   2   2   0  12  13   0   0   1  0.45 0.31
   21 N    0  3  2  2 -4  0  1  0 -2 -3 -3  2 -1 -4 -3  0  1 -4 -1 -3    9  15  12  12   0   4   7   5   0   1   1  17   1   0   0   4   9   0   3   1  0.31 0.22
   22 W   -3 -1 -6 -6 -5 -3 -5 -6 -1 -4  3 -2  1 -1 -6 -4 -5 11  2 -4    2   4   0   0   0   1   0   0   2   0  26   2   3   2   0   1   0  51   6   0  2.08 0.73
   23 Q    0  1 -2 -2 -1  2  0 -1 -2  1  1 -1  0 -2 -2 -2  0 -3 -2  2   10   8   1   1   1  14   5   5   0  11  12   3   2   1   1   0   6   0   0  19  0.14 0.16
   24 E    1  3  0  1 -2  1  1 -2 -1 -2 -3  3 -1 -4 -3  0  0 -4 -3 -1   11  18   3   8   1   4  10   2   1   1   1  20   2   0   0   6   6   0   0   5  0.28 0.20
   25 Q    0  3  0  2 -4  3  3 -3 -1 -4 -3  2 -2 -4 -2 -1 -1 -4 -3 -3    8  19   4  14   0  12  18   0   1   0   3  12   1   0   2   4   2   0   0   0  0.46 0.27
   26 G   -1 -3 -2 -1 -5 -2 -3  7 -1 -5 -5 -3 -5 -5 -1 -2 -4 -5 -5 -5    3   1   2   3   0   1   2  78   1   0   1   1   0   0   3   2   0   0   0   0  1.56 0.57
   27 M   -1 -3 -3 -4  6 -3 -3 -2 -1  2  1 -3  5  1 -3 -3 -1 -1 -1  1    5   1   1   1  19   1   1   3   1  10  15   1  20   6   1   1   3   1   2  10  0.56 0.29
   28 P    0  1 -2 -2 -2 -1 -2  0 -2  1  0  0  2  1  2 -1 -1 -2 -1  1   10  10   0   0   0   0   1  10   0  10  10  10   9   9  10   1   1   0   0  10  0.08 0.08
   29 V   -1 -2 -3 -3  2 -1 -2 -4  0  2 -1 -2  0  0  1 -2 -1 -4  0  4    4   1   1   1   4   4   2   0   2  13   4   2   2   5   7   2   4   0   3  38  0.45 0.34
   30 L    1  1 -1 -2 -1  0  1 -2  2  0  0  0  0 -1 -1 -1  0 -3 -1  1   12   8   2   0   1   2  10   2   6   6  12   7   1   3   3   3   4   0   2  14  0.08 0.13
   31 R    0  2  0  0 -3  1  1 -1  0 -2 -1  1 -1 -2  1  1  0 -3 -1 -1    5  12   3   4   0   7  11   4   2   2   5   8   2   2   8  13   6   0   2   5  0.14 0.14
   32 G    0  3 -1  0 -4  1  0  0  1 -2 -2  2 -2 -2  0  0  0  0 -1 -1    6  22   2   5   0   5   5   8   4   2   2  15   0   1   4   4   5   2   2   3  0.23 0.20
   33 G    1  0 -1  0 -4 -2 -1  5  0 -2 -3 -1 -4 -4  0 -1 -2 -4 -4 -2   11   5   2   6   0   2   5  46   2   2   2   3   0   0   4   4   2   0   0   3  0.61 0.37
   34 G   -1  1  0  0 -4  0 -1  4 -3 -4 -4  2 -4 -4 -3  0  1  2 -4 -2    4   9   3   4   0   3   4  36   0   0   1  13   0   0   0   8   8   3   0   3  0.53 0.35
   35 K   -1  4  2 -1 -4  0 -1 -1  1 -1 -2  2 -3 -4  0 -1 -1  2 -1 -2    4  28  10   3   0   4   3   5   3   3   3  14   0   0   4   4   4   3   2   2  0.38 0.29
   36 G   -1 -2 -1 -2 -2 -2 -1  6 -2 -5 -5 -1 -2 -3 -2 -2 -4  1 -4 -3    4   2   2   3   1   2   4  63   1   1   1   4   1   1   2   3   1   2   0   2  1.17 0.57
   37 N   -2  4  0 -1 -1  1 -1 -1  0 -1 -1  2 -1 -3 -1 -1 -1 -1  0  0    3  24   5   3   1   5   3   4   2   4   7  15   1   1   2   4   4   1   3   9  0.23 0.20
   38 E    1  0  0  1 -3  0  2  0  1 -3 -2  0 -3 -3  2  1  0 -4 -3 -2   12   4   4   9   0   4  17   7   3   1   3   5   0   1  10  13   4   0   0   2  0.25 0.21
   39 V    0  0  1 -1  1 -1 -3 -2  1 -1  0 -1  1  0  0 -1 -1  6  3  0    7   6   6   4   3   3   1   3   3   4   8   4   3   3   4   5   4  11  10   8  0.21 0.20
   40 L    0  0 -2  0 -3  0  0 -1  2  0 -1  0  1  1  0  0  0  3  1  0    6   6   0   6   0   5   6   6   5   6   6   6   5   5   6   6   6   5   5   6  0.06 0.10
   41 Y   -3 -4 -5 -2 -5 -1 -2 -3  1  1  0 -3 -3  5  0 -4 -4  1  6  0    2   0   0   2   0   3   3   2   3   6   7   2   0  27   5   0   0   2  28   6  0.89 0.53
   42 D   -2  0  1  5  3 -1  0  0  1 -1 -3 -1 -1 -4 -1  0 -1 -5 -1 -2    3   5   7  35   6   3   4   6   3   4   2   2   2   0   2   6   3   0   3   3  0.45 0.35
   43 S    0  1 -2 -2  0 -1 -2 -2  0  1  1 -1  1  0  1  0  1  1 -2  1   10   9   0   2   2   2   0   2   3   6  17   3   4   3   6   6  10   3   0  10  0.09 0.15
   44 A    2  1 -1  1 -3  1  0  0  1 -2 -2  0  0 -1  1  1 -1 -3 -1 -1   17  10   2   9   0   6   4   7   4   2   2   5   3   2   6  12   2   0   2   4  0.13 0.17
   45 A    2  1  0  2 -4  1  2 -1  1 -2 -2  0 -1 -4 -3  1  0 -4 -3 -1   18   7   4  14   0   5  14   3   3   3   3   5   2   0   0   9   5   0   0   4  0.24 0.24
   46 V    1 -4 -4 -5  5 -4 -3 -3 -4  0 -1 -4 -1 -2 -2  0  1  0  3  4   12   0   0   0  12   0   1   2   0   5   5   0   1   1   2   6   7   1   9  32  0.59 0.42
   47 I   -1  1 -2 -3 -1 -2 -2 -3  1  3  2 -2  1  1 -4 -2 -2  2  0  2    5   9   2   1   1   1   2   1   4  23  17   2   3   5   0   2   2   3   3  13  0.27 0.23
   48 K    2  2  1  1 -3  1  1 -1 -1 -2 -2  1 -1 -3 -2  0 -1  0 -1 -1   19  14   6   9   0   5  10   3   2   1   4  10   1   0   1   5   4   1   2   3  0.19 0.20
   49 W   -1 -3  0 -3 -6 -3 -3 -2 -2 -3 -3 -4 -5  1 -6 -4 -3 11  4 -2    6   1   5   2   0   1   2   3   1   2   2   1   0   4   0   1   1  52  12   3  2.14 0.97
   50 Y   -2  3 -3 -1 -4 -1 -3 -3 -1  0  2  0  2 -1 -2 -4 -3  0  5 -1    2  18   1   5   0   2   1   1   1   4  22   5   6   2   2   0   0   1  21   3  0.51 0.39
   51 A    1  1 -1 -1  2  1 -1 -2  0  1  0  0  1 -1 -2 -1  0 -3  0  1   11   8   2   2   5   6   4   2   2  11  11   6   4   1   1   4   5   0   3  12  0.06 0.10
   52 E    1  1  0  1 -2  2  3  0  1 -3 -3  1 -1 -2 -2  0 -1  0 -2 -2   13   7   3   9   1  10  21   6   3   1   2   7   1   1   2   7   2   1   1   2  0.26 0.23
   53 R   -2  5  1 -2 -4  1 -1 -3  3 -3 -2  1 -2 -2 -3 -1 -2 -1  2 -3    3  36   7   2   0   6   3   2   8   1   5   7   1   2   1   5   2   1   7   2  0.60 0.40
   54 D    1  0  0  1  1  0  2 -1  0 -1  0  0  0 -1 -2  0 -1 -3 -1 -1   17   6   4   8   3   3  16   3   2   3   9   7   2   2   2   5   2   0   2   4  0.10 0.15
   55 A    1  2  0  0 -2  0  0 -1  0  0 -1  0  1 -1 -1  1  0 -3 -2  0   17  13   3   5   0   3   5   5   2   6   6   6   4   3   3   9   4   0   0   8  0.07 0.12
   56 E    0  1  1  1 -3  0  2  1  1 -2 -2  0  0 -3  0  0  0  1  0 -2    7   9   6   7   0   4  14  10   4   2   2   6   3   0   5   8   4   3   4   2  0.13 0.14
   57 I    0  0  1  0 -2  1  0  0  2  0 -1  0  1 -2  1  0  0 -3 -2  0    6   6   6   6   0   6   6   6   6   6   6   6   6   0   6   6   6   0   0   6  0.06 0.08
   58 E    1  1  0  0 -3  2  1 -1  1  0 -1  0 -2 -2  0  0  0 -3  0  0   14   7   4   4   0  10  12   5   3   7   5   5   0   0   4   4   5   0   4   6  0.09 0.12
   59 N    0  0  0  0 -2  1  0  0  2  0 -1  0  1 -2  1  0  0 -2  1  0    6   6   6   6   0   6   6   6   6   6   6   6   6   0   6   6   6   0   6   6  0.05 0.08
   60 E    0  1  1  1 -2  1  0  0  2 -2 -1  0  1 -2  1  0  0 -3 -2  0    7   7   7   7   0   7   7   7   6   0   7   7   6   0   7   7   7   0   0   7  0.09 0.10
   61 K    0  3  1  0 -3  1  0 -1  1 -3 -2  2 -2 -3  0  0  0  2  0 -1    6  17   6   6   0   6   6   4   4   0   4  12   0   0   4   7   6   4   4   5  0.18 0.18
   62 L    0  0 -1  0 -2  1  0  0  1  0  0  0  1  0  1  0  0 -2  1  0    6   6   0   6   0   6   6   6   6   6   6   6   6   6   6   6   6   0   6   6  0.04 0.08
   63 R    1  2  0  1 -3  2  1  1  1 -2 -2  1 -2 -3  1  0 -1 -4 -3 -1   11  12   4   6   0   9   9  10   4   3   4   9   0   0   6   6   3   0   0   4  0.16 0.16
   64 R    0  0  0  0 -3  1  0  0  1  0 -1  0  1  0  0  0  0  3 -1  0    6   6   5   6   0   5   6   6   5   6   6   6   5   5   6   6   6   5   0   6  0.06 0.09
   65 E    1  0  0  2 -3  2  2 -1  0 -1 -1 -1 -2 -3 -1 -1  0 -3  1 -2   14   5   3  10   0  10  17   5   2   5   6   3   0   0   3   4   5   0   5   2  0.18 0.20
   66 V    1  0 -1  1  0  0  0  0  0  0  0  0  1 -1  0  0  0 -3 -1  0   12   5   2   9   3   6   5   7   2   5   9   4   5   2   3   3   7   0   2   9  0.03 0.06
   67 E    0  0  1  0 -3  1  0  0  2 -2 -1  0  1 -2  1  0  0  3 -2 -1    6   6   6   6   0   6   6   6   6   0   6   6   6   0   6   6   6   6   0   6  0.11 0.13
   68 E    0  0  0  0 -2  1  0  0  1  0  0  0  1  0  1  0  0 -3 -1  0    6   6   6   6   0   6   6   6   6   6   6   6   6   6   6   6   6   0   0   6  0.04 0.07
   69 L    1  0 -1  0 -2  0  0 -1  0  0  1  0  0  0 -1  0 -1  0  0  0   14   7   2   5   0   5   5   4   3   5  18   5   2   5   2   6   3   1   3   6  0.03 0.07
   70 R    0  2  0  1 -3  1  1  0  0 -1  0  0 -1 -1  1  0  0 -3 -1 -1   11  12   3   9   0   9   7   6   2   5   8   5   0   2   6   4   5   0   1   4  0.09 0.10
   71 Q    1  1  1  0 -2  1  1  0  0 -1  0  0  0  0  1  0  0 -2  0 -1   12   9   6   6   0   6   7   7   3   2   8   4   2   6   6   6   4   0   2   3  0.06 0.07
   72 A    1  0  0  1 -3  1  1  1 -1 -1  0  0 -1 -1  1  0 -1 -3 -1 -1   16   5   3   7   0   5  11   9   1   3  10   6   1   2   7   5   3   0   1   3  0.09 0.10
   73 S    1  0  0  1 -3  0  1  2 -2 -2 -1  0  0 -3  0  0 -1  0 -1 -1   14   4   4   9   0   4  10  16   0   2   7   5   3   0   5   7   2   1   2   4  0.13 0.14
   74 E    0 -1  0  2 -3  1  3  1  0 -1 -2 -1 -3 -2  1  0  0 -4 -2 -2   10   2   3  13   0   5  20  10   2   4   5   3   0   2   7   6   5   0   1   3  0.20 0.20
   75 A    0  0 -1  0 -2  1  0  0 -2  0  0  0  1  0  1  0  0 -2 -1  0    7   7   0   7   0   7   7   7   0   7   7   7   6   6   7   7   7   0   0   7  0.05 0.08
   76 D    0  0  0  2  0  0  1  0 -2 -1 -1  0  0 -1  1  0 -1 -3  0 -1   10   6   3  17   3   3   7   6   0   4   5   4   3   3   8   6   3   0   3   3  0.09 0.13
   77 L    0  0  0  1 -2 -1  0  1 -2 -1  1  0  0 -1  1  0  0 -3 -1 -1   10   4   6  10   0   2   6  12   0   3  15   4   3   2   6   6   5   0   1   4  0.07 0.09
   78 Q    1  0  0  2 -3  1  0  0  0 -1  0  0 -2 -2  1  0  0  1 -1 -1   12   3   4  13   0   9   6   7   2   4  10   4   0   0   6   6   5   2   2   5  0.08 0.11
   79 P    0  0  1  2 -3  0  1  1  1 -1 -1  0  0 -3  1  0  0  2 -2 -1    8   5   7  11   0   4   9   9   3   4   4   6   3   0   7   8   5   3   0   4  0.11 0.12
   80 G    0  0  0  0 -2  0  0  1  0  0  0 -1  0 -1  0  0  0  1  1  0   10   4   3   6   0   3   8  14   3   6   8   3   3   2   3   6   3   3   5   6  0.04 0.05
   81 T    0  0  1  0 -2  1  0  0  2  0 -1  0  1 -2  1  0  0 -3 -2  0    6   6   6   6   0   6   6   6   6   6   6   6   6   0   6   6   6   0   0   6  0.06 0.08
   82 I    0  0 -3 -1 -3 -1 -1 -2  0  1  2 -1  1  0  0 -1 -1  1  1  0    6   6   0   3   0   2   5   3   2   8  26   4   4   3   5   3   4   2   6   5  0.13 0.17
   83 E    0  0  0  2 -3  0  2 -2  2 -1  0  0  1 -1  0  0  0 -4 -1 -1   10   5   3  11   0   3  16   3   5   3  11   4   5   2   4   5   5   0   2   4  0.11 0.15
   84 Y    0  0 -1  0  0  1  2 -1  1 -1 -1  0  0 -1  0  1  1  1  0 -1    8   4   3   3   2   6  15   3   4   4   5   5   2   3   3   9  10   2   4   4  0.08 0.13
   85 E    2 -1 -2 -1 -4  0  4 -1 -3 -1 -1 -1 -2 -4  2 -1 -2  1 -3 -3   19   4   1   3   0   3  32   6   0   4   6   2   1   0  10   2   2   2   1   1  0.43 0.36
   86 R   -2  6 -2 -1 -5  0  0 -3 -1 -5 -4  4 -4 -5 -2 -1 -4 -5 -2 -3    4  47   2   3   0   4   4   2   1   0   2  22   0   0   2   4   0   0   1   2  1.06 0.59
   87 H    2  1 -1  1 -3  1  1 -2  0  0  0  1  2 -2 -3 -2  0  1  1 -1   23   9   2   7   0   5  10   1   2   6   8   7   7   1   0   0   5   2   5   2  0.16 0.22
   88 R   -1  6 -2 -4 -5  1  0 -2  0 -2 -2  1  0 -2 -5 -2 -4  0 -4 -3    6  55   1   0   0   5   5   4   2   2   5   6   2   2   0   2   0   1   0   1  1.04 0.59
   89 L   -1  1 -2 -3 -4 -3 -1 -3 -2  0  4  2  0 -1 -4 -2 -1 -1  0 -1    4   9   1   1   0   0   4   1   1   3  41  17   1   3   0   2   3   1   3   4  0.40 0.33
   90 T    1 -1 -1  2  0 -1  2 -3 -3 -1  0  1 -1 -3 -1 -1  3 -4  0 -1   13   2   1  11   2   1  15   0   0   4   9   9   2   0   2   2  19   0   3   3  0.21 0.24
   91 R    1  3  0 -1 -3  0  1 -1  1 -1 -1  2  0 -2 -2 -1  0  1 -1 -1   11  17   4   3   0   3  12   3   3   4   4  15   3   1   1   3   4   2   2   4  0.18 0.18
   92 A    4 -1 -3 -2 -3  0  0 -2  0 -1  0 -1  0  0 -3  0 -1  2  0 -1   42   2   0   2   0   4   6   2   2   4  10   3   2   3   0   5   2   3   4   4  0.37 0.33
   93 Q   -1  1  0  1 -5  5  3 -4 -3 -2 -2  2  0 -5 -4 -2 -2 -5 -4 -4    6   8   3   6   0  30  19   0   0   3   4  13   2   0   0   2   2   0   0   0  0.67 0.45
   94 A    5  2 -1 -2 -4 -3 -4  0 -4 -1 -2 -2  0 -2 -4 -1  0 -5 -4 -2   52  10   3   2   0   0   0   6   0   3   4   2   2   2   0   3   6   0   0   2  0.68 0.48
   95 D   -1  0  0  2 -3  1  2 -1  1 -1 -1  1  0 -1 -1 -1 -1 -3  0  0    5   4   5  14   0   9  13   3   3   4   7   7   3   3   3   4   3   0   3   6  0.12 0.14
   96 A    0  1  0 -1 -3  1 -1 -1  0  0  0  1  1  0 -3  0  1  2  0 -1   10   9   3   3   0   6   3   5   3   6  11   8   4   3   0   4  11   3   3   4  0.05 0.11
   97 Q    2  0 -2 -1 -3  2  2 -2  0  0  0  0  0 -2 -3  0 -1 -4 -3  1   21   5   0   2   0  14  13   2   2   6  10   6   2   2   0   5   3   0   0   9  0.19 0.23
   98 E   -1  1 -1 -1 -5  2  5 -4  0 -2 -2  0 -3 -1 -3 -1 -2  2  0 -4    5   7   2   2   0   8  50   0   2   2   4   4   0   2   0   2   2   2   3   0  0.72 0.48
   99 L   -1  1 -1 -1 -3 -1 -1 -2  0  1  2 -1  3  0 -3 -1  0 -3  1  0    4   7   3   2   0   3   3   3   2  11  26   4  11   3   0   2   5   0   5   4  0.15 0.18
  100 K    0  1  0  1 -3  1  2 -2  1 -2 -2  3  0 -3 -3  0 -1 -4 -3  0    7   8   3   7   0   7  13   3   5   2   3  26   2   0   0   5   3   0   0   7  0.27 0.24
  101 N    1 -1  3 -2 -3  0 -1 -3  0  0  2 -2  2  1 -3 -1  0 -3  1  0   14   3  16   0   0   3   4   1   3   3  20   0   6   6   0   4   4   0   6   7  0.16 0.21
  102 A    3  0 -1  0 -3  1  0 -1  0 -3 -1  1  0 -3 -3 -1 -1  1 -3 -1   37   6   2   5   0   7   7   4   2   0   7   8   3   0   0   3   2   2   0   3  0.28 0.28
  103 R   -1  3 -2 -1 -3  1  2 -3 -2  0  0  1  0 -3 -3 -1  0 -4 -3  1    5  16   1   1   0   8  18   1   0   6  10   9   2   0   0   2   5   0   0  14  0.24 0.22
  104 D    1  1 -1  1 -3  1  2 -1  1 -1  0  1  2 -3  0  0  0 -3 -2 -1   17   6   1   8   0   6  13   3   3   2  10   8   6   0   3   5   5   0   0   2  0.13 0.15
  105 S    0  5 -2 -1 -1  0  2 -4 -3 -1 -1  1  0 -4 -2  0 -1 -4 -3 -2    7  39   1   3   1   4  12   0   0   5   7   6   2   0   1   6   3   0   0   2  0.50 0.35
  106 A   -1  3  0 -1 -4  0 -1  5 -1 -4 -2  1 -3 -4 -4 -1 -3 -4  0 -4    3  15   3   2   0   3   4  44   1   0   4   9   0   0   0   4   0   0   3   0  0.65 0.38
  107 E   -1  0 -1  1 -4  2  4 -1  0 -2 -1  1 -1 -2 -3  0  0 -4 -3 -1    3   5   3   6   0   8  35   4   2   2   6   8   1   2   0   7   4   0   0   5  0.34 0.27
  108 V   -2 -1 -4 -4  1 -2 -4 -3 -4  0  4 -3  2  0 -4 -2 -1 -3  2  3    2   3   0   0   4   2   0   2   0   3  42   0   5   2   0   2   3   0   7  22  0.51 0.35
  109 V    1 -2 -4 -4  1 -3 -2 -2  0  3  0 -4  3  0 -4 -3 -1 -4 -1  4   11   2   0   0   3   0   3   3   2  15   8   0   8   3   0   0   2   0   2  35  0.49 0.34
  110 E    0  1 -1  1  0 -1  0 -3 -1 -4 -2 -1  0 -1  5  1 -1 -4 -1 -2    6  10   3   8   2   2   7   1   2   0   5   3   2   3  30   9   2   0   2   2  0.49 0.32
  111 T    2  1 -2  0 -3 -2 -1 -1 -3  1  0  0  1  0 -3  0  1 -3  0  1   18  10   0   5   0   0   4   4   0   8   8   4   4   4   0   4  10   0   4  13  0.11 0.16
  112 A    0 -1  0  3  1  0  2  0  1 -1 -3 -1 -3 -1 -1  0  0  2  1 -1    8   3   3  17   3   4  17   6   3   3   0   3   0   3   3   7   4   3   6   4  0.20 0.20
  113 F    0 -1 -1  2 -3  1  2 -2  0  0  0 -1  0  2 -1 -1 -1 -3  0  0   11   3   2  14   0   5  15   2   2   5  11   2   2  10   2   3   2   0   2   5  0.13 0.18
  114 C    1 -4 -2 -2  2 -3 -2 -3 -1  2  1 -2  2  0 -4 -1 -1 -4 -1  4   10   0   2   3   5   0   2   2   2  12  12   2   7   5   0   3   2   0   2  31  0.38 0.30
  115 T    0  1 -3 -2 -4  0  4 -2 -2  0 -1 -1 -1 -4 -4 -1  1 -5 -4  2    9   8   0   1   0   3  32   4   1   7   5   4   2   0   0   3   7   0   0  14  0.40 0.36
  116 F    1  2  0  2 -3  0  1 -2 -1 -2 -1  0  0  2  0  0 -1 -1 -1 -2   11  16   4  10   0   4  11   2   1   1   4   6   2  11   4   4   3   1   2   1  0.18 0.20
  117 V    2 -2 -2 -1 -1 -1  0 -1 -3  0  1 -2  1  0 -4 -2  0 -4 -1  2   24   2   1   3   1   3   7   3   0   5  12   2   3   4   0   1   6   0   2  20  0.20 0.24
  118 L   -3 -4 -4 -5 -3 -2 -3 -4 -5  1  4 -5  3  1 -6 -5 -2  7  0  2    2   1   1   1   1   2   2   1   0   7  41   0   7   4   0   0   2  15   3  12  0.91 0.53
  119 S    2  0 -1  0 -2  0  1  0 -1 -3 -4 -2 -1 -1 -4  3  0 -5 -3 -1   21   5   3   5   1   4  10   6   1   1   1   1   1   3   0  25   6   0   1   5  0.32 0.32
  120 R    0  3  0  1 -4  0  2  0 -1 -3 -2  2  1 -4 -3  0  0 -5 -4 -2    9  15   4   9   0   4  12   7   2   1   2  14   4   0   1   8   5   0   0   3  0.27 0.24
  121 I    0 -2 -4 -2 -2 -2 -1 -3 -2  2  1 -1  2  1 -3 -1  0  1 -1  3    8   2   0   3   1   1   4   1   1  13  14   4   6   7   1   3   4   2   2  23  0.24 0.22
  122 A    2 -2 -2 -4  1 -3 -3  0 -2  0  2 -3  1  3 -4 -1 -2  0  1  1   21   2   2   0   3   1   2   6   1   5  22   0   3  12   0   4   1   1   5  11  0.27 0.26
  123 G    3  2 -1 -2 -4  1 -2  1 -2 -1 -1 -2  1 -3 -3  2  0 -5 -4  0   26  10   3   1   0   7   2  10   1   4   4   1   4   1   1  15   5   0   0   5  0.28 0.29
  124 E    2  0  0  0 -3  2  2 -2 -1 -1 -1  0  1 -2 -2  0  1 -4 -2 -1   19   4   4   6   0   8  15   2   1   4   6   5   4   1   1   5   7   0   1   5  0.17 0.20
  125 I    0  0 -2 -3  1 -2 -2 -3 -2  2  1  0  1  1 -3 -1  0 -2  1  1    7   8   0   0   4   0   0   1   0  20  12   6   4   9   0   5   4   0   4  12  0.15 0.14
  126 A    0  4  0 -2  1  1 -1  0 -2  0 -1  1  0 -2 -3  0  0 -3  1 -1   10  29   4   0   4   6   0   6   0   8   4   6   4   0   0   6   4   0   5   4  0.20 0.19
  127 S    2  1  1  0 -3  1  1  0 -2 -2 -2  0 -1 -3  0  2  1 -4 -3 -2   18   8   6   6   0   5   9   6   0   2   2   5   2   0   3  15  12   0   0   0  0.21 0.19
  128 I    0  1  0 -1 -2  0  0  0  0  1  0  1  0 -1 -1  0  0 -3 -1  0    9  10   5   1   0   3   4   8   2  13   9   9   2   2   2   5   4   0   1   8  0.03 0.06
  129 L   -2 -2 -5 -5 -1 -4 -3 -3 -1  1  4 -4  2  1  1 -3 -2  2 -2  1    2   2   0   0   1   0   2   2   1   7  49   0   6   6   7   2   1   3   0   7  0.55 0.36
  130 D    0  0  0  0 -2  1  0  0  2  0  0  0  1  0 -2  0  0 -2  1  0    6   6   6   6   0   6   6   6   6   6   6   6   6   6   0   6   6   0   6   6  0.04 0.07
  131 G    1  0  1  0 -2  1  0  1 -2 -1 -1  0 -2 -3  0  1  2 -3 -3 -1   12   5   7   3   0   6   7  14   0   3   4   3   0   0   3  15  14   0   0   4  0.16 0.15
  132 L    0 -3 -3 -3 -2 -1 -1 -1 -3  2  2 -3  3  1 -3 -1  0  2 -2  2    6   0   0   0   0   3   3   6   0  15  21   0   9   6   0   3   5   4   0  18  0.24 0.20
  133 P    0  0 -1 -1  0  0 -1 -1  0 -1 -1 -2  0 -4  6 -1 -1 -4 -3 -1    6   6   3   2   2   4   3   6   3   5   5   0   3   0  42   3   2   0   0   3  0.70 0.36
  134 L    0  0  0  2  0  0  0  1  1 -2  0 -1 -1 -3  2  0  0 -4 -1 -1    8   5   3  15   3   3   5  11   4   2  12   3   1   0   9   6   6   0   2   3  0.12 0.14
  135 S    0  5 -1 -2 -4  0 -1 -3 -1 -2 -2  2 -1 -2 -2 -1  1  3 -1 -2    8  31   3   2   0   4   3   2   2   3   4  13   1   2   1   3  10   5   2   3  0.42 0.33
  136 V    0 -2  0  0  2  1  0 -2 -2  0  0 -2  1  1  1  0  0 -2  1  0    7   0   7   7   6   7   7   0   0   7   7   0   6   6   7   7   7   0   6   7  0.07 0.12
  137 Q    2  1 -1 -1  0  1  1  0  1 -1 -1  0  0 -1  1  0 -1 -3  0 -1   17   9   3   3   3   8   8   7   3   3   5   6   3   3   6   4   3   0   3   3  0.09 0.12
  138 R    0  4 -1 -1 -4  2 -1 -1  0 -1 -2  1  0 -4  1  1 -1 -4 -1  0    8  23   3   3   0   8   3   4   2   3   3  10   3   0   7   9   3   0   2   6  0.24 0.24
  139 R   -1  2  0  0 -3  2  1 -1  0 -1  1  1  0 -1 -3  0 -1  1 -2 -1    5  15   3   5   0   9  11   3   3   4  14   6   3   3   0   5   4   2   0   3  0.14 0.18
  140 F    0  0 -2 -2  2  1  0 -3  2  0  0 -2  2  1 -3  0  0  4  1  0    7   7   0   0   6   7   7   0   6   7   7   0   6   6   0   7   7   6   6   7  0.14 0.17
  141 P    1 -2 -2  0 -3  0  0  2  1  0 -1 -1  0 -3  4  0  0 -4 -3 -1   10   0   0   5   0   4   5  15   4   5   5   4   4   0  25   5   4   0   0   5  0.34 0.23
  142 E    0  0  1  2  1  0  1  1  2 -2 -2  0 -2 -1 -1  0  0 -3 -1 -2   10   5   5  12   3   5  12  11   6   3   3   5   0   2   2   5   6   0   2   2  0.12 0.12
  143 L   -1  0 -1 -1  0 -1 -1 -2 -3  2  3 -1  2  0 -2 -1  0 -3 -1  1    4   5   3   4   2   3   3   3   0  10  34   3   6   2   1   3   5   0   2   7  0.21 0.21
  144 E   -1 -2 -1  3 -1 -1  2 -2 -1 -1 -2 -2 -1 -4  2  1  3 -5 -2 -1    3   1   2  19   1   2  15   2   1   3   4   1   1   0   9   8  19   0   2   4  0.35 0.32
  145 N    3  0  0  0 -4  0  1  0 -1 -2 -3 -1 -3 -5  3  0  1 -5 -4 -1   25   6   4   6   0   4   9   6   1   2   1   3   0   0  17   4   8   0   0   3  0.35 0.31
  146 R    1  2 -1  2 -4  1  2 -1  0 -2 -2  1 -1 -3  0  0  0 -4 -1 -2   13  13   1  11   0   6  14   3   3   2   4  10   1   1   3   6   5   0   2   2  0.21 0.21
  147 H    0 -1 -2  3 -1  1  1 -2  4  1 -1  0  0 -1 -4 -2 -1 -4 -1  1    7   3   0  18   1   7  10   2  12   7   4   4   2   3   0   2   3   0   2  11  0.26 0.26
  148 V   -1  0 -2 -4  0 -1 -2 -3  0  3  2  1  1 -1 -3 -2 -1 -4 -3  2    5   4   2   0   2   3   3   2   2  23  17   9   3   2   1   1   2   0   0  18  0.29 0.25
  149 D    0  1  0  4 -5  0  3 -1  0 -2 -3  0 -4 -5 -3 -2 -1 -5 -2 -2    8   8   4  27   0   4  22   4   2   3   2   6   0   0   1   1   3   0   1   3  0.50 0.37
  150 F    1 -1 -2 -1 -1  0  0 -1 -1  2  0  0  0  0 -3 -1  1 -1 -1  1   13   3   1   3   1   3   8   3   2  15   8   5   3   4   0   3   8   1   1  13  0.07 0.12
  151 L   -1 -2 -5 -5  0 -4 -3 -5 -2  4  3 -4  2  0 -5 -3 -2 -1 -2  2    4   3   0   0   2   0   2   0   1  26  31   0   4   4   0   2   2   1   1  16  0.64 0.40
  152 K   -1  2 -1  3 -4  1  2 -2 -1 -2 -1  2 -1 -2 -3 -1  0 -4 -1 -2    5  14   2  16   0   7  15   2   1   2   8  11   2   1   0   4   5   0   2   2  0.27 0.25
  153 R    1  4 -1  1 -4  1  2 -2 -1 -4 -3  2 -3 -5 -4  0  0 -5 -3 -3   13  26   2   8   0   5  13   3   1   1   2  10   0   0   0   6   7   0   1   1  0.45 0.36
  154 D    0 -2 -2  1 -5 -1  5 -4  2 -1 -1 -1 -1 -3 -4 -1 -2  0 -2 -1    9   2   1   8   0   1  48   1   4   3   6   3   1   1   0   3   2   1   2   4  0.71 0.51
  155 I   -3 -5 -5 -5  1 -3 -4 -6 -2  5  2 -5  0  0 -5 -4 -1 -5 -4  3    2   0   0   0   3   1   1   0   1  42  19   0   2   3   0   1   3   0   0  20  0.92 0.50
  156 I    2  1  0  2 -3 -1  0 -2  1  0 -1 -1 -1 -2 -3 -1  1 -3  1  1   19  10   5  14   0   1   4   2   3   5   7   3   1   1   0   2   8   0   5  10  0.13 0.19
  157 K    0  2  0  2 -4  1  3 -1 -1 -2 -2  3 -2 -3 -3 -1 -1 -5 -4 -1    7  11   4  11   0   6  19   3   1   3   4  20   1   1   0   2   2   0   0   4  0.35 0.29
  158 A    5 -2 -4 -5  2 -4 -3 -1  0 -2 -1 -4  0 -3 -4  0  0  0 -2  0   55   3   0   0   4   0   1   4   2   2   5   0   2   1   0   6   6   1   1   8  0.74 0.53
  159 M   -1  3 -4 -3 -1  1 -4 -5 -4 -1  4 -2  4 -2 -5 -1 -3 -5 -4 -1    5  17   0   2   1   8   0   0   0   2  45   1  10   1   0   4   1   0   0   2  0.71 0.50
  160 N   -1  0  5  1 -5  0  3 -2  0 -3 -3 -1 -4 -2 -4  0  0 -5 -4 -2    4   5  34   8   0   2  18   2   2   1   2   2   0   1   0   7   7   0   0   4  0.59 0.42
  161 K    2  0 -1  0 -4  1  4 -2  0 -1 -1  0 -1 -4 -3  0  0 -2 -3 -1   17   6   3   5   0   7  29   3   3   4   5   3   1   0   0   5   6   1   0   3  0.31 0.29
  162 A    3 -2 -4 -5  3 -1 -4 -4 -4  1  3 -4  2 -1 -4 -2 -1 -4 -3  0   28   2   0   0   6   3   0   0   0   8  34   0   4   2   0   2   3   0   0   6  0.54 0.40
  163 A    5 -2 -3 -1 -2 -3 -2 -1 -4 -4 -3 -2 -4 -2 -4  2 -1 -5 -2 -1   59   1   1   3   1   0   2   3   0   0   2   2   0   1   0  15   4   0   1   5  0.86 0.56
  164 A    1  2  1  3 -4  0  2  0  0 -4 -3  1 -3 -3 -3  1 -1 -4 -3 -1   13  10   6  18   0   2  14   8   3   0   1   7   0   1   0   9   3   0   0   4  0.29 0.24
  165 L    1 -3 -3 -2 -1 -2 -2 -1 -3  2  2 -2  2  1 -3 -1  0  0  1  1   15   0   1   1   1   1   3   4   0  13  24   1   8   4   1   2   6   1   6   8  0.20 0.20
  166 D    1 -2  0  4 -4  0  1  1 -1 -2 -2 -1 -2 -3 -3  1 -2 -1 -4 -2   16   1   4  31   0   4  10  12   1   2   3   2   1   1   0   8   1   1   0   2  0.42 0.31
  167 E   -2 -2  0  5  0  0  4 -1 -3 -3 -3 -2 -4 -3 -1  0 -2 -5 -4 -3    3   1   4  34   2   2  31   4   0   1   2   0   0   1   2   7   2   0   0   1  0.72 0.43
  168 L    0  2  1  1 -3  0  1  0  0 -2  0  1 -1 -2 -1 -1  0 -3  0 -1    9  16   7   8   0   2   8   5   2   2  14  12   0   0   1   1   6   0   3   2  0.12 0.14
  169 I   -2 -2 -4 -3 -2 -4 -4 -2 -4  4  3 -4  0 -1  0 -2 -2 -4 -3  3    2   2   0   1   1   0   0   3   0  26  35   0   1   1   5   2   1   0   0  19  0.55 0.33
  170 P   -1 -2 -2  2 -4 -1  2  0 -1 -4 -3 -1 -3 -4  5  0  0 -5 -4 -2    5   2   0  13   0   2  14   8   2   0   2   2   0   0  35   7   6   0   0   3  0.69 0.35
  171 G    0  1 -1  3 -4  1  4  1  0 -4 -4  0 -3 -4 -2  0 -1 -4 -4 -4    9  10   1  15   0   5  35  10   1   0   0   5   0   0   1   7   2   0   0   0  0.52 0.31
  172 L    0 -2 -2 -1 -2  0 -1 -2 -2  1  2 -1  1  2 -3 -1 -1  3  2  0   10   0   1   4   0   5   2   2   0   8  24   4   3  11   0   4   2   5   9   6  0.16 0.15
  173 L   -1 -3 -3 -1  0 -3 -1 -4  0  2  3 -2  2  0 -3 -1 -1 -3 -1  1    3   0   0   3   2   0   4   0   2  12  43   2   6   4   0   7   1   0   2   8  0.33 0.24
  174 S    0 -1  0  5 -5 -2  3 -1 -3 -5 -5 -2 -4 -5 -3  1 -1 -5 -4 -4    6   3   3  44   0   0  24   5   0   0   0   0   0   0   0  11   4   0   0   0  0.86 0.42
  175 E   -3  0  0  5 -5  0  5 -2 -2 -5 -5 -1 -4 -5  0 -1 -3 -5 -4 -4    0   4   2  33   0   3  46   2   0   0   0   2   0   0   3   4   0   0   0   0  1.00 0.44
  176 Y   -3 -1 -3  0 -4 -3  0 -5  1 -1 -1 -3 -2  4 -4 -3 -3  3  7 -1    0   3   0   7   0   0   6   0   3   3   3   0   0  16   0   0   0   3  52   4  1.02 0.39
  177 I   -2  0 -4 -4 -3 -3 -2 -4 -3  4  3 -3  0  1 -4 -2 -2 -3  0  1    0   6   0   0   0   0   3   0   0  37  32   0   0   6   0   4   0   0   4   9  0.45 0.22
  178 E    1  2  2  2 -1  0  3 -2 -2 -3 -2  0  0 -3 -2  0  0 -4 -3 -2   13  15  10  11   2   0  29   2   0   0   3   1   4   0   0   3   6   0   0   0  0.32 0.18
  179 Q    0 -1 -1 -1 -3  3  4 -2 -2 -3 -3  2 -2 -4 -2  2  1 -4 -3 -2    6   0   0   0   0  13  35   0   0   0   0  13   0   0   0  21  11   0   0   2  0.52 0.24
  180 S    2  0  1 -1 -2  0  1 -2 -1 -3 -3 -1 -2 -2 -2  3  2 -3  1 -2   18   6   6   0   0   3  11   0   0   0   0   0   0   0   0  29  21   0   6   0  0.31 0.14
  181 G    1 -2  1 -1 -2 -1 -1  4 -2 -3 -3 -1 -2 -3 -2  3  0 -3 -3 -3   10   0   9   0   0   0   0  41   0   0   0   0   0   0   0  41   0   0   0   0  0.55 0.10

                      K         Lambda
Standard Ungapped    0.1328     0.3157
Standard Gapped      0.0410     0.2670
PSI Ungapped         0.1093     0.3180
PSI Gapped           0.0335     0.2670
