
Last position-specific scoring matrix computed, weighted observed percentages rounded down, information per position, and relative weight of gapless real matches to pseudocounts
            A   R   N   D   C   Q   E   G   H   I   L   K   M   F   P   S   T   W   Y   V   A   R   N   D   C   Q   E   G   H   I   L   K   M   F   P   S   T   W   Y   V
    1 M    -2  -2  -3  -4  -2  -2  -3  -4  -3   0   2  -2   8  -1  -4  -3  -2  -2  -2   0    0   0   0   0   0   0   0   0   0   0  10   0  90   0   0   0   0   0   0   0  1.09 0.22
    2 R     2   3  -1  -1  -2   3   1  -2  -1  -2  -2   0  -1  -3  -2   0   2  -3  -2  -2   27  30   0   0   0  18   8   0   0   0   0   0   0   0   0   0  17   0   0   0  0.35 0.09
    3 L    -2  -3  -4  -4  -2  -3  -4  -5  -3   3   4  -3   4   0  -4  -3  -2  -2   1   0    0   0   0   0   0   0   0   0   0  25  53   0  17   0   0   0   0   0   5   0  0.65 0.20
    4 P     0  -3  -3  -3  -3  -2  -2  -3  -3  -3  -4  -2  -3  -4   7   0   2  -5  -4  -1    9   0   0   0   0   0   0   0   0   0   0   0   0   0  65   7  15   0   0   4  1.46 0.30
    5 D    -3  -3  -1   6  -4  -2  -1  -3  -2  -3  -3  -2  -3  -2  -3  -2   1  -2   4   0    0   0   0  59   0   0   0   0   0   0   0   0   0   0   0   0  11   0  22   9  0.88 0.29
    6 P    -3  -4  -4  -3  -5  -3   0  -4  -4  -5  -5  -3  -4  -5   8  -3  -1  -5  -5  -4    0   0   0   0   0   0   5   0   0   0   0   0   0   0  89   0   3   0   0   0  2.42 0.54
    7 Y    -2  -3  -1  -3  -2  -2  -3  -3   1   3   2  -3   0   2  -3  -2   2  -2   3   0    1   0   4   0   0   0   0   1   4  22  23   0   0   7   0   1  16   0  12   3  0.28 0.18
    8 T     0  -2   3  -2  -3  -1  -1  -3  -2  -2  -3  -2  -2  -3  -1   2   5  -4   0  -2    7   0  14   0   0   2   3   0   0   2   0   0   0   0   2  14  50   0   4   0  0.65 0.34
    9 N    -1  -1   1   0  -2  -2  -2  -1  -2  -1   2  -1   1   1   1   1   0   2   1  -1    2   3  10   5   0   0   0   5   0   2  27   2   5   6   7  12   5   3   5   0  0.11 0.12
   10 P    -1  -4  -1  -1  -5  -2  -1  -1  -4  -4  -3  -3  -4  -5   7   1  -3  -6  -5  -2    3   0   2   2   0   2   3   5   0   0   3   0   0   0  63  14   0   0   0   2  1.49 0.53
   11 E     2  -2  -1  -1  -2   0   1   0  -1  -1   1  -2  -1   0  -1   0   1  -3  -2   0   25   0   2   3   0   4  10   6   2   3  18   0   0   3   2   7  10   0   0   4  0.13 0.15
   12 Y    -1  -2  -2  -2  -3  -3  -3  -2  -3   0   0  -1  -2   5  -1   0   2   2   1   0    5   1   2   2   0   0   0   3   0   4   6   4   0  35   3   5  16   3   5   6  0.42 0.28
   13 P     1  -2  -3  -2  -5   0  -4  -4  -5  -3  -4  -4  -5  -6   7   0  -2  -6  -5  -5   12   2   1   2   0   4   0   0   0   2   2   0   0   0  66   7   1   0   0   0  1.69 0.65
   14 G     1  -1   1   1   0  -2   0   4  -3  -3  -4  -1  -3  -4  -1   0   2  -4  -1  -2   10   3   5   8   2   0   6  35   0   0   1   4   0   0   2   3  16   0   3   2  0.42 0.26
   15 L    -1  -2   0  -3  -3  -2  -2  -3  -3   1   1  -1   1  -2   5  -1   0  -4  -3   1    5   2   4   0   0   1   1   1   0   9  13   3   3   2  34   3   6   0   0  12  0.56 0.29
   16 G     0   0   0   2  -3   0  -1   3  -2  -2  -2   0  -1   0  -1   0   0  -3  -2  -2    8   4   4  13   0   3   4  31   0   3   2   5   2   5   2   7   5   0   0   2  0.27 0.17
   17 F    -2  -3  -2  -4   0  -2  -2  -4  -3   4   0  -3   0   5   0  -2  -2   1   1   0    2   1   2   1   2   1   3   1   0  29   5   2   2  28   5   4   2   2   5   5  0.55 0.32
   18 E     1   1   0  -3  -4   2   1  -3  -3  -4  -3   0  -1  -3  -4   3   2  -5  -4  -2   14   7   4   0   0   9  10   0   0   0   1   6   2   1   0  29  14   0   0   3  0.47 0.38
   19 S     1   1   2   2  -4   0   1  -1  -1  -4  -4   0  -1  -3  -2   3   0   0  -4  -3   12   8  10  11   0   3   9   4   1   0   0   3   1   1   1  29   5   1   0   1  0.39 0.32
   20 V     0  -4  -4  -5   1  -3  -3  -3  -4   3   1  -3   2   1  -4  -1  -1   4   1   4    9   0   0   0   2   1   1   2   0  14  11   1   5   5   0   5   3   7   4  31  0.47 0.32
   21 N    -2   3   2   1  -5   2   1  -2   0  -5  -5   2  -2  -5  -1   2   1  -5  -4  -4    1  16  12   7   0   8  10   2   2   0   0  13   1   0   2  16  10   0   0   0  0.47 0.35
   22 L    -2  -4  -6  -6  -4  -5  -6  -6  -5   3   4  -5   1   4  -1  -5  -4   2  -2   1    2   1   0   0   0   0   0   0   0  19  41   0   2  16   4   0   0   2   1  11  0.88 0.47
   23 V    -1   1   0  -2  -4   2   1  -2  -1   0  -2   2  -1  -1  -3   1   3  -1  -2  -1    3   9   4   1   0   9   8   3   1   5   2  15   1   3   0  10  19   1   1   5  0.24 0.24
   24 D     0  -2   0   1  -4   0  -2  -2   2  -1   0  -3   0  -2   0   4   0  -1  -2  -2    6   1   5  10   0   4   1   2   5   3   9   0   3   1   5  36   4   1   1   2  0.34 0.32
   25 N    -3   0   5  -1  -5   0   1  -4   0   0  -3   1   0  -1  -4  -2  -2  -1  -2   2    2   4  35   2   0   4   9   0   2   5   1   8   3   3   0   2   2   1   1  17  0.55 0.40
   26 D     0   1   1   1  -4   2   0  -1  -1  -1  -3  -1  -3  -2  -2   1   3  -4  -1  -1    7   9   8   7   0  11   5   4   1   3   1   3   0   2   2  12  20   0   2   3  0.24 0.24
   27 P     0   1   1  -1  -5   1  -2  -1  -2  -3  -3  -1  -2  -2   6  -2   0  -5  -3  -2    8   7   7   3   0   6   1   4   1   2   2   4   1   2  40   2   6   0   1   4  0.74 0.42
   28 M    -1  -3   2  -4  -3   1  -3  -3  -4   1  -2  -2   1   0  -4   0   4  -4  -1   3    5   1   9   0   0   6   0   1   0   7   1   2   3   4   0   8  25   0   2  25  0.44 0.36
   29 I     1  -1  -3  -3  -3   1  -2  -1  -1   0   0  -3   1   3  -3   0   0   0   3   0   13   4   0   1   0   8   2   4   1   6  10   0   4  16   1   7   4   1  11   8  0.22 0.22
   30 R     0   0  -1  -2  -3   2  -1  -2  -3   1  -1   0   0  -1  -3   1   2  -3   0   2    5   4   2   2   0  10   1   2   0   8   5   6   3   3   0  12  13   0   4  20  0.16 0.20
   31 D    -1  -2   3   1  -4  -1  -2  -1  -1  -3  -4  -3  -4  -1  -1   3   3  -5  -2  -2    5   2  16   7   0   3   1   3   2   1   1   0   0   2   3  28  22   0   1   3  0.54 0.42
   32 E    -2   3  -3  -1  -5   2   3  -3  -3  -2  -4   1  -1  -1   1  -1   1  -5  -4   0    3  17   0   3   0  10  25   1   0   2   0   9   2   3   6   4   8   0   0   7  0.43 0.34
   33 L     1  -4  -1  -2  -4  -4  -4  -2  -4  -5  -2  -4   0  -1  -2   5   4  -5   0  -4    9   0   3   2   0   0   0   3   0   0   4   0   3   3   1  45  25   0   3   0  0.90 0.59
   34 P    -2   0   2  -1  -4   2  -2  -1   1  -1   0   0  -1  -1   4  -2  -1   4  -3  -1    3   5  11   3   0  10   1   4   4   4  11   5   1   3  20   1   2   6   0   4  0.33 0.26
   35 N    -2  -4   4   0  -5  -2  -3   1  -4  -5  -3  -4  -4   0  -5   4   2  -1   0  -5    2   0  18   6   0   1   1  10   0   0   3   0   0   5   0  35  15   1   3   0  0.72 0.51
   36 G    -2  -1   0  -5  -5  -1  -3   5  -5  -5   1  -3   0  -1  -5  -2   0   0   0  -5    2   3   4   0   0   3   1  52   0   0  15   1   3   3   0   2   7   1   4   0  0.86 0.51
   37 K    -1   3  -1  -2  -4   2   0  -3   0   0  -1   4  -1  -3  -2   1   0  -5  -2  -2    6  15   2   1   0   8   5   1   2   6   5  28   1   1   1   9   7   0   1   3  0.37 0.30
   38 V     0   2  -1  -1  -3   2  -1  -1  -3   1  -1  -1  -1  -1  -3   0   2  -4   0   2    6  12   2   2   0  11   2   4   0  10   3   3   1   2   1   5  13   0   3  18  0.18 0.22
   39 K    -4   1   1  -1  -1   6   0  -5   2   2   0  -1  -2  -3  -3   0  -1  -5  -3  -2    0   7   6   2   1  36   6   0   4  11   8   3   1   1   1   7   4   0   1   2  0.59 0.44
   40 E     1   2  -3  -4  -4   1  -1  -3  -1   1  -2   0   0  -3  -3   1   3  -5  -2   2   13  12   0   0   0   7   2   1   2  10   1   5   2   1   1   8  18   0   1  16  0.29 0.29
   41 V    -1   5  -1  -5  -5   1  -3  -4  -2   0   0   0   0  -4  -5  -2   0  -1   0   2    4  41   3   0   0   6   0   1   1   6   7   4   2   0   0   2   6   1   4  13  0.66 0.44
   42 K     0   1   0   1  -4   1   1   0  -1  -3  -3   1  -3  -1  -2   2   1  -1   0  -2    8   9   3   6   0   8  11   6   1   1   1   6   0   3   1  20   7   1   4   3  0.20 0.21
   43 I    -1   2   1  -3  -3  -1  -2  -1   2   1   1  -2   1   0  -3   0   2   0   1   0    3  15   8   0   0   2   1   4   5   9  12   0   3   3   1   5  15   1   6   7  0.17 0.21
   44 S     1  -3   0  -1  -5  -1  -3   5  -4  -5  -2   0  -4  -5   3  -1  -1  -5  -5  -4   10   1   5   4   0   3   1  42   0   0   4   5   0   0  17   5   3   0   0   1  0.76 0.44
   45 A     2  -2  -2  -1  -4  -2  -2   4  -2   1   0  -3  -1  -2  -2   0   0  -4  -2   0   17   1   1   4   0   1   1  31   1   9   9   1   1   1   2   7   6   0   1   6  0.33 0.27
   46 Q     0  -3  -1  -1  -6   6   0  -4   6  -3  -4  -3  -2  -6   0   1  -1  -6  -4  -5    8   0   2   3   0  41   5   1  20   1   1   0   1   0   5   9   3   0   0   0  1.14 0.66
   47 Y    -2   5  -3  -5  -2   0  -4  -2  -2  -2  -2   0   0   1  -5  -2  -3   4   5  -2    2  37   1   0   1   4   0   3   1   2   4   4   3   5   0   3   1   6  20   2  0.87 0.51
   48 W    -7  -7  -8  -9  -7  -7  -8  -8  -1  -1  -3  -8   1   4  -9  -7  -7  11   4  -6    0   0   0   0   0   0   0   0   1   4   3   0   3  16   0   0   0  60  14   0  3.14 1.16
   49 G    -1   0   0   2  -4   1   3  -2  -3  -2  -2   1   1  -4  -3   2   1  -5  -3  -2    4   5   3  12   0   4  24   3   0   2   3   9   4   0   0  16   9   0   1   3  0.36 0.30
   50 I     1  -5  -5  -5   1  -4  -3   0  -4   3   2  -4   1   4  -5  -3  -3   2  -1   2   12   0   0   0   3   0   1   6   0  18  19   0   4  19   0   1   0   3   1  11  0.53 0.34
   51 N    -2  -1   2   2  -5   0   3  -3  -2  -5  -5   2  -4  -6  -4   1   3  -6  -5  -3    3   2   9  12   0   4  19   1   1   0   0  12   0   0   0  12  23   0   0   2  0.62 0.45
   52 I     0  -5  -6  -6   0  -3  -4  -4  -5   3   2  -5   1   4  -5  -4  -4   1   1   2    7   0   0   0   2   1   1   1   0  21  23   0   4  18   0   0   0   2   5  15  0.69 0.40
   53 S    -1   0   0   1  -4   2   0   0  -4  -3  -4   0  -1  -5  -4   2   4  -5  -5  -2    3   5   5   8   0  10   5   7   0   1   0   5   1   0   0  13  33   0   0   2  0.52 0.41
   54 Y    -2  -4  -4  -5   1  -4  -4  -4  -2   1   2  -3   1   3  -5   0   1   5   4   1    3   0   0   0   2   0   0   1   1   9  21   2   4  13   0   7   8   7  14  10  0.51 0.34
   55 P    -1   0   3  -1  -5   1  -2  -2   1  -2  -4   0  -2  -2   5   1   1   0  -4  -2    5   5  15   2   0   5   1   3   3   3   1   5   1   2  28   9   7   1   0   2  0.54 0.38
   56 E     0  -3   0  -2   0  -2  -2  -4  -4  -1   0   0   0   0   5  -1  -2   0  -1   0    6   1   6   1   2   2   3   1   0   3  10   6   2   5  34   5   2   2   2   7  0.54 0.35
   57 L    -2  -1  -3  -5  -2   1  -2  -3  -4   0   3   0   7   0  -3  -2  -2   0  -1  -2    4   4   1   0   1   7   2   2   0   3  31   5  27   3   1   2   2   1   2   1  0.66 0.43
   58 F    -1   1   2   0  -3   0  -1  -1   0  -3  -1   0  -1   1   0   1   3  -4   0  -2    5   6  10   6   0   4   2   4   2   0   5   7   2   6   5  11  22   0   3   1  0.20 0.22
   59 P     0   4   0   1  -5   2   1  -2   0  -3  -3   0  -3  -1   0  -2  -3   1   2  -2    7  28   4   7   0  10   9   2   2   1   2   5   0   2   5   2   0   2   8   3  0.41 0.32
   60 D     2   0   1   4  -4  -1   1  -1   0  -2  -3   0   0  -3  -1   1  -1  -5  -4  -2   20   5   5  22   0   2  10   3   2   3   2   6   2   1   2  11   2   0   0   2  0.32 0.28
   61 E     0   0   1   4  -5   3   3  -3   1  -2  -5   0  -4  -6  -4   0   0  -6  -5  -3    7   4   5  21   0  14  23   2   3   2   0   5   0   0   0   6   5   0   0   2  0.58 0.42
   62 Y     2  -1  -1  -2  -3  -1  -1  -1   2   0  -1  -1  -1   3  -3   0  -1   3   2   0   23   3   2   2   0   2   3   4   6   6   6   2   1  15   0   6   2   4   6   7  0.24 0.22
   63 A     1   3   0   1  -4   2   1   0   0  -3  -1   1   2  -2  -3  -1  -2  -4  -3  -1   12  16   4   9   0  10   9   7   2   0   5   7   6   1   0   3   2   0   0   4  0.23 0.24
   64 F     0   2  -1   0  -3   1   1  -1   0  -1  -1   1   0  -1   3  -1  -1  -3  -1   0    9  11   2   4   0   7  11   5   2   3   7   7   2   3  14   2   3   0   2   6  0.15 0.14
   65 L    -1  -5  -5  -5  -4  -2  -3  -5  -5   2   2  -5   3   2  -5  -2  -2   7  -1   2    5   0   0   0   0   2   2   0   0  12  21   0   8  10   0   2   2  16   2  17  0.78 0.45
   66 D    -1   0   0   0   2   0   0  -1   2   0  -1   0   1   0  -3   0   0   3   1   0    5   5   5   5   5   5   5   5   5   5   5   5   5   5   0   5   5   5   5   5  0.06 0.10
   67 S     5  -3   0  -3  -5  -3  -2   2  -5  -4  -4  -5  -2  -4  -5   2  -2  -1  -6  -2   54   2   4   1   0   1   2  14   0   1   1   0   1   1   0  13   2   1   0   2  0.98 0.64
   68 R     0  -3  -4  -8  -7  -2  -5  -7  -2  -3  -1  -5   0   8  -8  -6  -2   6  -1  -5    7   2   1   0   0   2   1   0   1   1   6   1   2  61   0   0   2  11   1   0  1.87 0.89
   69 L    -4  -6  -6  -4  -1  -3  -6  -5  -6   4   5  -4   3   2  -6  -4  -4   2  -1   0    1   0   0   1   1   1   0   1   0  20  49   1   6   7   0   1   0   2   2   6  1.00 0.55
   70 L     3  -3   0   0  -1   0  -1  -1  -2   0   1  -2   2  -1  -3   0   0  -4  -1   1   25   0   5   7   1   4   2   4   1   5  16   2   5   2   0   5   4   0   1   9  0.17 0.20
   71 E     1   2  -1  -3  -4   2   1  -1   0  -3  -2   1  -1  -4  -4   3  -1  -5  -2  -3   13  14   2   0   0   9   9   5   3   1   5  10   1   0   0  23   2   0   1   1  0.37 0.33
   72 Y    -1   0  -1  -4   2   2  -2  -2   2   0   4  -1   1  -3  -5  -2  -1  -4   2  -2    5   5   3   0   5   9   2   3   5   4  38   4   4   0   0   3   3   0   6   1  0.39 0.34
   73 K    -3   5   2   0  -5   3  -1  -1  -1  -4  -3   2  -1  -4  -4  -1  -2   0  -1  -2    2  28  10   5   0  14   3   5   1   1   3  14   2   1   0   3   2   1   2   3  0.56 0.40
   74 R    -3   1   0  -3  -6  -3  -5   6   1  -7  -4  -3  -6  -3  -3  -1  -3  -6  -2  -6    2   7   4   1   0   1   0  68   4   0   2   1   0   1   1   5   2   0   2   0  1.46 0.74
   75 T    -1   3  -1  -2  -5   4  -2   0  -1  -3  -3   0   1  -1  -1   1   0  -5  -1  -1    5  20   2   1   0  20   1   9   1   1   2   4   4   3   3   9   6   0   2   5  0.37 0.35
   76 G     1  -1  -2  -1  -3  -1  -1   2   0  -1   1  -1  -1   2  -3   0  -1   0   1   0   11   3   1   3   0   3   4  18   2   2  14   4   1  10   1   6   4   1   5   8  0.11 0.15
   77 D    -2   0   3   0  -5   1   1   3  -1  -3  -3   1  -4  -2   0  -1   0  -1  -4  -1    2   5  14   5   0   6  10  24   2   2   1   8   0   2   4   2   7   1   0   4  0.33 0.28
   78 Y    -1   1  -1  -2  -5  -4  -1  -5   0  -1  -3  -2  -2   0   4   0   4  -1  -2   0    5   7   3   2   0   0   4   0   2   4   2   1   1   5  23   7  24   1   1   7  0.50 0.41
   79 L    -5  -7  -5  -3  -1  -7  -2  -8  -3   1  -3  -5  -2   8  -8  -7  -3   1  -1  -1    1   0   1   2   1   0   3   0   1   7   1   1   1  71   0   0   2   2   1   5  2.14 0.96
   80 D    -2   0   0   2  -4   0   1  -4   1  -2   0   0  -1   2  -2  -1   1   1   2  -2    2   4   4  14   0   5  11   0   3   2  12   5   1   8   1   5  12   2   8   1  0.20 0.22
   81 V    -1  -3  -3  -5   0  -2  -4  -4  -2   3   2  -4   4   3  -3  -2  -2   2   1   3    4   1   1   0   2   2   0   1   1  14  18   0  10  13   1   3   2   3   4  20  0.49 0.32
   82 L    -1   1  -1  -1   1  -1  -1   1  -3   1  -2  -1  -2  -2   2   2   0   1  -2   1    4  10   3   3   3   1   3  11   0   8   3   3   0   1   9  15   5   2   1  12  0.12 0.18
   83 L    -2  -1   0   2  -2  -2  -3  -4   2   1   4  -3   2   0   1  -3  -3  -4  -2   0    2   4   5  12   1   1   0   1   5   7  37   1   6   3   7   1   1   0   1   6  0.42 0.32
   84 P    -3  -3  -4  -2  -6  -3  -5   1   0  -6  -5  -2  -6  -4   8  -3  -3  -7  -2  -4    3   1   1   2   0   1   0  12   2   0   1   2   0   1  67   1   2   0   1   2  1.90 0.92
   85 Q     0   1   1   1  -4   3   0  -1   2  -2   0   0   0  -3  -2  -1   0   2  -1  -1    7   7   6   9   0  19   4   5   5   2   8   5   3   1   1   2   7   3   2   5  0.18 0.21
   86 Y     0   0  -1  -4   0  -1  -1  -1   4   1   0  -2   1   1  -1  -1  -2   1   4  -1    8   5   3   0   2   2   3   6  10  10  10   1   4   6   3   5   1   2  16   3  0.23 0.22
   87 E     0   1  -1  -1  -1   0   0   0   0  -1  -2   0  -2  -2   0   3   1   1  -1  -2    8   7   3   2   1   3   7   6   2   4   5   4   1   2   4  28   8   2   2   2  0.19 0.23
   88 A     1  -1   2   0  -2   1  -1   1   0  -1  -2   1  -3  -1  -1   1   2   0   1  -1   10   2   9   5   1   6   4  11   2   3   2   8   0   2   3   9  13   1   5   5  0.12 0.15
   89 F     0  -2   0  -2  -2  -2  -2   0  -1  -2  -1  -1  -1  -2   4   2   0  -1   2  -1    6   1   5   2   1   2   1   6   1   2   5   4   2   2  24  18   7   1   7   5  0.36 0.32
   90 R     0   4   0   1  -2   2  -1  -1  -1  -1  -1   1  -1  -2   0  -1   0  -1  -2  -1    6  23   4   7   1   9   2   5   1   5   5   9   1   1   4   4   5   1   1   4  0.20 0.20
   91 V     1   0   0  -1  -3   0  -2   2  -3  -1   0  -2  -2  -1   0   1   2   0   0  -1   12   4   5   4   0   4   1  18   0   3  12   2   0   2   5   8  13   1   4   3  0.14 0.17
   92 R     0   0   1  -2  -4  -1   0   3  -1  -2  -2  -1   0  -2  -3   1   2  -4  -1  -1    8   6   6   2   0   2   5  23   1   2   2   2   2   2   1  12  17   0   2   4  0.27 0.25
   93 G     2  -1   2  -1  -1  -1  -3   3  -2  -3  -4  -1  -2  -3   1   1   1  -2  -4  -1   16   2   9   3   1   2   0  22   1   1   1   3   1   1   7  13  11   1   0   4  0.33 0.29
   94 D     1  -1   2   0  -2   0  -1   2  -3  -2  -1   0  -2  -2   2   1   1   0  -3  -1   12   3   9   6   1   4   3  14   0   2   6   5   1   1  10   8  11   2   0   3  0.17 0.17
   95 T     1  -2   0  -2  -4   0  -2   0  -2  -1  -1  -2  -3   0   1   2   4  -4  -1   0   10   2   4   1   0   4   1   8   1   3   5   2   0   4   6  14  27   0   2   5  0.28 0.30
   96 K     0  -1   1  -2  -4  -1  -3   2  -2  -1   0  -2  -1  -2   0   1   2  -2  -4   1    8   3   8   2   0   2   0  19   1   2   9   2   1   2   4   8  16   1   0  12  0.21 0.23
   97 S     1  -2   2  -1  -3  -1  -2   1  -2  -2  -1  -2  -3  -2   1   2   2  -5  -1   0   13   2  10   4   0   3   1   9   1   2   6   1   0   1   6  19  15   0   2   7  0.24 0.26
   98 V     1  -2  -1  -3   0  -2  -2   0  -1   1   0  -3   0  -1   2   0   2   0  -2   3   12   1   3   1   2   1   2   8   1   6   9   1   2   2   9   5  12   1   1  22  0.19 0.21
   99 T     1  -1   1  -1  -1   0  -2  -1  -3   0   0  -1  -1  -3  -1   1   2  -4  -2   2   11   3   7   3   1   6   1   4   0   5   8   4   1   0   3  12  14   0   1  15  0.14 0.20
  100 I     1  -3  -1  -1  -1  -2  -2   1  -2   1   0  -2  -1  -3   0  -1   0   0  -3   4   15   1   3   3   1   2   1   9   1   6   9   2   1   0   4   4   5   2   0  30  0.25 0.25
  101 P     3  -2   3   0  -4  -1  -2   1  -1  -2  -2  -1  -3  -3  -1   1   2  -5  -2  -1   23   2  13   6   0   2   2   8   1   1   3   3   0   1   3   8  17   0   1   4  0.29 0.29
  102 A     2  -3   0  -1  -1  -1  -1   2  -1   0  -2  -2  -2  -2  -4   0   1  -2  -2   1   23   1   5   4   1   2   4  19   1   5   4   1   1   1   0   8  10   1   1  10  0.24 0.24
  103 G     3  -1   0  -1  -4   0  -1   3  -4  -2  -3  -2  -2  -3  -3   1   1  -5  -2  -1   25   3   5   4   0   4   3  24   0   2   1   1   1   1   1  11   8   0   1   5  0.39 0.32
  104 Q     3  -1  -1  -1  -4   2  -1   0   2  -2  -2  -1  -3  -2  -2   1   1  -1   1  -1   28   3   3   2   0  10   3   7   6   2   3   2   0   1   2  10   8   1   5   4  0.27 0.28
  105 K     2  -2   1   0  -4   2  -1   2  -3  -2  -3   0  -2  -3  -1   2   1  -4  -4  -1   17   1   6   5   0  11   3  14   0   2   2   6   1   1   2  17   8   0   0   4  0.29 0.27
  106 G     3  -2   0   0  -3   0  -2   3  -3  -1  -3  -1  -1  -4   0   0   1  -4  -4   0   27   1   5   4   0   4   2  22   0   3   2   3   1   0   4   4   8   0   0   6  0.33 0.29
  107 S     0  -1   2  -3  -4  -1  -4   4  -4  -2  -3  -2  -1  -3  -4   1   2  -5  -2  -1    7   3  10   1   0   3   0  37   0   3   3   2   1   1   0  11  11   0   2   4  0.55 0.37
  108 Q     1   0   1   0  -3   1   0   0  -3   1  -1  -1  -2  -2  -2   1   1  -4  -3   1   12   7   6   6   0   7   4   8   0  10   4   2   0   1   1  10  11   0   0  10  0.12 0.16
  109 I     0   0   0  -2  -1  -1  -2  -1  -2   1   0  -2   0  -1  -1   1   3  -4   0   2    7   5   4   2   1   3   1   3   1   7  11   2   2   2   2  12  19   0   3  14  0.15 0.19
  110 I    -1  -1   1  -2  -3   0   0  -2  -3   1   1  -1   0  -1  -2   0   3  -4  -1   1    4   2   6   1   0   4   5   3   0  10  17   3   2   2   1   5  20   0   2  11  0.17 0.18
  111 L     0  -3  -1  -1  -3  -1  -2  -2  -2   3   2  -1   0   1  -4  -1   0  -3   0   1    7   1   3   4   0   3   2   3   1  23  20   3   1   7   0   5   6   0   3   9  0.22 0.19
  112 N     0  -1   2   0  -4   0  -2   3  -3  -1  -3   0  -3  -4  -1   2   1  -1  -2  -1    8   4  10   6   0   4   0  23   0   3   1   6   0   0   2  14  11   1   1   4  0.29 0.23
  113 T    -1  -1   1  -1   0  -2  -2   1  -3   1   0  -2  -1   0  -2  -1   2   2   1   2    3   4   7   4   2   0   1  11   0   9  10   1   1   5   1   3  16   3   5  14  0.12 0.15
  114 N     1  -1   1   1   0   0  -1   0  -3  -2  -1   0  -1  -2  -1   2   1   2  -3  -1   13   3   6   9   2   3   2   8   0   1   5   6   1   2   3  19  11   3   0   3  0.17 0.17
  115 G     1  -3   0  -2  -4  -2  -3   4  -2   0  -2  -3  -2  -3   2   0   0   1  -2  -1   12   1   5   2   0   2   0  35   1   7   3   0   1   1   9   7   5   2   1   5  0.44 0.29
  116 T     1  -2   3   0  -1  -1  -2   0  -1  -3  -2  -1  -1  -2  -1   2   2   4  -3  -2   13   1  14   5   1   2   1   7   2   1   5   3   1   2   3  18  14   5   0   2  0.28 0.24
  117 L     1  -3   1   0   0  -2  -1   1  -3  -1   0  -2  -1   1   0   1   2   0  -1   0   14   0   6   4   2   1   2   9   0   3   8   2   1   6   4   9  16   1   1   8  0.11 0.13
  118 T     1  -1   1  -2  -3   0  -3   0  -3   0  -2  -1  -3  -2   1   2   4  -4  -2  -1   10   3   6   1   0   5   0   7   0   5   4   4   0   2   7  13  28   0   1   4  0.32 0.28
  119 G    -2  -3   3   1  -4  -1  -2   5  -3  -3  -3  -2  -4  -4  -2  -1   0  -4   0  -3    3   1  16   7   0   3   2  43   0   2   3   1   0   0   2   3   7   0   3   2  0.71 0.38
  120 Q     0  -1   0  -2  -1   0  -1   0  -2   1  -1  -1   0  -1  -1   1   2   1   0   1    9   2   4   2   1   5   4   6   0   8   5   4   2   3   3   8  18   2   3  12  0.09 0.12
  121 P    -1  -2  -5  -3  -4  -4  -5  -5  -5   2   4  -5   1   3   2  -4  -2  -4  -1   2    4   2   0   1   0   0   0   0   0  11  39   0   4  12  10   0   1   0   2  12  0.66 0.37
  122 K     1   1   0  -1  -1   0   1  -2  -1  -1  -1   2  -1  -2   1   0   0  -1  -1  -1   12   9   5   3   1   4  13   2   1   2   8  16   2   1   6   5   4   1   2   6  0.11 0.10
  123 A     4  -2  -4  -2  -3  -1   0  -2  -4  -1  -2  -1  -1  -4   3  -1  -2  -5  -2   3   35   2   0   2   0   2   5   2   0   3   2   3   1   0  14   2   2   0   1  24  0.49 0.29
  124 G    -4   1  -4  -5  -6  -5  -6   7  -6  -7  -7  -5   2  -7  -6  -4  -5  -6  -7  -7    0   7   0   0   0   0   0  87   0   0   0   0   6   0   0   0   0   0   0   0  2.20 0.70
  125 D    -3  -2   0   7  -6   1   0  -5  -1  -6  -6  -2   0  -2  -5  -1   0  -6  -1  -6    2   1   3  64   0   7   3   0   2   0   0   1   3   2   0   4   7   0   2   0  1.37 0.52
  126 L    -4   0  -1  -5  -1  -2  -4  -5   0   0   2  -2   1   4   1  -4  -3   3   5  -1    0   6   3   0   1   2   0   0   2   5  20   3   4  19   7   0   0   3  21   4  0.59 0.29
  127 F    -4  -6  -6  -6   1  -6  -6  -6  -5   5   1  -6  -2   5  -6  -5  -4   2  -2   2    0   0   0   0   3   0   0   0   0  43  10   0   0  29   0   0   0   3   0  12  1.26 0.46
  128 K    -2   1   1  -3  -4   5   0  -1   1  -4  -1   1  -3  -4  -3   1   2  -4  -3  -2    2   8   5   0   0  35   2   4   3   0   6   7   0   0   0  11  14   0   0   2  0.53 0.32
  129 L    -2  -5  -5  -5  -4  -4  -5  -5  -1   3   2  -5   0   6  -2  -4  -3  -2   1   2    2   0   0   0   0   0   0   0   2  16  16   0   2  42   2   0   0   0   4  13  0.92 0.37
  130 S     1  -1   1   0  -3   1  -1   3  -2  -4  -3  -1  -1  -2   1   1   1  -4  -3  -3    9   2   7   3   0   8   4  29   0   0   2   2   2   2   6  13  11   0   0   0  0.35 0.21
  131 T    -1  -2   5   1  -4  -1  -2   3  -3  -2  -5  -2  -4  -4  -4   2   0  -5  -2  -3    4   1  31   9   0   2   0  25   0   2   0   1   0   0   0  15   6   0   1   1  0.65 0.34
  132 H    -2  -1   2   1  -1   1   0   1   7  -3  -4  -2  -3  -2  -4   0  -2  -4   1  -4    3   2  10   8   1   6   7   9  34   2   1   0   0   2   0   7   1   0   6   0  0.71 0.34
  133 P     1   0   2   0  -3   0  -1   0  -2  -1   0   1  -2  -2   0   2   1  -3  -1  -2   10   4  11   4   0   2   2   6   0   3  10   9   0   1   5  20  10   0   3   1  0.14 0.14
  134 K    -2   1  -1  -2  -5   2  -1  -2  -1  -2  -2   6  -1  -2  -4  -2   0  -1   1  -2    1   6   2   1   0   8   2   3   1   3   4  50   1   1   0   2   5   1   5   3  0.68 0.40
  135 V     0  -1  -2  -4  -3  -1  -3  -3   1   2   2  -2   2  -2  -4  -3  -1  -1  -1   3   10   4   1   0   0   2   1   1   4  10  22   2   5   1   0   0   3   1   1  30  0.36 0.26
  136 Y    -3   1  -5  -5  -2  -3  -3  -4   3  -3  -2  -3   1   1  -3  -3  -3  -2   8  -3    2   7   0   0   1   1   2   1   8   1   4   1   3   5   2   2   1   0  58   2  1.44 0.62
  137 K    -1   2  -1  -2  -4   1  -1  -4  -3   0   0   1   5  -3  -4  -2   1  -4   0   2    3  10   2   1   0   6   4   0   0   5   9  11  20   0   0   1   9   0   4  14  0.32 0.27
  138 I     0  -4  -5  -3   2  -3  -3  -5   0   4   2  -4  -1  -3  -5  -4  -1  -5  -3   4    8   0   0   1   4   1   1   0   3  22  17   0   0   0   0   0   3   0   0  39  0.73 0.40
  139 T     1  -2  -1   0  -1  -1  -1  -1   0   0  -1  -1   1  -2  -2   0   5  -4  -3   0   11   1   2   5   1   1   3   3   2   4   5   4   4   1   1   4  40   0   0   7  0.40 0.31
  140 N     1   1   1   3  -3   1   1  -1  -2  -1  -2  -1  -2  -3   0   0   0  -4  -2   0   17   9   6  20   0   6   7   4   0   3   3   1   0   0   4   7   4   0   1   8  0.21 0.18
  141 F     2  -2  -2   1   0  -2  -3  -3  -3   1  -1  -3  -1  -1  -2   0   0  -3   0   4   17   2   1   9   1   1   0   1   0   6   5   0   1   2   2   9   5   0   4  32  0.27 0.24
  142 S     1  -2   0   2  -3   0   1   0  -2  -2  -2  -1   0  -3  -2   2   2  -1  -2   0   13   1   5  12   0   4  12   6   1   1   2   2   3   0   1  15  13   1   1   8  0.20 0.19
  143 S     1  -1   3   1  -3  -2  -2   1  -3  -2  -2  -1  -3  -4   0   2   2  -4  -3  -1   14   4  16   9   0   0   0   8   0   2   3   4   0   0   5  16  16   0   0   3  0.31 0.25
  144 S     2  -3   3   2  -1  -2  -2   2  -3  -3  -3  -2  -3  -4  -3   2   1  -5  -4  -1   18   0  14  15   1   1   1  19   0   1   1   1   0   0   0  16   7   0   0   4  0.44 0.31
  145 G     2  -2   0  -1  -3  -1  -2   4  -1  -3  -3  -2  -3  -4  -2   3   1  -4  -4  -2   17   2   4   2   0   2   2  31   1   1   3   2   0   0   1  23   7   0   0   2  0.49 0.31
  146 N     0  -3   3   1  -4  -1  -2   4  -3  -4  -3  -2  -4  -4  -3   1   1  -4  -2  -4    5   0  15   7   0   3   2  40   0   0   2   1   0   0   0  12   9   0   2   0  0.66 0.36
  147 V     1  -1   1   0  -2   0   0   1  -2  -1  -1  -1  -2  -2   0   1   1  -3   0   0   15   2   9   4   0   4   5  12   0   4   4   3   0   0   3  11  10   0   3   8  0.11 0.11
  148 W     2  -1  -1  -1  -1   1  -2   1  -2   1   0   0   0  -1  -1   0   0   0  -1   1   24   2   3   4   1   7   1  10   0   8  11   4   3   2   2   3   3   1   1  10  0.08 0.11
  149 N    -1  -2   2   0  -3   1  -1  -1  -2  -1  -3  -1  -3  -4  -3   2   4  -5  -4   1    3   2  12   4   0   7   2   3   1   3   0   4   0   0   1  16  32   0   0  10  0.45 0.34
  150 I     0  -4  -5  -5  -1  -4  -4  -3  -4   4   3  -4   2   0  -4  -3  -2  -4  -2   3    7   0   0   0   1   0   0   1   0  22  27   0   6   4   0   1   2   0   1  26  0.64 0.34
  151 S     0  -1   1   2  -3   0   1   0   1  -2  -3   0  -3  -3   1   1   2  -4  -1  -2    5   2   6  12   0   4  10   6   4   1   2   6   0   1   7  12  18   0   3   2  0.22 0.19
  152 L    -2  -5  -6  -6  -4  -5  -5  -6  -5   5   1  -5  -2   4  -5  -5  -2  -4  -1   3    2   0   0   0   0   0   0   0   0  44  12   0   0  19   0   0   2   0   1  19  1.05 0.49
  153 Y    -1  -1   0  -1  -4   1   2  -3   2  -3  -3  -2  -2   3  -4   0   0   6   3  -1    6   2   5   3   0   7  14   1   5   0   0   1   1  16   0   6   6  12   9   6  0.44 0.30
  154 P    -5  -2  -3  -5   0  -2  -4  -4  -6  -6  -7  -5  -6  -5   8  -2  -4  -7  -6  -6    0   2   1   0   2   2   1   2   0   0   0   0   0   1  85   3   1   0   0   0  2.62 0.97
  155 D     2   1   1  -1  -4   0   0  -1  -2  -4  -2   0  -2  -2   5   1  -2  -5  -3  -3   16   7   8   3   0   3   4   5   1   0   4   4   1   1  27  13   1   0   1   1  0.47 0.30
  156 L    -3  -5  -3  -6  -1  -5  -6  -4  -6   2   5  -5   0  -2  -3  -3  -2  -1  -4   1    1   0   1   0   1   0   0   1   0  12  67   0   1   1   1   1   2   1   0   9  1.07 0.52
  157 F    -2   6  -1  -4  -3   0  -1  -5  -3   0  -1   1   0  -1   0  -3   0  -5   0   0    2  51   2   0   1   3   3   0   0   5   5   5   2   2   5   0   5   0   3   6  0.79 0.45
  158 I     2   1  -1  -1  -3   2   0  -1   0  -1  -3   2  -2  -2  -1   1   2  -4  -2   0   18   6   2   2   0  11   5   3   2   3   0  14   0   2   2  11  12   0   1   6  0.22 0.21
  159 T     2  -2   1   1  -3  -1  -1  -2  -3  -2  -2  -1  -3  -3   2   2   2  -4   1  -1   24   2   9   6   0   2   2   1   0   3   3   2   0   0   9  15  14   0   5   2  0.29 0.27
  160 T    -2  -3  -4  -4  -4  -2  -4  -3   1   2   1  -3  -1  -2   4  -3   1  -4   0   3    2   1   0   0   0   2   0   1   4  12  12   1   1   1  21   0  10   0   4  28  0.54 0.34
  161 T     3  -2   0  -1  -3   1  -2  -1  -2  -2  -2  -1  -3  -2   2   2   2  -5  -3  -1   30   1   3   3   0   6   1   4   1   1   3   2   0   1  10  15  13   0   1   5  0.34 0.29
  162 G     2  -3   2   3  -3   0  -1   0  -3   0  -1  -2  -1  -2  -2   1   0  -4  -3   1   19   0  10  21   0   5   1   5   0   6   5   1   1   1   1  10   4   0   0  10  0.25 0.23
  163 S     0  -2   4   0  -5  -3  -3   5  -2  -5  -5  -3  -2  -4  -4   1   0  -5  -3  -4    5   2  21   6   0   0   1  44   1   0   0   0   1   1   0  10   7   0   1   1  0.87 0.46
  164 E     2  -2  -1   1  -4   0   4  -1  -3  -4  -3  -2  -1  -3  -2   2   2  -5  -4  -3   17   1   2   6   0   2  30   3   0   0   1   1   2   1   1  17  14   0   0   1  0.51 0.37
  165 K     2  -1  -2  -2  -3  -1  -1  -2  -3   0  -1   0  -1  -3   3   0   3  -4  -3   1   23   2   1   1   0   2   2   2   0   5   4   5   2   0  13   7  18   0   0  12  0.30 0.26
  166 P    -2  -5  -4  -5  -1  -4  -2  -4  -5   4   2  -5   0  -2  -1  -4  -3  -5  -4   5    3   0   1   0   1   0   3   1   0  21  21   0   2   1   4   0   0   0   0  43  0.84 0.45
  167 V    -2   0   2   0  -3   0   0  -4  -2   2  -1   0  -2   0  -3  -1   3  -4  -1   2    2   5  11   4   0   3   6   0   1  14   3   5   0   4   0   2  23   0   1  15  0.25 0.25
  168 F    -2  -1  -4  -3  -4  -4  -4  -2  -2   0   1  -4  -1   5  -5  -3   0   3   5   1    2   3   0   1   0   0   0   4   1   5  11   0   1  30   0   1   7   4  18  11  0.68 0.38
  169 N     0   0   3   3  -4   1   0   0   0  -2  -4   1  -3  -3  -2   1   1  -4  -2  -1    5   5  18  16   0   8   3   5   2   3   0   8   0   1   1  11   7   0   1   4  0.29 0.22
  170 G     0   1   4   3  -4   0   0   1  -1  -4  -4   0  -4  -5  -1   0   0  -5  -4  -3   10   8  24  18   0   2   6  10   1   0   1   6   0   0   3   5   4   0   0   1  0.44 0.29
  171 I     0  -5  -5  -3   0  -4  -4  -3  -5   1  -1  -3  -2  -2   6  -3   0  -5  -4   4    7   0   0   1   2   0   0   2   0   8   4   1   1   2  38   1   5   0   0  29  0.95 0.48
  172 L    -1   1  -1  -2  -3   0   1  -2   0  -1   0   1   0  -3   2   0   1  -4  -1   1    2   6   2   0   0   3   9   2   2   3  11  12   2   0  13   7  10   0   2  14  0.17 0.17
  173 F    -2  -4  -4  -4   2  -4  -4   2  -4   1   0  -4   2   6  -2  -2  -2   3   0   0    2   0   0   0   5   0   0  17   0  10   7   0   5  36   2   2   3   4   1   5  0.65 0.36
  174 R     0   2   0  -2  -2   1   0  -1  -2   0   0   1   0  -3  -2   0   2  -3  -2   0    5  13   4   0   1   7   7   4   0   5  11   7   2   0   1   8  17   0   1   7  0.13 0.15
  175 T    -1  -2  -3  -4   2  -2  -4  -1  -2   0   1  -3   4   3  -1  -3   0   2  -1   3    5   2   1   0   6   1   0   5   1   3  10   1  13  17   4   0   5   3   1  23  0.35 0.27
  176 K     0   4  -2  -2   1   0  -1  -1  -1   0  -1   1   1  -1  -3   1  -1   1   0   0    7  31   0   1   3   2   2   4   1   6   5   6   5   3   0  10   4   2   4   6  0.26 0.22
  177 L    -3  -2  -4  -5  -1  -3  -5  -5  -4   3   5  -4   2   1  -4  -2  -3   0  -1   0    1   3   1   0   1   1   0   0   0  14  57   1   6   5   1   2   1   1   2   4  0.80 0.42
  178 M     0  -1   0   1  -3   0   1  -3  -2  -1   0   0   2   1  -2   1   2  -3  -1   1    5   3   3   8   0   4  11   0   0   3   7   7   7   6   1   9  14   0   1  12  0.11 0.15
  179 N     0  -1   3   3  -3  -1   0   0  -2  -1  -2   0  -1  -4   1   1   1  -4  -3  -2    7   3  17  16   0   2   5   6   0   4   2   6   2   0   8   9  10   0   0   3  0.26 0.20
  180 G    -2   1   3   4  -4   0   0   1  -2  -2  -3   0  -3  -4  -1   1   1  -4  -1  -2    2   7  13  26   0   3   3   9   0   2   2   4   0   0   3  13   9   0   2   2  0.37 0.27
  181 D     0  -1   2   3  -3   1   1  -2  -1  -2  -3   0   0  -2   1   0   2  -4  -2  -2    7   2  11  19   0   6  10   1   1   3   2   4   2   2   8   6  13   0   1   2  0.28 0.21
  182 S     0   0   0   0  -3   1   1  -1  -2   1  -1   0   0  -1  -2   2   1  -3  -2   0    5   4   4   6   0   8  10   3   0  12   4   4   3   2   0  18   8   0   0   7  0.12 0.15
  183 F     0   0   0  -1  -3   3   0  -2  -2  -1  -1  -1   1   2   1  -1   0   5   0  -1    6   5   4   3   0  15   4   3   0   3   5   2   5  10   6   2   7  10   3   5  0.21 0.19
  184 G     0  -1   0   0  -3   1   1   2  -2  -2  -2  -1  -1  -1   0   2   1   0   0  -2    5   2   5   5   0   7   8  18   0   2   2   2   1   3   3  17  10   2   4   3  0.17 0.16
  185 S     0  -3  -2  -3  -3   0   0  -2  -1  -1  -2   0   2   1  -2   1   0   6   4  -1   10   0   1   0   0   4   6   2   1   4   2   5   5   6   2  13   4  13  17   3  0.41 0.28
  186 T     0   1   0   2  -3   0   1  -1  -2  -1  -3  -1  -2  -2   0   1   3  -1  -2  -1    7   7   2  12   0   5   9   4   0   4   1   1   1   1   3  13  24   1   1   3  0.24 0.22
  187 L     0   0  -1  -2  -2   0  -1  -2  -2   2   2  -1   1   0  -2   0  -1   1   0   1    7   4   2   2   0   3   3   1   0  13  21   3   4   5   1   8   3   2   3  13  0.10 0.11
  188 N     0   0   3   3  -3   0   0   1  -1  -3  -3  -1  -3  -2  -1   1   1  -4  -1  -2    7   5  15  22   0   4   3  10   1   0   1   2   0   1   3  11   8   0   2   3  0.31 0.21
  189 N     1   1   1  -1  -2  -1   0   0  -1   0  -1   0  -1  -2   2   0   1  -3  -1   1   11   7   9   1   0   2   4   7   1   5   2   3   1   1  11   7  11   0   2  13  0.12 0.13
  190 N     0   0   3   3  -3  -1   0   1  -1  -1  -3   0  -1  -2   1   1   0  -4  -3  -2    8   5  14  19   0   0   4   9   1   3   2   6   1   1   6  13   6   0   0   1  0.24 0.18
  191 G     1  -2   2   0  -3  -2  -3   5  -3  -2  -2  -1  -2  -2  -2   0  -1   0  -2  -2   10   2  10   4   0   1   1  43   0   2   4   4   1   2   2   7   3   1   1   2  0.50 0.28
  192 T    -1  -1  -3  -2  -1  -1  -2  -1  -1   2   2  -1   1   1  -2  -1   0   1   1   2    4   4   0   1   1   2   2   4   2  11  23   3   3   7   1   4   4   2   5  18  0.13 0.12
  193 Y     0  -2  -2  -3  -1  -1  -3  -3   0   0   1  -3   0   2  -4  -2   0   1   6   1    8   1   1   1   1   2   1   2   2   6  11   0   3   9   0   2   6   2  32   8  0.49 0.29
  194 S     0   2   0   0  -2   1   2  -1  -1  -2  -1   1   0  -2  -1   0   1   1   0  -1    8  11   5   4   0   7  15   4   0   2   5   6   3   1   3   6  11   3   4   2  0.12 0.10
  195 G     0   0   2   0  -1  -1   0   3  -2  -3  -2   0  -2  -1   1   2   1  -3  -3  -2    4   5   9   5   1   1   7  22   0   1   2   5   0   2   6  18   8   0   0   3  0.23 0.17
  196 I    -2  -4  -4  -5  -4  -3  -4  -3  -4   3   1  -2   2   5  -5  -3  -2  -3   2   3    3   0   0   0   0   1   0   2   0  15  12   2   5  27   0   1   2   0   7  22  0.60 0.34
  197 S    -1  -2   0  -1  -4   0   2  -2  -3  -2  -4   0  -4  -5  -2   4   4  -5  -4  -4    4   1   3   3   0   3  14   2   0   2   0   5   0   0   1  37  25   0   0   0  0.66 0.44
  198 L    -3  -5  -6  -6  -4  -5  -6  -6  -5   3   3  -5   0   6  -6  -5  -4  -3   0   1    2   0   0   0   0   0   0   0   0  19  34   0   2  32   0   0   0   0   1  10  1.03 0.47
  199 S    -1  -1   1   3  -4   2   2  -2  -3  -4  -5   2  -4  -5  -1   2   1  -5  -4  -3    3   1   7  19   0  10  14   2   0   0   0  12   0   0   2  20   9   0   0   1  0.49 0.33
  200 L     2  -3  -5  -5   4  -4  -5  -3  -4   0   2  -4   1   5  -5  -3  -3   0   0   2   17   1   0   0  11   0   0   1   0   4  19   0   3  28   0   0   0   1   1  13  0.65 0.37
  201 R    -2   3  -3  -3  -4  -1   2  -3  -3   3  -1   1   2  -3  -4  -2   0  -5  -3   2    1  22   0   0   0   2  17   1   0  18   3   9   6   0   0   1   4   0   0  14  0.42 0.32
  202 E    -5  -4  -4  -2  -8  -2   8  -6  -4  -7  -7  -3  -6  -7  -5  -4  -5  -7  -6  -6    0   0   0   0   0   0 100   0   0   0   0   0   0   0   0   0   0   0   0   0  2.61 0.99
  203 S     4  -1   0   1  -3   0  -1  -2  -1  -2  -3   0  -1  -2  -3   1  -1  -4   0   1   42   2   4   7   0   3   3   0   2   0   0   7   1   1   0  10   3   0   3  13  0.38 0.30
  204 L    -3  -5  -5  -6  -3  -5  -5  -6  -5   5   4  -5   0  -2  -5  -4  -3  -4  -3   2    0   0   0   0   0   0   0   0   0  34  52   0   0   0   0   0   0   0   0  14  1.08 0.42

                      K         Lambda
Standard Ungapped    0.1371     0.3153
Standard Gapped      0.0371     0.2670
PSI Ungapped         0.1212     0.3179
PSI Gapped           0.0371     0.2670
