
Last position-specific scoring matrix computed, weighted observed percentages rounded down, information per position, and relative weight of gapless real matches to pseudocounts
            A   R   N   D   C   Q   E   G   H   I   L   K   M   F   P   S   T   W   Y   V   A   R   N   D   C   Q   E   G   H   I   L   K   M   F   P   S   T   W   Y   V
    1 M    -1  -1  -2  -3  -1   0  -2  -3  -2   1   2  -1   5   0  -2  -1  -1  -1  -1   1    0   0   0   0   0   0   0   0   0   0   0   0   0   0   0   0   0   0   0   0  0.00     0.00
    2 M    -2  -2  -3  -4  -2  -1  -3  -3  -2   1   2  -2   8  -1  -3  -2  -1  -2  -2   0    0   0   0   0   0   0   0   0   0   0   0   0 100   0   0   0   0   0   0   0  0.82 0.13
    3 F    -2  -3  -3  -4  -3  -3  -3  -4  -1   0   1  -3   0   6  -4  -3  -2   1   4  -1    0   0   0   0   0   0   0   0   0   0  16   0   0  68   0   0   0   0  16   0  0.73 0.07
    4 Q    -1   1   0  -1  -4   7   1  -2   0  -3  -3   1  -1  -4  -2  -1  -1  -3  -2  -3    0   0   0   0   0 100   0   0   0   0   0   0   0   0   0   0   0   0   0   0  0.97 0.12
    5 K    -1   0   2   2  -2   0   0  -2  -2   1  -1   2  -1  -2  -2   0   2  -3  -2   1    0   0  12  16   0   0   0   0   0  16   0  23   0   0   0   0  18   0   0  14  0.14 0.03
    6 F    -3  -3  -3  -4  -3  -3  -3  -4   0  -1   0  -3  -1   6  -4  -3  -2   1   5  -1    0   0   0   0   0   0   0   0   0   0   0   0   0  70   0   0   0   0  30   0  0.91 0.08
    7 I    -1  -3  -3  -4  -1  -3  -3  -4  -4   4   1  -3   1  -1  -3  -2  -1  -3  -2   4    0   0   0   0   0   0   0   0   0  41   0   0   0   0   0   0   0   0   0  59  0.47 0.06
    8 S     0  -1   0  -1  -1   0   0  -1  -1  -2  -2   1  -2  -3  -1   4   3  -3  -2  -1    0   0   0   0   0   0   0   0   0   0   0  12   0   0   0  59  29   0   0   0  0.42 0.06
    9 K    -1   3  -1  -1  -4   1   2  -2  -1  -3  -3   5  -2  -4  -2  -1  -1  -3  -2  -3    0  18   0   0   0   0  16   0   0   0   0  66   0   0   0   0   0   0   0   0  0.58 0.06
   10 H    -2  -1   0  -2  -4   0  -1  -3   9  -4  -3  -1  -2  -2  -3  -1  -2  -3   1  -4    0   0   0   0   0   0   0   0 100   0   0   0   0   0   0   0   0   0   0   0  1.36 0.13
   11 N    -1  -1   5   3  -2  -1   0  -1   0  -2  -3  -1  -2  -3  -2   1   0  -4  -2   0    0   0  53  16   0   0   0   0   0   0   0   0   0   0   0  16   0   0   0  14  0.44 0.05
   12 A     3  -1   0  -1  -1  -1  -1  -1  -2  -2  -2  -1  -1  -3  -1   3   2  -3  -2  -1   37   0   0   0   0   0   0   0   0   0   0   0   0   0   0  46  16   0   0   0  0.39 0.05
   13 P     1  -2   2  -1  -2  -1  -1  -2  -2  -2   0  -1  -1  -3   6  -1  -1  -3  -3  -2   16   0  18   0   0   0   0   0   0   0  16   0   0   0  49   0   0   0   0   0  0.79 0.05
   14 I    -2  -2  -3  -3  -2   1  -2  -4  -2   3   1  -2   1   4  -3  -2  -1  -1   1   1    0   0   0   0   0  12   0   0   0  43  12   0   0  33   0   0   0   0   0   0  0.30 0.05
   15 N    -1  -1   1  -1  -2   2  -1  -2  -1  -1  -1  -1  -1   4  -2   0   3  -1   0  -1    0   0  11   0   0  16   0   0   0   0   0   0   0  30   0   0  43   0   0   0  0.28 0.05
   16 S     0   0   0  -1  -1   0   0  -1  -1  -2  -2   1  -2  -3  -1   4   3  -3  -2  -2    0   0   0   0   0   0   0   0   0   0   0  16   0   0   0  56  29   0   0   0  0.40 0.06
   17 T     0  -1   0   2  -2  -1   0  -1  -2  -1  -1  -1  -1  -2   3   1   2  -3  -2   0    1   1   1  19   0   1   1   1   0   1   1   1   0   0  17  17  23   0   0  15  0.27 0.03
   18 Q    -1   4   3   0  -3   3   0  -2   0  -3  -3   2  -2  -3  -2   0  -1  -3  -2  -3    0  32  27   0   0  23   0   0   0   0   0  18   0   0   0   0   0   0   0   0  0.49 0.05
   19 L    -1   1  -2  -3  -2  -2  -2   1  -2   1   2  -1   0   2   2  -2  -1  -2   0   0    0  14   0   0   0   0   0  16   0  12  29   0   0  16  12   0   0   0   0   0  0.16 0.03
   20 A     2  -2  -1  -2  -1  -1  -1  -1  -2   0   1  -1   0  -2  -2   1   1  -3  -2   1   37   0   0   0   0   0   0   0   0   0  16   0   0   0   0  16  12   0   0  18  0.18 0.03
   21 A     0  -1  -2  -2  -1  -1  -2  -2  -2   1   1   0   0   2  -2   1   0  -2   0   1   11   0   0   0   0   0   0   0   0  12  18  12   0  14   0  16   0   0   0  16  0.09 0.02
   22 T     1  -1  -1  -1  -1  -1  -1  -1  -2  -1   0  -1   0  -2  -1   2   4  -3  -2   0   12   0   0   0   0   0   0   0   0   0  16   0   0   0   0  27  45   0   0   0  0.29 0.05
   23 K    -1  -1  -1  -2  -2  -1  -2   3  -2   1  -1   1  -1  -2  -2  -1  -1  -3  -2   2    0   0   0   0   0   0   0  32   0  14   0  23   0   0   0   0   0   0   0  30  0.20 0.04
   24 T     3  -1  -1  -1  -1  -1  -1  -1  -2  -2  -2  -1  -1  -3  -1   2   3  -3  -2  -1   43   0   0   0   0   0   0   0   0   0   0   0   0   0   0  16  41   0   0   0  0.38 0.05
   25 P    -1  -3  -3  -3  -2  -2  -2  -3  -3   2  -1  -2  -1  -2   6  -2  -1  -4  -3   1    0   0   0   0   0   0   0   0   0  32   0   0   0   0  55   0   0   0   0  12  0.97 0.06
   26 A     4  -2  -1  -2  -1  -1  -1  -1  -2  -1  -2  -1  -1  -3  -1   1   3  -3  -2   0   71   0   0   0   0   0   0   0   0   0   0   0   0   0   0   0  29   0   0   0  0.43 0.06
   27 V     2  -2   2  -1  -2  -1  -1  -1  -1  -1  -2  -1  -2  -3   4   1   0  -3  -2   0   27   0  16   0   0   0   0   0   0   0   0   0   0   0  29  18   0   0   0  11  0.46 0.04
   28 A     2  -1   3  -1  -1  -1  -1  -1  -1   0   0  -1  -1  -2  -2   1   0  -3  -2   1   23   0  30   0   0   0   0   0   0   0  12   0   0   0   0  18   0   0   0  16  0.17 0.03
   29 A     4  -2  -2  -2  -1  -1  -1  -1  -1  -2  -2  -1  -1  -1   3   0  -1  -2   2  -1   70   0   0   0   0   0   0   0   0   0   0   0   0   0  14   0   0   0  16   0  0.43 0.06
   30 P    -1  -2  -2  -1  -3  -1   1  -2  -2  -3  -3  -1  -2  -4   7  -1   1  -4  -3  -2    0   0   0   0   0   0  14   0   0   0   0   0   0   0  70   0  16   0   0   0  1.36 0.08
   31 V    -1  -3  -3  -3  -1  -2  -3  -3  -3   2   1  -2   1  -1  -3  -1   2  -3  -2   4    0   0   0   0   0   0   0   0   0  12  12   0   0   0   0   0  16   0   0  59  0.32 0.05
   32 L    -1  -3  -3  -3  -2  -2  -3   1  -3   2   3  -3   1  -1  -3  -2  -1  -2  -2   2    0   0   0   0   0   0   0  16   0  12  45   0   0   0   0   0   0   0   0  27  0.26 0.03
   33 S    -1  -1   4   2  -3   2   0  -1   0  -3  -3   0  -2  -3  -2   1   1  -3  -2  -2    0   0  43  16   0  18   0   0   0   0   0   0   0   0   0  11  12   0   0   0  0.46 0.05
   34 V     0  -2  -1  -1  -1  -1  -1  -2  -2   1  -1  -1  -1  -2  -2   2   3  -3  -2   1    0   0   0   0   0   0   0   0   0  16   0   0   0   0   0  30  43   0   0  11  0.28 0.05
   35 P    -1  -3  -1   2  -3  -2  -1   1  -2  -3  -4  -1  -3  -4   7  -1  -2  -4  -3  -3    0   0   0  16   0   0   0  14   0   0   0   0   0   0  70   0   0   0   0   0  1.39 0.08
   36 N    -1  -1   1  -1  -2   0   1   1  -1   1  -1   1  -1  -2  -2   0   1  -3  -2   1    0   0  11   0   0   0  14  12   0  16   0  18   0   0   0   0  12   0   0  16  0.09 0.02
   37 L     0  -3  -2   0  -1  -2  -2  -3  -3   3   2  -2   1  -1  -3  -2  -1  -3  -2   2    9   0   0   9   0   0   0   0   0  31  26   0   0   0   0   0   0   0   0  24  0.22 0.03
   38 S     1  -1   2  -1  -1  -1  -1   2  -1  -2  -3  -1  -2  -3  -1   3   2  -3  -2  -2   12   0  16   0   0   0   0  14   0   0   0   0   0   0   0  39  18   0   0   0  0.33 0.04
   39 R     0   4   0  -1  -2   0   2  -2  -1  -3  -2   1  -2  -3  -2   2   2  -3  -2  -2    0  37   0   0   0   0  16   0   0   0   0   0   0   0   0  31  16   0   0   0  0.37 0.05
   40 S     0  -2   0   3  -2  -1   0   2  -1  -3  -3  -1  -2  -3  -1   3   1  -3  -3  -2    0   0   0  28   0   0   0  16   0   0   0   0   0   0   0  43  12   0   0   0  0.40 0.05
   41 T     0  -1   3   0  -2   2   0  -1  -1  -2  -2   0  -1  -3  -2   2   3  -3  -2  -1    0   0  29   0   0  12   0   0   0   0   0   0   0   0   0  16  43   0   0   0  0.40 0.05
   42 I     0  -3  -3  -3  -1  -2  -3  -3  -3   2   3  -3   1   2  -3  -2  -1  -2   0   1   16   0   0   0   0   0   0   0   0  27  43   0   0  14   0   0   0   0   0   0  0.27 0.03
   43 L    -2   1  -2  -3  -2  -2  -2  -3  -1  -1   0  -1   0   5  -3  -1   1   0   4  -1    0  14   0   0   0   0   0   0   0   0  11   0   0  40   0   0  16   0  18   0  0.35 0.05
   44 I    -2  -3  -4  -4  -2  -3  -3  -4  -3   2   2  -3   1   4  -3  -3  -1  -1   1   2    0   0   0   0   0   0   0   0   0  25  29   0   0  34   0   0   0   0   0  12  0.38 0.04
   45 N     1  -1   3   1  -2   0   1  -1   0  -2  -2  -1  -2  -1  -2   0   1  -2   2  -2   14   0  32   9   0   0  12   0   0   0   0   0   0   0   0   0  16   0  16   0  0.26 0.04
   46 A     2  -2  -1  -2  -1  -1  -1   2  -2  -1   1  -1   0  -2  -2   2   0  -3  -2  -1   27   0   0   0   0   0   0  16   0   0  24   0   0   0   0  33   0   0   0   0  0.20 0.03
   47 T     0  -1   2  -1  -1  -1  -1  -2  -1  -1   1  -1   0  -2  -2   2   4  -3  -2  -1    0   0  16   0   0   0   0   0   0   0  18   0   0   0   0  14  51   0   0   0  0.29 0.05
   48 T    -1  -2  -2  -2  -2  -2  -2  -3  -2   1   1  -2   2  -1   3   0   3  -3  -2   0    0   0   0   0   0   0   0   0   0  16  15   0  10   0  20   0  40   0   0   0  0.35 0.05
   49 T     1  -2  -1  -2  -1  -1  -1  -2  -2   0  -1  -1  -1  -2  -2   1   5  -3  -2   1   16   0   0   0   0   0   0   0   0   0   0   0   0   0   0   0  67   0   0  17  0.41 0.08
   50 A     3  -1   1  -1  -1  -1  -1   1  -2  -1  -2   0  -1  -3  -1   2   0  -3  -2   0   47   0   8   0   0   0   0  11   0   0   0   9   0   0   0  16   0   0   0  10  0.24 0.04
   51 V     3  -2   1   1  -1  -1  -1   2  -2  -1   0  -1  -1  -2  -2   0  -1  -3  -2   0   43   0  10   9   0   0   0  15   0   0  12   0   0   0   0   0   0   0   0  12  0.17 0.04
   52 T     2  -2   0  -1  -1  -1  -1   3  -2  -2  -2  -1  -2  -3  -2   2   3  -3  -2  -1   18   0   0   0   0   0   0  28   0   0   0   0   0   0   0  16  38   0   0   0  0.38 0.05
   53 T     0  -1   2   0  -1   0  -1   2  -1  -2  -2  -1  -1  -2  -1   2   1  -2  -2  -1    2   1  17   1   0   1   2  22   1   1   2   1   1   1   1  28  13   0   1   2  0.24 0.02
   54 H     1  -1   4   0  -2   0  -1   2   3  -3  -3  -1  -2  -3  -2   1   0  -3  -1  -2   12   0  38   0   0   0   1  16  12   0   1   1   0   0   0  15   1   0   0   1  0.34 0.04
   55 S     0  -2   0   2  -2  -1  -1   4  -2  -2  -3  -1  -2  -3  -2   2   0  -3  -3  -1    0   0   0  15   0   0   0  47   0   0   0   0   0   0   0  28   0   0   0  11  0.44 0.05
   56 G     0  -3  -1  -2  -3  -2  -3   6  -3  -4  -4  -2  -3  -4  -3  -1  -2  -3  -4  -4    0   0   0   0   0   0   0 100   0   0   0   0   0   0   0   0   0   0   0   0  1.22 0.08
   57 L    -1  -3  -2  -3  -2  -3  -3  -3  -2   1   1  -3   0   5  -3   0  -1   0   2   0    0   0   0   0   0   0   0   0   0  16  12   0   0  55   0  17   0   0   0   0  0.40 0.07
   58 C     2  -2  -2  -2   4  -2  -2  -2  -2  -1   1  -2   0   3  -2   1  -1  -1   0  -1   30   0   0   0  12   0   0   0   0   0  20   0   0  22   0  16   0   0   0   0  0.19 0.04
   59 H     0  -2  -1  -2  -2  -1  -2  -2   6   1  -1  -2  -1   2  -3  -1  -2  -1   4  -1   16   0   0   0   0   0   0   0  37  17   0   0   0  12   0   0   0   0  18   0  0.36 0.07
   60 V     0  -3  -3  -3   5  -2  -3  -3   1   1   0  -3   0   1  -3  -1  -1  -2  -1   3    9   0   0   0  18   0   0   0   7   0   0   0   0  10   0   0   0   0   0  57  0.28 0.06
   61 V     1  -2  -3  -3  -1   1  -2  -3  -2   3   0  -2   0  -1  -2  -1  -1  -3  -2   3   17   0   0   0   0  12   0   0   0  33   0   0   0   0   0   0   0   0   0  38  0.23 0.05
   62 R     0   4  -1  -2  -3   4   0  -2  -1  -2  -1   1   3  -2  -2  -1  -1  -3  -2  -1   11  33   0   0   0  32   0   0   0   0   0   0  24   0   0   0   0   0   0   0  0.37 0.07
   63 I     1  -1  -2  -3  -2  -1  -2  -2  -2   2   1   1   3   2  -2  -1  -1  -2  -1   1   16   0   0   0   0   0   0   0   0  23   0  14  26  12   0   0   0   0   0  10  0.14 0.04
   64 D    -1  -2   0   5  -3  -1   0  -2  -1  -2  -2  -1  -2  -2  -2   1  -1  -2   2   0    0   0   0  58   0   0   0   0   0   0   0   0   0   0   0  16   0   0  12  14  0.47 0.06
   65 E    -1  -2   3   2  -3  -1   1   2  -1  -2  -2  -1  -2   1   2   0   1  -3  -1  -2    0   0  21  14   0   0  11  16   0   0   0   0   0  12  10   0  15   0   0   0  0.26 0.03
   66 T     0  -1   2  -1  -1  -1  -1  -1  -1  -1  -2  -1  -1  -2  -2   3   3  -3  -2   1    0   0  10   0   0   0   0   0   0   0   0   0   0   0   0  48  25   0   0  16  0.31 0.06
   67 N     0   2   3  -1  -2   0  -1  -1  -1  -1   0   0  -1  -2  -2   2   0  -3  -2   0    0  16  21   0   0   0   0   0   0   0  12   0   0   0   0  35   0   0   0  15  0.18 0.04
   68 P    -2   2   2  -1  -3  -1  -1  -2   3  -3  -3  -1  -2   1   6  -1  -1  -3  -1  -3    0  16  15   0   0   0   0   0  11   0   0   0   0  12  45   0   0   0   0   0  0.77 0.06
   69 T     2  -2  -1   1  -1  -1  -1  -2  -1   1  -1  -1  -1  -1  -2   0   3  -2   2   0   29   0   0  10   0   0   0   0   0  16   0   0   0   0   0   0  33   0  12   0  0.17 0.04
   70 N     1  -2   2   5  -2  -1   0  -1  -1  -3  -3  -1  -2  -3  -2   1   1  -4  -3  -2   15   0  11  51   0   0   0   0   0   0   0   0   0   0   0  10  12   0   0   0  0.50 0.05
   71 H    -1  -1   4   2  -3   1   0  -1   3  -3  -3   0  -2  -3   2   1  -1  -4  -2  -3    0   0  37  16   0  10   0   0  11   0   0   0   0   0  14  12   0   0   0   0  0.47 0.05
   72 H    -2   2   2  -1  -3   5   1  -2   5  -3  -3   1  -1  -3  -2  -1  -1  -3  -1  -3    0  16  14   0   0  47   0   0  23   0   0   0   0   0   0   0   0   0   0   0  0.57 0.07
   73 A     2  -3  -3  -3   4  -2  -3  -2  -3   1   0  -2   0  -2  -2  -1   0  -3  -2   4   23   0   0   0  14   0   0   0   0   0   0   0   0   0   0   0   0   0   0  63  0.35 0.06
   74 L     0  -3  -3  -4  -2  -3  -3  -3  -2   2   1  -3   0   4  -3  -2  -1  -1   1   2   12   0   0   0   0   0   0   0   0  11  11   0   0  37   0   0   0   0   0  29  0.30 0.04
   75 S     1  -1   0  -1  -1  -1  -1  -1  -2   0  -2  -1  -1  -2  -1   4   1  -3  -2  -1   12   0   0   0   0   0   0   0   0  14   0   0   0   0   0  75   0   0   0   0  0.40 0.08
   76 I     0  -2  -2  -2  -1  -2  -2  -3  -3   3   0  -2   0  -1  -2   1   0  -3  -2   3    0   0   0   0   0   0   0   0   0  22   0   0   0   0   0  25   0   0   0  53  0.27 0.05
   77 A     3  -2  -2  -2   3  -2  -2   3  -2  -2  -2  -1  -2  -3  -2   0  -1  -3  -2  -1   56   0   0   0  10   0   0  25   0   0   0   0   0   0   0   0   0   0   0   0  0.36 0.06
   78 G     3  -2  -2  -2  -2  -2  -2   4  -2  -2  -1  -1  -1  -3   2   0  -1  -3  -3  -1   45   0   0   0   0   0   0  36   0   0   8   0   0   0  10   0   0   0   0   0  0.42 0.05
   79 S     0  -1   0   2  -2  -1   0  -1   3  -3  -3  -1  -2  -1  -2   4   0  -2   2  -2    0   0   0  15   0   0   0   0  10   0   0   0   0   0   0  65   0   0  10   0  0.39 0.07
   80 L    -2  -3  -4  -4  -2  -3  -3  -4  -3   3   3  -3   1   3  -3  -3  -1  -2   0   1    0   0   0   0   0   0   0   0   0  35  48   0   0  16   0   0   0   0   0   0  0.41 0.05
   81 S     3  -1  -1  -1  -1  -1  -1  -1  -2  -2  -2  -1  -1  -3  -1   3   2  -3  -2  -1   41   0   0   0   0   0   0   0   0   0   0   0   0   0   0  42  17   0   0   0  0.39 0.06
   82 N    -1  -2   2   4  -2  -1   0   2  -1  -2  -2  -1   2  -3  -2   1   1  -3  -3  -2    0   0  11  35   0   0   0  16   0   0   0   0  17   0   0  10  11   0   0   0  0.30 0.04
   83 V     2  -2  -2  -2  -1  -2  -2  -2  -3   1   0  -2   0  -2  -2   0   2  -3  -2   3   25   0   0   0   0   0   0   0   0   0   0   0   0   0   0   0  27   0   0  48  0.26 0.05
   84 P    -1  -2   0   4  -3  -1   0   2  -1  -3  -3  -1  -2  -3   2   1  -1  -3  -3  -3    1   1   0  46   0   0   1  18   0   1   1   1   0   0  11  17   1   0   0   1  0.47 0.04
   85 A     1  -2  -2  -2  -2  -2  -2   1  -1  -1  -2  -2  -1  -1   5   0  -1  -2   2   1   11   0   0   0   0   0   0  11   0   0   0   0   0   0  35  10   0   0  16  17  0.50 0.04
   86 D    -1   0   3   2  -3   2   0  -1  -1  -3  -3   2  -2  -3   3   1  -1  -3  -2  -3    0   0  20  11   0  17   0   0   0   0   0  25   0   0  16  11   0   0   0   0  0.42 0.04
   87 M    -2   1  -3  -3  -2  -2  -2  -3  -1   1   1  -1   2   4  -3  -2  -2   0   4   0    0  17   0   0   0   0   0   0   0  16  11   0  11  25   0   0   0   0  20   0  0.28 0.04
   88 I    -1  -3  -3  -4   4  -3  -3  -4  -3   3   1  -3   0   3  -3  -2  -1  -2   0   2    0   0   0   0  17   0   0   0   0  31   0   0   0  25   0   0   0   0   0  27  0.37 0.05
   89 A     3  -2   2  -1  -2  -1  -1   2  -2  -3  -3  -1  -2  -3   4   0  -1  -3  -3  -2   46   0  17   0   0   0   0  16   0   0   0   0   0   0  20   0   0   0   0   0  0.45 0.05
   90 F    -1  -3  -3  -4   7  -3  -4  -3  -3   2   1  -3   0   2  -3  -2  -1  -2  -1   1    0   0   0   0  45   0   0   0   0  16  17   0   0  11   0   0   0   0   0  11  0.58 0.06
   91 A     0  -2  -3  -3  -1  -2  -2  -2  -2   1   3  -2   2   0  -2  -1  -1  -2  -1   1   11   1   1   1   0   1   1   1   0   1  62   1   5   1   1   1   1   0   0  11  0.25 0.03
   92 I     1  -3  -3  -3   3  -2  -3  -3  -3   2   0  -2   0  -1  -2  -1   0  -3  -2   4   17   0   0   0  10   0   0   0   0  10   0   0   0   0   0   0   0   0   0  63  0.33 0.05
   93 R    -2   7  -1  -2  -4   1  -1  -3  -1  -4  -3   2  -2  -3  -3  -1  -2  -3  -2  -3    0 100   0   0   0   0   0   0   0   0   0   0   0   0   0   0   0   0   0   0  1.05 0.10
   94 F    -3  -3  -3  -4  -3  -3  -4  -4  -1  -1   0  -3  -1   7  -4  -3  -3   1   4  -1    0   0   0   0   0   0   0   0   0   0   0   0   0  83   0   0   0   0  17   0  0.98 0.09
   95 E    -1  -1  -1   1  -4   2   6  -3  -1  -4  -3   0  -3  -4  -2  -1  -1  -3  -3  -3    0   0   0   0   0   0 100   0   0   0   0   0   0   0   0   0   0   0   0   0  0.98 0.10
   96 V     0  -2   0  -1  -1  -1  -1   2  -2  -1  -2  -1  -1  -2  -2   4   1  -3  -2   1    0   0   0   0   0   0   0  17   0   0   0   0   0   0   0  62   0   0   0  21  0.32 0.06
   97 A     3  -1  -1  -1  -1  -1  -1  -1  -2  -2  -2  -1  -1  -3  -1   3   3  -3  -2  -1   35   0   0   0   0   0   0   0   0   0   0   0   0   0   0  28  37   0   0   0  0.38 0.05
   98 D     1  -1   0   1  -1  -1   0  -1  -1  -1  -2  -1  -1   0  -1   3   0  -2  -1   0   11   1   0  11   0   0   1   1   0   1   1   1   0   8   1  53   1   0   0  10  0.21 0.04
   99 G     1  -1   0   2  -1  -1   0   2  -1   0  -1  -1  -1  -1  -1   0   0  -2  -1   1   13   2   2  17   1   2   2  24   1   2   3   2   1   1   2   3   2   1   1  19  0.11 0.01
  100 V     0   0  -1  -1  -2   3   0  -1  -1  -1  -1   0  -1  -2   3   0   2  -2  -1   0    2   1   1   1   1  26   2   2   1   1   2   2   1   1  18   2  22   0   1  12  0.26 0.02
  101 V     1  -2  -2  -3  -1  -2  -2  -2  -3   1  -1  -2   0  -2   4  -1   1  -3  -2   3   17   0   0   0   0   0   0   0   0   0   0   0   0   0  24   0  11   0   0  48  0.40 0.05
  102 P    -1  -2   2  -1  -3  -1  -1  -2  -2  -3  -3  -1  -2  -4   6   0   2  -4  -3  -2    0   0  17   0   0   0   0   0   0   0   0   0   0   0  59   0  24   0   0   0  1.12 0.07
  103 T     0  -2  -1  -1  -1  -1  -1  -2  -2   1  -1  -1  -1  -2  -2   2   4  -3  -2   0    0   0   0   0   0   0   0   0   0  17   0   0   0   0   0  24  59   0   0   0  0.38 0.06
  104 A     2  -2  -2  -2  -1  -2  -2  -2  -2   1   1  -2   0   1  -2   0   2  -2  -1   0   31   0   0   0   0   0   0   0   0  15  17   0   0  10   0   0  28   0   0   0  0.16 0.03
  105 V     1  -2  -1   0  -1  -1  -1  -2  -2   1   2  -2   2  -1  -2   1   0  -3  -2   1   15   0   0  10   0   0   0   0   0  10  28   0  11   0   0  17   0   0   0  10  0.11 0.02
  106 P    -1  -2  -2  -2  -3  -2  -2   1  -3   0  -2  -2  -2  -3   6  -1   1  -4  -3  -1    0   0   0   0   0   0   0  15   0  10   0   0   0   0  59   0  17   0   0   0  1.04 0.07
  107 A     2  -2  -1  -1  -1  -1  -1  -1  -2  -2  -2  -1  -1  -3   2   2   4  -3  -2  -1   30   0   0   0   0   0   0   0   0   0   0   0   0   0  11  15  45   0   0   0  0.39 0.05
  108 L     2  -1   2  -1  -1   2  -1  -1  -1  -1   0  -1  -1  -2  -2   0   1  -3  -2   0   38   0  17   0   0  15   0   0   0   0  10   0   0   0   0   0  10   0   0  11  0.16 0.03
  109 Y     2  -2  -3  -3  -2  -2  -2  -2   0   1  -1  -2  -1   1  -3  -1  -1   0   5   1   27   0   0   0   0   0   0   0   0  15   0   0   0   0   0   0   0   0  48  10  0.40 0.06
  110 D    -2  -1   1   5  -3   2   2  -2  -1  -3  -3   0  -2  -4  -2   0   1  -4  -3  -3    0   0   0  58   0  17  15   0   0   0   0   0   0   0   0   0  10   0   0   0  0.66 0.06
  111 V     0  -2  -2  -3  -2  -2  -2  -3   3   1   1  -2   0   2  -3  -1  -1  -1   2   2   11   0   0   0   0   0   0   0  15   0  17   0   0  10   0   0   0   0  10  38  0.19 0.04
  112 Y    -2  -3  -3  -4  -3  -2  -3  -4   1   0  -1  -3  -1   4  -4  -2  -2   1   7  -1    0   0   0   0   0   0   0   0   0  10   0   0   0  17   0   0   0   0  73   0  0.91 0.09
  113 P    -1  -3  -3  -2  -4  -2  -2  -3  -3  -3  -4  -2  -3  -4   8  -1  -2  -4  -4  -3    0   0   0   0   0   0   0   0   0   0   0   0   0   0 100   0   0   0   0   0  2.27 0.12
  114 I    -1  -3  -3  -4  -2  -3  -3  -4  -3   3   2  -3   2   2  -3  -2  -1  -2   0   2    0   0   0   0   0   0   0   0   0  34  25   0   4  15   0   0   0   0   0  22  0.34 0.04
  115 E     0  -2   0   4  -3   0   3  -2  -1  -1  -2  -1  -2  -3  -2   0  -1  -4  -3   0   11   0   0  44   0   0  30   0   0   0   0   0   0   0   0   0   0   0   0  15  0.46 0.06
  116 T     1  -2  -1  -2  -2  -1  -2   4  -2  -2  -2  -1  -2   1  -2   2   1  -2  -1  -2   15   0   0   0   0   0   0  45   0   0   0   0   0  10   0  19  11   0   0   0  0.41 0.04
  117 F     1   2  -1  -2  -2  -1  -1  -2  -1  -1  -1   0  -1   1  -2   1   1  -1   2   0   22  19   0   0   0   0   0   0   0   0   0   0   0  11   0  15  10   0  11  12  0.13 0.03
  118 N    -1  -1   2  -1  -2   2   0   1   4  -2  -1  -1  -1  -1  -2   1   1  -2   2  -2    0   0  11   0   0  15   0  12  19   0   7   0   0   0   0  10  15   0  11   0  0.20 0.04
  119 N     1  -2   2   4  -2  -1   0  -1  -1  -3  -3  -1  -2  -3  -2   2   0  -4  -3  -2   15   0  11  45   0   0   0   0   0   0   0   0   0   0   0  30   0   0   0   0  0.49 0.06
  120 G     2  -3  -1  -2  -2  -2  -2   5  -2   0  -2  -2  -2  -3   1   0  -1  -3  -3  -1   21   0   0   0   0   0   0  57   0  15   0   0   0   0   7   0   0   0   0   0  0.52 0.05
  121 K     0   0   0  -1  -2  -1  -1   5  -2  -3  -3   1  -2  -3  -2   1   1  -3  -3  -3    0   7   0   0   0   0   0  57   0   0   0  11   0   0   0  15  10   0   0   0  0.55 0.05
  122 A     2  -2  -2  -2  -1  -1  -2  -2   0  -1  -1  -1  -1   0  -2   1   1   0   4   1   28   0   0   0   0   0   0   0   0   0   0   0   0   0   0  11  15   0  34  12  0.27 0.05
  123 I    -2  -2  -2   1   3  -2  -2  -3  -1   1   2  -2   0   1  -3  -2  -2   0   4   0    0   0   0  15  12   0   0   0   0  11  32   0   0   0   0   0   0   0  30   0  0.27 0.05
  124 S     0  -1   0  -1  -1  -1  -1  -1  -2  -2  -2  -1  -2  -3  -1   4   4  -3  -2  -1    0   0   0   0   0   0   0   0   0   0   0   0   0   0   0  55  45   0   0   0  0.53 0.08
  125 F     0  -3  -3  -4  -1  -2  -3  -3  -3   1   1  -3   0   2  -3  -2  -1   6   0   3   12   0   0   0   0   0   0   0   0   0  15   0   0  11   0   0   0  15   0  47  0.36 0.05
  126 K    -1   3   2  -1   4   1   1  -2  -1  -3  -3   3  -2  -3  -2  -1  -1  -3  -2  -3    0  19  15   0  15   0  11   0   0   0   0  40   0   0   0   0   0   0   0   0  0.40 0.05
  127 D    -2  -2   1   6  -4  -1   1   2  -2  -4  -4  -1  -4  -4  -2  -1  -2  -5  -4  -4    0   0   0  85   0   0   0  15   0   0   0   0   0   0   0   0   0   0   0   0  0.99 0.09
  128 A     1  -4  -3  -4  10  -3  -4  -3  -4  -2  -2  -3  -2  -3  -3  -1  -1  -3  -3  -1   11   0   0   0  89   0   0   0   0   0   0   0   0   0   0   0   0   0   0   0  1.56 0.13
  129 V     2  -2  -2  -3  -1  -2  -2  -2  -3   1   0  -2   0  -2  -2   0   2  -3  -2   3   27   0   0   0   0   0   0   0   0   0   0   0   0   0   0   0  15   0   0  58  0.29 0.06
  130 T     1  -2   0  -1  -1  -1  -1  -1  -2  -1  -2  -1  -1  -3  -1   2   5  -3  -2  -1   15   0   0   0   0   0   0   0   0   0   0   0   0   0   0  15  70   0   0   0  0.51 0.08
  131 I    -1  -3  -3  -3  -1  -3  -3  -3  -3   3   1  -3   0   2  -3  -2   1  -2   0   3    0   0   0   0   0   0   0   0   0  40   0   0   0  15   0   0  15   0   0  30  0.30 0.05
  132 D    -2  -2   1   6  -4  -1   1  -2  -2  -4  -4  -1  -3  -4   2   1  -1  -5  -3  -3    0   0   0  79   0   0   0   0   0   0   0   0   0   0  11  10   0   0   0   0  0.91 0.09
  133 S    -1  -2  -2  -3  -1  -2  -2  -3  -3   2   0  -2   0   2  -2   0   2  -2   0   3    0   0   0   0   0   0   0   0   0  12   0   0   0  15   0  11  21   0   0  40  0.21 0.04
  134 H     0  -1  -1  -2  -2  -1  -1  -2   5   1   1   0   0   2  -3  -1  -1  -2   1  -1   15   0   0   0   0   0   0   0  34  10  19   7   0  15   0   0   0   0   0   0  0.23 0.05
  135 P     1  -2  -2  -2  -2  -2  -2  -2  -3   1  -2  -2  -2  -3   7   0  -1  -4  -3  -1   11   0   0   0   0   0   0   0   0  15   0   0   0   0  63  10   0   0   0   0  1.14 0.08
  136 R    -2   6  -1  -2  -3   0  -1  -3   0  -2  -2   1  -1  -1  -3  -1  -2  -2   3   0    0  74   0   0   0   0   0   0   0   0   0   0   0   0   0   0   0   0  15  11  0.63 0.08
  137 T     1  -2  -1  -2  -1  -1  -1  -2  -2   1  -1  -1  -1  -2  -2   2   4  -3  -2   0    6   0   0   0   0   0   0   0   0  15   0   0   0   0   0  21  57   0   0   0  0.37 0.07
  138 V    -1   2  -1  -1  -2   0   2  -2  -1  -1  -1   0  -1   1   3   0  -1  -2  -1   0    1  16   0   1   0   0  23   1   0   1   1   1   0  13  19  12   1   0   0  11  0.25 0.03
  139 G     0  -3  -1  -2  -3  -2  -3   6  -3  -4  -4  -2  -3  -4  -3  -1  -2  -3  -4  -4    0   0   0   0   0   0   0 100   0   0   0   0   0   0   0   0   0   0   0   0  1.29 0.10
  140 N    -2   0   6   1  -3   0  -1  -1   0  -4  -4   2  -3  -4  -2   0  -1  -4  -3  -3    0   0  85   0   0   0   0   0   0   0   0  15   0   0   0   0   0   0   0   0  0.87 0.10
  141 D    -2  -2   4   3  -3  -1   0  -2  -1   0  -2  -1  -2  -3   2   0   1  -4  -3  -1    0   0  38  22   0   0   0   0   0  15   0   0   0   0  10   0  15   0   0   0  0.36 0.05
  142 V    -1  -3  -4  -4  -1  -3  -3  -4  -4   2   0  -3   0  -1  -3  -2  -1  -3  -2   5    0   0   0   0   0   0   0   0   0   0   0   0   0   0   0   0   0   0   0 100  0.61 0.10
  143 Y    -3  -3  -3  -4  -3  -3  -3  -4   0  -1  -1  -3  -1   6  -4  -3  -2   1   6  -2    0   0   0   0   0   0   0   0   0   0   0   0   0  50   0   0   0   0  50   0  0.96 0.09
  144 A     1  -2  -2  -3  -1  -2  -2  -2  -3   1   0  -2   0   2  -2   1   0  -2   0   3   11   0   0   0   0   0   0   0   0   0   0   0   0  14   0  15   0   0   0  60  0.23 0.05
  145 G     0  -3  -1  -2  -3  -2  -3   6  -3  -4  -4  -2  -3  -4  -3  -1  -2  -3  -4  -4    0   0   0   0   0   0   0 100   0   0   0   0   0   0   0   0   0   0   0   0  1.28 0.09
  146 I     1  -3  -3  -3  -1  -2  -3  -3  -3   2   1  -2   1   2  -3  -2  -1  -2   0   3   15   0   0   0   0   0   0   0   0  21  11   0   0  18   0   0   0   0   0  35  0.24 0.03
  147 M     0  -2  -3  -3  -2  -2  -3  -3  -3   3   1  -2   6  -1  -3  -2  -1  -2  -2   2   11   0   0   0   0   0   0   0   0  28   0   0  54   0   0   0   0   0   0   8  0.40 0.08
  148 L    -1  -3  -3  -4   4  -3  -3  -4  -3   2   2  -3   1   2  -3  -2  -1  -2  -1   3    0   0   0   0  17   0   0   0   0   0  34   0   0  10   0   0   0   0   0  39  0.32 0.03
  149 W    -1  -2  -2  -2  -2   2  -1  -2  -2   0  -1  -2  -1   3  -3   0  -1   8   1  -1    0   0   0   0   0  17   0   0   0  12   0   0   0  22   0  17   0  33   0   0  0.63 0.05
  150 S     2  -1   0  -1  -1  -1  -1  -1  -1  -2  -2  -1  -2  -3  -1   4   2  -3  -2  -1   12   0   0   0   0   0   0   0   0   0   0   0   0   0   0  71  17   0   0   0  0.46 0.05
  151 N     1   1   3  -1  -2   0  -1  -1  -1   0  -1   1  -1  -2  -2   0  -1  -3  -2  -1   27  12  33   0   0   0   0   0   0  17   0  12   0   0   0   0   0   0   0   0  0.19 0.03
  152 A     1   0   0   2  -1   0   0  -1  -1  -1  -1   1   1  -2  -1   1   0  -2  -2  -1   23   1   1  18   0   1   1   2   0   1   2  18  12   1   1  14   1   0   1   1  0.12 0.01
  153 W     0  -2  -3  -3  -2  -2  -2  -2  -2  -1  -1  -2  -1   4  -2  -2  -2   9   2  -2   12   1   1   1   0   1   1   1   0   1   1   1   0  35   1   1   1  39   1   1  0.87 0.05
  154 T     1  -2   1  -1  -2  -1  -1  -2  -2  -2  -2  -1  -2  -3   4   1   4  -3  -2  -1   12   0  10   0   0   0   0   0   0   0   0   0   0   0  28   0  49   0   0   0  0.56 0.04
  155 A     3  -2  -2  -2  -1  -1  -1  -1  -2  -1  -2  -1  -1  -2  -2   2   0   6  -1   0   55   0   0   0   0   0   0   0   0   0   0   0   0   0   0  17   0  17   0  12  0.41 0.04
  156 S     1  -2   0   1  -2  -1  -1   3  -2  -2  -3  -1  -2  -3  -1   2   2  -3  -2  -2   12   0   0  12   0   0   0  27   0   0   0   0   0   0   0  27  22   0   0   0  0.33 0.03
  157 T    -1   2   2   2  -3   0   0  -2  -1  -3  -3   3  -2  -3  -2   0   2  -3  -2  -2    0  17  10  17   0   0   0   0   0   0   0  34   0   0   0   0  23   0   0   0  0.33 0.03
  158 I    -1  -3  -3  -4   5  -3  -3  -4  -3   3   1  -3   1  -1  -3  -2  -1  -3  -2   3    0   0   0   0  22   0   0   0   0  27  12   0   0   0   0   0   0   0   0  39  0.40 0.04
  159 S    -1   2   2  -1  -2   0  -1  -2   0  -1   0   0  -1  -1  -2   1   1  -2   2  -1    0  22  17   0   0   0   0   0   0   0  17   0   0   0   0  22  10   0  12   0  0.16 0.02
  160 G     0  -3  -1  -2  -3  -2  -3   6  -2  -4  -4  -2  -3  -4  -3  -1  -2  -3  -4  -4    0   0   0   0   0   0   0 100   0   0   0   0   0   0   0   0   0   0   0   0  1.22 0.07
  161 V     0  -2  -2  -3  -1  -2  -2  -3  -3   2   2  -2   1  -1  -2   0   2  -3  -2   3    0   0   0   0   0   0   0   0   0  12  22   0   0   0   0  12  17   0   0  38  0.21 0.02
  162 L     0  -3  -3  -3  -1  -3  -3  -3  -3   4   2  -3   1  -1  -3  -2  -1  -3  -2   3   12   0   0   0   0   0   0   0   0  45  11   0   0   0   0   0   0   0   0  32  0.32 0.03
  163 S     2  -1   0  -1  -1  -1  -1  -1  -1  -3  -3  -1  -2  -3  -1   4   1  -3  -2  -2   17   0   0   0   0   0   0   0   0   0   0   0   0   0   0  83   0   0   0   0  0.52 0.06
  164 V    -1  -2  -3  -3  -1  -2  -3  -3  -3   2   3  -2   2   0  -3  -1   1  -2  -1   2    0   0   0   0   0   0   0   0   0  12  50   0  10   0   0   0  17   0   0  11  0.29 0.03
  165 N     0   2   5   0  -2   0  -1  -1   0  -3  -3   0  -2  -3  -2   0   2  -4  -2  -2   10  17  57   0   0   0   0   0   0   0   0   0   0   0   0   0  17   0   0   0  0.46 0.05
  166 Q    -1   0   0  -1  -3   6   1  -2   0  -3  -2   1  -1  -4  -2   0   1  -3  -2  -2    0   0   0   0   0  83   0   0   0   0   0   0   0   0   0   0  17   0   0   0  0.71 0.08
  167 V    -1  -2   2  -2  -1  -2  -2  -3  -2   2   0  -2   0  -1  -3  -1   0  -3  -2   4    0   0  17   0   0   0   0   0   0   0   0   0   0   0   0   0   0   0   0  83  0.35 0.06
  168 N    -2  -2   3   3  -2  -2  -1  -2  -1   2   0  -2   0   2  -3  -1  -1  -2  -1   0    0   0  22  22   0   0   0   0   0  39   0   0   0  17   0   0   0   0   0   0  0.20 0.03
  169 R    -1   4   0  -1  -3   3   1  -2   3  -3  -3   3  -1  -3  -2  -1  -1  -3  -1  -3    0  27   0   0   0  29   0   0  10   0   0  34   0   0   0   0   0   0   0   0  0.51 0.04
  170 E    -1  -1  -1   1  -4   2   6  -3  -1  -4  -3   0  -3  -4  -2  -1  -1  -3  -3  -3    0   0   0   0   0   0 100   0   0   0   0   0   0   0   0   0   0   0   0   0  0.93 0.08
  171 A     0   1  -2  -3  -2  -1  -2  -3  -1   3   0  -1   0   0  -3  -1  -1  -1   3   2   11  17   0   0   0   0   0   0   0  34   0   0   0   0   0   0   0   0  17  22  0.17 0.03
  172 T    -1  -1  -1  -2  -2   2  -1  -3  -2   3   0  -1   0  -2  -2   0   3  -3  -2   1    0   0   0   0   0  17   0   0   0  39   0   0   0   0   0   0  45   0   0   0  0.25 0.04
  173 V     1  -3  -2  -3   5  -2  -2  -2  -3   1  -1  -2  -1  -2   3  -1   1  -3  -2   2   10   0   0   0  22   0   0   0   0   0   0   0   0   0  17   0  12   0   0  39  0.36 0.03
  174 L    -2  -3  -4  -4  -2  -3  -3  -4  -3   1   5  -3   2   0  -3  -3  -2  -2  -1   1    0   0   0   0   0   0   0   0   0   0 100   0   0   0   0   0   0   0   0   0  0.60 0.06
  175 Q    -1   1   0  -1  -4   7   2  -2   0  -3  -3   1  -1  -4  -2  -1  -1  -3  -2  -3    0   0   0   0   0 100   0   0   0   0   0   0   0   0   0   0   0   0   0   0  0.94 0.09
  176 P    -1  -3  -3  -2  -3  -2  -2  -3  -3  -3  -3  -2  -3  -4   8  -1  -2  -4  -4  -3    0   0   0   0   0   0   0   0   0   0   0   0   0   0 100   0   0   0   0   0  2.22 0.09
  177 L    -2  -3  -4  -4  -2  -3  -3  -4  -3   1   5  -3   2   0  -3  -3  -2  -2  -1   1    0   0   0   0   0   0   0   0   0   0 100   0   0   0   0   0   0   0   0   0  0.60 0.06
  178 K    -1   2  -1  -1  -4   1   0  -2  -1  -3  -3   6  -2  -4  -1  -1  -1  -4  -2  -3    0   0   0   0   0   0   0   0   0   0   0 100   0   0   0   0   0   0   0   0  0.73 0.07

                      K         Lambda
Standard Ungapped    0.1281     0.3169
Standard Gapped      0.0376     0.2670
PSI Ungapped         0.1228     0.3178
PSI Gapped           0.0376     0.2670
