
Last position-specific scoring matrix computed, weighted observed percentages rounded down, information per position, and relative weight of gapless real matches to pseudocounts
            A   R   N   D   C   Q   E   G   H   I   L   K   M   F   P   S   T   W   Y   V   A   R   N   D   C   Q   E   G   H   I   L   K   M   F   P   S   T   W   Y   V
    1 M    -2  -3  -3  -4  -2  -2  -3  -4  -3   0   3  -3   8  -1  -4  -3  -2  -3  -2   0    0   0   0   0   0   0   0   0   0   0  21   0  79   0   0   0   0   0   0   0  1.01 0.25
    2 E    -2   1   4  -1  -5   3   4  -3  -1  -4  -4   3  -3  -5  -3  -1  -2  -4  -3  -4    0   4  25   0   0  14  31   0   0   0   0  25   0   0   0   0   0   0   0   0  0.75 0.29
    3 Q    -2   0   0   0  -4   3   3  -3  -1  -1  -3   2  -2  -3   0   0   1  -3   0  -1    0   3   4   3   0  18  28   0   0   4   0  15   0   0   4   3   8   0   4   4  0.38 0.21
    4 T    -2   3   4   0  -4   1  -1  -1  -2  -4  -4   1  -3  -4   0   0   3  -4  -3  -3    0  19  23   3   0   7   0   4   0   0   0  10   0   0   3   4  27   0   0   0  0.49 0.26
    5 Q    -1   3   0   1  -4   4   2   2  -2  -4  -4   2   0  -4  -3  -1  -2  -4  -3  -4    4  15   4   7   0  25  13  16   0   0   0  13   3   0   0   0   0   0   0   0  0.48 0.24
    6 K     0   3   0  -1  -3  -1   0   0  -2  -3  -2   3   0   0  -3   0  -2  -3   0  -3   10  21   3   3   0   0   4   8   0   0   4  27   3   6   0   8   0   0   3   0  0.28 0.18
    7 L    -1  -1  -2  -4  -3  -2  -1  -4   0   0   3  -3   5   1  -4  -1  -2   2  -2   1    3   3   2   0   0   0   6   0   3   0  37   0  23   7   0   3   0   3   0   8  0.44 0.26
    8 K    -2   1   0   0  -4   1   0   0  -2  -3  -2   4   1  -4   1   1  -2  -4  -3  -3    0   6   3   6   0   7   3   6   0   0   4  41   6   0   8   9   0   0   0   0  0.44 0.26
    9 L     0  -1  -3  -3   1  -2  -3  -1  -3   1   2  -1   4  -1  -1   0   0  -3  -2   1    7   4   0   0   3   0   0   4   0   9  22   5  21   2   2   6   5   0   0   8  0.22 0.17
   10 N     0  -3   6   3  -4   0  -1   0   0  -4  -4  -2  -3  -4  -1   0   0  -5  -4  -2    6   0  44  17   0   3   3   8   2   0   0   0   0   0   3   4   4   0   0   4  0.70 0.34
   11 L    -1  -2  -4  -4  -3  -3  -4  -4  -3   2   4  -3   3   2   0  -2  -1  -3  -1   1    4   3   0   0   0   0   0   0   0  14  41   0   9   8   5   2   2   0   2   7  0.46 0.26
   12 Q    -1   2   1  -1  -4   5   1   1  -2  -2  -2   1  -1  -4  -3   0  -1  -4  -3  -3    5  11   6   3   0  33   7  10   0   2   3   7   1   0   0   7   3   0   0   0  0.46 0.30
   13 H     1   1   0   0  -3   2   0  -2   3  -1  -2   0   2  -1   0   0   0  -3   1  -2   11   9   3   6   0  12   4   2  11   4   2   4   7   3   3   5   5   0   6   2  0.15 0.16
   14 F    -1   0  -5  -2  -5  -2  -5  -5  -3   1  -1  -3   1   7  -5  -3  -2   1   4   0    5   5   0   3   0   2   0   0   0   9   2   1   3  46   0   1   2   1  13   6  0.95 0.48
   15 A     4   0  -3   0  -3  -1   0   1  -3   0  -1  -1  -1  -1  -3   0  -2  -1  -3   0   41   7   0   5   0   1   5   9   0   5   6   2   1   3   0   5   1   1   0   6  0.30 0.27
   16 S     1   2   1   1  -3   0   1   0  -1  -2  -3   2  -1  -1   0   0   1  -1   0  -2   11  12   7   7   0   2   7   7   1   3   0  15   2   2   4   6  11   1   3   0  0.17 0.16
   17 N     2   1   3  -1  -1  -1   0   0   1  -2  -2   0  -1  -1  -1   0   0  -3   1  -2   19   9  16   3   1   1   6   8   3   1   2   7   1   2   2   5   7   0   7   1  0.17 0.18
   18 N    -1   0   2   4  -4  -1   2   1  -1  -2  -2   0  -1   0  -3  -1  -1  -2  -2  -3    4   6  13  24   0   2  12  12   1   2   4   4   1   6   0   4   3   1   1   1  0.30 0.23
   19 V     1  -1  -2  -2  -3  -2  -3  -1  -2   2   1  -1   2   0  -1  -1  -1   2   0   3   11   4   1   2   0   1   0   5   1  11  10   3   7   4   3   2   2   4   3  25  0.16 0.17
   20 K     0   1   0   0  -3   1   1  -1  -2   0  -1   1   0  -2   0   0   1  -3  -2  -1    8  11   4   6   0   8   8   3   0   7   6   7   4   1   4   6  12   0   1   4  0.09 0.10
   21 P     1   0   0   1  -3   0   0   0  -1  -2  -2   0   0  -4   5   0   0  -1  -3  -1   11   6   3   7   0   5   4   6   2   2   3   4   3   0  27   7   5   1   0   5  0.36 0.23
   22 Q     0   1   0   0  -4   5   2  -1   0  -3  -3   0   1  -4  -2   0  -1  -4  -3  -1    6   8   5   6   0  31  12   5   2   1   2   4   3   0   1   7   2   0   0   5  0.41 0.32
   23 V     0   0   0   0  -2   0   1   0  -1   0  -1   0  -1  -1   0   0   2  -1  -1   1   10   4   3   6   0   2  12   5   1   5   5   6   2   2   5   2  16   1   1  12  0.07 0.11
   24 F    -1  -1  -4  -4  -4  -1  -2  -1  -3   0   2  -2   0   5  -4  -2  -1   5   1   0    6   4   0   0   0   3   3   4   0   5  18   3   2  33   0   1   3   7   4   5  0.52 0.33
   25 N     0   1   5   1  -4  -1  -1  -1  -2  -3  -2   1  -3  -4  -4   0   0  -5  -3  -1    9   9  35   7   0   2   3   5   0   1   3  11   0   0   0   4   6   0   1   4  0.49 0.35
   26 P     3  -1  -3  -2  -4  -2  -1  -3  -4  -3  -2   0  -2  -4   5  -1   0  -5  -3  -1   30   3   1   2   0   2   3   1   0   1   5   5   1   0  32   3   5   0   1   4  0.72 0.44
   27 D     0  -1   1   4  -4   2   1  -1  -1  -3   0   1   0  -3  -3  -1  -1  -4  -2  -2    7   2   6  27   0  11   9   5   1   1  10   7   2   1   1   4   3   0   1   2  0.33 0.28
   28 N    -1   1   4   0  -4   2  -1  -1   0  -3  -3   0  -2  -5  -1   1   3  -5  -3  -2    5   9  23   5   0   8   3   4   2   1   3   5   1   0   2   9  17   0   0   2  0.39 0.34
   29 V     2  -2  -2  -3  -2  -2  -2  -2  -4   2   0  -3   1  -2  -3   0   3  -5  -2   3   17   2   2   1   1   2   2   2   0   9  10   0   3   1   1   5  19   0   1  24  0.34 0.32
   30 M     1  -3  -3  -2  -3  -2  -3   0  -4   1   2  -3   4   0  -3   0   2  -4  -1   1   11   1   1   2   0   2   0   7   0   9  17   1  14   4   0   6  17   0   1   7  0.30 0.29
   31 M     0  -1   2   0  -3  -1  -2  -1  -3   0   1  -2   2  -3  -4   1   3  -2  -4   1    7   3   9   4   0   3   1   4   0   5  12   2   6   1   0  13  22   1   0   9  0.24 0.28
   32 H     2   2   1   1  -4  -1  -2   1   0  -3  -3  -1  -1  -4  -2   2   3  -5  -3  -3   15  11   6   7   0   2   1   9   3   1   2   2   2   0   2  17  18   0   1   1  0.32 0.32
   33 E     1  -1   1   3  -4   1   1   1  -2  -3  -4  -1  -4  -5  -2   1   2  -5  -4  -2   13   3   5  19   0   6   8  10   0   1   1   2   0   0   1  12  15   0   0   2  0.39 0.34
   34 K     1  -2   3   2  -4   1   0   0  -1  -3  -3  -1  -2  -3  -1   1   3  -5  -4  -2   13   1  14  14   0   6   5   5   1   1   2   4   1   1   2  12  17   0   0   2  0.34 0.32
   35 K     2  -4   0  -2  -4  -1  -2   4  -4  -4  -2   0  -4  -1  -1   1   1  -5  -3  -2   19   0   5   2   0   2   1  30   0   0   5   6   0   3   3  11   8   0   1   2  0.45 0.37
   36 D     1  -3   0   2  -5   1   0   5  -3  -6  -5  -1  -2  -4  -3   1   0  -3  -5  -4   10   1   5  11   0   5   6  38   1   0   0   3   1   1   1  10   7   0   0   1  0.63 0.45
   37 G     2  -5  -1  -2  -5  -1  -3   4  -4  -2  -2  -3  -4   0  -3  -1  -1  -5   2   0   20   0   3   2   0   2   2  37   0   3   4   1   0   5   1   4   3   0   7   6  0.58 0.43
   38 T    -1  -5  -3  -3  -4  -3  -3  -4  -3   1   4  -4   0   1  -4  -2   2   2   1   1    5   0   1   1   0   1   2   1   1   6  42   1   2   7   0   2  15   3   4   8  0.58 0.43
   39 L    -2  -5  -5  -7  -5  -6  -5  -7  -7   4   3  -5   0  -1  -4  -4  -2  -6  -3   5    4   0   0   0   0   0   1   0   0  24  23   1   1   2   1   1   2   0   1  38  1.10 0.63
   40 M    -3  -5  -5  -4  -8  -2  -3  -4  -2  -5  -4  -5  -4  -7   8  -5  -1  -9  -8  -5    3   1   1   1   0   2   2   1   1   1   2   1   1   0  79   0   4   0   0   1  2.46 1.27
   41 N     0  -2   0   2  -5   1   3  -3  -3  -3  -4  -1  -3  -5   3  -1   3  -6  -4  -1    7   2   4  11   0   5  18   2   0   2   1   4   1   0  12   5  20   0   0   5  0.46 0.42
   42 E    -2  -3  -1   2  -6   3   5  -2  -1  -3  -4  -1  -4  -5  -1   0   1  -4  -3  -1    4   1   3  11   0  12  35   3   1   1   1   2   0   0   4   7   8   0   1   5  0.63 0.51
   43 F    -2  -4  -5  -5  -5  -1  -3  -4   0   1   2  -4   2   5  -4  -3   0   2   3   2    3   1   0   1   0   4   1   1   3   9  16   0   4  23   1   1   6   3  11  13  0.60 0.41
   44 T     3   0  -1   0  -4  -1  -1   0  -1  -1  -1  -3   1  -3  -4   3  -1  -5  -1   0   23   6   2   4   0   3   4   7   2   3   5   1   4   1   0  21   4   0   3   8  0.25 0.29
   45 T     2   0   2   2  -5   0   0   1  -1  -4  -4   0  -3  -4   0   1   2  -3  -3  -4   15   5  12  11   0   4   5  11   1   0   1   4   0   0   4  11  11   0   1   1  0.31 0.30
   46 P    -1   0  -1   2  -5   2   4  -1  -2  -3   0   0  -1  -3   0  -1   0  -3  -3  -3    5   6   2  12   0   8  26   4   0   2   8   5   1   1   5   5   6   0   1   1  0.33 0.32
   47 I    -4  -7  -7  -4  -5  -5  -6  -7  -6   6   2  -6   1   3  -6  -5  -4  -1   0   3    1   0   0   1   0   1   0   0   0  41  19   0   3   9   0   1   1   1   3  19  1.18 0.65
   48 L    -3  -3  -4  -3  -5  -2  -4  -6  -4   6   2  -5   2   2  -5  -4  -3   3  -1   2    2   1   1   2   0   2   1   0   0  40  17   0   4  10   0   1   1   3   2  12  0.90 0.54
   49 Q    -1   1  -1   3  -6   3   3  -1  -2  -2  -4   2  -1  -5  -2  -1   0  -6  -4  -3    5   8   3  19   0  11  19   4   1   2   1  12   2   0   1   5   6   0   0   2  0.45 0.38
   50 E     0   1   0   1  -4   0   0  -2  -1  -1   1   2   0  -2   1  -2  -1  -3  -1  -1    9   6   4   7   0   3   6   2   1   4  19  17   2   2   6   1   4   0   2   4  0.13 0.19
   51 V     2  -2  -5  -5  -5  -4  -3  -4  -6   1   4  -3   2  -2  -4  -2  -1  -6  -4   3   19   2   0   0   0   0   1   1   0   8  36   1   5   1   1   3   3   0   0  18  0.64 0.47
   52 M     0   4  -2  -3  -5   1   1  -3  -1  -1   0   1   1  -1  -1  -2   1  -3   0   1    7  25   2   1   0   7   8   2   1   3   8   6   4   3   2   1   8   0   3   9  0.26 0.28
   53 E     1   1   2   1  -5   1   3  -1  -2  -4  -3   1  -3  -4   1  -1  -1  -6  -3  -3   12   6  10   7   0   7  22   4   1   1   3   8   0   0   8   5   3   0   1   2  0.35 0.33
   54 N     1   2   1  -1  -4   2   1  -1   0  -1  -2   1  -1   0  -2   0   0  -3   1  -1   10  10   7   3   0  11  10   4   2   4   4   8   2   4   1   6   5   0   5   4  0.13 0.17
   55 S     1  -5   1  -3  -1  -3  -3   0  -5  -6  -5  -3  -1  -5  -4   6   0  -7  -4  -4    9   0   6   1   1   1   1   7   0   0   1   1   2   0   1  60   5   0   1   1  1.20 0.81
   56 K     1  -2  -1  -4  -2  -3  -4  -3  -3   1   0  -2  -1   0   2  -1   0  -5  -2   4   12   3   3   1   1   1   1   2   1   8   7   2   1   3  12   5   7   0   1  30  0.39 0.34
   57 I     1  -6  -6  -7   0  -6  -6  -5  -6   4   2  -6   3   3  -4  -4  -3  -6  -3   4   12   0   0   0   2   0   0   1   0  20  15   0   6  10   1   1   1   0   1  31  0.87 0.54
   58 M     0   4  -3  -3  -4  -1  -2  -2  -5   0   2  -3   5   1  -4  -3  -2  -2  -1  -1    7  26   1   1   0   2   2   4   0   5  19   1  16   6   1   2   2   1   2   3  0.57 0.45
   59 Q     1   3   1  -2  -6   5  -1  -1  -3  -4  -4   1  -3  -5   0   2  -1  -2  -5  -4   11  17   6   2   0  23   3   4   0   1   1   8   1   0   5  13   3   1   0   1  0.55 0.48
   60 L     1   0  -2  -4  -3  -2  -2  -2  -3   1   4  -2   2  -1  -4  -2  -2  -2   0   0   14   7   2   1   0   1   2   3   1   6  38   3   5   2   0   2   2   0   3   6  0.38 0.33
   61 G     4  -5  -3  -4   2  -4  -4   4  -6  -3  -3  -4  -2  -2  -4   1  -2  -6  -6  -1   38   0   1   1   4   1   1  29   0   2   2   1   1   2   1  10   2   0   0   5  0.84 0.59
   62 K     1   4   1  -1  -5   1  -2  -1  -1  -4  -4   1  -2  -4   0   0   3  -6  -3  -3   10  22   5   4   0   5   2   6   1   1   1   7   1   1   5   5  22   0   1   2  0.45 0.41
   63 Y    -1   3  -2  -3  -2   0  -3  -4   0   1  -1   0   0  -2  -2  -1   2  -5  -1   3    5  16   2   1   1   5   1   1   2   6   4   7   2   2   2   4  12   0   3  26  0.34 0.33
   64 E    -3   0  -5  -3  -5  -1   0  -4  -1   4   0  -2   2  -1  -5  -3   1  -1  -1   4    2   6   0   1   0   2   6   1   2  24   8   2   5   2   0   1   7   1   2  27  0.56 0.42
   65 P    -2   0   1   0  -6   1   0  -2  -1  -3  -3  -1  -3  -3   6   0   2  -3  -3  -2    2   5   6   4   0   6   5   3   1   2   2   3   1   1  36   6  11   1   1   3  0.70 0.51
   66 M    -2  -3  -3  -4  -3  -1  -4  -1  -3   2   1  -4   7   0  -4  -2   2  -5  -5   1    3   1   1   1   1   2   1   5   1  10  14   1  32   4   1   3  12   0   0   8  0.81 0.55
   67 E     0  -2   1   1  -2  -2  -1   1  -2  -2  -2  -1  -2  -3   3   2   2  -5  -2  -2    7   2   6   8   1   1   4  11   1   2   3   3   1   1  13  17  15   0   2   3  0.29 0.30
   68 G     1   0   1  -1  -2  -2  -2   3  -2  -3  -3   0  -2   0  -2   3   1  -5  -2  -2   12   5   5   3   1   1   1  21   1   1   2   5   1   4   2  20  10   0   1   3  0.32 0.31
   69 T     0   0   2   1  -4   0  -1   3   0  -3  -2   1  -1  -2   0   0   0  -2  -2  -3    7   5  11   9   0   3   4  22   2   1   5   7   1   2   5   6   6   1   1   2  0.22 0.22
   70 E    -1  -1   1   2  -4   1   2   1  -1  -2  -3   0  -1  -3  -1   1   2  -4  -2  -1    5   3   7  11   0   5  12  11   2   1   2   6   2   1   2   9  14   0   2   6  0.20 0.22
   71 K    -1   0  -1  -2  -3   0  -2  -2  -1   1   2   0   1   0  -4  -1   1   0   1   2    4   5   2   1   0   5   2   3   1   9  19   8   4   5   0   3   8   1   5  15  0.15 0.18
   72 K     0   2   0   0  -4   0   0  -2   0  -1  -3   3  -1  -2  -1   0   2  -5  -1  -1    6  13   5   5   0   4   7   2   2   4   2  18   1   2   2   8  13   0   2   4  0.23 0.24
   73 F    -2  -2  -3  -5  -4  -1  -2  -2  -1   4   1  -2   2   2  -3  -3  -1   0   1   2    2   2   2   0   0   3   2   3   1  29  11   2   5  10   1   1   4   1   4  15  0.48 0.35
   74 T     0  -3  -1  -3  -1  -2  -3  -3  -1  -2  -1  -1  -1  -2   7  -2  -2   0  -2  -2    6   2   4   2   1   2   2   2   2   3   6   4   2   2  49   3   3   2   2   3  1.06 0.67
   75 F    -1   3  -1  -2  -4  -1  -1  -1   0   0  -1   1   0   0  -4  -1   0   1   1   2    5  17   2   2   0   3   2   6   2   6   4  11   2   5   0   3   7   2   5  17  0.15 0.19
   76 W    -1   0   0   0  -3   1   0  -1   0   1   0  -1   1   0   0   0  -1   3   0   1    4   5   4   6   0   7   5   3   3   8   9   4   5   5   4   5   3   4   3  12  0.05 0.08
   77 A     0   0   0   0  -2   1   0   0  -2   0   0   0   1   0   1   0   0  -3  -2   0    6   6   6   6   0   6   6   6   0   6   6   6   6   6   6   6   6   0   0   6  0.04 0.06
   78 D     1  -3   0   2  -2  -1  -1   4  -4  -4  -4  -1  -2  -4  -2   2   2  -6  -5  -3   14   1   3  10   1   3   3  28   0   0   1   3   1   1   1  16  12   0   0   2  0.49 0.39
   79 K    -1  -1   0   3  -4  -1   0   3  -1  -1  -2   0  -2  -3  -2   0   0  -5  -2  -1    5   4   4  20   0   2   4  22   2   4   5   6   1   1   1   8   6   0   2   4  0.26 0.23
   80 P     2  -5  -2  -1  -3  -4  -3   0  -3  -1  -2  -3  -1  -2   5   1   1  -3  -4   1   18   0   1   3   0   0   1   7   1   3   3   1   1   2  27  10   8   0   0  12  0.54 0.41
   81 G     1  -1   0   0  -4   0   1   0  -2  -2  -3  -1  -2  -3  -3   1   4  -2  -3  -1   10   3   5   6   0   5  10   7   1   1   2   2   1   1   1  11  29   1   1   5  0.35 0.34
   82 A     5  -5  -4  -4  -2  -5  -4   0  -5  -2  -3  -4  -1   0   1   0  -2  -2  -3   1   56   0   1   1   1   0   1   6   0   1   2   1   1   4   6   5   2   1   1  11  0.88 0.59
   83 Y     1  -2  -1  -1  -4   0   0   2   0  -2  -3  -1  -1   0  -4   1   0   0   4  -2   12   1   3   4   0   5   6  16   2   3   1   4   2   3   0  11   6   1  19   3  0.31 0.29
   84 W    -5  -4  -5  -9  -3  -2  -5  -6  -3  -1  -4  -4  -3   3  -4  -5  -4  11   3  -2    1   1   1   0   1   2   1   1   1   3   1   2   1  12   1   1   1  59   8   3  2.74 1.15
   85 V    -2   0  -4  -5  -4  -2  -3  -2   0   2  -1   0   0  -2  -2  -3   1  -6  -1   5    3   6   1   0   0   2   2   3   2  11   4   5   2   2   2   1   8   0   2  44  0.60 0.43
   86 G     2  -3  -1   1  -5  -2   0   5  -4  -5  -4  -1  -4  -3  -2   0   0  -5  -3  -3   20   1   3   7   0   1   6  41   0   0   2   3   0   1   2   5   5   0   1   2  0.66 0.43
   87 E    -4  -3  -3   0  -8  -1   7  -4  -2  -7  -5  -2  -1  -7  -6  -3  -3  -7  -3  -7    1   1   1   4   0   2  80   1   1   0   1   1   2   0   0   1   1   0   1   0  1.94 0.97
   88 G     0  -2   3  -1  -1  -1  -2   4  -1  -3  -2  -2   0  -2  -5  -1   1  -5  -2  -3    7   1  13   3   1   3   3  37   1   2   4   2   2   2   0   4  11   0   1   2  0.51 0.37
   89 Q     2  -1   0   1  -4   2   2   2  -1  -3  -3   0  -1  -5  -4   0   0  -5  -1  -2   17   2   3   9   0  10  16  14   1   1   2   4   1   0   0   6   7   0   2   3  0.30 0.29
   90 K     2   0   0   1  -4   0   2  -2  -3  -2  -2   1  -1  -2   1   0   1   0  -2  -1   20   5   4   9   0   4  12   2   0   1   3   8   1   1   8   6   8   1   1   3  0.20 0.22
   91 I     0   0  -1  -1  -3  -1  -1  -1   0   3   0   0   1   0   0  -1  -1   2   0   1    8   4   3   3   0   3   3   4   3  21   7   7   3   3   5   4   4   3   4   9  0.09 0.12
   92 E     0  -1   0   1  -4   0   0  -1   1  -1  -2   0   0  -5   2   1   3  -5  -4  -1    6   3   5   9   0   4   7   5   3   3   3   5   3   0  11   9  19   0   0   4  0.23 0.24
   93 T     0  -2  -1   0  -4   0   3  -1  -1  -1  -1   0  -1  -2   0   0   2  -5  -2   1    7   2   2   6   0   4  22   4   1   3   6   5   1   2   5   5  13   0   1  10  0.20 0.23
   94 S    -1  -3  -2   0  -5   0  -2   0  -2  -4  -5  -2  -1  -3  -3   5   3  -1  -2  -3    4   1   2   6   0   5   2   8   1   1   1   2   1   1   1  41  21   1   1   2  0.75 0.56
   95 K     0  -1   2   4  -6   1   1   0  -4  -3  -4   2  -5  -6  -2   0   1  -6  -3  -3    8   3   8  26   0   7  10   7   0   1   1  11   0   0   1   6   8   0   1   2  0.48 0.37
   96 A    -1   0   0   0  -3   0   0  -1   2   0  -1   0   1   0   0   0   0   3   1   0    5   5   5   5   0   5   5   5   5   5   5   5   5   5   5   5   5   5   5   5  0.06 0.09
   97 T     1  -3   0   1  -6   0   0   0  -4  -4  -4   1  -5  -6  -2   2   5  -7  -4  -1   11   1   3   7   0   4   6   6   0   1   1   7   0   0   2  12  33   0   0   5  0.58 0.46
   98 W    -4  -6  -5  -8  -7  -5  -6  -4  -4   1   1  -8  -1   7  -5  -6  -1   6   2  -1    2   0   1   0   0   1   0   2   0   6  14   0   1  46   1   1   5   9   6   5  1.49 0.75
   99 V     0  -2   0   4  -6  -2   0   4  -4  -4  -5  -1  -3  -5  -4   0   1  -7  -4  -3    7   2   4  23   0   2   6  29   0   1   1   4   1   0   0   8   8   0   0   2  0.65 0.45
  100 N    -1   0   1   0  -6   4   2  -1  -1  -3  -3   1   0  -3   0   1   0  -6  -3  -3    6   4   8   5   0  19  12   5   2   1   2   9   2   1   5  11   5   0   1   2  0.35 0.32
  101 A    -1  -1  -3  -4  -4  -1  -3  -5  -4   3   1   2  -1  -2  -2  -3  -2  -3  -3   5    5   3   1   1   0   3   1   1   0  17  10  11   1   2   2   2   2   0   1  36  0.68 0.43
  102 T    -2  -1   0   0  -6   0   2  -3   0  -2  -3   1  -2  -4  -3   1   4  -3  -3   1    4   3   4   5   0   5  12   2   2   2   3   8   1   1   1  12  26   0   1   8  0.40 0.36
  103 M    -3  -8  -6  -6  -4  -4  -8  -6  -8   3   5  -8   5   3  -5  -5  -5  -3  -3   1    3   0   0   1   0   1   0   1   0  14  45   0  12  11   1   1   1   0   1   8  1.22 0.64
  104 R    -1   0   1   0  -5   0   1  -1  -2  -1  -4   1  -3  -4   0   1   3  -6  -2   0    6   4   6   6   0   4   9   6   1   3   1   9   1   1   4  11  21   0   1   6  0.29 0.28
  105 A     4  -3  -5  -5  -2  -3  -5  -2  -3  -2  -2  -5  -3  -1   6   0  -1   0  -4  -1   31   1   1   1   1   1   1   4   1   2   4   0   1   2  33   6   4   1   1   5  0.95 0.62
  106 F    -2   2  -1  -4  -4  -2  -1  -2   6  -3  -3   5  -2   1  -5  -3  -4   0   3  -3    3   9   3   1   0   1   4   3  15   2   3  31   1   6   0   2   1   1  10   2  0.80 0.50
  107 K    -3   1  -3  -3  -8  -2   3  -3  -1  -4  -5   6  -2  -8  -4  -1   2  -2  -4  -4    2   6   1   1   0   1  15   2   2   1   1  48   1   0   1   4  13   1   1   1  1.13 0.69
  108 L     0  -4  -3  -7   0  -4  -6  -5  -2   3   4  -6   3   0  -7  -3  -3   1   2   3    7   1   1   0   2   1   0   1   1  15  36   0   6   3   0   2   1   2   6  17  0.75 0.45
  109 G     5  -3  -3  -3  -3  -2  -2   3  -2  -3  -4  -2   0  -4  -4   0   0  -1   0  -2   40   2   1   1   1   1   2  22   1   2   1   2   3   1   1   7   5   1   4   3  0.68 0.48
  110 V     4  -2  -2  -3   2  -2  -3   2  -3  -1  -3  -2  -2  -2  -5   0   1  -6  -2   3   30   3   1   1   4   1   1  14   1   2   2   2   1   2   0   5  10   0   2  18  0.46 0.37
  111 I    -1  -1  -3  -4  -3  -1  -3  -3   0   4   3  -2   2   1  -4  -2  -1   1   2   0    4   4   1   1   1   2   1   2   2  25  24   2   5   5   1   2   3   2   7   4  0.45 0.31
  112 L    -1  -3  -3  -4   0  -1  -3  -3  -2   3   0  -4   0  -1  -1  -1   2  -6  -1   4    5   1   1   1   2   3   1   2   1  14   6   1   3   2   3   5  15   0   2  32  0.51 0.38
  113 P     0   2  -3   1  -3   0   0  -3  -2  -2  -2   2  -2  -3   3  -1   0  -1  -1   1    7  11   1   8   0   3   7   2   1   2   4  12   1   1  17   5   7   1   2   9  0.27 0.25
  114 V     1  -5  -7  -5  -1  -4  -5  -5  -6   4   1  -6   3   2  -4  -4  -2   2   1   4   10   1   0   1   1   1   1   1   0  22  13   0   6   7   1   1   2   3   4  26  0.74 0.45
  115 T    -2  -4  -2  -3  -2  -6  -4  -3  -2  -8  -8  -3  -7  -8   0   6   4  -8  -4  -7    2   1   2   2   1   0   1   2   1   0   0   2   0   0   5  55  27   0   1   0  1.52 0.92
  116 K    -2   4   4   2  -6   1   1  -4  -1  -3  -3   1  -1  -3  -4  -1  -2  -2  -2  -2    4  24  20  10   0   5   9   1   1   2   3   8   2   1   1   4   3   1   1   3  0.58 0.42
  117 E    -1   0  -1   1  -8   3   6  -5  -2  -5  -5   0  -3  -8  -6  -1  -3  -1  -3  -5    4   5   3   6   0  12  51   1   1   1   1   6   1   0   0   4   2   1   1   1  1.16 0.72
  118 F    -1  -6  -4  -2  -3  -3  -5  -6  -4   0   5  -4   3   3  -6  -3  -2   1  -1   1    5   0   1   3   0   1   1   0   0   4  50   1   7  11   0   2   2   2   2   9  0.86 0.52
  119 L     0  -1  -4  -4  -5  -2  -3  -5  -3   2   4  -2   2  -1  -6  -3  -2  -1  -2   2    8   3   1   1   0   2   2   1   1  11  45   2   5   2   0   2   2   1   1  12  0.65 0.42
  120 N     0   3   2   1  -5   2   3  -3  -1  -2  -1   0   1  -4  -4  -2  -1  -5  -2  -3    8  15  10   9   0   8  22   1   1   3   5   6   4   1   0   2   4   0   2   2  0.39 0.33
  121 Y    -2  -1   0   7  -7   3  -3  -5  -1  -7  -4  -4   0  -2  -6  -2  -3   0   1  -5    4   3   4  54   0  14   1   1   1   0   2   1   3   2   0   3   2   1   4   1  1.34 0.77
  122 T     3  -2   1  -2  -1  -2  -2  -1  -1  -3  -3  -3  -2  -3  -2   4   2  -6  -2  -2   20   2   7   2   1   2   2   4   2   1   2   2   1   1   2  34  11   0   1   2  0.58 0.47
  123 Y     1  -1   1   1  -1   1   0   0  -1  -1  -1  -1   0  -1   2   2   0   2   0  -1   10   2   6   7   1   6   6   6   1   4   5   3   2   2  10  15   4   3   3   4  0.11 0.14
  124 S     0  -2  -1  -1  -3  -1   0   0  -1   2   0  -2   0   2   2   0  -1   0   0   1    9   2   3   3   0   2   5   6   1  12   7   2   2   9  13   8   3   1   3   9  0.12 0.13
  125 Q     2  -2   3   4  -5   0  -1   1  -1  -3  -3  -2  -2  -6  -1   0  -2  -6  -5  -2   19   2  13  25   0   4   3  11   1   1   2   2   1   0   3   6   2   0   0   2  0.54 0.42
  126 F     0   0   0   0  -2   1   0   0  -1   0   0   0   1   0   1   0   0  -2   1   0    6   6   6   6   0   6   6   6   0   6   6   6   6   6   6   6   6   0   6   6  0.03 0.06
  127 F    -1   0  -1   1  -3   1   2  -1  -2   0   0  -1   0   0  -1   0  -1   3   1  -1    6   4   3  10   0   6  20   4   0   7   7   2   3   5   2   5   4   4   5   5  0.12 0.16
  128 E     1   0   1   2  -3   1   1   0  -2  -1  -2   0   0  -3  -1   1   1  -4  -3  -1   14   6   9  11   0   7   8   7   0   2   3   5   3   0   3  10   7   0   0   6  0.14 0.16
  129 E     0  -1  -2  -1  -3   0   1  -3   0   1   1  -2   2   2  -3  -2  -1   2   3   0    8   3   1   3   0   5  11   1   2   9  15   2   5   8   1   2   4   3  10   8  0.16 0.19
  130 M    -2  -5  -4  -6  -1  -3  -5  -4  -5   4   3  -3   3  -1  -5  -4  -2  -5  -1   4    2   0   1   0   1   1   0   1   0  23  29   1   6   3   0   1   2   0   2  26  0.83 0.49
  131 K     1   4  -1  -3  -2   2  -1   0  -3  -1  -1   1   1  -3  -2   0   0  -2  -4   0   14  21   3   1   1  10   4   6   0   4   5   8   5   1   1   6   6   1   0   6  0.25 0.26
  132 P     0   2   3   3  -5   2   1  -1  -1  -3  -3   0   0  -3   0   0   0  -5  -2  -3    7  13  14  14   0   8   9   4   1   1   2   5   2   1   5   7   6   0   1   2  0.31 0.28
  133 M     0   1   0   4  -2   1   1  -1   0  -1  -1   0  -1  -3  -3   0  -1  -1  -2  -2    9   7   3  26   1   5   9   4   2   4   6   6   2   1   1   6   3   1   1   2  0.28 0.25
  134 I    -1  -5  -5  -4  -1  -3  -3  -4  -2   3   4  -5   4   3  -5  -3  -2   1  -2   1    5   0   0   1   1   1   2   2   1  14  36   0  12  11   0   1   2   2   1   7  0.68 0.44
  135 A     3  -1  -1  -3  -3  -1  -1   1  -3   1   0  -2   1  -2  -1   0  -1  -4  -1   1   31   4   3   0   0   2   3   9   0   8   7   2   3   2   4   7   4   0   2  11  0.22 0.26
  136 E     0   2   0   1  -4   1   2  -1   0  -2  -2   1  -1  -1  -2  -1   0   2   1  -2    9  14   5   6   0   6  14   4   2   2   2  10   2   2   2   4   7   3   5   2  0.18 0.20
  137 A     3  -1  -1   0   2   1  -1   0   0  -1  -2  -1   0  -1  -3   1  -1  -3   0  -1   27   4   3   5   4   7   4   6   3   3   3   4   3   3   0   8   3   0   3   4  0.11 0.21
  138 F     0  -2   0  -2   2   0   0   0   2   0   0  -2   1   1  -3   0   0   4   1   0    6   0   6   0   6   6   6   6   6   6   6   0   6   6   0   6   6   6   6   6  0.06 0.16
  139 Y     4  -1  -2  -2  -4  -1  -2   2  -1  -1  -3  -2   0  -5  -4   1  -1   0  -1  -1   43   3   2   2   0   2   2  15   1   3   2   2   2   0   0  10   4   1   2   4  0.56 0.47
  140 K     0   2   0   0  -4   2   0  -2   0  -1   0   1   0  -1  -3  -1   0   1  -1   0    8  14   3   5   0   9   5   3   2   3  11  11   2   2   0   2   5   3   2   7  0.10 0.17
  141 K     2   1  -1  -2   0   0   1   0  -1  -2  -1   2   0  -1  -3   0   0   0  -1  -2   23   6   2   2   2   4  11   5   1   2   6  15   2   3   0   5   5   1   2   3  0.18 0.23
  142 F    -1  -3  -5  -4  -2  -1   3  -4  -2   3   2  -3   1   3  -5  -3  -2  -1  -2   2    4   1   0   0   1   3  20   1   1  18  19   1   4  11   0   1   2   1   1  12  0.47 0.38
  143 D    -3  -4   0   7  -7  -2   2  -1  -5  -7  -5  -5  -1  -7  -3  -3  -3  -1  -7  -5    3   1   4  62   0   2  12   5   0   0   2   0   2   0   2   2   2   1   0   1  1.56 0.85
  144 E     1   1   1   0  -3   1   1  -1  -1  -2   0   2  -1  -2  -2   0   0   1   0  -2   12  10   8   4   0   6   8   5   1   2   8  13   1   1   1   7   5   2   3   2  0.11 0.15
  145 A     5  -3  -2  -1  -1  -1  -2   1  -2  -3  -2  -2  -1  -3  -5   0   0  -1  -2   0   49   1   1   4   1   3   3   8   1   1   3   3   2   1   0   5   6   1   1   6  0.63 0.49
  146 G     2  -3  -4  -4   0  -2  -4   0  -2   1   0  -3   0   5  -5  -2  -1   0   0   0   21   1   0   1   2   2   0   8   1   9   9   1   2  26   0   2   4   1   2   7  0.48 0.37
  147 I    -2  -5  -3  -6  -2  -4  -6  -5  -5   4   3  -5   1   4  -6  -4  -2   1  -1   2    3   0   1   0   1   1   0   1   0  22  32   0   4  17   0   1   2   2   2  11  0.81 0.49
  148 L     0  -1   1   0   0  -1  -1   1   1  -1   0  -1   0   2  -1   0   0   1   1  -1    7   4   8   5   2   3   3  14   4   4   7   2   3   9   2   6   7   2   5   3  0.05 0.08
  149 N     0  -2   1   0   0  -2  -2   5   0  -2  -3  -1  -5  -1  -1  -1  -1  -5  -1  -2    7   2   6   4   2   2   3  45   2   2   2   4   0   3   3   3   4   0   2   3  0.61 0.42
  150 Q     0  -1   0   1  -4  -1  -1   1   3  -1  -2  -1  -3  -1   0   0   2  -4  -1  -1    8   3   5   9   0   3   3  11   9   4   4   4   0   2   5   8  16   0   2   4  0.18 0.21
  151 G     1  -2   0  -1  -4  -1  -1   4  -1  -2  -2  -1   0  -2  -1  -1   1  -5  -2  -2   14   2   4   3   0   2   3  34   1   3   4   3   2   1   3   4   9   0   2   3  0.39 0.34
  152 N     1  -1   2   1  -4  -1  -1   1  -3  -1  -3   0  -1  -4   2   1   2  -5  -4  -1   12   3  11   7   0   2   3  12   0   4   2   4   1   0   9  12  14   0   0   3  0.25 0.26
  153 N     1  -1   3   1  -4   0   1   1  -1  -2  -3   1  -2  -3  -1   2   1   0  -3  -2   12   2  15   6   0   3   8  11   1   2   1   7   1   1   2  15   8   1   1   2  0.25 0.26
  154 P    -1  -3   0  -1  -6  -1  -2   0  -5  -3  -3  -1  -2  -2   6  -2   0   1  -2  -1    5   1   5   3   0   3   3   7   0   2   3   5   1   2  44   2   7   2   1   4  0.89 0.58
  155 F     1  -1  -1  -2  -3   0   0  -2  -2  -2   0  -1   0   2   2  -1   2   1   0   0   12   4   3   3   1   5   5   4   1   2  10   3   2  10  11   3  11   2   3   6  0.15 0.16
  156 G     0  -2   1  -2  -8  -2  -3   5  -2  -3  -5  -1  -2  -2   4  -1   1  -9  -4  -2    7   2   6   3   0   2   2  34   1   2   2   4   1   2  17   4   7   0   1   3  0.69 0.49
  157 K     0  -1  -2   0  -2  -2  -2   3  -6   1   0   1  -1   0  -2  -2   1   2  -3   0    7   3   2   5   1   2   3  23   0   8   9   7   1   4   3   3   9   3   1   7  0.23 0.18
  158 S     0  -2   0  -3  -2  -3  -3   3  -1   1   1  -1   1  -1  -1   1  -2  -1  -1   0    7   3   5   2   1   1   2  22   1   9  12   3   3   3   4   9   3   1   2   6  0.22 0.17
  159 I    -1  -3   2  -2  -2  -3  -4   0  -2   3   2  -3   0  -1  -1  -2   1  -1  -3   2    6   1   8   2   1   2   1   7   1  16  20   2   2   2   4   3   8   1   1  12  0.30 0.21
  160 A     1  -1   1   0  -2  -1  -2  -1   0  -1   1  -2   0   0   1   0   1   0   1   0   14   4   6   5   1   2   3   6   2   4  12   2   2   4   7   6   9   2   4   6  0.08 0.10
  161 Q     1  -2   2   1  -2   2  -1   1  -1  -2  -2  -1  -1  -3   0   1   1  -1   0  -2   11   2   9   7   1   8   4  12   2   2   4   4   2   1   5  10   9   1   3   3  0.16 0.18
  162 S    -1   0   0   0   2   0   0  -1   2   0  -1   0   2   1   0  -1   0   4   1  -1    5   5   5   5   5   5   5   5   5   5   5   5   5   5   5   5   5   5   5   5  0.09 0.08
  163 I     2  -3  -2  -1  -2  -2  -2  -1  -2   3   0  -2  -1  -2  -1  -1   2   0  -2   3   15   1   2   3   1   2   3   6   1  15   7   2   1   1   3   5  12   1   1  19  0.25 0.25
  164 E     1  -3   1   1  -2  -1   0   2  -1  -1  -2   0  -2  -2   0   0   1  -1  -2   0   14   1   7   7   1   3   6  16   1   3   4   5   1   1   5   7  10   1   1   8  0.15 0.18
  165 K     2  -2   0   0  -3   0  -1   0  -2   1  -1   0  -2  -2  -1   0   2  -5  -2   1   18   1   4   6   0   4   4   7   1   7   5   6   1   1   2   7  15   0   1   9  0.16 0.20
  166 T     1  -3   1  -2  -2   0  -1   2  -2  -1  -2  -2  -4  -2  -1   0   3  -2  -3   2   13   1   6   2   1   4   4  16   1   4   3   2   0   1   3   8  17   1   1  13  0.26 0.28
  167 N     0  -2   3   0  -5  -1  -1   1   1  -1  -3  -1  -2  -2   0   1   2  -5  -2   0    9   2  13   5   0   3   3  11   3   4   2   3   1   1   5  11  14   0   1   8  0.22 0.25
  168 K     1   0   2  -1  -4  -1  -2   1  -1  -1  -1   0  -1  -1  -2   1   2  -1  -1   1   13   4   9   3   0   2   2   9   1   4   5   7   1   3   1   8  12   1   2  10  0.11 0.15
  169 V     2  -3  -2  -1  -4  -1  -2   1  -2   1  -1  -2  -2  -1  -1   0   2  -2  -2   2   15   1   2   4   0   3   2  13   1   8   6   2   1   2   3   6  13   1   2  17  0.22 0.24
  170 I     2  -3   0  -1  -3  -1  -1   0  -1   0  -2  -2  -1  -1  -1   1   3  -2  -2   1   19   1   4   4   0   2   5   6   2   5   4   2   1   2   3   8  18   1   1  12  0.23 0.26
  171 K     2  -2   1   0  -4  -2  -1   2  -2  -2  -1  -1  -2  -1  -1   1   1  -1  -2  -1   20   1   7   5   0   1   4  14   1   2   5   3   1   3   3  11  11   1   1   5  0.21 0.23
  172 G     3  -4  -1   0  -6  -3  -2   4  -3  -4  -3  -2  -3  -4  -2   0   3  -2  -3  -3   20   1   2   6   0   1   3  30   1   1   3   2   1   1   2   8  15   1   1   2  0.57 0.45
  173 D     3  -3   1   3  -5  -1  -1   1  -1  -3  -3   0  -2  -2  -1   0   2  -2  -3  -2   21   1   6  14   0   3   3  10   1   1   3   5   1   1   3   8  14   1   1   3  0.31 0.31
  174 F     1  -4  -1   0  -2  -3  -3  -1  -3   3   1  -2  -1   0   2  -1   2  -2  -1   1   12   0   3   5   1   1   2   6   1  16  11   2   1   3  10   5  11   1   2   9  0.21 0.22
  175 T     0  -4   3   2  -3  -2  -3  -1  -2  -2  -2  -2  -2  -3  -2   1   5  -3  -1  -1    8   1  12  10   0   2   1   5   1   3   4   2   1   1   2  10  30   0   2   5  0.49 0.43
  176 Q     2  -3  -2  -2  -5  -3  -2  -1  -3  -1   0  -2  -2   2  -2  -1   0   6   5  -1   18   1   2   3   0   1   2   4   1   4  11   2   1   6   3   4   6  10  17   4  0.48 0.39
  177 D     2  -4   0   6  -7  -2   0  -2  -3  -3  -5  -2  -4  -5  -1  -1   0  -8  -5  -4   15   1   4  48   0   2   6   3   1   2   1   3   0   1   3   4   5   0   0   1  1.08 0.71
  178 N     0  -1   2   3  -1   0   1  -1   0  -1  -1  -1   0   0   0  -1   0   1  -1   0    7   2   9  17   2   3   7   5   2   4   7   3   2   4   6   4   6   2   2   6  0.10 0.13
  179 I    -1  -2  -2  -1  -4  -2  -2  -2  -1   3   2  -2   1   2  -2  -2  -1   1   0   1    5   2   2   4   0   2   2   3   2  17  22   2   3  10   2   3   4   2   2  11  0.24 0.21
  180 I     1  -1   0  -1   0  -1  -1  -2   0   2   1  -1   1  -1  -4  -1   0   1   0   2   13   3   4   3   2   3   3   3   3  10  14   3   4   2   0   5   5   2   3  15  0.10 0.13
  181 D     2  -2   1   5  -5   0   1   0  -1  -3  -3   0  -1  -2  -3  -1  -1  -1  -2  -3   16   2   7  28   0   4   9   6   2   2   3   6   1   2   1   4   4   1   2   1  0.42 0.37
  182 L     3  -2  -2  -2  -1  -2  -3  -2  -2   1   2  -2   3   0  -2  -1  -1  -5   0   1   24   2   2   2   1   1   2   3   1   6  21   2   8   4   2   3   4   0   3   9  0.28 0.28
  183 E    -1  -1  -2  -1   0   1   2  -2  -1   2   0  -1   2   1  -2  -2  -1   2   3   0    6   3   2   4   2   6  11   3   2  10   7   4   6   5   2   3   4   3  10   8  0.18 0.15
  184 A     2  -1   0   0  -6   0  -1   2   2  -2  -1  -1   0  -1  -2   0   0   1   3  -2   16   3   4   5   0   4   4  13   5   2   6   4   2   3   2   6   6   2   9   3  0.19 0.18
  185 L     1   1  -1  -1   0   0  -1  -2   0  -1   1   1   2   0  -2   1   0   1  -1   0   14   7   2   3   2   3   5   3   2   4  13   8   4   4   2  11   5   2   2   6  0.09 0.10
  186 L    -1  -2  -3  -4   0  -3  -4  -3  -2   3   3  -4   3  -1  -4  -3  -2  -8  -2   4    6   2   2   1   2   1   1   2   1  14  25   2   6   3   1   2   3   0   1  24  0.63 0.37
  187 E    -1   0   0   0   2   0   0  -1   2   0  -1   0   2   1   0  -1   0   4   1  -1    5   5   5   5   5   5   5   5   5   5   5   5   5   5   5   5   5   5   5   5  0.09 0.08
  188 D     2  -2   2   3  -6   1   1  -1  -1  -1  -4  -1  -2  -6   1   0   0  -6  -3  -2   19   2  11  14   0   6   9   5   1   4   2   4   1   0   6   6   6   0   1   2  0.33 0.32
  189 D     3  -1   2   1  -2   0   0   0   0  -2  -3   0  -1  -2   1   0  -1  -5  -1  -1   23   4  11   7   1   5   6   7   2   2   3   5   1   2   6   7   3   0   2   5  0.20 0.23
  190 E    -1  -1   5   2  -1  -3  -1   2   0  -2  -4  -1  -2  -2  -3  -1  -3  -1   4  -3    5   3  22  10   1   1   4  18   2   2   2   4   1   1   2   4   2   1  14   2  0.56 0.43
  191 L     1   2  -2  -2  -4  -1  -1   1   0  -1   0  -1   1   0  -1  -1  -1   0   3   0   13  12   2   2   0   2   3   9   2   4  11   4   3   4   3   4   4   1   9   8  0.11 0.15
  192 E     1   0   1   2  -4   1   1   0  -1  -2  -2   0   0  -2   1   1   0  -1  -2  -2   10   5   7  13   0   5   8   8   1   3   4   6   3   1   7   9   7   1   1   2  0.14 0.17
  193 A     1  -1   3  -2  -1  -3  -3   0  -2  -1  -1  -2   1   0   3   0   0  -1  -2   1   11   4  14   2   1   1   1   8   1   4   6   2   4   3  13   6   5   1   1  10  0.20 0.22
  194 N     2  -2   3   0  -1  -2  -2   1  -1  -3  -2  -2   0  -3  -1   1   3  -1  -3  -3   17   2  15   5   1   1   2  10   1   1   3   2   3   1   3  10  17   1   1   2  0.37 0.35
  195 A     3  -1  -1  -2  -1  -2  -4   3  -2  -2  -4  -1  -3  -4  -4   0   0   0  -1   2   26   3   2   2   1   2   1  24   1   2   1   3   1   1   1   7   5   1   2  13  0.50 0.40
  196 F    -2  -5  -5  -9  -3  -4  -9  -5   0   1  -2  -5   0   5  -5  -5  -3  10   3   0    4   1   1   0   1   1   0   1   2   7   3   1   3  23   1   1   2  32  10   6  1.74 0.95
  197 I     1  -5  -7  -7  -2  -4  -7  -4  -7   4   2  -7   1   0  -5  -5  -2  -1   0   4   13   1   0   0   1   1   0   1   0  22  21   0   3   4   1   0   3   1   3  25  0.85 0.52
  198 S     2  -5  -4  -6  -1  -4  -5  -1  -3   0   1  -4   7   1  -5   0   2   0  -2   0   15   1   1   0   2   1   1   5   1   5  10   1  28   5   0   6  12   1   1   5  0.81 0.56
  199 K     0   0   5   1  -7  -2  -4  -2   4  -4  -5  -1  -3  -5  -2   3   0  -3  -3  -5    7   5  24   9   0   1   1   3  10   1   1   3   1   0   3  22   6   1   1   1  0.74 0.55
  200 T    -1   2   0   0  -8  -2  -2  -2  -4  -4  -5  -2  -1  -4   6   0   0  -8  -4  -3    6  12   5   5   0   2   3   3   1   1   1   3   2   1  39   8   7   0   1   3  0.88 0.64
  201 Q     1   3   0   0  -5   1  -1   0  -3  -3  -3   2  -1  -3  -3   1   2   1  -4  -2   12  14   4   6   0   6   3   7   0   1   3  11   2   1   1  10  13   2   0   3  0.27 0.28
  202 N     0  -2   0  -2  -3  -1  -3  -2  -4   0   0  -3   3   0  -3  -1   4  -3  -1   2    8   2   4   2   0   3   1   3   0   5   9   1   6   4   1   4  27   0   2  14  0.41 0.36
  203 R     2   3  -2  -3  -3  -1   0  -3   0  -1   0   1   2   1  -3  -2  -3   4   0  -2   15  18   1   1   1   3   8   2   2   4  10   9   4   6   1   2   1   5   4   2  0.29 0.28
  204 S     2   0   1  -3  -3  -1  -2   2  -1  -2  -1   0   0  -2   0   0   1   3  -2  -2   17   5   6   1   1   3   2  15   2   2   6   7   2   2   5   6   9   4   2   3  0.19 0.21
  205 L     2   0  -1  -1  -3   1   0  -2   0   0   0   1   0   1  -1   0   1   0   0   0   17   4   3   3   0   7   4   2   3   6   9   8   3   5   2   6   8   1   3   5  0.06 0.12
  206 L    -1  -3  -3  -6  -1  -2  -4  -4  -2   2   5  -3   3   2  -6  -3  -3  -1   0   0    6   1   1   0   1   2   1   1   1   9  48   2   7   7   0   2   1   1   3   5  0.77 0.51
  207 R     1   4  -1   0  -2  -1  -1  -1  -1  -1   0   2   2  -2  -3   0  -1  -1  -1  -1   13  21   3   5   1   2   3   4   1   4   8  12   5   1   1   6   2   1   2   4  0.22 0.24
  208 K     0   0   1  -1  -2   1  -1   1  -1  -2   0   3   0  -2  -2   0   2  -5  -2  -2    7   5   6   4   1   5   3  11   1   1   8  19   2   1   1   6  14   0   1   3  0.19 0.23
  209 I     1  -2  -2  -3  -4   0  -2  -3  -2   1   3  -2   3   0  -2   0   1   0  -2   0   12   3   2   1   0   4   3   2   1   7  29   2   8   3   2   6  10   1   1   5  0.27 0.27
  210 V     0   3  -2  -2  -2   1  -1  -1  -1  -2  -1   4  -1  -2  -1  -1   2  -5  -2   0    9  15   1   2   1   5   2   4   1   2   5  23   1   1   3   3  12   0   2   6  0.31 0.32
  211 D    -2   0   2   6  -6   0   0  -2   0  -3  -3   1  -5  -2  -3  -2   0  -1  -2  -2    3   5   8  38   0   4   6   3   2   2   3   8   0   2   1   3   6   1   1   3  0.62 0.46
  212 P     2  -3   0   0  -4  -1  -2   2  -2  -2  -3  -1  -2  -3   3   1   2  -5  -1  -1   17   1   4   5   0   3   2  16   1   2   3   4   1   1  14  10  11   0   2   4  0.30 0.29
  213 E     0  -2   4   2  -4   0  -1  -1  -2   0   0  -2  -1  -2  -3   0   2  -5  -2   0    8   2  19  11   0   5   2   5   1   5   8   2   2   1   1   8  12   0   1   6  0.22 0.27
  214 T    -1  -3   1  -1  -5  -2  -2   5  -3  -4  -2  -3  -1   0  -5   0   1   0   0  -3    4   1   7   4   0   2   3  42   1   1   3   2   2   4   0   5  10   1   4   1  0.63 0.48
  215 K     0   2   2  -1  -4   2  -1   2  -1  -2  -3   0  -1  -2   0   0   0  -2  -2  -1    7  11  12   3   0  11   2  17   1   2   2   4   2   1   4   8   6   1   1   5  0.23 0.25
  216 E     0  -1   0   1  -5   1   0   1  -1  -3  -3  -1  -2  -1   4  -1   0  -5   0  -2    8   3   5   7   0   7   5  10   1   1   3   4   1   3  24   5   6   0   4   3  0.36 0.32
  217 R     0   0  -1   0  -3  -1   0   0  -2   0   1  -1   0   0   1   1   0  -1   1   0    6   7   3   6   0   2   5   7   1   6  15   2   2   3   7  12   4   1   6   5  0.05 0.10
  218 I     0  -2  -1  -3  -4  -2  -3  -2  -4   3   2  -2   2   4   0  -3  -2  -1   2   1    7   2   3   1   0   2   1   3   0  15  17   2   4  15   5   2   2   1   6  10  0.32 0.26
  219 Y     1  -1  -1  -3  -1   1  -2  -1  -1  -1   0  -2   1   2   1  -1   1   3   2   0   12   3   2   1   1   8   2   4   1   4   8   2   4   8   8   4   9   5   8   5  0.15 0.20
  220 D     0  -2   0   3  -4   0   2   1  -1   0  -1  -2   0  -3   0   0  -1   0  -3  -2    9   2   5  20   0   5  11  11   1   5   7   2   2   1   5   5   4   2   1   3  0.21 0.23
  221 R     0   0   0   0  -3   0   0   1   0  -1  -1   0   1  -1   2   0   0   3  -1   0    8   5   4   5   0   5   7  13   2   4   5   4   5   2  10   6   4   4   2   6  0.09 0.11
  222 N     0  -1   1   0   0   0   0   1   0  -1  -2   0   0  -1   2   1   1   1  -1  -1    9   3   8   6   2   4   4  10   2   4   4   4   3   2   9   9   8   2   2   5  0.08 0.10
  223 S     0   0   0   0  -4   0  -1   1  -3  -1  -2  -1   2  -1   2   0   0   1  -1   0    9   4   4   7   0   5   4  12   0   3   4   3   5   3  12   8   6   2   3   7  0.12 0.15
  224 D    -1   1   2   2  -4   0   0   3  -1  -2  -2  -1  -1  -2   1   0  -1   0   1  -2    6   7  11  10   0   4   5  20   1   2   4   3   2   2   6   5   4   1   5   2  0.20 0.21
  225 S     0   0   0  -1  -4   0   0   0  -1  -2  -2  -1   1  -1  -1   2   3  -5  -1  -1    6   5   4   4   0   5   7   8   1   2   4   4   4   2   3  13  23   0   2   4  0.22 0.27
  226 L    -2  -2  -3  -6  -5  -3  -4  -1  -5   3   4  -3   0   1  -2  -2   0   0  -2   1    3   2   1   0   0   1   1   5   0  17  39   1   2   7   2   3   5   1   1   8  0.56 0.39
  227 D    -1  -1   2   1  -2  -2  -1  -2  -1  -2   2  -1   1   1  -1  -1   0   1   2  -2    5   3  12  10   1   2   3   2   1   1  22   3   3   7   3   5   6   2   7   2  0.19 0.22
  228 G    -2  -1   0  -2  -3   0  -3   6  -3  -3  -3  -3  -3  -4  -4  -2  -2  -7  -4  -3    3   3   4   2   1   5   1  62   1   2   3   2   1   1   1   3   2   0   1   2  1.23 0.73
  229 L    -1   1  -1  -3  -1  -1  -2  -2  -1   1   1   0   0   2  -3  -1   0   0   3   1    5   9   3   1   2   3   2   3   2   6  13   6   3   8   1   3   5   1  13  12  0.16 0.17
  230 P    -2   0  -2  -4  -7  -2  -3  -2  -7  -4  -5  -2  -7  -7   7  -1  -1  -7   0  -3    4   6   2   1   0   2   2   4   0   1   1   3   0   0  58   4   5   0   3   2  1.52 0.90
  231 V     0  -4  -1  -4  -1  -5  -4  -4  -5   3   1  -4   1  -1  -1  -1   0  -5   0   4    7   1   3   1   1   0   1   1   0  14  11   1   3   3   3   5   7   0   3  34  0.53 0.37
  232 V     0  -1   1  -1  -4  -1  -1  -3   0   1   0  -1   0   1   0   0   1  -1   3   1    6   4   8   4   0   2   4   1   2   8   7   2   2   5   5   5   9   1  12  12  0.13 0.16
  233 N    -1  -1   1   0  -2   0   0  -1  -1   0   0  -1   0   2  -2   0   1   1   1   1    4   3   8   5   1   4   8   5   1   4   9   3   2   9   2   5  10   2   5  11  0.07 0.11
  234 L    -1   0   0   0   2   0   0  -1   2   0  -1   0   2   1   0  -1   0   4   1  -1    5   5   5   5   5   5   5   5   5   5   5   5   5   5   5   5   5   5   5   5  0.09 0.08
  235 K     0   0   0   0   1   0   0   0   1  -1  -2   1   1  -1   2  -1   0  -5   0   0    7   5   5   5   3   5   6   7   3   3   4   9   4   3  11   5   6   0   3   8  0.09 0.09
  236 S     1  -2   2   2   0  -1  -1   2   0  -2  -3  -1   0  -2   1   2   0  -5  -1  -1   11   2   8  11   2   3   3  15   2   2   2   3   2   2   6  13   5   0   3   3  0.18 0.20
  237 S     2  -2   1  -1   0  -2  -3   0  -1  -1  -2  -3   4  -1  -2   1   2   2  -2   1   15   2   7   4   2   2   2   8   2   3   3   2   9   3   2  10  12   2   2   8  0.24 0.21
  238 N     1  -3   1   2  -1   1  -1   1   1  -3  -2  -3  -2  -3   3   0   1  -1  -1  -2   13   2   6  10   1   6   5  12   3   1   5   2   1   1  12   6   7   1   3   3  0.22 0.22
  239 L     1  -1   1   1   1  -1  -1   0   1   0  -1  -1   0   0  -1   0   0   2   0   1   12   3   7   8   3   3   4   6   3   5   6   4   3   4   4   5   7   3   3   9  0.04 0.05
  240 K    -1  -1   2   2  -6  -1   0   0  -5  -1  -2   0   1  -1   1  -1   1   2   0  -1    6   4   8  13   0   3   6   8   0   3   4   6   3   3   8   5  10   3   3   4  0.17 0.17
  241 R     1   0   0   0   0   0   0  -1   0  -1  -1   2   0  -2   0   0   0  -4  -1   0   16   4   4   6   3   3   7   4   2   3   5  12   2   2   4   8   7   0   2   6  0.08 0.11
  242 G     1  -1   0   0   0  -2  -2   3   0  -2  -3  -1  -1  -2  -1   2   1  -5  -1  -1   14   3   4   4   2   2   2  21   2   2   2   4   1   2   3  14  11   0   2   4  0.25 0.24
  243 E     0   0   0   1  -1   0   1  -2   0  -2   0  -1   0  -1   2   0   2   0  -1   0    6   6   5   9   1   4   8   2   2   2   9   3   2   3   9   7  12   2   2   6  0.09 0.12
  244 L     1  -3  -5  -3  -1  -3  -3  -1  -2   4   2  -5   2  -1  -3  -3  -2   0  -2   3   12   1   0   2   1   1   1   6   1  23  18   0   5   2   1   1   2   1   2  19  0.52 0.36
  245 I     0  -5  -3  -4  -1  -3  -4  -4  -2   4   1  -3   0   2  -3  -3  -2   3   2   2    7   0   2   1   1   1   1   2   1  27  14   2   2   8   1   2   2   4   7  15  0.54 0.37
  246 T     2  -5  -3  -4  -1  -3  -3   0  -2  -1   1  -4   1   5  -3  -2   0  -1   1   1   18   0   1   1   1   1   1   6   1   3  11   1   3  26   2   3   5   1   5   9  0.51 0.37
  247 G     1  -4  -5  -4  -2  -5  -4   6  -5  -1  -2  -4  -2  -3  -2  -2  -3  -1  -3  -1   10   1   0   1   1   0   1  60   0   3   5   1   1   1   2   3   2   1   1   4  1.19 0.67
  248 D    -2  -4   3   7  -3  -2  -1  -4  -2  -4  -5  -3  -3  -4  -2  -3  -4  -7  -6  -3    4   1  12  61   1   2   3   1   1   1   1   2   1   1   2   1   1   0   0   2  1.55 0.85
  249 F    -1  -1  -4  -4  -1  -2  -4  -2  -2  -2  -1  -2   1   6   0  -3  -2   8   0  -3    6   4   1   1   1   2   1   3   1   3   7   3   3  31   5   2   2  19   2   2  1.00 0.54
  250 D     1   1   2   1  -5  -1  -2  -1  -2  -3  -5   0  -3  -5  -2   4   1  -2  -3  -3   10   7   9   8   0   3   2   4   1   2   1   5   1   0   2  36   8   1   1   2  0.55 0.44
  251 K    -2   1   1   2  -3   3   2  -1   1  -4  -3   1  -1   0  -3   0  -1  -2   2  -3    3   7   8  10   1  16  11   5   3   0   3   8   2   4   1   7   3   1   7   2  0.29 0.28
  252 L     2  -5  -4  -4  -1  -3  -3  -2  -4   3   2  -3   1   1  -5  -2  -2  -1   3   2   15   0   1   1   1   1   1   3   0  16  22   1   3   5   0   2   2   1  10  15  0.46 0.34
  253 I     0   0  -4  -4  -2  -2  -4  -3  -2   3   2  -2   1   2  -5  -3  -2   2   3   3    9   5   1   1   1   2   1   2   1  14  16   2   3   7   0   1   2   3  10  19  0.41 0.31
  254 Y    -3  -4  -5  -5  -3  -5  -5  -4  -2   4   1  -4   1   2  -6  -4  -2   6   3   3    2   1   1   1   1   0   1   1   1  26  14   1   3   8   0   1   3   9  10  17  0.83 0.50
  255 G     2  -1  -1  -2  -6  -4  -5   6  -3  -2  -4  -3  -2  -3  -6  -1  -3  -2  -3   0   18   3   3   2   0   1   0  51   1   3   2   2   1   1   0   4   1   1   1   6  0.99 0.61
  256 I    -1  -2  -1   3  -4   0   0  -3  -4   3   0  -3   4   0  -3  -2  -1  -2   0   1    5   2   3  17   0   4   5   1   0  17   9   1  10   5   1   2   3   1   3  10  0.31 0.28
  257 P     0   5  -2   0  -4  -1  -1  -2  -2  -3  -3  -1  -2  -1   1  -1  -2   6  -1   0    7  33   2   5   0   3   3   3   1   2   2   2   1   2   8   5   2  10   2   7  0.62 0.46
  258 Q    -1   1  -1   1  -5   3   1   3  -2  -4  -2   1   0  -4  -3   1  -1  -3  -2  -3    4   7   3   9   0  13  10  21   1   1   3   7   2   1   1  10   4   0   1   2  0.32 0.30
  259 L     0   0   1   3  -5   1   0   4  -3  -3  -4  -3  -2  -4  -2   0  -2  -6  -3  -3    8   5   6  16   0   6   6  30   1   1   1   1   1   1   2   7   3   0   1   2  0.51 0.39
  260 I    -1  -2  -6  -6  -5  -4  -5  -5  -3   4   2  -4   4   0  -1  -4  -1  -2  -1   3    6   3   0   0   0   1   0   1   1  27  21   1   9   3   3   1   4   0   2  17  0.70 0.43
  261 E     0   1   0   2  -3   1   2  -1  -1  -2  -4  -2  -1  -5  -2   2   3  -3  -2  -2    8   7   4  11   1   6  15   4   1   2   1   2   1   0   2  15  16   0   1   3  0.32 0.32
  262 Y    -3  -4  -6  -5  -3  -6  -4  -5  -4   4   2  -6   2   3  -5  -3  -2  -5   3   3    2   1   0   1   0   0   1   1   0  23  18   0   4  12   1   2   2   0  10  22  0.82 0.49
  263 K     0   1  -1   3  -5   1   2  -3  -4  -3  -2   2   1  -4  -4   0   0  -5  -3  -1    8   8   2  17   0   7  15   2   0   1   4  11   3   0   0   8   6   0   1   5  0.34 0.31
  264 I    -1   1  -4  -5  -5  -3  -3  -5  -2   4   0  -2   3  -1  -3  -2   0  -5  -1   4    5   8   1   0   0   1   2   0   1  20   8   2   7   2   1   3   7   0   2  29  0.58 0.40
  265 D    -1  -2  -2   2  -5  -3  -4  -3  -2  -1   2  -3  -2   0  -5   5  -1  -3  -3  -1    5   2   1  13   0   1   1   2   1   3  19   1   1   4   0  37   4   0   1   3  0.59 0.50
  266 E    -3   3   1   4  -6   0   2  -3  -2  -4  -5   0  -2  -4  -2  -1   3  -6  -4  -3    2  17   6  26   0   3  11   1   1   1   1   5   1   1   2   4  16   0   1   2  0.63 0.47
  267 T    -2  -1  -1   2  -3   3   5  -3   0  -5  -5  -2  -5  -4  -4   1  -1  -1   0  -3    3   3   3  12   1  15  33   2   2   1   1   2   0   1   1  10   4   1   3   2  0.68 0.51
  268 A     5  -2  -4  -2  -4  -3  -3   2  -4  -2  -3  -3  -2  -2  -1  -1   0  -5  -2   0   47   2   0   2   0   1   1  16   0   2   3   1   1   2   3   4   6   0   1   6  0.69 0.48
  269 Q     0  -1  -1  -1  -3   1  -1   0  -1  -2  -2  -1  -2  -1  -2   2   4  -2   1   0    8   3   2   3   0   6   4   6   1   2   3   3   1   2   1  15  27   1   6   6  0.30 0.27
  270 L    -1  -1  -2  -2  -2  -1  -1  -2  -1   3   2  -2   0   1  -1  -1   0  -1   1   2    4   2   2   2   0   2   5   2   1  18  21   3   2   6   3   3   4   1   5  13  0.18 0.13
  271 S     0   0   0   1  -2   1   0   0   0  -1  -2   0  -1  -2  -1   2   2  -2  -1   0    6   6   3   8   0   8   6   8   2   3   4   5   1   2   2  14  15   1   2   6  0.13 0.13
  272 T     0  -1  -1   1  -1  -1  -1  -1  -2   0  -1  -1   2   0   0   0   2  -2  -1   1    8   2   3   8   1   2   4   4   1   7   6   3   5   3   6   6  18   1   2  10  0.10 0.11
  273 V     0  -1  -1   0  -2  -1  -1   0  -1   1   0  -1   0  -1   1   0   0   0   1   1    9   3   3   6   1   2   3   9   1   9  10   4   3   2   6   7   6   1   6  11  0.03 0.04
  274 K     0   0   0   0  -2   0   0   0  -1  -1  -1   0   0   0  -1   1   1  -2   0   1    8   6   3   6   1   4   6   5   1   3   6   6   2   3   3  10  12   0   3  10  0.05 0.06
  275 N     0   0   2   4  -3  -1   0   0  -1  -2  -2   0   0  -2  -1   1   0  -1  -3  -1    7   4  10  24   0   2   5   8   1   2   4   4   2   2   4   9   6   1   1   4  0.25 0.18
  276 E     1  -1   0   1  -3   1   1   1  -2  -2  -2  -1  -2  -2   2   1   1   0  -2  -1   12   2   5   8   0   7   8   9   1   2   3   4   1   2  11  11   7   1   1   4  0.17 0.15
  277 D     0  -2   0   5  -3  -1   0   2  -2  -3  -3  -2  -2  -3  -2   0   1  -3   0  -2    9   2   4  31   0   2   4  16   1   1   2   2   1   1   2   7   8   0   3   3  0.47 0.29
  278 G     0   0   1  -2  -3  -1  -2   5  -3  -2  -3  -2  -1  -3  -1   0   0  -3  -1  -2    9   4   6   2   0   2   3  40   1   2   3   2   1   1   3   7   7   0   2   3  0.50 0.29
  279 T     0   0   1   0  -2   2   0  -1  -1  -1  -1   1  -1  -2   0   1   2  -3  -1   0    6   4   6   5   0   9   5   4   1   4   4  10   1   2   4  13  12   0   2   8  0.11 0.12
  280 P     0  -1  -2  -1  -2   0  -2   0  -2   0   1  -2   1  -1   3   0   1  -3  -1   2    6   4   1   3   0   5   2   6   1   6  14   2   5   2  14   6   7   0   2  14  0.16 0.14
  281 V    -1  -1  -3  -3  -1  -1  -3  -3   1   3   1  -2   0   0  -3  -3  -1  -1   1   4    3   4   1   1   1   2   1   3   3  15  10   2   2   4   1   2   4   1   5  35  0.44 0.27
  282 N    -2   1   5   0  -3  -2  -2  -2   2  -3  -2  -2  -2  -3  -3   4  -1  -4  -3  -2    3   7  27   5   0   1   1   2   6   2   4   2   1   1   1  30   4   0   1   2  0.66 0.41
  283 L     3  -2  -3  -4  -2  -3  -3  -2  -2  -1   4  -3   3   0  -4  -2  -1   0   0  -1   24   2   1   1   1   1   1   2   1   2  36   1   8   4   1   2   4   1   3   4  0.50 0.35
  284 F     0  -5  -7  -7  -6  -5  -5  -5  -6  -3  -2  -3   2   7  -4  -5  -4   8   1  -4    9   0   0   0   0   1   1   1   0   2   3   2   6  50   1   1   1  19   3   1  1.83 0.89
  285 E     0  -1  -2   1  -6   6   2  -2  -4  -5  -4  -2  -2  -5  -5   0   1  -6  -3  -4    7   3   1   7   0  39  15   4   0   0   2   2   1   1   0   7  10   0   1   1  0.87 0.62
  286 Q    -2   2   2   1  -3   4  -1  -3   2  -5  -3   0  -2  -3  -3   2   2  -5  -1  -4    2  11  11   8   0  18   4   1   4   0   2   6   1   1   1  13  13   0   3   1  0.45 0.39
  287 D    -2  -2   5   6  -1  -3  -2  -1  -1  -4  -5  -4  -3  -6  -6  -4  -4  -8  -5  -2    3   2  26  48   2   1   2   5   1   1   1   1   1   0   0   1   1   0   0   4  1.36 0.77
  288 M     0   1  -3   1  -1   4  -1  -3  -4  -3   1  -2   5  -4  -5   1  -2  -5  -4  -2    6   7   0   8   1  18   4   2   0   1  16   1  18   0   0  13   2   0   0   2  0.51 0.45
  289 V    -3  -3  -4  -5  -5  -3  -4  -5  -6   4  -1  -2   1   1  -6  -2   3  -4  -3   5    2   1   0   0   0   1   1   0   0  20   5   3   3   6   0   2  17   0   1  37  0.82 0.53
  290 A     6  -3  -5  -3  -4  -3  -4   2  -3  -2  -1  -4  -2  -3  -4  -1  -3   0  -2   0   58   2   0   2   0   1   0  13   1   2   7   0   1   1   1   3   1   1   2   5  0.93 0.64
  291 I    -3  -5  -5  -7  -2  -6  -6  -5  -6   5   2  -6   1   2  -6  -6  -4   0   0   4    2   0   1   0   1   0   0   1   0  28  22   0   3  10   0   0   0   1   4  28  0.99 0.56
  292 T    -6   8  -4  -6  -8  -3  -4  -5  -1  -5  -3   3  -3  -7  -7  -5  -3  -7  -5  -4    0  70   1   0   0   1   0   1   2   1   3  18   1   0   0   0   1   0   0   1  2.04 1.02
  293 C     4  -2  -4  -5   2  -2  -4  -1   1   0  -1  -3   0   0  -4  -2  -2  -3  -3   3   38   2   0   0   5   1   1   5   3   4   4   1   3   5   0   2   2   0   0  23  0.56 0.45
  294 N    -2   0  -2  -2  -5  -3   3  -4  -3   2  -2  -2  -2  -5  -1  -2   4  -3  -3   2    3   5   1   1   0   0  21   1   0  14   3   2   1   0   2   2  27   0   1  14  0.53 0.46
  295 Y     1   0  -2  -3  -1   0   0  -3  -1   0   0  -1   6   2  -4  -1  -1   0  -1   0   13   6   1   1   1   3   7   1   1   5   9   3  21  10   0   3   3   1   2   7  0.33 0.32
  296 A     1   6  -3   0  -6  -2   1  -5  -1  -5  -6  -2  -1  -2  -2  -1  -2  -3   2  -3   11  46   1   4   0   1  10   0   2   1   0   1   1   2   2   5   2   0   7   2  0.92 0.61
  297 C    -1  -3  -4  -6   1  -4  -5  -5   2   2   1  -5   2   4  -3  -4  -3   1   0   4    5   1   1   0   3   0   0   1   6  12  12   0   4  18   1   0   1   2   3  31  0.66 0.43
  298 S     3  -5   1   4  -2  -4  -3   4  -2  -5  -5  -4  -4  -6  -5   0  -2  -6  -3  -4   24   0   5  23   1   0   1  34   1   1   0   0   0   0   0   6   2   0   1   1  0.92 0.57
  299 I    -4  -6  -7  -7  -3  -6  -7  -5  -4   3  -1  -6   0   7  -7  -6  -5   6   1   2    1   0   0   0   0   0   0   1   0  19   5   0   2  43   0   0   0  12   3  14  1.48 0.70
  300 A     5  -3  -2  -3  -3  -1  -4   3  -3  -1  -2  -3   0  -5  -5  -1  -2  -6  -5   1   50   1   2   1   0   2   0  21   0   3   3   1   2   0   0   3   1   0   0   9  0.81 0.54
  301 Y    -2  -3  -5  -6  -2  -4  -5  -6  -4   3   1   0   1   3  -4  -4  -2  -2   2   5    2   1   0   0   1   0   0   0   0  14  11   6   3  14   1   0   2   0   6  39  0.71 0.43
  302 R    -5   8  -4  -5  -7   0  -4  -6  -4  -7  -6   1  -5  -7  -6  -4  -5  -7  -6  -6    0  93   0   0   0   3   0   0   0   0   0   5   0   0   0   0   0   0   0   0  2.52 0.91

                      K         Lambda
Standard Ungapped    0.1328     0.3150
Standard Gapped      0.0407     0.2670
PSI Ungapped         0.1330     0.3180
PSI Gapped           0.0407     0.2670
