
Last position-specific scoring matrix computed, weighted observed percentages rounded down, information per position, and relative weight of gapless real matches to pseudocounts
            A   R   N   D   C   Q   E   G   H   I   L   K   M   F   P   S   T   W   Y   V   A   R   N   D   C   Q   E   G   H   I   L   K   M   F   P   S   T   W   Y   V
    1 M    -2  -3  -4  -5  -3  -2  -3  -4  -3   0   1  -3   9  -1  -4  -3  -2  -3  -2  -1    0   0   0   0   0   0   0   0   0   0   0   0 100   0   0   0   0   0   0   0  1.56 0.29
    2 T     3  -2  -1  -2  -2  -2  -2  -2  -3  -2  -2  -2  -2  -3  -2   1   5  -3  -3  -1   32   0   0   0   0   0   0   0   0   0   0   0   0   0   0   0  68   0   0   0  0.70 0.17
    3 I    -2  -4  -4  -4  -2  -4  -4  -5  -4   6   1  -4   0  -1  -4  -3  -2  -4  -2   3    0   0   0   0   0   0   0   0   0  79   6   0   0   0   0   0   0   0   0  15  0.90 0.21
    4 K    -1   1   1   2  -3   2   0  -2  -2  -3  -3   3  -2  -4  -2   0   3  -4  -3  -2    0   8   4  11   0   9   3   0   0   0   0  30   0   0   0   0  35   0   0   0  0.43 0.14
    5 N    -2  -1   4  -1  -3  -1  -2   3  -1  -3  -2   2   3  -3  -3  -1  -2  -4  -3  -3    0   0  35   0   0   0   0  32   0   0   0  15  18   0   0   0   0   0   0   0  0.56 0.17
    6 F    -3  -3  -4  -5  -4  -3  -4  -4   0  -2  -2  -4  -2   5  -5  -3  -3   1   8  -2    0   0   0   0   0   0   0   0   0   0   0   0   0  31   0   0   0   0  69   0  1.55 0.28
    7 T    -1  -1  -1  -2  -3   5   0  -3  -2  -3  -3  -1  -2  -4  -2   1   4  -3  -3  -2    0   0   0   0   0  45   0   0   0   0   0   0   0   0   0  11  44   0   0   0  0.77 0.22
    8 F    -2  -3  -3  -3  -2  -3  -3  -3  -2  -1   1  -3  -1   7  -3  -2  -2   0   2  -1    1   1   1   1   0   1   1   1   0   1  12   1   0  72   1   1   1   0   1   1  0.91 0.17
    9 F    -1  -1  -1  -1  -1  -1  -1  -1  -1   0   0  -1   0   5  -1  -1  -1   0   2  -1    4   3   2   3   1   2   3   4   1   3   7   3   1  47   3   4   3   1   4   3  0.31 0.05
   10 S     0  -1   0  -1  -1   0   0  -1   0  -1  -1   0  -1   0   0   3   0  -1   2  -1    4   3   2   3   1   2   3   4   1   3   4   3   1   2   3  44   3   1  12   3  0.19 0.05
   11 P     0  -1  -1  -1  -1  -1  -1   1  -1  -2  -1  -1  -1  -2   6   0  -1  -1  -1  -1    4   3   2   3   1   2   3  14   1   3   4   3   1   2  43   4   3   1   2   3  0.62 0.05
   12 N     0   0   3   1  -1   0   0  -1   0  -1  -1   0  -1  -1  -1   1   2  -1  -1  -1    4   3  28   5   1   2   3   4   1   3   4   3   1   2   3  10  19   1   2   3  0.18 0.04
   13 S     1  -1   0  -1  -1  -1  -1   4  -1  -2  -2  -1  -2  -2  -1   2   0  -2  -2  -2   11   2   1   2   1   1   2  37   1   2   3   2   1   1   2  27   2   0   1   2  0.35 0.07
   14 T    -2  -1   2   5  -3  -1   1  -2  -2  -3  -4   1  -3  -4  -2   0   3  -4  -3  -3    0   0   8  50   0   0   4   0   0   0   0  11   0   0   0   3  25   0   0   0  0.69 0.17
   15 E    -1   3   2   2  -4   0   3  -2  -1  -4  -3   2  -2  -4  -2   1  -1  -4  -3  -3    0  22  14  10   0   0  28   0   0   0   0  16   0   0   0  11   0   0   0   0  0.49 0.12
   16 F     1  -3   2  -3  -2  -2  -3  -3  -1   0  -1  -2   1   5  -3  -1  -2  -1   3   0   14   0  14   0   0   0   0   0   0   4   0   0   7  37   0   4   0   0  14   7  0.38 0.13
   17 P    -2  -1  -2  -3  -4  -1  -2  -3  -3  -3  -3   3  -3   3   6  -2  -2  -3  -2  -3    0   0   0   0   0   0   0   0   0   0   0  32   0  18  51   0   0   0   0   0  1.13 0.21
   18 V     1  -4  -4  -4  -2  -3  -3  -4  -4   3   0  -3   0  -2  -3  -2  -1  -4  -2   5   12   0   0   0   0   0   0   0   0  11   0   0   0   0   0   0   0   0   0  76  0.78 0.23
   19 G    -1  -2  -1  -2  -2  -1  -1   1  -2  -3  -3   1  -2  -3  -2   3   4  -4  -3  -2    0   0   0   0   0   0   0  11   0   0   0  10   0   0   0  35  44   0   0   0  0.58 0.20
   20 S     3  -3  -2  -2  -2  -2  -2   1  -3  -3  -3  -2  -3  -4   5   2  -1  -4  -3  -2   38   0   0   0   0   0   0  10   0   0   0   0   0   0  33  19   0   0   0   0  0.78 0.18
   21 N     1   0   5   1  -3   0   2  -2  -1  -3  -2  -1  -2  -3  -2   0   0  -4  -3  -2   20   4  43   3   0   2  19   0   0   0   4   0   0   0   0   0   3   0   0   2  0.48 0.16
   22 N     2  -2   5   0  -3  -1   0  -1   1  -4  -4  -1  -3  -4  -2   1  -1  -4  -3  -3   29   0  50   3   0   0   4   0   4   0   0   0   0   0   0  10   0   0   0   0  0.67 0.20
   23 D    -3  -3   0   7  -5  -2   0  -3  -3  -4  -5  -2  -4  -5  -3  -2  -3  -6  -5  -2    0   0   0  96   0   0   0   0   0   0   0   0   0   0   0   0   0   0   0   4  1.69 0.33
   24 G     5  -1  -2  -3  -2  -2  -2   3  -3  -3  -3  -2  -2  -4  -2   1  -1  -4  -3  -2   66   3   0   0   0   0   0  25   0   0   0   0   0   0   0   7   0   0   0   0  0.70 0.20
   25 K    -1   2   0  -2  -3   1   0  -1  -2  -2  -3   5   0  -4  -2   2  -1  -4  -3  -2    3   6   4   0   0   5   0   3   0   4   0  54   3   0   0  18   0   0   0   0  0.48 0.17
   26 L    -1  -3  -4  -4  -2  -3  -4  -4  -4   0   5  -3   2  -1   2  -3  -2  -3  -2   0    4   0   0   0   0   0   0   0   0   0  82   0   4   0  10   0   0   0   0   0  0.79 0.22
   27 Y    -3  -3  -4  -5  -4   0  -3  -5   0  -3  -3  -3  -3   1  -5  -3  -3   0   9  -3    0   0   0   0   0   4   0   0   0   0   0   0   0   0   0   0   0   0  96   0  2.03 0.39
   28 M    -1  -2   0   0  -3   0  -2  -3   4  -1   0  -2   5   2  -3   2  -1  -3  -1  -2    2   0   3   7   0   2   0   0  18   0   5   0  28  10   0  25   0   0   0   0  0.36 0.17
   29 M     2  -3  -3  -3  -2  -2  -3  -1  -2  -1   0  -2   5   2  -3  -1   0   2   2   0   30   0   0   0   0   0   0   4   0   0   5   0  31  10   0   0   4   4   9   3  0.36 0.16
   30 L    -2  -3  -4  -4  -2  -3  -3  -4  -3   2   5  -3   1  -1  -3  -3  -2  -2  -2   0    1   1   0   1   0   0   1   1   0   8  83   1   0   0   1   1   1   0   0   1  0.75 0.18
   31 T     2  -2   1  -1  -1  -1  -1   1  -2  -2  -1  -1  -1  -2  -2   2   2  -2   0  -1   32   1   8   1   0   0   1  12   0   1   4   1   0   0   1  18  17   0   4   1  0.26 0.10
   32 G     0   0   3  -1  -3   1  -1   4  -1  -3  -3   0  -2  -3  -2   0  -1  -3  -3  -3   10   7  22   1   0   7   3  39   0   1   1   4   0   0   1   4   1   0   0   1  0.45 0.11
   33 M    -1   2   1   2   1  -1  -1  -1  -1  -1   0   1   4  -2  -2   0  -1  -2   0   0    1  14   6  13   4   0   1   3   0   1   4  10  25   0   1   6   1   0   3   7  0.15 0.10
   34 D    -1   1   1   4  -3   2   1  -2  -1  -2  -2   0  -2  -3  -2   1   2  -4  -3  -2    0   7   6  31   0  12   4   1   0   2   2   3   0   0   0  13  16   0   0   2  0.36 0.11
   35 Y    -2  -2   3  -2  -3  -2  -2  -3   0  -3  -2  -2  -2   3  -3   2  -1  -1   6  -3    0   0  19   0   0   0   0   0   0   0   2   0   0  12   0  29   0   0  38   0  0.65 0.21
   36 R     0   0  -1   0   1   0   0   2  -1  -2  -2   1  -2   0  -2   1   2  -2   1  -1    2   6   0   4   3   3   2  20   0   0   0  11   0   4   0  13  17   0   7   5  0.15 0.07
   37 T    -1  -3  -2   0  -2   0  -2  -3  -3   2  -1  -2  -1  -2  -3   0   4  -4  -2   3    0   0   0   5   0   5   0   0   0  13   0   0   0   0   0   3  36   0   0  38  0.42 0.17
   38 I    -1  -3  -4  -4  -2  -3  -4  -4  -3   4   2  -2   1   3  -4  -3  -2  -2   0   1    3   0   0   0   0   0   0   0   0  47  26   3   2  17   0   0   0   0   2   0  0.51 0.16
   39 R    -1   3   2   1  -3   0  -1  -2  -1   0  -2   2  -2  -3  -1   1   0  -4  -2   0    0  22  12   7   0   0   0   0   0   6   0  21   0   0   2  17   3   0   0  10  0.26 0.11
   40 R    -1   4  -1  -2  -3  -1  -2   3  -2  -1  -1   0  -1  -2  -2  -1  -2  -2   0   0    3  41   0   1   0   0   1  28   0   3   8   1   0   0   1   1   1   0   4   8  0.37 0.12
   41 K    -1   1  -1   0  -2   0   0   2  -1  -1  -1   3  -1  -2  -2  -1  -1  -2   1   0    3   8   0   5   0   0   4  22   0   4   6  28   0   0   1   1   2   0   7   7  0.15 0.07
   42 D    -1  -1   3   3  -3   1   1   0   4  -3  -3   0  -2  -3  -2  -1   0  -3  -1  -2    1   1  19  23   0   4   8   8  16   1   1   7   0   0   1   1   6   0   0   4  0.35 0.10
   43 W    -1  -1   1  -2  -3   2   0  -1  -2  -2  -1  -1  -2  -1  -3   0  -2   9   0  -2    6   3   8   1   0  11   5   4   0   1   5   3   0   0   1  10   1  39   0   4  0.84 0.17
   44 S    -1  -1  -1   1  -2  -1   2  -2  -2  -1   0   0   0   2   2   1   1  -2  -1  -1    0   0   0   7   0   0  17   0   0   0  10   7   3  15  10  14  13   0   0   4  0.16 0.08
   45 S     0   0   3   0  -3   0   0  -1  -1  -1  -3   1   0  -3   0   2   0  -4  -2  -2    8   4  25   4   0   2   5   0   0   4   0  14   4   0   3  25   2   0   0   0  0.29 0.11
   46 P     0  -2  -2  -2  -2  -2  -2   1  -3   1   1  -2   0  -2   5   0   0  -3  -2   1    4   0   0   0   0   0   0  10   0  13  14   0   3   0  30   7   6   0   0  10  0.40 0.09
   47 L     1  -2  -1  -2  -1  -1  -2  -2  -2   1   0  -2  -1  -2  -2   2   3  -3  -2   1   10   0   0   0   0   0   0   0   0   8  10   0   0   0   0  23  34   0   0  12  0.28 0.12
   48 N     0  -1   3   2  -2   0  -1   0  -1   0  -1   0  -1  -2  -2   1   1  -3  -2   1    4   0  21  17   0   3   0   4   0   8   3   4   0   0   0  13   7   0   0  13  0.17 0.07
   49 T     0  -2   2   1  -2  -2  -1  -2  -2   0  -2  -2  -2  -3  -2   2   5  -4  -3  -1    3   0  13   8   0   0   0   0   0   7   0   0   0   0   0  14  52   0   0   3  0.51 0.18
   50 A     3  -3  -2  -3  -3  -3  -3   5  -3  -4  -4  -2  -3  -4  -3   0  -2  -4  -4  -3   33   0   0   0   0   0   0  66   0   0   0   0   0   0   0   2   0   0   0   0  1.04 0.22
   51 L    -2  -3  -4  -4  -2  -3  -4  -4  -3   0   5  -3   1   0  -4  -3  -2  -2   2   0    0   0   0   0   0   0   0   0   0   0  86   0   0   0   0   0   0   0  10   0  0.85 0.22
   52 N    -2  -2   5   1  -3  -1  -1  -2  -1  -2  -3   0  -2  -4   2   0   2  -4  -3   0    0   0  45   8   0   0   0   0   0   0   0   4   0   0  10   4  18   0   0  12  0.53 0.17
   53 V     1   3  -2  -3  -2  -1  -2  -1  -2   1  -1   0  -1  -2  -3  -1  -1  -4  -2   3   19  29   0   0   0   0   0   3   0   9   0   6   0   0   0   0   0   0   0  34  0.31 0.14
   54 Q    -1   0  -2  -3  -2   2  -2  -3  -2   1  -1  -1   0  -1  -3   0   3   5   2   1    0   4   0   0   0  12   0   0   0   7   0   3   2   0   0   3  31  10  12  16  0.33 0.14
   55 Y    -2  -3  -4  -4  -3  -3  -4  -4  -1   3   0  -3  -1   3  -4  -3  -2  -1   5   3    0   0   0   0   0   0   0   0   0  20   3   0   0  13   0   0   0   0  32  31  0.63 0.18
   56 T     1  -2   1   4  -2   0   0   1  -2  -1  -3   0  -2  -3  -1   0   2  -4  -3  -1   15   0   8  30   0   4   0   8   0   2   0   6   0   0   2   2  17   0   0   6  0.29 0.10
   57 N     0  -2   4   1  -2  -1  -1  -2  -2  -3  -3   0  -2  -4   0   1   4  -4  -3  -2    7   0  28   5   0   0   0   0   0   0   0   5   0   0   3   9  42   0   0   0  0.52 0.17
   58 T     1  -3  -1  -2  -3  -2  -2   5  -3  -3  -3  -2  -3  -4  -3   0   4  -4  -3  -2   13   0   0   0   0   0   0  51   0   0   0   0   0   0   0   0  35   0   0   0  0.79 0.20
   59 S     1  -1  -1  -2   1   3  -1  -2  -2  -3  -3   0  -2  -4  -2   4   2  -3  -3  -2   10   0   0   0   4  21   0   0   0   0   0   5   0   0   0  46  14   0   0   0  0.49 0.18
   60 I     4  -3  -3  -3  -2  -2  -2  -2  -3   2   0  -2  -1   2  -2   0  -1  -3  -1   1   52   0   0   0   0   0   0   0   0  15   9   0   0  11   0   3   0   0   0  11  0.35 0.15
   61 I    -2  -4  -4  -4  -2  -3  -4  -5  -4   5   2  -4   0  -1  -4  -3  -2  -3  -2   3    0   0   0   0   0   0   0   0   0  50  20   0   0   0   0   0   0   0   0  30  0.70 0.18
   62 A     0  -3   1  -3  -2  -3  -3  -3  -3   4   0  -3   0  -2  -3  -2  -1  -4  -2   4   10   0  10   0   0   0   0   0   0  31   3   0   0   0   0   0   0   0   0  46  0.48 0.17
   63 G     1  -2  -2  -2   4   4   1   3  -2  -3  -1  -1  -2  -3  -3  -1  -2  -3  -3  -2   15   0   0   0  13  27  10  29   0   0   6   0   0   0   0   0   0   0   0   0  0.44 0.15
   64 G    -1  -3  -2  -3  -4  -3  -3   6  -3  -5  -5   1  -4  -5  -3  -2  -3  -4  -4  -4    0   0   0   0   0   0   0  90   0   0   0  10   0   0   0   0   0   0   0   0  1.46 0.27
   65 R    -2   7  -2  -3  -5   0  -2  -4   3  -4  -4   1  -3  -4  -4  -2  -3  -4  -3  -4    3  87   0   0   0   0   0   0  10   0   0   0   0   0   0   0   0   0   0   0  1.41 0.31
   66 Y    -2  -3  -3  -4  -3  -3  -3  -4   1   1   3  -3   3   2  -4  -3  -2   0   5  -1    0   0   0   0   0   0   0   0   3  10  34   0  11   7   0   0   0   0  36   0  0.63 0.18
   67 F    -2  -4  -4  -4  -3  -4  -4  -4  -3   3   0  -4   0   6  -4  -3  -2  -1   1   3    0   0   0   0   0   0   0   0   0  18   3   0   0  49   0   0   0   0   0  30  0.76 0.20
   68 E    -2  -1  -1   1  -4   1   6  -3  -1  -4  -4   0  -3  -3  -2  -1  -1  -3   2  -2    0   0   0   3   0   3  76   0   0   0   0   3   0   0   0   0   3   0   8   4  0.92 0.25
   69 L    -1  -3  -1  -4  -2  -3  -3  -4  -3   3   3  -3   1  -1  -3  -2  -1  -3  -2   3    3   0   6   0   0   0   0   0   0  16  37   0   0   0   0   0   0   0   0  38  0.45 0.14
   70 L    -1   0   0   0  -2   0   2  -1  -2   0  -1   1  -1  -2  -2   1   3  -3  -1   0    0   4   2   2   0   0  17   3   0   9   6  14   0   0   0   8  30   0   2   3  0.18 0.10
   71 N     0  -1   3   2  -3   2   2   1  -1  -3  -3  -1  -2  -4  -1   1   0  -4  -3  -3    6   0  23  13   0  14  18  11   0   0   0   0   0   0   2   9   5   0   0   0  0.39 0.11
   72 E    -2  -1  -1   0  -4   3   5  -3   4  -3  -3  -1   2  -4   2  -1  -2  -4  -2  -3    0   0   0   0   0  14  54   0  13   0   0   0   9   0  10   0   0   0   0   0  0.76 0.22
   73 T     1  -1  -1  -2  -2   1  -1  -2  -2  -1   0   1   0  -3  -1   2   4  -3  -2   0    8   0   0   0   0   8   0   0   0   0   7   9   3   0   2  18  38   0   0   6  0.29 0.13
   74 V    -2  -3  -4  -4  -2  -3  -4  -4  -4   4   3  -3   1   0  -4  -3  -1  -3  -2   4    0   0   0   0   0   0   0   0   0  29  30   0   0   3   0   0   0   0   0  39  0.57 0.16
   75 A     1  -2  -1  -2  -2   0   1  -2  -2   0  -2  -1  -2  -3   0   1   4  -3  -2   0   17   0   0   0   0   3  12   0   0   4   0   0   0   0   3   7  46   0   0   6  0.39 0.15
   76 L     0  -2  -3  -4  -2   1  -2  -4  -3   2   4  -2   1  -1  -3  -2   0  -3  -2   2    8   0   0   0   0   9   0   0   0   7  57   0   0   0   0   0   4   0   0  15  0.40 0.14
   77 K    -1   0   1  -2  -3   1  -1   0   0  -2  -1   1   0  -3   5  -1  -1  -4  -3  -1    2   4   7   0   0  10   0   9   3   0   6  10   3   0  36   2   3   0   0   3  0.54 0.12
   78 G     4  -2  -2  -2  -2  -2  -2   0  -3  -3  -3  -2  -2  -4   4   1   0  -4  -3  -2   59   0   0   0   0   0   0   6   0   0   0   0   0   0  20  12   3   0   0   0  0.68 0.19
   79 N    -1  -2   7   1  -3  -1  -1  -2  -1  -4  -4  -1  -3  -4  -3   1   2  -5  -3  -3    3   0  71   5   0   0   0   0   0   0   0   0   0   0   0   8  12   0   0   0  1.01 0.25
   80 A     3  -2  -1  -2  -2  -1  -1  -1  -2  -2  -3   0  -2  -3  -2   4   2  -4  -3  -1   32   0   0   0   0   0   0   0   0   0   0   6   0   0   0  44  16   0   0   3  0.50 0.18
   81 V    -1   0   0  -1  -2   0   0  -2  -2  -1  -2   0  -1  -3  -2   3   3  -3  -2   1    0   7   3   2   0   3   3   0   0   0   1   3   0   0   0  30  32   0   0  16  0.31 0.14
   82 N    -1  -2   5  -1  -3  -2  -2   5  -2  -4  -4  -2  -3  -4  -3   0   1  -4  -4  -4    0   0  36   0   0   0   0  51   0   0   0   0   0   0   0   3   9   0   0   0  0.89 0.21
   83 Y    -3  -3   0  -4  -4  -1  -3  -4   0  -3  -2  -3  -2   4  -4  -1  -1   0   7  -3    0   0   6   0   0   3   0   0   0   0   0   0   0  16   0   4   3   0  68   0  1.23 0.28
   84 I    -2  -4  -4  -4  -2  -3  -4  -5  -4   5   1  -3   3  -1  -4  -3  -2  -3  -2   3    0   0   0   0   0   0   0   0   0  60   9   0   9   0   0   0   0   0   0  21  0.73 0.20
   85 H     0  -2   0  -3   6   1  -2  -3   6  -2  -3  -2   0  -3  -3  -1  -2  -3  -1   0    8   0   3   0  29   9   0   0  36   0   0   0   3   0   0   4   0   0   0   7  0.76 0.21
   86 A     3  -2  -3  -3  -2  -1  -2  -2  -3   2   2  -2   0  -1  -2   0  -1  -3  -2   1   35   0   0   0   0   3   0   0   0  24  26   0   0   0   0   9   0   0   0   3  0.27 0.13
   87 N     1   0   3  -2  -2  -2  -2  -2  -2   0  -2  -2  -1  -2  -3   0   3  -3   0   2   11   4  25   0   0   0   0   0   0   0   0   0   0   0   0   0  26   0   3  30  0.32 0.16
   88 I    -2  -4  -4  -4  -2  -3  -4  -4  -4   5   1  -3   0  -1  -3   0  -1  -4  -2   3    0   0   0   0   0   0   0   0   0  64   4   0   0   0   0   9   0   0   0  23  0.68 0.20
   89 D    -3  -3   1   7  -5  -1   2  -3  -2  -5  -5  -2  -4  -5  -3  -2  -2  -6  -4  -5    0   0   2  89   0   0   9   0   0   0   0   0   0   0   0   0   0   0   0   0  1.53 0.30
   90 L    -2  -3  -5  -5  -2  -3  -4  -5  -4   1   5  -4   1  -1   0  -3  -2  -3  -2   1    0   0   0   0   0   0   0   0   0   3  85   0   0   0   5   0   0   0   0   7  0.86 0.27
   91 T     0  -2   1  -2  -2  -2  -2  -2  -2  -3  -3  -2  -2  -4  -2   3   5  -4  -3  -2    3   0   6   0   0   0   0   0   0   0   0   0   0   0   0  31  59   0   0   0  0.80 0.29
   92 R    -1   1   2   0  -3   4   2   0  -1  -3  -3   2  -2  -4  -2  -1   1  -3  -3  -3    3   3  13   4   0  31  13   5   0   0   0  17   0   0   0   0  11   0   0   0  0.44 0.17
   93 T     1  -2   0   0  -2  -1   2   0  -2  -1  -2  -1  -2  -3   1   1   3  -3  -2   0   13   0   2   3   0   0  16   6   0   2   1   1   0   0   7   7  35   0   0   5  0.26 0.12
   94 A     1  -1   1   1  -1  -1  -1  -1  -2   0   0  -1   0  -1  -1   0   2  -2  -1   2   12   1   8   9   0   1   4   2   1   1  11   1   1   1   1   2  18   0   1  27  0.10 0.07
   95 N     0  -1   4   2  -2  -1   0  -1   1   1  -2  -1  -1  -2  -2  -1  -1   4  -1   0    7   1  34  12   0   1   4   1   5  12   2   1   0   1   1   1   1   8   1   7  0.29 0.11
   96 P    -1  -2  -2   1  -3   1  -1  -2  -2  -1  -2  -1  -2  -3   7  -1   0  -3  -3  -2    2   1   1   9   0   7   1   1   0   6   2   1   0   1  59   1   4   0   1   1  1.13 0.20
   97 V    -1  -2  -2  -2  -1  -1  -2  -1  -2   2   0   0   0  -1  -2  -1  -1  -2  -1   4    2   1   1   1   1   1   2   7   1  11   2   9   1   1   1   2   2   0   1  53  0.26 0.12
   98 S    -1  -1   3  -1  -2   0  -1  -2  -1  -2  -2   0  -2   2  -2   2   2  -2   1  -2    1   1  21   1   0   4   1   1   0   1   1   5   0  14   1  20  22   0   6   1  0.28 0.13
   99 L    -1  -2  -2  -3  -2  -2  -2   1  -3   2   2  -1   1   0  -2  -1   2  -2  -2   2    1   0   0   0   0   0   0  11   0  14  28   4   2   2   0   4  16   0   0  16  0.18 0.11
  100 S     1  -2   0   0  -2   0  -1   0  -2  -2  -1  -1  -2  -3   0   3   2  -3  -2  -1   13   0   3   6   0   2   0   6   0   0   6   3   0   0   5  36  17   0   0   3  0.27 0.15
  101 A     2  -2  -1   0   0  -1  -1   0  -2   0   0  -2  -1   0   1   1   1  -3  -2   1   24   0   2   7   1   0   0   6   0   3   7   0   0   6   5   8  13   0   0  15  0.11 0.09
  102 E    -1  -1   1  -1  -3   0   4   3  -1  -3  -3   0  -2   0  -2   1  -1  -3  -2  -2    1   0   6   0   0   0  36  27   0   0   1   6   0   6   0  10   1   0   0   4  0.40 0.18
  103 T     0   0   2   3  -3   0   0  -2  -2  -2  -3   0  -2  -3   1   1   4  -4  -3   0    5   4   9  18   0   4   2   0   0   0   0   3   0   0   5   5  37   0   0   8  0.36 0.19
  104 S     1  -2  -1  -2  -2  -1   0   0  -2  -2  -1  -1  -2  -3   4   2   2  -3  -3  -1   15   0   0   0   0   0   5   6   0   2   7   3   0   0  23  23  13   0   0   3  0.39 0.16
  105 N    -2  -2   3   4  -4  -1   1   3  -2  -1  -3  -2  -3  -4  -3  -1  -2  -4  -4  -1    0   0  17  29   0   0  11  28   0   6   0   0   0   0   0   2   0   0   0   5  0.53 0.22
  106 N    -1  -1   5  -1  -3   0   0  -2  -1  -3  -3   1  -2  -3  -3   1   3  -3   2  -3    2   2  35   0   0   3   4   0   0   0   0   8   0   0   0   8  30   0   9   0  0.53 0.25
  107 S     0  -2   1   1  -2  -1   1  -1  -2  -1  -3  -1  -2  -3   0   4   3  -4  -3  -2    6   0   5   6   0   0   9   3   0   5   0   0   0   0   3  41  21   0   0   0  0.41 0.22
  108 N    -3  -2   6   2  -4  -2  -2  -2  -1  -1  -4  -2  -3  -3   1  -1   1  -4   1  -1    0   0  62   9   0   0   0   0   0   4   0   0   0   0   6   0   8   0   5   6  0.84 0.33
  109 G     0  -1   2  -2  -3   3  -1  -1  -1  -3  -3   1  -2  -1  -3   1   1  -2   4  -2    9   0  14   0   0  17   0   3   0   0   0   8   0   0   0  14  11   0  25   0  0.38 0.22
  110 V     0  -2  -2  -1  -2  -2   0  -3  -3   2   0  -2   0   0  -2   0   1  -3  -2   3    7   0   0   3   0   0   6   0   0  15   6   2   0   5   0   8   9   0   0  37  0.21 0.14
  111 D     0  -3   2   5  -3  -2   0  -2  -2  -3  -3  -2  -3  -3   2   0  -2   3   1   0    9   0   9  43   0   0   4   0   0   0   0   0   0   0   9   6   0   5   7   9  0.52 0.22
  112 I    -1  -3  -4  -4  -2  -1  -3  -4  -3   4   3  -3   0   0  -3  -2   0  -3  -2   3    3   0   0   0   0   4   0   0   0  32  34   0   0   2   0   0   5   0   0  20  0.44 0.18
  113 N    -1  -2   7   1  -4   0  -1  -2  -1  -1  -4   0  -3  -4  -3  -1   0  -5  -3  -3    3   0  72   4   0   4   0   0   0   4   0   6   0   0   0   0   5   0   0   0  1.04 0.35
  114 N     0  -2   6   1  -4   1  -1  -2  -1  -3  -4  -2  -3  -3  -3   0   0  -4   0  -1    9   0  64   6   0   5   0   0   0   0   0   0   0   0   0   2   4   0   4   5  0.84 0.31
  115 G     0   0   2   0  -2   1  -1   2  -1  -2  -1   0  -1  -2  -2   1   1  -3  -2   0    2   5  13   4   0   7   1  23   0   1   4   6   0   0   1  15   8   0   0   9  0.18 0.08
  116 S     0  -1   0   2  -2   1   1   2  -1  -2  -2  -1  -2  -3  -2   3   0  -3  -2   0    4   1   1  12   0  11   7  16   0   1   1   1   0   0   1  31   5   0   0   8  0.25 0.12
  117 G     1   0  -1  -2  -2  -1  -2   4  -2   0   0   0  -1   1  -2  -1   0  -2  -1  -1   11   7   1   1   0   1   1  37   0   5  12   5   0   8   1   1   6   0   0   4  0.23 0.10
  118 V    -1  -2  -2  -2  -1  -2  -2  -3  -2   3   1  -2   0  -1  -2   0   2  -2   1   3    1   1   1   1   0   1   1   1   0  23   7   1   0   0   1  10  16   0   6  29  0.24 0.13
  119 L     0  -2   0  -2  -2  -2  -2  -2  -1   0   2  -2   0   0   0  -1   1  -1   3   1    6   1   6   1   0   1   1   1   0   3  28   1   0   0   5   1  12   0  18  14  0.17 0.11
  120 K    -2   1   2  -1  -4   3   1   0  -1  -4  -3   4  -2  -4  -2   0   0  -4  -3  -3    0   6  13   0   0  23   7   5   0   0   0  36   0   0   0   5   4   0   0   0  0.52 0.21
  121 V    -1   1  -2  -2  -2   1  -1  -3   2   1   1   0   0   1  -2  -1  -1  -2  -1   3    1   9   0   0   0   9   1   1   9   2  14   4   0   8   0   6   1   0   0  34  0.15 0.12
  122 C    -1   1  -2  -2   4  -1   0  -2  -2   0   1  -1   0  -1   1  -1  -1  -2   1   1    2   9   1   1  16   1   7   1   0   6  19   1   0   1   9   5   1   0   8  13  0.16 0.09
  123 F    -1  -2  -2  -3  -2  -1  -2  -3  -2   2   2  -2   0   2  -2   0   2  -2  -1   2    1   1   0   1   0   4   1   1   0  19  24   1   0  12   1   5  18   0   0  13  0.23 0.14
  124 D    -1  -1   1   3  -3   2   3  -1   2  -3  -3  -1  -3  -3   1  -1   0  -3   0  -3    6   0   7  23   0  11  26   4   5   0   1   0   0   0   6   0   6   0   4   0  0.42 0.18
  125 I     0   0  -2   0  -2   0  -1  -3  -2   2   2  -1   0   0  -2   0   0   1  -1   1    6   7   0   6   0   6   0   0   0  24  21   3   0   3   0   7   7   2   0   6  0.10 0.10
  126 V    -2   0   0   2   2  -2  -2  -3  -3   3  -1  -2  -1   2  -3  -2   0  -3  -2   3    0   6   5  17   5   0   0   0   0  21   0   0   0  12   0   0   7   0   0  27  0.27 0.20
  127 T     0  -2   0   2  -2   1   0  -2  -2  -1  -1  -1  -1  -3  -2   1   3  -4  -3   1    6   0   4  13   0   7   6   0   0   2   5   2   0   0   0   8  34   0   0  11  0.27 0.18
  128 T     1  -2   1  -2  -2   1  -1   1  -1  -1   0  -1  -1  -1  -2   1   1  -2   2   0   11   0  11   0   0  11   0  11   0   0  11   0   0   0   0  11  11   0  11  11  0.11 0.10
  129 S    -1   1   4   3  -3  -1  -1  -2  -1  -3  -1   0  -2  -1  -2   2   0  -4  -2  -3    4   7  32  19   0   0   0   0   0   0   7   3   0   4   0  20   5   0   0   0  0.39 0.20
  130 G     1  -2   1  -1  -2   1  -1   3  -2  -2  -3  -1  -2  -3   1   2   1  -3  -3  -1   13   0   8   0   0   7   2  25   0   0   0   0   0   0   7  17  13   0   0   7  0.30 0.14
  131 T    -1   0   0  -2  -2  -1  -2   2  -2   0   0   0   2  -2  -2   1   2  -3  -2   0    0   4   6   0   0   0   0  21   0   5  12   4   8   0   0  12  19   0   0   7  0.17 0.13
  132 G     0  -2   2  -1   1  -2  -1   4  -2  -3  -3  -2  -3   0  -2   1   1  -3  -2  -3    4   0  12   0   4   0   3  46   0   0   1   0   0   5   0  12  10   0   0   0  0.51 0.20
  133 V     0  -3   0  -3  -2  -2  -2  -3  -3   3   0  -2   0   0  -3   1   0  -3  -2   3    5   0   6   0   0   0   0   0   0  18   7   0   0   4   0  13   4   0   0  40  0.27 0.17
  134 T    -1  -2  -2  -2  -2   0  -2  -3  -2   2   0  -1   1  -1   0   0   2  -2   2   2    0   0   0   0   0   6   0   0   0  18   6   4   4   0   4   9  19   0  13  16  0.18 0.14
  135 S     1  -2   2  -1  -2  -1   1   1   1  -3  -3  -1  -2  -2  -2   2   2  -3   1  -1   12   0  13   0   0   0   8  12   3   0   0   2   0   0   0  27  13   0   7   3  0.27 0.17
  136 T     1   0   0  -1  -2   2   0   0  -2  -1  -1  -1  -1  -3  -2   2   3  -3  -2  -1    9   4   3   0   0  11   6   5   0   2   6   0   0   0   0  23  26   0   0   3  0.23 0.15
  137 K    -1   0   0  -2  -3  -1   1   0   1   0  -2   2   0   2   0   0   1  -2   1  -1    0   5   3   0   0   0   9   9   4   7   0  16   3  16   4   7  10   0   4   3  0.11 0.14
  138 P     0  -1   1   0  -2   1   0  -1  -2   0   0   1  -1  -3   2   1   1  -3  -2  -1    9   0  10   5   0  10   4   4   0   5  12   8   0   0   9   9  12   0   0   2  0.13 0.11
  139 T     0  -1  -2  -3  -3   0  -1   0  -3   1   0   1  -1  -3   4  -1   1  -4  -3   1    7   2   0   0   0   4   3   7   0  10   9  10   0   0  25   0  13   0   0   9  0.33 0.20
  140 V     0  -1   0   0  -2  -1  -1  -2  -2   2   0   0   1   0   0   1   1  -3  -2   1   10   1   4   5   0   0   3   0   0  17   8   7   4   4   4  13  11   0   0   9  0.09 0.11
  141 Q    -1  -2   2   0  -3   3   1   0  -1  -3  -1   0  -2   1   2   1  -1  -2   2  -3    3   0  15   3   0  16   7   6   0   0   6   5   0   9   9  10   2   0   8   0  0.23 0.21
  142 T     0  -2   1   0  -2  -2  -2  -1   1   0  -1   1  -1   0   0   0   2  -3  -2   1    4   0   9   5   0   0   0   5   4   6   3  11   0   5   4   8  21   0   0  15  0.13 0.17
  143 S     0   0   0  -2  -2  -2  -2  -2  -2   0  -1   0  -2   0   0   3   3  -3   1  -1    4   4   3   0   0   0   0   0   0   7   5   6   0   4   4  26  26   0   7   2  0.27 0.24
  144 T    -1   0   1  -1  -2   0  -2  -3  -2   0   1  -1  -1   0  -3   0   3   3   1   0    4   4   7   3   0   5   0   0   0   6  15   2   0   4   0   7  24   4   7   5  0.15 0.17
  145 L     0   0  -2  -2  -2  -1   0   0  -2   0   1   1  -1   1  -2   1   1  -2   1   0    4   5   0   0   0   0   5   6   0   4  20  11   0   9   0  18   8   0   5   4  0.09 0.13
  146 D     0  -1   1   1   3  -1   1   1  -2  -2  -1   1  -1  -3  -2   1   1  -3  -3  -2   10   0  10  10  10   0  10  10   0   0  10  10   0   0   0  10  10   0   0   0  0.16 0.11
  147 S     0  -1   0   1  -2   1   1   0  -2   0  -2   1  -1   0  -2   2   2  -3  -2   0    5   0   5   7   0   5   9   9   0   6   1   8   0   5   0  18  15   0   0   5  0.13 0.12
  148 I     0  -2  -2   0  -2  -2  -2   0  -2   1   1  -2   1   0   1   0   1  -3  -2   2   10   0   0   7   0   0   1   6   0  12  10   0   5   5   8   5  12   0   0  17  0.11 0.11
  149 S     0   0   2  -2  -2   0  -1  -2   0   0  -1  -2   1   1  -3   1   1   5   1   0    8   5  14   0   0   3   3   0   3   7   3   0   5   6   0  12  13  10   4   5  0.20 0.18
  150 V     1  -2   0  -2  -2  -1  -2  -2  -2   1   1   0  -1  -1  -2   0   2  -3   0   2   18   0   4   0   0   3   0   0   0   7  15   6   0   2   0   3  17   0   3  19  0.16 0.17
  151 N     0   1   4   2  -3  -1   0   1  -2  -3  -3   0  -3  -4  -3   1   1  -4  -3  -1    5   6  28  10   0   0   5  13   0   0   0   6   0   0   0   9  12   0   0   4  0.37 0.24
  152 D    -2  -2   4   3  -3  -1   0   0  -2  -2  -1   1   0  -1  -3   0   1  -4  -3  -1    0   0  25  21   0   0   5   6   0   0   7   8   3   3   0   6   7   0   0   7  0.32 0.23
  153 M     0  -3   0  -1  -2  -2  -2  -3  -3   2   1  -2   1   1   1   0   1  -3  -1   1    8   0   4   3   0   0   0   0   0  18  13   0   3   9   7   9  10   0   0  13  0.15 0.15
  154 T    -1  -1   2   0  -3   1   1   0   1  -1   1   0  -1  -2   2   0   1  -3  -2   0    0   0  12   3   0   5   8   6   4   0  17   8   0   0  10   8  10   0   0   8  0.13 0.14
  155 V     0   0   2  -1  -2   0   0  -2  -2   1  -1   0  -1  -1  -2   0   0   2  -2   2    8   4  15   3   0   5   4   1   0   9   4   6   0   2   0   6   4   3   0  26  0.14 0.16
  156 S     0   0   2   1  -2  -1  -1   0  -1   0  -1   0   0  -1  -2   1   1  -3  -1   0    8   6  14   7   0   0   3   7   0   8   4   4   4   3   0  15   9   0   2   6  0.09 0.10
  157 G    -1  -1   2   0  -3  -1  -2   4  -2   0  -1  -1  -2  -3  -2   0   0  -3  -3  -1    1   3  13   4   0   3   1  41   0   9   7   3   0   1   1   4   4   0   0   4  0.35 0.18
  158 S     0   0   1   0  -2   0   0   0  -1  -2   0   1   1  -1  -2   2   1   1   1  -1    7   2   6   3   0   3   4   7   0   1  12  13   5   0   1  19   8   2   6   1  0.09 0.11
  159 I    -1  -2  -2  -2  -2  -2  -1   0  -2   2   1   0   0   1  -2  -1   2  -2  -1   1    1   1   1   1   0   1   4   7   0  20  19  10   0   6   1   1  16   0   0  13  0.15 0.14
  160 D     0   0   1   2  -2  -1   0  -2  -1   0   0   1  -1   1  -2   1   0  -2  -1  -1    5   5   7  18   0   0   4   1   0   7   9  11   0   7   1  14   6   0   0   3  0.10 0.09
  161 V    -1  -1   1  -1  -2   2  -1  -2   1   0   0   0  -1   0  -2   1   1  -2   0   1    1   1   8   1   0  16   1   1   4   4   9   7   0   6   1  10  11   0   4  15  0.10 0.12
  162 P     0  -1  -2   1  -3  -2   1  -1  -3  -3  -3  -2  -3  -4   6   0   1  -4  -3  -3    7   4   0   9   0   0   8   4   0   0   1   0   0   0  47   5  12   0   0   1  0.90 0.30
  163 V     0   0   0  -2  -2  -1  -2  -2  -2   0  -1   0  -1  -1  -2   1   2   5   2   0   10   5   6   0   0   0   0   1   0   4   5   6   0   0   0  13  20  12   9   8  0.24 0.17
  164 Q     0  -1   0  -2  -2   2   0  -2  -1   0  -2   1  -1  -2  -2   1   2   2   1  -1    8   0   4   0   0  14   3   1   0  10   1  12   0   0   0  12  22   3   8   0  0.21 0.18
  165 T    -1   0   1  -1  -2  -1  -1  -1  -2  -2  -1   0   0  -2  -2   2   3  -3   1  -1    1   6   6   3   0   0   0   5   0   0   3   7   3   0   0  21  32   0   6   5  0.27 0.21
  166 L     0  -2   1  -2  -2  -1  -1   0   1   1   1   0  -1  -2  -2   0   2   2  -2   1    4   0   9   0   0   0   3   9   4  15  13   5   0   0   0   4  20   4   0   9  0.10 0.12
  167 T    -1  -1   3  -1  -2   0   0  -2  -2   0  -1   0  -1  -2   0   2   2   2  -2   0    1   0  19   1   0   3   5   1   0   9   3   4   0   0   4  19  21   3   0   5  0.23 0.17
  168 V    -1  -1  -2  -1  -2   1  -2   0  -2   1   2  -2   0   2   1  -1  -1  -2  -1   1    1   3   0   5   0   9   0  10   0   7  26   0   0  12   7   4   0   0   0  15  0.11 0.12
  169 E     0  -1   2   1  -2   1   1  -2  -1   0  -2   0  -2  -2   0   0   2   4  -2   0    8   0  15   6   0   7   8   1   0   6   1   6   0   0   5   4  18   9   0   5  0.22 0.14
  170 A     0  -2  -1  -2  -2   0  -2   0  -2   2   1  -2   1  -1  -2   0   2   2  -2   2    7   0   3   0   0   5   0   6   0  20  10   0   4   0   0   9  16   3   0  14  0.13 0.12
  171 G     1  -2   0   0  -3  -2  -2   5  -3  -1  -2  -1  -2  -3  -3   1  -2  -3  -3  -2    9   0   4   4   0   0   0  52   0   5   5   5   0   0   0  13   0   0   0   0  0.59 0.25
  172 N     0  -2   3   1  -3  -1   0   2  -1  -3  -3   0  -2   0  -3  -1   0   1   2  -2   11   0  24   7   0   0   5  19   0   0   0   5   0   3   0   0   7   2  12   3  0.28 0.19
  173 G     1  -1  -2  -2  -3   0  -2   5  -3  -4  -3  -2   0  -1  -3   2   0  -3  -3  -3    8   3   0   0   0   5   0  55   0   0   0   0   3   3   0  17   4   0   0   0  0.71 0.30
  174 L    -1  -2   0  -2  -2  -2  -2   0   1   1   2  -2   2   0   1  -1   0  -2  -1   1    2   0   6   0   0   0   0   8   5   9  26   0   9   3   7   4   8   0   0  12  0.12 0.11
  175 D    -1   0   1  -1   1   2  -1  -1  -2   1  -1   0  -1  -2  -2   1   2  -3  -2   0    1   4   7   2   4  13   0   3   0  13   6   7   0   0   0  17  16   0   0   5  0.13 0.14
  176 L    -2  -3  -1  -3  -2  -2  -1  -1  -2   2   3  -3   0   2  -3  -2  -2  -2   2   2    0   0   4   0   0   0   6   6   0  15  35   0   0   8   0   0   0   0  10  15  0.29 0.19
  177 Q     1   2   3  -1  -2   1  -1  -2  -1  -1  -2   1  -2  -3  -2   1   1   2  -2  -2   13  12  23   0   0   9   0   0   0   7   0   6   0   0   0  14  12   3   0   0  0.27 0.18
  178 L    -2   1  -1  -3  -2   1  -2  -3  -2   0   3  -1   0   3  -3  -2  -1   2   2  -1    1   9   4   0   0   7   0   1   0   4  40   3   0  14   0   1   5   3   7   1  0.25 0.17
  179 T    -1   1  -2  -2  -3   2   0  -3  -1  -1  -1  -1  -1   2   0   0   1  -1   4  -2    5  12   0   0   0  11   8   0   0   4   5   0   0  12   4   4  13   0  20   0  0.23 0.18
  180 K    -1   5   0  -2  -4  -1  -1  -3  -2   0  -3   4  -2  -3  -3  -2  -2   2   0  -3    4  42   5   0   0   0   0   0   0   7   0  32   0   0   0   0   0   4   4   0  0.69 0.31
  181 K    -1   3  -1  -2  -3   0   0  -3  -2   0   0   3   0   0  -2  -1   1  -3  -2   1    1  19   0   0   0   0   4   1   0   6   7  30   2   5   0   3   9   0   0  12  0.24 0.17
  182 N     0   0   2  -2  -2  -2  -2   3  -2   0  -1  -1  -1   0  -2   0   1  -3  -2  -1    5   4  15   0   0   0   0  31   0  10   7   3   0   4   0   5  12   0   0   2  0.24 0.15
  183 N    -1  -2   4   1   2  -1   1   3  -1  -1  -2  -1  -2  -3  -2  -1   0  -3  -3  -2    1   1  27   7   6   1   9  31   0   4   3   1   0   1   1   1   5   0   0   1  0.41 0.19
  184 D    -2  -2   3   3  -3   0   1   1  -1  -2  -2   0   0   0  -2  -1   0  -3  -2   0    1   0  20  26   0   4   6  11   0   0   1   5   3   6   0   0   8   0   0   8  0.30 0.17
  185 L     0  -3  -3  -3  -2  -2  -1   0  -3   2   2  -2   1   2  -3  -2  -1  -2  -1   2   10   0   0   0   0   0   3   8   0  13  19   1   4  12   0   1   1   0   0  26  0.20 0.13
  186 V    -2  -3  -1  -1  -2  -3  -1  -4  -4   2   0  -3   2   0  -4  -2   0  -4  -2   5    0   0   4   4   0   0   3   0   0  11   4   0   6   4   0   0   5   0   0  58  0.54 0.30
  187 I     0  -2  -2  -1  -2   0   2  -3   0   1   1  -1  -1   0  -2   1   1   2   1   0    7   0   0   0   0   5  20   0   3  10  13   0   0   4   0  11  11   3   5   8  0.13 0.13
  188 V     0  -1  -3  -1  -2  -2  -3  -1  -3   3   0  -2   0   0  -3  -1   0  -3   1   3    6   4   0   4   0   0   0   4   0  27   4   0   0   4   0   5   5   0   7  29  0.23 0.18
  189 R     0   3   2  -2  -3  -1  -1  -3   2   0   0   0   1  -2  -3   0   0  -3  -2  -1    6  29  14   0   0   0   2   0   6   8  10   4   5   0   0   7   7   0   0   4  0.23 0.17
  190 F    -2  -1   0  -3   1  -1  -3  -4  -2   2   2  -3   0   4  -4  -2  -1   4   2   0    0   4   6   0   4   4   0   0   0  15  22   0   0  23   0   2   3   7   8   4  0.34 0.19
  191 F     0   1  -1   0  -2   0   0   2  -1  -2  -1   0  -1   0  -2   1   0  -2   0   0    5  10   0   5   0   3   5  20   0   0   6   6   0   6   0  17   6   0   3   7  0.11 0.09
  192 G     0  -1   1  -2  -3  -2  -2   4  -2  -1  -1  -1  -2  -1  -3   0   1  -3  -2  -1    7   3   9   0   0   0   0  42   0   4   5   4   0   4   0   6  11   0   0   5  0.37 0.18
  193 S     0   0   1  -1  -2   1   0  -2  -2   0  -1   0  -1  -1  -2   2   2   2  -2   0    4   5   9   0   0   8   6   0   0   4   6   5   0   2   0  20  17   4   0   9  0.16 0.13
  194 V    -1  -2   2   1   1  -2  -2  -3  -2   3   1  -2   1   0  -3  -1   0  -3  -2   1    4   0  18  11   4   0   0   0   0  24  16   0   3   3   0   0   7   0   0   9  0.20 0.16
  195 S     1  -2   1  -2  -2  -1  -2   0  -2  -2  -3   0  -2  -3   3   2   3  -4  -3   0    9   0   6   0   0   0   0   6   0   0   0   7   0   0  18  23  24   0   0   7  0.41 0.21
  196 N     1  -2   2   1  -2   0  -1   0  -2  -2  -3  -1  -2  -3  -1   3   2  -3   0  -1   11   0  15   8   0   5   0   4   0   2   0   0   0   0   2  29  16   0   4   4  0.31 0.20
  197 I     0  -1  -2  -3   1  -1  -2  -3  -2   1   1   1   1  -1   0   0   0  -2   1   1    9   0   0   0   4   2   0   0   0  12  18  12   3   0   4  10   7   0   7  13  0.11 0.11
  198 Q     1  -1   3  -1  -2   0  -1   0  -2  -1   0   1  -1  -3  -1   1   2  -3  -3  -1   15   0  20   1   0   2   1   4   0   2  13  11   0   0   3   7  16   0   0   3  0.17 0.15
  199 K     2  -1   1  -2  -2   0  -1   0  -1  -2  -1   1   1  -3   2   2   0  -4  -3  -1   18   1   8   0   0   3   0   4   1   0   4  12   5   0  13  22   3   0   0   5  0.23 0.16
  200 G     1  -1   4  -1  -4  -2  -2   4   1  -4  -4   0  -3  -4  -3   0  -2  -4  -3  -4   11   3  31   0   0   0   0  42   4   0   0   4   0   0   0   4   0   0   0   0  0.77 0.31
  201 W     1  -2  -2  -2  -3   0   0   2  -2  -1  -3  -2  -2  -2   2   0   2   6   0  -1   15   0   0   0   0   4   6  20   0   3   0   0   0   0   9   4  19  13   4   3  0.39 0.21
  202 N     0  -1   4  -1  -3   1   0  -2  -1  -1  -3   1  -2  -2  -3   0   1  -2   3  -1    8   0  30   0   0   8   5   0   0   4   0   9   0   0   0   5  11   0  14   6  0.32 0.22
  203 M    -1  -1  -3  -3  -3   0  -1   0  -2   0   1   0   3   3  -3  -1   0  -2   2   0    5   3   0   0   0   5   4   7   0   6  11   5  15  20   0   3   5   0   6   4  0.19 0.18
  204 S     0  -3   2   0  -3  -2  -2   1   0   0  -2  -2   1  -3   3   1   0  -4  -3   0    8   0  13   4   0   0   0  12   3   7   0   0   5   0  19  16   6   0   0   8  0.31 0.21
  205 G    -2  -2   3   0   1  -2  -2   2  -2   0  -2  -1  -2   3  -3  -1   0   3  -1   0    1   0  17   6   3   0   0  20   0   7   1   4   0  18   0   4   5   5   0   7  0.24 0.19
  206 T     1   0   0   0  -2  -1   1   0  -2   0  -1  -1  -1  -3   1   1   1  -3  -2   0   14   6   5   4   0   0  13   8   0  10   5   0   0   0   8   8  14   0   0   5  0.13 0.13
  207 W    -1   0  -2  -2  -2  -1   0  -2  -2  -1  -1   1   2  -2  -2   1   2   6  -1   1    4   3   1   1   0   1   6   1   0   1   6  12   7   1   1  11  17  16   0  11  0.33 0.19
  208 V    -1  -3  -3  -4  -2   0  -3  -1  -4   4   0  -1   1   1  -4  -3  -1  -3  -2   4    3   0   0   0   0   4   0   6   0  30   6   4   4   5   0   0   3   0   0  34  0.40 0.25
  209 D    -2  -3  -3   0  -4  -2  -2  -3  -3  -1  -3   1  -3   0   6   0   0  -4  -3   0    0   0   0   7   0   0   0   0   0   3   0   8   0   5  53   7   7   0   0   8  1.06 0.37
  210 R     0   0   0  -1  -2   1   0  -2  -2  -1   2   0  -1   0   1   1  -1   2  -2   0    7   6   5   2   0   8   6   0   0   0  26   3   0   4   8  15   0   3   0   5  0.11 0.12
  211 P    -1   0   0   1  -4   2   2   3  -2  -4  -4   0  -3  -4   3   0  -2  -3  -3  -3    1   6   5   5   0  13  16  27   0   0   1   3   0   0  18   4   0   0   0   0  0.50 0.22
  212 F    -1  -3   0  -3  -3  -3  -1  -3  -2  -2  -1  -1   2   6  -4  -3  -2   4   4  -1    5   0   6   0   0   0   4   0   0   0   4   5   6  42   0   0   0   7  15   5  0.65 0.29
  213 R    -1   5   3  -2   3   1  -2  -3  -2  -1  -1   0  -2  -3  -3  -1  -2  -4  -3  -3    3  49  17   0   8   5   0   0   0   4   6   0   0   0   0   4   0   0   0   0  0.66 0.32
  214 P     1  -4  -3  -3  -4  -3  -3   0  -4  -5  -5  -3  -4  -5   7   1  -3  -5  -5  -4   11   0   0   0   0   0   0   7   0   0   0   0   0   0  71  10   0   0   0   0  1.78 0.48
  215 A     0   1   3   2  -3  -1   0   1  -2   1  -2  -1  -2  -3   0   1   0  -4  -3  -2    9  13  17  15   0   0   5  10   0  13   0   0   0   0   4   8   6   0   0   0  0.21 0.15
  216 V    -1  -1   1   1  -3  -1   2   0  -2   0  -1   0  -1  -3   1  -1   1  -4  -3   2    2   3  11  10   0   0  15   8   0   4   5   4   0   0   6   0   9   0   0  22  0.14 0.14
  217 V    -1   2   0  -2  -3  -1  -1   0   1   0  -2  -1  -2   2  -3   0   3  -3  -1   1    3  15   5   0   0   0   3   6   5   7   0   0   0  12   0   7  26   0   0  11  0.19 0.18
  218 Q     0  -1   1  -2   1   1   0  -1  -2   0  -1   1  -1   0  -2   0   2  -3  -1   1    5   0   6   0   4   8   7   5   0   7   3  12   0   4   0   6  16   0   2  15  0.08 0.11
  219 S     0  -2   1  -2  -3  -1   2  -2  -2  -4  -3  -2   1  -3   0   5   0  -4   1  -3    4   0   7   0   0   0  12   0   0   0   0   0   5   0   3  59   2   0   7   0  0.65 0.35
  220 L    -1  -3  -3  -3  -2   0  -3  -1   1   2   3  -2   0  -1  -3  -1   0  -3   1   1    5   0   0   0   0   6   0   5   6  20  34   0   0   0   0   4   6   0   5   9  0.23 0.16
  221 V     1  -3  -3   1  -2  -2  -2  -3  -3   3  -1  -3   3  -2   0  -1  -1  -4  -3   3   16   0   0  10   0   0   0   0   0  21   0   0  11   0   6   3   0   0   0  33  0.35 0.21
  222 G     1  -3  -2  -3   1  -2  -3   4  -3  -2   0  -2  -2   1   0   1   0  -3  -2  -1    9   0   0   0   4   0   0  44   0   0   9   0   0   9   3  11   6   0   0   5  0.42 0.19
  223 H    -3  -2   1  -3  -4  -2  -2  -4   8  -3   1  -2   2  -3  -4  -1  -1  -4  -1  -3    0   0   6   0   0   0   0   0  62   0  17   0   5   0   0   5   4   0   0   0  1.20 0.38
  224 F    -1  -3  -2   1  -2  -2  -2  -3   1  -1   0  -2   4   3  -3   1   0  -2  -1   1    0   0   0  11   0   0   0   0   4   0   8   0  17  21   0  19   7   0   0  14  0.25 0.18
  225 A     3  -2  -2   0  -2   1  -1   0  -2  -1  -2  -2  -2  -3   2   1   1   3  -2  -1   34   0   0   5   0   7   0   7   0   5   0   0   0   0  13  10   9   6   0   4  0.30 0.16
  226 G     1  -2   0  -2  -2  -2  -2   4  -2  -4  -4  -2  -3  -4  -2   4   1  -4  -3  -3   13   0   4   0   0   0   0  34   0   0   0   0   0   0   0  39  10   0   0   0  0.64 0.24
  227 R     1   2   2  -2  -3  -1  -2   3   1  -3  -3  -1  -2   0  -2   2   1  -3  -2  -2   12  15  11   0   0   0   0  23   3   0   0   0   0   7   0  16  12   0   0   0  0.29 0.15
  228 D     0   0   0   0  -2  -1   1   0   3  -1  -2  -1  -2  -1  -2   1   1   5   1  -1   10   4   3   3   0   0  14   7  10   2   0   0   0   2   0  10  11  12   4   6  0.23 0.12
  229 T     0  -2   3  -1  -2  -1   0  -2  -2   0   2   0  -1  -2  -3   1   2  -3  -2  -1    6   0  27   0   0   0   4   0   0   6  27   4   0   0   0  13  13   0   0   0  0.25 0.17
  230 S     1  -2   2   1  -2  -1  -1  -1  -2   0  -1  -2  -2  -3   1   3   0  -4  -3  -2   12   0  12  10   0   0   0   2   0   9   7   0   0   0   5  42   0   0   0   0  0.33 0.20
  231 F    -1  -2  -2  -3  -3  -2  -3  -3  -2  -1   0   0  -1   5  -3   0   1  -1   3  -1    5   0   0   0   0   0   0   1   0   0   8   7   0  44   0   7  10   0  11   4  0.49 0.20
  232 H    -2   2  -1  -2  -4  -1  -2   1   8  -4  -3  -1  -3  -2   1  -2  -3  -2   3  -4    1  12   0   0   0   0   0  11  53   0   1   0   0   0   7   1   0   0  12   0  0.98 0.28
  233 I    -2  -4  -4  -4  -2  -3  -1  -5  -3   5   1  -3   0  -1  -4  -3  -2  -3   2   3    0   0   0   0   0   0   5   0   0  51   5   0   0   0   0   0   0   0  11  28  0.64 0.24
  234 D    -3  -2   2   6  -4   2   1  -3  -2  -1  -4  -1  -3  -3  -3  -1  -2  -4   1  -3    0   0   8  57   0  15   6   0   0   6   0   0   0   0   0   0   0   0   8   0  0.84 0.26
  235 I     1  -3  -3  -3  -2  -3  -3  -3  -3   3   2  -3   0   2  -3   0  -1  -2  -1   2   14   0   0   0   0   0   0   0   0  29  20   0   0  12   0   7   0   0   0  18  0.30 0.13
  236 N    -2   0   3   2  -4   2   3  -1   3  -4  -4  -1  -3  -3   1  -1  -2  -3   1  -3    0   5  22  11   0   8  27   5   9   0   0   0   0   0   6   0   0   0   7   0  0.44 0.15
  237 P    -1  -3  -2  -2  -3  -2   0  -3   0   0  -2  -2  -2  -2   5   0   2  -3   1   1    0   0   0   0   0   0   7   0   3   6   0   0   0   0  37   6  18   0   8  14  0.63 0.18
  238 N    -2  -2   3   4  -3   2   0  -2  -1  -4  -4  -1  -3  -4  -2   2   1  -4  -3  -3    0   0  20  37   0  15   0   0   0   0   0   0   0   0   0  21   7   0   0   0  0.66 0.21
  239 G     1  -3  -1   1  -3  -2  -2   5  -3  -4  -4  -2  -3  -4  -3   2   0  -4  -4  -3    8   0   0   7   0   0   0  62   0   0   0   0   0   0   0  16   7   0   0   0  0.85 0.22
  240 S    -1   2   1  -2  -2  -1  -2  -2  -2   0  -1  -1  -1  -2  -2   2   2  -3  -2   3    0  14   8   0   0   0   0   0   0   0   0   0   0   0   0  20  22   0   0  32  0.28 0.15
  241 I    -1  -3  -2  -3   5  -3  -3   0  -3   2  -1  -3  -1   2  -3   1   1  -3  -1   2    0   0   0   0  17   0   0   7   0  20   0   0   0  12   0  16   7   0   0  21  0.30 0.15
  242 T     0   1  -1  -2  -2   1  -1  -3  -2   1   0   1   1  -2  -2   1   4  -3  -2   0    4   7   0   0   0   6   0   0   0   8   7   9   5   0   0   7  39   0   0   7  0.25 0.14
  243 W    -3  -4  -5  -5  -3  -3  -4  -4  -3   0   1  -4  -2   0  -5  -4  -3  10   4   0    0   0   0   0   0   0   0   0   0   7  14   0   0   0   0   0   0  54  17   8  1.79 0.34
  244 W    -3  -4  -5  -5  -3  -3  -4  -4  -3  -2   1  -4   3   2  -5  -4  -3  10   3   0    0   0   0   0   0   0   0   0   0   0  11   0   9   9   0   0   0  56   8   7  1.75 0.31
  245 G     1  -3  -2   0  -3  -3  -3   6  -3  -3  -4  -3  -3  -4  -3  -1  -2  -4  -4  -1    8   0   0   7   0   0   0  77   0   0   0   0   0   0   0   0   0   0   0   8  1.06 0.23
  246 E     1   1   1   0  -2   1   2  -2  -1  -2  -2   0  -2   0   4  -1  -1  -2  -2  -2   16   9   9   3   0   5  19   1   0   1   1   1   0   7  25   1   1   0   0   1  0.38 0.10
  247 S     0  -1   1   2  -1  -1  -1  -1  -1  -1  -1  -1  -1  -1  -1   2   2  -2   1   0    9   1   7  14   0   1   1   1   0   1   2   1   0   1   1  18  20   0   9  13  0.15 0.06
  248 I     0  -2  -2  -2  -1  -1  -2   0  -2   2   1  -1   0  -1  -2  -1   1  -2  -1   2    4   1   1   1   0   1   1   9   0  11  18   5   0   1   1   1  10   0   1  32  0.11 0.05
  249 D     0  -1   0   2  -2  -1   0   0  -1  -2  -2   1  -2  -3   3   3   0  -3  -2  -2    6   1   1  16   0   1   1   7   0   1   2  10   0   1  14  34   4   0   1   1  0.32 0.08
  250 N     0  -1   3   0  -2  -1  -1   2  -1  -1  -2   1  -2  -3   1   0   1  -3  -2   0    9   0  22   3   0   0   0  22   0   0   0  10   0   0   9   0  11   0   0  13  0.23 0.08
  251 T     1  -1   4  -1  -2  -1  -1   0   4  -3  -3  -1  -2  -3  -2   1   2  -3  -1  -2   11   0  32   0   0   0   0   5  16   0   0   0   0   0   0   9  23   0   0   0  0.42 0.13
  252 P     0   1   1  -1   3  -1  -1   1  -2  -3  -3  -1  -2  -3   2   3   3  -3  -3  -2    0   8   8   0   8   0   0   9   0   0   0   0   0   0  10  31  27   0   0   0  0.37 0.13
  253 I    -1  -3  -2  -2  -3  -2  -1   5  -2   1  -2  -2  -2   1  -3  -1   0  -2   3  -2    0   0   0   0   0   0   4  53   0  14   0   0   0   4   0   0   8   0  17   0  0.54 0.15
  254 A     2  -1   2  -1  -2  -1  -1   1  -1  -2  -2  -1  -1  -1  -1   0   1  -1   3  -1   30   1  17   1   0   1   1  10   0   1   2   1   0   1   1   5  12   0  16   1  0.21 0.08
  255 T    -1  -3  -3  -3  -2  -2  -2  -3  -3   1   1  -2   0   1   5  -1   1  -3  -1   1    2   0   0   0   0   0   0   0   0   8  21   0   0   9  35   0  10   0   0  12  0.53 0.11
  256 R    -2   6   1  -2  -3   0  -1   0  -1  -2  -3   1  -2  -3  -3  -1  -2  -3  -2   0    1  68   8   0   0   0   1   9   0   0   1   0   0   0   0   1   1   0   0   9  0.70 0.18
  257 G     1  -3  -2  -2  -3  -3  -3   6  -3  -5  -5  -3  -4  -4  -3  -1  -3  -4  -4  -4    8   0   0   0   0   0   0  92   0   0   0   0   0   0   0   0   0   0   0   0  1.44 0.25
  258 N     0  -2   3  -1  -2  -1  -2  -2   0  -1  -2  -1  -2  -3  -2   1   4  -4  -2   1    3   0  18   0   0   0   0   0   3   0   0   0   0   0   0  11  53   0   0  13  0.49 0.17
  259 G     1   1  -2  -2  -2   2  -1   3  -2   0  -1  -1   1   1  -2  -1  -1  -2  -2  -1   20  13   0   0   0  13   0  26   0   8   0   0   8   8   0   0   0   0   0   4  0.20 0.10
  260 S    -1  -2  -1  -2  -2  -1  -2  -1  -2   1   0  -2   4   0  -2   2   3  -3  -2   0    0   0   0   0   0   0   0   5   0   9   6   0  23   5   0  22  30   0   0   0  0.29 0.14
  261 Y    -3  -3  -4  -5  -4  -3  -4  -4   0  -3  -3  -3  -2   2  -5  -3  -3   6   8  -3    0   0   0   0   0   0   0   0   0   0   0   0   0   0   0   0   0  13  87   0  1.86 0.33
  262 F    -3  -4  -4  -4  -3  -3  -3  -4  -3  -1   1  -3  -1   6   5  -3  -3  -1   1  -2    0   0   0   0   0   0   0   0   0   0  11   0   0  57  31   0   0   0   0   0  1.06 0.22
  263 I     1  -3  -3  -3  -2  -2  -3  -3  -3   3   3  -3   1  -1  -3  -2   1  -3  -2   1   15   0   0   0   0   0   0   0   0  31  44   0   0   0   0   0  10   0   0   0  0.34 0.10
  264 K    -1   2  -1  -1  -4   1   0  -2  -1  -3  -3   6  -2  -4  -2  -1  -1  -4  -2  -3    0   0   0   0   0   0   0   0   0   0   0 100   0   0   0   0   0   0   0   0  0.78 0.10

                      K         Lambda
Standard Ungapped    0.1313     0.3149
Standard Gapped      0.0392     0.2670
PSI Ungapped         0.1281     0.3174
PSI Gapped           0.0392     0.2670
