
Last position-specific scoring matrix computed, weighted observed percentages rounded down, information per position, and relative weight of gapless real matches to pseudocounts
            A   R   N   D   C   Q   E   G   H   I   L   K   M   F   P   S   T   W   Y   V   A   R   N   D   C   Q   E   G   H   I   L   K   M   F   P   S   T   W   Y   V
    1 M    -4  -5  -6  -7  -5  -4  -6  -6  -5  -2  -1  -5  10   5  -6  -5  -4  -4  -2  -3    0   0   0   0   0   0   0   0   0   0   0   0  73  27   0   0   0   0   0   0  2.35 0.80
    2 P     2  -3   0  -3  -3  -1  -2  -3  -3  -2  -3  -2  -3  -1   2   5   2  -5  -4  -3   14   0   5   0   0   2   1   0   0   2   2   1   0   3  11  45  15   0   0   0  0.67 0.43
    3 I     2  -1  -2  -1  -3   0  -2  -2  -3   1   1  -2   3  -2  -2  -1   3  -4  -3   1   17   3   1   5   0   4   2   2   0   8  16   0  10   1   1   1  21   0   0   9  0.23 0.23
    4 I    -3  -5  -2  -5  -4  -5  -4  -6  -5   6   2  -5   0   0  -1  -4  -3  -5  -2   3    1   0   2   0   0   0   1   0   0  51  16   0   2   4   3   0   1   0   1  18  0.96 0.48
    5 D    -4  -1   3   7  -6  -3  -1  -1  -2  -6  -6  -4  -6  -5  -3  -2  -3  -7  -6  -4    1   3  15  67   0   0   3   4   1   0   1   0   0   0   1   2   1   0   0   1  1.58 0.70
    6 L    -3  -3  -6  -6  -4  -2  -5  -6  -3   1   5  -5   1   1  -2  -5  -2  -4  -2   0    1   1   0   0   0   2   0   0   1   6  70   0   3   5   2   0   2   0   1   5  1.07 0.54
    7 N     1  -3   0   0  -4  -1  -1  -2  -2  -5  -3  -1  -4  -4  -1   5   1  -2  -3  -4   11   1   4   5   0   3   4   1   1   0   2   3   0   1   3  53   7   1   1   0  0.74 0.50
    8 Q    -1   4   0   0  -5   4  -1  -1  -1  -3  -1   2  -2  -5  -4   0   0  -3  -4  -4    5  24   5   4   0  23   3   5   1   1   6  12   0   0   0   5   5   0   0   0  0.50 0.35
    9 L    -5  -6  -7  -7  -5  -6  -6  -7  -6   0   6  -6   0  -1  -6  -6  -5  -5   0   0    0   0   0   0   0   0   0   0   0   4  83   0   2   2   0   0   0   0   3   4  1.62 0.71
   10 P     0  -3  -5  -1  -6  -2  -3  -2  -3  -6  -6  -3  -6  -7   8  -3  -3  -7  -6  -5    7   1   0   4   0   2   2   3   1   0   0   1   0   0  75   2   2   0   0   1  2.16 0.90
   11 A     4  -1  -2   0  -4  -1   1  -3  -2  -2  -2   0  -2  -1   4  -1  -1  -5  -2  -1   34   2   1   5   0   1   8   0   1   1   3   5   1   3  21   3   3   0   1   5  0.49 0.37
   12 P    -2  -6  -6  -6  -7  -3  -5  -6  -6  -2  -3  -5  -2  -3   8  -2  -2  -7  -3  -3    3   0   0   0   0   1   0   0   0   2   3   0   1   1  80   3   2   0   1   2  2.36 1.00
   13 D     0  -1   1   3  -4   2   2  -3   0  -3  -3   0  -2  -4   0   0   1  -5  -4  -2    9   2   7  21   0  11  14   1   2   1   1   4   1   0   5   8   9   0   0   3  0.37 0.29
   14 V     2  -4  -5  -5  -2  -4  -4  -4  -5   3   1  -3   0   2  -4  -2  -2  -4  -1   4   19   0   0   0   1   0   0   0   0  18  15   1   1   8   0   2   2   0   2  32  0.61 0.39
   15 V    -2  -2  -5  -6  -4  -5  -4  -4  -5   5   2  -3  -2   0  -5  -4  -2  -1  -2   4    2   3   0   0   0   0   1   1   0  30  17   1   0   4   0   0   2   1   1  35  0.85 0.47
   16 E     0  -1   0   1  -2   1   5  -3  -3  -4  -4   1  -4  -4  -1  -1   0  -5  -3  -2    7   2   3   7   1   6  45   2   0   1   1   8   0   1   3   3   6   0   1   3  0.66 0.45
   17 E     0  -1  -1   0  -4   2   2  -2  -3  -2  -2  -1  -2  -4   2   0   3  -4  -2   1    9   3   3   4   0  10  16   2   0   2   2   3   1   0  11   5  18   0   1  10  0.28 0.27
   18 L    -2  -2  -4  -4  -4  -2  -2  -4  -4   2   4  -2   0  -1   1  -3  -1   0  -2   1    2   2   0   1   0   1   2   1   0  13  48   3   1   1   8   1   4   1   1   9  0.56 0.37
   19 D    -2  -1   0   7  -5  -2  -1  -2  -2  -5  -5  -3  -5  -3  -1   2   0  -6  -5  -4    2   4   4  54   0   2   3   3   1   0   1   1   0   1   3  14   6   0   0   1  1.08 0.60
   20 F    -1  -3  -5  -5  -2  -3  -3  -5   0  -1  -1  -5  -3   7  -1  -3  -2  -2   6  -1    6   1   0   0   1   1   1   0   2   3   5   0   0  39   4   1   2   0  27   4  1.18 0.60
   21 E    -1  -2  -2   2  -6   1   6  -3  -4  -6  -4  -3  -5  -6  -4   0  -2  -6  -5  -5    4   2   2  11   0   5  61   2   0   0   2   0   0   0   0   6   2   0   0   0  1.28 0.69
   22 S     3   0  -1   1  -3   1   1  -1  -1  -2  -2  -1  -1  -3  -1   1   2  -4  -3   0   24   4   2   7   0   7  11   3   1   2   3   3   1   1   2   8  15   0   0   5  0.23 0.25
   23 I    -1  -1  -3  -3  -1  -1  -1  -5  -2   5   2  -4   0  -1  -3  -3  -1  -1  -2   1    4   3   1   1   1   2   5   0   1  42  17   0   2   2   1   1   4   1   1   7  0.58 0.39
   24 L    -2   0  -2  -2  -3  -1  -2  -4  -1   1   3  -1   0   2  -4  -3  -1  -3   3   0    2   5   2   2   0   3   2   0   1   7  38   5   2  10   0   0   3   0  10   6  0.38 0.29
   25 A     3   0   1   0  -4   3   0  -1   0  -2  -2   0  -3  -4  -1   1   0  -5  -4  -2   32   4   6   6   0  13   5   3   2   2   4   5   0   0   2  10   4   0   0   3  0.33 0.31
   26 E     2   2   0   1  -4   2   3  -1   0  -4  -2   0   0  -4  -3   0  -1  -5  -4  -2   16  12   4   9   0  10  21   4   2   0   3   3   2   0   0   6   3   0   0   3  0.35 0.31
   27 R    -1   2   0   0   0   0  -1  -2   1   1   0   0   2   0  -3  -1   0   2   1   0    5  12   5   6   3   4   3   3   4  10   9   4   8   4   0   3   4   4   4   6  0.08 0.12
   28 K     0   0   0   0   2   1   0   0  -2   0   0   0   1   0   1  -1   0   3  -2   0    6   6   6   6   6   6   6   6   0   6   6   6   6   6   6   0   6   6   0   6  0.06 0.12
   29 A     4  -1   0   1  -4   1   1  -1  -1  -3  -3  -2  -1  -5  -4   0   0  -5  -2  -2   42   3   4   8   0   7   8   4   1   1   1   2   2   0   0   5   6   0   1   3  0.51 0.43
   30 T     0   2   0   2  -4   1   1  -1   1  -2  -2   0   0  -1  -3  -1   0   1   0  -2    9  14   3  14   0   7   8   4   3   3   4   6   3   3   0   4   7   2   4   3  0.17 0.19
   31 L    -1  -3  -3  -2  -5  -5  -6  -3  -1   1   3  -5   1   5  -3  -3  -2   1   3   0    6   2   2   2   0   0   0   2   2   6  27   0   3  23   2   2   3   2   9   7  0.65 0.40
   32 I     0   1   0  -1   2   1   0  -2   0   1   0   1   0   0  -1  -1   0   1  -1   0    7   9   4   2   4   6   5   3   2   9  10   9   2   4   2   3   5   2   2   8  0.04 0.07
   33 S     2   0   1   0  -3   0   1   0   1  -1  -1   0   1  -1  -3   1   0  -4  -3  -1   18   6   6   6   0   5  10   7   3   4   5   4   3   4   0  10   5   0   0   4  0.11 0.15
   34 L    -1   0   0   0  -3   0   0  -1   2   0  -1   0   1   0   0   0   0   3   1   0    5   5   5   5   0   5   5   5   5   5   5   5   5   5   5   5   5   5   5   5  0.06 0.08
   35 Y     0  -2  -1   0   0  -1  -2  -2   0  -1   0  -2   2   3  -2  -1  -2   5   3   0    8   3   4   5   2   3   2   4   2   4  10   2   6  11   2   4   3   9  12   5  0.27 0.23
   36 P     0   0   0   0  -2   1   0   0   1   0   0   0   1   0   1   0   0  -3  -1   0    6   6   6   6   0   6   6   6   6   6   6   6   6   6   6   6   6   0   0   6  0.04 0.07
   37 E     2  -1  -1   3  -3   0   3  -1  -1  -1  -1   0  -3  -4  -1  -1   0  -4  -2  -1   17   3   3  14   0   4  21   5   1   3   5   5   0   1   3   3   5   0   1   4  0.27 0.23
   38 D     1  -1   1   2  -3   0   1  -1   0  -1   0   0  -1   0  -1   0  -1   1   0   0   11   3   7  12   0   3  11   3   3   3   9   4   1   5   2   6   3   2   3   6  0.08 0.09
   39 Q     0   1   0   0  -3   3   1   0   1  -1  -2   0  -1  -1   0   0   0   0   0  -1    8   9   3   6   0  15  10   7   3   3   4   5   1   3   4   5   5   1   3   5  0.14 0.14
   40 Q     2   1  -1   0  -3   3   0   0  -1  -1  -2   0  -1  -2   0  -1   0  -3  -1  -1   18   9   2   5   0  12   7   8   1   5   4   6   1   2   4   3   5   0   2   5  0.15 0.16
   41 E     1   1   0   1  -1   1   2   1  -2  -1  -1   0  -1  -2  -1  -1  -1  -3  -3  -1   13   9   4   8   1   6  16   9   0   4   6   4   1   2   3   3   4   0   1   5  0.13 0.13
   42 A     2  -1   0   1  -1  -1   0   0  -1   0  -1  -2  -1  -1   0   0   0   1   0   0   22   3   4   7   1   2   5   6   1   6   7   2   1   3   5   5   5   2   4   7  0.09 0.11
   43 V     0  -2  -1  -1   0  -1  -1  -1   0   1   0  -1   0  -1   2  -1   0   1   0   2    7   2   3   4   2   2   3   5   2  11  11   3   2   2  11   4   5   2   3  15  0.10 0.10
   44 A     2   0  -1   0  -3   0   0   0  -1  -1  -1  -1  -1   0   0   0   1   2   1   0   18   5   2   6   0   4   5   7   2   3   4   3   2   4   5   7   9   4   5   7  0.09 0.12
   45 R     0   0   0   0  -3   0   0   1  -2  -1  -1   0   0   1   1   0   0   2   1  -1    9   7   4   7   0   3   7  10   0   4   6   5   3   8   6   4   4   4   5   5  0.05 0.07
   46 T     0   0   0   0  -2   1   0   0   1   0  -1   0   1   0   1   0   0  -2   1   0    6   6   5   6   0   5   6   6   5   6   6   6   5   5   6   6   6   0   5   6  0.03 0.06
   47 L     0   0  -1   0  -2   0   0  -1   0   0   1   0   0  -1  -1   0   0   2   0   0   11   4   2   5   0   3   6   5   3   6  18   4   2   2   3   4   7   3   3   7  0.02 0.06
   48 T     0   0   0   1   0   0   0   0   1  -1   0  -1   0  -1   2   0   0  -3  -2  -1   10   4   6   8   2   4   7   5   3   4  14   3   3   3  10   4   5   0   0   4  0.07 0.10
   49 L    -1   0   0   0  -3   0   0  -1   2   0  -1   0   1   0   0   0   0   3   1   0    5   5   5   5   0   5   5   5   5   5   5   5   5   5   5   5   5   5   5   5  0.06 0.08
   50 E    -1   0   0   0  -5   0   4  -1  -3  -1  -2  -1  -4  -1   3  -1   0  -5   0  -2    4   4   5   5   0   4  30   4   0   4   3   4   0   3  14   4   5   0   3   3  0.39 0.34
   51 S     2  -1   0  -1  -3  -1  -1   1   0  -1  -2  -1  -2  -1  -1   3   1   1  -1  -1   17   2   3   3   0   2   4  10   3   3   3   3   0   3   2  26   8   2   2   5  0.20 0.23
   52 E     0  -3   1   5  -4   0   2  -1   0  -2  -3  -1  -3  -4   1   0  -1  -5  -4  -1    8   0   5  32   0   3  15   5   3   3   3   3   0   0   6   6   4   0   0   4  0.45 0.33
   53 P     0  -1  -1   1  -4  -3  -2   0  -4  -1  -1  -2   1  -2   5  -1   1   1  -4   0    8   3   2   8   0   0   2   6   0   3   6   2   4   2  32   3   8   2   0   7  0.49 0.34
   54 L     1  -2  -2  -2  -3  -1   0   1  -3   1   1  -2   1   1  -2  -1   0   0   0   1   13   1   1   1   0   2   8  12   0  11  15   1   3   7   1   2   5   1   2  13  0.12 0.16
   55 V    -1   0   0  -1   0   0  -3  -2   0   0  -2   0   2   0  -2   0   2  -3   3   1    5   6   6   3   2   3   0   2   2   6   3   5   6   4   2   5  18   0  12  10  0.17 0.23
   56 K    -1   1   0  -1  -4   0  -2  -1   0   2  -1   2   1   0   0  -1  -1   2   0   1    5   9   4   3   0   3   0   5   3  16   4  17   3   4   4   3   3   3   3   9  0.14 0.18
   57 L     0  -1   0  -1   0   0  -1  -1   0   1   2  -2   1   0   0  -1   0   2   0   1    8   3   4   3   3   5   4   4   3   8  22   0   3   4   4   4   4   3   3   9  0.07 0.11
   58 L    -1  -4  -2  -5   0   0  -2  -3  -1   1   3  -3   2   3  -5  -2  -1  -4  -1   1    6   0   2   0   2   5   3   2   1   9  34   1   4  15   0   2   4   0   1   8  0.40 0.30
   59 E    -2   1  -2  -1  -6   5   5  -3   0  -3  -3  -1  -1  -3  -2  -2  -2  -5   0  -2    4   7   2   3   0  24  35   2   2   1   3   3   1   1   2   2   2   0   3   2  0.74 0.52
   60 E     2  -2  -2  -2  -3   0   1  -1   0   0  -1  -3   0   1  -2   0   3  -4  -1   1   18   2   2   2   0   4  11   4   2   5   5   0   2   6   2   5  18   0   2  12  0.19 0.23
   61 N     1  -2   1   0   1   0  -1  -1   0  -1   0  -1   2   2  -3   0   0   3   0  -1   12   2   6   6   3   3   4   5   2   3  10   2   6  11   0   5   7   4   2   4  0.09 0.13
   62 A     5  -5  -1  -2   1  -1  -1  -2   0  -1  -3  -2  -4  -6  -5   1   1  -6  -5   0   49   0   3   2   3   2   4   3   2   3   2   2   0   0   0  10   8   0   0   6  0.70 0.51
   63 Y    -1   0   0   0   2   0   0  -1   2   0  -1  -2   1   1  -3   0   0   4   1   0    6   6   6   6   6   6   6   6   6   6   6   0   6   6   0   6   6   6   6   6  0.09 0.14
   64 R    -1   5  -2  -1  -5   1   0  -2   0  -1   0  -1  -1  -2  -3  -2  -2   0  -1   1    6  34   2   3   0   6   5   4   2   4  10   3   2   2   1   2   3   2   2   9  0.42 0.36
   65 E    -1   1  -1   0  -5   0   5  -3   0  -1  -1  -1  -1  -2  -2  -2  -1  -5   0   0    4   6   2   5   0   2  40   2   2   4   6   4   2   2   2   3   3   0   3   7  0.49 0.42
   66 L    -1  -2  -2  -2  -4   1  -1  -2  -4   2   2  -2   4   0  -2  -1   0   2   1   1    5   2   2   2   0   6   3   3   0  11  18   2  14   3   2   4   5   3   5  10  0.22 0.24
   67 I     0  -1   1  -1  -3   1  -1  -1   0   1   2  -1   1  -1  -1  -1   0  -3   0   0    6   3   6   3   0   7   3   5   3   8  25   3   4   2   3   4   5   0   3   6  0.10 0.15
   68 W    -1   0   0   0   2   0   0  -1   2   0  -1   0   2   1   0  -1   0   4   1  -1    5   5   5   5   5   5   5   5   5   5   5   5   5   5   5   5   5   5   5   5  0.09 0.08
   69 R    -2   5  -1  -2   0   0  -1   1   0  -1  -1   0   1  -1  -2  -2   0  -4   1   0    3  31   2   3   2   3   4  11   2   3   5   4   4   2   2   3   5   0   6   6  0.34 0.31
   70 Q     1   1   0   1  -4   4   0  -1   1  -1  -2   0   0  -1  -1   0   0   2   0  -1   10   6   5   7   0  20   5   5   3   3   3   4   3   3   3   6   4   3   3   4  0.19 0.23
   71 R     0   0   0   0  -2   1   0   0   1   0  -1   0   1   0   1   0   0  -2   1   0    6   6   5   6   0   5   6   6   5   6   6   6   5   5   6   6   6   0   5   6  0.03 0.06
   72 V     0  -1  -3  -1  -3  -1  -2  -2  -1   3   0  -1   1   1  -4  -1  -1   3   2   2    7   3   0   3   0   3   2   3   2  21   5   4   4   7   0   4   4   4   7  17  0.22 0.21
   73 N    -1  -1   6   1  -5   1  -1   0  -3  -2  -5  -3  -4  -5  -1  -1   1  -6  -5  -1    6   3  43   7   0   6   4   6   0   3   0   0   0   0   3   4   9   0   0   4  0.80 0.49
   74 E    -1   0   0   3  -4   1   2  -1   1  -1  -2  -1  -3  -1  -1  -1   0   2   1  -1    5   5   4  22   0   5  13   4   3   3   3   3   0   3   3   4   5   3   6   6  0.22 0.23
   75 A     0   0   0   0  -3   1   0   0   2   0  -1   0   1   0   0   0   0   3  -2   0    6   6   6   6   0   6   6   6   6   6   6   6   6   6   6   6   6   6   0   6  0.06 0.10
   76 A     3  -2  -1  -2   2  -1  -2  -1   0   0  -2  -2   0  -1  -1  -1   0   2  -1   2   24   3   3   2   4   3   3   6   3   4   4   3   2   3   3   4   7   2   3  13  0.22 0.21
   77 R     0   0   0   0   2   0   0  -1   1   0  -1   0   1   0   0   0   0  -2   1   0    5   5   5   5   5   5   5   5   5   5   5   5   5   5   5   5   5   0   5   5  0.03 0.05
   78 A     3  -1   1  -1  -6   2  -1   0  -6   0  -2  -1   1  -6  -6   1  -1  -7   0   0   23   4   7   4   0  10   4   6   0   5   5   4   4   0   0  10   5   0   3   6  0.32 0.25
   79 V    -1   0   0   0   2   0   0  -1   2   0  -1   0   2   1   0  -1   0   4   1  -1    5   5   5   5   5   5   5   5   5   5   5   5   5   5   5   5   5   5   5   5  0.09 0.08
   80 M    -1  -1  -2  -2  -3   0  -2  -2  -3   0   2  -2   4   2  -2  -2   1  -3   1   1    5   3   1   2   0   4   2   3   0   4  25   2  13  11   2   3   9   0   4   8  0.26 0.26
   81 L     0  -1  -2  -2  -3  -1   0  -2  -4   2   3  -2   0  -2  -1  -2   0   1  -3   1    8   3   2   2   0   3   6   4   0  11  33   2   2   0   3   2   6   2   0  12  0.23 0.24
   82 A     3  -2  -1  -1   0  -1   1   0   0  -2  -2  -1  -1  -2   2   0   0   1  -1  -1   31   2   2   4   2   2   9   6   2   2   3   3   2   2  10   6   7   2   2   3  0.23 0.26
   83 C    -1  -3  -2  -1   2   0   0   3   1  -1  -1  -1  -2   2  -3  -1  -1   2   3  -1    3   0   0   3   5   4   7  26   4   4   4   3   0   9   0   4   4   3  10   3  0.21 0.24
   84 A     0   0   1   0  -2   1   0   0  -1   0   0   0   1  -2   1   0   0  -2   1   0    6   6   6   6   0   6   6   6   0   6   6   6   6   0   6   6   6   0   6   6  0.05 0.08
   85 A     0   0   0   1  -3   1   1  -1   0  -1   0   1   0  -1   0   0   1   2   0  -1    6   5   4   9   0   5   8   4   3   4   8  11   3   3   4   5   9   3   3   4  0.06 0.08
   86 G     0   0   1   0  -3   1   0   0  -1   0  -2   0   1   1   1   0   0  -2   1   0    6   6   6   6   0   6   6   6   0   6   1   6   6   6   6   6   6   0   6   6  0.05 0.09
   87 N     0  -2   5   0  -4  -1  -1   0  -1  -2  -3  -2  -1  -1   1   0   1  -5  -1  -1    9   2  31   4   0   2   4   7   1   2   3   2   1   2   7   7  10   0   2   4  0.40 0.36
   88 D     0  -1   1   2  -3   0   0   3   0  -1  -2  -1  -1  -2  -1  -1   1  -4  -1   0    9   3   8  14   0   3   5  21   2   3   3   2   2   2   2   3   8   0   2   9  0.17 0.18
   89 L    -1  -3  -1  -1  -3   0  -1  -1  -2   0   2  -1   1   2  -1  -1   0   4   3   0    4   0   4   3   0   4   3   4   0   6  20   3   3   9   4   3   4   6  11   6  0.16 0.18
   90 D     0   0   1   0  -3   1   0   0   2   0  -1   0   1  -2   1   0   0  -2   1   0    6   6   6   6   0   6   6   6   6   6   6   6   6   0   6   6   6   0   6   6  0.05 0.08
   91 V     1  -1   2  -2  -6   2  -2   0   4   0  -1  -2   1  -1  -1  -2  -1   2   0   1   10   3   9   3   0   9   3   7  10   5   6   3   3   3   4   3   3   3   3  10  0.21 0.18
   92 I    -1   0   0   0   2   0   0  -1   2   0  -1   0   2   1   0  -1   0   4   1  -1    5   5   5   5   5   5   5   5   5   5   5   5   5   5   5   5   5   5   5   5  0.09 0.08
   93 G     3  -1  -1  -1   2   0  -1   2   1   0  -2  -1  -5  -1  -1   0   0  -7  -6   0   23   3   3   4   4   5   4  15   3   5   4   3   0   3   3   7   5   0   0   7  0.25 0.20
   94 A    -1   0   0   0   2   0   0  -1   1   0  -1   0  -2   0   0   0   0   3   1  -1    5   5   5   5   5   5   5   5   5   5   5   5   0   5   5   5   5   5   5   5  0.02 0.09
   95 N    -1   0   0   0  -3   0   0  -1   1   0  -1   0   1   0   0   0   0   3   1  -1    5   5   5   5   0   5   5   5   5   5   5   5   5   5   5   5   5   5   5   5  0.02 0.09
   96 Y    -1   0   0  -2   1   0  -2  -2   1   0  -1  -1   2   2  -2  -2   0   2   4   0    4   6   5   3   2   4   3   4   4   6   7   3   4   9   3   4   6   3  14   6  0.22 0.16
   97 N     0   0   0   0   2   0   0  -1   1   0  -1   0   1   0   0   0   0  -2   1   0    5   5   5   5   5   5   5   5   5   5   5   5   5   5   5   5   5   0   5   5  0.03 0.05
   98 T     0   0   0   0   2   0   0  -1   1   0  -1   0   1   0   0   0   0  -2   1   0    5   5   5   5   5   5   5   5   5   5   5   5   5   5   5   5   5   0   5   5  0.03 0.05
   99 T     0   0   0   0   2   0   0  -1   1   0  -1   0   1   0   0   0   0  -2   1   0    5   5   5   5   5   5   5   5   5   5   5   5   5   5   5   5   5   0   5   5  0.03 0.05
  100 R     0   0   0   0   2   0   0  -1  -2   0  -1   0   1   0   0   0   0   3   1   0    5   5   5   5   5   5   5   5   0   5   5   5   5   5   5   5   5   5   5   5  0.05 0.08
  101 L     0   0   0   0  -3   1   0  -1   1   0   1   0   1   0   1  -1  -1   2   0   0    7   6   4   4   0   6   5   3   4   7  16   5   5   3   6   4   3   3   3   7  0.04 0.07
  102 T     0   0   0   0  -2   1   0   0   1   0  -1   0   1   0   1   0   0  -2   1   0    6   6   5   6   0   5   6   6   5   6   6   6   5   5   6   6   6   0   5   6  0.03 0.06
  103 I    -1  -1  -1  -1  -3   0  -1   0   0   2   0  -1   0   0   0   0  -1  -3   2   1    4   3   3   3   0   4   4   8   3  14  10   4   3   4   5   6   4   0   8  10  0.05 0.10
  104 T    -1   0   0   0  -3   0   0  -1   2   0  -1   0   1   0   0   0   0   3   1   0    5   5   5   5   0   5   5   5   5   5   5   5   5   5   5   5   5   5   5   5  0.06 0.08
  105 P     1   0  -1   0   0   0   0  -1   0  -1  -2  -1  -3  -1   3   0   1   4   0   0   10   7   3   5   3   3   6   3   3   3   3   4   0   3  13   7   9   6   3   7  0.15 0.16
  106 A     0   0   0   0   2   1   0   0   1   0  -1   0  -1   0   1   0   0  -3  -1   0    6   6   6   6   6   6   6   6   6   6   6   6   0   6   6   6   6   0   0   6  0.04 0.07
  107 D    -1  -1   1   4  -4  -1   1  -2  -1  -2  -3   0  -1  -4   0   0   2  -1   0   0    3   3   6  23   0   3   9   3   1   3   2   5   1   0   4   5  17   1   3   8  0.30 0.29
  108 D    -1   0   5   1  -1   0  -1  -2   0  -2  -2  -1  -1  -4   3  -1  -1  -5  -1   0    5   5  27   7   1   3   3   3   2   2   5   4   2   0  15   4   4   0   2   6  0.40 0.34
  109 S     0  -1   1   1  -3  -1   0  -1   0   1  -1  -1  -1  -1   1   0   2   0  -1  -1    9   3   8  10   0   2   6   4   2  10   7   2   1   2   6   8  12   1   2   4  0.08 0.12
  110 T     1  -1   0   0   0   0   1   0   0  -1  -2   0  -2  -3  -1   0   2   2   0   0   14   3   3   6   2   3   8   7   2   3   3   5   0   0   2   7  17   3   3   6  0.13 0.17
  111 I     0   0   0   0  -2   0   0   0  -2   1   0   0   0   0   1   0   1  -3   0   1    8   5   4   6   0   3   6   6   0   8  10   4   3   4   6   4  10   0   4   9  0.03 0.06
  112 P     0   0   0   0   2   0   0  -1   1   0  -1   0   1   0   0   0   0  -2   1   0    5   5   5   5   5   5   5   5   5   5   5   5   5   5   5   5   5   0   5   5  0.03 0.05
  113 P     0  -1  -1   0  -3  -1   0  -1  -2  -1  -2  -1  -1  -3   4   1   1  -4  -2   1    7   2   3   5   0   2   8   5   1   3   3   2   1   1  24  12   9   0   1   9  0.35 0.26
  114 T     0   0   0  -2  -3  -2  -1   4  -1   0  -2  -2  -1  -3  -1  -1   1  -1  -2   1    7   5   4   2   0   2   5  30   2   6   4   2   2   1   3   4  11   1   1  10  0.26 0.21
  115 P     1  -1  -1   0  -2  -1  -1   5  -4  -3  -2  -2  -2  -4   3  -2  -2  -4  -4  -3   10   3   2   5   1   2   5  44   0   2   4   2   1   1  12   2   2   0   0   2  0.69 0.40
  116 A     3  -1  -2  -1  -1  -1   0   0  -3  -2  -1  -1  -1  -2   2   1   1  -3   1  -1   29   4   2   3   1   2   5   5   0   2   5   3   2   1  10   9   8   0   5   4  0.24 0.24
  117 V    -2  -3   0   5  -4  -2   2  -2  -1   0  -2  -3  -3  -4  -1  -2   0   1  -1   2    3   1   3  33   0   1  11   3   2   4   3   0   0   0   3   2   7   2   3  17  0.51 0.39
  118 M     0   0  -1   0  -1   1   1  -1   0   0   0  -1   1   1   0  -1  -1   1   1   0    6   5   2   6   1   6   8   6   2   6   9   3   6   6   3   2   3   2   6   8  0.01 0.06
  119 E    -1  -4  -4  -1  -6   0   7  -2   1  -6  -6  -4   0  -6  -2  -4  -5  -6  -6  -6    6   0   0   3   0   3  73   4   3   0   0   0   2   0   2   0   0   0   0   0  1.68 0.87
  120 S     0  -2   0   3  -4  -1   1  -1  -1  -4  -1  -1  -1  -2  -1   3   2  -4   0  -2    5   1   4  15   0   2  11   4   1   0   5   3   2   2   3  26  11   0   3   2  0.32 0.30
  121 D    -3  -1   0   7   0  -2  -1  -3  -1  -1  -2  -2  -1  -5  -2  -2  -1   1  -2  -1    2   4   4  53   2   2   3   2   2   4   4   2   2   0   2   2   3   2   2   4  0.96 0.59
  122 T     0  -1   0   3  -4   0   3  -1   0  -2  -2  -1   0  -1  -1  -1  -1   2  -3  -1    8   3   3  20   0   4  22   5   3   3   3   3   3   3   3   4   4   3   0   4  0.27 0.26
  123 D     0   0   1   0  -2   1   0   0   2   0  -1   0   1  -2   1   0   0  -3  -2   0    6   6   6   6   0   6   6   6   6   6   6   6   6   0   6   6   6   0   0   6  0.06 0.08
  124 Y     0  -2  -2  -2   3  -2   0   0  -2   1   0  -2   2   1  -3  -2  -1   4   2   0    8   0   0   0   8   0   8   8   0   8   8   0   8   8   0   1   0   8   8   8  0.11 0.14
  125 R     0   6  -3  -4  -5  -1  -2  -4   0  -2  -1   1   0  -2  -4  -1  -2  -4   0  -1    6  53   0   0   0   2   2   0   2   2   7   6   2   2   0   4   2   0   3   5  0.88 0.50
  126 L     1   2  -1  -2   1  -1   2  -2   1  -2  -2   2   0  -1  -2   0  -2   3  -1  -2   13   9   3   3   3   3  13   3   3   3   5  13   3   3   3   6   3   4   3   3  0.22 0.17
  127 R    -2   7  -1  -1   2   0  -7  -8   2  -1  -2  -1  -7  -8  -1  -2  -1  -8  -7   0    4  47   4   4   3   4   0   0   4   4   4   4   0   0   4   4   4   0   0   6  1.17 0.58
  128 I     0  -1  -7  -7   3   0  -2  -2  -6   5   0  -6   2   1  -7  -2   0  -6   2   2    7   4   0   0   5   4   4   4   0  24  10   0   4   6   0   4   6   0   7  11  0.55 0.28
  129 Q    -1   2  -1  -1   1   3  -2  -3   2   0   1  -1   1   0  -1  -2  -2   2   1  -1    5  12   3   3   3  14   3   3   4   5  13   3   3   4   4   3   3   3   4   5  0.23 0.17
  130 Q     0   0   0   1  -7   1   1  -3   1  -1   3  -1   2   0  -3  -2  -1  -7   0  -3    8   4   4   7   0   6  10   3   3   4  25   4   5   3   2   3   3   0   3   2  0.26 0.21
  131 A     3   2  -1  -1   1  -1  -1  -2   1  -2  -3   0   0   0  -2   2  -1   2   1  -1   21  10   3   4   3   3   4   3   3   3   3   6   3   4   3  13   4   3   4   4  0.24 0.22
  132 F    -1   0   0   0   2   0   0  -1   2   0  -1   0   2   1   0  -1   0   4   1  -1    5   5   5   5   5   5   5   5   5   5   5   5   5   5   5   5   5   5   5   5  0.10 0.09
  133 E     0   0   0   0  -2   0   0   0   1   0  -1   0   1   0   0   0   0  -2   1   0    5   5   5   5   0   5   5   5   5   5   5   5   5   5   5   5   5   0   5   5  0.00 0.06
  134 G     2   2   1  -2  -4   1   0   2   0  -3  -3   0  -1  -3  -1   1   1  -5  -1  -2   17  10   7   1   0   5   7  17   2   1   2   4   2   1   2  10   7   0   2   3  0.23 0.24
  135 L    -2   0  -3  -3  -5  -1  -2  -3  -1   0   3  -1   0   2   3  -2  -2   2   2  -1    4   5   1   1   0   2   2   2   1   4  26   4   2   8  17   3   2   3   7   4  0.34 0.30
  136 S     2  -3   0  -2  -1  -2  -1   0  -1  -3  -5  -2  -2  -3   2   4   1   0  -2   0   17   1   5   1   1   1   4   7   1   1   0   2   1   1  10  30   7   1   1   6  0.41 0.39
  137 V     0   0   1  -1   0   0  -1   1   0  -1  -1   1  -1  -1  -1   0   2   1  -1   0    6   5   7   2   2   4   3  11   3   4   4   9   1   3   3   6  17   2   2   6  0.08 0.13
  138 A     2  -1  -1  -1   1   1   0   3   0  -2  -2  -1  -1  -1  -3   0  -1  -4  -3  -2   20   3   2   3   3   6   5  28   3   2   5   2   2   3   0   7   4   0   0   2  0.29 0.26
  139 G     0   0   1   0   1  -2  -1   4  -3  -1  -1  -2  -3  -1   1   0   0  -4  -3   0    7   5   7   5   3   0   5  32   0   4   6   0   0   4   6   5   5   0   0   7  0.27 0.24
  140 S     0  -1   2  -1   1   0  -1  -1   1  -1  -1  -1  -2  -3   1   0   3   5  -3  -1    6   4  11   3   3   4   3   4   3   5   5   4   0   0   6   5  22   8   0   5  0.23 0.23
  141 V     1   1  -1   1  -1   0   1  -1  -1  -2  -1   1   0  -2   0   1  -1   0   0  -1   15   8   2   6   1   3  11   5   1   2   5   9   3   2   5  11   2   1   3   5  0.10 0.14
  142 G    -1   0   0   0  -3   0   0  -1   2   0  -1   0   1   0   0   0   0   3   1   0    5   5   5   5   0   5   5   5   5   5   5   5   5   5   5   5   5   5   5   5  0.06 0.08
  143 A     2   0  -1   2  -4   0  -1  -1   2  -2  -2  -1   0   0  -1   0   0   2   0  -2   21   4   3  14   0   4   3   5   6   3   3   3   3   4   3   7   6   3   3   3  0.18 0.23
  144 Y    -1  -6  -7  -7   1   0  -6  -7   1  -1  -2  -6  -6   0  -7  -2  -6   3   9  -2    5   0   0   0   3   4   0   0   3   4   3   0   0   3   0   3   0   4  63   3  2.04 0.94
  145 Q    -1   3  -3  -4  -2   1   2  -4   0   2   0   2  -2  -5  -3  -2  -1  -5  -2   1    5  19   1   0   1   6  15   1   2  12   7  14   1   0   1   1   3   0   2  10  0.39 0.33
  146 Y     1   0  -1  -2   0   1  -1  -3   0  -1  -1  -2  -1   4  -5  -1  -1   3   5  -2   13   4   3   3   2   6   5   2   2   4   5   2   1  18   0   5   3   3  18   3  0.39 0.32
  147 H     0   0  -2  -1  -5  -1  -1  -2   6  -1  -1  -1  -1   2  -2  -3  -2   7   1  -1    8   5   2   3   0   2   4   3  21   3   7   3   2   7   2   1   2  14   5   5  0.62 0.40
  148 G     5  -4  -4  -5   3  -1  -1  -1  -5  -1  -2  -4  -4  -1   1  -1   1  -5  -4   0   49   0   0   0   6   3   3   4   0   4   3   0   0   3   7   4   7   0   0   7  0.67 0.49
  149 R    -1   1  -1  -1   0  -1  -1  -2   1  -1   2   2   2   0  -4  -1  -1   2   0  -1    4   8   3   3   3   3   4   3   3   3  23  13   7   3   0   3   3   3   3   3  0.14 0.20
  150 S     1   0   1   0  -4   1   1   0  -3  -3  -2   0   0  -1  -1   2   1   2   0  -1    9   4   7   5   0   6   8   6   0   0   4   4   3   3   3  18   9   3   3   3  0.15 0.21
  151 A     4  -2  -1  -2   1  -1  -3  -3  -1   0  -1  -2  -1   1  -4  -1   0   1   0   2   34   2   3   2   3   3   1   1   1   5   5   2   1   5   0   4   6   2   3  17  0.38 0.36
  152 D    -1  -1   1   3  -5  -1   0  -1   3  -2  -2  -1   0   0   0   1  -1   2   0  -1    6   4   5  20   0   3   6   4   9   3   3   3   3   4   4  13   3   3   3   4  0.24 0.25
  153 G     0  -1   0  -1   1   0  -1   3   0  -1  -2  -1   0  -1   3   0  -1  -5  -4  -1    9   3   4   3   3   5   4  24   3   3   3   3   3   3  15   6   4   0   0   4  0.26 0.24
  154 R     0   0   0   0  -3   1   0   0   2   0  -1   0   1   1  -3   0   0   3   1   0    6   6   5   6   0   5   6   6   5   6   6   6   5   5   0   6   6   5   5   6  0.06 0.10
  155 V     0   0   0   0   2   0   0  -1   1   0  -1   0   1   0   0   0   0  -3   1   0    5   5   5   5   5   5   5   5   5   5   5   5   5   5   5   5   5   0   5   5  0.03 0.06
  156 A     3   0  -1  -1   1   0  -2  -1   1   0  -1   2   0  -1  -2   0  -1   2  -1   0   20   6   3   3   2   3   3   4   3   6   5  11   3   3   3   6   3   3   3   6  0.16 0.14
  157 D     0   0   0   0   2   0   0  -1   2   0  -1   0  -2   0   0   0   0   3   1  -1    5   5   5   5   5   5   5   5   5   5   5   5   0   5   5   5   5   5   5   5  0.06 0.08
  158 I     0   0  -2   0   2   1   0  -1   2   0  -1   0   1  -2   0   0   0   4   1   0    6   6   0   6   6   6   6   6   6   6   6   6   6   0   6   6   6   6   6   6  0.08 0.14
  159 S     1   1  -1  -1   1  -1  -2   0   1   0  -3   1  -1   0  -3   0   1   2   3   0   12   8   3   3   3   3   3   7   3   5   3   9   1   4   1   7   7   3   9   7  0.14 0.13
  160 V     2  -1  -3  -3   1  -9  -3  -3  -1   1  -2  -9  -1  -1   2  -3  -3 -10  -1   5   14   4   2   2   3   0   3   2   2   8   4   0   2   3  11   2   2   0   3  35  0.76 0.47
  161 T    -2   0   0   1  -5  -1   0  -2   1   1   0  -1   0   0   0  -1   0   3   3   1    4   6   4   9   0   3   6   4   3   7   8   4   2   4   5   4   6   4   9   9  0.11 0.11
  162 S    -1   1   1  -1   1   0  -1  -1   1  -2  -2  -2   0  -1   1   3  -1   3   0  -1    5   8   5   4   3   4   5   6   3   2   4   3   2   3   7  19   5   4   3   6  0.17 0.18
  163 P    -1   0   1   0   0  -1  -2  -1   1  -1   0  -1   2  -2   4  -2  -1   3  -1  -2    6   5   6   5   2   3   3   4   3   3   8   4   4   2  23   4   5   3   3   4  0.31 0.26
  164 S    -1   0   0   0  -3   0   0  -1   2   0  -1   0   1   0   0   0   0   3   1   0    5   5   5   5   0   5   5   5   5   5   5   5   5   5   5   5   5   5   5   5  0.06 0.08
  165 P     0   1   0   0  -5   0   0  -1   1  -2  -2  -1  -4  -1   5  -1  -1   2   0  -2    8   6   4   5   0   3   5   6   3   3   3   3   0   3  30   4   3   3   3   3  0.45 0.36
  166 A     0  -1   0  -2   3  -1  -2   5   1  -2  -3  -2   1  -1  -1  -2  -2  -7   0  -2    7   4   5   3   5   3   3  37   3   3   3   3   3   3   4   4   3   0   3   3  0.55 0.36
  167 C    -1  -1   1   1   1   1   1   0   1   0  -2  -1   0  -1   0  -1   1   2   0   0    4   4   6   7   3   6  10   9   4   7   4   4   3   3   4   4   7   3   3   6  0.07 0.08
  168 V     0   0   0   0   2   0   0   0  -2   0   0  -1   1   1   1   0   0  -2   1   0    6   6   6   6   6   6   6   6   0   6   6   0   6   6   6   6   6   0   6   6  0.03 0.09
  169 T    -2   0   1   1   1  -1  -1  -2   1   0   0  -1   0  -1  -2  -2   1   3  -1   3    3   6   7   7   2   3   4   3   3   5   8   5   2   3   3   3   9   4   3  17  0.13 0.13
  170 I     0  -2   0   0   2   1   0   0   2   0   0   0   1   1  -2   0   0  -2   1   0    6   0   6   6   6   6   6   6   6   6   6   6   6   6   0   6   6   0   6   6  0.04 0.09
  171 S     1   1  -2   0   1  -1  -2  -3   0   1  -2  -2  -1   0  -2  -1   2   1   4   1   10   8   2   5   3   3   2   2   2   7   4   2   2   3   2   4  14   2  13  12  0.22 0.23
  172 V    -1  -5  -5  -6   2  -5  -5  -6  -5   3   1  -5   2   2   1  -2  -1  -5   1   4    5   0   0   0   3   0   0   0   0  17  13   0   4   9   6   3   4   0   5  28  0.62 0.40
  173 L    -1  -1  -4  -2   0  -1  -2  -2   0   1   3  -1   1   0  -1  -2  -1   2   0   1    4   4   0   3   2   3   3   3   3   8  31   3   4   3   3   3   3   3   3   9  0.19 0.24
  174 S     0  -1  -1  -1   1   0  -1   0   0   0  -1  -1   1  -1   0   1   1  -3  -1   1    7   3   3   3   3   4   3   9   2   5   5   3   4   3   5  14  10   0   3   9  0.04 0.12
  175 R     0   2   1   2  -4   0   0  -2   0  -2  -1   0   0  -2  -1   0   1   0  -1  -1   10  13   6  11   0   3   6   2   3   2   5   5   3   2   3   7  12   1   2   3  0.12 0.19
  176 E     0  -1   0   3  -4  -1   1   1  -1  -2  -2  -1  -1  -2   0   1   1   0  -2  -1    8   4   4  17   0   3  10  10   1   2   3   2   1   1   5   9   9   1   2   4  0.15 0.21
  177 N     0   0   2   1  -4   0   1   3   1  -2  -2  -1   0  -1  -1  -1   0  -4   0  -2    6   4   9   8   0   3   8  22   3   3   4   4   3   3   3   4   5   0   3   3  0.16 0.17
  178 N     0   0   1   1   0   0   0   1   1  -1  -1   0   0  -1   0   0   0  -3   0  -1    7   4   7  11   3   4   6  10   3   3   5   5   3   3   4   8   7   0   5   4  0.05 0.06
  179 G     0  -1  -1  -1  -1   0   0   4  -1  -1  -1  -1   0  -2   1  -1   0   0  -2  -1    7   4   3   4   1   4   7  31   1   4   5   4   2   2   6   3   5   1   1   4  0.26 0.24
  180 V     0   0   0   0   2   0   0  -1   1   0  -1   0   1   0   0   0   0  -2   1   0    5   5   5   5   5   5   5   5   5   5   5   5   5   5   5   5   5   0   5   5  0.03 0.05
  181 A     0   1  -1   0  -2   1   0   0  -2   0   0   0   1  -2   1   0   0  -3  -2   0    7   7   0   7   0   7   7   7   0   7   7   7   7   0   7   7   7   0   0   7  0.07 0.08
  182 S     0   0   0   0  -3   1   0   0  -2   0  -1   0   1  -2   1   0   0   3   1   0    6   6   6   6   0   6   6   6   0   6   6   6   6   0   6   6   6   6   6   6  0.07 0.10
  183 E     0   0   1   0  -2   1   0   0   1   0  -1   0  -1   0   1   0   0  -3  -1   0    6   6   6   6   0   6   6   6   6   6   6   6   0   6   6   6   6   0   0   6  0.05 0.06
  184 D     1  -1   0   2  -3   1   2   0   0  -1  -2   0  -2  -3   0   0   0  -4  -1  -1   13   3   3  12   0   7  17   7   2   3   4   5   0   0   4   7   6   0   2   5  0.16 0.19
  185 L     0  -1  -1  -1  -2   0   0  -1   0   1   1  -1   1   0   0  -1   0  -3   0   1    9   3   3   4   0   5   5   3   3   8  20   4   4   4   5   4   4   0   3  10  0.04 0.08
  186 L     0  -1  -1  -1   2   0  -1  -1  -3   2   1  -1   1   0  -1  -1   0  -3  -2   1    6   4   3   4   5   4   4   3   0  15  17   4   3   3   3   4   5   0   0  13  0.09 0.13
  187 A     0   0   1   0  -2   1   0   0   2   0  -1   0   1  -2   1   0   0  -3  -2   0    6   6   6   6   0   6   6   6   6   6   6   6   6   0   6   6   6   0   0   6  0.06 0.08
  188 V     1   1   0   0   0   1   1   0   0  -1  -1   0   0  -1  -2   0   0   1  -1   0   17   7   4   6   2   7   8   5   2   4   7   6   2   2   0   5   7   2   2   5  0.05 0.08
  189 V     0   0  -1   0   2   1   0   0  -2   0   0   0   1  -2   1   0   0  -3  -2   0    7   7   0   7   6   7   7   7   0   7   7   7   6   0   7   7   7   0   0   7  0.07 0.09
  190 R     1   1   0   0  -3   1   0  -1   0  -1   0   0   0   0  -2   0   0   2   0   0   12   9   3   7   0   9   5   5   3   3   9   6   3   3   0   4   5   3   3   7  0.05 0.09
  191 N     0   1   1   1  -2   1   0   0   2   0   0   0   1  -2  -2   0   0  -3  -2   0    7   7   7   7   0   7   7   7   6   7   7   7   6   0   0   7   7   0   0   7  0.06 0.09
  192 A     2   1  -2  -2  -1   0  -1  -3   3  -1  -1  -1   0   0  -4  -1  -1   1   4   0   20   7   2   2   1   5   3   2   8   3   5   4   2   4   0   4   4   2  17   8  0.31 0.29
  193 L    -1  -2  -4  -2   2  -1  -4  -2  -4   2   3  -4   2   1  -1  -2  -1  -4   0   2    5   2   0   3   5   3   0   2   0   9  35   0   4   7   3   3   4   0   2  13  0.35 0.29
  194 N    -1   0   3   1  -4   0   0  -1   1  -1  -2  -1   0  -1  -1   1   1   2   1  -2    5   4  14   8   0   5   4   4   3   3   4   4   3   3   3  12  10   3   5   3  0.14 0.17
  195 G     1   1   1   1  -3   1   0   0   1   0  -1   0   0  -3   2   0   0  -3   0  -1   12   7   6  11   0   6   5   5   3   6   6   4   3   0   9   7   4   0   3   4  0.10 0.12
  196 E     0   0   1   0  -3   1   0   0   2   0  -1   0  -1  -2   1   0   0   3  -2   0    6   6   6   6   0   6   6   6   6   6   6   6   0   0   6   6   6   6   0   6  0.09 0.10
  197 D     0   0   0   2  -4   0   2  -1   0  -2  -3   2  -1  -4   0   0   1  -4  -1  -2    6   4   5  14   0   3  14   5   2   2   2  15   2   0   4   7  10   0   2   2  0.22 0.21
  198 V     0   1   1  -1  -3   0   0  -1   0   1  -1   0   0   0   0  -1   0  -3   0   2    6   9   8   3   0   3   5   4   3  10   4   4   3   3   4   3   4   0   3  20  0.06 0.12
  199 R     0   0   0  -2   2   1   0   0   2   0  -1   0  -1  -2   1   0   0  -2   1   0    6   6   6   0   6   6   6   6   6   6   6   6   0   0   6   6   6   0   6   6  0.06 0.10
  200 P     0   1  -1  -2  -2   1   0   0   2   0   0   0   1  -2   1   0   0  -2   1   0    7   7   0   0   0   7   7   7   6   7   7   7   6   0   7   7   7   0   6   7  0.07 0.11
  201 V     0   0   0   0   2   0   0   0   2   0   0  -1   1   0   1   0   0  -3  -2   0    6   6   6   6   6   6   6   6   6   6   6   0   6   6   6   6   6   0   0   6  0.04 0.09
  202 A     0  -1   1   0   3  -3  -3   2  -3  -3  -2  -3  -3   1   0   0   3   3   1  -1    8   4   8   5   7   0   0  14   0   0   4   0   0   8   4   7  20   4   5   4  0.25 0.27
  203 D     1  -3   0   5   1   0   0   0   1  -1  -4  -3  -3  -4  -1  -1  -1  -5  -4   0   14   0   3  41   3   3   3   8   4   4   0   0   0   0   3   3   4   0   0   7  0.55 0.37
  204 R    -1   2   2   2  -1   1   1  -2   1  -1  -1   1  -1  -2  -2   0   1   0  -1  -1    4  14   9  11   1   7  10   2   3   3   5   7   1   1   2   4  10   1   3   3  0.17 0.17
  205 V     0  -3   0   0   2  -2  -2   0   2   0   0  -2   1   1   1   0   0   4   1   0    6   0   6   6   6   0   0   6   6   6   6   0   6   6   6   6   6   6   6   6  0.11 0.15
  206 T    -1   0   0   0   2   0   0  -1   2   0  -1   0   1   1  -3   0   0   3   1   0    5   5   5   5   5   5   5   5   5   5   5   5   5   5   0   5   5   5   5   5  0.07 0.11
  207 V     0   0   1  -2   3  -2  -2   0  -2   1   0  -2   2   1   1   0   0  -3  -2   0    8   8   8   0   8   0   0   8   0   8   8   0   8   8   8   8   8   0   0   8  0.09 0.13
  208 Q     0   2  -1  -1   1   2   0  -1   2  -1  -1   1   0   0  -1  -1  -1  -3   0   0    6  10   3   3   3  12   4   3   6   3   7   9   3   4   3   5   4   0   3   7  0.07 0.12
  209 S     3  -1   1  -1   0  -1   0   0   0  -2  -2  -1   0  -1   1   2   0   1  -4  -2   25   3   6   4   2   3   4   7   2   2   4   4   2   2   7  14   4   2   0   2  0.20 0.22
  210 A     4  -1  -2  -5   2  -5  -5  -1   0  -2  -3  -5  -5  -2   4  -1  -4  -6  -1   0   39   4   2   0   4   0   0   5   2   2   3   0   0   2  23   3   0   0   2   7  0.82 0.51
  211 A     0  -1   0   1  -4   1   3  -2  -1  -1  -2   0  -1  -3  -2   0   2  -5  -4   0   10   3   5   7   0   7  18   3   1   4   2   6   2   1   2   5  15   0   0   9  0.22 0.23
  212 I     0   0   0   0  -2   1   0   0   1   0  -1   0   1   0   1   0   0  -2   1   0    6   6   5   6   0   5   6   6   5   6   6   6   5   5   6   6   6   0   5   6  0.03 0.06
  213 V    -1   0   0  -1  -3   0  -1  -2   1   1   0   1   1   0  -1  -1   0   2   0   2    4   5   4   3   0   4   3   3   3   9   8   9   3   3   3   3   5   3   3  21  0.09 0.13
  214 E     0   0   1   1  -4   1   1  -1   1  -1  -2  -1   0  -1   2   0   0  -4   0   0    9   5   6   7   0   6  10   3   4   4   3   3   3   3  11   5   7   0   3   8  0.11 0.14
  215 Y    -1  -2  -5  -5   0   0  -3  -3   0   2  -2  -2   0   2  -2  -2  -1   3   6   1    5   2   0   0   2   4   2   2   2  11   3   2   2   8   2   2   3   4  32  11  0.68 0.49
  216 Q     0   0   3   3  -5   2   0  -3   0  -3  -4  -1  -4  -3   0   1   2  -6  -4  -2    8   4  16  18   0   8   6   1   2   1   1   3   0   1   5   8  13   0   0   4  0.40 0.35
  217 I    -1  -2  -5  -6   0  -2  -3  -4  -1   5   1  -5   1   0  -1  -3  -2   0   0   4    5   2   0   0   2   2   2   2   2  29  11   0   3   4   3   2   2   2   4  24  0.58 0.39
  218 N    -1   2   0   1  -4  -1   1  -1   2  -1  -2   0  -1  -1  -2   1   3  -4  -1  -1    5  10   4  10   0   2   9   4   6   4   4   4   2   2   2   8  18   0   2   5  0.17 0.20
  219 A     3  -2  -4  -5   0  -2  -1  -1  -4   2   1  -4   0   0  -2  -2  -1  -5  -1   2   29   2   0   0   2   2   5   5   0  12  11   0   2   3   2   3   3   0   2  16  0.37 0.32
  220 T    -1   0   0   0   2   0   0  -1   2   0  -1   0   2   1   0  -1   0   4   1  -1    5   5   5   5   5   5   5   5   5   5   5   5   5   5   5   5   5   5   5   5  0.09 0.08
  221 L     0  -2   1  -2   3  -2   0  -2  -2   1   0  -2   2   1  -3   0   0   4   2   0    8   0   7   0   7   0   8   1   0   8   8   0   7   7   0   8   8   7   7   8  0.14 0.15
  222 Y    -1   0   0   0  -3   0   0  -1   2   0  -1   0   1   0   0   0   0   3   1   0    5   5   5   5   0   5   5   5   5   5   5   5   5   5   5   5   5   5   5   5  0.06 0.08
  223 L    -1  -1  -4  -3   0  -2  -2  -2  -1   3   2  -2   1   1  -1  -2   0   0  -1   2    5   3   0   2   2   2   2   3   2  18  22   2   4   6   3   3   5   1   2  12  0.25 0.21
  224 Y    -1   0   1   0  -1  -1   0  -1   0  -1  -1   0  -1   1   1   0   0   0   3  -2    5   6   6   6   1   2   8   5   3   3   7   6   2   6   8   8   5   1  10   2  0.08 0.11
  225 P     0   0   1   1  -3   0   0   0   1  -1  -1   1   0  -1   2   1   0  -3   0  -1    8   5   8   9   0   5   5   5   3   3   5   8   3   3  10   9   6   0   3   3  0.10 0.11
  226 G    -1  -1   1   0  -4   1  -1   3   1  -2  -2  -1   0  -1  -1   0   0   2   0  -2    5   3   5   6   0   6   4  27   3   3   4   3   3   3   3   9   5   3   3   3  0.22 0.22
  227 P     1  -2   0   1   0  -1  -1  -2   0  -1  -1  -1  -1  -1   4   0   0   1   0  -1   14   2   5   7   2   3   4   3   2   3   5   3   2   3  21   6   5   2   4   5  0.24 0.24
  228 E     0  -1   1   4  -5  -1   1  -1  -1  -2  -2  -1   1  -2  -1   1   0  -5  -2  -2    8   4   6  25   0   3   9   5   1   3   4   2   3   2   3  11   7   0   2   3  0.30 0.29
  229 S    -1   0   0   0  -3   0   0  -1   2   0  -1   0   1   0   0   0   0   3   1   0    5   5   5   5   0   5   5   5   5   5   5   5   5   5   5   5   5   5   5   5  0.06 0.08
  230 E     1  -1   1   2  -3   1   2  -1   1  -1  -1   0   0  -1   0   1   0  -4  -3  -1   11   3   5  10   0   5  14   5   3   3   4   5   3   3   4  10   6   0   0   4  0.12 0.15
  231 P     1  -1   0   0  -3   1   1  -1   0   0   0  -1   0  -1   0   0   1   1  -1   0   11   2   3   4   0   6   9   3   2   5  10   3   2   2   5   7  11   2   2   9  0.05 0.11
  232 I     0  -4  -2  -3  -2  -3  -4  -4  -2   4   0  -5  -1  -4  -3  -3   1  -1  -2   5    6   1   2   2   1   1   1   2   1  22   9   0   2   0   1   2   7   1   1  37  0.74 0.50
  233 R    -1   2  -1   0   0   2   1  -2   0  -1   1   2   1  -1  -2  -2  -1  -4  -1  -1    4  13   2   6   2  11   7   3   2   4  13  12   3   3   2   2   4   0   2   4  0.13 0.18
  234 A     2   0   0   1   0   1   1  -1   0  -1  -2   0   0  -2   0   0   0   0  -1  -2   20   4   5   7   2   7  10   4   3   3   3   6   2   2   4   5   7   2   2   3  0.13 0.17
  235 A     0   0   0   0  -2   1   0   0   1   0  -1   0   1   0   1   0   0  -2   1   0    6   6   5   6   0   5   6   6   5   6   6   6   5   5   6   6   6   0   5   6  0.03 0.06
  236 A     3  -2  -4  -4   1  -1  -1  -2  -4   2   0  -2   0   0  -2  -1  -1  -4   0   3   29   3   0   0   3   3   5   3   0  10   7   3   2   4   2   3   2   0   3  19  0.33 0.31
  237 V     0   2   0   0  -1   1   2  -2   0  -1  -1   1   0  -1  -1  -1   0   1   0  -1    7  11   3   5   2   8  15   3   2   4   6  11   2   2   2   3   6   2   4   3  0.12 0.15
  238 K     2   0   0   1  -4   2   1   0  -1  -2  -2   1  -1  -2  -2   0   1   0  -4  -2   22   5   4   6   0   9  11   5   1   2   3   8   1   1   2   7   8   2   0   2  0.21 0.24
  239 K     4   2   1  -2  -4   0  -1  -2  -1  -2  -2   0  -1  -2  -4   1  -1  -5  -2   0   36  12   6   2   0   3   4   2   2   2   3   5   1   2   0   9   3   0   1   6  0.39 0.36
  240 L     0  -5  -3  -3   0  -5  -3  -4  -2   3   4  -3   0   0  -5  -3  -2   0  -1   3    7   0   1   2   2   0   2   1   1  17  37   1   2   3   0   1   1   1   2  17  0.60 0.41
  241 E     2   2   0   1  -4   3   2  -2  -1  -2  -3   1  -2  -3  -2   0   0  -2  -3  -2   16  12   5   8   0  14  13   2   1   2   3   7   1   1   1   4   7   1   1   2  0.28 0.29
  242 A     3  -1   0   2  -4   1   2  -1  -1  -2  -2   0  -3  -2  -2   0   0  -1  -2  -2   25   3   4  11   0   6  13   4   1   2   5   7   0   2   2   6   6   1   1   2  0.24 0.26
  243 Y     0  -3  -3  -4  -3  -2  -3  -5   0  -2  -1  -4   0   4  -6  -4  -3   4   8  -2    8   2   1   1   1   2   2   1   2   2   7   1   2  15   0   1   2   4  43   3  1.26 0.71
  244 I     1  -2  -2  -3   0  -2  -3  -3  -2   2   2  -1  -1   2  -4  -2   0   3  -1   2   13   2   2   1   2   2   2   2   1  12  19   3   1  10   0   1   7   5   1  14  0.26 0.24
  245 T     2   1   1   1  -2   1   1  -1   0  -2  -1   1  -2  -2  -2   0   0   0  -2  -2   21   6   8   9   1   5  11   4   2   1   5   7   1   2   1   6   5   1   1   2  0.18 0.21
  246 A     0   1   0   1  -3   2   2  -1  -1  -4  -3   0  -5  -4  -2   1   0   7  -2  -4    9   8   5   9   1   8  13   4   2   1   3   5   0   1   2  10   5  14   1   1  0.47 0.38
  247 Q     0   0   0   0   2   1   0   0   2   0  -1   0   1  -2   1   0   0  -3   1   0    6   6   5   6   5   5   6   6   5   6   6   6   5   0   6   6   6   0   5   6  0.04 0.08
  248 H    -1   0   0   0   2   0   0  -1   2   0  -1   0   2   1   0  -1   0   4   1  -1    5   5   5   5   5   5   5   5   5   5   5   5   5   5   5   5   5   5   5   5  0.09 0.08
  249 R    -1   3  -1  -1  -5   0  -1   0   1  -1  -1   2   1  -1   0  -1  -1   2   0  -1    6  15   3   3   0   4   5   7   3   3   6  13   3   3   5   4   4   3   3   5  0.17 0.14
  250 L    -3  -5  -2  -6  -1  -3  -3  -4  -1   4   3  -2   1   1   1  -3  -3   0  -2   0    2   0   3   0   1   1   2   2   2  24  31   3   3   6   7   2   2   1   1   7  0.58 0.37
  251 G    -1  -2  -1  -1  -7  -2  -2   6  -1  -3  -4  -1  -7  -7  -7  -2  -2   2  -7  -7    4   3   3   3   0   2   3  63   2   2   2   4   0   0   0   3   3   3   0   0  1.35 0.73
  252 R     0   3   0  -2  -2   1   1   1  -1  -3  -2   0  -1  -1  -4  -2  -1   2   3  -1    9  16   4   3   1   5   9  12   2   2   4   6   2   2   1   3   4   3   8   5  0.25 0.21
  253 D    -1  -1   1   5  -2  -1  -1  -2  -2  -1  -3  -3  -3  -2  -1   1   1  -1  -2   0    6   4   6  29   1   3   4   4   1   4   3   2   1   2   4  10   8   1   2   6  0.47 0.34
  254 I    -1   0   0   0   2   0   0  -1   2   0  -1   0   2   1   0  -1   0   4   1  -1    5   5   5   5   5   5   5   5   5   5   5   5   5   5   5   5   5   5   5   5  0.09 0.08
  255 R     0   1   1  -2   0  -1  -1  -3   0   0  -1  -2   0  -1   1   0   2   1   2   1    8   7   6   3   2   2   3   2   2   6   6   3   2   2   8   6  12   2   6  11  0.13 0.13
  256 L     0   3  -6  -2  -6  -1  -2  -3   0   0   2  -2   0   0   2  -1  -1   1   1   0    8  16   0   3   0   3   3   3   2   5  16   2   2   4  12   4   4   2   4   6  0.27 0.22
  257 S     0  -1   0   1   1   0  -1  -1   1  -2  -2  -1   0  -1  -2   4   0   2   0  -2    8   4   5   8   3   4   4   5   3   3   5   3   3   3   3  26   5   3   3   3  0.26 0.24
  258 A     1   0  -1   1  -6   3   0   1   1   0  -2   0   1   0  -6  -1  -2   3   1  -2   10   5   3   8   0  11   7  10   3   5   5   5   4   3   0   6   3   4   5   3  0.18 0.17
  259 I    -1  -2  -5  -1   0  -1  -5  -5   0   4   3  -4   1   0  -5  -2  -2   1  -1   1    5   2   0   3   2   3   0   0   2  26  28   0   3   3   0   3   3   2   2  10  0.55 0.36
  260 Y     0  -1  -1   0  -2   0  -1  -2   1   3  -1   0   1   0  -4  -1   1   0   3   1    6   3   3   4   1   4   3   3   3  20   4   5   3   3   0   4   9   2  11   7  0.17 0.20
  261 A     4   0  -1  -1  -5   0   0   1   1  -2  -3   0  -2  -2  -4   1  -1   0   0  -3   34   5   3   3   0   5   6   9   3   3   2   5   1   1   0  11   3   1   3   2  0.37 0.34
  262 A     4   1  -1  -3   0  -1  -2  -3   0  -1   0  -1   1  -2  -5  -1  -1  -1  -1   0   40   9   3   1   2   3   2   1   3   4  10   3   3   1   0   3   4   1   2   6  0.45 0.38
  263 L     0  -1  -1  -1   1   0  -1  -1  -3   1   2  -1   2   0  -1  -1  -1  -3   0   1    7   4   3   3   4   3   4   3   0   9  25   4   5   4   3   4   3   0   3   8  0.08 0.12
  264 H    -1   0   1   1  -3   1   0   0   2  -1  -1   0   1   0  -3   0   0   2   1   0    4   5   7   9   0   5   4   7   8   4   4   6   5   4   0   8   5   3   5   6  0.08 0.12
  265 V     0  -1   0  -1   0   0  -1  -1  -1   2   0  -2   0  -2  -2  -1   0  -4  -1   3    7   3   4   4   2   6   3   4   2  13   7   2   2   1   2   4   4   0   1  28  0.18 0.21
  266 E     2  -1   0   1  -4   0   1  -1  -1  -1  -2  -1  -1  -2   3   0   0  -4  -1  -1   23   2   3   8   0   3  10   5   2   3   3   2   2   2  14   6   6   0   2   4  0.23 0.25
  267 G    -2  -2   1   1  -6  -2  -2   6  -5  -3  -3  -3  -5  -6  -2  -1  -2  -6  -2  -3    2   2   6   7   0   2   2  59   0   2   3   2   0   0   2   4   3   0   2   2  1.06 0.62
  268 V     2  -6  -3  -3   2  -5  -2  -2  -6   1  -2  -5   0  -2  -6  -5  -2  -6   1   6   15   0   2   1   4   0   3   3   0   6   3   0   2   2   0   0   2   0   4  52  0.93 0.59
  269 Q    -1   0  -1  -1  -4   1   2  -2   0  -1  -2   2  -1  -1  -1   0   1  -1   2   0    5   6   2   3   0   7  15   2   2   4   3  12   1   2   2   8   8   1   8   8  0.15 0.19
  270 R    -2   4   3   3  -5   0  -1  -1   0  -4  -5   1  -2  -1  -5   0  -1   0   0  -4    3  26  15  15   0   4   3   5   2   1   0   7   1   3   0   6   3   1   3   1  0.53 0.40
  271 V     0  -4  -3  -6   1  -5  -6  -4   2   1   1  -5  -1  -1  -3  -3  -2  -1   0   6    7   1   1   0   3   0   0   1   5   6  10   0   1   2   1   2   2   1   3  53  0.92 0.57
  272 E    -1   0   0   2  -4   0   3  -3   0  -1  -2   0  -2  -3  -3   0   2  -1  -3   0    5   5   4  10   0   4  23   1   2   3   3   6   1   1   1   6  14   1   1   8  0.28 0.28
  273 L    -3  -4  -6  -2  -4  -3  -5  -5  -6   4   4  -5   1   0  -3  -4  -3   0  -2   3    1   1   0   2   0   1   0   1   0  22  40   0   3   3   1   1   1   1   1  20  0.86 0.50
  274 A     0  -1   2   0   0  -1  -1  -2  -1   1   0  -1   0  -2  -1   0   2  -4  -2   1    8   3  13   5   2   3   3   2   2  10  10   3   2   1   3   5  18   0   1   9  0.14 0.18
  275 A     2  -3   0  -2  -4   0   1   1  -2  -3  -2  -1  -2  -4  -3   4   1  -1  -3  -1   14   1   5   2   0   4  10  10   1   1   5   4   1   1   1  29   8   1   1   3  0.34 0.34
  276 P    -3  -4  -3  -3  -6  -3  -4   0  -6  -2  -4  -3  -2  -4   8  -3  -3  -2  -4  -4    2   1   1   2   0   1   1   7   0   3   2   1   1   1  68   2   2   1   1   1  1.86 0.92
  277 L     3  -3  -2  -2  -1  -2  -2  -2  -3   0  -1  -3   0  -1  -2   1   3   2  -4   2   26   1   2   2   1   2   2   3   1   4   6   1   3   3   2   8  18   3   0  13  0.32 0.32
  278 A     4  -2  -1  -1  -4   1   1   0  -1  -3  -3  -1  -4   0  -3   1   0  -2   0  -1   32   2   3   3   0   6   9   7   2   1   2   3   0   5   0  10   7   1   4   4  0.33 0.34
  279 D    -3  -3   4   6  -4  -2  -2  -4  -2  -5  -4  -2  -6  -1   0  -1   0  -2  -1  -5    2   1  16  49   0   2   1   1   1   1   2   3   0   3   4   5   6   1   2   1  1.09 0.65
  280 I    -2  -1  -5  -5  -3  -2  -3  -5  -3   5   1  -3   0  -2  -4  -3   1  -3  -3   4    3   3   0   1   0   2   2   1   1  34  10   2   2   1   1   1   7   0   1  29  0.80 0.49
  281 V     1  -1  -1  -1  -4   0   2  -2  -2   1  -1   0  -1  -3   1  -1   1  -5  -3   2   14   3   2   3   0   3  13   2   1   7   5   5   1   0   7   3  10   0   1  19  0.19 0.23
  282 L     0  -3  -4  -4   4  -4  -4  -3  -1   3   2  -4   0  -2   2  -2  -1  -5  -3   3    9   2   1   1   9   0   1   2   2  16  21   1   1   1  11   2   3   0   0  18  0.46 0.35
  283 N     2  -2   1   2  -3   1   1   2  -2  -4  -3  -1  -2  -5   0   1   2  -3  -5  -4   20   2   6  14   0   6   8  13   1   0   2   2   1   0   4   9  11   0   0   0  0.35 0.33
  284 S     1   0   0   1  -3   0   1  -1  -1  -3  -3   1  -2  -2   3   1  -1   0  -2  -1   14   5   4  10   0   3   7   3   2   1   3   8   1   1  17   9   4   1   1   5  0.25 0.24
  285 T    -2  -1   3   2  -5   0   0   1   3  -3  -3  -1  -2  -1  -4   0   2   0   1  -3    3   3  15  13   0   4   6  13   7   1   2   3   1   3   0   6  14   2   4   1  0.33 0.31
  286 Q    -2  -2  -4  -2  -4   7   4  -1  -1  -4  -6  -1  -3  -8  -5  -1  -1  -7  -5  -2    4   1   1   1   0  42  29   4   1   1   0   2   0   0   1   4   3   0   0   3  1.26 0.82
  287 A     3  -3  -5  -6   0  -5  -6  -5  -3   3   1  -5   0   1  -4  -3  -3   5   1   3   28   1   0   0   2   0   0   0   0  13  12   0   2   5   1   1   1   6   4  24  0.72 0.50
  288 S     5  -2  -4  -6  -3  -4  -5  -1  -6   0  -3  -4  -5  -4   5  -2  -3  -7  -4  -1   47   2   1   0   0   0   0   4   0   6   3   1   0   1  27   2   1   0   1   4  1.12 0.71
  289 F    -1   2  -1  -3  -3   0  -2  -4   1   1  -2   0  -2   1  -4  -2  -1   4   3   3    4  11   3   2   0   3   2   1   4   7   3   6   1   6   1   3   4   5  11  25  0.36 0.32
  290 C     0  -5  -2  -4   8  -5  -2  -6  -6   1   3  -4   0  -2  -1  -3  -3  -3  -5   0    8   0   2   1  33   0   3   0   0   8  25   1   2   2   4   2   1   0   0   6  1.10 0.62
  291 T    -1  -1   0  -1  -5  -2  -1   4  -3  -3  -4  -1  -3  -6  -4   0   4  -6  -6  -3    4   3   4   4   0   2   4  35   1   1   1   3   0   0   1   7  28   0   0   2  0.74 0.53
  292 E     1  -1   0   1  -4   0   1   2  -2  -2  -3  -1  -2  -5  -2   2   2  -5  -3  -1   13   2   5   7   0   3  11  13   1   2   3   2   1   0   1  17  14   0   1   4  0.28 0.29
  293 Y    -2  -5  -4  -4  -2  -4  -4  -4  -5   6   0  -2  -1  -1  -4  -3  -2  -3  -1   4    3   1   1   1   1   1   1   1   0  38   8   3   1   2   1   2   2   0   2  31  0.96 0.56
  294 R    -1  -1   4   1  -5   0   0  -4  -1  -3  -4   0  -3  -5  -4   1   5  -6  -5  -1    5   2  17   9   0   5   7   1   2   2   1   4   0   0   0   9  31   0   0   4  0.60 0.48
  295 V    -3  -7  -7  -8  -3  -7  -7  -8  -7   5   3  -7  -2  -2  -5  -5  -4  -7  -5   5    1   0   0   0   0   0   0   0   0  26  26   0   1   2   1   0   0   0   0  42  1.40 0.73
  296 V    -2  -2   3  -3  -5  -2   1  -4  -2   0  -3  -2  -3  -6  -5   2   5  -6  -5   1    3   2  11   1   0   2   8   0   1   6   3   2   1   0   0  13  39   0   0   9  0.72 0.54
  297 T    -3  -3  -1  -1  -4  -2  -2  -4   1   2   0  -3   0   3  -2  -3   0   1   5   2    1   1   3   5   0   1   2   1   4  11   7   1   2  13   2   1   5   2  21  17  0.48 0.36
  298 G     2  -1  -3  -3  -5  -3   0   6  -5  -4  -4  -1   0  -6  -5  -2  -2  -2  -6  -1   16   3   1   1   0   1   6  54   0   1   1   5   2   0   0   1   3   1   0   5  0.97 0.56
  299 G    -3  -5  -4  -5  -6  -6  -4   7  -4  -2  -5  -6  -6  -3  -6  -3  -3  -6  -4   1    1   1   0   0   0   0   1  78   0   3   1   0   0   1   0   1   1   0   1  11  1.78 0.81
  300 S     1   2  -3  -3  -2  -2  -1  -4  -3   1   1  -2   0  -2  -4   0   1  -3   0   3   10  14   0   1   1   1   5   0   0   8  13   1   2   1   0   8  10   0   3  21  0.24 0.25
  301 D    -2  -2   2   5  -7  -2   5  -2  -2  -5  -6  -2  -6  -7  -5  -2  -3  -7  -6  -3    3   2   8  36   0   1  40   3   1   1   0   2   0   0   0   2   1   0   0   2  1.17 0.60
  302 E    -5  -5  -3   7  -7  -3   5  -5  -4  -7  -7  -4  -6  -7  -5  -4  -5  -7  -6  -7    0   0   0  57   0   0  43   0   0   0   0   0   0   0   0   0   0   0   0   0  2.03 0.79

                      K         Lambda
Standard Ungapped    0.1307     0.3151
Standard Gapped      0.0354     0.2670
PSI Ungapped         0.1157     0.3179
PSI Gapped           0.0354     0.2670
