
Last position-specific scoring matrix computed, weighted observed percentages rounded down, information per position, and relative weight of gapless real matches to pseudocounts
            A   R   N   D   C   Q   E   G   H   I   L   K   M   F   P   S   T   W   Y   V   A   R   N   D   C   Q   E   G   H   I   L   K   M   F   P   S   T   W   Y   V
    1 M    -4  -4  -5  -6  -4  -3  -5  -6  -4   1  -1  -4  10  -3  -5  -4  -3  -4  -4  -2    0   0   0   0   0   0   0   0   0   6   0   0  94   0   0   0   0   0   0   0  2.49 0.71
    2 T     4  -3  -3  -3  -3  -2  -3  -3  -4  -4  -4  -3  -3  -5   2   3   4  -5  -4  -3   36   0   0   0   0   1   0   0   0   0   0   0   0   0   8  21  33   0   0   0  0.86 0.46
    3 V    -2  -5  -5  -5  -3  -2  -5  -6   0   6   2  -4   0  -1  -5  -4  -2  -4   0   3    1   0   0   0   0   2   0   0   2  49  18   0   1   2   0   0   2   0   3  20  0.90 0.41
    4 V     1  -3   6   1  -5  -1   3  -3  -1  -2  -4  -2  -4  -3  -4  -1  -1  -5  -1   0   11   0  46   6   0   2  18   0   1   2   0   0   0   1   0   2   3   0   2   6  0.81 0.44
    5 L    -2  -4  -3  -5  -4  -4  -5  -5  -1   0   4  -3   0   1  -5  -4  -2   2   6  -2    3   0   1   0   0   0   0   0   1   3  41   1   2   5   0   0   2   3  36   1  1.00 0.47
    6 D     5   0  -3   0  -3  -1  -2  -2   0  -1  -3  -2  -3  -3  -1   0   1  -5  -4   0   55   5   0   6   0   2   1   1   2   3   0   1   0   1   3   6   7   0   0   7  0.57 0.37
    7 S    -1  -1  -1   1  -4   1   3  -3  -3  -3  -4   3  -3  -4  -3   2   3  -5  -4  -2    4   1   2   8   0   7  18   1   0   1   0  20   0   0   0  14  22   0   0   3  0.48 0.32
    8 K     0   1   0  -2  -4   2   0  -2  -3   0  -1   5  -2  -3  -3   0  -2  -5  -3  -1    8   7   5   1   0  11   5   2   0   5   6  39   0   1   0   5   1   0   0   5  0.44 0.31
    9 D    -4  -5  -3   0  -3  -5  -5  -6   1  -3  -2  -5  -2   5  -6  -5  -4   4   8  -2    1   0   1   5   1   0   0   0   2   1   4   0   1  22   0   0   1   6  54   2  1.68 0.67
   10 L     2  -2  -1  -2  -3   3   0  -2  -3   0   1   0   0  -3  -3   3   0  -4  -3  -1   20   0   2   0   0  15   4   1   0   5  13   6   2   0   0  23   5   0   0   4  0.29 0.27
   11 A     1   0   3   0  -4   2   0   0  -2  -4  -4   2  -3  -5   3   1   1  -5  -4  -4   11   3  14   4   0  10   3   6   0   0   0  12   0   0  17  10   9   0   0   0  0.43 0.28
   12 R     1   0   0  -2  -2   1   2  -1  -2   0   0   2   0  -1  -2  -1   0  -3   0   0   11   3   6   0   1   6  20   3   0   7   7  13   2   2   1   1   6   0   3   9  0.12 0.16
   13 I    -4  -5  -6  -6  -4  -5  -5  -6  -5   4   4  -5   2  -2  -5  -5  -1  -5  -4   3    0   0   0   0   0   0   0   0   0  27  46   0   4   1   0   0   3   0   0  18  1.02 0.47
   14 D     1  -3  -1   6  -5   1   0  -4  -4  -5  -2  -3   0  -5  -4  -2  -2   3  -2  -3   13   1   2  56   0   8   5   0   0   0   4   0   2   0   0   1   1   4   1   2  1.06 0.53
   15 E    -1  -1   0   0  -5   3   5  -4  -3  -3  -4   3  -4  -5  -2  -2  -2  -5  -4  -4    5   2   5   4   0  13  43   1   0   1   1  21   0   0   1   1   2   0   0   0  0.83 0.46
   16 E     2   2  -3  -3  -2   1   0  -3  -3   1  -1   2   0  -3  -3  -1  -1  -4  -3   2   22  10   0   0   1   7   7   1   0   6   5  15   1   0   0   2   2   0   0  20  0.28 0.26
   17 Y    -3  -3  -5  -6  -5  -3  -5  -6  -3   0   0  -5   2   6  -6  -5  -3   3   6  -1    2   1   0   0   0   1   0   0   0   4   9   0   6  35   0   0   1   4  34   3  1.31 0.56
   18 K     1   1  -1  -1  -3   1   0  -2  -1  -1  -1   2   0  -2   1   1   1  -3  -1   0   14   6   1   2   0   7   5   2   1   2   5  16   3   1   6   8  13   0   2   6  0.14 0.15
   19 A     2   1  -1  -1  -3   3   0  -2   2  -2   0   1   0  -1  -3  -1  -1   0   2  -2   22   7   3   2   0  14   4   1   7   1   8  11   3   1   0   1   4   1   7   2  0.22 0.22
   20 D     1   0   0   0  -3   0   3   2  -1  -2  -3   0  -2  -4  -3   0   0  -1  -3  -2   14   5   5   5   0   3  25  18   1   2   2   6   1   0   0   3   6   1   0   3  0.29 0.21
   21 S     2  -3   0  -3  -3  -3  -3  -2   0  -3   0  -2  -2  -4  -1   5   0  -5  -4  -2   16   0   3   0   0   0   0   2   2   1   8   2   1   0   2  55   4   0   0   3  0.73 0.45
   22 Q    -1  -1   0  -2  -1   1  -1  -3  -2   0   2   1   0   1  -2  -1   0  -2   2   1    3   3   4   1   1   6   2   1   0   3  24  12   1   8   1   2   7   0   7  13  0.13 0.14
   23 V    -1  -2  -2  -3   0  -2  -2  -3  -1   0   0  -2   0   1  -3   1   4  -3   1   1    4   2   1   1   2   1   1   1   2   5  10   1   2   5   1  12  33   0   5  12  0.31 0.23
   24 W     1  -1   0   0  -2   0   1   1  -2  -3  -3   1  -2   0  -2   2   0   4   0  -2   11   2   4   5   0   3   8   9   0   1   2  13   0   4   1  21   3   6   3   2  0.21 0.16
   25 S     1   0  -1   2   0   0   0   0  -2  -1  -2   0   0  -1   1   1   0   4  -2   0   14   4   2  12   2   4   4   5   0   3   2   6   4   3   6   9   4   6   1   8  0.10 0.10
   26 Y    -1  -1  -1  -2  -1  -1   0  -2  -1   1   2  -1   2   1   0  -1  -1   2   1   0    5   2   3   2   1   1   7   3   1   8  28   2   8   7   4   2   2   4   5   4  0.13 0.11
   27 L    -1  -2   0   2  -2  -2  -1  -3  -2   2   3  -2   1   0  -2  -2   0  -2  -1   1    3   1   4  12   0   1   5   1   0  10  30   2   3   3   1   1   7   0   2  12  0.20 0.15
   28 T    -1  -1   1   0  -2   0   0  -1  -1  -1  -1  -1  -1   0  -1   1   3   4   3  -1    4   2   7   4   0   3   5   5   0   3   4   3   1   3   2   8  24   6  12   3  0.22 0.17
   29 G     1  -1   3   1  -2  -1  -1   2  -1  -3  -3  -1  -2  -2   2   1   0  -3  -2  -2   16   3  17   7   0   2   3  16   1   1   2   3   0   2  10   9   5   0   1   1  0.26 0.16
   30 G     1  -1   3   1  -3   0  -1   2  -2  -2  -3  -1  -1  -3  -1   1   1  -3  -3  -2   13   3  17   9   0   5   3  18   0   1   1   2   1   0   3  12   8   0   0   3  0.27 0.18
   31 N     0   0   1   3  -3   0   0   0   0  -2  -1   0  -1  -3   3  -1  -1  -3  -1  -1    7   4   8  19   0   2   5   6   2   2   7   7   1   1  19   2   1   0   2   5  0.27 0.16
   32 G     1  -1   2  -1   1   0   0   0  -1   0   0  -1   2  -1  -2   1   0  -3  -1   0   12   2  17   1   3   3   4   8   1   4   8   2   8   2   1   9   7   0   2   7  0.09 0.11
   33 V     0  -2   3   0  -1  -1  -1   0  -2   2  -2   0  -1  -2  -2   1   0  -3  -1   2    8   1  19   5   1   1   2   7   0  13   1   5   1   1   1   9   5   0   2  18  0.16 0.16
   34 S     0   1   0   0  -2   0   0   1   0  -1  -1   0   0  -1   0   1   1  -2  -1   0    7   9   5   3   0   2   6  12   2   3   6   7   2   3   4  11  10   0   1   7  0.06 0.05
   35 A     1   1   2   2  -2   1   1  -1   0  -2  -2   1  -1  -2   0   0   0  -2   0  -1   12   7  12  11   0   9   9   4   3   2   3   7   1   1   4   6   5   0   3   3  0.15 0.09
   36 A     0   0  -2  -2  -3  -1  -2   1   0   0  -1  -2   1   2  -3  -1   0   0   4   1    9   6   1   2   0   1   1  12   2   4   5   1   4   7   1   3   5   1  21  14  0.20 0.17
   37 D    -2   1   0   4  -4   1   2  -2  -1  -2  -4   3  -3  -4  -1   0  -1  -4  -3  -3    1   8   4  28   0   6  13   2   1   3   1  20   0   0   2   4   3   0   0   1  0.49 0.26
   38 F    -3  -4  -4  -4  -4  -1  -4  -3  -2  -2  -1  -3  -1   6  -1  -4  -3   7   5  -3    1   1   1   1   0   4   1   2   0   1   4   2   1  37   3   1   1  16  24   1  1.25 0.46
   39 V     0  -1   0   1  -2  -1   1  -2  -2   1   0  -1   0  -2  -2   0   2  -3  -2   1   10   2   6  10   0   0  11   1   0   8   8   2   3   0   0   6  16   0   0  16  0.15 0.15
   40 G    -2  -4   2  -1  -5  -2  -3   6  -4  -5  -5  -3  -5  -5  -4  -2  -2  -5  -5  -5    0   0  12   3   0   1   2  75   0   0   1   0   0   0   0   2   2   0   0   0  1.52 0.56
   41 A     3  -3  -1  -3  -3  -3  -2   4  -2  -2  -3  -2  -3  -4  -2   0  -1  -4  -2   2   34   0   2   0   0   0   2  30   1   1   0   1   0   0   2   5   4   0   1  17  0.58 0.35
   42 N    -2   2   3   2  -4   0   0   0   1  -4  -4   4  -3  -2  -3   0  -2  -4  -2  -4    2   8  15  13   0   3   3   6   4   0   0  34   0   2   0   6   1   0   1   0  0.53 0.31
   43 E    -1  -1  -2  -1  -4   0   3  -2   0  -3  -4  -1  -3  -4  -3   0   5  -4  -1  -1    4   2   1   2   0   2  21   2   3   1   0   2   0   0   0   6  48   0   2   3  0.73 0.43
   44 V    -3  -5  -5  -5  -1  -5  -5  -6  -5   5   0  -5   0   1  -5  -4  -3  -4  -1   5    0   0   0   0   1   0   0   0   0  31   4   0   1   6   0   0   0   0   2  53  1.17 0.51
   45 R    -2   2   0  -2  -4   0   0  -4   2  -1  -2   5   1  -4  -2  -1   0  -4  -2  -1    1  11   5   1   0   3   4   0   6   3   4  44   4   0   2   2   4   0   1   5  0.54 0.34
   46 I    -3  -5  -6  -6  -4  -5  -6  -6  -5   6   0  -5   0   0  -5  -5  -3  -5   0   4    1   0   0   0   0   0   0   0   0  54   5   0   2   3   0   0   0   0   3  32  1.30 0.55
   47 N    -1  -2   3  -3  -1  -1  -3  -3  -1  -2  -3  -3  -1  -2   5  -1   1   0   5  -4    4   1  14   0   1   2   0   2   1   2   1   1   1   1  36   3   8   1  20   0  0.89 0.45
   48 K    -1   1   0   0  -4   1   0  -1  -3  -2  -4   4  -1  -4  -3   2   2  -4  -4  -1    2   5   3   5   0   7   3   4   0   1   0  28   1   0   0  21  16   0   0   3  0.43 0.31
   49 L    -2  -1  -4  -4  -1  -3  -4  -4  -4   4   2  -3   4  -1  -2  -3  -1  -4  -3   3    2   3   0   0   1   0   0   0   0  30  23   0  15   2   1   0   3   0   0  18  0.65 0.33
   50 S     0  -1   1   2  -3   0   0   0  -2  -2  -2  -1  -2  -3   2   3   1  -3  -3  -1    8   2   6  11   0   4   5   5   0   1   4   1   0   0   9  29   7   0   0   5  0.26 0.19
   51 G     0  -1  -1   1  -2  -2  -2   2  -2  -1  -2  -1  -2  -1  -1  -1   4  -3  -2   0    9   2   2   7   0   1   1  18   1   4   3   3   1   3   2   2  35   0   1   6  0.32 0.21
   52 F    -1  -2  -1   1  -2  -1   0  -2  -2   0   0  -1   3   1   2  -1   1  -3  -1   2    3   2   2  11   0   2   5   2   0   3   9   2  11   6   9   1  12   0   1  18  0.16 0.15
   53 V     0  -3   0   1  -3   0  -1   1  -3   0  -2  -1  -2  -3  -3   1   2  -4  -3   3    8   0   5   9   0   5   2  11   0   4   0   4   0   0   0  13  12   0   0  27  0.24 0.23
   54 D    -1  -1   0   3  -4  -1   0   4  -3  -4  -4  -1  -3  -4   2  -1   1  -4  -4  -4    4   4   3  16   0   3   7  34   0   0   1   3   0   0  12   2   9   0   0   0  0.53 0.29
   55 A    -1  -1  -3  -4  -3  -3  -1  -3  -3   1   3  -3   3   0  -1  -3  -2  -3   2   2    4   4   1   0   0   0   5   2   0   6  35   0   8   3   3   0   0   0  10  18  0.39 0.27
   56 A     1   1   2   0  -3   1  -1   3  -1  -3  -3   1  -3  -1  -3   0   0  -4  -2   0   11   6  12   3   0   7   2  21   1   0   0  11   0   3   0   7   6   0   1   8  0.23 0.19
   57 A     0  -2   2   6  -5  -1   0  -1  -3  -5  -4  -1  -3  -6  -2  -1   0  -6  -5  -5    8   2  11  54   0   1   3   4   0   0   1   3   1   0   2   4   6   0   0   0  0.99 0.47
   58 Y    -5  -2   0  -3  -6  -4  -4  -4   2  -5  -5  -2  -5   1  -6  -3  -3  -2   9  -3    0   2   6   1   0   0   1   1   5   0   0   2   0   2   0   2   2   0  74   2  2.07 0.80
   59 Q    -1   0   3   4  -4   0  -1   0   0  -3  -4   2  -3  -4  -3   1   2  -5  -4  -2    4   4  15  23   0   2   1   7   2   1   0  12   0   0   0  13  14   0   0   2  0.45 0.29
   60 R    -2   7  -3  -1  -6  -2  -2  -2  -3  -5  -5   2  -1  -5  -1  -3  -1  -5  -2  -5    2  69   0   4   0   0   1   3   0   0   0   8   2   0   4   1   4   0   1   0  1.43 0.62
   61 G     0  -1   4   2  -4  -1  -1   0  -1  -1  -3  -2  -3  -3  -3   1   2  -4  -2  -3    9   2  28  13   0   2   3   8   1   3   2   0   0   1   0  12  13   0   1   0  0.44 0.29
   62 Q     0   0   1   1  -3   1  -1   3  -2  -1  -3   1  -2  -4  -2   0   2  -4  -3  -1    5   6   7   9   0   7   2  23   0   4   1   8   1   0   1   6  16   0   0   3  0.26 0.20
   63 D     1  -2  -2   1  -4  -1  -1   4  -3  -3  -1  -3  -2  -3  -1  -1   2  -4   1  -3    9   2   1   8   0   2   3  41   0   1   6   0   1   0   3   4  13   0   6   0  0.49 0.30
   64 N    -1  -3   3  -1  -4  -2  -2   1  -2  -1  -2  -2   0   3  -4   0  -1   3   5  -1    4   0  18   3   0   1   1  11   0   4   2   2   3  14   0   5   3   4  21   5  0.42 0.29
   65 A     1   2   2  -1  -3  -1  -1  -1  -1  -1  -2   1  -2  -1   1   0   2  -4  -3   0   13  13  11   2   0   2   3   3   1   3   2   9   0   3   7   6  14   0   0   9  0.17 0.17
   66 R     0   2   0   0  -3   2   0  -1  -2  -2  -2   1  -1   1   1   0   1  -2   2  -1    6  15   4   4   0  10   3   3   0   1   3   9   2   6   6   7   8   0   9   3  0.14 0.14
   67 H    -1   0  -2   1  -5   0   1   5  -1  -4  -5  -1  -4  -3  -1  -1  -1  -4   1  -5    3   5   1   7   0   4   8  53   1   1   0   4   0   1   2   3   3   0   5   0  0.77 0.38
   68 T     1  -2   2   3  -3   0   1   0   1  -4  -3  -1  -3  -4  -1   2   1  -5  -2  -2   15   1  11  19   0   3   8   6   4   0   1   1   0   0   2  15  10   0   1   2  0.35 0.25
   69 I     0  -4  -4  -4  -3  -3  -3  -2  -4   3   1  -3   0   1   0  -2  -1   0   1   3    7   0   0   0   0   0   1   3   0  19  15   0   2   5   5   2   3   1   5  30  0.38 0.24
   70 S    -1  -2   1   3  -4   1   0   1  -3  -3  -4   0  -3  -4  -1   2   3  -4  -4  -3    2   1   7  16   0   6   6  11   0   1   0   5   0   0   2  17  24   0   0   0  0.43 0.29
   71 V     0  -3   3   3  -2  -1  -1  -2  -2   0   1  -2  -1   0  -3  -1   1  -3  -1   0    6   0  17  18   1   1   4   3   0   4  20   0   1   5   0   2  10   0   2   5  0.22 0.19
   72 D     1  -2  -1   2  -3   0   2  -1  -3  -2  -3   0  -2  -3  -2   1   4  -4  -3  -1   13   0   2  13   0   2  14   4   0   1   0   4   1   1   1  10  29   0   0   4  0.39 0.27
   73 K    -2  -1   0  -2  -4   0   0  -2  -1  -1  -1   0   0   1  -2  -1   1   7   3   0    2   2   6   2   0   4   5   3   1   2   4   6   2   4   1   3  11  19  14   9  0.46 0.27
   74 E    -3  -1  -1   0  -5   5   5  -3  -1  -2  -3   1  -2  -5  -4  -2   0  -5  -3   0    1   2   2   3   0  28  37   1   1   2   2   6   1   0   0   2   6   0   1   7  0.77 0.43
   75 T     0  -2  -1   1  -4  -1   2  -4  -2  -3  -1  -2  -3  -4   2   1   4  -5  -4  -1    7   1   3   7   0   1  16   0   1   1   6   0   0   0   8  10  34   0   0   5  0.46 0.32
   76 V    -3  -1  -4  -5  -4  -3  -3  -5  -1   1   2   2   4   2  -5  -4  -2   1   5   1    0   3   0   0   0   0   1   0   1   6  23  15  11   7   0   0   1   1  21   9  0.56 0.33
   77 K    -1   0  -2  -2  -4   0   2  -4  -3  -2  -2   3   0  -2  -2  -1   5  -5  -4   0    3   3   1   1   0   4  13   0   0   1   3  17   2   1   1   3  39   0   0   7  0.56 0.37
   78 L    -3  -5  -6  -6   1  -4  -5  -6  -5   2   4  -5   6   2  -5  -5  -3  -4   0   0    2   0   0   0   4   0   0   0   0  13  44   0  23   8   0   0   0   0   3   5  1.00 0.44
   79 T    -1   0   3   3  -4   0   1  -2  -3  -1  -4   0  -2  -5  -3   1   4  -5  -4  -3    3   4  14  16   0   3   7   3   0   4   0   6   1   0   0   8  31   0   0   0  0.51 0.32
   80 H    -3   1   1  -2  -1   5   0  -4   4  -1  -3   1   2   0   0  -3  -2  -3   3  -2    0   7   7   1   1  31   3   0  10   4   0   7   8   3   5   0   1   0  11   2  0.55 0.34
   81 E    -2  -2  -2   7  -6   1   3  -3   1  -6  -6  -2  -5  -6  -4  -1  -4  -6  -5  -6    4   2   0  62   0   6  17   2   4   0   0   2   0   0   0   2   0   0   0   0  1.41 0.53
   82 D    -4   6  -3   0  -6   1  -1  -5  -3  -2  -4   4  -4  -5  -1  -3  -2  -6  -5  -5    0  54   0   6   0   5   2   0   0   3   1  24   0   0   3   0   2   0   0   0  1.21 0.50
   83 W     2  -3  -1   0  -4  -3  -1   3   1  -2  -4  -1  -4  -3  -4   2  -1   3   2  -4   22   0   2   5   0   0   4  29   4   2   0   3   0   0   0  16   2   4   7   0  0.50 0.30
   84 F    -3   3  -2  -2  -5  -2  -4  -4  -3   0  -2   0  -3   5  -5  -3  -2   6   0   1    1  19   1   2   0   2   0   1   0   7   1   7   0  31   0   1   3  13   2   9  0.78 0.38
   85 G     1   0   1   0  -1   0   0   0  -1  -2  -3   2   0  -4  -3   2   2  -4  -3  -2   15   6   6   3   2   3   6   5   1   2   0  13   3   0   0  18  15   0   0   2  0.25 0.19
   86 Y    -3  -2  -5  -5  -4  -4  -2  -1  -4   0   1  -3   0   7  -5  -2   1  -3   2  -1    2   2   0   0   0   0   3   4   0   5  13   2   2  49   0   3   9   0   5   3  0.91 0.40
   87 D     0   1   0   0  -3   1   0  -2  -1   0   1  -1   0   1  -3   0   2   0   0   0    6   8   3   5   0   7   6   2   1   4  15   2   2   7   0   7  16   1   3   7  0.07 0.10
   88 L    -1  -5  -5  -5  -3  -4  -5  -5  -5   4   2  -5   3   1  -5  -4   0  -4  -3   4    5   0   0   0   0   0   0   0   0  29  19   0   7   7   0   0   4   0   0  29  0.80 0.35
   89 D    -5   0  -2   8  -7  -4   1  -2   2  -7  -7  -4  -7  -7  -5  -4  -5  -8  -6  -7    0   4   0  81   0   0   6   4   5   0   0   0   0   0   0   0   0   0   0   0  2.11 0.71
   90 Q     1   2  -1   1  -3   0   0  -1  -2  -2  -2   2  -2   0   2   0  -1  -4  -1   0   16  14   2   7   0   3   4   3   0   0   2  17   0   4  10   4   3   0   1  11  0.21 0.17
   91 F    -1  -1  -3  -3   2   0  -1   2  -1   1   1   0   4  -1  -1  -2  -1  -3  -1   0    2   4   0   0   4   6   4  18   1   7  13   6  17   2   2   1   4   0   2   5  0.21 0.21
   92 D    -5  -4   4   7  -6  -1   0  -5  -4  -6  -6  -1  -6  -2  -5  -2  -1  -7  -1  -3    0   0  20  56   0   2   4   0   0   0   0   4   0   2   0   3   5   0   2   2  1.40 0.66
   93 M     1  -1   3   0  -1   0   0  -2  -1   1  -1   0   1  -1  -2  -1   0  -3   1   1   14   3  16   4   1   4   5   2   1  10   2   4   4   1   2   2   4   0   6  14  0.12 0.17
   94 D    -1  -1   0   4  -4   1   2  -1  -2   0  -2   0   0  -4  -1   0  -1  -4  -3  -3    5   3   4  35   0   7  14   3   0   6   3   3   3   0   3   7   4   0   0   0  0.42 0.27
   95 E     0  -2   0   1  -4   4   4  -3   1  -4  -2  -1  -3  -4   0   0   0  -4  -3  -3    6   0   4   7   0  18  39   0   3   0   4   0   0   0   4   4   7   0   0   0  0.59 0.36
   96 N     1   0   2   0  -3   1   1  -1   0  -2  -2   0   1  -3  -2   1   1  -3  -1   0   10   3  15   3   0   8  10   3   2   0   3   2   5   0   0  14  10   0   2   8  0.16 0.16
   97 G     1   0   1  -1   0   2  -1   2  -2  -1  -1  -1   3   1   0  -1  -1  -3   1  -2   13   4   8   3   2  12   3  17   0   2   5   2  12   6   3   2   2   0   5   1  0.16 0.21
   98 A     1  -2   0   0  -2   0  -1   0  -2   1   0  -1   1  -1   0   0   0  -3  -2   1   18   0   4   4   0   6   4   7   0  11   6   2   5   3   3   5   6   0   0  15  0.08 0.14
   99 Y     0   0   0   0  -3   0   0  -1  -2   0   1   2   2  -2   0  -1  -1  -3   0   1    7   4   5   5   0   4   3   4   0   7  14  18   7   0   3   3   3   0   3  10  0.07 0.13
  100 T     0   1   1   1  -2   1   1   0  -1   0  -1   0  -1  -2   1   0   0  -3  -2   0    7   7   7   7   0   7   7   7   0   7   7   7   0   0   7   7   7   0   0   7  0.08 0.07
  101 V     3  -1  -2  -1   0  -1  -3  -2  -3   2  -1  -2   2   3  -2  -1  -2  -4  -1   1   34   3   1   3   2   2   1   3   0  13   2   1   7  12   2   2   1   0   1   9  0.32 0.30
  102 E     3  -2   1  -1   0  -1  -1   3  -3  -3  -3  -2  -3  -2  -3   0   0  -4  -1  -1   31   2   7   3   2   2   3  28   0   1   2   1   0   1   0   5   5   0   2   5  0.43 0.32
  103 N     0   1   4   1  -4   2   1  -2   1  -2  -3   1  -2  -4  -3   0   0  -5  -1  -4    8   6  28   8   0  10   8   1   3   2   1  10   1   0   0   5   6   0   2   0  0.45 0.32
  104 V     3  -1  -4  -4  -3  -1  -3  -4  -4   2   1  -3   2  -2  -4   0  -1   0   0   3   28   3   0   0   0   3   0   0   0  14  13   0   5   1   0   6   2   1   3  20  0.40 0.32
  105 V     0  -2  -3  -4  -1  -1  -3  -1  -4   1   2  -3   5  -1  -4  -1   2   1  -1   1   10   2   0   0   1   2   0   5   0   7  21   0  18   2   0   4  14   2   1   8  0.32 0.28
  106 R     1   2   1   0  -4   0   0   2  -3  -4  -4   3  -3  -5  -3   1   0  -5  -4  -4   15  14   8   6   0   3   4  16   0   0   0  19   0   0   0  10   7   0   0   0  0.41 0.30
  107 E     0   2  -2  -1  -4   2   4  -2   0  -3  -2   1  -3  -4  -3   0   0  -4   0   0    6  13   0   3   0   7  28   3   3   0   5   9   0   0   0   8   6   0   3   6  0.35 0.29
  108 H    -1  -2  -1  -3  -1   3   0  -2   2  -1   0  -2   1   5  -4  -2  -1   0   2  -3    6   1   2   0   1  17   5   3   6   3   8   2   4  29   0   2   4   1   6   0  0.45 0.33
  109 N    -1  -1   2  -1  -3   2  -1  -1  -3   3   0  -1   1  -1  -3  -1  -1   2  -3   1    6   3  15   2   0  13   4   3   0  18  10   2   4   2   0   2   2   3   0  11  0.21 0.22
  110 K     1   4   1   2  -4   1   1  -2  -1  -4  -3   2  -3  -4  -3  -1   0  -4  -1  -2   11  28   5  11   0   4   8   2   1   0   2  13   0   0   0   3   5   0   3   2  0.41 0.28
  111 M     0   0   0   0   2   1   0   0  -2   0   0   0   1   0  -2   0   0  -3  -2   0    6   6   6   6   6   6   6   6   0   6   6   6   6   6   0   6   6   0   0   6  0.03 0.08
  112 I     1   1  -1  -2  -3   2   0  -3   3   0  -1   2   0  -1  -3  -1  -1   0   0   1   11   7   2   0   0  13   5   0   8   5   4  18   2   3   0   3   2   2   2  14  0.18 0.19
  113 T     1  -2  -3  -1   0  -1  -1  -3  -3   1   2   1   0  -2  -3  -1   0  -3  -2   3   13   0   0   3   2   3   2   1   0   6  19  10   2   0   0   4   4   0   0  29  0.23 0.21
  114 I     1  -2  -1  -3  -2   0  -2  -2  -3   3   0  -1   1   0  -3  -1   1  -3   0   3   15   0   2   0   0   4   1   3   0  18   5   4   3   3   0   4   7   0   3  26  0.22 0.19
  115 P    -1  -3  -3  -1  -4  -3  -1  -1  -3  -4  -2   0  -4  -4   7  -1  -3  -4  -4  -4    6   1   1   3   0   1   4   4   0   1   4   6   0   1  62   3   1   0   0   1  1.45 0.52
  116 H     0   0   0   0  -3   0   4  -1   1  -2  -1  -1   0   0  -2  -1   0  -2   1  -1   10   3   4   3   0   1  38   4   4   1   4   1   3   5   1   3   6   0   5   4  0.30 0.20
  117 R     0   0  -2  -2   1   0  -1  -1   1   1   1   0   3   2  -2  -1   0  -2  -1   1    5   5   1   1   4   4   4   5   4   8  13   5  13  11   1   1   5   0   1  10  0.07 0.08
  118 D     0  -3   2   6   3  -2   1  -3  -3  -4  -4  -2  -4  -4  -3   0  -2  -5  -4  -4    9   0   8  53   7   0   8   1   0   0   1   0   0   0   0   8   0   0   0   1  0.96 0.35
  119 K     3   0  -1  -2   0   0  -1  -2  -2  -1  -2   3   0  -3  -3   0   1  -4  -3  -1   27   5   3   0   2   3   2   0   0   2   3  27   3   0   0   7  10   0   0   4  0.34 0.25
  120 V    -2  -2  -2  -2  -5   1  -2  -3   2  -2   0  -4   0   2  -5  -4  -2   2   7  -1    2   2   2   2   0   6   2   2   4   2  11   0   2   7   0   0   2   3  47   4  0.91 0.44
  121 A     1   4   0  -3  -1   0  -2  -1  -2  -1  -1  -1   2   0  -3  -1   1  -3  -1   1   17  27   4   0   1   4   0   4   0   2   5   0   6   5   0   2  11   0   1  10  0.24 0.23
  122 V     0  -4  -4  -2  -3  -3  -1  -2  -3   2   1  -3   1   4  -4  -3  -1  -2   3   1    8   0   0   2   0   0   5   3   0  14  14   0   3  25   0   0   2   0  14   8  0.43 0.26
  123 Q     2  -1   0  -2  -3   0  -1   0   0  -3  -2   0  -2  -4  -3   4   1  -4  -3  -1   19   3   4   1   0   5   1   8   3   0   3   4   1   0   0  36   7   0   0   5  0.39 0.31
  124 K     0   2  -1  -3  -2   0   0  -3  -1  -2  -2   4  -1  -1  -3  -1   2  -4  -1   0    8   9   2   0   1   3   5   1   1   1   2  36   1   3   0   2  15   0   3   7  0.39 0.30
  125 L     0  -4  -4  -5   1  -4  -4  -4  -3   3   3  -4   4   0  -4  -3  -3   4   3   1    7   0   0   0   3   0   0   0   0  16  33   0  10   3   0   0   0   6  11   9  0.60 0.33
  126 F     4  -3  -3  -4   2  -2  -2   0  -1   0  -1  -2  -2   1  -2   0  -2   0   3   0   41   0   0   0   5   1   1   7   2   4   4   1   0   6   1   4   1   1  11   7  0.39 0.30
  127 D     1  -1   1   1  -3   1   1   0  -2  -2  -2   1  -1  -3  -2   2   2  -4  -2  -2   15   2   8   6   0   7  12   8   0   1   2   9   2   0   0  14  12   0   1   1  0.23 0.19
  128 S     0  -1   2   1  -3   0   1   1   1  -1  -1   0  -1  -1  -2   0   0  -3  -1  -1    9   2  12   6   0   3   9  13   4   6   7   8   1   2   0   7   6   0   2   2  0.09 0.09
  129 A     4  -2  -1  -1   0  -3  -2   2  -4   0  -3   0  -3  -4  -3   0  -1  -5  -4  -1   50   1   2   4   2   0   2  17   0   6   0   5   0   0   0   4   3   0   0   4  0.58 0.38
  130 A     1  -2   0  -1  -1   0  -2   4  -3   1  -2   0  -1  -3  -3   0   1  -4  -3   0   10   2   4   2   1   4   2  34   0   9   2   6   1   0   0   6  11   0   0   6  0.33 0.23
  131 K     0   0   2   1  -3   0   0  -1   1   0  -1   2  -1  -2  -2   0   2  -4  -2   0   10   3  12   8   0   3   4   3   3   5   5  15   1   2   1   3  16   0   0   6  0.14 0.16
  132 K     0   0   0  -1  -3   0  -2  -1  -1   1  -1   3  -1  -1  -2  -1   1  -4  -1   2    6   4   5   3   0   3   1   5   2  10   5  22   0   2   1   3   9   0   1  19  0.14 0.19
  133 A     1  -2   0   1  -3  -1   0   0  -1  -1  -2   1  -2  -2   0   0   1  -4  -1   2   15   0   4   7   0   1   6   7   1   3   3  10   0   1   5   6  11   0   2  18  0.13 0.17
  134 T     2  -3   0  -1  -3  -1   0   1  -1  -2  -4  -2  -3  -3   0   1   4  -5  -4  -1   18   0   5   2   0   2   7   9   1   2   0   2   0   1   5   7  35   0   0   4  0.46 0.37
  135 D     1  -2   0   1  -3  -1   2   0  -2  -1  -2  -1  -1  -2   0   1   2  -3   1   0   17   0   3   9   0   2  14   6   0   4   1   3   1   1   5   8  15   0   5   6  0.17 0.19
  136 S     4  -3  -1  -1  -3  -3   0   0  -2  -1  -3  -2  -3  -3  -2   1   3  -5  -4   0   35   0   1   2   0   0   6   6   1   3   2   1   0   1   1  10  24   0   0   6  0.47 0.37
  137 I     0  -4  -4  -3  -3  -3  -3  -2  -4   2   3  -2  -1  -1   3  -2   0  -4  -1   0    8   0   0   1   0   0   1   3   0  15  35   2   0   2  16   2   5   0   2   6  0.42 0.29
  138 T     0  -4  -1   1  -4  -3  -2  -1  -4  -2  -3  -2  -4  -5  -3   1   6  -5  -2  -3    6   0   2   9   0   0   2   4   0   2   1   1   0   0   1   9  61   0   1   0  1.04 0.58
  139 K     2  -1   0  -1  -3  -1   1   0  -3  -2  -3   4  -3  -4   1   1   0  -4  -4  -1   20   0   3   3   0   1   9   6   0   2   1  30   0   0   5   9   5   0   0   4  0.35 0.28
  140 D     1  -2   1   2  -3   0   2   0  -2  -4  -4   0  -3  -4  -3   2   2  -4  -4  -3   15   0   6  15   0   3  15   7   0   0   0   6   0   0   0  17  15   0   0   0  0.39 0.28
  141 N    -1  -3   6   2  -4  -2  -1  -1  -3  -4  -5   0  -4  -5  -4   0   3  -5  -4  -4    6   0  48   9   0   1   2   4   0   0   1   6   0   0   0   4  18   0   0   0  0.97 0.49
  142 A     3  -4  -4  -4  -1  -2  -3  -4  -4   4  -1  -4  -2  -2  -2  -2  -1  -4  -3   4   29   0   0   0   1   1   1   0   0  30   2   0   0   2   1   2   3   0   0  27  0.69 0.41
  143 L    -2  -3  -5  -5  -2  -4  -4  -4  -1   2   3  -3   0   1  -4  -4  -2   0   6   1    3   1   0   0   1   0   1   1   1  11  28   1   1   5   1   0   3   1  35   8  0.81 0.43
  144 D     0   0   1   3  -4   1   2   0  -2  -3  -1   1  -3  -4  -3   1   1  -4  -3  -3    7   4   8  16   0   4  16   8   0   0   7  10   0   0   0   9   9   0   0   0  0.29 0.21
  145 A     1   0   0   1   0   0   1  -1   0   0  -1   1   0  -1   0   0   1   1   0   0   15   3   3   7   2   4  11   2   2   6   6   9   3   2   3   3  10   2   3   4  0.05 0.07
  146 Y     0  -3  -3  -3  -2  -2  -3  -3  -2   1   1  -3   2   2  -3  -2   1   5   3   1   11   0   0   0   0   0   0   0   0  11  11   0  11  11   0   0  11  11  11  11  0.31 0.13
  147 D    -1   2   0   3  -1   0   0  -2  -2   0   1   1   0  -2  -3  -1   0  -4  -2   0    5  11   5  19   1   2   4   1   0   5  17  10   2   1   0   4   5   0   1   7  0.16 0.17
  148 T     2  -2   1   3  -4   0   1  -1  -1  -2  -3   2  -3  -4  -1   0   1  -5  -1  -1   17   0   5  22   0   4   9   4   2   2   2  13   0   0   2   4   9   0   2   5  0.30 0.26
  149 A     4  -4  -1   0   0   1  -1   1  -4  -1   0  -3   3  -3  -4  -1  -3  -4   0   0   39   0   2   7   2   6   3   8   0   2  11   0   8   0   0   2   0   0   3   6  0.38 0.35
  150 E     0   0   0  -1   0   1   0   0  -3   2   0   0   3  -3  -3   0   1  -4  -3   0    6   4   5   3   2   6   6   6   0  16   9   5  11   0   0   8   7   0   0   4  0.11 0.16
  151 A     1   0   0   0  -1   1   2  -1  -2  -1  -2   1  -1  -2  -3   0   1  -4  -3   0   15   3   5   3   2   8  18   4   0   3   3  10   1   2   0   7   7   0   0   9  0.16 0.19
  152 Y    -1   0   0   0  -3   0   0  -1   2   0  -1   0   1   0   0   0   0   3   1   0    5   5   5   5   0   5   5   5   5   5   5   5   5   5   5   5   5   5   5   5  0.06 0.09
  153 M    -1  -3  -4  -5  -3   0  -4  -2  -1   2   3  -2   5   2  -4  -3  -3  -3  -1   2    3   0   0   0   0   4   0   4   2  13  26   2  20   7   0   0   0   0   1  15  0.53 0.34
  154 F    -2   3   0   4  -4   1   0  -2  -2  -3  -3   0  -3   0  -3   0   1  -4  -1  -1    2  18   4  30   0   7   5   2   0   1   2   4   0   4   0   5  10   0   2   5  0.43 0.31
  155 D    -2  -1   3   5  -5   0   3  -3  -3  -5  -5   2  -4  -5  -4  -1  -3  -5  -4  -5    3   3  16  36   0   3  23   0   0   0   0  11   0   0   0   3   0   0   0   0  0.93 0.48
  156 N     3  -1   2   0   0   0   0  -2   0  -1  -1   0  -1  -2  -3   0   0  -3   0  -1   28   3  11   6   2   5   5   1   2   2   6   6   1   1   0   7   6   0   4   4  0.15 0.18
  157 E    -1   1   1   0  -4   0   2   4   1  -2  -2  -1  -3  -2  -1  -1  -3  -4  -1  -4    2   8   5   4   0   2  17  35   3   3   5   3   0   2   3   4   0   0   2   0  0.41 0.29
  158 V     0  -3  -1  -2  -3  -3  -1  -1  -3   2   0  -3   0   0  -4  -2   0  -3   3   4    8   0   3   2   0   0   4   4   0  12   7   0   1   3   0   2   5   0  13  35  0.35 0.28
  159 P    -1   0   1   1  -4   0   0  -1   1  -3  -2   0   0  -4   5   0   0  -4  -3  -1    4   4   6   8   0   4   4   4   3   0   4   4   3   0  36   5   4   0   0   5  0.59 0.33
  160 G     0   1   1   1  -2   1   0   0  -1   0   0   0  -1   0  -2   0   0  -2  -1   0    7   7   7   7   0   7   7   7   0   7   7   7   0   7   0   7   7   0   0   7  0.04 0.06
  161 G    -1   0   3   2  -4   0   0   3  -2  -4  -4  -1  -3  -4   0   0   1  -4  -4  -2    3   6  16  12   0   4   6  27   0   0   0   2   0   0   5   4  11   0   0   3  0.40 0.25
  162 F    -3   5  -1  -2   1   1  -3  -3  -3   1   2  -1   0   0  -4  -3  -2  -4  -1  -1    0  45   2   2   3   5   0   2   0   9  19   0   2   3   0   0   2   0   2   4  0.60 0.39
  163 V    -2  -3  -2  -4  -3  -2  -2  -4  -1   3  -1  -2  -1   1  -4  -1   0   2   2   4    2   0   2   0   0   1   3   0   2  19   2   3   0   7   0   4   4   3   9  39  0.46 0.31
  164 M     0  -4  -4  -5   4  -4  -4  -1  -4   2   3  -4   3  -2  -4  -1   0  -4   1   2    7   0   0   0  10   0   0   5   0  13  29   0   8   0   0   5   5   0   5  12  0.43 0.26
  165 F    -1  -1  -1  -4   1  -3  -1  -4   2   1   0  -1   1   4  -4  -1  -1   3   4   0    3   3   3   0   4   0   4   0   5   7   5   4   4  23   0   4   4   3  16   6  0.41 0.25
  166 V     0  -4  -4  -5   4  -3  -4  -4  -4   3   1  -4   4  -2  -4  -3   0  -4  -3   3    7   0   0   0  11   0   0   0   0  22  12   0  12   0   0   0   5   0   0  31  0.59 0.27
  167 S     0   0   2   0  -4  -1  -3  -2  -4  -4  -3  -1   0  -5   2   3   4  -5  -5  -2    5   4   8   5   0   2   0   3   0   0   1   3   2   0   9  23  33   0   0   2  0.60 0.41
  168 S     1  -1   0  -4  -5  -2  -1  -2  -1  -5  -4  -3  -4  -5   6   2   1   1   1  -2   11   3   4   0   0   1   3   2   1   0   1   0   0   0  37  17   8   2   6   2  0.82 0.45
  169 A     1  -2   0   3  -4  -1   1   0  -1  -2  -4   0  -1  -4  -1   1   3   2  -1  -2   15   1   4  17   0   2   8   6   1   2   0   6   2   0   2  10  19   3   2   1  0.30 0.25
  170 Y    -1  -4  -1  -2  -1  -1  -4  -3  -1   0   0  -3   3   4  -4  -2   1   0   3   3    6   0   3   2   1   2   0   1   2   5   9   1   7  17   0   3   9   1  11  21  0.36 0.26
  171 Y     0  -1  -1  -2  -4  -1  -1  -3   1   0   0   1   1   1  -4  -2  -1   1   6   0    7   2   3   2   0   2   3   1   3   4   9  11   5   6   0   2   2   1  31   5  0.44 0.30
  172 T     1   1   1   0  -3   0  -1   1  -1  -2  -2   2  -1  -2   0   1   2  -4  -3  -2   12   8   7   4   0   3   2  10   2   1   3  18   1   2   3   8  14   0   0   1  0.21 0.19
  173 A     1  -1  -1  -2  -3  -1  -1  -3  -1   0   3   0   3   0  -3  -1  -2  -3  -1   0   17   2   3   2   0   3   2   1   1   5  31   8   9   4   0   4   1   0   2   4  0.22 0.20
  174 L     0  -1  -2  -3   3  -1  -2  -2  -2   1   1   0   2   2  -2  -1  -1  -2  -1   1   12   1   0   1  11   0   1   1   0  12  12  12  11  12   1   1   1   0   0  12  0.12 0.08
  175 K    -1   1   0   0   1   1   2  -2  -2  -1  -1   3   1  -3  -2   0   0  -3  -2  -1    4   6   4   4   4   8  16   1   0   4   6  24   6   0   0   6   5   0   0   4  0.21 0.15
  176 Q    -1   1   1   1  -3   1   1  -1  -1  -1   1   1   0  -2  -2   0   1  -3  -2  -1    4   6   9   7   0   9  10   3   0   4  20  10   3   0   0   5   9   0   0   0  0.12 0.12
  177 S     2  -1   2   1   1  -2  -1  -1  -1  -2  -1  -1  -1  -2  -3   3  -1  -4  -3  -2   22   2  10   9   4   0   4   4   1   2   5   2   2   2   0  27   1   0   0   2  0.32 0.28
  178 A    -1  -1   0   4  -1   0   0  -3  -2  -1  -2   2  -2  -2   2   0   1  -4  -3   0    4   2   4  24   1   4   5   0   0   5   3  13   0   2  11   7   8   0   0   7  0.28 0.23
  179 A     1   0   1   2  -3   1   2  -1  -2  -1  -2   1  -2  -2  -1   0   0  -3   0  -1   11   4   5  13   0   6  20   5   0   5   3   8   0   2   2   4   5   0   3   5  0.17 0.16
  180 V    -2  -1  -3  -4  -3  -1  -1  -2  -3   2   1  -2   1   4  -4  -2   0   3   2   1    3   4   0   0   0   3   4   3   0  14  12   2   3  25   0   2   5   4   6   8  0.36 0.27
  181 T     0  -2   0   0  -2   2  -1  -2  -2   1   1   0   0  -1  -1   0   2  -3   0   1    5   0   5   4   0  10   3   2   0   7  15   6   2   2   2   7  15   0   4  10  0.09 0.15
  182 R    -1   3   1  -1  -3  -1  -1   0   1  -3  -2   2   0  -3   1   1   0   1  -1  -2    4  21   6   3   0   0   2   8   3   1   4  12   3   0   7  10   6   3   2   3  0.22 0.21
  183 T     0   0   1   0   0   1   0  -1  -1  -1   0   0   1  -1  -1   1   1  -3   0   0    7   5   6   5   3   8   7   2   0   3   8   5   4   3   2  13   9   0   3   7  0.06 0.10
  184 F    -1  -1   1   1  -1  -1   1   0  -2   1   0  -1  -1   1  -2   0   0   3  -1   0    4   4   8   8   2   2  10   9   0  10   8   3   0   9   2   5   6   6   0   5  0.08 0.12
  185 S     0  -1   1   3  -3   0   1  -1  -1   0  -1   0   0  -2  -1   1   0  -4  -1  -1    8   2   8  22   0   3   8   3   1   5   6   7   3   2   3   9   4   0   1   4  0.18 0.17
  186 T     0  -1   0   0  -2   0   0  -1   0   1   0  -1   1   0   0   1   1  -3  -2   1    7   3   5   4   0   3   5   5   3   9   6   4   4   4   3   9  11   0   0  15  0.04 0.09
  187 D     1   0   2   1  -3   0   0   1   1  -1  -2   0  -2  -2   0   0   0  -3   0  -1   12   7  12   8   0   5   3  11   3   5   4   5   0   0   3   7   6   0   5   4  0.10 0.12
  188 G     0   0   1   0  -3   2   0   1   0  -1  -1   1   0  -2   0   1   0  -3   0   0    8   4   6   6   0  11   5  13   2   3   4   7   2   0   3   9   5   0   3   7  0.09 0.11
  189 T     0  -1   2   2  -3   1   2  -1  -2  -3  -2   2  -3  -2   0   0   1   1  -3  -2    9   2  10  15   0   6  11   3   0   0   4  16   0   1   3   5   9   2   0   2  0.26 0.23
  190 M     0  -1  -1  -1  -2   0  -1  -1  -2   1   1  -1   2   2  -2   0   0   0  -1   1    8   2   3   3   0   6   2   5   0   8  10   3   7  13   2   5   7   1   0  14  0.08 0.13
  191 A     1   1   0  -1  -2  -1  -1   1  -2  -1   0   1  -1  -1   0   0   0  -3  -1   0   13   8   5   1   0   1   3  13   0   3  14   8   0   2   3   8   7   0   2   8  0.07 0.11
  192 I    -1   0   0   0  -3   2   0  -1  -1   1   0   1   0  -2   0   0   0  -3  -1   0    3   5   5   5   0  13   3   5   2  14   7  10   2   1   4   5   7   0   1   8  0.08 0.13
  193 N     0   1   3  -1  -1   0   0   3  -2  -2  -2   2  -3  -3  -3  -1   1  -4  -2  -2    5   6  16   2   1   3   5  23   0   3   4  17   0   0   1   3   8   0   1   2  0.31 0.25
  194 G    -1   0   1   0  -4  -3  -1   5  -3  -3  -2  -1  -1  -4  -3   0  -1  -4  -4   0    4   6   8   4   0   0   4  45   0   0   4   3   1   0   1   7   3   0   0   7  0.59 0.36
  195 I    -1  -2  -3  -4  -3  -3  -3  -4  -1   4   1  -3   0   2  -2  -2  -2  -3   1   3    3   2   1   1   0   1   2   1   1  24  11   1   1  11   2   3   2   0   4  28  0.47 0.29
  196 D    -1   0   2   2  -1   1   1   0  -1  -1  -2   0  -2  -2  -1   0   0  -3   0   0    3   4  13  16   1   7   9   6   0   4   2   7   0   1   2   6   5   0   4  10  0.15 0.14
  197 R    -2   3  -1  -1  -3   0  -2   3  -2  -2  -1   0  -2  -1  -2  -1   2  -2   0  -1    2  18   2   3   0   4   1  24   0   1   8   5   0   3   1   3  17   0   4   3  0.28 0.21
  198 R     0   3   1   0  -3   2   0   0  -1  -2  -2   1  -2  -2  -2   1   2  -3  -2  -2    6  17   9   4   0  12   5   6   1   2   2  10   0   2   1   8  13   0   0   2  0.24 0.19
  199 V    -1  -4  -2  -5   0  -4  -4  -3  -5   4   0  -4  -2  -1  -4  -2  -1  -4  -3   6    4   0   2   0   2   0   0   2   0  20   6   0   0   2   0   2   2   0   0  55  0.94 0.50
  200 A     1  -1   0  -1  -3  -2  -1   3   1  -1  -2   1  -1  -3   0   0   1  -3   1  -2   13   3   4   3   0   0   3  28   3   3   3   8   1   0   4   4  11   0   6   2  0.24 0.21
  201 Q     0   0   0   0  -2   1   0   0  -1   0   0   0   1   1  -2   0   0  -2   1   0    6   6   6   6   0   6   6   6   0   6   6   6   6   6   0   6   6   0   6   6  0.03 0.07
  202 L    -1  -3   0  -1  -3  -2  -1  -1  -3   3   3  -1   1   1  -3  -3  -2  -2   2   1    3   0   5   4   0   0   4   4   0  18  29   5   4   7   0   0   0   0   7   8  0.26 0.22
  203 D     0   0   1   0   2   1   0  -2   2   0  -1   0  -1   1  -2   0   0  -2   1   0    6   6   6   6   6   6   6   0   6   6   6   6   0   6   0   6   6   0   6   6  0.06 0.10
  204 G    -3  -1   2   3  -4  -1   0   5  -3  -4  -4  -1   0  -5  -4   0  -3  -5  -4  -1    1   3  11  20   0   2   5  40   0   0   1   3   3   0   0   5   0   0   0   5  0.70 0.41
  205 G     0  -1   1  -1  -1  -1  -1   2  -1  -1  -1   0   1   1  -1   0   0   2  -1   0    7   3   7   4   2   2   2  19   2   4   5   6   5   9   2   7   6   3   1   6  0.07 0.07
  206 V     0  -1  -2  -1   2  -1  -2  -2  -3   1   0   0   2   1  -2   0   1  -3  -1   2    8   3   1   3   6   2   1   3   0   8   6   6   8   8   2   5  12   0   1  20  0.14 0.16
  207 P    -1   0  -1   1  -3   0   0  -1  -2   0  -1   0  -2  -1   4   0   1  -3   0   0    5   4   3   7   0   4   5   4   0   7   4   7   0   2  22   7   9   0   3   7  0.24 0.18
  208 I    -1  -4  -1  -4   3  -3  -1  -2  -3   4   1  -3   1   1  -4  -1  -2  -3   0   2    3   0   3   0   7   0   4   4   0  29  12   0   4   7   0   5   0   0   3  17  0.38 0.28
  209 V    -1  -1  -1  -1  -3   0  -1  -1  -2   2   0   0   1   0   0  -1   0  -3   0   2    3   3   3   4   0   3   4   5   0  19   7   8   4   4   4   3   6   0   4  15  0.08 0.13
  210 R    -1   1  -2  -2   1   1   1   0  -2  -1  -2   1   0   0   2   0   1   2   0   1    5   7   0   0   3   6   9   6   0   3   1   9   3   3   9   7   8   4   4  11  0.12 0.17
  211 V    -1  -3  -4  -4   0  -1   0  -3  -4   1  -1  -2   2  -3  -1  -1   1  -4  -3   5    4   0   0   0   2   3   7   2   0   6   2   2   4   0   3   3   8   0   0  52  0.58 0.40
  212 S     0  -1  -3  -1  -4  -1  -2  -2  -4  -4  -3  -3  -1  -5   7   1   0   0  -4  -2    9   3   0   4   0   2   2   3   0   0   3   0   2   0  52   9   5   2   0   2  1.13 0.53
  213 S     0  -2   0   2  -3   0   0   0  -3  -2  -4   1  -1  -4   1   3   0  -4  -3  -2    8   0   4  11   0   4   5   5   0   2   1  11   2   0   7  34   6   0   0   2  0.37 0.30
  214 D     0   0   1   3  -3   0   0   2  -2  -2  -2   1  -3  -4  -1   2   0  -4  -3  -2    6   4   8  19   0   2   4  14   0   2   3   8   0   0   2  17   7   0   0   3  0.26 0.21
  215 R    -3   5  -2  -2  -2   0  -2  -1   1  -2  -2  -1   0   1  -4  -3  -3   1   5  -2    1  40   2   2   1   4   1   4   4   2   3   2   3   4   0   1   0   2  21   3  0.74 0.43
  216 L    -3  -4  -4  -5  -4  -4  -3  -5  -3   0   2  -4   6   5  -5  -2  -1   0   2   1    0   0   0   0   0   0   2   0   0   5  20   0  26  23   0   3   3   1   8   8  0.80 0.44
  217 K    -1  -1   1  -2  -4   0   0  -1  -3  -4  -3   4  -3  -2   4   0  -2  -4   0  -2    4   1   7   0   0   4   4   3   0   0   2  34   0   2  26   6   0   0   3   2  0.65 0.39
  218 G     2  -2  -1   0  -2  -1  -1   2  -2  -2  -2   1  -1  -3  -1   1   2  -3  -3  -1   19   1   2   4   0   1   3  20   0   1   3  10   1   0   2   7  20   0   0   4  0.25 0.20
  219 L     2  -1   0   0  -2  -1   0   0  -1   0  -1   0  -1   0  -1   0   1  -2   0   0   26   2   6   4   0   1   4   5   1   7   5   6   1   5   1   3   9   0   5   9  0.07 0.10
  220 G     1  -1   1   0   0  -1   1   0   0  -2  -2   0  -2  -2   1   1   2  -2  -1  -1   11   1   6   4   2   1  12   6   2   2   2   5   0   1   7  12  19   0   2   3  0.16 0.13
  221 I     1  -1  -1   0  -2  -1  -1   2  -2   0   0   0   0   0   0   0   1  -2  -1  -1   11   1   2   6   0   1   3  19   0   6  11   5   2   4   5   7  10   0   2   3  0.08 0.08
  222 T     3  -2   0  -1  -2  -1  -2   1  -2   0  -1  -1  -2  -2   1   1   0  -3  -2  -1   36   1   4   2   0   1   1  11   0   5   4   4   0   1   8  12   5   0   1   3  0.27 0.19
  223 D    -1   0   0   3  -3   1   2  -1   1  -2  -2   3  -2  -2  -2  -1   0  -3  -2  -2    3   3   4  18   0   5  12   3   4   1   3  27   0   2   1   3   6   0   1   3  0.30 0.19
  224 H     0  -1   3   1  -3   1   0   1   1  -1  -2   1  -2  -2   0   0   0  -3   0  -2    6   0  21   9   0   7   4  11   4   5   5  10   0   0   4   4   5   0   4   1  0.18 0.16
  225 V    -1  -1  -2  -3   2  -2  -3   0   1   3   0  -2   1   2  -3  -1   1  -2   1   2    4   4   0   0   5   0   0   8   4  21   5   0   6  10   0   4   8   0   4  15  0.16 0.17
  226 N    -2  -2   5   2  -4   0   0   1   1  -4  -2  -1  -3  -1  -2  -1  -3  -1   3  -4    3   2  36  12   0   4   4  10   4   0   4   2   0   2   1   3   0   1  12   0  0.59 0.34
  227 F    -2  -5  -5  -5  -1  -4  -5  -5  -4   0  -1  -5   5   7  -5  -4  -1   4   3  -1    4   0   0   0   1   0   0   0   0   4   3   0  15  50   0   0   4   5   8   4  1.26 0.50
  228 I    -2  -5  -5  -5  -4  -4  -2  -6  -5   4   3  -5   5   1  -5  -3  -2  -4  -3   2    2   0   0   0   0   0   2   0   0  27  31   0  16   6   0   2   2   0   0  12  0.84 0.40
  229 L     1  -5  -5  -2   2  -4  -5  -3  -5   5   2  -4   2  -1  -5  -3  -2  -4  -1   2   16   0   0   3   4   0   0   2   0  37  17   0   4   1   0   0   1   0   2  11  0.63 0.34
  230 T     1  -4  -1  -1   1  -3  -3  -1  -4   3  -1  -2   1   0  -4  -2   1   3  -1   3   14   0   3   3   3   0   0   5   0  17   3   3   3   4   0   1  11   5   1  23  0.29 0.23
  231 P     0  -1   0   0  -1   0  -1  -1   7  -3  -3  -2  -4  -2   3   0  -3  -4   2  -2    6   2   3   7   1   5   2   5  29   1   2   1   0   1  15   8   0   0   8   3  0.64 0.36
  232 L    -2   2   0  -2  -1  -1  -1  -1  -3   0  -1   4   0  -4   4  -1  -1  -5  -4  -2    2  11   4   1   1   2   3   5   0   5   7  27   2   0  21   2   3   0   0   3  0.45 0.28
  233 S     0   1   1   2  -1   1   1   1   0  -2  -2   1   0  -3  -1   2   0  -4  -1  -2    8   6   6  12   1   6   6  11   2   3   2   7   3   0   2  16   6   0   2   1  0.17 0.14
  234 A     5  -2  -4  -4   3  -3  -4  -1  -4  -3  -4  -1  -3  -5  -4   2   1   1  -4   2   46   2   0   0   6   0   0   5   0   0   0   3   0   0   0  16   8   2   0  13  0.74 0.43
  235 I     0  -2  -2  -3   3   1  -2   0   2   1   0  -2   2   1   1   0   0  -3  -1   0    8   0   0   0   8   8   0   8   8   8   8   0   8   8   8   8   8   0   0   8  0.12 0.15
  236 A     1  -4  -4  -4  -1  -2  -3  -4   0   4   1  -2   0   0  -2  -1   0  -4  -3   3   14   0   0   0   1   2   1   0   2  25  13   2   2   4   1   3   5   0   0  24  0.42 0.30
  237 P     3  -1   0  -1  -1   2  -1  -1  -2  -2   0   0  -1   0   1   1   0  -4  -1  -2   27   3   3   3   1  13   1   4   0   1   9   4   1   5   7   9   6   0   2   1  0.18 0.22
  238 I    -1   0  -3  -5  -4  -4  -4  -2  -2   2  -2  -2  -1   0   6  -4  -3  -5   0   3    6   5   1   0   0   0   0   3   1  12   2   2   1   4  37   0   0   0   3  23  0.83 0.46
  239 V    -2  -2   0   0  -1   2  -1  -3  -1   1  -1   1   2  -1  -2   0   2   2   0   2    2   0   5   6   1  11   2   0   2   7   5   8   7   1   2   5  13   4   3  17  0.15 0.20
  240 K    -4   0   0  -1  -5   1  -1  -4   0  -5  -5   7  -4  -5  -4  -2  -2  -5  -1  -1    0   2   4   3   0   7   3   0   2   0   0  67   0   0   0   2   2   0   2   5  1.25 0.65
  241 Y    -2  -1  -2  -4  -1   2  -2  -5   4   2   1  -3  -2   2  -4  -3   0   3   3  -1    3   3   1   0   1   9   2   0  14  15  17   0   0  10   0   0   6   4  12   3  0.43 0.33
  242 D     1  -1   3   3  -4   2   2  -1   0  -2  -3  -1  -3  -4  -3   0   0   0  -3  -1   13   2  16  17   0   8  11   5   2   2   2   3   0   0   0   7   7   1   0   4  0.30 0.24
  243 S     0  -1   0   3  -3   0   1  -3   1  -2  -2   1  -1   1  -3   0   1  -3   1   0    8   1   3  18   0   4   8   0   4   1   3  11   1   6   0   8   8   0   5  10  0.17 0.19
  244 V     0  -3   0  -2  -3  -3  -3   0  -3   2   0  -3   3   0   0   0   1  -3   3   2    7   0   6   2   0   0   0   7   0  11   4   0   9   3   4   5  11   0  11  18  0.21 0.24
  245 S    -2   4  -1  -1  -5   0  -1  -2   0  -2  -4   5  -1  -1  -4  -1  -3  -4   1  -1    2  24   3   3   0   2   1   3   2   2   0  40   1   3   0   4   0   0   6   4  0.71 0.46
  246 V    -2  -4  -4  -4  -3  -2  -4  -3   2   4   2  -4   2   0  -4  -3   1  -3   2   2    2   0   0   0   0   2   0   2   5  25  19   0   5   3   0   0  11   0   7  18  0.45 0.31
  247 I    -3  -2   0  -1  -4   0  -3  -4   6   2   0  -2   1   5  -3  -3  -3   1  -1  -1    1   2   5   4   0   4   0   0  23  13   8   1   4  27   1   1   0   2   0   3  0.66 0.40
  248 D     0  -2   1   3  -3   1   1  -1  -1  -3  -3   1   0  -4  -1   2   3  -4  -3  -2    8   0   6  15   0   7   9   3   2   0   1   7   2   0   2  14  21   0   0   2  0.33 0.27
  249 P     1  -3   2   3  -4  -3  -1  -2  -3  -4  -4  -2  -4  -5   6  -2  -2  -5  -4  -4   13   0  11  18   0   0   3   2   0   0   1   2   0   0  44   1   2   0   0   1  1.09 0.48
  250 S    -1  -3  -1   3  -3  -1   2   1   0  -1  -2  -2  -2  -3   4   1  -1  -2  -3  -2    3   0   2  16   0   1  16  10   2   4   3   0   1   1  22  12   3   1   0   2  0.42 0.24
  251 T     1  -2   0  -1  -3   2   2  -3  -3  -2  -2  -1  -2  -4   4   0   2  -4  -3   0   10   1   4   3   0  12  12   0   0   1   3   2   1   0  23   7  15   0   0   7  0.44 0.28
  252 D    -1  -3   4   2  -4  -2  -2   4   2  -3  -1  -3  -2  -3  -2  -1  -2   0  -1   0    5   0  23  11   0   0   0  30   6   0   7   0   1   1   2   2   0   1   2   9  0.46 0.30
  253 R    -2   1  -2  -3  -4   5   0  -3  -2   2  -1  -1  -2  -1   0   0   1  -4  -1  -1    2   9   1   0   0  35   3   1   0  16   4   0   0   2   5   8   8   0   3   3  0.45 0.35
  254 S    -1  -1   0   2  -1   1   0   2  -2  -3  -4   1  -3   0  -2   3   1  -4  -2  -3    2   1   3  14   1   7   4  16   1   1   0   8   0   6   1  26   8   0   1   0  0.31 0.24
  255 G     2  -2  -1  -3  -4  -3  -3   5  -3  -2  -2   0   0  -2  -4  -1  -3  -4   0  -3   20   2   2   0   0   0   0  50   0   2   4   7   3   2   0   3   0   0   4   1  0.73 0.38
  256 N    -2  -1   4   5  -4  -2   0  -2   0  -4  -4  -2  -3   1  -3   0   0  -4   1  -3    3   3  20  40   0   1   3   3   2   0   1   0   0   6   0   5   5   0   5   1  0.68 0.35
  257 R     2   1   0   0  -2  -1  -1   3  -2  -2  -2   1  -1  -3  -2   1  -1  -3  -2  -2   24   9   3   4   0   1   3  27   1   1   2   8   1   1   1   8   1   0   1   2  0.30 0.17
  258 W    -2  -3  -3  -1  -3  -2  -3  -3   3  -3  -3  -3  -2   0  -1  -1   0   8   5  -1    3   1   1   4   0   1   1   2   8   1   2   1   0   2   3   4   7  27  25   4  1.04 0.38
  259 T     0  -2  -3  -2  -3   0  -3  -4  -1   0   3   1   2   0  -3  -2   0  -3  -1   2    6   0   0   2   0   4   0   0   1   2  41  11   5   4   0   2   4   0   2  14  0.31 0.24
  260 I    -1  -4  -4  -5  -3  -4  -4  -4  -3   2   1  -4   3   3  -4  -3  -2   1   4   3    6   0   0   0   0   0   0   1   0  13  15   0   9  12   0   1   1   2  18  22  0.57 0.33
  261 K    -3  -2   0   3  -5   4   4  -1  -2  -5  -3   2  -3   0  -4  -2  -2  -4   2  -4    0   0   4  16   0  22  28   5   0   0   2  11   0   4   0   0   2   0   7   0  0.64 0.39
  262 G    -2  -2   1  -3  -2   0   1   4   0  -3  -4  -3  -4   1  -4  -1  -3  -2   6  -4    2   2   8   0   1   5   9  32   1   1   0   0   0   4   0   3   0   0  31   1  0.75 0.43
  263 L    -4   7  -4  -5  -6   0  -2  -3  -1  -5   0  -1  -1  -5  -5  -3  -4  -6  -5  -3    0  76   0   0   0   3   2   2   1   0  12   0   1   0   0   1   0   0   0   1  1.62 0.69
  264 S    -2   1   0  -2  -1  -1  -1  -3  -1   2   1   1   1   1  -3   0   0  -1   1   1    0   7   4   1   1   2   2   0   1  14  17  12   3   5   0  11   4   1   7   9  0.11 0.14
  265 Y    -3  -2  -3  -5   1  -4  -5  -5  -1   1  -1  -2   0   3  -5  -4  -4  -1   8   1    1   2   1   0   3   0   0   0   1   7   5   2   2  11   0   0   0   0  55   8  1.30 0.57
  266 Y    -2  -4   0  -2  -5  -1  -2   1   6  -4  -4  -4  -4   2  -5  -2   0   0   7  -4    2   0   4   2   0   2   2  10  24   0   0   0   0   7   0   2   6   1  38   0  1.10 0.53
  267 D    -2  -4  -2   7  -5  -3  -1   1  -4   0  -2  -4  -5  -5  -4  -2  -3  -6  -5  -3    2   0   0  70   0   0   2  11   0   6   3   0   0   0   0   1   1   0   0   2  1.42 0.61
  268 A     3  -3  -2  -4   3  -3  -2  -2   0   1   1  -3  -1  -3  -3   0   0  -4  -3   2   36   0   1   0   8   0   1   1   2   9  16   0   1   0   0   7   4   0   0  15  0.39 0.29
  269 I    -3  -5  -5  -2  -5  -4   0  -3  -4   0  -1  -5  -3   7  -5  -3  -4   6   1  -3    2   0   0   3   0   0   7   2   0   6   6   0   0  56   0   1   0  14   3   0  1.36 0.56
  270 V     0  -5  -5  -5  -2  -3  -4  -5  -5   2   1  -4   0  -3  -5  -3  -2  -5  -2   6    7   0   0   0   1   1   1   0   0   9  10   0   2   0   0   1   1   0   1  66  1.04 0.50
  271 L    -2  -1  -3  -4  -3  -3  -1  -4  -3   1   3   0   1   2   2  -3  -1  -3   2  -1    1   3   0   0   0   0   4   0   0   7  42   7   2  10  11   1   3   0   8   1  0.42 0.29
  272 D    -1  -2   2   5  -5   1   2   1  -2  -5  -5   2  -4  -5   0  -1  -1  -5  -4  -4    4   0  10  33   0   5  14  10   0   0   0  15   0   0   4   2   2   0   0   0  0.63 0.34
  273 N     0  -1   6  -1  -4   0   0  -1   1  -5  -5   2  -3  -5  -3   1   0  -5  -4  -4    6   1  47   1   0   3   5   3   3   0   0  15   0   0   1  10   5   0   0   1  0.81 0.43
  274 A     0   2   0  -2  -5   0  -1  -2  -3  -4  -1   6  -1  -3  -4  -2  -1  -5  -4  -3    8   7   5   1   0   4   1   3   0   0   6  58   2   1   0   1   2   0   0   1  0.80 0.45
  275 K     1   0  -1  -2   1   1   0  -1   0   0   0   2   0  -2  -2  -1   0  -3  -1   1   17   3   1   1   3   7   4   3   3   5  12  18   1   0   1   2   5   0   2  13  0.11 0.15
  276 K     1  -1   2   3  -2  -1   0  -1   0  -3  -2   3  -3  -4   1   0  -2  -2  -2  -1   15   1  10  20   1   0   5   2   2   0   3  24   0   0   8   3   0   1   1   4  0.35 0.27
  277 G     3  -3  -3  -4   0  -1  -4   5  -2  -4  -3  -2  -3  -2  -4   0  -2  -4   0  -3   24   1   0   0   2   2   0  53   1   0   2   2   1   2   0   5   2   0   4   0  0.89 0.44
  278 I    -3  -5  -6  -6   0  -5  -5  -6  -6   7   0  -5  -1  -2  -5  -5  -3  -5  -4   4    1   0   0   0   2   0   0   0   0  65   6   0   0   1   0   0   0   0   0  25  1.39 0.56
  279 Y     0  -1  -4  -5  -3   0  -3  -2  -1   1  -2  -2  -3   3  -5  -3  -2   2   7  -1   11   3   0   0   0   5   1   3   1   8   3   2   0   9   0   1   2   2  48   3  0.91 0.45
  280 V     2  -3  -3  -4  -1  -3  -3  -3  -4   2   0  -2   1  -1  -3  -1   1  -4   0   4   21   0   1   0   1   0   0   0   0  10   9   3   2   1   0   2   9   0   4  36  0.42 0.28
  281 A     1  -3   3  -2   3   0  -2  -2   5   0  -2  -2  -2  -3  -3   2  -2  -1   0   0   11   0  15   0   7   4   0   1  21   6   4   0   0   0   0  21   0   1   4   6  0.45 0.31
  282 A     2  -1  -2  -3  -1  -2  -1  -1   0   1   0   1   1  -2  -1   0   1  -4  -2   2   22   2   0   0   1   0   3   3   2   9   5  12   4   0   2   6  10   0   1  17  0.15 0.16
  283 T     1  -1   1  -1  -3   0   1  -1  -2  -2  -2   2  -1  -4  -2   2   2  -4  -3  -1   15   2   7   3   0   4   8   2   0   1   3  18   1   0   1  18  14   0   0   3  0.24 0.19
  284 A     5  -2  -2  -3  -3  -1  -1  -1  -3  -4  -4   1  -3  -4   2   2   0  -5  -4  -3   55   0   1   0   0   1   2   3   0   0   0  10   0   0  12  13   3   0   0   0  0.71 0.36
  285 G     1  -1   1   0  -3   0   0   2  -2  -3  -3   1  -2  -4   0   2   2  -4  -3  -2    9   0   9   3   0   1   7  21   0   0   0  14   0   0   3  17  16   0   0   1  0.30 0.15
  286 A     5  -3  -2  -3  -2  -2  -2  -1  -3  -3  -3  -2  -2  -4  -2   3  -1  -4  -3  -2   78   0   0   0   0   0   0   0   0   0   0   0   0   0   0  22   0   0   0   0  0.90 0.29

                      K         Lambda
Standard Ungapped    0.1319     0.3160
Standard Gapped      0.0426     0.2670
PSI Ungapped         0.1391     0.3178
PSI Gapped           0.0426     0.2670
