
Last position-specific scoring matrix computed, weighted observed percentages rounded down, information per position, and relative weight of gapless real matches to pseudocounts
            A   R   N   D   C   Q   E   G   H   I   L   K   M   F   P   S   T   W   Y   V   A   R   N   D   C   Q   E   G   H   I   L   K   M   F   P   S   T   W   Y   V
    1 M    -1  -1  -2  -3  -2   0  -2  -3  -2   1   2  -1   6   0  -3  -2  -1  -2  -1   1    0   0   0   0   0   0   0   0   0   0   0   0 100   0   0   0   0   0   0   0  0.35 0.00
    2 S     1  -1   1   0  -1   0   0   0  -1  -3  -3   0  -2  -3  -1   4   1  -3  -2  -2    0   0   0   0   0   0   0   0   0   0   0   0   0   0   0 100   0   0   0   0  0.46 0.00
    3 M    -1   3  -2  -3  -2   0  -1  -3  -1   0   1   0   5  -1  -3  -1  -1  -2  -1   0    0  33   0   0   0   0   0   0   0   0   0   0  67   0   0   0   0   0   0   0  0.28 0.01
    4 L    -1  -1   2  -2  -2  -1  -2  -2  -1   1   2  -1   4   0  -3  -1  -1  -2  -1   0    0   0  25   0   0   0   0   0   0   0  35   0  40   0   0   0   0   0   0   0  0.21 0.01
    5 Q    -1   1   0   0  -3   6   2  -2   0  -3  -2   1  -1  -4  -2   0  -1  -2  -2  -3    0   0   0   0   0 100   0   0   0   0   0   0   0   0   0   0   0   0   0   0  0.75 0.03
    6 R    -2   6  -1  -2  -3   1   0  -3  -1  -2   0   2  -1  -2  -2  -1  -1  -3  -2  -2    0  88   0   0   0   0   0   0   0   0  12   0   0   0   0   0   0   0   0   0  0.64 0.02
    7 P    -1  -2  -2  -2  -2  -1  -2  -3  -2  -1   1  -1  -1  -2   6  -1   1  -3  -2  -1    0   0   0   0   0   0   0   0   0   0  22   0   0   0  60   0  18   0   0   0  1.00 0.02
    8 G     0  -3  -1  -2  -3  -2  -2   6  -2  -4  -4  -2  -3  -3  -2   0  -2  -3  -3  -3    0   0   0   0   0   0   0 100   0   0   0   0   0   0   0   0   0   0   0   0  1.10 0.02
    9 Y    -2  -3  -3  -4  -3  -3  -3  -3   0  -1   0  -3   0   6  -4  -2  -2   1   5  -1    0   0   0   0   0   0   0   0   0   0   0   0   0  68   0   0   0   0  32   0  0.75 0.02
   10 P    -1  -2  -2  -2  -3  -2  -1  -2  -2  -3  -3  -1  -3  -4   8  -1  -1  -4  -3  -3    0   0   0   0   0   0   0   0   0   0   0   0   0   0 100   0   0   0   0   0  2.11 0.03
   11 N    -2  -1   6   1  -3   0   0  -1   0  -4  -4   0  -2  -3  -2   0   0  -4  -2  -3    0   0 100   0   0   0   0   0   0   0   0   0   0   0   0   0   0   0   0   0  0.82 0.03
   12 L     1  -3  -3  -3  -1  -2  -3  -3  -3   3   2  -2   1  -1  -2  -1   0  -3  -1   3   15   0   0   0   0   0   0   0   0  18  18   0   0   0   0   0   0   0   0  49  0.26 0.02
   13 S     1  -1   0  -1  -1   0   0  -1  -1  -3  -3   0  -2  -3  -1   5   1  -3  -2  -2    0   0   0   0   0   0   0   0   0   0   0   0   0   0   0 100   0   0   0   0  0.56 0.05
   14 V    -1  -3  -3  -3  -1  -3  -3  -4  -4   4   1  -3   1  -1  -3  -2  -1  -3  -2   3    0   0   0   0   0   0   0   0   0  71   0   0   0   0   0   0   0   0   0  29  0.43 0.03
   15 K    -1   2   0  -1  -3   1   1  -2  -1  -3  -3   5  -2  -4  -1   0  -1  -3  -2  -3    0   0   0   0   0   0   0   0   0   0   0 100   0   0   0   0   0   0   0   0  0.64 0.05
   16 L    -2  -2  -4  -4  -2  -2  -3  -4  -3   1   4  -3   2   0  -3  -3  -1  -2  -1   1    0   0   0   0   0   0   0   0   0   0 100   0   0   0   0   0   0   0   0   0  0.54 0.04
   17 F    -2  -2  -3  -4  -3  -2  -3  -3   1  -1  -1  -2  -1   4  -3  -2  -2   2   7  -1    0   0   0   0   0   0   0   0   0   0   0   0   0  23   0   0   0   0  77   0  0.90 0.05
   18 D     0   0   0   1  -3   3   2  -2  -1  -3  -3   0  -2  -3   4   2   0  -3  -2  -2    0   0   0   9   0  30  17   0   0   0   0   0   0   0  20  24   0   0   0   0  0.49 0.02
   19 S    -1  -1   2   4  -3  -1   0   1  -1  -3  -3  -1  -2  -3  -2   1   2  -4  -3  -2    0   0  15  47   0   0   0   9   0   0   0   0   0   0   0   9  20   0   0   0  0.46 0.02
   20 Y    -2  -2  -3  -4  -3  -2  -3  -4   1   1  -1  -2  -1   3  -3  -2  -2   2   7  -1    0   0   0   0   0   0   0   0   0  15   0   0   0   0   0   0   0   0  85   0  0.82 0.05
   21 D    -1  -1   2   4  -4   1   4  -2   0  -4  -4   0  -3  -4  -2   0  -1  -4  -3  -3    0   0  15  35   0   0  50   0   0   0   0   0   0   0   0   0   0   0   0   0  0.64 0.03
   22 A     3   0  -1   2  -1   0   0   0  -2  -2  -2   2  -1  -3  -1   1   0  -3  -2  -1   65   0   0  15   0   0   0   0   0   0   0  20   0   0   0   0   0   0   0   0  0.29 0.03
   23 W    -3  -3  -4  -4  -3  -3  -3  -3  -2  -2  -1  -3  -1   5  -4  -3  -3  10   2  -2    0   0   0   0   0   0   0   0   0   0   0   0   0  41   0   0   0  59   0   0  1.55 0.05
   24 S     1  -1  -1  -1  -2   3   1  -2  -1  -1   1   0   0  -2  -2   0  -1  -2  -2  -1   20   0   0   0   0  32   9   0   0   0  30   0   0   0   0   9   0   0   0   0  0.17 0.02
   25 N     0  -1   4   4  -3   0   1  -1   0  -3  -3   0  -2  -3  -2   1   0  -4  -3  -3    9   0  38  35   0   0   8   0   0   0   0   0   0   0   0   9   0   0   0   0  0.50 0.02
   26 N    -2  -1   6   1  -3   0   0  -1   4  -4  -4  -1  -2  -3  -2   0  -1  -4  -1  -3    0   0  79   0   0   0   0   0  21   0   0   0   0   0   0   0   0   0   0   0  0.73 0.04
   27 R    -1   5  -1  -2  -3   1   0  -3  -1  -1  -2   2  -1  -3  -2  -1  -1  -3  -2   1    0  65   0   0   0   0   0   0   0   0   0  15   0   0   0   0   0   0   0  20  0.47 0.03
   28 F    -2  -3  -3  -4  -3  -3  -3  -3   0  -1   0  -3  -1   6  -4  -2  -2   1   6  -1    0   0   0   0   0   0   0   0   0   0   0   0   0  56   0   0   0   0  44   0  0.80 0.04
   29 V    -1  -2  -3  -3  -1  -2  -3  -3  -3   3   3  -2   1   0  -3  -1   1  -2  -1   2    0   0   0   0   0   0   0   0   0  30  38   0   0   0   0   0  15   0   0  18  0.28 0.02
   30 E    -1  -1   0   3  -4   2   5  -2   0  -4  -3   0  -2  -4  -1   0  -1  -3  -2  -3    0   0   0  15   0   0  85   0   0   0   0   0   0   0   0   0   0   0   0   0  0.77 0.04
   31 L    -2  -2  -4  -4  -2  -2  -3  -4  -3   1   4  -3   3   0  -3  -3  -1  -2  -1   1    0   0   0   0   0   0   0   0   0   0  85   0  15   0   0   0   0   0   0   0  0.48 0.03
   32 A     3  -2  -1  -2  -1  -1  -1   2  -2  -1   1  -1   0  -2  -2   1   0  -3  -2  -1   44   0   0   0   0   0   0  21   0   0  20   0   0   0   0  15   0   0   0   0  0.23 0.02
   33 A     3  -2  -2  -2  -1  -1  -1  -1  -2  -1  -1  -1   2  -2   4   1   0  -3  -2  -1   57   0   0   0   0   0   0   0   0   0   0   0  15   0  20   8   0   0   0   0  0.39 0.03
   34 T     2  -1  -1  -2  -1  -1  -1  -1  -2  -1  -2  -1  -1  -2  -1   1   4  -3  -2   0   35   0   0   0   0   0   0   0   0   0   0   0   0   0   0   0  65   0   0   0  0.40 0.03
   35 I    -2  -3  -3  -4  -2  -3  -3  -4  -2   2   2  -3   1   5  -4  -3  -2   0   2   0    0   0   0   0   0   0   0   0   0  18  20   0   0  62   0   0   0   0   0   0  0.51 0.03
   36 T    -1  -2  -2  -3  -1  -2  -2  -3  -3   3   1  -2   0  -1  -2  -1   2  -3  -2   3    0   0   0   0   0   0   0   0   0  32   0   0   0   0   0   0  27   0   0  41  0.28 0.02
   37 T     0  -1   0  -1  -1  -1  -1  -1  -2  -1  -1  -1  -1  -2  -1   2   4  -3  -2   0    0   0   0   0   0   0   0   0   0   0   0   0   0   0   0  29  62   0   0   9  0.39 0.03
   38 L    -1  -2  -3  -4  -2  -2  -3  -4  -3   1   4  -2   5   0  -3  -2  -1  -2  -1   1    0   0   0   0   0   0   0   0   0   0  59   0  41   0   0   0   0   0   0   0  0.44 0.03
   39 T     0  -1   0  -1  -1  -1  -1  -2  -2  -1  -2  -1  -1  -2  -1   2   5  -3  -2  -1    0   0   0   0   0   0   0   0   0   0   0   0   0   0   0  20  80   0   0   0  0.50 0.04
   40 M    -1  -2  -2  -2  -2   0   1  -3  -2   2   2  -1   4   0  -3  -2  -1  -2  -1   1    0   0   0   0   0   0  20   0   0  17  21   0  42   0   0   0   0   0   0   0  0.23 0.03
   41 R    -2   6  -1  -2  -4   1   0  -2  -1  -3  -3   3  -2  -3  -2  -1  -1  -3  -2  -3    0  80   0   0   0   0   0   0   0   0   0  20   0   0   0   0   0   0   0   0  0.75 0.04
   42 D    -2  -2   1   6  -3  -1   1  -2  -1  -3  -3  -1  -3  -4  -2   0   2  -4  -3  -3    0   0   0  80   0   0   0   0   0   0   0   0   0   0   0   0  20   0   0   0  0.77 0.04
   43 S     0  -2   0  -1  -1  -1  -1   2  -2   1  -1  -1  -1  -2  -2   2   2  -3  -2   0    0   0   0   0   0   0   0  18   0  20   0   0   0   0   0  38  24   0   0   0  0.22 0.02
   44 L    -2  -3  -4  -4  -1  -3  -3  -4  -3   3   3  -3   2   0  -3  -3  -1  -2  -1   2    0   0   0   0   0   0   0   0   0  49  51   0   0   0   0   0   0   0   0   0  0.42 0.03
   45 Y    -2   3   2  -1  -3   0  -1  -2   0  -2  -2   0  -1   3  -3  -1   0   0   4  -2    0  30  20   0   0   0   0   0   0   0   0   0   0  18   0   0   9   0  23   0  0.29 0.02
   46 G     0  -3  -1  -2  -3  -2  -2   6  -2  -4  -4  -2  -3  -4  -2  -1  -2  -3  -3  -4    0   0   0   0   0   0   0 100   0   0   0   0   0   0   0   0   0   0   0   0  1.15 0.04
   47 R    -1   3  -1  -2  -2  -1  -1  -2  -2   1  -1   0   0  -2  -2   0   3  -3  -2   1    0  26   0   0   0   0   0   0   0   9   0   0   0   0   0   0  44   0   0  21  0.23 0.02
   48 N    -1  -1   5   1  -2   0  -1  -1   0  -3  -3   0  -2  -3  -2   2   2  -4  -2  -2    0   0  65   0   0   0   0   0   0   0   0   0   0   0   0  20  15   0   0   0  0.54 0.03
   49 E    -1   0  -1   1  -4   2   6  -2   0  -4  -3   1  -2  -4  -1   0  -1  -3  -2  -3    0   0   0   0   0   0 100   0   0   0   0   0   0   0   0   0   0   0   0   0  0.85 0.05
   50 G     0  -2  -1  -2  -2  -2  -2   5  -2  -3  -3  -2  -2  -3  -2   0   1  -3  -3  -2    0   0   0   0   0   0   0  80   0   0   0   0   0   0   0   0  20   0   0   0  0.81 0.03
   51 M    -1  -2  -3  -4  -1  -2  -3  -4  -3   1   4  -2   4   0  -3  -2  -1  -2  -1   1    0   0   0   0   0   0   0   0   0   0  59   0  32   0   0   0   0   0   0   9  0.40 0.03
   52 L    -2  -2  -3  -4  -2  -2  -3  -4  -3   1   4  -2   4   0  -3  -3  -1  -2  -1   1    0   0   0   0   0   0   0   0   0   0  80   0  20   0   0   0   0   0   0   0  0.47 0.03
   53 Q    -1   1   0  -1  -3   6   2  -2   0  -3  -3   1  -1  -4  -2   0  -1  -2  -2  -3    0   0   0   0   0 100   0   0   0   0   0   0   0   0   0   0   0   0   0   0  0.83 0.06
   54 F    -2  -3  -3  -4  -2  -3  -3  -4  -2   2   1  -3   0   6  -4  -3  -2   0   2   1    0   0   0   0   0   0   0   0   0  20   0   0   0  65   0   0   0   0   0  15  0.51 0.03
   55 Y    -2  -2  -3  -4  -3  -2  -3  -4   1  -2  -1  -2  -1   4  -3  -2  -2   2   7  -2    0   0   0   0   0   0   0   0   0   0   0   0   0   9   0   0   0   0  91   0  1.00 0.05
   56 D    -2  -2   1   6  -4  -1   1  -2  -1  -4  -4  -1  -3  -4  -2  -1  -1  -5  -3  -4    0   0   0 100   0   0   0   0   0   0   0   0   0   0   0   0   0   0   0   0  1.07 0.05
   57 S     1  -1   4   0  -2   0   0  -1   0  -3  -3   0  -2  -3   2   3   0  -3  -2  -2    8   0  41   0   0   0   0   0   0   0   0   0   0   0   9  42   0   0   0   0  0.43 0.03
   58 K    -1   1   0  -1  -3   3   1   2  -1  -3  -3   4  -2  -3  -2   0  -1  -3  -2  -3    0   0   0   0   0  20   0  23   0   0   0  57   0   0   0   0   0   0   0   0  0.43 0.03
   59 N     1   0   3   0  -2   0  -1  -1  -1  -1   1   1   0  -2  -2   0   0  -3  -2   0   22   0  36   0   0   0   0   0   0   0  20  15   0   0   0   0   0   0   0   7  0.15 0.02
   60 I    -1  -2  -3  -4  -2  -2  -3  -4  -3   3   3  -2   4   0  -3  -2  -1  -2  -1   1    0   0   0   0   0   0   0   0   0  29  41   0  30   0   0   0   0   0   0   0  0.37 0.02
   61 H    -2  -1   0  -2  -3   1   0  -3   8  -3  -3  -1  -2   0  -3  -1  -2  -1   4  -3    0   0   0   0   0   9   0   0  71   0   0   0   0   0   0   0   0   0  20   0  0.79 0.05
   62 T     1  -1   0  -1  -1  -1  -1  -1  -1  -1  -1  -1  -1  -2  -1   1   4  -2  -1   0   10   1   1   1   0   1   1   2   0   1   2   1   0   1   1   1  72   0   1   1  0.34 0.02
   63 K    -1   3  -1  -1  -3   3   0  -2  -1  -2   0   3   1  -2  -2  -1  -1  -3  -2  -2    0  24   0   0   0  20   0   0   0   0   9  38   9   0   0   0   0   0   0   0  0.33 0.02
   64 M    -2  -2  -3  -4  -2  -2  -3  -4  -3   1   4  -2   4   0  -3  -2  -1  -2  -1   1    0   0   0   0   0   0   0   0   0   0  65   0  35   0   0   0   0   0   0   0  0.44 0.03
   65 D    -1  -1   4   3  -2  -1   0  -1  -1  -2  -3  -1  -2  -3  -2   1   3  -4  -2  -2    0   0  31  25   0   0   0   0   0   0   0   0   0   0   0   0  44   0   0   0  0.43 0.03
   66 G     0  -2  -1  -1  -3  -1   1   5  -2  -4  -4  -1  -3  -3  -2   0  -2  -3  -3  -3    0   0   0   0   0   0  20  80   0   0   0   0   0   0   0   0   0   0   0   0  0.83 0.03
   67 N    -1   3   4   3  -3   1   1  -1   0  -3  -3   2  -2  -3  -2   0  -1  -4  -2  -3    0  21  33  18   0   0   8   0   0   0   0  20   0   0   0   0   0   0   0   0  0.43 0.02
   68 E    -1   0  -1   1  -4   3   4  -2   0  -3  -3   0  -2  -4   4   0  -1  -3  -2  -3    0   0   0   0   0  18  62   0   0   0   0   0   0   0  20   0   0   0   0   0  0.70 0.03
   69 I    -2  -3  -4  -4  -2  -3  -4  -4  -3   4   2  -3   1   2  -3  -3  -1  -2   0   2    0   0   0   0   0   0   0   0   0  76   9   0   0  15   0   0   0   0   0   0  0.39 0.03
   70 I    -1  -3  -4  -4  -1  -3  -4  -4  -4   5   1  -3   1   0  -3  -3  -1  -3  -2   3    0   0   0   0   0   0   0   0   0  91   0   0   0   0   0   0   0   0   0   9  0.48 0.04
   71 Q    -1   1   0  -1  -3   6   1  -2   0  -2  -1   1   2  -3  -2  -1  -1  -2  -2  -2    0   0   0   0   0  85   0   0   0   0   0   0  15   0   0   0   0   0   0   0  0.62 0.05
   72 I    -1  -3  -3  -3  -1  -3  -3  -4  -4   4   1  -3   1  -1  -3  -2  -1  -3  -1   4    0   0   0   0   0   0   0   0   0  47   0   0   0   0   0   0   0   0   0  53  0.41 0.03
   73 S     1  -1   2   0  -1   0   0  -1  -1  -3  -3   0  -2  -3  -1   4   1  -3  -2  -2    0   0  15   0   0   0   0   0   0   0   0   0   0   0   0  85   0   0   0   0  0.49 0.04
   74 V    -1  -3  -3  -4  -1  -3  -3  -4  -3   2   3  -3   1   3  -3  -2  -1  -1   0   2    0   0   0   0   0   0   0   0   0   0  44   0   0  20   0   0   0   0   0  36  0.32 0.02
   75 A     3  -1   0  -1  -1   2   0   0  -1  -2  -2   0  -1  -3  -1   3   0  -3  -2  -1   44   0   0   0   0  20   0   0   0   0   0   0   0   0   0  36   0   0   0   0  0.33 0.03
   76 N    -1  -1   5   0  -2  -1  -1  -1   0  -2  -3  -1  -2  -1  -2   0   2  -1   3  -2    0   0  59   0   0   0   0   0   0   0   0   0   0   0   0   0  21   0  20   0  0.45 0.03
   77 A     4  -1   2  -1  -1  -1  -1   0  -1  -2  -2  -1  -1  -3  -1   1   0  -3  -2  -1   71   0  20   0   0   0   0   0   0   0   0   0   0   0   0   9   0   0   0   0  0.35 0.03
   78 N    -1   0   6   1  -3   2   0  -1   0  -3  -3   0  -2  -3  -2   0   0  -3  -2  -3    1   0  73   0   0  21   0   1   0   0   1   0   0   0   0   1   0   0   0   0  0.60 0.04
   79 D     0   0   0   1  -1   0   0   0   0  -1  -1   0  -1  -1   0   2   0  -1  -1  -1    5   3   3  12   1   3   4   5   1   3   6   4   2   3   3  29   4   1   2   4  0.09 0.00
   80 I     0   0   0  -1  -1   0   0  -1  -1   0  -1   1   0  -1   0   1   3  -1  -1   0    3   2   2   2   1   2   3   3   1  11   4  12   1   2   2   3  42   1   1   3  0.12 0.01
   81 N    -1   0   3   2  -2   1   1  -1   0  -2  -2   2  -1  -2  -1   1   0  -2  -1  -2    2   1  25  15   1   9   2   2   1   1   3  20   1   1   1  11   2   0   1   2  0.23 0.01
   82 N    -1   1   2   0  -2   2   2  -1   0  -2  -2   2  -1  -3  -1   0   2  -3  -2  -2    1   9  17   0   0   9  14   1   0   0   1  15   0   0   0   1  30   0   0   0  0.26 0.01
   83 V    -1  -2  -3  -3  -1  -2  -2  -3  -3   2   2  -2   1   0  -2  -1   1  -2  -1   3    1   0   0   0   0   0   0   1   0  15  30   0   0   0   0   1   9   0   0  40  0.24 0.01
   84 K    -1   0  -1  -1  -2   3   2  -2  -1  -1   0   2   0   1  -2  -1  -1  -1   0  -1    1   0   0   0   0  24  21   1   0   0  18  17   0  14   0   1   1   0   0   1  0.18 0.01
   85 T    -1  -1   3   0  -2   2   0  -1   0  -2  -2   0  -1  -3  -2   1   3  -3  -2  -1    0   0  32   0   0  20   0   0   0   0   0   0   0   0   0   0  48   0   0   0  0.39 0.03
   86 R    -2   6   0  -2  -4   1   0  -3   4  -3  -3   2  -2  -3  -2  -1  -2  -3  -1  -3    0  80   0   0   0   0   0   0  20   0   0   0   0   0   0   0   0   0   0   0  0.72 0.04
   87 I    -2  -3  -3  -3  -2  -3  -3  -4  -2   4   1  -3   1   1  -3  -3  -1  -1   3   2    0   0   0   0   0   0   0   0   0  80   0   0   0   0   0   0   0   0  20   0  0.39 0.04
   88 Y    -2  -2  -3  -4  -3  -2  -3  -4   1  -2  -2  -2  -1   3  -4  -2  -2   2   8  -2    0   0   0   0   0   0   0   0   0   0   0   0   0   0   0   0   0   0 100   0  1.17 0.08
   89 G     0  -3  -1  -2  -3  -2  -3   6  -2  -4  -4  -2  -3  -4  -3  -1  -2  -3  -4  -4    0   0   0   0   0   0   0 100   0   0   0   0   0   0   0   0   0   0   0   0  1.19 0.06
   90 C    -1  -3  -3  -3   5  -3  -3  -3  -3   3   1  -3   0  -1  -3   0  -1  -3  -2   2    0   0   0   0  19   0   0   0   0  53   0   0   0   0   0  10   0   0   0  18  0.33 0.03
   91 K    -1   1  -1  -1  -3   1   0  -2  -1  -2   0   4  -1  -2  -2   1  -1  -3  -2  -2    0   0   0   0   0   0   0   0   0   0  18  66   0   0   0  16   0   0   0   0  0.31 0.04
   92 H    -1  -1   2  -1  -3   0  -1  -2   7  -3  -3  -1  -2   0  -2   1  -1  -1   3  -3    0   0  10   0   0   0   0   0  58   0   0   0   0   0   0  14   0   0  18   0  0.63 0.05
   93 F     0  -2  -1  -2  -2  -1  -1  -2  -1  -1  -1  -1  -1   4  -2   3   2  -1   1  -1    0   0   0   0   0   0   0   0   0   0   0   0   0  40   0  45  14   0   0   0  0.31 0.04
   94 S     0  -1   4   0  -2   0   0  -1   0  -3  -3   0  -2  -3  -2   3   2  -4  -2  -2    0   0  45   0   0   0   0   0   0   0   0   0   0   0   0  44  11   0   0   0  0.48 0.04
   95 V     1  -3  -3  -3  -1  -2  -2  -3  -3   2   0  -2   0  -1  -2  -1   1  -3  -2   4   11   0   0   0   0   0   0   0   0   0   0   0   0   0   0   0  10   0   0  79  0.33 0.04
   96 S     1  -1   0   0  -1   0   2   1  -1  -2  -2   0  -2  -3  -1   2   2  -3  -2  -1   14   0   0   0   0   0  18  11   0   0   0   0   0   0   0  30  27   0   0   0  0.29 0.02
   97 V    -1  -3  -3  -3  -1  -2  -3  -3  -3   3   1  -2   0  -1  -2  -1   2  -3  -2   4    0   0   0   0   0   0   0   0   0  27   0   0   0   0   0   0  18   0   0  55  0.32 0.03
   98 D    -2  -2   2   6  -4  -1   1  -2  -1  -4  -4  -1  -3  -4  -2   0  -1  -5  -3  -4    0   0  10  90   0   0   0   0   0   0   0   0   0   0   0   0   0   0   0   0  1.00 0.06
   99 S    -1   0   1   4  -3   2   2  -1  -1  -3  -3   1  -2  -3  -1   1   0  -3  -2  -3    0   0   0  39   0  16  11   0   0   0   0  14   0   0   0  19   0   0   0   0  0.45 0.03
  100 K    -1   2  -1  -1  -3   1   0  -2  -1  -2  -1   5   2  -3  -2  -1  -1  -3  -2  -2    0   0   0   0   0   0   0   0   0   0   0  82  18   0   0   0   0   0   0   0  0.48 0.05
  101 G     1  -2   2  -1  -2  -1  -1   4  -1  -3  -3  -1  -2  -3  -2   1  -1  -3  -3  -2   14   0  18   0   0   0   0  51   0   0   0   0   0   0   0  16   0   0   0   0  0.54 0.03
  102 D    -2   2   1   6  -4   0   1  -2  -1  -4  -4   0  -3  -4  -2  -1  -1  -4  -3  -3    0  18   0  82   0   0   0   0   0   0   0   0   0   0   0   0   0   0   0   0  0.86 0.05
  103 N     0  -1   4   0  -2   0  -1  -1   0  -3  -3   0  -2  -3  -2   3   2  -3  -2  -2    0   0  46   0   0   0   0   0   0   0   0   0   0   0   0  40  14   0   0   0  0.48 0.04
  104 I    -2  -3  -4  -4  -2  -3  -4  -4  -4   5   1  -3   1   0  -3  -3  -1  -3  -2   3    0   0   0   0   0   0   0   0   0  90   0   0   0   0   0   0   0   0   0  10  0.52 0.05
  105 I    -1  -2   0  -3  -2  -2  -3  -3  -3   3   3  -2   1   0  -3  -2  -1  -2  -1   2    0   0  10   0   0   0   0   0   0  30  45   0   0   0   0   0   0   0   0  14  0.28 0.02
  106 A     1   2  -1  -2  -1  -1  -1  -1  -2  -1  -1   0  -1  -2  -1   2   3  -3  -2   0   19  18   0   0   0   0   0   0   0   0   0   0   0   0   0  14  37   0   0  11  0.23 0.02
  107 I    -2  -3  -4  -4  -2  -3  -3  -4  -2   2   2  -3   1   5  -3  -3  -2  -1   1   1    0   0   0   0   0   0   0   0   0  30  29   0   0  42   0   0   0   0   0   0  0.42 0.03
  108 E    -1   0   5   1  -3   4   2  -1   0  -3  -3   0  -2  -4  -2   0  -1  -3  -2  -3    0   0  52   0   0  38  10   0   0   0   0   0   0   0   0   0   0   0   0   0  0.59 0.05
  109 L    -2  -3  -4  -4  -2  -3  -3  -4  -3   1   5  -3   2   0  -3  -3  -2  -2  -1   1    0   0   0   0   0   0   0   0   0   0 100   0   0   0   0   0   0   0   0   0  0.58 0.05
  110 G     0  -1   0  -1   4   0   1   3  -2  -3  -3   1  -2  -3  -2   1   1  -3  -2  -2    0   0   0   0  14   0  10  30   0   0   0  16   0   0   0  18  11   0   0   0  0.29 0.02
  111 T    -1  -2  -1  -2  -2  -1  -1  -2  -2  -2  -1  -1  -1  -3   6   1   2  -3  -3  -1    0   0   0   0   0   0   0   0   0   0   9   0   0   0  53  16  21   0   0   0  0.92 0.04
  112 I    -2  -3  -3  -3  -2  -2  -3  -3  -1   2   1  -2   0   1   1  -2  -1   6   4   1    0   0   0   0   0   0   0   0   0  20  11   0   0   0   9   0   0  14  27  18  0.40 0.03
  113 H    -2  -1   0  -2  -4   0  -1  -3   9  -4  -3  -1  -2  -2  -3  -1  -2  -3   1  -4    0   0   0   0   0   0   0   0 100   0   0   0   0   0   0   0   0   0   0   0  1.25 0.09
  114 S    -1   0   2   2  -3   1   3  -2  -1  -3  -3   1  -2  -3  -1   1   2  -3  -2  -2    0   0  10  11   0   0  40   0   0   0   0  11   0   0   0  10  18   0   0   0  0.38 0.02
  115 I     0   1  -1  -2  -1  -1  -2  -3  -2   2   0  -1   0  -1  -2   1   2  -3  -2   2    0  11   0   0   0   0   0   0   0  30   0   0   0   0   0  14  16   0   0  28  0.16 0.02
  116 E    -1  -1  -2  -2  -2   0   1  -3  -2   1   2   0   2   2  -2  -2  -1  -1   0   1    0   0   0   0   0   0  19   0   0   0  31  10  11  18   0   0   0   0   0  11  0.14 0.02
  117 N    -1   2   5   2  -3   0   0  -1   0  -3  -3   0  -2  -3  -2   1   0  -4  -2  -3    0  18  57  11   0   0   0   0   0   0   0   0   0   0   0  14   0   0   0   0  0.53 0.04
  118 L    -1   2  -2  -3  -2   1  -1  -3  -2   1   3  -1   1  -1  -3  -2  -1  -2  -1   1    0  18   0   0   0  11   0   0   0   0  57   0   0   0   0   0   0   0   0  14  0.23 0.03
  119 K    -1   2   2  -1  -3   1   0  -2  -1  -3  -3   5  -2  -4  -1   0  -1  -4  -2  -3    0   0  14   0   0   0   0   0   0   0   0  86   0   0   0   0   0   0   0   0  0.58 0.05
  120 F    -3  -3  -4  -4  -3  -4  -4  -4  -2  -1   0  -4   0   7  -4  -3  -3   1   3  -1    0   0   0   0   0   0   0   0   0   0   0   0   0 100   0   0   0   0   0   0  1.00 0.07
  121 G     1  -1   0  -1  -1  -1  -1   2  -1  -3  -3  -1  -2  -3  -1   4   1  -3  -2  -2    0   0   0   0   0   0   0  21   0   0   0   0   0   0   0  79   0   0   0   0  0.50 0.05
  122 R    -2   6  -1  -2  -4   1   0  -3  -1  -4  -3   2  -2  -3  -3  -1  -2  -3  -2  -3    0 100   0   0   0   0   0   0   0   0   0   0   0   0   0   0   0   0   0   0  0.96 0.07
  123 P     2  -2  -1  -2   3  -1  -1  -1  -2   0  -1  -1  -1  -2   2   2   0  -3  -2   1   21   0   0   0   9   0   0   0   0   0   0   0   0   0  10  34   0   0   0  26  0.23 0.02
  124 F    -2  -3  -4  -4  -3  -3  -4  -4  -2   0   1  -3   0   6  -4  -3  -2   0   2  -1    0   0   0   0   0   0   0   0   0   0  16   0   0  84   0   0   0   0   0   0  0.78 0.06
  125 F    -1  -2  -2  -2  -2  -2  -2  -2   0  -1  -1  -2  -1   5  -3   1   1   0   4  -1    0   0   0   0   0   0   0   0   0   0   0   0   0  40   0  18  16   0  26   0  0.40 0.03
  126 P    -1   2   4   0  -3   0   0  -1   0  -3  -3   2  -2  -3   2   2   0  -4  -2  -3    0  11  43   0   0   0   0   0   0   0   0  14   0   0  10  21   0   0   0   0  0.42 0.03
  127 D    -1  -1   4   4  -3   0   0  -1   0  -3  -4  -1  -3  -3  -2   2   0  -4  -3  -3    0   0  44  34   0   0   0   0   0   0   0   0   0   0   0  22   0   0   0   0  0.58 0.04
  128 A     4  -2  -2  -2  -1  -1  -1   0  -2  -1  -1  -1  -1  -2  -1   1   0  -3  -2   1   88   0   0   0   0   0   0   0   0   0   0   0   0   0   0   0   0   0   0  12  0.46 0.06
  129 G     0  -2  -1  -2  -2   1  -1   3  -1   0  -1  -1  -1  -1  -2  -1   1  -2   2   2    0   0   0   0   0  12   0  32   0   0   0   0   0   0   0   0  10   0  13  33  0.19 0.03
  130 E    -1  -1   3   3  -4   2   4  -2   0  -4  -3   0  -2  -4  -2   0  -1  -4  -3  -3    0   0  19  25   0  14  42   0   0   0   0   0   0   0   0   0   0   0   0   0  0.59 0.04
  131 S     0  -1   3   0  -1  -1  -1  -1  -1  -2  -2  -1  -2  -3  -1   3   3  -3  -2  -1    0   0  19   0   0   0   0   0   0   0   0   0   0   0   0  44  37   0   0   0  0.43 0.05
  132 I    -1  -3  -4  -4  -1  -3  -3  -4  -4   5   1  -3   1  -1  -3  -3  -1  -3  -2   3    0   0   0   0   0   0   0   0   0  71   0   0   0   0   0   0   0   0   0  29  0.50 0.05
  133 K    -1   1   0   2  -3   0   1  -2  -1  -2  -2   3  -2  -3  -1   0   3  -3  -2  -2    0   0   0  12   0   0  10   0   0   0   0  45   0   0   0   0  33   0   0   0  0.35 0.04
  134 E     2  -1  -1   0  -2   1   4  -1  -1  -3  -3   0  -2  -3  -1   2   0  -3  -2  -2   25   0   0   0   0   0  56   0   0   0   0   0   0   0   0  19   0   0   0   0  0.46 0.05
  135 M    -1  -2  -3  -4   4  -1  -3  -3  -2   0   1  -2   7  -1  -3  -2  -1  -2  -2   0    0   0   0   0  14   0   0   0   0   0   0   0  86   0   0   0   0   0   0   0  0.67 0.10
  136 L    -2  -3  -4  -4  -2  -3  -3  -4  -3   4   2  -3   3   0  -3  -3  -1  -3  -2   2    0   0   0   0   0   0   0   0   0  63  22   0  14   0   0   0   0   0   0   0  0.43 0.05
  137 G     0   1   2   2  -2  -1   0   3  -1  -3  -3   0  -2  -3  -2   1   1  -3  -3  -2    0  10  12  19   0   0   0  32   0   0   0   0   0   0   0  13  14   0   0   0  0.35 0.03
  138 V     4  -2  -2  -2  -1  -1  -1  -1  -2   0  -1  -1  -1  -2  -1   1   0  -3  -2   1   67   0   0   0   0   0   0   0   0   0   0   0   0   0   0  13   0   0   0  20  0.33 0.05
  139 I    -2  -3  -4  -4  -2  -3  -3  -4  -3   4   2  -3   3   0  -3  -3  -1  -3  -2   2    0   0   0   0   0   0   0   0   0  73  14   0  13   0   0   0   0   0   0   0  0.46 0.05
  140 Y    -2  -2  -3  -4  -3  -2  -3  -4   1  -2  -2  -2  -2   3  -4  -2  -2   2   8  -2    0   0   0   0   0   0   0   0   0   0   0   0   0   0   0   0   0   0 100   0  1.25 0.10
  141 Q    -1   2   2   0  -3   2   2  -2  -1  -2  -2   3  -1  -3  -2   0  -1  -3  -2   0    0  13  14   0   0  10  21   0   0   0   0  29   0   0   0   0   0   0   0  13  0.30 0.03
  142 D    -1  -1   2   4  -3   0   3   1  -1  -4  -4   0  -3  -4  -2   1  -1  -4  -3  -3    0   0  12  37   0   0  29  13   0   0   0   0   0   0   0   9   0   0   0   0  0.51 0.04
  143 R    -1   2  -1  -2  -2   2   0  -3  -1   0  -1   3   1  -2  -2  -1  -1  -3  -2   2    0  10   0   0   0  13   0   0   0   0   0  35  10   0   0   0   0   0   0  32  0.20 0.04
  144 T    -1  -1  -2  -1  -3   0   1  -2  -2  -2   0   1  -1  -3   6  -1   1  -3  -3  -2    0   0   0   0   0   0  13   0   0   0  12  14   0   0  50   0  10   0   0   0  0.82 0.04
  145 L     0  -2  -2  -2  -2  -1   0   1  -2   1   3  -2   1  -1  -3  -1  -1  -2  -2   0   13   0   0   0   0   0  10  12   0   0  65   0   0   0   0   0   0   0   0   0  0.22 0.04
  146 L    -2  -3  -4  -4  -2  -3  -3  -4  -3   3   3  -3   1   0  -3  -3  -1   6   0   1    0   0   0   0   0   0   0   0   0  49  32   0   0   0   0   0   0  19   0   0  0.55 0.05
  147 T     2   0  -1  -1  -1   0   0  -1  -1  -2  -2   2  -1  -3  -1   2   2  -3  -2  -1   31   0   0   0   0   0   0   0   0   0   0  31   0   0   0  13  25   0   0   0  0.28 0.03
  148 P    -1  -3  -3  -2  -3  -2  -2  -3  -3  -3  -4  -2  -3  -4   8  -1  -2  -4  -4  -3    0   0   0   0   0   0   0   0   0   0   0   0   0   0 100   0   0   0   0   0  2.24 0.09
  149 A     1  -2  -1  -2  -1  -1  -1  -1  -2  -1  -1  -1  -1  -2   2   1   3  -3  -2   1   19   0   0   0   0   0   0   0   0   0   0   0   0   0  13  10  45   0   0  13  0.33 0.04
  150 I    -1  -3  -4  -4  -2  -3  -3  -4  -3   4   2  -3   2   0  -3  -3  -1  -3  -2   2    0   0   0   0   0   0   0   0   0  68  13   0   9   0   0   0   0   0   0  10  0.44 0.05
  151 N    -1   0   4   2  -3   2   0  -1   0  -3  -3   2  -2  -3  -2   1   0  -4  -2  -3    0   0  42  14   0  12   0   0   0   0   0  19   0   0   0  13   0   0   0   0  0.45 0.04
  152 A     2  -2  -1  -2  -2   1  -1   4  -2  -3  -3  -1  -2  -3  -2   0   0  -3  -3  -2   25   0   0   0   0  13   0  53   0   0   0   0   0   0   0   0   9   0   0   0  0.52 0.04
  153 I    -1  -2  -1   2  -2  -2  -1  -2  -2   2   1  -2   0  -1  -2   1   1  -3  -2   1    0   0   0  19   0   0   0   0   0  32  10   0   0   0   0  14  13   0   0  12  0.14 0.02
  154 N    -2   0   6   1  -3   0   0  -1   0  -4  -4   1  -3  -4  -2   0  -1  -4  -3  -3    0   0  87   0   0   0   0   0   0   0   0  13   0   0   0   0   0   0   0   0  0.83 0.08
  155 A     2  -2  -2  -3  -1  -2  -2  -2  -3   2   0  -2   0  -2  -2   0   2  -3  -2   3   23   0   0   0   0   0   0   0   0  10   0   0   0   0   0   0  22   0   0  45  0.23 0.03
  156 Y    -2   1  -2  -3  -2  -1  -2  -3   3   1   0  -1   0   2  -3  -2  -1   0   4   1    0  14   0   0   0   0   0   0  12  13   0   0   0  10   0   0   0   0  32  19  0.28 0.03
  157 V    -1  -3  -3  -4  -1  -3  -3  -4  -4   4   1  -3   1  -1  -3  -2  -1  -3  -2   4    0   0   0   0   0   0   0   0   0  33   0   0   0   0   0   0   0   0   0  67  0.47 0.05
  158 P    -1  -3  -3  -2  -3  -2  -2  -3  -3  -3  -4  -2  -3  -4   8  -1  -2  -4  -4  -3    0   0   0   0   0   0   0   0   0   0   0   0   0   0 100   0   0   0   0   0  2.24 0.09
  159 D    -1   4  -1   1  -3   0  -1  -3  -1  -2   0   1  -1  -3   3  -1   1  -3  -2  -2    0  50   0  10   0   0   0   0   0   0  12   0   0   0  14   0  13   0   0   0  0.39 0.04
  160 I     1  -3  -3  -3   5  -2  -3  -3  -3   2   0  -2   0  -2   2  -1  -1  -3  -2   3   14   0   0   0  19   0   0   0   0  10   0   0   0   0  13   0   0   0   0  43  0.33 0.04
  161 P    -1  -3  -3  -2   4  -2  -2  -3  -3  -1  -2  -2  -2  -3   7  -1  -1  -4  -3   0    0   0   0   0  14   0   0   0   0   0   0   0   0   0  72   0   0   0   0  13  1.42 0.07
  162 W    -3  -3  -4  -5  -3  -3  -4  -3  -3  -2   0  -4  -1   0  -4  -3  -3  11   1  -3    0   0   0   0   0   0   0   0   0   0  14   0   0   0   0   0   0  86   0   0  2.28 0.11
  163 T     0  -2   2  -1  -1  -1  -1  -2  -2   0  -1  -1  -1  -2  -2   1   3  -3  -2   2    0   0  13   0   0   0   0   0   0   0   0   0   0   0   0  14  44   0   0  29  0.27 0.04
  164 S     0  -2   0  -1  -2  -1  -1   2  -2  -3  -3  -1  -2  -2  -2   4   1   5  -1  -2    0   0   0   0   0   0   0  14   0   0   0   0   0   0   0  72   0  13   0   0  0.53 0.06
  165 T    -1  -2   1   1  -2  -1  -1  -2  -2  -1  -2  -1  -1  -3  -2   1   5  -3  -2  -1    0   0   9  10   0   0   0   0   0   0   0   0   0   0   0   0  81   0   0   0  0.53 0.07
  166 F    -2  -3  -3  -4  -2  -3  -3  -4  -2   3   2  -3   1   2  -3  -2  -1  -1   3   2    0   0   0   0   0   0   0   0   0  49  13   0   0  10   0   0   0   0  14  13  0.34 0.03
  167 E    -1   0   2   0  -3   1   3   1  -1  -3  -3   1  -2  -3  -2   1   1  -3  -2  -2    0   0  19   0   0   0  35  12   0   0   0  13   0   0   0  13   9   0   0   0  0.34 0.03
  168 N    -1  -1   2   4  -3   0   3  -2  -1  -3  -3   0  -2  -3  -2   0   2  -4  -3  -2    0   0  10  31   0   0  34   0   0   0   0   0   0   0   0   0  24   0   0   0  0.49 0.04
  169 Y    -2  -2  -3  -4  -3  -2  -3  -4   1  -1  -1  -2  -1   2  -3  -2  -2   1   7   1    0   0   0   0   0   0   0   0   0   0   0   0   0   0   0   0   0   0  86  14  0.95 0.08
  170 L    -2  -1  -2  -3  -2   1  -1  -3  -2   0   2   0   4   2  -3  -2  -1  -1   0   0    0   0   0   0   0  12   0   0   0   0  33   9  32  14   0   0   0   0   0   0  0.25 0.04
  171 S    -1   2   0   4  -3   2   2  -2  -1  -3  -3   1  -2  -4  -2   1  -1  -4  -3  -3    0  13   0  43   0  13  12   0   0   0   0   9   0   0   0  10   0   0   0   0  0.49 0.03
  172 Y    -2  -2  -3  -4  -3  -2  -3  -4   1  -1  -1  -3  -1   5  -4  -2  -2   2   7  -2    0   0   0   0   0   0   0   0   0   0   0   0   0  29   0   0   0   0  71   0  0.99 0.08
  173 V     1  -2  -2  -2  -1  -2  -2  -2  -3   2   0  -2   0  -1  -2   1   1  -3  -2   3   12   0   0   0   0   0   0   0   0  14   0   0   0   0   0  13  10   0   0  51  0.22 0.03
  174 R    -2   6  -1  -2  -4   1  -1  -3  -1  -4  -3   2  -2  -3  -3  -1  -2  -3  -2  -3    0 100   0   0   0   0   0   0   0   0   0   0   0   0   0   0   0   0   0   0  1.01 0.08
  175 E     1  -1   2   3  -3   0   3  -1  -1  -2  -1   0  -1  -3  -2   0  -1  -3  -2  -2   19   0  13  23   0   0  33   0   0   0  12   0   0   0   0   0   0   0   0   0  0.31 0.03
  176 V    -1  -2   3  -1  -2  -2  -2  -2   0   1  -1  -2  -1   0  -3  -1  -1  -1   4   2    0   0  28   0   0   0   0   0   0   0   0   0   0   0   0   0   0   0  31  42  0.28 0.05
  177 A     2  -2  -1  -2  -2  -2  -2   5  -2  -3  -3  -2  -2  -3  -2   0  -1  -3  -3  -2   32   0   0   0   0   0   0  68   0   0   0   0   0   0   0   0   0   0   0   0  0.76 0.05
  178 L    -1  -1  -2  -2  -2   3  -1  -3  -1   1   2  -1   4  -1  -3  -1  -1  -2  -2   0    0   0   0   0   0  33   0   0   0  13  19   0  35   0   0   0   0   0   0   0  0.29 0.05
  179 A     3  -1   0  -1  -1  -1  -1   0  -2  -2  -2  -1  -2  -3  -1   4   1  -3  -2  -1   44   0   0   0   0   0   0   0   0   0   0   0   0   0   0  56   0   0   0   0  0.45 0.05
  180 V     0  -3  -3  -3  -1  -2  -3  -3  -3   2   0  -2   0  -1  -3  -1   1  -3  -2   5    0   0   0   0   0   0   0   0   0   0   0   0   0   0   0   0  13   0   0  87  0.44 0.06
  181 G    -1  -1   0   5  -4   1   4   1  -1  -4  -4   0  -3  -4  -2   0  -1  -4  -3  -3    0   0   0  46   0   0  44  10   0   0   0   0   0   0   0   0   0   0   0   0  0.68 0.05
  182 S     0  -1   4   0  -2   0  -1  -1  -1  -2  -3  -1  -2  -3  -2   3   3  -3  -2  -2    0   0  31   0   0   0   0   0   0   0   0   0   0   0   0  37  32   0   0   0  0.43 0.05
  183 D    -1  -1   0   5  -3   1   4  -2  -1  -3  -4   0  -3  -4  -2   1  -1  -4  -3  -3    0   0   0  45   0   0  41   0   0   0   0   0   0   0   0  14   0   0   0   0  0.66 0.05
  184 K     0   0   0   3  -2   3   1  -1  -1  -3  -3   1  -2  -3  -1   2   1  -3  -2  -2    0   0   0  28   0  21   0   0   0   0   0  10   0   0   0  29  12   0   0   0  0.37 0.04
  185 F    -3  -3  -4  -4  -3  -4  -4  -4  -2  -1   0  -4  -1   7  -4  -3  -3   6   3  -1    0   0   0   0   0   0   0   0   0   0   0   0   0  88   0   0   0  12   0   0  1.03 0.08
  186 V     1  -3  -3  -3   4  -3  -3  -3  -3   2   0  -3   0  -1  -3  -1   0  -3  -2   4   12   0   0   0  14   0   0   0   0  13   0   0   0   0   0   0   0   0   0  61  0.35 0.04
  187 F    -2  -3  -3  -4  -3  -3  -3  -4   0  -1   1  -3   0   6  -4  -3  -2   1   5  -1    0   0   0   0   0   0   0   0   0   0  13   0   0  54   0   0   0   0  33   0  0.73 0.06
  188 V     0  -3  -3  -3   5  -2  -3  -3  -3   2   1  -2   0  -1   2  -1  -1  -3  -2   2   10   0   0   0  19   0   0   0   0  13  14   0   0   0  13   0   0   0   0  31  0.30 0.03
  189 W    -3  -3  -4  -4  -3  -3  -3   1  -3  -3  -2  -3  -2   0  -4  -3  -3  11   1  -4    0   0   0   0   0   0   0  13   0   0   0   0   0   0   0   0   0  87   0   0  2.36 0.11
  190 Q    -1   0  -1   1  -4   3   5  -2   0  -4  -3   2  -2  -4  -2   0  -1  -3  -2  -3    0   0   0   0   0  10  77   0   0   0   0  13   0   0   0   0   0   0   0   0  0.74 0.06
  191 D    -2  -2   1   6  -4  -1   1  -2  -2   0  -3  -1  -3  -3  -2  -1  -1  -5  -3  -2    0   0   0  87   0   0   0   0   0  13   0   0   0   0   0   0   0   0   0   0  0.88 0.07
  192 I    -1  -3  -2  -3  -2  -3  -3   1  -2   2   0  -3   0   5  -3   0  -1  -1   1   0    0   0   0   0   0   0   0  14   0  29   0   0   0  44   0  13   0   0   0   0  0.27 0.04
  193 M    -1  -2  -1   2  -2  -1  -1  -2   0  -1   0  -1   1   1  -2   1  -1   0   4  -1    0   0   0  19   0   0   0   0   0   0  13   0  10   0   0  24   0   0  34   0  0.24 0.04
  194 G     0  -3  -1  -2  -3  -2  -3   6  -3  -4  -4  -2  -3  -4  -3  -1  -2  -3  -4  -4    0   0   0   0   0   0   0 100   0   0   0   0   0   0   0   0   0   0   0   0  1.23 0.07
  195 V    -1  -3  -4  -4  -1  -3  -3  -4  -4   4   2  -3   1   0  -3  -3  -1  -3  -2   3    0   0   0   0   0   0   0   0   0  56  21   0   0   0   0   0   0   0   0  22  0.42 0.04
  196 N    -1  -1   4   0  -2  -1  -1  -2   3  -2  -2  -1  -1   2  -2   0   3  -2   0  -2    0   0  34   0   0   0   0   0  14   0   0   0   0  18   0   0  34   0   0   0  0.31 0.04
  197 M    -2  -2  -3  -4  -2  -2  -3  -4  -3   3   2  -2   5   0  -3  -2  -1  -2  -2   1    0   0   0   0   0   0   0   0   0  41  12   0  47   0   0   0   0   0   0   0  0.45 0.07
  198 M     1   0   1  -1  -2   0  -1  -2  -1   0   0   2   3  -2  -2   0  -1  -3  -2   1   19   0  12   0   0   0   0   0   0   0   0  30  27   0   0   0   0   0   0  13  0.14 0.05
  199 D    -1  -2   1   5  -3  -1   1   2  -2  -4  -4  -1  -3  -4  -2   1  -1  -4  -3  -3    0   0   0  61   0   0   0  19   0   0   0   0   0   0   0  20   0   0   0   0  0.65 0.06
  200 Y    -2  -2   2  -2  -3  -1  -2  -3   4  -2  -1  -2  -1   4  -3  -1  -2   1   6  -2    0   0  20   0   0   0   0   0  12   0   0   0   0  23   0   0   0   0  45   0  0.57 0.06
  201 D    -1  -1   3   4  -3   2   2  -2  -1  -3  -3   0  -2  -3  -2   0   2  -4  -3  -2    0   0  23  35   0  12  10   0   0   0   0   0   0   0   0   0  20   0   0   0  0.46 0.04
  202 M     0  -1   0   0  -2   0   2  -1  -1  -2  -2   0   1  -3  -1   3   3  -3  -2  -1    0   0   0   0   0   0  20   0   0   0   0   0   7   0   0  45  28   0   0   0  0.34 0.05
  203 M    -2  -3  -3  -4  -2  -2  -3  -4  -3   4   2  -3   4   0  -3  -3  -1  -3  -2   2    0   0   0   0   0   0   0   0   0  61  12   0  27   0   0   0   0   0   0   0  0.44 0.07
  204 I    -1  -1  -2  -2  -2  -1   1  -3  -2   2   2   0   1  -1  -2  -1   1  -3  -2   1    0   0   0   0   0   0  13   0   0  27  39  10   0   0   0   0  12   0   0   0  0.16 0.03
  205 N     1   1   2   0  -2   1   1  -1  -1  -3  -3   3  -2  -3  -1   1   0  -3  -2  -2   20   0  16   0   0   0  12   0   0   0   0  41   0   0   0  10   0   0   0   0  0.31 0.04
  206 Q    -1   0   3   0  -3   5   1  -2   0  -3  -3   1  -1  -4  -2   1  -1  -3  -2  -3    0   0  19   0   0  69   0   0   0   0   0   0   0   0   0  13   0   0   0   0  0.62 0.08
  207 E    -1  -1   2   2  -3   1   4  -2  -1  -3  -3   0  -2  -3   2   0   2  -3  -2  -2    0   0  10  13   0   0  45   0   0   0   0   0   0   0  12   0  20   0   0   0  0.47 0.05
  208 P     1  -2  -2  -2  -3  -2  -1  -2  -2  -3  -3  -1  -3  -4   7   0  -1  -4  -3  -2   12   0   0   0   0   0   0   0   0   0   0   0   0   0  79   9   0   0   0   0  1.60 0.09
  209 Y    -1   1   1  -2  -2  -1  -1  -2  -1   2   1  -1   0   0  -2  -1  -1  -1   1   1    2  14  11   1   0   1   1   1   0  39  14   1   0   1   1   1   1   0   8   1  0.08 0.02
  210 P    -1  -1  -1  -1  -2   1   0   1  -1  -1  -1   1  -1  -1   4  -1  -1  -1   2   0    2   1   1   1   0  13   1  11   0   1   2  10   0   1  27   1   1   0  13  12  0.31 0.02
  211 M     1  -1  -2  -2  -1  -1  -1  -2   0   0   0  -1   3   2  -2  -1  -1   0   4   1   20   1   1   1   0   1   1   1   0   1   2   1  19  11   1   1   1   0  23  11  0.15 0.03
  212 I     1  -2  -2  -2  -1  -2  -2  -2  -2   3   1  -2   2  -1  -2  -1   0  -2  -1   2   14   1   1   1   0   1   1   1   0  46   2   1  11   1   1   1   1   0   1  13  0.16 0.03
  213 V    -1  -2  -2  -2  -1  -2  -2  -2  -2   3   1  -2   0   2  -2  -2   0  -2   0   3    2   1   1   1   0   1   1   1   0  20   2   1   0  11   1   1   1   0   1  52  0.21 0.03
  214 G     0  -2  -1  -1   5  -2  -2   5  -2  -2  -2  -2  -2  -2  -2   0  -1  -2  -2  -2    2   1   1   1  19   1   1  63   0   1   2   1   0   1   1   1   1   0   1   1  0.61 0.04
  215 E     1   0   0   1  -2   1   4  -1  -1  -2  -2   0  -2  -2  -1   1   0  -2  -2  -2   12   1   1   1   0   1  61   1   0   1   2   1   0   1   1  11   1   0   1   1  0.41 0.04
  216 P    -1  -2  -2  -2  -2  -1  -1  -2  -2  -2  -1  -1  -1  -2   7  -1  -1  -3  -2  -2    2   1   1   1   0   1   1   1   0   1  11   1   0   1  72   1   1   0   1   1  1.29 0.06
  217 S    -1   4   0   1  -2   2   0  -1   0  -2  -2   1  -1  -2  -1   1   0  -2  -2  -2    2  44   1  11   0  11   1   1   0   1   2   1   0   1   1  18   1   0   1   1  0.32 0.03
  218 L    -1  -1  -2  -2  -1  -1  -2  -2  -2   1   2  -1   2   0  -2  -1   2  -2  -1   1    2   1   1   1   0   1   1   1   0   1  39   1  10   1   1   1  21   0   1  14  0.16 0.02
  219 I    -2  -3  -3  -4  -2  -3  -3  -4  -3   4   2  -3   3   0  -3  -3  -1  -3  -2   2    0   0   0   0   0   0   0   0   0  69  13   0  19   0   0   0   0   0   0   0  0.45 0.06
  220 G     0  -1  -1  -2  -3  -1  -2   6  -2  -4  -4   1  -3  -4  -2  -1  -2  -3  -3  -3    0   0   0   0   0   0   0  80   0   0   0  20   0   0   0   0   0   0   0   0  0.88 0.07
  221 Q     1   0  -1   0  -3   4   4  -2   0  -3  -3   1  -1  -3  -1   0  -1  -3  -2  -2   20   0   0   0   0  45  35   0   0   0   0   0   0   0   0   0   0   0   0   0  0.52 0.06
  222 F    -3  -3  -3  -4  -3  -3  -3  -4   0  -1   0  -3  -1   6  -4  -3  -2   1   6  -1    0   0   0   0   0   0   0   0   0   0   0   0   0  58   0   0   0   0  42   0  0.91 0.08
  223 I     0  -1   1  -1  -2  -1  -1  -2  -2   2   0   1   0  -2  -2   0   0  -3  -2   2   10   0  13   0   0   0   0   0   0  26   0  20   0   0   0  10   0   0   0  21  0.10 0.03
  224 Q    -1  -2   0   3  -2   0   0   0  -1   0  -2  -1  -1   0  -2   1  -1  -1   3  -1    0   0   0  30   0   7   0   9   0  13   0   0   0   0   0  20   0   0  20   0  0.21 0.04
  225 E     1  -1   2   0  -2   2   2   2  -1  -2  -1   0   2  -2  -2   0  -1  -3  -2  -2   13   0  20   0   0  12  16  20   0   0   0   0  19   0   0   0   0   0   0   0  0.22 0.04
  226 L    -1  -1  -2  -2  -1  -1  -2  -3  -2   1   2   0   2  -1  -2   1   0  -2  -1   2    0   0   0   0   0   0   0   0   0   0  40  10  12   0   0  19   0   0   0  20  0.17 0.03
  227 K    -1   0   1   2  -3   0   1  -1  -1  -3  -3   2  -2  -3   3   1   0  -4  -2  -3    0   0  10  12   0   0   9   0   0   0   0  30   0   0  19  20   0   0   0   0  0.42 0.04
  228 Y    -1  -1   4  -1  -2  -1  -1  -2   0   1  -1  -1  -1   0  -2  -1  -1  -1   4   1    1   1  39   1   0   0   1   1   0  13   1   1   0   0   1   1   1   0  27  13  0.25 0.04
  229 P    -1  -2   1   1  -2  -1  -1  -2  -2  -1   0  -1  -1  -2   6  -1  -1  -3  -2  -2    1   1  10  13   0   0   1   1   0   1  19   1   0   0  50   1   1   0   0   1  0.78 0.05
  230 L    -2  -3  -3  -4  -2  -2  -3  -4  -3   2   3  -3   3   3  -3  -3  -1  -1   0   1    0   0   0   0   0   0   0   0   0  10  51   0  19  20   0   0   0   0   0   0  0.40 0.05
  231 A     2  -2  -3  -3  -1  -2  -2  -2  -3   1   1  -2   0  -1  -2  -1   0  -3  -2   3   39   0   0   0   0   0   0   0   0   0  20   0   0   0   0   0   0   0   0  41  0.24 0.04
  232 Y    -2  -3  -2  -3  -3  -2  -3   2   0  -2  -2  -3  -1   3  -3  -2  -2   7   5  -2    0   0   0   0   0   0   0  20   0   0   0   0   0  19   0   0   0  23  38   0  0.81 0.07
  233 D    -2  -2   3   6  -4  -1   1  -2  -1  -4  -4  -1  -3  -4  -2   0  -1  -5  -3  -4    0   0  19  81   0   0   0   0   0   0   0   0   0   0   0   0   0   0   0   0  0.97 0.08
  234 F    -2  -3  -2  -3  -2  -3  -3  -3  -2  -1   0  -3  -1   6  -3   1  -1   0   2  -1    0   0   0   0   0   0   0   0   0   0   0   0   0  80   0  20   0   0   0   0  0.69 0.08
  235 V    -1  -1   1   0  -3   2   4  -2  -1  -1   1   0  -1  -2  -2  -1  -1  -3  -2   0    0   0  12   0   0   9  52   0   0   0  20   0   0   0   0   0   0   0   0   7  0.32 0.05
  236 W    -2  -3  -4  -5  -3  -3  -3  -3  -3  -1  -1  -3  -1   3  -4  -3  -2  10   2   1    0   0   0   0   0   0   0   0   0   0   0   0   0  13   0   0   0  67   0  20  1.66 0.11
  237 L    -2  -2  -3  -3  -2   2  -2  -3  -2   2   3  -2   1   3  -3  -2  -1  -1   0   0    0   0   0   0   0  19   0   0   0  13  48   0   0  20   0   0   0   0   0   0  0.27 0.04
  238 T     0  -2  -1  -2  -1  -1  -1  -2  -2  -1  -1  -1  -1  -2  -2   1   5  -3  -2   1    0   0   0   0   0   0   0   0   0   0   0   0   0   0   0   0  90   0   0  10  0.59 0.09
  239 K    -1   3  -1  -1  -4   1   0  -2  -1  -3  -3   5  -2  -4  -2  -1  -1  -3  -2  -3    0  13   0   0   0   0   0   0   0   0   0  87   0   0   0   0   0   0   0   0  0.69 0.08
  240 S     1  -1   3   0  -2  -1  -1   2  -1  -3  -3  -1  -2  -3  -2   3   1  -3  -2  -2    9   0  23   0   0   0   0  20   0   0   0   0   0   0   0  36  12   0   0   0  0.36 0.04
  241 N    -2  -1   6   1  -3   0   2  -1   0  -4  -4   0  -3  -4  -2   0  -1  -4  -3  -3    0   0  80   0   0   0  20   0   0   0   0   0   0   0   0   0   0   0   0   0  0.79 0.09
  242 P     2   1  -1  -1  -2   1   0  -1  -1  -2  -2   1  -1  -3   2   1   2  -3  -2  -1   27   9   0   0   0  10   0   0   0   0   0  10   0   0   8  12  24   0   0   0  0.26 0.02
  243 H    -2  -1  -1  -2  -3  -1  -1  -3   4  -2  -2   1  -1   3  -3  -1   0   0   5  -2    0   0   0   0   0   0   0   0  17   0   0  18   0  12   0   0  10   0  43   0  0.44 0.05
  244 K    -1   0   1  -1  -2   2   0  -2  -1  -1  -1   3  -1  -3  -2   0   2  -3  -2   1    0   0   9   0   0  12   0   0   0   0   0  33   0   0   0   0  28   0   0  18  0.21 0.03
  245 R    -2   5   0   3  -4   1   0  -2  -1  -3  -3   3  -2  -3  -2  -1  -1  -3  -2  -3    0  53   0  26   0   0   0   0   0   0   0  21   0   0   0   0   0   0   0   0  0.56 0.04
  246 D    -2  -1   6   4  -3   0   0  -1   0  -4  -4  -1  -3  -4  -2   0  -1  -4  -3  -3    0   0  75  25   0   0   0   0   0   0   0   0   0   0   0   0   0   0   0   0  0.79 0.06
  247 P     0  -2  -1  -1  -2  -1  -1  -2  -2  -2  -3  -1  -2  -3   6   2   2  -4  -3  -2    0   0   0   0   0   0   0   0   0   0   0   0   0   0  53  21  26   0   0   0  0.98 0.05
  248 M    -2  -2  -3  -4  -2  -2  -3  -4  -2   1   3  -3   4   4  -3  -2  -2  -1   1   0    0   0   0   0   0   0   0   0   0   8  34   0  26  32   0   0   0   0   0   0  0.39 0.03
  249 K     0   0   0   0  -3   0   2   3  -1  -3  -3   2  -2   0  -2   1  -1  -2  -1  -2    0   0   0   0   0   0  19  26   0   0   0  26   0   8   0  21   0   0   0   0  0.27 0.02
  250 N    -2  -1   5   5  -3   0   0  -1   0  -4  -4  -1  -3  -4  -2   0  -1  -4  -3  -3    0   0  54  46   0   0   0   0   0   0   0   0   0   0   0   0   0   0   0   0  0.77 0.05
  251 A     3  -2  -2  -2  -1  -1  -1  -1  -2   0   0  -1   2  -2  -2   0   1  -3  -2   2   59   0   0   0   0   0   0   0   0   0   0   0  11   0   0   0   9   0   0  21  0.25 0.03
  252 T     0  -1   0  -1  -1  -1  -1  -2  -2  -1  -2  -1  -1  -3  -1   3   5  -3  -2  -1    0   0   0   0   0   0   0   0   0   0   0   0   0   0   0  26  74   0   0   0  0.52 0.05
  253 I    -2  -3  -3  -4  -2  -3  -3  -4  -1   2   0  -3   0   5  -3  -2  -2   0   4   1    0   0   0   0   0   0   0   0   0  25   0   0   0  43   0   0   0   0  21  11  0.46 0.04
  254 Y    -2  -2  -2  -3  -2  -2  -2  -3   0  -1  -1  -2  -1   4  -3  -1   1   1   6  -1    0   0   0   0   0   0   0   0   0   0   0   0   0  26   0   0  21   0  53   0  0.61 0.05
  255 A     3  -1  -1  -1  -1  -1  -1   0  -2  -2  -2  -1  -1  -3  -1   3   2  -3  -2  -1   45   0   0   0   0   0   0   0   0   0   0   0   0   0   0  33  21   0   0   0  0.36 0.03
  256 H    -2  -2  -1  -3  -3  -1  -2  -3   6   1  -1  -2  -1   3  -3  -2  -2  -1   3   0    0   0   0   0   0   0   0   0  42  21   0   0   0  26   0   0   0   0  11   0  0.44 0.04
  257 S     0  -1   1   3  -2   0   0  -1  -1  -3  -3  -1  -2  -3  -1   4   1  -3  -2  -2    0   0   0  21   0   0   0   0   0   0   0   0   0   0   0  79   0   0   0   0  0.50 0.05
  258 F    -2  -3  -3  -4  -2  -2  -3  -3  -2   0   1  -3   4   6  -4  -3  -2   0   2   0    0   0   0   0   0   0   0   0   0   0   9   0  26  65   0   0   0   0   0   0  0.59 0.05
  259 L    -1  -2   0  -2  -1  -2  -2   0  -2   1   2  -2   0  -1  -2   0   2  -3  -2   2    0   0   9   0   0   0   0   9   0   0  27   0   0   0   0   0  26   0   0  30  0.14 0.02
  260 D    -2  -2   1   6  -3  -1   1  -2  -2  -3  -3  -1  -3  -4  -2   0   2  -4  -3  -3    0   0   0  79   0   0   0   0   0   0   0   0   0   0   0   0  21   0   0   0  0.79 0.05
  261 S    -1   2   2   0  -3   1   0  -2  -1  -3  -3   5  -2  -3  -1   1  -1  -3  -2  -3    0   0  17   0   0   0   0   0   0   0   0  75   0   0   0   8   0   0   0   0  0.50 0.05
  262 S    -1   1   1   1  -3   3   2   1   0  -3  -3   2  -2  -3  -2   1  -1  -3  -2  -3    0   0   8   8   0  31   9  11   0   0   0  26   0   0   0   8   0   0   0   0  0.35 0.03
  263 I    -1  -3  -3  -4   3  -2  -3  -4  -1   2   2  -3   1   1  -3  -2  -1  -1   3   1    0   0   0   0  11   0   0   0   0  26  33   0   0   0   0   0   0   0  21   8  0.30 0.03
  264 P    -1  -1   3   3  -3   1   0  -2  -1  -2  -3  -1  -2  -3   3   0   2  -4  -2  -2    0   0  21  26   0   9   0   0   0   0   0   0   0   0  16   0  28   0   0   0  0.44 0.03
  265 M    -1   4  -1  -2  -3   0  -1  -3  -1   1   0   3   1  -2  -2  -1  -1  -3  -2   0    0  34   0   0   0   0   0   0   0  26   0  32   8   0   0   0   0   0   0   0  0.27 0.03
  266 I    -2  -3  -4  -4  -2  -3  -3  -4  -3   4   3  -3   1   0  -3  -3  -1  -2  -1   2    0   0   0   0   0   0   0   0   0  55  45   0   0   0   0   0   0   0   0   0  0.44 0.04
  267 T     2  -2  -1  -2  -1  -1  -2  -2  -2   2   0  -1   0  -2  -2   1   2  -3  -2   1   26   0   0   0   0   0   0   0   0  30   0   0   0   0   0   9  28   0   0   7  0.19 0.02
  268 T     0  -1   1  -1  -1  -1   1  -2  -1   0  -1  -1  -1  -2  -2   2   3  -3  -2   1    0   0   8   0   0   0   9   0   0   0   0   0   0   0   0  26  35   0   0  21  0.23 0.03
  269 G     0  -2  -1  -2  -2  -2  -2   5  -2  -3  -3  -2  -2  -3  -2   0   2  -3  -3  -2    0   0   0   0   0   0   0  74   0   0   0   0   0   0   0   0  26   0   0   0  0.77 0.05
  270 K    -1  -1   3   4  -3   1   3  -2  -1  -3  -3   1  -2  -3  -2   0   0  -4  -3  -3    0   0  21  33   0   0  28   0   0   0   0   8   0   0   0   0   9   0   0   0  0.50 0.03
  271 G     0  -3  -1  -2  -2  -2  -3   5  -3   1  -2  -2  -1  -2  -3  -1  -2  -3  -3  -1    0   0   0   0   0   0   0  74   0  26   0   0   0   0   0   0   0   0   0   0  0.67 0.04
  272 E    -1   0   2   3  -3   2   4  -2   0  -3  -3   0  -2  -3  -2   0   1  -3  -2  -2    0   0   9  21   0  16  43   0   0   0   0   0   0   0   0   0  11   0   0   0  0.50 0.03
  273 N    -2  -1   7   1  -3   0  -1  -1   0  -4  -4  -1  -3  -4  -2   0   0  -4  -3  -3    0   0 100   0   0   0   0   0   0   0   0   0   0   0   0   0   0   0   0   0  0.96 0.07
  274 S     2  -2  -1  -2  -1  -1  -1  -1  -2   2  -1  -1   0  -2  -2   2   0  -3  -2   1   34   0   0   0   0   0   0   0   0  31   0   0   0   0   0  35   0   0   0   0  0.21 0.03
  275 I     1  -3  -3  -3  -1  -2  -3  -2  -3   2   0  -2   0  -1  -3  -1  -1   7   0   2   21   0   0   0   0   0   0   0   0  25   0   0   0   0   0   0   0  26   0  28  0.49 0.04
  276 V    -1  -2  -2  -3  -2  -2  -2  -3   4   2   1  -2   0   2  -3  -2   0  -1   2   1    0   0   0   0   0   0   0   0  21  26  11   0   0  16   0   0   9   0   9   8  0.20 0.02
  277 V    -1  -2  -2  -3  -1  -2  -2  -3  -2   2   1  -2   0   3  -3  -1   2  -2   0   2    0   0   0   0   0   0   0   0   0  19   9   0   0  21   0   0  26   0   0  25  0.22 0.02
  278 S     1  -1   1  -1  -1  -1  -1  -1  -1  -1   0  -1   3  -2  -2   3   0  -3  -2   0   14   0   8   0   0   0   0   0   0   0   0   0  26   0   0  45   0   0   0   7  0.20 0.04
  279 R    -2   5   3  -1  -4   0   0  -2   4  -4  -3   1  -2  -3  -2  -1  -1  -3  -1  -3    0  53  26   0   0   0   0   0  21   0   0   0   0   0   0   0   0   0   0   0  0.56 0.05
  280 S     0   3   0  -1  -2   0  -1   2  -1  -3  -3   0  -2  -3  -2   3   0  -3  -2  -2    0  26   0   0   0   0   0  21   0   0   0   0   0   0   0  53   0   0   0   0  0.38 0.04
  281 G     0  -2   3  -1  -3  -2  -2   5  -1  -4  -4  -1  -3  -4  -2   0  -1  -3  -3  -3    0   0  26   0   0   0   0  74   0   0   0   0   0   0   0   0   0   0   0   0  0.85 0.05
  282 A     4  -2  -1  -2  -1  -1  -1   3  -2  -2  -2  -1  -2  -3  -1   1   0  -3  -2  -1   63   0   0   0   0   0   0  28   0   0   0   0   0   0   0   9   0   0   0   0  0.44 0.04
  283 Y    -2  -2  -3  -4  -2  -2  -3  -4   1   0  -1  -2  -1   2  -3  -2  -1   1   7   2    0   0   0   0   0   0   0   0   0   0   0   0   0   0   0   0   0   0  74  26  0.72 0.06
  284 S     0  -1   1  -1  -2  -1   1   2   0  -3  -3  -1  -2   0  -2   2   0  -1   4  -2    0   0   9   0   0   0  11  21   0   0   0   0   0   0   0  33   0   0  26   0  0.28 0.03
  285 E    -2  -1   2   5  -4   0   3  -2  -1  -4  -4   0  -3  -4  -2   0  -1  -4  -3  -3    0   0   7  59   0   0  34   0   0   0   0   0   0   0   0   0   0   0   0   0  0.77 0.04
  286 M    -1  -1  -2  -2  -2   1  -1  -3  -2   0   2  -1   5  -1  -2  -1   2  -2  -1   0    0   0   0   0   0  11   0   0   0   0  21   0  42   0   0   0  26   0   0   0  0.26 0.04
  287 T    -1  -1   3  -1  -2  -1  -1  -2  -1   0  -2  -1  -1  -2  -2   1   4  -3  -2   0    0   0  26   0   0   0   0   0   0   8   0   0   0   0   0   0  66   0   0   0  0.41 0.05
  288 Y    -2  -2  -3  -4  -3  -2  -3  -4   1  -1  -1  -3  -1   5  -4  -2  -2   2   7  -1    0   0   0   0   0   0   0   0   0   0   0   0   0  34   0   0   0   0  66   0  0.91 0.06
  289 R    -1   5   0  -1  -4   3   1  -2   0  -3  -3   3  -1  -3  -2  -1  -1  -3  -2  -3    0  53   0   0   0  26   0   0   0   0   0  21   0   0   0   0   0   0   0   0  0.62 0.04
  290 N    -2  -1   7   1  -3   0  -1  -1   0  -4  -4  -1  -3  -4  -2   0   0  -4  -3  -3    0   0 100   0   0   0   0   0   0   0   0   0   0   0   0   0   0   0   0   0  0.96 0.07
  291 G     2  -2  -1  -2  -2  -2  -2   4  -2  -3  -3  -1  -2  -3   4   0  -1  -3  -3  -2   21   0   0   0   0   0   0  53   0   0   0   0   0   0  26   0   0   0   0   0  0.75 0.04
  292 Y    -2  -2  -1   3  -3  -2  -1  -3   0  -2  -1  -2  -1   4  -3  -2  -2   1   6  -2    0   0   0  26   0   0   0   0   0   0   0   0   0  21   0   0   0   0  53   0  0.60 0.05
  293 E    -1   0  -1   0  -3   1   4  -3  -1  -2   1   2  -1  -2  -2  -1  -1  -3  -2  -2    0   0   0   0   0   0  53   0   0   0  21  26   0   0   0   0   0   0   0   0  0.36 0.04
  294 E    -1   0   0   1  -4   4   5  -2   0  -4  -3   1  -2  -4  -1   0  -1  -3  -2  -3    0   0   0   0   0  26  74   0   0   0   0   0   0   0   0   0   0   0   0   0  0.75 0.05
  295 A     4  -2  -1  -2  -1  -1  -1   3  -2  -2  -2  -1  -1  -3  -1   1   1  -3  -2  -1   68   0   0   0   0   0   0  21   0   0   0   0   0   0   0   0  11   0   0   0  0.40 0.04
  296 I     0  -2  -1   1  -1  -1  -1  -2  -2   2   1  -2   0  -1  -2   2   0  -3  -2   2    0   0   0   9   0   0   0   0   0  16  17   0   0   0   0  32   0   0   0  26  0.13 0.02
  297 R    -1   5  -1  -1  -4   1   0  -2  -1  -3  -3   4  -2  -3  -2  -1  -1  -3  -2  -3    0  53   0   0   0   0   0   0   0   0   0  47   0   0   0   0   0   0   0   0  0.66 0.05
  298 L    -1  -3  -4  -4   6  -3  -3  -4  -3   1   3  -3   1   0  -3  -2  -1  -2  -2   1    0   0   0   0  26   0   0   0   0   8  66   0   0   0   0   0   0   0   0   0  0.49 0.04
  299 Q     1   0  -1  -1   3   4   0  -2  -1  -2  -1   0   1   1  -2   1  -1  -2  -1  -1   21   0   0   0   9  42   0   0   0   0   0   0  11   9   0   8   0   0   0   0  0.22 0.03
  300 T    -1  -2  -1  -2  -1  -1   0  -2  -2   0   2  -1   2  -1  -2   0   4  -2  -2   0    0   0   0   0   0   0   9   0   0   0  26   0  11   0   0   0  54   0   0   0  0.26 0.04
  301 M    -1  -2  -3  -4  -2  -2  -3  -4  -3   3   3  -2   5   0  -3  -2  -1  -2  -1   1    0   0   0   0   0   0   0   0   0  31  26   0  44   0   0   0   0   0   0   0  0.40 0.04
  302 A     3  -1  -1   0  -1   0   2  -1  -1  -2  -2   0  -2  -3  -1   3   0  -3  -2  -1   42   0   0   0   0   0  21   0   0   0   0   0   0   0   0  37   0   0   0   0  0.35 0.03
  303 Q     0   0   0  -1  -3   6   1  -2   0  -3  -3   1  -1  -3  -2   2   0  -3  -2  -2    0   0   0   0   0  74   0   0   0   0   0   0   0   0   0  26   0   0   0   0  0.62 0.06
  304 Y    -2  -2  -3  -4  -3  -2  -3  -4   1  -1  -1  -2   2   3  -3  -2  -2   2   7  -1    0   0   0   0   0   0   0   0   0   0   0   0  11   0   0   0   0   0  89   0  0.97 0.08
  305 D    -2  -1   1   6  -4   0   3  -2  -1  -4  -4  -1  -3  -4  -2   0  -1  -4  -3  -3    0   0   0  74   0   0  26   0   0   0   0   0   0   0   0   0   0   0   0   0  0.89 0.05
  306 G     0   0   0  -1  -2   0  -1   4  -2  -3  -3   2  -2  -3  -2   2   1  -3  -2  -2    0   0   0   0   0   0   0  42   0   0   0  26   0   0   0  21  11   0   0   0  0.41 0.03
  307 Y    -2   3  -2  -3  -3  -1  -2  -3   1  -2  -2  -1  -1   2  -3  -2  -2   1   7  -2    0  26   0   0   0   0   0   0   0   0   0   0   0   0   0   0   0   0  74   0  0.77 0.06
  308 A     4  -2  -2  -2  -1  -1  -2  -1  -2   2  -1  -1   0  -2  -1   0   0  -3  -2   1   74   0   0   0   0   0   0   0   0  26   0   0   0   0   0   0   0   0   0   0  0.32 0.04
  309 K    -1   1   0  -1  -3   2   1  -2  -1  -2  -2   4  -1  -3  -1   0   2  -3  -2  -2    0   0   0   0   0   8   9   0   0   0   0  54   0   0   0   0  29   0   0   0  0.38 0.04
  310 C     2  -3  -2  -3   6  -2  -2  -2  -2  -1  -1  -2  -1   3  -2   0   0  -1   0  -1   32   0   0   0  34   0   0   0   0   0   0   0   0  26   0   0   8   0   0   0  0.41 0.04
  311 S    -1   0   0   3  -2   0   0  -2  -2  -1  -2   2  -1  -3  -2   0   1  -3  -2   1    0   0   0  26   0   0   0   0   0   0   0  34   0   0   0   8  11   0   0  21  0.21 0.03
  312 T     0  -2  -1  -2   6  -1  -2  -2  -2   1   0  -1   2  -1  -1   0   2  -2  -1   0    2   1   1   1  30   1   2   2   1  10   2   1  17   1   1   2  21   0   1   2  0.25 0.02
  313 I    -2  -2  -2  -3  -2  -2  -2  -3   4   3   0  -2   0   1  -3  -2  -1  -1   4   2    0   0   0   0   0   0   0   0  21  34   0   0   0   0   0   0   0   0  28  16  0.32 0.04
  314 G     0  -2   3  -1  -3  -2  -2   5  -1  -4  -4  -1  -3  -4  -2   0  -1  -3  -3  -3    0   0  26   0   0   0   0  74   0   0   0   0   0   0   0   0   0   0   0   0  0.85 0.05
  315 N    -2   0   5   4  -3   3   1  -1   0  -3  -3   0  -2  -4  -2   0  -1  -4  -2  -3    0   0  47  28   0  26   0   0   0   0   0   0   0   0   0   0   0   0   0   0  0.59 0.04
  316 F    -2  -3  -2  -3  -3  -3  -3   2  -2  -1   0  -3  -1   6  -4  -2  -2   0   2  -2    0   0   0   0   0   0   0  26   0   0   0   0   0  74   0   0   0   0   0   0  0.64 0.05
  317 N     0   3   1   0  -2   1   2  -2  -1  -3  -2   1  -2  -3  -2   2   2  -3  -2  -2    0  26   8   0   0   0  24   0   0   0   0   0   0   0   0  21  20   0   0   0  0.32 0.03
  318 L    -2  -2  -3  -4  -2  -2  -3  -4  -3   2   3  -2   5   0  -3  -2  -1  -2  -1   1    0   0   0   0   0   0   0   0   0   9  49   0  43   0   0   0   0   0   0   0  0.44 0.04
  319 T    -1   3   0   3  -2   0   0  -2  -1  -2  -2   0  -2  -3  -2   0   3  -3  -2  -2    0  31   0  26   0   0   0   0   0   0   0   0   0   0   0   0  44   0   0   0  0.38 0.04
  320 P    -1  -3  -3  -2  -3  -2  -2  -3  -3  -1  -2  -2  -2  -3   7  -1  -1  -4  -3   1    0   0   0   0   0   0   0   0   0   0   0   0   0   0  74   0   0   0   0  26  1.40 0.06
  321 G     0  -1   0  -1  -3  -1  -1   5  -2  -4  -4   2  -2  -3  -2   1  -1  -3  -3  -3    0   0   0   0   0   0   0  65   0   0   0  26   0   0   0   9   0   0   0   0  0.65 0.04
  322 V    -1  -2  -2   0  -1  -1  -2  -3  -2   1   1  -2   4  -1  -2  -1   2  -3  -2   2    0   0   0   8   0   0   0   0   0   0   9   0  30   0   0   0  20   0   0  34  0.20 0.03
  323 K    -1   1  -1  -1  -3   0   0   2  -2  -1  -2   3  -1  -3  -2  -1  -1  -3  -2   1    0   0   0   0   0   0   0  26   0   0   0  53   0   0   0   0   0   0   0  21  0.27 0.04
  324 I     1  -3  -3  -3   3  -2  -3  -2  -3   3   1  -2   0  -1  -2  -1  -1  -3  -2   2   26   0   0   0  11   0   0   0   0  54   9   0   0   0   0   0   0   0   0   0  0.25 0.03
  325 I    -2   2   3  -1  -2   1  -1  -2  -1   0   2   0   0  -1  -3  -1  -1  -3  -2   0    0  21  24   0   0   9   0   0   0   8  37   0   0   0   0   0   0   0   0   0  0.17 0.02
  326 F    -2  -3  -4  -4  -2  -4  -4  -4  -2   2   1  -3   0   6  -4  -3  -2   0   2   0    0   0   0   0   0   0   0   0   0  26   0   0   0  74   0   0   0   0   0   0  0.66 0.05
  327 N     0  -2   1  -1  -2   0   2   0  -1  -1  -1  -1  -1   3  -2   0   0  -1   0   0   11   0   8   0   0   0  26   9   0   0   0   0   0  29   0   0   9   0   0   8  0.13 0.02
  328 D    -2  -2   0   6  -3  -1   1  -2  -2  -1  -2  -1  -2  -3  -2  -1  -1  -4  -3   1    0   0   0  74   0   0   0   0   0   0   0   0   0   0   0   0   0   0   0  26  0.62 0.05
  329 S    -1  -2  -2  -1  -2  -1   2  -3  -2   1   1  -1   0  -2   4   0  -1  -3  -2   0    0   0   0   0   0   0  21   0   0   8  26   0   0   0  27   8   0   0   0   9  0.34 0.02
  330 K    -1   1   0  -1  -3   1   0   3  -1  -3  -3   5  -2  -4  -2   0  -1  -3  -2  -3    0   0   0   0   0   0   0  26   0   0   0  74   0   0   0   0   0   0   0   0  0.51 0.05
  331 N    -1   0   2   4  -4   3   3   0  -1  -3  -3   1  -2  -4  -2   0  -1  -3  -3  -3    0   0   8  34   0  21  20   9   0   0   0   8   0   0   0   0   0   0   0   0  0.47 0.03
  332 Q    -1   0   0   0  -4   6   3  -2   0  -3  -3   1  -1  -4  -2   0  -1  -3  -2  -3    0   0   0   0   0  74  26   0   0   0   0   0   0   0   0   0   0   0   0   0  0.74 0.06
  333 F     1  -2  -3  -3  -2  -2  -2  -2   0  -1  -1  -2  -1   5  -3  -1  -2   1   5  -1   21   0   0   0   0   0   0   0   0   0   0   0   0  44   0   0   0   0  35   0  0.54 0.04
  334 K     1   3  -1  -2  -2   0  -1  -2  -1  -1   1   2   0  -2  -2   0  -1  -3  -2  -1   26  30   0   0   0   0   0   0   0   0  20  25   0   0   0   0   0   0   0   0  0.22 0.03
  335 T     1  -1   3  -1  -2  -1  -1   3  -1  -2  -3  -1  -2  -3  -2   1   3  -3  -2  -2    8   0  21   0   0   0   0  26   0   0   0   0   0   0   0  11  34   0   0   0  0.35 0.03
  336 E    -1   0   2   4  -3   0   2  -1  -1  -3  -3   2  -2  -4  -2   1  -1  -4  -3  -3    0   0  11  46   0   0   8   0   0   0   0  26   0   0   0   9   0   0   0   0  0.51 0.03
  337 F    -2  -3  -3  -4  -3  -3  -3  -4   0  -1   0  -3  -1   6  -4  -3  -2   1   5  -1    0   0   0   0   0   0   0   0   0   0   0   0   0  63   0   0   0   0  37   0  0.85 0.06
  338 Y    -2  -2  -3  -4  -2  -2  -3  -4   0   2   2  -2   0   2  -3  -2  -2   1   6   0    0   0   0   0   0   0   0   0   0  21  26   0   0   0   0   0   0   0  53   0  0.49 0.04
  339 V    -1  -3  -3  -4  -1  -3  -3  -4  -4   4   1  -3   1  -1  -3  -2   0  -3  -2   4    0   0   0   0   0   0   0   0   0  33   0   0   0   0   0   0   0   0   0  67  0.44 0.04
  340 D    -2  -2   0   6  -3  -1   1  -2  -2  -1  -2  -1  -2  -3  -2  -1  -1  -4  -3   1    0   0   0  74   0   0   0   0   0   0   0   0   0   0   0   0   0   0   0  26  0.62 0.05
  341 E    -1   0  -1   1  -4   2   6  -3   0  -4  -3   1  -2  -4  -2   0  -1  -3  -2  -3    0   0   0   0   0   0 100   0   0   0   0   0   0   0   0   0   0   0   0   0  0.90 0.07
  342 V    -1  -3  -3  -4   6  -3  -3  -3  -4   2   0  -3   0  -1  -3  -2  -1  -3  -2   4    0   0   0   0  26   0   0   0   0   0   0   0   0   0   0   0   0   0   0  74  0.49 0.05
  343 I    -1  -3  -4  -4  -2  -3  -3  -4  -3   4   1  -3   1   2  -3  -3  -1  -2  -1   3    0   0   0   0   0   0   0   0   0  68   0   0   0  11   0   0   0   0   0  21  0.41 0.04
  344 H    -2   3   0  -2  -4   0   0  -3   8  -4  -3   0  -2  -2  -3  -1  -2  -3   1  -3    0  26   0   0   0   0   0   0  74   0   0   0   0   0   0   0   0   0   0   0  0.88 0.07
  345 E    -1  -1   0   4  -4   1   5  -2  -1  -4  -3   0  -3  -4  -2   0  -1  -4  -3  -3    0   0   0  26   0   0  74   0   0   0   0   0   0   0   0   0   0   0   0   0  0.77 0.05
  346 L    -1  -3  -3  -4  -1  -3  -3  -4  -4   4   2  -3   1  -1  -3  -2  -1  -3  -2   3    0   0   0   0   0   0   0   0   0  49   8   0   0   0   0   0   0   0   0  43  0.41 0.04
  347 S     1  -1   0  -1  -1   0  -1  -1  -1  -3  -3  -1  -2  -3  -1   5   2  -3  -2  -2    0   0   0   0   0   0   0   0   0   0   0   0   0   0   0  89  11   0   0   0  0.54 0.06
  348 N    -2   4   4   0  -3   1   0  -1   0  -3  -3   3  -2  -3  -2   0  -1  -4  -2  -3    0  32  42   0   0   0   0   0   0   0   0  26   0   0   0   0   0   0   0   0  0.52 0.04
  349 N    -1  -1   3   3  -3   1   3  -1   0  -3  -3   0  -2  -3  -2   1   1  -4  -2  -3    0   0  24  26   0   0  32   0   0   0   0   0   0   0   0   9   9   0   0   0  0.48 0.03
  350 N     0   0   1   0  -2   4   1  -1   0  -2  -2   0  -1  -2  -1   1   2  -2  -1  -1    2   1  10   1   0  41   2   2   1   1   2   1   1   1   1  10  19   0   1   2  0.26 0.02
  351 S     1  -1   0   0  -1   0   0   0  -1  -2  -2   0  -1  -2  -1   4   1  -2  -1  -1    2   1   1   1   0   1   2   2   1   1   2   1   1   1   1  76   2   0   1   2  0.35 0.03
  352 V    -1  -1  -2  -2  -1   0  -1  -2  -2   2   2  -1   1   0  -2  -1  -1  -2  -1   2    2   1   1   1   0  10   2   2   1  17  35   1   1   1   1   2   2   0   1  19  0.12 0.01
  353 T     0  -1   0  -1  -1  -1  -1  -1  -1  -1  -1  -1  -1  -2  -1   1   5  -2  -1   0    2   1   1   1   0   1   2   2   1   1   2   1   1   1   1   2  76   0   1   2  0.37 0.03
  354 H    -1  -1   2   0  -2   0   0  -1   5  -2  -2  -1  -1  -1  -1   0   1  -1   2  -1    2   1  18   1   0   1   2   2  30   1   2   1   1   1   1   2  18   0  12   2  0.25 0.02
  355 L     0  -2  -2  -2  -1  -1  -2  -2  -2   2   3  -2   1   0  -1  -1  -1  -1  -1   1   13   1   1   1   0   1   2   2   1  19  48   1   1   1   1   2   2   0   1   2  0.15 0.01
  356 Y    -1  -1  -1  -2  -2  -1  -1  -2   3  -1  -1  -1  -1   2  -2  -1  -1   1   6  -1    2   1   1   1   0   1   2   2  11   1   2   1   1   1   1   2   2   0  64   2  0.55 0.04
  357 M    -1  -1  -2  -2  -1   0  -2  -2  -1   1   1  -1   6   0  -2  -1  -1  -1  -1   0    2   1   1   1   0   1   2   2   1   1   2   1  75   1   1   2   2   0   1   2  0.34 0.05
  358 F    -1  -2  -2  -2  -2  -2  -2  -2  -1   2   0  -2   0   5  -2  -2  -1   0   2   0    2   1   1   1   0   1   2   2   1  23   2   1   1  54   1   2   2   0   1   2  0.31 0.02
  359 T     0  -1   0  -1  -1  -1  -1   2  -1  -1  -1  -1  -1  -2  -1   1   4  -2  -2  -1    2   1   1   1   0   1   2  23   1   1   2   1   1   1   1   2  54   0   1   2  0.28 0.02
  360 N    -1   0   6   1  -2   0   0   0   0  -2  -2   0  -2  -2  -1   0   0  -2  -2  -2    2   1  75   1   0   1   2   2   1   1   2   1   1   1   1   2   2   0   1   2  0.54 0.04
  361 A     1  -1   0  -1  -1   0   0   2  -1  -2  -2   0  -1  -2  -1   3   1  -2  -2  -1   10   1   1   1   0   1   2  19   1   1   2   1   1   1   1  51   2   0   1   2  0.26 0.02
  362 T    -1   1  -1  -1  -3   0   2  -2  -1  -1   0   2  -1   3  -2   0   0  -1   0  -1    0   8   0   0   0   0  21   0   0   0   9  19   0  26   0   8   8   0   0   0  0.16 0.02
  363 K     0   1   0   0  -3   1   3  -2   5  -3  -3   3  -2  -3  -2   0  -1  -3  -1  -3    8   0   0   0   0   0  30   0  26   0   0  36   0   0   0   0   0   0   0   0  0.42 0.04
  364 L    -2  -3  -4  -4  -2  -3  -3  -4  -3   1   5  -3   2   0  -3  -3  -2  -2  -1   1    0   0   0   0   0   0   0   0   0   0 100   0   0   0   0   0   0   0   0   0  0.58 0.05
  365 E    -1   0   1   0  -3   5   3  -2   0  -2  -2   1  -1  -3  -2   0  -1  -3  -2   0    0   0   9   0   0  56  24   0   0   0   0   0   0   0   0   0   0   0   0  11  0.48 0.05
  366 T    -1  -1  -1   0  -2   0   3  -2  -1  -2  -2   0  -2  -3   3   0   3  -3  -2  -1    0   0   0   0   0   0  41   0   0   0   0   0   0   0  17   0  42   0   0   0  0.49 0.04
  367 I    -1  -3  -3  -3  -1  -2  -3  -4  -3   2   2  -2   1  -1   2  -2  -1  -3  -2   3    0   0   0   0   0   0   0   0   0   8  26   0   0   0  11   0   0   0   0  55  0.33 0.03
  368 D    -1  -1   2   4  -4   1   4  -2  -1  -4  -4   0  -3  -4  -2   0  -1  -4  -3  -3    0   0  12  34   0   0  53   0   0   0   0   0   0   0   0   0   0   0   0   0  0.67 0.04
  369 P    -1  -3  -3  -3   6  -2  -3  -3  -3  -1   1  -2   0   2   5  -2  -1  -2  -1  -1    0   0   0   0  28   0   0   0   0   0  24   0   0  15  33   0   0   0   0   0  0.62 0.03
  370 V     0  -3  -2  -3  -1  -2  -2  -3  -3   3   1  -2   1  -1  -2   0   0  -3  -2   3    0   0   0   0   0   0   0   0   0  34   0   0   0   0   0  15   0   0   0  50  0.28 0.03
  371 K    -1   2   0  -1  -3   3   1  -2  -1  -3  -3   5  -1  -4  -1   0  -1  -3  -2  -3    0   0   0   0   0  28   0   0   0   0   0  72   0   0   0   0   0   0   0   0  0.57 0.05
  372 V    -1  -2  -3  -2  -1  -1   1  -3  -3   3   0  -2   0  -1  -2  -2   0  -3  -2   4    0   0   0   0   0   0  15   0   0  12   0   0   0   0   0   0   0   0   0  72  0.29 0.04
  373 K     2   2  -1  -1  -2   1   0  -1  -1  -3  -2   4  -1  -3  -1   0  -1  -3  -2  -2   28  12   0   0   0   0   0   0   0   0   0  60   0   0   0   0   0   0   0   0  0.39 0.03
  374 N     2  -1   5   1  -2   0  -1   0   0  -3  -3  -1  -2  -3  -2   1   0  -4  -2  -2   31   0  69   0   0   0   0   0   0   0   0   0   0   0   0   0   0   0   0   0  0.50 0.03
  375 E     0  -1   0   1  -2   1   4  -2  -1  -3  -3   0  -2  -3  -1   2   2  -3  -2  -2    0   0   0   0   0   0  52   0   0   0   0   0   0   0   0  31  17   0   0   0  0.43 0.02
  376 F    -1  -2  -2  -3  -1  -2  -2  -3  -2   2   2  -2   1   2  -2  -1   2  -1   0   1    0   0   0   0   0   0   0   0   0  17  36   0   0  16   0   0  31   0   0   0  0.22 0.01
  377 K    -1   1   4   0  -3   1   0  -1   0  -3  -3   4  -2  -3  -2   0  -1  -4  -2  -3    0   0  48   0   0   0   0   0   0   0   0  52   0   0   0   0   0   0   0   0  0.50 0.03
  378 S    -1   2   3   3  -2   0   0  -1  -1  -3  -3   0  -2  -3  -2   2   0  -4  -2  -3    0  16  20  31   0   0   0   0   0   0   0   0   0   0   0  33   0   0   0   0  0.40 0.02
  379 D    -2  -2   1   5  -4   0   2  -2   0  -3  -3  -1  -3  -1  -2  -1  -1  -2   3  -3    0   0   0  63   0   0  17   0   0   0   0   0   0   0   0   0   0   0  20   0  0.61 0.03
  380 T     0  -1   0  -1  -1  -1  -1  -1  -1  -1  -1  -1  -1   2  -1   3   3  -2   0  -1    0   0   0   0   0   0   0   0   0   0   0   0   0  20   0  47  33   0   0   0  0.29 0.02
  381 T     2   0  -1  -1  -1   0   0  -1  -1  -2  -2   2  -1  -3  -1   2   2  -3  -2  -1   37   0   0   0   0   0   0   0   0   0   0  31   0   0   0  16  16   0   0   0  0.26 0.02
  382 T     0  -1   0   3  -1  -1   0  -1  -2  -2  -2  -1  -1  -3  -1   2   4  -3  -2  -1    0   0   0  22   0   0   0   0   0   0   0   0   0   0   0  24  54   0   0   0  0.37 0.02
  383 E     0  -1   0   0  -2   1   3  -2  -1  -1  -2   0  -1  -2  -1   2   0  -3  -2   1    0   0   0   0   0   0  46   0   0   0   0   0   0   0   0  32   0   0   0  22  0.27 0.01
  384 E    -1   0   0   1  -4   2   5  -2   0  -4  -3   1  -2  -4  -1   0  -1  -3  -2  -3    0   0   0   0   0   0 100   0   0   0   0   0   0   0   0   0   0   0   0   0  0.80 0.03
  385 S     3  -1   0  -1  -1   0  -1   0  -1  -2  -2   0  -1  -2  -1   3   1  -3  -2  -1   50   0   0   0   0   0   0   0   0   0   0   0   0   0   0  50   0   0   0   0  0.35 0.00
  386 S     1  -1   1   0  -1   0   0   0  -1  -2  -2   0  -1  -2  -1   4   1  -3  -2  -2    0   0   0   0   0   0   0   0   0   0   0   0   0   0   0   0   0   0   0   0  0.00     0.00
  387 S     1  -1   1   0  -1   0   0   0  -1  -2  -2   0  -1  -2  -1   4   1  -3  -2  -2    0   0   0   0   0   0   0   0   0   0   0   0   0   0   0   0   0   0   0   0  0.00     0.00
  388 S     1  -1   1   0  -1   0   0   0  -1  -2  -2   0  -1  -2  -1   4   1  -3  -2  -2    0   0   0   0   0   0   0   0   0   0   0   0   0   0   0   0   0   0   0   0  0.00     0.00
  389 N    -1   0   6   1  -3   0   0   0   1  -3  -3   0  -2  -3  -2   1   0  -4  -2  -3    0   0   0   0   0   0   0   0   0   0   0   0   0   0   0   0   0   0   0   0  0.00     0.00
  390 K    -1   2   0  -1  -3   1   1  -1  -1  -3  -2   4  -1  -3  -1   0  -1  -3  -2  -2    0   0   0   0   0   0   0   0   0   0   0   0   0   0   0   0   0   0   0   0  0.00     0.00
  391 Q    -1   1   0   0  -3   5   2  -2   0  -3  -2   1   0  -3  -1   0  -1  -2  -1  -2    0   0   0   0   0   0   0   0   0   0   0   0   0   0   0   0   0   0   0   0  0.00     0.00

                      K         Lambda
Standard Ungapped    0.1329     0.3169
Standard Gapped      0.0410     0.2670
PSI Ungapped         0.1329     0.3169
PSI Gapped           0.0410     0.2670
