
Last position-specific scoring matrix computed, weighted observed percentages rounded down, information per position, and relative weight of gapless real matches to pseudocounts
            A   R   N   D   C   Q   E   G   H   I   L   K   M   F   P   S   T   W   Y   V   A   R   N   D   C   Q   E   G   H   I   L   K   M   F   P   S   T   W   Y   V
    1 M    -1  -2  -3  -4  -2  -1  -2  -3  -2   1   2  -2   7   0  -3  -2  -1  -2  -1   0    0   0   0   0   0   0   0   0   0   0   0   0 100   0   0   0   0   0   0   0  0.64 0.07
    2 A     5  -2  -2  -2  -1  -1  -1   0  -2  -2  -2  -1  -1  -3  -1   1   0  -3  -2   0  100   0   0   0   0   0   0   0   0   0   0   0   0   0   0   0   0   0   0   0  0.52 0.04
    3 V    -1  -3  -3  -3  -1  -3  -3  -4  -3   4   1  -3   1  -1  -3  -2  -1  -3  -2   3    0   0   0   0   0   0   0   0   0  63   0   0   0   0   0   0   0   0   0  37  0.43 0.03
    4 V     1  -2  -2  -3  -1  -2  -2  -2  -3   2   0  -2   0  -1  -2   0   2  -3  -2   3   10   0   0   0   0   0   0   0   0   0   0   0   0   0   0   0  24   0   0  66  0.27 0.03
    5 G     0  -2  -1  -2  -3  -2  -2   6  -2  -4  -4  -2  -3  -3  -2   0   0  -3  -3  -3    0   0   0   0   0   0   0  90   0   0   0   0   0   0   0   0  10   0   0   0  0.98 0.04
    6 V     0  -1  -2  -2  -1  -1  -1  -2  -1   2   0  -1   0   0  -1  -1   0  -1   2   3    3   2   2   2   1   2   2   3   1  11   3   2   1   1   2   3   2   0  10  48  0.11 0.01
    7 P     0  -1  -1  -1  -2  -1  -1   1  -1  -2  -2  -1  -2  -2   6   0  -1  -2  -2  -2    3   2   2   2   1   2   2  13   1   2   3   2   1   1  56   3   2   0   1   2  0.89 0.02
    8 G     0  -3  -1  -2  -3  -2  -2   5  -2  -4  -4  -2  -3  -4   5  -1  -2  -3  -3  -3    0   0   0   0   0   0   0  67   0   0   0   0   0   0  33   0   0   0   0   0  1.03 0.04
    9 W    -3  -3  -4  -5  -3  -2  -3  -3  -3  -2  -1  -3   2   0  -4  -3  -3  11   2  -3    0   0   0   0   0   0   0   0   0   0   0   0  10   0   0   0   0  90   0   0  2.37 0.10
   10 I    -1  -3  -3  -3  -1  -3  -3  -4  -4   4   1  -3   1  -1  -3  -2  -1  -3  -2   3    0   0   0   0   0   0   0   0   0  57   0   0   0   0   0   0   0   0   0  43  0.45 0.04
   11 G     0  -3  -1  -2  -3  -2  -2   6  -2  -4  -4  -2  -3  -4  -3  -1  -2  -3  -3  -4    0   0   0   0   0   0   0 100   0   0   0   0   0   0   0   0   0   0   0   0  1.20 0.06
   12 S     1  -1   0   0  -2   0   2  -1  -1  -3  -3   0  -2  -3  -1   4   1  -3  -2  -2    0   0   0   0   0   0  18   0   0   0   0   0   0   0   0  82   0   0   0   0  0.50 0.05
   13 S     1  -1   0  -1  -1   0   0  -1  -1  -3  -3  -1  -2  -3  -1   5   1  -3  -2  -2    0   0   0   0   0   0   0   0   0   0   0   0   0   0   0 100   0   0   0   0  0.61 0.06
   14 S     4  -2  -2  -2  -1  -1  -1   0  -2  -2  -2  -1  -1  -3  -1   1   0  -3  -2  -1   93   0   0   0   0   0   0   0   0   0   0   0   0   0   0   7   0   0   0   0  0.50 0.05
   15 V     1   0  -2  -2  -1  -1  -1  -2  -2   1   0   2   0  -2  -2  -1   0  -3  -2   3   11   0   0   0   0   0   0   0   0   0   0  30   0   0   0   0   0   0   0  60  0.20 0.04
   16 N     2  -1   3   0  -1  -1  -1  -1  -1  -1  -2  -1  -1  -2  -2   1   1  -3  -2   0   39   0  32   0   0   0   0   0   0   0   0   0   0   0   0  10   8   0   0  11  0.26 0.03
   17 E    -1   0  -1   1  -4   2   6  -3   0  -4  -3   0  -2  -4  -1   0  -1  -3  -2  -3    0   0   0   0   0   0 100   0   0   0   0   0   0   0   0   0   0   0   0   0  0.91 0.06
   18 T     1  -1   0  -1  -1  -1  -1  -2  -2  -1  -2  -1  -1  -3  -1   1   5  -3  -2   0    9   0   0   0   0   0   0   0   0   0   0   0   0   0   0   0  91   0   0   0  0.58 0.06
   19 G     0  -3   0   1  -3  -2  -2   6  -2  -4  -4  -2  -3  -4  -2  -1  -2  -3  -3  -4    0   0   0  10   0   0   0  90   0   0   0   0   0   0   0   0   0   0   0   0  1.02 0.05
   20 Q    -1   1   1   0  -3   5   2  -2   0  -2  -2   2   2  -3  -2   0  -1  -2  -2  -2    0   0   9   0   0  61   7   0   0   0   0  10  12   0   0   0   0   0   0   0  0.48 0.05
   21 R     0   5  -1  -1  -3   1   2  -2  -1  -3  -3   2  -2  -3  -2  -1  -1  -3  -2  -2   10  70   0   0   0   0  19   0   0   0   0   0   0   0   0   0   0   0   0   0  0.60 0.04
   22 W    -3  -3  -4  -5  -3  -3  -3  -3  -3  -3  -2  -4  -2   0  -4  -3  -3  11   2  -3    0   0   0   0   0   0   0   0   0   0   0   0   0   0   0   0   0 100   0   0  2.78 0.11
   23 M    -1  -2  -2  -3  -2  -1  -2   1  -2   0   1  -2   7  -1  -3  -2  -1  -2  -2   0    0   0   0   0   0   0   0  12   0   0   0   0  88   0   0   0   0   0   0   0  0.53 0.07
   24 S     2  -1   0   1  -1  -1   0  -1  -1  -2  -2  -1  -2  -3  -1   3   2  -3  -2  -1   21   0   0   8   0   0   0   0   0   0   0   0   0   0   0  59  12   0   0   0  0.38 0.03
   25 Q     3  -1  -1   1  -2   3   0   1  -1  -2  -2   0  -1  -3  -1   0  -1  -3  -2  -1   44   0   0  12   0  35   0   9   0   0   0   0   0   0   0   0   0   0   0   0  0.32 0.03
   26 A     4  -1  -2  -2  -1   1  -1   0  -2  -2  -2  -1  -1  -3  -1   1   0  -3  -2  -1   88   0   0   0   0  12   0   0   0   0   0   0   0   0   0   0   0   0   0   0  0.45 0.05
   27 A     1   3  -1  -2  -2  -1  -1   4  -2  -2  -1   0   2  -2  -2   0  -1  -3  -2  -2   14  28   0   0   0   0   0  41   0   0   0   0  17   0   0   0   0   0   0   0  0.35 0.03
   28 G     0   3  -1  -2  -2   0  -1   1  -1  -1  -2   0  -1  -2  -2   1   2  -3  -2   0    0  34   0   0   0   0   0  14   0   0   0   0   0   0   0  11  29   0   0  12  0.24 0.03
   29 Q     2  -1  -1  -1  -1   1   1  -1  -1   0  -1  -1  -1  -2  -1   1   1  -3  -2   1   39   0   0   0   0  14   8   0   0   0   0   0   0   0   0  10   9   0   0  21  0.18 0.02
   30 L    -1  -3  -3  -4  -1  -2  -3  -4  -3   2   3  -3   1   0  -3  -2  -1  -2  -1   3    0   0   0   0   0   0   0   0   0   0  54   0   0   0   0   0   0   0   0  46  0.39 0.03
   31 R    -1   6  -1  -2  -4   0  -1   2  -1  -4  -3   1  -2  -3  -2  -1  -2  -3  -2  -3    0  80   0   0   0   0   0  20   0   0   0   0   0   0   0   0   0   0   0   0  0.70 0.05
   32 L    -1  -2  -3  -3  -1   0  -2  -3  -2   2   3  -2   3   0  -3  -2  -1  -2  -1   2    0   0   0   0   0   8   0   0   0  11  34   0  21   0   0   0   0   0   0  27  0.27 0.02
   33 G     0  -2   0  -1  -2  -1  -1   3  -2  -3  -3  -1  -2  -3   2   2   2  -3  -2  -2    0   0   0   0   0   0   0  34   0   0   0   0   0   0   9  36  21   0   0   0  0.43 0.03
   34 V     0  -2  -2  -2  -1  -2  -2  -2  -2   1   0  -2   0  -1   1   0   2  -2   2   2    8   0   0   0   0   0   0   0   0  10   0   0   0   0   7   0  31   0  12  31  0.19 0.02
   35 P     0  -2   1  -1  -3  -1  -1  -2  -2  -3  -3  -1  -3  -4   7   0  -1  -4  -3  -2    8   0  12   0   0   0   0   0   0   0   0   0   0   0  72   7   0   0   0   0  1.38 0.05
   36 C    -1  -3  -2  -3   4  -3  -3   4  -2  -2  -1  -3  -1   4  -3  -1  -2  -1   1  -2    0   0   0   0  14   0   0  45   0   0   0   0   0  41   0   0   0   0   0   0  0.51 0.04
   37 W    -3  -3   1  -3  -3  -2  -3  -3  -2  -2  -2  -3   1   0  -4  -3  -2  11   1  -3    0   0  10   0   0   0   0   0   0   0   0   0  10   0   0   0   0  79   0   0  1.95 0.08
   38 M    -1  -2  -3  -4  -2  -1  -2  -3  -1   1   1  -2   7   0  -3  -2  -1  -1   2   0    0   0   0   0   0   0   0   0   0   0   0   0  88   0   0   0   0   0  12   0  0.59 0.08
   39 S     1   1   0  -1  -1   0   0  -1  -1  -3  -3   0  -2  -3  -1   4   1  -3  -2  -2    0  10   0   0   0   0   0   0   0   0   0   0   0   0   0  90   0   0   0   0  0.52 0.06
   40 Q     1   0   0   0  -2   3   2  -1  -1  -2  -2   0  -1  -3  -1   2   2  -3  -2  -2   10   0   0   0   0  32  20   0   0   0   0   0   0   0   0  18  20   0   0   0  0.34 0.03
   41 F    -2  -2  -3  -4  -2  -2  -3  -4  -2   1   3  -2   4   2  -3  -2  -1  -1   0   0    0   0   0   0   0   0   0   0   0   0  50   0  36  14   0   0   0   0   0   0  0.41 0.04
   42 A     3  -2  -2  -3  -1  -2  -2  -1  -2   2   0  -2   0  -2  -2   0   0  -3  -2   1   64   0   0   0   0   0   0   0   0  24   0   0   0   0   0   0   0   0   0  12  0.30 0.06
   43 G     0  -3   0   2  -3  -2  -2   6  -2  -4  -4  -2  -3  -4  -2  -1  -2  -3  -3  -4    0   0   0  15   0   0   0  85   0   0   0   0   0   0   0   0   0   0   0   0  1.00 0.07
   44 R    -1   4   0   2  -4   2   1  -2  -1  -3  -3   3  -2  -3  -2  -1  -1  -3  -2  -3    0  31   0  15   0  16   0   0   0   0   0  38   0   0   0   0   0   0   0   0  0.50 0.05
   45 S     1  -1   0  -1  -1  -1  -1  -1  -1  -2  -2  -1   1  -2  -1   4   2  -3  -2  -1   11   0   0   0   0   0   0   0   0   0   0   0   9   0   0  65  15   0   0   0  0.39 0.06
   46 R    -1   4  -1  -1  -3   1   0  -2  -1  -2  -2   4  -1  -3  -2   0   1  -3  -2  -1    0  33   0   0   0   0   0   0   0   0   0  47   0   0   0   0  11   0   0   9  0.43 0.06
   47 E    -1  -1   0   1  -3   1   5  -2  -1  -3  -3   0  -2  -3  -1   2   0  -3  -2  -3    0   0   0   0   0   0  74   0   0   0   0   0   0   0   0  26   0   0   0   0  0.67 0.08
   48 I    -1  -2  -3  -3  -2   1  -2  -4  -3   4   1  -2   1   1  -3  -2  -1  -2  -1   3    0   0   0   0   0  12   0   0   0  54   0   0   0  10   0   0   0   0   0  24  0.30 0.05
   49 I     0   1  -1  -2  -2  -1  -2  -2   2   1   0  -1   0   1  -2  -1   1  -2   0   1    9  11   0   0   0   0   0   0  13  19   6   0   0  10   0   0  20   0   0  12  0.10 0.03
   50 H    -2  -2  -3  -3  -2  -2  -3  -4   2   3   2  -2   1   1  -3  -2  -1  -1   3   1    0   0   0   0   0   0   0   0  11  43  19   0   0   0   0   0   0   0  21   6  0.30 0.05
   51 T     0  -1   2   2  -2   0   1  -1  -1  -1  -2  -1  -1  -3  -2   2   3  -3  -2   0    0   0  12  15   0   0   8   0   0   0   0   0   0   0   0  21  32   0   0  11  0.27 0.04
   52 L    -1  -3  -3  -4  -2  -3  -3  -4  -3   2   2  -3   1   3  -3  -2  -1  -1   0   2    0   0   0   0   0   0   0   0   0  21  31   0   0  26   0   0   0   0   0  22  0.35 0.04
   53 G     0  -2   2  -1  -2  -1  -2   4  -2  -3  -3  -1  -2  -3  -2   1   2  -3  -3  -2    0   0  15   0   0   0   0  54   0   0   0   0   0   0   0  12  19   0   0   0  0.56 0.05
   54 A     3   1  -1  -1  -1   0   1  -1  -1  -2  -2   0  -1  -3  -1   2   0  -3  -2  -1   55  10   0   0   0   0   8   0   0   0   0   0   0   0   0  26   0   0   0   0  0.34 0.05
   55 D    -2  -1   6   2  -3   0   0  -1   0  -4  -4  -1  -3  -3  -2   1   0  -4  -3  -3    0   0  82  11   0   0   0   0   0   0   0   0   0   0   0   7   0   0   0   0  0.83 0.09
   56 H    -2  -1   5   0  -3   0  -1  -2   6  -4  -3  -1  -2  -3  -3   0   0  -4   0  -3    0   0  53   0   0   0   0   0  39   0   0   0   0   0   0   0   8   0   0   0  0.77 0.11
   57 N     2  -1   4   0  -2  -1  -1   2  -1  -3  -3  -1  -2  -3  -2   2   0  -3  -2  -2   24   0  35   0   0   0   0  14   0   0   0   0   0   0   0  28   0   0   0   0  0.40 0.06
   58 F    -2  -2  -3  -4  -3  -2  -3  -4   0  -1   0  -2   4   4  -4  -2  -2   1   6  -1    0   0   0   0   0   0   0   0   0   0   0   0  28  26   0   0   0   0  46   0  0.71 0.11
   59 N    -1  -1   5   1  -2  -1  -1  -1  -1  -3  -3  -1  -2  -3  -2   2   2  -4  -2  -2    0   0  45   8   0   0   0   0   0   0   0   0   0   0   0  23  24   0   0   0  0.50 0.08
   60 G     1   1   1  -1  -2   0  -1   1  -1  -3  -3   2  -2  -2   2   1  -1   4  -2  -2   15   8   9   0   0   0   0  13   0   0   0  20   0   0  13  14   0   9   0   0  0.30 0.04
   61 Q     0  -1   3   3  -2   2   0  -1  -1  -2  -3   0  -2  -3  -2   1   2  -3  -2  -2    9   0  21  20   0  13   0   0   0   0   0   0   0   0   0   9  28   0   0   0  0.34 0.05
   62 W    -1  -2  -1   0  -2  -2  -2  -3  -3  -1  -2  -2  -1  -1  -2   0   4   8   0   1    0   0   0   8   0   0   0   0   0   0   0   0   0   0   0   0  45  34   0  13  0.79 0.10
   63 F    -2  -3  -4  -4  -2  -3  -3  -4  -3   2   4  -3   1   2  -3  -3  -2  -2   0   1    0   0   0   0   0   0   0   0   0  15  72   0   0  13   0   0   0   0   0   0  0.50 0.07
   64 R     1   1  -3  -3  -1  -2  -2  -3  -3   3   0  -1   0  -1  -3  -1  -1  -3  -2   3   15  13   0   0   0   0   0   0   0  37   0   0   0   0   0   0   0   0   0  36  0.25 0.06
   65 D    -2  -1   5   4  -3   0   0  -1   0  -3  -3  -1  -2  -3  -2   0  -1  -3  -2  -3    1   1  51  37   0   1   1   1   0   1   1   1   0   1   1   1   1   0   0   1  0.65 0.07
   66 R    -1   1  -2  -2  -2   1  -1  -2  -1   1   0   1   2   0  -2  -1  -1   6   3   0    1  14   1   1   0  10   1   1   0  16   1   9  13   1   1   1   1  14  16   1  0.25 0.04
   67 C     0  -2  -2  -3   6  -2  -2  -2  -3   2   2  -2   0  -1  -2  -1  -1  -2  -2   1   10   1   1   1  28   1   1   1   0  28  23   1   0   1   1   1   1   0   0   1  0.31 0.05
   68 F    -1   4   1  -1  -3   2   0  -2   0  -2  -2   2  -1   1  -2  -1  -1  -2  -1  -2    1  37  10   1   0  13   1   1   0   1   1  16   0  13   1   1   1   0   0   1  0.31 0.05
   69 E     3  -1  -1  -1  -2   0   2   1  -1  -2  -2  -1  -2  -3  -1   2   0  -3  -2  -1   49   0   0   0   0   0  26   9   0   0   0   0   0   0   0  15   0   0   0   0  0.35 0.06
   70 A     1   2  -1  -2  -2   2  -1  -2   3  -1   2   0   0  -1  -2  -1  -1  -2  -1  -1   26  15   0   0   0  14   0   0  14   0  32   0   0   0   0   0   0   0   0   0  0.16 0.05
   71 G     1  -3  -1  -2  -2  -2  -3   5  -3   1  -2  -2  -1  -2  -2  -1  -1  -3  -3   1    9   0   0   0   0   0   0  62   0  14   0   0   0   0   0   0   0   0   0  15  0.55 0.07
   72 S     1  -1   1   0  -2   0   1   2  -1  -2  -2  -1  -2  -3  -2   2   0  -3  -2   0   15   0   9   0   0   0  14  21   0   0   0   0   0   0   0  32   0   0   0   9  0.26 0.04
   73 A     2   1  -1  -1  -2   0  -1   1  -2  -2  -2   2  -1  -3  -1   0   2  -3  -2  -1   26   9   0   0   0   0   0  14   0   0   0  24   0   0   0   0  28   0   0   0  0.26 0.05
   74 P     2  -2  -1   1  -2  -1  -1  -1  -2  -2   0  -1  -1  -3   5   1  -1  -3  -2  -1   30   0   0  13   0   0   0   0   0   0  14   0   0   0  34   9   0   0   0   0  0.54 0.06
   75 I     2  -3  -3  -3  -1  -2  -2  -2  -3   3   1  -2   0  -1  -2  -1  -1  -3  -2   2   31   0   0   0   0   0   0   0   0  31  13   0   0   0   0   0   0   0   0  25  0.25 0.05
   76 V    -1   1   1  -2  -2   2  -1  -2  -1   1  -1  -1   0   2  -2  -1   1  -2  -1   2    0   9  14   0   0  15   0   0   0   0   0   0   0  13   0   0   9   0   0  40  0.13 0.05
   77 F    -1  -3  -3  -3  -2  -3  -3   1  -3   3   0  -3   0   2  -3  -2  -1  -2  -1   3    0   0   0   0   0   0   0  14   0  23   0   0   0  13   0   0   0   0   0  51  0.29 0.06
   78 N    -1  -1   5   0  -2  -1  -1  -1  -1  -2  -2  -1  -2  -3  -2   0   3  -4  -2   0    0   0  59   0   0   0   0   0   0   0   0   0   0   0   0   0  34   0   0   8  0.57 0.10
   79 I    -2  -3  -4  -4  -2  -3  -3  -4  -4   4   2  -3   1  -1  -3  -3  -1  -3  -2   3    0   0   0   0   0   0   0   0   0  68  15   0   0   0   0   0   0   0   0  17  0.51 0.08
   80 T    -1   1   2  -1  -2  -1  -1  -2  -2  -2  -2  -1  -2  -3  -2   2   5  -3  -2  -1    0   7  13   0   0   0   0   0   0   0   0   0   0   0   0  18  62   0   0   0  0.51 0.12
   81 G    -1  -3  -1  -2  -3  -3  -3   6  -3   0  -3  -2  -2  -3  -3  -1  -2  -3  -3  -2    0   0   0   0   0   0   0  87   0  13   0   0   0   0   0   0   0   0   0   0  1.03 0.14
   82 D    -1  -1   4   2  -2  -1  -1  -2   3  -1  -2  -1  -1  -2  -2   0   1  -4  -1   1    0   0  31  18   0   0   0   0  14   0   0   0   0   0   0   0  14   0   0  24  0.31 0.08
   83 L    -1  -1  -2  -3  -2   1  -1  -3  -2   2   2   0   2  -1  -3  -2  -1  -3  -2   2    0   0   0   0   0  13   0   0   0  18  24  11   7   0   0   0   0   0   0  27  0.21 0.06
   84 V     1  -3  -3  -3  -1  -3  -3  -3  -3   3   1  -3   1  -1  -3  -2  -1  -3  -2   4   13   0   0   0   0   0   0   0   0  25  13   0   0   0   0   0   0   0   0  49  0.36 0.08
   85 S     2  -1  -1  -1  -2  -1  -1   1  -2   0  -2   1  -1  -3  -2   3   0  -3  -2  -1   20   0   0   0   0   0   0  11   0  13   0  14   0   0   0  42   0   0   0   0  0.25 0.08
   86 Y    -1  -1   1  -2  -2   1  -1   2   2   0  -2  -1  -1  -1  -2   0   1  -1   3  -1    0   0   6   0   0  11   0  26   6  14   0   0   0   0   0   7  11   0  18   0  0.19 0.06
   87 S     1  -2   1  -1  -1  -1  -1  -1  -2   0  -1  -1  -1  -2  -2   3   1  -3  -2   2   13   0   7   0   0   0   0   0   0   0   0   0   0   0   0  47   6   0   0  27  0.28 0.09
   88 K     1   0  -1  -1  -2  -1   0  -2  -1   0  -1   0  -1  -1  -2   1   2  -2   2   0   20   6   0   0   0   0   7   0   0  14   0   5   0   0   0  12  22   0  13   0  0.14 0.05
   89 D    -1  -2   2   1  -2  -1  -1   3  -2  -2   0  -1  -1  -2  -2   1   2  -3  -2  -2    0   0  18  11   0   0   0  30   0   0  13   0   0   0   0   7  20   0   0   0  0.29 0.06
   90 V     1  -2  -2  -2  -1  -2  -2  -2  -3   1  -1  -2   0  -2  -2   1   2  -3  -2   3   14   0   0   0   0   0   0   0   0   0   0   0   0   0   0  14  24   0   0  49  0.28 0.09
   91 P    -1  -3  -2  -2  -3  -2  -2   4  -3  -3  -3  -2  -3   1   6  -1  -2  -3  -2  -3    0   0   0   0   0   0   0  38   0   0   0   0   0  13  49   0   0   0   0   0  1.06 0.12
   92 L     1  -3  -2  -3   6  -2  -3  -2  -3   0   0  -2  -1   1  -2  -1   2  -2  -1   1   13   0   0   0  31   0   0   0   0   0  11   0   0  11   0   0  21   0   0  13  0.37 0.08
   93 F     0  -1  -2  -3  -2  -2  -2  -3  -2   0   2   1   0   4  -3  -1   1  -1   0  -1   11   0   0   0   0   0   0   0   0   0  31  13   0  31   0   0  14   0   0   0  0.21 0.07
   94 F    -2  -2   3   1  -3  -1   2  -2  -1   0   0  -1  -1   3  -3  -1  -1  -2   0   0    0   0  26   5   0   0  20   0   0   0  14   0   0  22   0   0   0   0   0  13  0.19 0.07
   95 M    -2  -3  -2  -3  -2  -2  -3  -3  -2   1   0  -3   2   5  -3  -1   2  -1   1   0    0   0   0   0   0   0   0   0   0  14   0   0  11  51   0   0  25   0   0   0  0.48 0.11
   96 Y    -1  -2   2   2  -3  -1  -1  -2  -1  -1  -2  -1  -2   0   4   0   0  -1   3   0    0   0  14  13   0   0   0   0   0   0   0   0   0   0  24   6   7   0  24  11  0.40 0.08
   97 G     2  -2  -1   2  -2  -1  -1   2  -1  -3  -3  -1  -2  -1  -2   2   0  -2   2  -2   26   0   0  14   0   0   0  22   0   0   0   0   0   0   0  24   0   0  13   0  0.30 0.07
   98 D     1  -1   2   2  -2   0   1  -1  -1  -3  -3  -1  -2  -3   3   2   1  -3  -2  -2   20   0  13  18   0   0   7   0   0   0   0   0   0   0  14  17  11   0   0   0  0.35 0.06
   99 T    -1  -2  -2  -3  -2  -2  -2  -3  -2   0   3  -2   0   0   1   0   1   5   2  -1    0   0   0   0   0   0   0   0   0   0  45   0   0   0   6  14  11  11  13   0  0.30 0.08
  100 P    -1  -2   2  -1  -2  -1  -1  -2  -2  -2  -2  -1  -2   2   5   1   2  -2  -1  -2    0   0  14   0   0   0   0   0   0   0   0   0   0  19  31  18  18   0   0   0  0.52 0.09
  101 N    -1  -2   4   0   2  -1   1   1  -1   1   0  -1  -1  -2  -3  -1  -1  -3  -2  -1    0   0  42   0   7   0  11  13   0  13  14   0   0   0   0   0   0   0   0   0  0.25 0.08
  102 E     1  -1  -1   0  -2   0   3  -2  -1  -3  -3   0  -2  -3   4   1   1  -3  -3  -2   19   0   0   0   0   0  38   0   0   0   0   0   0   0  25   6  13   0   0   0  0.54 0.09
  103 Y     0  -2  -2  -2  -3  -1   1   1   0  -2  -2  -2  -2   2  -3  -1  -2   1   6  -2   13   0   0   0   0   0  14  11   0   0   0   0   0   6   0   0   0   0  56   0  0.58 0.12
  104 V    -1   1  -2  -2  -2  -1   1  -3  -2   2   0  -1   3  -1  -3  -2  -1  -3  -2   3    0  11   0   0   0   0  13   0   0  13   0   0  18   0   0   0   0   0   0  45  0.25 0.09
  105 V     0  -1  -1  -2  -2   0  -1  -2   3   1   0  -1   0  -2  -2   2   2  -3  -1   1    0   0   0   0   0   6   0   0  12   9   7   0   0   0   0  25  23   0   0  18  0.17 0.06
  106 L    -2  -2  -3  -3  -2   1  -2  -4  -3   3   4  -2   1   0  -3  -2  -1  -2  -2   1    0   0   0   0   0  14   0   0   0  24  62   0   0   0   0   0   0   0   0   0  0.41 0.10
  107 N    -2   1   3  -1  -2  -1  -1  -2   0   1  -1   1  -1   0  -2  -1   1  -1   4   0    0   8  24   0   0   0   0   0   0  14   0   9   0   0   0   0  11   0  26   7  0.21 0.07
  108 I     1  -3   0  -3  -2  -2  -3  -3  -3   4   1  -2   0  -1  -3  -2  -1  -3  -2   3   14   0   9   0   0   0   0   0   0  58   0   0   0   0   0   0   0   0   0  20  0.34 0.10
  109 H    -2  -2   5   0  -3  -1  -1   0   2   1  -2  -1  -1  -2   2  -1  -1  -3   1  -1    0   0  47   0   0   0   0   6   5  21   0   0   0   0  13   0   0   0   9   0  0.37 0.10
  110 G     1  -2   3   2  -2  -1  -1   1  -1  -1  -2  -1  -2  -3   1   2   0  -3  -2   0    8   0  21  13   0   0   0  11   0   0   0   0   0   0   6  28   0   0   0  14  0.24 0.06
  111 G     0  -1   4   0  -2  -1  -1   4   3  -3  -3  -1  -2  -3  -2   0  -1  -3  -2  -2   10   1  32   1   0   1   1  37  12   1   1   1   0   0   1   1   1   0   0   1  0.44 0.07
  112 V     0  -2  -2  -2  -1   0  -2   2  -2   2   0  -2   0  -1  -2  -1  -1  -2  -2   3    1   1   1   1   0   7   1  22   0   9   1   1   0   0   1   1   1   0   0  52  0.21 0.07
  113 H    -1  -1  -1  -2  -2  -1  -1  -2   4   0  -1  -1   2   0  -2  -1   1   5   3   1    2   1   1   1   0   1   1   2  16   1   2   1  11   1   1   2  11  12  18  15  0.26 0.05
  114 M    -1  -2  -2  -2  -1  -2  -2  -2  -2   2   2  -2   2  -1  -2  -1   1  -2  -1   2    1   1   1   1   0   1   1   1   0  21  15   1  11   1   1   1  14   0   1  26  0.18 0.04
  115 W    -2  -2   1  -2  -2  -2  -2  -3  -1  -1   0  -2  -1   2  -3  -2  -2   8   3   0    1   0  14   0   0   0   1   1   0   0  12   0   0  12   0   1   0  37  10  10  0.79 0.10
  116 G     0  -2   2  -1  -2  -1  -2   5  -1  -3  -3  -1  -2  -3  -2   0  -1  -2  -2  -3    1   1  14   1   0   1   1  69   0   1   2   1   0   1   1   1   1   0   1   1  0.72 0.08
  117 R     1   5  -1  -1  -2   0   0  -2  -1  -2  -2   2  -1  -2  -2  -1  -1  -2  -2  -2   14  60   1   1   0   1   1   1   0   1   2  10   0   1   1   1   1   0   1   1  0.50 0.08
  118 G     0  -2  -1  -1   4  -2  -2   5  -2  -3  -2  -2  -2  -2  -2  -1  -1  -2  -2  -2    2   1   1   1  14   1   1  67   0   1   2   1   0   1   1   1   1   0   1   1  0.66 0.06
  119 G     0  -2  -1  -1  -2  -2  -2   5  -2  -3  -3  -1  -2  -3  -2   0   1  -2  -3  -2    1   1   1   1   0   1   1  74   0   1   1   1   0   1   1   1  15   0   0   1  0.75 0.08
  120 N    -2   3   5   2  -3   0   0  -1   0  -3  -3   0  -2  -3  -2   0  -1  -3  -2  -3    1  28  48  13   0   1   1   1   0   1   1   1   0   1   1   1   1   0   0   1  0.49 0.07
  121 G     0   1  -1  -1  -3  -1  -2   5  -2  -3  -3  -1  -2  -3  -2  -1  -2  -2  -3  -3    1  15   1   1   0   1   1  74   0   1   1   1   0   0   1   1   1   0   0   1  0.77 0.08
  122 G     2   1  -1  -1  -2  -1  -1   4  -2  -2  -2  -1  -2  -3  -2   0  -1  -2  -2  -2   31  14   1   1   0   1   1  46   0   1   1   1   0   0   1   1   1   0   0   1  0.43 0.05
  123 Y     1  -1  -1  -1  -2   1  -1   4  -1  -2  -2  -1  -2  -2  -1   1   1  -2   1  -2    9   1   1   1   0  12   1  42   0   1   1   1   0   0   1  10  11   0   8   1  0.33 0.04
  124 T     1  -1   3  -1  -2  -1  -1   4  -1  -3  -3  -1  -2  -3  -2   0   0  -3  -2  -2   11   1  24   1   0   1   1  47   0   1   1   1   0   0   1   1   8   0   0   1  0.46 0.05
  125 H     1  -1   3   0  -2  -1  -1   3   2  -3  -3  -1  -2  -2  -2   1   0  -3  -2  -2   10   1  32   1   0   1   1  29   8   1   1   1   0   0   1  12   1   0   0   1  0.36 0.05
  126 S     1  -1   1   2  -2  -1   0   3  -1  -2  -2  -1  -2  -2  -1   2   0  -3  -2  -2   17   1   8  14   0   1   1  26   0   1   1   1   0   1   1  26   1   0   0   1  0.30 0.03
  127 G     0  -2   1  -1  -3  -2  -2   5  -2  -4  -4  -2  -3  -3  -2   0   1  -3  -3  -3    0   0  10   0   0   0   0  77   0   0   0   0   0   0   0   0  13   0   0   0  0.87 0.09
  128 G     0  -2   1   1  -3   1  -1   4  -1  -3  -3  -1  -2   0  -2   0  -1  -2  -2  -3    8   0   6   7   0  12   0  51   0   0   0   0   0   8   0   8   0   0   0   0  0.45 0.05
  129 D     2  -1   3   1  -2   1  -1  -1  -1  -3  -3  -1  -2  -2  -2   0  -1   7  -1  -2   31   0  27   8   0  10   0   0   0   0   0   0   0   0   0   0   0  25   0   0  0.55 0.08
  130 G    -1   1   2  -1  -3  -1  -1   2   0  -3  -3  -1  -2   0   2   1  -1  -1   3  -2    0  12  15   0   0   0   0  23   0   0   0   0   0   0  13  14   0   0  23   0  0.32 0.05
  131 N     0  -1   3   0  -3  -1  -1   3  -1  -3  -3   0  -2  -3   4   1  -1  -3  -3  -3    6   0  29   0   0   0   0  27   0   0   0   7   0   0  21  10   0   0   0   0  0.51 0.05
  132 G     2  -2   1  -1  -2  -2  -2   5  -2  -3  -3  -1  -2  -3  -2   0  -1  -3  -3  -2   21   0   9   0   0   0   0  64   0   0   1   0   0   0   0   1   0   0   0   0  0.67 0.07
  133 T     2  -1   0  -1  -2   1   1   1  -1  -2  -2   1  -1  -3  -1   1   1  -2  -2  -1   22   0   0   0   0  10  12  14   0   0   1   8   0   0   0  14  16   0   0   0  0.22 0.03
  134 Q     1  -1   1  -1  -2   1  -1   1  -1  -1  -2   1  -1  -3   3   0  -1  -3  -2  -1   22   0  10   0   0   8   0  14   0   9   1  14   0   0  19   1   0   0   0   0  0.26 0.03
  135 G    -1  -2   3   2  -3  -1  -1   5  -1  -3  -4  -1  -3  -3  -2   0  -1  -3  -3  -3    1   0  22  14   0   0   0  58   0   0   1   0   0   0   0   1   0   0   0   0  0.66 0.07
  136 G     0  -2   1  -1  -3  -2  -2   5  -1  -3  -3  -2  -3  -2  -2  -1  -2  -2   2  -3    1   0   9   0   0   0   0  73   0   0   1   0   0   0   0   1   0   0  12   0  0.77 0.08
  137 H    -1  -1  -1  -1  -2  -1   1   0   4  -1   0  -1  -1  -2   3   0   2  -3  -1   0    0   0   0   0   0   0  13   8  19   0  13   0   0   0  17   0  22   0   0   7  0.24 0.05
  138 V     3  -2  -2   1  -1  -2  -1  -1  -2   0  -1  -2  -1   2  -2   0  -1  -2  -1   0   57   0   0  13   0   0   0   0   0   8   0   0   0  13   0   0   0   0   0   8  0.22 0.06
  139 I    -1  -3  -3  -3  -2  -3  -3   1  -3   5   1  -3   0  -1  -3  -2  -1  -3  -2   2    1   0   0   0   0   0   1  14   0  79   1   0   0   0   0   1   0   0   0   1  0.38 0.08
  140 Q     1  -1   2   2  -2   3   0  -1  -1  -2   0   0  -1  -2  -1   0   1  -2  -2  -1   14   0  14  14   0  27   1   1   0   0  11   0   0   0   0   1  15   0   0   1  0.20 0.04
  141 N    -2  -1   5   2  -3  -1   0  -1   0  -3  -3  -1  -2  -3   2   0  -1  -4  -2  -3    1   0  65  14   0   0   1   1   0   0   1   0   0   0  14   1   0   0   0   1  0.69 0.08
  142 D     1   0   0   2  -2   1   0   2  -1  -2  -2   1  -2  -3  -1   1   0  -3  -2  -2   21   0   0  20   0   8   1  15   0   0   1  14   0   0   0  17   0   0   0   1  0.24 0.03
  143 I    -2  -3  -3  -3  -2  -3  -3  -3  -2   3   2  -3   1   3  -3  -2  -1  -1   0   1    1   0   0   0   0   0   1   1   0  44  26   0   0  23   0   1   0   0   0   1  0.34 0.05
  144 G    -1  -2  -1  -2  -3  -2  -2   5  -1  -4  -3   1  -3  -2  -3  -1  -2  -2   2  -3    0   0   0   0   0   0   0  73   0   0   0  13   0   0   0   0   0   0  13   0  0.78 0.09
  145 G     0  -2   1  -1  -2  -1  -1   3  -2  -2  -2  -1  -2  -3  -2   1   4  -3  -2  -1    0   0   8   0   0   0   0  29   0   0   0   0   0   0   0   7  56   0   0   0  0.47 0.08
  146 R    -1   5  -1  -2  -3   1   0  -2  -1  -3  -3   3  -2  -3  -2   1  -1  -3  -2  -3    0  61   0   0   0   0   0   0   0   0   0  26   0   0   0  13   0   0   0   0  0.67 0.09
  147 L    -1  -3  -4  -4  -2  -3  -3  -4  -3   2   4  -3   1   0  -3  -3  -1  -2  -1   2    0   0   0   0   0   0   0   0   0   0  73   0   0   0   0   0   0   0   0  27  0.50 0.08
  148 R     0   5  -1  -2  -3   0  -1  -2  -1   0  -2   1  -1  -3  -2  -1   1  -3  -2  -1   13  62   0   0   0   0   0   0   0  12   0   0   0   0   0   0  13   0   0   0  0.45 0.08
  149 I    -2  -4  -4  -4  -2  -3  -4  -4  -4   6   1  -3   1  -1  -3  -3  -1  -3  -2   2    0   0   0   0   0   0   0   0   0 100   0   0   0   0   0   0   0   0   0   0  0.72 0.12
  150 W    -1   1   3   0  -2   1   1  -2  -1   0  -2   0  -1  -2  -2   1   1   4  -1  -1    0  12  27   0   0   7  10   0   0  13   0   0   0   0   0   7  16   8   0   0  0.23 0.05
  151 N    -2  -1   7   1  -3  -1  -1  -1   3  -4  -4  -1  -3  -3  -3   0  -1  -4  -2  -4    0   0  92   0   0   0   0   0   8   0   0   0   0   0   0   0   0   0   0   0  1.03 0.13
  152 Y     0   1   5   0  -3  -1  -1  -1   3  -2   0  -1  -1  -1  -2   0  -1  -2   1  -2    8   8  52   0   0   0   0   0  12   0  13   0   0   0   0   0   0   0   8   0  0.36 0.07
  153 G     1  -3  -1  -2  -3  -2  -2   6  -3  -4  -4  -2  -3  -4  -2  -1  -2  -3  -3  -3   10   0   0   0   0   0   0  90   0   0   0   0   0   0   0   0   0   0   0   0  1.12 0.10
  154 V     2  -2  -1  -2  -1   0  -1  -2  -2   2  -1  -1   0  -2  -2   0   3  -3  -2   1   26   0   0   0   0   8   0   0   0  19   0   0   0   0   0   0  34   0   0  14  0.21 0.05
  155 I    -2  -4  -4  -4  -2  -3  -4  -4  -4   6   1  -3   1  -1  -3  -3  -1  -3  -2   2    0   0   0   0   0   0   0   0   0 100   0   0   0   0   0   0   0   0   0   0  0.72 0.12
  156 A     4  -2  -2  -2   3  -2  -2   3  -2  -2  -2  -1  -2  -3  -2   0  -1  -3  -3  -1   68   0   0   0  10   0   0  22   0   0   0   0   0   0   0   0   0   0   0   0  0.49 0.08
  157 A     1  -3  -1  -2  -3  -2  -3   6  -3  -4  -4  -2  -3  -4  -3  -1  -2  -3  -4  -3    9   0   0   0   0   0   0  91   0   0   0   0   0   0   0   0   0   0   0   0  1.16 0.11
  158 G     0  -2  -1  -1  -2  -2  -2   6  -2  -3  -3  -1  -2  -3  -2  -1  -1  -2  -2  -3    2   1   1   1   0   1   1  81   0   1   2   1   0   1   1   1   1   0   1   1  0.87 0.07
  159 G     0  -2  -1  -1  -2  -2  -2   6  -2  -3  -3  -1  -2  -2  -2   0  -1  -2  -2  -2    2   1   1   1   0   1   1  80   0   1   2   1   0   1   1   2   1   0   1   1  0.83 0.07
  160 G     0  -2  -1  -2  -3  -2  -2   6  -2  -3  -3  -2  -3  -3  -2  -1  -2  -2  -3  -3    1   1   1   1   0   1   1  88   0   1   1   1   0   1   1   1   1   0   0   1  1.03 0.09
  161 G     1  -2  -1  -1  -2  -2  -2   5  -2  -3  -3  -2  -2  -3  -2   0  -1  -2  -3  -3   10   1   1   1   0   1   1  79   0   1   1   1   0   1   1   1   1   0   0   1  0.87 0.08
  162 G     0  -2  -1  -2  -2  -2  -2   5  -2  -2  -3  -2  -2  -3  -2  -1  -2  -2  -3  -1    1   1   1   1   0   1   1  79   0   1   1   1   0   1   1   1   1   0   0  10  0.81 0.08
  163 G     0  -2  -1  -2  -3  -2  -2   6  -2  -3  -3  -2  -3  -3  -2  -1  -2  -2  -3  -3    1   1   1   1   0   1   1  88   0   1   1   1   0   1   1   1   1   0   0   1  1.03 0.09
  164 G     1  -2  -1  -1  -2  -1  -2   4  -2  -1  -2  -1  -2  -2  -2   1  -1  -2  -2   0   10   1   1   1   0   1   1  55   0   1   1   1   0   1   1  12   1   0   0  13  0.47 0.05
  165 I     0  -2  -1  -1  -2  -2  -2   5  -2   0  -2  -1  -1  -2  -2   1  -1  -2  -2   0    1   1   1   1   0   1   1  57   0  10   1   1   0   1   1  12   1   0   0  11  0.45 0.05
  166 A     1  -1   2  -1  -2   1  -1   1   0  -1  -2  -1  -1  -1  -2   0   1  -1   2   0   21   0  19   0   0  10   0  13   0   0   0   0   0   0   0   0   9   0  17  12  0.15 0.04
  167 Y    -1   1   1  -2  -3  -1  -2   1   3  -1   0  -1  -1   1  -3  -1  -1   0   5   0    0   9   9   0   0   0   0  13  11   0  10   0   0   0   0   0   0   0  35  12  0.25 0.06
  168 R    -1   2   1   1  -2   0  -1   2  -1  -3  -3   1  -2  -3  -2   1   2  -3  -2  -2    0  21   9   8   0   0   0  23   0   0   0   9   0   0   0   9  22   0   0   0  0.29 0.04
  169 P    -1  -1  -1  -1  -3   0   2   1  -2  -2  -1   1  -1  -3   4   1   0  -3  -2  -2    0   0   0   0   0   0  20  13   0   0  12   9   0   0  27  10   8   0   0   0  0.39 0.05
  170 H    -1  -1  -1  -2  -2  -1  -2   1   2   1   1   1   0   1  -2  -1   0  -2  -1   1    0   0   0   0   0   0   0  13   9  11  21  17   0   9   0   0   9   0   0  10  0.06 0.03
  171 S     1  -2  -1  -2  -2  -1  -2   1  -1   1  -1  -1   2   0  -2   2   0  -1   3   1    9   0   0   0   0   0   0  12   0   9   0   0  13   0   0  29   0   0  17  10  0.14 0.05
  172 G     1  -1   1  -1  -2   1  -1   2  -1   0  -2  -1  -1   1  -2   2   0  -2  -1  -1   12   0   8   0   0   9   0  21   0   9   0   0   0   9   0  32   0   0   0   0  0.19 0.04
  173 A     1  -2   1  -2  -2  -1  -2   4  -2  -2  -1  -1   3  -2  -2   1  -1  -3  -3  -2    9   0   8   0   0   0   0  49   0   0   0   0  21   0   0  13   0   0   0   0  0.45 0.07
  174 K     1   1  -1  -2  -2  -1  -1   3  -1  -1  -2   1  -1  -1  -2   0  -1  -2   2  -1   22  11   0   0   0   0   0  29   0   8   0  18   0   0   0   0   0   0  12   0  0.22 0.05
  175 W     0  -1  -1  -1  -2  -1   1   2  -2  -1   1   0   0  -1  -2   1  -1   4  -1   0    0   0   0   0   0   0  11  19   0   0  22   8   0   0   0  22   0   9   0   9  0.15 0.04
  176 Q    -1  -1   2  -1  -2   1  -1   3   0  -2  -1  -1  -1  -1  -2   1   0  -1   3  -2    0   0  13   0   0   9   0  29   0   0   9   0   0   0   0  12   9   0  19   0  0.23 0.05
  177 D    -1  -3  -1   1  -3  -2  -2   4  -1  -1  -2  -2  -2   2  -3  -1  -2  -1   3  -2    0   0   0   9   0   0   0  52   0   8   0   0   0   9   0   0   0   0  22   0  0.49 0.07
  178 I    -1   3  -1  -2  -2  -1  -2   4  -2   0  -2   0  -1  -3  -2   0  -1  -3  -2   0    0  29   0   0   0   0   0  41   0   9   0   0   0   0   0   8   0   0   0  13  0.34 0.06
  179 G     1  -3  -1  -2  -3  -2  -2   4  -3  -4  -4  -2  -3  -4   5  -1  -2  -3  -3  -3    9   0   0   0   0   0   0  54   0   0   0   0   0   0  37   0   0   0   0   0  1.01 0.09
  180 G    -1  -2  -1  -2  -2  -2  -2   5  -2  -2  -2  -2  -2   4  -2  -1  -2  -1   0  -2    1   1   1   1   0   0   1  61   0   1   1   1   0  29   1   1   1   0   0   1  0.62 0.07
  181 G     0  -3  -1  -2  -3  -2  -3   6  -3  -4  -4  -2  -3  -4  -3  -1  -2  -3  -4  -4    0   0   0   0   0   0   0 100   0   0   0   0   0   0   0   0   0   0   0   0  1.35 0.12
  182 G     2  -2  -1  -2  -2  -2  -2   5  -2  -2  -3  -2  -2  -3  -2   0  -1  -3  -3   0   32   0   0   0   0   0   0  59   0   0   0   0   0   0   0   0   0   0   0   9  0.64 0.08
  183 G     2   0  -1  -2  -2  -2  -2   5  -2  -3  -3  -1  -2   1  -2   0  -2  -2  -2  -2   22   9   0   0   0   0   0  61   0   0   0   0   0   9   0   0   0   0   0   0  0.60 0.07
  184 R    -1   2  -1  -2  -3   2  -1   2  -1  -3  -2   0  -2  -1   4  -1  -1  -2   2  -2    1  18   0   1   0  13   1  19   0   1   1   1   0   0  30   1   1   0  12   1  0.48 0.05
  185 P    -1  -2  -2  -2  -2  -1  -2  -2  -2   0   1  -1   2   1   4   0   1  -2  -1  -1    1   1   0   1   0   0   1   1   0   1  24   1   9   9  31  10  10   0   0   1  0.40 0.04
  186 F    -1  -2  -1  -2  -2  -2  -2   3  -2  -1   0   0  -1   3  -3   0  -1  -1   0  -2    0   0   0   0   0   0   0  39   0   0  13   9   0  29   0   9   0   0   0   0  0.32 0.06
  187 G     1  -2  -1  -2  -2  -2  -2   4  -2   0   0  -2  -1  -2  -2   1   1  -3  -2  -1   18   0   0   0   0   0   0  42   0  10  11   0   0   0   0   9   9   0   0   0  0.32 0.05
  188 G     3  -2  -1  -2  -2  -1  -2   3   2   0  -2  -2  -1  -1  -2   0  -1  -2   1  -1   40   0   0   0   0   0   0  30   9  12   0   0   0   0   0   0   0   0   9   0  0.29 0.06
  189 A     2  -2  -1  -2  -2  -1  -2   4  -2  -2  -2  -1   1  -3   2   1  -1  -3  -3  -2   30   0   0   0   0   0   0  41   0   0   0   0   9   0   9  10   0   0   0   0  0.45 0.06
  190 G     1   1   0  -1  -2  -1  -1   4  -2  -3  -3  -1  -2  -3  -2   2   0  -3  -3  -3    9  11   0   0   0   0   0  48   0   0   0   0   0   0   0  32   0   0   0   0  0.53 0.07
  191 G     1   1   0  -1  -2  -1  -1   4  -2  -3  -3  -1  -2  -3  -2   2   1  -3  -3  -2   11  10   0   0   0   0   0  40   0   0   0   0   0   0   0  30   8   0   0   0  0.44 0.06
  192 G     0  -2   2   1  -3  -2  -1   4  -2  -3  -3  -2  -2   0   2   0  -1  -3  -2  -3    9   0  13  10   0   0   0  48   0   0   0   0   0   9  11   0   0   0   0   0  0.48 0.06
  193 R     0   1  -1  -2  -2  -1   0   0   0  -2  -2   0  -1   3  -2   0  -1   0   4  -2    9   9   0   0   0   0   9   9   0   0   0   8   0  22   0  10   0   0  23   0  0.22 0.05
  194 Y     1  -1  -1  -2  -2   1  -1   1   3  -2  -1  -1   2   0  -2   1   1  -1   3  -1   20   0   0   0   0   9   0   9  10   0   0   0  12   0   0   8   9   0  22   0  0.18 0.05
  195 S     2  -1   3   1  -2  -1  -1   2   3  -3  -3  -1  -2  -3  -2   1  -1  -3  -2  -2   32   0  21  10   0   0   0  17  12   0   0   0   0   0   0   9   0   0   0   0  0.31 0.05
  196 G     1  -3  -1  -2  -3  -2  -3   6  -3  -4  -4  -2  -3  -4  -3  -1  -2  -3  -4  -3    9   0   0   0   0   0   0  91   0   0   0   0   0   0   0   0   0   0   0   0  1.17 0.11
  197 G     1  -1   2  -1  -1  -1  -1   1  -1   0  -2  -1  -1  -2   2   2   1  -3  -2  -1   10   0  12   1   0   0   1  10   0  11   1   1   0   0  14  30   9   0   0   1  0.23 0.03
  198 A     3  -1   3   3  -2  -1   0  -1  -1  -2  -2  -1  -2  -3  -1   0  -1  -3  -2  -1   51   0  21  20   0   0   1   1   0   0   1   1   0   0   0   1   1   0   0   1  0.34 0.06
  199 A     4  -2  -1  -2  -1  -1  -1   3  -2  -2  -2  -1  -2  -3  -1   0  -1  -3  -2  -1   62   0   0   1   0   0   1  30   0   0   1   1   0   0   0   1   1   0   0   1  0.47 0.07
  200 S     0  -1   0  -1  -1  -1  -1  -1  -2  -2  -2  -1  -2  -3  -1   4   4  -3  -2  -1    0   0   0   0   0   0   0   0   0   0   0   0   0   0   0  47  53   0   0   0  0.57 0.10
  201 Y    -2  -3  -4  -4  -2  -3  -3  -4  -3   4   3  -3   1   0  -3  -3  -1  -2   2   1    0   0   0   0   0   0   0   0   0  50  41   0   0   0   0   0   0   0   9   0  0.45 0.07
  202 E     0  -1   0   2  -2   0   1  -1  -2  -2  -2  -1  -2  -3  -1   3   4  -3  -2  -1    0   0   0  11   0   0   9   0   0   0   0   0   0   0   0  35  44   0   0   0  0.43 0.08
  203 G     3  -2   1  -1  -2  -1   1   2  -2  -2  -3  -1  -2  -3  -2   0  -1  -3  -2  -1   58   0  11   0   0   0  12  18   0   0   0   0   0   0   0   0   0   0   0   0  0.38 0.07
  204 P    -1  -3  -2  -2  -3  -2  -2   1  -3  -4  -4  -2  -3  -4   8  -1  -2  -4  -4  -3    0   0   0   0   0   0   0  12   0   0   0   0   0   0  88   0   0   0   0   0  1.95 0.14
  205 G     0  -3  -1  -2  -3  -2  -3   6  -3  -4  -4  -2  -3  -4  -3  -1  -2  -3  -4  -4    0   0   0   0   0   0   0 100   0   0   0   0   0   0   0   0   0   0   0   0  1.35 0.12
  206 G     3  -1  -1  -2  -2  -1  -1   1  -2  -2  -2   2  -2  -3   2   1   0  -3  -2  -1   51   0   0   0   0   0   0   9   0   0   0  18   0   0  10  11   0   0   0   0  0.35 0.06
  207 G     0  -3  -1  -2  -3  -2  -2   6  -3  -4  -4  -2  -3  -4  -2   0   1  -3  -3  -3    0   0   0   0   0   0   0  88   0   0   0   0   0   0   0   0  12   0   0   0  1.05 0.09
  208 Y     1  -2  -1  -2  -2  -1  -1   2  -1  -2  -2  -1  -2   0   2   1   1  -1   3  -2   13   0   0   0   0   0   0  21   0   0   0   0   0   0  12  20  10   0  23   0  0.31 0.04
  209 D     1  -2  -1   1  -2  -1   1  -2  -2   0  -1  -1  -1  -2   2   1   1  -3  -2   2   13   0   0  10   0   0  13   0   0   0   0   0   0   0  12  10  11   0   0  30  0.19 0.03
  210 Y    -1   1   1  -2  -2  -1  -2   0   0   1   0  -1  -1   1  -3  -1   1   0   4  -1    0  12  10   0   0   0   0  11   0  13  10   0   0   0   0   0  11   0  33   0  0.18 0.05
  211 G     1  -2  -1  -1  -2  -1   0   4  -2  -2   0  -1  -1  -2  -2   0   1  -3  -3  -2   13   0   0   0   0   0  11  51   0   0  13   0   0   0   0   0  12   0   0   0  0.40 0.05
  212 N     0  -2   3  -1  -2  -1  -1   3  -1  -1  -2  -1  -2  -3   2   1   1  -3  -3  -2    0   0  22   0   0   0   0  37   0  10   0   0   0   0  11  10  10   0   0   0  0.38 0.04
  213 A     1  -1  -1  -1  -2   0   1  -1  -1  -1  -2   1  -1  -1  -1   2   1  -2   1   0   20   0   0   0   0   0  11   0   0   0   0  13   0   0   0  21  12   0  10  13  0.15 0.03
  214 H    -1  -1   1  -1  -2   1  -1   1   4  -1   0  -1  -1   1  -2  -1   1  -2   0   0    0   0  10   0   0  13   0  13  21   0  11   0   0  10   0   0  12   0   0  10  0.13 0.04
  215 S     0  -2  -1  -1  -3  -2  -2   6  -2  -4  -4  -2  -3  -3  -2   2  -1  -3  -3  -3    0   0   0   0   0   0   0  79   0   0   0   0   0   0   0  21   0   0   0   0  0.94 0.08
  216 G     2  -3  -1  -2  -2  -2  -2   6  -2  -4  -4  -2  -3  -3  -2   0  -2  -3  -3  -3   21   0   0   0   0   0   0  79   0   0   0   0   0   0   0   0   0   0   0   0  0.94 0.08
  217 A     2  -1   1  -1  -2  -1  -1   2  -1  -3  -3   0  -2  -2  -2   2   0   5  -1  -2   22   0  10   0   0   0   0  21   0   0   0  10   0   0   0  24   0  13   0   0  0.36 0.04
  218 G     0  -3  -1  -2  -3  -2  -3   6  -3  -4  -4  -2  -3  -4  -3  -1  -2  -3  -4  -4    0   0   0   0   0   0   0 100   0   0   0   0   0   0   0   0   0   0   0   0  1.31 0.11
  219 G     1  -2   1  -1  -3   1  -1   5  -2  -4  -4  -1  -2  -3  -2   0  -1  -3  -3  -3   11   0  10   0   0  13   0  66   0   0   0   0   0   0   0   0   0   0   0   0  0.71 0.07
  220 N    -2  -2   3   4  -3  -1   0   1  -1  -3  -1  -1  -2  -2  -2  -1  -1   5  -2  -3    0   0  23  45   0   0   0  11   0   0  10   0   0   0   0   0   0  11   0   0  0.51 0.06
  221 A     2  -2  -2  -2  -2  -2  -2   3  -2   0   1  -2   0  -2  -2   0  -1  -3  -2   1   31   0   0   0   0   0   0  34   0   0  23   0   0   0   0   0   0   0   0  12  0.27 0.04
  222 G     2  -2   1  -1  -2  -2  -2   5  -2  -3  -3  -1  -2  -3  -2   0  -1  -3  -3  -2   34   0  11   0   0   0   0  55   0   0   0   0   0   0   0   0   0   0   0   0  0.62 0.06
  223 A     2   1   2  -1  -2   3   0  -1  -1  -1  -2   0  -1  -3  -2   1   0  -3  -2   0   30  12  13   0   0  24   0   0   0   0   0   0   0   0   0  10   0   0   0  11  0.22 0.04
  224 A     3  -2  -1   1  -1  -1  -1   2  -2  -2  -2  -1  -2  -3   2   0  -1  -3  -2  -1   42   1   1  14   0   1   1  22   0   1   1   1   0   1  13   1   1   0   0   1  0.33 0.04
  225 G     1  -2  -1  -1  -2   1  -1   5  -2  -3  -3  -1  -2  -3  -2   0  -1  -2  -2  -2   12   1   1   1   0  11   1  67   0   1   1   1   0   1   1   1   1   0   0   1  0.65 0.05
  226 Q     3  -1  -1  -2  -1   1  -1   1  -1  -1  -1  -1  -1   1  -1   0  -1  -2  -1   0   44   1   1   1   0  11   1  11   0   1   1   1   0  13   1   1   1   0   0  12  0.15 0.04
  227 N     1  -1   1   2  -2   0   0   1  -1  -2  -1   1   1  -2  -1   1   0  -2  -2  -1   21   1  11  14   0   1   1  12   0   1   1  10  11   1   1  13   1   0   0   1  0.14 0.02
  228 A     2  -1  -1  -1   3   1  -1   3  -1  -2  -2  -1  -1  -2  -1   0  -1  -2  -2  -1   22   1   1   1  10  11   2  36   1   1   2   1   1   1   1   2   2   0   1   2  0.28 0.03
  229 W    -1   1   1  -1  -2   1  -1  -1  -1  -1  -1   0  -1   1  -1   0   1   5   0   0    2  12  11   1   0  11   2   2   1   1   2   1   1  11   1   2  14  11   1  13  0.13 0.02
  230 S     0  -1   2  -1   3  -1  -1   1  -1   0  -1  -1  -1  -2  -1   2   0  -2  -2  -1    2   1  13   1  11   1   2  13   1  11   2   1   1   1   1  32   2   0   1   2  0.15 0.02
  231 D     0   1   2   1  -2   1   0   2  -1  -2  -2   0  -1  -2  -1   1   0  -2  -2  -2    2  11  12  12   0  11   2  24   1   1   2   1   1   1   1  13   2   0   1   2  0.21 0.02
  232 G     0  -2  -1  -1  -2  -2  -2   5  -2  -2  -2  -2  -2  -2  -2   0   1  -2  -2   0    1   1   1   1   0   1   1  66   0   1   1   1   0   1   1   1  12   0   0  12  0.58 0.05
  233 G     0  -1   0  -1  -2   2   0   3  -1  -2  -2   0  -1  -3  -1   2   1  -2  -2  -2    1   1   1   1   0  21   1  33   0   1   1   1   0   1   1  25  11   0   0   1  0.33 0.04
  234 K     1   0   2  -1  -2   0  -1   3  -1  -3  -3   2  -2  -3  -1   0  -1  -2  -2  -2   12   1  13   1   0   1   1  34   0   1   1  31   0   1   1   1   1   0   0   1  0.33 0.04
  235 V    -1  -1   2  -1  -2  -1  -1  -2  -1   0   1  -1   0   0   2  -1   0  -1   2   1    2   1  22   1   0   1   1   2   0   1  15   1   1   1  12   2   1   0  11  24  0.12 0.02
  236 L     0  -1  -1  -2  -1  -1  -1   1  -2   1   1  -1   0  -1   2   0   1  -2  -1   0   12   1   1   1   0   1   1  12   0  11  25   1   1   1  12   2  14   0   1   1  0.12 0.01
  237 K    -1  -1   2   1  -2  -1  -1   1  -1  -1   0   0  -1   1  -2   1   2  -2  -1  -1    0   0  12  13   0   0   0  10   0   0  11  10   0  13   0  10  21   0   0   0  0.12 0.03
  238 V    -1  -1   1  -1  -2   0   2   1  -1  -1   0  -1  -1  -2   2   1  -1   5  -1   0    0   0  13   0   0   0  20  10   0   0  12   0   0   0  10  13   0  11   0  10  0.20 0.03
  239 G     0  -2  -2  -2  -3  -2  -2   2   0  -2  -2  -2  -2   1   4  -1  -2   0   5  -2   10   0   0   0   0   0   0  23   0   0   0   0   0   0  23   0   0   0  43   0  0.61 0.07
  240 V     2  -2   2   2  -2  -1  -1   1  -1  -1  -2  -1  -2  -3  -2   1   0  -3  -2   0   31   0  20  13   0   0   0  12   0   0   0   0   0   0   0  13   0   0   0  10  0.24 0.04
  241 G     0  -3  -1  -2  -3  -2  -3   6  -3  -4  -4  -2  -3  -4  -3  -1  -2  -3  -4  -4    0   0   0   0   0   0   0 100   0   0   0   0   0   0   0   0   0   0   0   0  1.31 0.11
  242 G     1  -2  -1  -2  -2  -2  -2   5  -2  -3  -3  -2  -2  -3  -2   0  -1  -2  -3  -3   13   1   0   1   0   0   1  78   0   1   1   1   0   0   1   1   1   0   0   1  0.86 0.07
  243 A     3  -1  -1  -1  -1  -1  -1  -1  -1  -1   0   1   0  -2  -1   0   0  -2  -1   0   54   1   1   1   0   1   1   2   0   1  15  14   0   1   1   2   1   0   1   1  0.18 0.04
  244 S     3  -1  -1  -1  -1  -1  -1   3  -1  -2  -2  -1  -1  -2  -1   1   0  -2  -2  -1   48   1   1   1   0   1   1  24   0   1   2   1   0   1   1  12   1   0   1   1  0.30 0.03
  245 G     0  -2  -1  -1  -2  -1  -2   5  -2  -3  -3  -1  -2  -2  -2   0  -1  -2  -2  -2    2   1   1   1   0   1   1  79   0   1   2   1   1   1   1   2   1   0   1   1  0.81 0.06
  246 H     3  -1  -1  -2  -1   0  -1  -1   2  -1  -1   2   2  -2  -2   0  -1  -3  -1   1   43   0   0   0   0   0   0   0  10   0   0  20  13   0   0   0   0   0   0  13  0.18 0.05
  247 A     5  -2  -2  -2  -1  -1  -1   0  -2  -2  -2  -1  -1  -3  -1   1  -1  -3  -2  -1  100   0   0   0   0   0   0   0   0   0   0   0   0   0   0   0   0   0   0   0  0.66 0.10
  248 V    -1  -3  -3  -4  -1  -3  -3  -4  -4   2   2  -3   1  -1  -3  -2  -1  -3  -2   4    0   0   0   0   0   0   0   0   0   0  22   0   0   0   0   0   0   0   0  78  0.48 0.08
  249 F    -1   1   2   1  -2  -1  -1  -2  -1  -1  -2  -1  -1   1  -2   0   2  -1   2   0    0  13  20  13   0   0   0   0   0   0   0   0   0  10   0   0  20   0  12  11  0.17 0.04
  250 G     0  -2   2  -1  -3  -2  -2   6  -2  -4  -4  -2  -3  -4  -3  -1  -2  -3  -3  -4    0   0  13   0   0   0   0  87   0   0   0   0   0   0   0   0   0   0   0   0  1.08 0.09
  251 S    -1   0   6   0  -3   0  -1  -1   0  -3  -4   1  -2  -3  -2   2   0  -4  -2  -3    0   0  67   0   0   0   0   0   0   0   0  13   0   0   0  20   0   0   0   0  0.66 0.09
  252 S     4  -2  -1  -2  -1  -1  -1   0  -2  -2  -2  -1  -1  -3  -1   2   0  -3  -2  -1   77   0   0   0   0   0   0   0   0   0   0   0   0   0   0  23   0   0   0   0  0.52 0.08
  253 P    -1  -3  -3  -2  -3  -2  -2  -3  -3  -2  -3  -2  -2  -4   7  -1  -2  -4  -3   0    0   0   0   0   0   0   0   0   0   0   0   0   0   0  87   0   0   0   0  13  1.85 0.12
  254 T    -1  -2  -1  -2  -1  -1  -2  -2  -2  -1  -1  -1  -1  -3  -2   1   5  -3  -2   1    0   0   0   0   0   0   0   0   0   0   0   0   0   0   0   0  89   0   0  11  0.65 0.11
  255 W    -3  -4  -5  -5  -3  -3  -4  -3  -3  -4  -3  -4  -2   0  -5  -4  -3  12   1  -4    0   0   0   0   0   0   0   0   0   0   0   0   0   0   0   0   0 100   0   0  3.05 0.19
  256 G     0  -1  -1  -1  -2   0   2   2  -2   0  -1  -1  -1  -2  -2   1   2  -3  -2   0    0   0   0   0   0   0  26  20   0  12   0   0   0   0   0  11  20   0   0  10  0.18 0.04
  257 V     1   0  -1  -2  -2  -1  -1  -2  -2   0  -1   2  -1  -2  -2   0   2  -3  -2   2   11   0   0   0   0   0   0   0   0   0   0  33   0   0   0   0  20   0   0  36  0.19 0.05
  258 V    -1   1  -2  -3  -1  -2  -2  -3  -3   2   1  -1   0  -1  -3  -1   1  -3  -2   4    0  13   0   0   0   0   0   0   0   0  10   0   0   0   0   0  13   0   0  64  0.28 0.06
  259 G     0  -3  -1  -2  -3  -2  -3   6  -3  -4  -4  -2  -3  -4  -3  -1  -2  -3  -4  -4    0   0   0   0   0   0   0 100   0   0   0   0   0   0   0   0   0   0   0   0  1.31 0.11
  260 T    -1  -2   2  -1  -2  -1  -1  -2  -2  -1  -2  -1  -1  -3  -2   1   5  -3  -2  -1    0   0  12   0   0   0   0   0   0   0   0   0   0   0   0   0  88   0   0   0  0.68 0.11
  261 I    -1  -3  -4  -4  -2  -3  -4  -4  -4   5   1  -3   1  -1  -3  -3  -1  -3  -2   3    0   0   0   0   0   0   0   0   0  77   0   0   0   0   0   0   0   0   0  23  0.57 0.08
  262 Y     0  -2   1  -2  -3  -1  -2  -2   5  -2  -2  -2  -2   1  -3  -1  -2   0   6  -2   13   0  10   0   0   0   0   0  21   0   0   0   0   0   0   0   0   0  56   0  0.65 0.09
  263 G     0  -3  -1  -2  -3  -2  -3   6  -3  -4  -4  -2  -3  -4  -3  -1  -2  -3  -4  -4    0   0   0   0   0   0   0 100   0   0   0   0   0   0   0   0   0   0   0   0  1.31 0.11
  264 P     1  -1   0  -1  -1  -1  -1  -1  -2  -2  -3  -1  -2  -3   4   4   2  -3  -2  -2   13   0   0   0   0   0   0   0   0   0   0   0   0   0  20  57  10   0   0   0  0.53 0.07
  265 R    -2   6  -1  -2  -4   3   0  -3   0  -3  -3   2  -2  -3  -2  -1  -1  -3  -2  -3    0  82   0   0   0  18   0   0   0   0   0   0   0   0   0   0   0   0   0   0  0.82 0.07
  266 V    -1  -3  -3  -4  -1  -3  -3  -4  -3   3   2  -3   1  -1  -3  -2  -1  -3  -1   3    0   0   0   0   0   0   0   0   0  18  28   0   0   0   0   0   0   0   0  54  0.38 0.04

                      K         Lambda
Standard Ungapped    0.1416     0.3169
Standard Gapped      0.0386     0.2670
PSI Ungapped         0.1261     0.3174
PSI Gapped           0.0386     0.2670
