
Last position-specific scoring matrix computed, weighted observed percentages rounded down, information per position, and relative weight of gapless real matches to pseudocounts
            A   R   N   D   C   Q   E   G   H   I   L   K   M   F   P   S   T   W   Y   V   A   R   N   D   C   Q   E   G   H   I   L   K   M   F   P   S   T   W   Y   V
    1 M    -2  -2  -3  -4  -2  -1  -3  -4  -3   1   1  -2   8  -1  -3  -2  -1  -2  -2   1    0   0   0   0   0   0   0   0   0   0   0   0  90   0   0   0   0   0   0  10  0.93 0.17
    2 D     0  -2   1   1  -2  -1  -1  -1  -2  -3  -3  -1  -2  -3  -2   5   3  -4  -3  -2    0   0   4   7   0   0   0   0   0   0   0   0   0   0   0  65  23   0   0   0  0.63 0.17
    3 H     0   4   1  -2  -4   0  -1  -2   5  -4  -3   3  -2  -3  -3  -1  -2  -3   1  -3   11  41   6   0   0   0   0   0  19   0   0  19   0   0   0   0   0   0   4   0  0.54 0.13
    4 R    -3   7  -2  -3  -5   0  -1  -4  -1  -4  -3   1  -3  -4  -3  -2  -2  -4  -3  -4    0 100   0   0   0   0   0   0   0   0   0   0   0   0   0   0   0   0   0   0  1.48 0.26
    5 T     0   1  -1  -1  -2   1   1  -2  -2   0  -1   2  -1  -3  -2   1   2  -3  -2  -1    6   5   0   0   0   8   8   0   0  10   6  23   0   0   0   9  25   0   0   0  0.21 0.09
    6 S     2   0   1  -1  -2   2  -1   0  -1  -3  -3   1  -2  -3  -2   3   1  -3  -2  -2   17   5   8   0   0  10   0   5   0   0   0   9   0   0   0  38   8   0   0   0  0.33 0.11
    7 I    -2  -4  -5  -5  -2  -4  -4  -5  -5   6   0  -4   0  -1  -4  -4  -2  -4  -3   3    0   0   0   0   0   0   0   0   0  88   0   0   0   0   0   0   0   0   0  12  1.06 0.25
    8 A     2   3  -2  -3  -2  -1  -2  -2  -2   2   0   0  -1  -2  -2  -1  -1  -3  -2   2   28  24   0   0   0   0   0   0   0  17   7   6   0   0   0   0   0   0   0  18  0.23 0.11
    9 Q     1  -1   1   3  -3   2   1   0  -1  -1  -3   0  -2  -3  -2   1   2  -4  -3  -2   12   0   5  26   0  14   5   5   0   6   0   5   0   0   0   5  16   0   0   0  0.27 0.09
   10 A     3  -1  -1   0  -2   1  -1  -1  -2  -2   0   1  -1   0  -2   1   0  -3  -2  -1   44   0   0   7   0   6   0   0   0   0  13  11   0   5   0   9   4   0   0   0  0.21 0.11
   11 M    -2  -3  -4  -4  -2  -3  -4  -4  -3   4   2  -3   2   2  -4  -3  -1  -2   1   2    0   0   0   0   0   0   0   0   0  37  21   0   8  10   0   0   0   0   5  19  0.45 0.12
   12 V     0   1  -2   0  -2  -2   0  -3  -3   2   0   0   0  -2  -3  -2  -1  -4  -2   4   10  10   0   7   0   0   5   0   0  16   0   5   0   0   0   0   0   0   0  46  0.25 0.12
   13 D     1  -1  -1   3  -3   1   3  -2  -2  -3  -3   0  -2  -4  -2   1   3  -4  -3  -2   16   0   0  19   0   5  23   0   0   0   0   4   0   0   0   5  28   0   0   0  0.39 0.12
   14 R    -2   3  -1   1  -4   1   2  -3  -1  -1  -1   4  -2  -3  -2  -1  -1  -4  -3  -1    0  18   0   9   0   5  13   0   0   5   5  40   0   0   0   0   0   0   0   5  0.39 0.12
   15 I    -2  -3  -4  -4  -2  -3  -4  -5  -4   4   4  -3   2  -1  -4  -3  -2  -3  -2   1    0   0   0   0   0   0   0   0   0  31  59   0   5   0   0   0   0   0   0   4  0.67 0.17
   16 S     0   2  -1   2  -2   0   1   0  -1  -2  -1   2  -1  -2  -1   0  -1  -2   0  -2    9  14   1  12   0   1  10   6   0   1   8  24   0   1   1   4   1   0   6   1  0.16 0.05
   17 K     0   0   1  -1  -3   2   3  -2  -1  -3  -3   4  -2  -4  -2  -1   1  -3  -2  -3    7   0   5   0   0  10  21   0   0   0   0  45   0   0   0   0   9   0   0   0  0.47 0.14
   18 Q     0  -2   0   1   3   0   1   0  -2   0  -1  -1  -1  -2  -2   0   2  -3  -2   0   10   0   6   8  10   6  10   5   0   8   5   0   0   0   0   6  18   0   0   7  0.11 0.05
   19 M    -2  -2  -3  -3  -2  -2  -3  -3  -3   3   3  -2   3   1  -3  -2  -1  -2  -1   1    1   1   1   1   0   1   1   1   0  28  45   1   9   6   1   1   1   0   0   1  0.39 0.10
   20 D    -1  -1   5   3  -3   1   0  -1  -1  -3  -3   1  -2  -3  -2   1   0  -3  -2  -3    1   1  38  24   0   7   1   1   0   1   1   9   0   1   1   6   6   0   0   1  0.48 0.11
   21 G    -1  -3  -1   0  -3  -2  -2   6  -2  -4  -4  -2  -3  -3  -2  -1  -2  -3  -3  -3    1   1   1   6   0   1   1  81   0   1   1   1   0   1   1   1   1   0   0   1  1.10 0.18
   22 S     0  -2  -1   0  -2   2  -1  -2  -2   0  -2  -1  -1  -3  -2   3   4  -3  -2   0    5   0   0   5   0  14   0   0   0   9   0   0   0   0   0  27  36   0   0   5  0.35 0.14
   23 Q     0   1   2   0  -3   2   0   2   3  -2  -3   0  -2  -3  -2   1  -1  -3  -2  -1    5   6  13   5   0  14   5  18  10   0   0   4   0   0   0  12   0   0   0   7  0.23 0.08
   24 P     0  -2  -2  -2  -2  -1   0   0  -2  -2  -1  -1  -2  -3   6   1   0  -4  -3   0    5   0   0   0   0   0   9   6   0   0   6   0   0   0  41  16   5   0   0  12  0.64 0.13
   25 D     0  -1   0   2  -1  -1   0   1  -1   0  -1  -1  -1  -1  -1   1   1  -1   1  -1    9   2   2  17   1   2   2  10   1   9   3   2   1   1   2  11  15   0   6   2  0.09 0.03
   26 E     1   0   1   0  -2   0   3   2  -1  -2  -2   1  -1  -2  -1   0   1  -2  -2  -2   11   1   6   2   1   1  28  16   1   1   3  11   1   1   1   2  12   0   1   2  0.20 0.05
   27 Y    -3  -3  -3  -4  -4  -3  -4   0   0  -2  -2  -3  -2   5  -4  -3  -3   1   7  -2    0   0   0   0   0   0   0   9   0   0   0   0   0  32   0   0   0   0  60   0  1.26 0.26
   28 F    -2   0   2  -2  -3  -1  -2  -3   2   0  -1   1  -1   3  -3  -1   0   3   4  -2    0   5  17   0   0   0   0   0   6   7   4  14   0  14   0   0   5   4  24   0  0.31 0.11
   29 N    -1  -2   4  -1  -2  -1  -1  -2  -1  -2  -2  -1  -2  -3  -2   2   4  -3  -2   0    1   0  27   0   0   0   0   1   0   0   1   0   0   0   0  18  44   0   0   5  0.53 0.16
   30 N    -2  -2   5   4  -3  -1   0  -2  -1  -3  -4  -1  -3  -4  -2   1   2  -4  -3  -3    1   0  43  31   0   0   0   1   0   0   1   0   0   0   0   6  14   0   0   0  0.71 0.17
   31 L     0  -3  -3  -3  -1  -2  -3  -3  -3   3   2  -2   1  -1  -3   0  -1  -3  -2   3    7   0   0   0   0   0   0   1   0  22  24   0   3   0   0   9   0   0   0  30  0.28 0.09
   32 Y    -1  -2  -1   2  -2  -1  -1   1  -1   0  -1  -2  -1   3   1  -1  -1   0   4  -1    2   1   1  15   0   1   1  12   0  10   2   1   0  15   6   5   1   0  24   1  0.22 0.08
   33 G    -1  -2   3  -1  -3   2   0   5  -1  -3  -3  -1   1  -3  -2  -1  -2  -3  -3  -3    1   0  19   0   0  14   5  52   0   0   1   0   5   0   0   1   0   0   0   0  0.63 0.15
   34 N    -1  -1   6   0  -3   1   1  -2  -1  -3  -2   2  -2  -4  -3   1  -1  -4  -3  -3    5   0  53   0   0   4   7   0   0   0   5  16   0   0   0  10   0   0   0   0  0.58 0.17
   35 V     0  -4  -4  -4  -2  -3  -3  -4  -4   2   1  -3   0  -2  -3  -2   0  -4  -2   5    5   0   0   0   0   0   0   0   0   7   5   0   0   0   0   0   5   0   0  77  0.70 0.20
   36 S     0  -2  -1  -2  -2   1  -1  -2   4  -2  -2  -1  -2   3  -2   3   1  -2   0  -1    7   0   0   0   0   6   0   0  18   0   0   0   0  19   0  32   7   0   0   5  0.28 0.14
   37 R    -1   3   1   0  -3  -1  -1   1  -1  -2   0   0  -1  -2   3   0   0  -3   1  -2    0  26   9   4   0   0   0  14   0   0  15   0   0   0  14   5   5   0   7   0  0.23 0.09
   38 Q     0   1  -1   0  -2   1   1  -1  -2   1  -1   2  -1  -2  -2  -1   1  -3  -2   0    5  10   0   4   0   9   7   5   0  11   5  20   0   0   0   0  15   0   0   9  0.12 0.06
   39 T    -2  -2   0   0  -2   0  -1  -3  -2   0   2   0   1   2   2  -1   0  -2  -1   0    0   0   5   6   0   4   0   0   0   5  27   9   5  13  12   0   9   0   0   4  0.15 0.07
   40 Y    -2   1  -2  -3  -3  -1  -1  -3  -1  -1   1   4  -1   1  -3  -2  -2  -2   3   0    0   5   0   0   0   0   0   0   0   0  15  51   0   7   0   0   0   0  13   9  0.38 0.16
   41 K    -2   1  -2   0  -3  -1  -1  -3   2  -1  -1   1  -1   4   1  -1   0  -1   3   0    0  12   0   7   0   0   0   0   5   0   0  10   0  26   6   3   5   0  10   9  0.19 0.10
   42 F     0  -3  -3  -4  -3  -3  -3   0  -2   0   1  -3   0   4   1  -2  -2   6   2   0    7   0   0   0   0   0   0   9   0   5  19   0   0  29   7   0   0  14   4   6  0.43 0.12
   43 E    -2  -2   1   5  -4   2   4  -3  -1  -3  -3  -1   2  -4  -2   0  -2  -4  -3  -3    0   0   5  38   0   7  37   0   0   0   0   0   9   0   0   4   0   0   0   0  0.70 0.17
   44 E    -2   1   1   1  -5   3   5  -3  -1  -4  -4   0  -3  -4  -2  -1  -2  -4  -3  -4    0   7   9   5   0  19  60   0   0   0   0   0   0   0   0   0   0   0   0   0  0.84 0.20
   45 I    -2  -4  -4  -4  -2  -3  -4  -5  -4   5   2  -3   0  -1  -4  -3  -1  -3  -2   4    0   0   0   0   0   0   0   0   0  49  20   0   0   0   0   0   0   0   0  31  0.66 0.17
   46 R    -1   1   2   1  -3   1   2  -2   2  -3  -3   2  -2  -3  -2   1   1  -3  -2  -1    0   6  13   4   0   5  14   0   7   0   0  19   0   0   0  15  12   0   0   5  0.27 0.09
   47 E    -2  -1   0   4  -4   1   4  -3  -1  -4  -4   2  -3  -4  -2  -1   1  -4  -3  -3    0   0   0  36   0   5  35   0   0   0   0  13   0   0   0   0  10   0   0   0  0.70 0.17
   48 F    -4  -4  -5  -5  -4  -5  -5  -5  -2  -2  -1  -5  -1   8  -5  -4  -4   0   3  -2    0   0   0   0   0   0   0   0   0   0   0   0   0  95   0   0   0   0   5   0  1.73 0.32
   49 P    -2  -4  -4  -3  -5  -3  -3  -4  -4  -5  -5  -3  -4  -5   8  -2  -3  -5  -5  -4    0   0   0   0   0   0   0   0   0   0   0   0   0   0 100   0   0   0   0   0  2.66 0.36
   50 Y     3  -2  -2  -3  -2  -2  -2  -2  -1  -2  -2  -1  -2   2  -2   0   0   4   4  -2   47   0   0   0   0   0   0   0   0   0   0   5   0   9   0   5   5   6  23   0  0.47 0.16
   51 V     0  -3  -4  -4  -2  -3  -4  -4  -4   4   3  -3   1  -1  -3  -3  -1  -3  -2   3    7   0   0   0   0   0   0   0   0  42  27   0   0   0   0   0   0   0   0  24  0.51 0.14
   52 A     1  -2  -2  -2   3   0  -2  -1   1   0   0  -2  -1   1  -2   1   1  -2   2   0   20   0   0   0  10   5   0   4   4   9   7   0   0   7   0   9  10   0   9   5  0.11 0.06
   53 V    -2  -4  -4  -4  -2  -3  -4  -4  -4   4   1  -3   0  -1  -4  -3  -1  -4  -2   5    0   0   0   0   0   0   0   0   0  31  10   0   0   0   0   0   0   0   0  59  0.71 0.19
   54 H     0  -2   1   0  -2   0  -1   1   4   1  -1  -2  -1  -2  -3   0   0  -3   1   1    5   0  10   6   0   4   0  10  16  17   0   0   0   0   0   4   5   0   5  17  0.12 0.08
   55 I     2  -2  -2  -2  -2  -1  -2  -2  -2   0   1   0  -1  -2   3   1   1  -3  -2   0   28   0   0   0   0   0   0   0   0   6  17   5   0   0  14  16   7   0   0   7  0.23 0.09
   56 G     1  -3  -2  -2  -3  -3  -3   6  -3  -5  -5  -3  -4  -4  -3   0  -2  -4  -4  -4    9   0   0   0   0   0   0  86   0   0   0   0   0   0   0   5   0   0   0   0  1.32 0.23
   57 T    -1  -2   0   4  -3   0   0   0  -2  -3  -3  -1  -2  -3   1   1   4  -3   0  -2    0   0   0  33   0   5   0   5   0   0   0   0   0   0   5   8  40   0   4   0  0.49 0.16
   58 E    -2  -2  -2   0  -5   1   7  -4  -2  -5  -4  -1  -4  -5  -3  -2  -2  -4  -4  -4    0   0   0   0   0   0 100   0   0   0   0   0   0   0   0   0   0   0   0   0  1.50 0.32
   59 T    -1   3   0   0  -2  -1  -1  -3  -2   0  -2  -1  -2  -3  -2   1   5  -4  -3   0    0  21   4   5   0   0   0   0   0   5   0   0   0   0   0   5  52   0   0   9  0.45 0.17
   60 G    -2   5   1  -2  -4   1  -1   0  -1  -1  -2   1  -2   1   2  -1  -2  -3  -2  -3    0  46   9   0   0   5   0   9   0   5   0   7   0   9  10   0   0   0   0   0  0.43 0.14
   61 Q     0  -1   0   1  -3   2   5  -2  -1  -3  -3   0  -2  -4  -2   1   1  -4  -3  -1    6   0   3   5   0  10  53   0   0   0   0   0   0   0   0   9   9   0   0   5  0.54 0.15
   62 Y    -3   0   0   0  -4  -1   1  -3   0  -2  -1  -2  -2   2  -3  -2  -2   0   6  -2    0   7   5   6   0   0  14   0   0   0   7   0   0   5   0   0   0   0  50   0  0.59 0.19
   63 L    -2   0   0  -1  -3   2   2  -3   1   0   2  -1   0   1  -3   0  -1  -2  -1  -1    0   4   5   0   0  15  18   0   5   5  33   0   0   7   0   7   0   0   0   0  0.18 0.10
   64 P     1  -3  -2  -2  -3  -2  -2   1  -3  -4  -4  -2  -3  -4   7   1   0  -4  -4  -3   10   0   0   0   0   0   0  10   0   0   0   0   0   0  63  12   5   0   0   0  1.34 0.22
   65 S     0  -2   1  -2  -2  -2  -2   4  -2   0  -3  -2  -2  -3  -2   3   1  -4  -3  -2    4   0   5   0   0   0   0  40   0   9   0   0   0   0   0  35   7   0   0   0  0.51 0.15
   66 G     2   1   1   0  -3  -1   0   4  -2  -4  -4  -1  -3  -4  -2  -1  -2  -4  -3  -3   19  12   9   4   0   0   9  47   0   0   0   0   0   0   0   0   0   0   0   0  0.54 0.13
   67 Q    -2   1  -2  -2  -3   3  -1  -3  -1  -1   0   1  -1   4  -3   0  -1  -2   0   0    0   9   0   0   0  23   0   0   0   0   9  13   0  29   0   7   0   0   0   9  0.28 0.13
   68 Q    -2   5   1  -2  -4   3   0  -3  -1  -1  -3   3  -2  -2  -3  -1   0  -3   2  -2    0  41   5   0   0  19   0   0   0   5   0  16   0   0   0   0   5   0   9   0  0.53 0.16
   69 W    -3   0  -3   1  -4   1  -2  -3  -3  -3  -3  -2  -2   1  -4  -2   1  10   0  -3    0   6   0  13   0   8   0   0   0   0   0   0   0   6   0   0  13  54   0   0  1.47 0.24
   70 M     2   2   0  -2  -2  -1  -1   2   1  -2  -1   0   2  -2  -2   1  -1  -3  -2  -1   21  14   4   0   0   0   0  18   6   0   5   6  11   0   0  12   0   0   0   3  0.16 0.07
   71 F    -2   0   0  -2  -3  -1   0  -3   2  -1  -1   0  -1   4  -3   0   1  -1   4   0    0   6   4   0   0   0   8   0   6   0   0   5   0  24   0   5  14   0  19   8  0.25 0.09
   72 L    -2  -2  -3  -3  -2   1  -2  -4  -2   2   4  -2   1   1  -3  -1  -2  -2   1   0    0   0   0   0   0  12   0   0   0  14  58   0   0   5   0   5   0   0   6   0  0.38 0.13
   73 E    -1  -2   3   3  -3   0   2   0  -1  -2  -3  -1  -2  -3   1   0   1  -4  -3  -1    0   0  24  23   0   0  16   4   0   0   0   0   0   0   6   4  15   0   0   8  0.37 0.10
   74 L    -2  -3  -4  -4  -2  -3  -3  -4  -3   3   2  -3   3   2  -3  -3  -1  -2   1   3    0   0   0   0   0   0   0   0   0  30  10   0  17  10   0   0   0   0   5  29  0.39 0.10
   75 P    -1  -2  -1   0  -2  -2  -2  -2  -2   0  -1  -2  -1   2   2   1   3  -2   1   2    0   0   0   6   0   0   0   0   0   0   0   0   0  11  10  16  28   0   6  23  0.22 0.09
   76 I    -2  -3  -4  -4  -2  -3  -4  -4  -4   5   3  -3   1  -1  -3  -3  -1  -3  -2   3    0   0   0   0   0   0   0   0   0  53  26   0   0   0   0   0   0   0   0  22  0.56 0.13
   77 L    -2   4  -1  -2  -3   0   0  -3  -1  -2   0   2   1   0  -2  -1   1  -3  -1  -2    0  39   0   0   0   0   7   0   0   0  11  15   5   7   0   0  17   0   0   0  0.32 0.10
   78 V     1  -3  -3  -3   5  -3  -3   1  -3   2   1  -3   0  -2  -3  -1  -1  -3  -2   2   13   0   0   0  20   0   0  12   0  16  13   0   0   0   0   0   0   0   0  26  0.30 0.09
   79 Y    -3  -3  -4  -4  -4  -3  -3  -4   0  -2  -2  -3  -2   4  -4  -3  -3   6   8  -2    0   0   0   0   0   0   0   0   0   0   0   0   0  14   0   0   0  13  73   0  1.43 0.23
   80 D    -1  -3  -2   1  -2  -2  -2  -3  -3   2   0  -3   2  -1  -3  -2   1  -3   1   4    0   0   0  10   0   0   0   0   0  12   0   0   8   0   0   0   8   0   6  56  0.33 0.12
   81 K     0   3   0  -1  -3   1   0  -2  -1  -3  -3   4  -2  -2  -2   0  -1  -3   1  -3    8  15   4   0   0   5   0   0   0   0   0  52   0   0   0   7   0   0   6   0  0.45 0.12
   82 E    -1  -2   4   3  -3   0   1   2  -1  -2  -3  -1  -3  -4  -2   1  -1  -4  -3  -3    0   0  34  16   0   5   9  22   0   5   0   0   0   0   0   9   0   0   0   0  0.45 0.11
   83 K     0   1   1   1  -3   1   3  -2  -1  -1  -2   1  -2  -3  -2   0   1  -3  -2  -2   10   6   8   8   0   6  31   0   0   7   0   9   0   0   0   0  15   0   0   0  0.28 0.08
   84 T    -1  -2   0   5  -3  -1   2  -2  -1  -2  -3  -1  -3  -2  -2  -1   0  -3   2  -1    5   0   0  57   0   0  11   0   0   0   0   0   0   0   0   0   6   0  10   8  0.60 0.14
   85 D    -1   0   3   5  -4  -1   2  -2  -1  -4  -4  -1  -3  -4  -2  -1  -1  -4  -3  -3    5   4  22  55   0   0  11   0   0   0   0   0   0   0   0   0   0   0   0   0  0.77 0.15
   86 I     2  -2  -1  -2  -2  -1  -1   0  -2   1   0  -2  -1  -1  -2   2   0  -2   1   1   22   0   0   0   0   0   5   8   0  15  10   0   0   0   0  25   0   0   7   9  0.13 0.07
   87 Q    -1  -1   0   3  -3   4   2  -2  -1  -1  -1   0  -2  -3  -2  -1   0  -3  -3  -2    4   0   3  25   0  36  16   0   0   4   6   0   0   0   0   0   6   0   0   0  0.45 0.13
   88 E     0   1  -1   1  -3   1   3  -3  -1  -2   0   1   0  -3  -2  -1   1  -3  -2  -1    5  10   0   6   0   6  37   0   0   0   9   8   3   0   0   0  10   0   0   6  0.27 0.08
   89 Q     1  -1  -1  -1  -3   3   3  -2  -1  -2   1   1  -1  -3  -2  -1  -1  -3  -2  -2   17   0   0   0   0  20  35   0   0   0  18  10   0   0   0   0   0   0   0   0  0.35 0.12
   90 L     0   1  -3  -4  -2  -2  -3  -3  -3   2   4  -2   2  -1  -3  -2  -1  -3  -2   1   12  10   0   0   0   0   0   0   0  10  55   0   8   0   0   0   0   0   0   6  0.34 0.11
   91 E     0  -1   3   3  -4   1   4  -2  -1  -4  -4   0  -3  -4  -2  -1  -1  -4  -3  -3    8   0  20  17   0   5  49   0   0   0   0   0   0   0   0   0   0   0   0   0  0.65 0.15
   92 K    -1   0   1   0  -3   3   2  -2  -1  -2   0   3  -1  -3  -2  -1   0  -3  -2  -2    1   0   9   0   0  21  20   1   0   0  12  26   0   0   0   1   7   0   0   0  0.31 0.09
   93 L    -2  -3  -3  -4  -2  -3  -3  -4  -3   1   4  -3   1   1  -3  -2   1  -2  -1   2    0   0   0   0   0   0   0   0   0   4  60   0   0   8   0   0  11   0   0  16  0.44 0.12
   94 V     0  -3  -3  -1  -2  -3  -3  -1  -3   3   2  -3   1   0  -3  -2  -1  -3  -2   2   10   0   0   5   0   0   0   6   0  36  24   0   4   3   0   0   0   0   0  12  0.24 0.08
   95 A     2   0  -1   1  -2   2   3  -1  -1  -3  -3   0  -2  -3  -2   1  -1  -3   0  -2   33   5   0   9   0  10  28   0   0   0   0   0   0   0   0  11   0   0   4   0  0.35 0.11
   96 D    -3  -3   0   7  -4  -2   0  -3  -2  -3  -4  -2  -4  -4  -3  -1  -2  -5  -4   0    0   0   0  90   0   0   0   0   0   0   0   0   0   0   0   0   0   0   0  10  1.30 0.24
   97 I    -1  -3  -4  -4  -2  -3  -4  -4  -4   4   2  -3   1  -1  -3  -3  -1  -3  -2   4    0   0   0   0   0   0   0   0   0  36  18   0   0   0   0   0   0   0   0  46  0.58 0.14
   98 K    -2   0  -1   0  -4   2   5  -3  -1  -1  -3   4  -2  -4  -2  -1  -2  -4  -3  -2    0   0   0   0   0   6  53   0   0   7   0  34   0   0   0   0   0   0   0   0  0.67 0.17
   99 T    -1   0   0  -1  -3   0   1  -2   2  -2  -2   3  -2   0  -2   1   3  -2   1  -2    0   0   3   0   0   0  10   0   6   0   0  31   0   6   0   7  33   0   5   0  0.30 0.12
  100 V     0  -3  -3  -3   1  -2  -3  -3  -3   2   2  -2   0   1  -3  -1   2  -3  -1   3    6   0   0   0   4   0   0   0   0  10  18   0   0   8   0   4  16   0   0  34  0.23 0.08
  101 I    -2  -3  -4  -4  -2  -3  -4  -4  -4   5   3  -3   3  -1  -4  -3  -2  -3  -2   2    0   0   0   0   0   0   0   0   0  56  26   0  11   0   0   0   0   0   0   7  0.61 0.15
  102 D    -2  -2   2   5  -4  -1   2  -2  -1  -3  -2  -1  -3  -3  -2   0  -2  -3   1  -3    0   0  10  56   0   0  16   0   0   0   6   0   0   0   0   5   0   0   7   0  0.69 0.16
  103 T     0  -1   1   2  -2   0   1  -2   2  -2  -1  -1   0  -1  -2   1   2  -2   1  -1    5   0   7  16   0   0   9   1   7   0   5   1   5   0   0  13  21   0   7   1  0.17 0.06
  104 G    -1  -1   4   1  -2  -1   0   0   2  -1  -2  -1  -2  -2   1   0   1  -3   0  -2    1   0  30   8   0   0   4   8   8   8   1   1   0   0   5   5  14   0   5   1  0.23 0.07
  105 G    -1   2  -1   2  -3   0   3   1  -1  -3  -3   1  -2  -3   3   0  -1  -3  -3  -3    1  15   0  11   0   0  30  14   0   0   1   5   0   0  15   5   0   0   0   0  0.41 0.09
  106 N    -1   3   1   4  -3   1   1  -2  -1  -3  -3   2  -2  -3   1  -1  -1  -3  -3  -3    6  24   8  31   0   5   5   1   0   0   1  11   0   0   6   1   0   0   0   0  0.41 0.09
  107 L    -1  -2  -3  -3  -2  -2  -3   0  -2   2   3  -2   2   2  -2  -2  -1  -2  -1   1    1   1   1   1   0   1   1  12   0  21  37   1  10  11   1   1   1   0   0   1  0.23 0.07
  108 E    -1   2  -1   0  -2   2   2  -2   1  -1  -1   1  -1  -2  -1   0   0  -2  -1   1    2  11   1   1   0  15  20   2   4   1   2  12   1   1   1   2   7   0   1  16  0.18 0.05
  109 Y     0  -2  -2  -2  -2  -2  -2  -2   0  -2  -2  -2  -1   1  -2  -1  -2   1   7  -1   12   1   1   1   0   1   1   2   1   1   2   1   1   1   1   2   1   0  67   1  0.83 0.16
  110 T    -1  -1   1   3  -2  -1   0  -1  -1  -1  -1  -1   2  -1  -1   1   3  -2   1  -1    2   1   6  21   0   1   1   2   1   1   2   1  11   1   1   6  33   0   6   1  0.22 0.08
  111 V    -1  -1  -1   1  -1  -1  -1   0  -2   2   0  -1   0  -1  -1  -1   0  -2  -1   2    3   2   2  13   1   2   2   8   1  30   3   2   1   1   2   3   7   0   1  17  0.07 0.03
  112 S     0  -1   1   0  -1   0   0  -1  -1  -1   0   0   1  -1  -1   2   3  -2  -1  -1    3   2   7   2   1   2   8   3   1   2   8   2   5   1   2  17  31   0   1   2  0.15 0.04
  113 K    -1   1   3   0  -2   0   0  -1   0  -1  -2   2  -1  -2  -1   1   1  -2  -1  -1    2   7  28   2   1   1   2   2   1   2   3  18   1   1   2  13   6   0   1   7  0.20 0.05
  114 P    -1  -1  -1  -1  -2  -1  -1  -1  -1  -1   0  -1  -1  -2   6  -1  -1  -2  -2  -1    3   2   2   2   1   2   3   3   1   2  14   2   1   2  50   3   2   1   1   3  0.76 0.07
  115 N    -1   1   2   4  -3   1   1   0  -1  -3  -3   0  -2  -3  -1   0  -1  -3  -2  -3    1  11  12  41   0   5   6   6   0   1   2   1   0   1   1   7   1   0   1   1  0.41 0.08
  116 G     0  -2  -1   1  -3  -1  -1   5  -2  -3  -3   1  -3  -3  -2   1  -1  -3  -3  -3    5   0   0   8   0   0   1  57   0   0   1  11   0   0   1  12   1   0   0   1  0.61 0.11
  117 S     0  -1   2   1  -2   1   1   1  -1  -1  -2   0   0  -3  -2   2   1  -3  -2  -1    5   0  11   5   0  10  10  11   0   8   0   5   5   0   0  23   6   0   0   0  0.16 0.05
  118 T    -1  -2   1  -1  -2  -1   0   1  -2  -1  -1  -1  -1  -2  -2   2   4  -3  -2   0    0   0  10   0   0   0   5  11   0   0   6   0   0   0   0  16  39   0   0  10  0.26 0.10
  119 F     0   0   1   0  -2  -1   0  -2  -1   0   0   0  -1   2   2  -1   1  -2  -1   0    6   8   9   6   0   0   6   1   0  10   7   5   0  13  11   1  11   0   0   4  0.08 0.03
  120 P    -1  -1   1   1  -2  -1  -1   0  -1   0  -1   0  -1   1   2   1   1  -2  -1   0    1   1   8   9   0   1   1   6   0  10   1   5   0  11  10  16  12   0   1   6  0.10 0.04
  121 C     0   0  -1  -2   1   0  -1   2   2   0  -1  -1   1   0  -2   0  -1  -1   4  -1    5   6   1   1   4   6   1  18   6  10   1   1   6   1   1   5   1   0  25   1  0.15 0.06
  122 E     0   1   3   2  -3   2   2  -2   2  -2  -2   0  -2  -1  -2   0   1  -2   2  -2    6   6  19  10   0  14  13   1   6   1   1   1   0   0   1   1  10   0  10   1  0.24 0.07
  123 A     2  -2  -1   1  -1  -1  -1  -2  -2   0  -1  -1  -1  -2  -2   0   3  -3  -2   1   20   1   0  11   0   0   1   1   0   6   1   1   0   0   1   1  39   0   0  17  0.25 0.10
  124 T     0  -2  -1  -2  -2   0  -2  -2  -2   2   1  -2   0  -2  -2   0   5  -3  -2   0    6   0   0   0   0   5   0   0   0  15  14   0   0   0   0   0  57   0   0   0  0.40 0.14
  125 D    -2  -1   3   3  -3   3   2  -2  -1  -1  -1   0  -2  -3  -2   0  -1  -4  -3  -2    0   0  18  24   0  19  19   0   0   6   9   0   0   0   0   5   0   0   0   0  0.38 0.11
  126 M    -1  -2  -2   0   2  -2  -2   0  -2   2   0  -2   4  -1  -2  -1   1  -2  -2   2    1   1   0   6   5   0   1  10   0  21   1   1  21   0   1   1  14   0   0  16  0.16 0.08
  127 I     1  -1   1  -1  -2   0   1  -2  -2   0   0   0  -1  -2  -1   1   3  -3  -2   0   10   1   6   1   0   5   8   1   0   4  11   6   0   0   1   6  34   0   0   6  0.16 0.06
  128 I     0  -3  -3  -3  -2  -2  -3  -3  -3   4   2  -3   2  -1  -3  -2  -1  -3  -2   3    6   1   0   1   0   0   1   1   0  47  16   1   4   0   1   1   1   0   0  20  0.37 0.10
  129 T    -1  -1   0   1  -2   0   0   0   2   0  -1  -1  -1  -2  -2   0   2  -3  -1   0    1   1   4  12   0   5   6   6  10  10   6   1   0   0   1   6  23   0   0   8  0.10 0.05
  130 S     1  -1   0  -1  -2   0   2   0  -1  -3  -3  -1  -2  -3  -1   4   1  -3  -2  -2   10   1   0   1   0   0  19   6   0   1   1   1   0   0   1  52   6   0   0   1  0.40 0.12
  131 V    -1  -3  -3  -3  -1  -2  -3  -3  -3   4   1  -3   0  -1  -3  -2   0  -3  -2   3    1   1   0   1   0   0   1   1   0  38  12   1   0   0   1   1   6   0   0  37  0.40 0.10
  132 S     0  -1   1   2  -2   1   1   1  -1  -2  -2  -1  -2  -3  -1   2   2  -3  -2  -1    1   1   5  14   0   6  10  11   0   1   1   1   0   0   1  27  16   0   0   5  0.24 0.07
  133 T    -1  -2  -1   1  -2  -1  -1  -2  -2  -2  -2  -1  -2  -3  -2   0   6  -3  -2  -1    1   1   0  10   0   0   1   1   0   1   1   1   0   0   1   1  81   0   0   1  0.77 0.20
  134 D    -2  -2   0   7  -4  -1   2  -2  -2  -4  -4  -1  -3  -4  -2  -1  -2  -4  -3  -3    1   1   0  81   0   0  10   1   0   1   1   1   0   0   1   1   1   0   0   1  1.14 0.19
  135 E    -2  -1  -1   2  -4   1   6  -3  -1  -4  -3   1  -3  -4  -2  -1  -2  -3  -3  -3    1   1   0  10   0   0  75   1   0   1   1   6   0   0   1   1   1   0   0   1  0.87 0.18
  136 G    -1  -3  -1  -2  -3  -2  -2   6  -3  -4  -4  -2  -3  -3  -2  -1   1  -3  -3  -3    1   1   0   1   0   0   1  81   0   1   1   1   0   0   1   1  10   0   0   1  1.05 0.17
  137 L     0  -2  -3  -2  -1  -2   0  -3  -2   2   2  -2   1  -1  -2  -2  -1  -2  -2   2   10   1   0   1   0   0   8   1   0  15  31   1   4   0   1   1   1   0   0  25  0.20 0.07
  138 L    -1  -3  -3  -3  -2  -3  -3  -3  -2   1   4  -3   1   4  -3  -2  -2  -1   0   0    7   1   0   1   0   0   1   1   0   6  53   1   0  27   1   1   1   0   0   1  0.42 0.11
  139 A     2   1   1  -1  -3   3   1   1   1  -3  -3   1  -2  -3  -2   0  -1  -3  -2  -2   25  10  10   0   0  18  10   9   4   0   0   8   0   0   0   4   0   0   0   0  0.28 0.08
  140 P    -2  -4  -3  -3  -4  -3  -3  -4  -4  -4  -4  -2  -4  -5   8  -2  -2  -5  -4  -4    0   0   0   0   0   0   0   0   0   0   0   0   0   0 100   0   0   0   0   0  2.59 0.32
  141 Y    -2  -3  -3  -1  -3  -3  -3  -4  -1   1   1  -3   1   4  -4  -3  -2   0   5   1    0   0   0   6   0   0   0   0   0  11  15   0   4  18   0   0   0   0  37   9  0.50 0.13
  142 G     2  -3   1  -2  -3  -2  -2   5  -2  -4  -4  -2  -3  -4  -3  -1  -2  -4  -4  -3   25   0   9   0   0   0   0  65   0   0   0   0   0   0   0   0   0   0   0   0  0.89 0.17
  143 L     0   0  -3  -3  -2  -2  -3   0  -3   2   1  -2   1   2  -3  -2  -1  -2  -1   2    8   9   0   0   0   0   0  11   0  20  14   0   6  13   0   0   0   0   0  20  0.15 0.07
  144 A     3  -3  -2  -3  -2  -2  -2   4  -3  -1  -2  -2  -2  -3  -2   0  -1  -3  -3   1   42   0   0   0   0   0   0  40   0   0   0   0   0   0   0   0   0   0   0  18  0.54 0.14
  145 E    -2   1  -1   3  -5   2   5  -3  -1  -4  -4   0  -3  -4  -2  -1  -2  -4  -3  -4    0   8   0  20   0   4  68   0   0   0   0   0   0   0   0   0   0   0   0   0  0.92 0.20
  146 I    -2  -4  -4  -4  -2  -3  -4  -4  -4   5   2  -3   2  -1  -4  -3  -1  -3  -2   3    0   0   0   0   0   0   0   0   0  56  11   0   5   0   0   0   0   0   0  28  0.63 0.15
  147 N     0   0   3  -1  -2   0   1  -2  -1   0   0  -1  -1  -2  -2   1   0  -3  -2   1   10   6  28   0   0   4   9   0   0   5   9   0   0   0   0  11   5   0   0  13  0.16 0.07
  148 V    -2  -3  -4  -4  -2  -3  -4  -4  -4   4   3  -3   1   1  -3  -3  -1  -3  -1   3    0   0   0   0   0   0   0   0   0  35  35   0   0   5   0   0   0   0   0  26  0.50 0.12
  149 T     0   3  -1  -1  -2   1   1  -2  -2   0  -2   0  -1  -3  -2   0   3  -3  -2   0   11  23   0   0   0   5  14   0   0   6   0   0   0   0   0   0  37   0   0   5  0.31 0.12
  150 V     0  -3  -4  -4   3  -3  -4  -4  -4   4   1  -3   0  -1  -3  -2  -1  -3  -2   4    5   0   0   0   9   0   0   0   0  29   6   0   0   0   0   0   0   0   0  51  0.53 0.14
  151 R    -2   5   1  -2  -3   0  -1  -3   3  -2   0   2  -1  -3  -3  -1  -2  -3  -2   0    0  46   6   0   0   0   0   0  11   0  12  16   0   0   0   0   0   0   0   9  0.45 0.13
  152 Y    -3  -3  -4  -5  -4  -3  -4  -5   0  -3  -3  -3  -2   2  -5  -3  -3   1   9  -3    0   0   0   0   0   0   0   0   0   0   0   0   0   0   0   0   0   0 100   0  1.94 0.33
  153 Q    -1   3  -1   1   2   3   1  -2  -1  -2  -1   1   1  -3  -2  -1   0  -3  -2  -2    0  30   0  10   8  23   8   0   0   0   7   0   5   0   0   0   5   0   0   0  0.30 0.08
  154 P    -1  -2  -1  -1  -2  -1   0   0   3  -1  -2  -1  -1   1   3   0   2  -2   0   0    1   0   0   0   0   0   9   6  12   0   1   0   0  11  19   1  29   0   0   9  0.26 0.07
  155 P    -1  -2  -1   3  -3  -1  -1  -3  -2   0   0  -2   3  -2   5  -1  -1  -3  -3   1    0   0   0  27   0   0   0   0   0   0   7   0  20   0  31   0   0   0   0  15  0.51 0.07
  156 R    -1   5   0   1  -3   0   0   1  -1  -3  -3   1  -2  -3  -2   1   1  -3  -2  -3    0  54   0  10   0   0   0  12   0   0   0   0   0   0   0  13  11   0   0   0  0.42 0.06
  157 R    -2   6  -1  -2  -4   1   0  -3   4  -4  -3   2  -2  -3  -3  -1  -2  -3  -1  -3    0  84   0   0   0   0   0   0  16   0   0   0   0   0   0   0   0   0   0   0  0.83 0.07
  158 S     0  -2   3  -1  -2  -1  -2  -2  -1   1   1  -1   0  -1  -2   0   0  -3  -2   1   10   0  28   0   0   0   0   0   0  15  24   0   0   0   0  10   0   0   0  13  0.13 0.02
  159 L    -2  -3  -3  -4  -2  -3  -3  -4  -2   2   3  -3   1   3  -3  -2  -1  -1   2   2    0   0   0   0   0   0   0   0   0  17  39   0   0  16   0   0   0   0  13  15  0.32 0.02
  160 R    -2   5   0   2  -4   1   0  -2  -1  -3  -3   2  -2  -3  -2  -1  -1  -3  -2  -3    0  77   0  23   0   0   0   0   0   0   0   0   0   0   0   0   0   0   0   0  0.62 0.01
  161 R    -2   6   0  -2  -4   1   0  -2   0  -3  -2   2  -1  -3  -2  -1  -1  -3  -2  -3    0 100   0   0   0   0   0   0   0   0   0   0   0   0   0   0   0   0   0   0  0.74 0.00

                      K         Lambda
Standard Ungapped    0.1341     0.3161
Standard Gapped      0.0413     0.2670
PSI Ungapped         0.1350     0.3176
PSI Gapped           0.0413     0.2670
