
Last position-specific scoring matrix computed, weighted observed percentages rounded down, information per position, and relative weight of gapless real matches to pseudocounts
            A   R   N   D   C   Q   E   G   H   I   L   K   M   F   P   S   T   W   Y   V   A   R   N   D   C   Q   E   G   H   I   L   K   M   F   P   S   T   W   Y   V
    1 M    -5  -6  -7  -8  -6  -5  -6  -7  -6  -3  -2  -6  11  -4  -7  -6  -5  -6  -5  -4    0   0   0   0   0   0   0   0   0   0   0   0 100   0   0   0   0   0   0   0  3.61 1.23
    2 A     6  -5  -5  -3  -4  -4  -4  -2  -5  -5  -5  -4  -4  -6   1   0   0  -6  -5  -4   84   0   0   1   0   0   0   1   0   0   0   0   0   0   6   4   4   0   0   0  1.54 0.73
    3 Y    -1  -2  -1  -1  -3   1   0  -1  -2   2   0  -1  -1  -1  -3   0   3  -3   0   2    3   0   3   3   0   7   7   5   0  12   9   3   1   1   0   7  21   0   4  15  0.14 0.17
    4 T    -3  -4  -1  -4  -4  -2  -3  -3  -5  -3  -2  -4  -4  -2  -2   0   7  -5  -4   0    0   0   2   0   0   1   1   1   0   0   3   0   0   1   2   3  77   0   0   6  1.48 0.72
    5 K    -2   3   2   0  -4   2  -1  -3  -1  -2  -1   3  -1  -1  -3  -2   2  -4  -1  -2    2  17   9   5   0  11   1   1   1   2   6  22   1   3   0   0  14   0   2   2  0.31 0.26
    6 I    -2  -1  -1  -3  -3  -3  -4  -4  -4   3   4  -1   1   1  -2  -2  -1  -3  -2   1    3   3   3   1   0   0   0   1   0  18  45   3   3   5   2   3   4   0   0   6  0.44 0.29
    7 S     3  -2   0   0  -3   0   0   0  -3  -4  -3  -1  -3  -4  -3   4   2  -5  -4  -2   23   1   3   4   0   4   4   7   0   0   2   3   0   0   0  34  13   0   0   2  0.48 0.36
    8 D    -2  -4   4   7  -6   0  -1  -4  -2  -6  -4   1  -5  -2  -4  -2  -2  -6  -3  -6    2   0  17  59   0   3   2   1   1   0   1   8   0   2   0   1   1   0   1   0  1.31 0.62
    9 V    -1  -4  -4  -5  -3  -3  -3  -5  -5   3   3  -4   4  -2  -2  -3  -2  -4  -3   3    4   0   1   0   0   1   2   0   0  19  29   0  13   0   2   2   2   0   0  26  0.68 0.39
   10 I    -4  -5  -5  -6  -4  -3  -5  -6  -1   5  -1  -5  -2   4  -5  -5  -3   0   2   3    0   0   0   0   0   1   0   0   2  42   4   0   0  21   0   0   0   1   7  21  1.06 0.52
   11 V    -3  -3   3   2  -4   0   0  -3  -3   3  -1  -2  -2  -1  -1  -2   0  -4  -2   2    0   0  18  13   0   6   7   1   0  21   3   2   0   3   2   1   4   0   1  18  0.35 0.30
   12 P    -1   0  -1  -2  -5  -4  -1  -3  -3  -4  -5  -1  -5  -2   7  -1  -2  -5   0  -1    4   5   3   2   0   0   3   2   1   1   0   3   0   2  60   4   2   0   3   4  1.41 0.64
   13 E    -2  -2   0   2  -5   2   6  -4  -3  -5  -4  -1  -3  -5   0   0   0  -5  -5  -2    3   1   4   9   0   9  50   0   0   0   2   3   1   0   5   6   6   0   0   2  0.85 0.51
   14 L     0  -3  -1  -2  -3  -1  -2  -4  -4   2   0  -1  -1  -2  -4  -2   0  -4  -1   5    6   1   4   3   0   3   2   1   0  13   6   4   1   1   0   1   6   0   3  44  0.49 0.35
   15 F    -4  -5  -6  -6  -5  -3  -5  -4  -4  -1   1  -5   2   7  -6  -5  -4   6   4   0    1   0   0   0   0   1   0   1   0   3  14   0   5  43   0   0   1  11  12   6  1.28 0.59
   16 N     3  -1   1   0  -3   1   0   2  -2  -2  -1  -2  -1  -2  -3   1   2  -4  -3  -2   26   2   7   4   0   6   7  14   0   1   7   0   1   2   0   8  13   0   0   2  0.23 0.24
   17 P     2   0   0   4  -4   2   0  -1  -3  -4  -4   0  -4  -5   3   1   0  -5  -4  -4   18   5   4  22   0  10   3   3   0   0   1   6   0   0  14   8   5   0   0   0  0.46 0.34
   18 Y    -1  -3  -1  -6  -5  -4  -2  -3  -3  -1   0  -3   5   1  -6  -4  -1   3   7  -3    6   1   3   0   0   0   3   2   0   3   9   1  14   4   0   0   4   3  47   1  1.15 0.62
   19 V     0  -3  -4  -2  -3  -1  -3  -4  -4   3   0  -3   3  -1  -2  -1   0   1  -2   4    7   1   0   2   0   2   1   1   0  18   8   1  10   2   2   3   6   2   1  33  0.45 0.33
   20 I     0   1   1   0  -3   3   1  -3  -1   0  -1  -1   0  -2  -1   0   0  -3   0  -1   10  10   7   5   0  15  11   0   1   8   6   2   3   1   3   5   6   0   4   4  0.14 0.18
   21 N     1   1   1   0  -4   2   3  -1  -1  -3  -2   0  -3  -3  -2  -1   1  -4  -2  -1   15   7   7   4   0  12  24   4   1   0   4   4   0   1   1   3   8   0   1   5  0.28 0.26
   22 T     1   1   1   1  -3   2   1  -1  -1  -1  -2   2  -1  -2  -2  -1   0  -4   0  -1   13   9   8   6   0  12  11   5   0   5   2  15   1   1   1   2   5   0   3   3  0.18 0.18
   23 T    -1  -2   0  -1  -3   0  -2  -3  -1   1   0  -1   1   1   2   1   2   0  -1   0    4   1   5   3   0   5   0   1   1   8  11   2   4   6  11  14  15   2   2   5  0.16 0.19
   24 T     1  -1  -2  -2  -2   0  -2  -3  -3   0   1  -1   1  -2   3  -1   3  -4  -2   1   11   3   1   2   1   3   2   1   0   4  13   3   3   1  14   2  21   0   1  13  0.24 0.23
   25 Q    -1   0   0   1  -4   2   4   0  -1  -3  -3   2  -2  -1  -3  -1   0   1  -2  -1    4   4   5   6   0   8  28   7   1   0   1  15   0   3   0   4   5   2   1   5  0.33 0.27
   26 L    -1   2   1  -3  -4   1  -1  -2  -1  -1   1   4  -1  -3  -3  -1   1  -4  -2  -1    4   9   9   0   0   6   1   2   1   2  13  32   1   1   0   4   8   0   1   5  0.33 0.29
   27 S    -1  -3   4   0  -2  -1  -3  -3  -1   1   0  -2  -3  -1  -4   2   2  -1  -2  -1    5   0  27   4   1   2   0   0   1   9   8   1   0   3   0  21  12   1   1   4  0.41 0.34
   28 A     3   2   1  -1  -3  -1   0  -1  -3  -3  -2   1   0  -4   0  -1  -1  -4  -3   0   33  13   6   3   0   2   7   2   0   0   2  10   3   0   5   3   3   0   0   6  0.31 0.28
   29 F    -4  -4  -5  -5  -4  -1  -5  -5  -4   2   4  -4   2   6  -5  -3  -3  -3  -1   0    0   0   0   0   0   3   0   0   0  11  37   0   5  33   0   2   1   0   1   5  0.91 0.46
   30 F     0  -1  -3  -3  -2  -2  -3  -3  -1   2   2  -2   1   3  -3  -2  -1   2   2   2    8   4   1   1   0   1   1   1   1  17  18   1   3  14   1   1   2   3   8  15  0.30 0.20
   31 Q     0   1   2   0  -3   4   0   0  -2  -2  -2   1  -1  -3  -1   0   1  -3  -3  -3   10   6  10   5   0  24   5   6   0   3   2   9   1   1   3   6   7   0   0   1  0.29 0.22
   32 S     0  -3   0  -1  -2  -2  -2  -2  -3  -4  -3  -2  -3  -4  -2   6   0  -4  -3  -3    6   1   5   3   1   1   1   2   0   1   2   2   0   1   2  69   3   0   0   1  1.10 0.57
   33 G    -1  -3  -2  -2  -4  -2  -3   6  -4  -4  -4  -2  -3  -4  -2  -2  -2  -4  -4  -4    4   1   1   2   0   2   2  72   0   1   1   2   1   1   2   2   3   0   0   1  1.32 0.54
   34 I     3  -4  -4  -4  -3  -4  -4  -3  -4   5   0  -4   0   0  -3  -2  -2  -4  -2   3   24   0   0   0   0   0   1   2   0  37   6   1   1   4   1   2   1   0   1  17  0.64 0.38
   35 A     1  -3  -2  -4  -1  -3  -3  -4  -4   3   2  -3   3   1  -3  -2  -1  -3  -2   3   13   0   2   0   1   0   1   1   0  14  25   1  10   6   0   2   2   0   0  21  0.42 0.28
   36 A     2  -1  -2  -2  -3   1  -2   0  -3   0  -2  -1   0  -1  -3  -1   2  -4  -3   3   19   2   1   2   0   8   2   6   0   5   2   4   3   2   0   3  14   0   0  27  0.27 0.27
   37 T     0   2   2  -1  -3   0   0   0  -2  -1  -2  -1  -1  -1   3   0   2  -4  -3   0    7  12  11   1   0   5   6   6   0   3   2   1   1   3  15   7  14   0   0   6  0.23 0.21
   38 D    -1  -3   3   5  -4  -3  -1  -2  -3  -3  -1  -3   0  -2  -2   2   0  -5  -2  -2    4   0  16  37   0   0   3   2   0   1   6   0   2   1   2  16   5   0   1   3  0.65 0.41
   39 D     2  -2   2   1  -4   1   0  -1  -3  -2  -3  -2  -3  -2   5   0   0  -4  -4  -2   17   1   9  10   0   6   6   3   0   2   1   2   0   2  28   5   5   0   0   2  0.52 0.33
   40 E     0   1   0   1  -3   1   3   0  -1  -1   0   0  -1  -3  -2   0   1  -2  -1  -1    7   7   5   6   0   6  22   6   1   2   9   4   1   0   1   4   9   1   3   5  0.14 0.15
   41 L     1  -3  -4  -3  -3  -3  -4  -4  -3   3   3  -3   1   2  -3  -2  -1  -3   0   1   11   0   0   2   0   0   1   1   0  20  33   1   3  10   1   1   3   0   3   9  0.44 0.28
   42 N     1  -1   2   3  -3   0   0   1  -1  -1  -2   0  -1  -2  -1   0  -1  -4  -2  -1   15   3  11  23   0   4   3   8   1   5   3   4   2   1   3   6   3   0   1   3  0.22 0.19
   43 A     3   0   1   1  -3   0   1   0  -2  -2  -2   0  -2  -3  -1   1   0  -4  -3  -1   27   4   8  10   0   3   7   7   0   1   2   4   0   0   2  10   7   0   0   6  0.22 0.20
   44 L     0   1  -1  -2  -2   0  -1  -1   0   1   2   0   2   1  -2  -1   0  -2   0   0   10   9   2   2   0   4   2   3   2   7  21   7   6   5   1   3   8   0   2   7  0.07 0.10
   45 A     2  -2  -2  -3   0  -1  -2  -2  -3   1   2  -2   1   0  -3   0  -1  -3  -1   1   24   2   1   1   2   2   1   3   0  10  22   1   3   5   1   9   3   0   1  10  0.20 0.19
   46 K     0   0   2   0  -2   1   0   0  -1  -1   0   0   1  -1  -1   1   1  -2  -2  -1    7   5  13   4   1   6   5   7   1   2  10   5   5   3   1  14   8   0   1   2  0.09 0.09
   47 K     0  -1   1   1  -2   1   1   0  -1   0   0   0   0  -1   0   1   1  -2  -1   0    6   2   7   7   1   7  13   7   1   4   8   5   2   2   4   9   7   0   1   8  0.07 0.05
   48 A     2  -1   0  -1  -2   1  -1   2  -1  -2  -2  -1  -2  -3   0   1   1  -3  -1  -1   20   3   4   3   0   8   3  18   1   1   3   2   0   1   5  13   8   0   2   3  0.21 0.17
   49 G     0  -1   0   0  -2   1   0   3   0  -2  -2   0  -1  -3  -1   0   1  -3  -2  -2    8   2   5   4   0   9   5  25   2   3   3   5   2   1   3   7  12   0   1   2  0.22 0.16
   50 G     0  -2  -3  -3  -4  -1   0   4  -3  -4  -3  -1  -1  -1   3  -1  -1  -3   0  -2    9   2   0   1   0   2   6  40   0   1   2   5   2   3  16   2   3   0   3   3  0.57 0.33
   51 G    -1  -4  -1  -3  -5  -2  -2   6  -4  -5  -4  -2  -4  -5  -2   1  -1  -5  -5  -5    3   0   3   0   0   1   3  65   0   0   2   2   0   0   2  12   4   0   0   0  1.19 0.56
   52 S    -1   1   2   2  -3   0   0  -1   0  -1  -1   1  -1  -1  -2   0   0  -3   0   0    2   9  12  16   0   4   5   4   2   4   7   7   1   2   1   6   8   0   5   6  0.13 0.14
   53 T    -2   0  -2  -2  -4  -2  -1  -4  -3   1  -1   0  -1   1  -4   0   4  -3   4   0    1   5   1   2   0   1   3   0   0   8   6   5   1   5   0   6  34   0  14   8  0.45 0.38
   54 L     1  -3  -1  -2  -2  -1  -2   1  -1   2   0  -2  -1   2  -4  -1  -1  -3   0   3   11   0   2   2   1   4   1  10   1  15   7   1   1  13   0   2   4   0   3  23  0.21 0.21
   55 N    -2   1   2   1  -4   1   2  -2   1  -1  -4   0  -3  -4  -3   0   3  -4  -2   0    2   7  12   7   0   6  13   2   3   3   0   5   0   0   0   7  24   0   1   6  0.33 0.29
   56 M    -2  -3  -4  -4  -3  -1   0  -5  -4   3   2  -1   4   1  -3  -2  -1   0  -1   2    2   0   0   0   0   3   7   0   0  18  20   3  14   5   1   3   2   1   2  18  0.42 0.31
   57 P    -1   1  -3  -3  -6  -4  -3  -2  -1  -3  -6  -4  -5  -6   7  -1  -2  -7  -6  -3    6   9   1   2   0   0   1   4   2   1   0   0   0   0  65   5   2   0   0   2  1.70 0.76
   58 Y    -1  -2  -3  -4  -4  -1  -2  -3   1  -1  -2   0   2   5  -3  -1  -2   3   5  -1    6   2   1   0   0   3   2   2   3   4   1   5   6  30   1   5   2   4  20   3  0.63 0.40
   59 W    -5  -2  -6  -3  -1  -5  -3  -6  -2   1   0  -2  -1   5  -6  -5  -3  10   3  -2    0   2   0   2   1   0   1   0   1  10   8   2   1  23   0   0   1  36   9   1  1.55 0.68
   60 N    -1   0   5   1  -4   1   0   2   0  -4  -3   2  -1  -4  -4  -1  -1  -4   0  -3    4   4  29   7   0   5   4  16   2   0   2  16   2   0   0   1   2   0   4   2  0.46 0.34
   61 D     0   0   1   4  -4   0   0  -2  -1  -3  -1   0  -1  -2   3   0  -1  -4  -2  -3    9   5   7  26   0   3   6   3   1   0   6   4   1   2  18   4   3   0   1   1  0.39 0.27
   62 L    -1  -4  -4  -2  -3  -4  -2  -5  -4   3   4  -4   2   1  -1  -1  -1  -3   2   1    3   0   0   2   0   0   4   0   0  20  40   0   5   4   3   5   2   0   7   6  0.49 0.34
   63 D     0  -2   0   4  -3   0   0   2  -3   0  -3   0  -3  -4  -1   1   2  -4  -1  -2    5   0   2  25   0   4   6  15   0   6   0   5   0   0   2  10  13   0   3   2  0.31 0.26
   64 G     1  -1   0   0  -4  -2  -2   5   0  -4  -3  -1  -4  -2   0  -1  -1  -4  -1  -3   13   3   4   5   0   1   2  47   2   0   2   3   0   1   5   3   4   0   2   1  0.61 0.37
   65 D    -1  -1   1   4  -4   0   2  -1  -3  -1  -1  -1  -3  -1  -3   1   2  -4  -3  -1    4   3   5  26   0   3  15   4   0   3   5   3   0   3   0   8  13   0   0   4  0.32 0.27
   66 S     1   0  -1   1  -3   0   2  -1  -2  -1  -2  -2   0  -1   3   1   0  -3   0  -1   15   4   2   8   0   2  14   4   0   3   3   0   2   3  15  10   6   0   4   5  0.20 0.19
   67 Q    -1  -1   2   2  -4   3   3  -1  -2  -3  -2   0   0  -1  -1  -1   0  -4  -1  -1    3   3  12   9   0  17  21   5   0   0   3   3   3   3   2   3   6   0   2   5  0.32 0.30
   68 V    -2   0   3   2  -4   0   0  -3  -3   1  -1  -2  -2  -3   1  -2   0  -4   1   3    2   5  16  14   0   3   6   1   0   7   4   1   0   0   7   1   4   0   6  23  0.29 0.29
   69 L    -1  -2   2  -1  -3  -1  -3  -1  -2   1   0  -3   1  -1   0   0  -1   5   2   2    5   2  12   3   0   2   0   4   1   7   9   0   4   2   4   8   3   8  10  16  0.21 0.22
   70 N     1  -1   3   4  -4   0   0  -1  -3  -3  -3  -2  -2  -4  -3   2   1  -4   0  -1   12   2  15  24   0   3   4   3   0   1   2   1   1   0   0  14  11   0   3   4  0.41 0.32
   71 D    -2  -3  -1   5  -5  -2   3   2  -4  -5  -6  -2  -5  -5  -1   2  -1  -6  -2  -5    2   1   1  32   0   1  20  17   0   0   0   2   0   0   2  16   3   0   1   0  0.78 0.48
   72 T    -1  -2   2   2  -4   1   0   2  -3  -3  -3   0  -2  -3  -1   1   2  -4  -3  -1    4   1  10  14   0   6   5  18   0   0   2   4   1   1   2  10  15   0   1   4  0.30 0.25
   73 D     0  -3   1   3  -4   0   1  -1  -1  -2  -4  -2  -2  -3   0   0   3  -5  -2  -1    8   0   6  21   0   3   8   4   1   3   0   2   1   1   4   7  25   0   1   4  0.39 0.32
   74 D     1  -2   1   4  -4   0   1  -3  -1  -1  -4   0  -2  -4   2   1   0  -5  -4  -1   11   1   7  27   0   4   7   1   1   5   0   7   1   0   9   9   5   0   0   4  0.38 0.29
   75 L     2  -3   0  -3  -3  -3  -3  -2  -4   4   2  -3   2  -2  -1  -1  -1  -4  -1   1   17   1   5   1   0   1   1   3   0  27  18   1   5   0   3   4   2   0   2   9  0.32 0.28
   76 V    -1  -4   0   0  -4   0   0  -2  -4  -3  -4  -1  -4  -5   2   0   5  -5  -4   0    5   0   4   6   0   5   7   2   0   1   1   3   0   0  10   6  44   0   0   7  0.65 0.47
   77 P     0  -4  -4  -3  -4  -2  -1  -3  -2   0  -2  -4   0  -1   5   0   2  -5  -2   2    9   0   0   1   0   1   3   2   1   4   2   0   2   3  34   7  13   0   2  16  0.70 0.44
   78 Q     0   0   2   1  -3   1   1   1   0  -2  -2   1  -1  -4  -3   1   1  -4  -2  -1   10   4  12   9   0   8   9  11   2   1   3   8   2   0   0   7  10   0   1   4  0.19 0.18
   79 K     0  -1   2   0  -5   0   0  -1  -3  -3  -3   5  -1  -5  -2   1   0  -5  -4  -2    7   2  11   4   0   4   6   4   0   1   1  38   1   0   1  12   4   0   0   2  0.54 0.40
   80 I    -2  -3  -5  -6  -4  -3  -5  -3  -2   4   3  -5   2  -2  -3  -3   1  -5  -4   2    2   2   0   0   0   1   0   2   1  28  31   0   6   1   1   2   8   0   0  15  0.72 0.41
   81 N    -1  -4  -1   1  -5   0   1   2  -4  -3  -5  -1  -4  -6  -2   2   4  -6  -5  -1    3   0   3   8   0   4  10  14   0   1   0   4   0   0   1  16  32   0   0   4  0.58 0.43
   82 A     2  -4   0  -2  -4   2  -3   0   0  -4  -3  -2   1  -1  -4   2   4  -5  -1  -2   19   0   3   2   0  10   0   7   2   0   2   2   4   3   0  16  25   0   2   3  0.50 0.43
   83 G     0  -2   1   1  -4   0  -2   4  -3  -2  -2   0  -2  -1  -2   1   0  -4   1  -2    6   1   5  10   0   3   2  29   0   2   3   7   1   3   2  12   7   0   6   2  0.32 0.28
   84 Q    -1   0   0   1  -4   2   2  -2  -1  -1  -2   2  -1  -3  -2   1   2  -5  -1  -2    5   3   4   6   0  10  15   2   1   3   3  16   1   1   1  13  12   0   2   2  0.27 0.26
   85 D    -2  -1   0   2   0   4   1  -3   1  -2  -2  -1   3  -1  -1   0   0   2   0   0    3   3   4  11   2  19   9   2   3   2   3   3  10   3   2   5   6   3   3   7  0.24 0.27
   86 K    -1   0   1  -1  -3   0   0   0  -2   0  -1   1   0  -1   0   0   1  -4  -1   1    3   5   7   3   0   5   5   6   0   7   4  10   3   3   5   6  10   0   3  14  0.07 0.13
   87 A     4  -1  -4  -2   2   0  -4   1  -4  -1  -2  -1   1   0  -4   0  -1   3   0   1   32   3   0   3   4   4   0   9   0   2   3   4   4   4   0   7   4   4   4   9  0.32 0.32
   88 V    -1   3  -1  -4  -4  -1  -2  -5  -4   2  -1   0   2  -1   1  -2   2  -5  -1   3    5  15   2   0   0   3   3   0   0  12   5   4   6   3   6   2  11   0   2  20  0.30 0.28
   89 L    -1   2  -3  -2  -2  -2  -3  -4  -4   3   0   4  -1  -4  -5  -3  -1  -1  -4   2    4  12   1   2   1   1   0   1   0  18   8  28   1   0   0   1   4   1   0  15  0.54 0.40
   90 I     1  -2   0  -2   0   0  -1  -3   3   1   1   1   2   0  -4  -1  -1  -3   1   1   16   1   4   1   2   4   2   0   8   7  15   9   6   4   0   3   2   0   5  10  0.16 0.19
   91 L    -1   0   0   0  -4   0   0   0   3  -1  -2   2   0   1  -2  -1   0  -1   4  -2    4   5   5   5   0   4   6   8   7   3   2  13   2   7   2   4   5   1  16   2  0.21 0.21
   92 R    -1   5  -4  -2  -5   1  -1  -3  -4   0   1  -1   0  -1  -5  -3  -1   3   0   0    6  37   0   3   0   7   4   2   0   5  13   2   2   3   0   1   3   4   3   7  0.55 0.40
   93 G     2  -1   4  -2  -5  -1  -1   3   0  -4  -4   0   2  -5  -4   0   0  -5  -2  -1   18   3  20   1   0   2   3  23   2   0   0   5   7   0   0   5   5   0   1   4  0.51 0.39
   94 N    -1   0   0   0  -3   0   0  -1   2   0  -1   0   1   0   0   0   0   3   1   0    5   5   5   5   0   5   5   5   5   5   5   5   5   5   5   5   5   5   5   5  0.06 0.08
   95 A     2   1   0  -1  -4   0  -3   3  -4  -1  -2   1   1  -5  -4   1   0  -5  -5  -1   20   7   4   4   0   5   0  20   0   4   5   8   4   0   0  11   5   0   0   4  0.31 0.27
   96 W    -2  -2  -7  -7  -6  -6  -6  -4   0   0  -2  -6  -5   5  -7  -3  -3  10   2   1    4   2   0   0   0   0   0   2   2   6   3   0   0  21   0   2   2  38   7  10  1.78 0.78
   97 S     0   0  -1  -1  -4   1   1   3  -1  -3  -3  -1  -1  -3  -4   2   1  -5  -1  -2    8   4   2   3   0   7  10  26   1   2   1   4   1   1   0  18   7   0   2   3  0.35 0.29
   98 S     1  -2  -1  -2   1   0   2  -3  -3   1  -1  -2  -1   0   0   1  -1   4   0   1   15   2   2   2   3   5  14   1   0   9   4   1   1   4   5   9   3   6   2  12  0.16 0.20
   99 H     0   0   1   0  -3   1   0   0   2   0  -1   0   1  -2   1   0   0  -3   1   0    6   6   6   6   0   6   6   6   6   6   6   6   6   0   6   6   6   0   6   6  0.06 0.09
  100 D    -2   0   1   5  -5   1   1  -1   1  -4  -4  -1   1  -1  -4   0  -1  -5  -4  -1    3   4   4  44   0   6   6   3   3   0   0   4   4   3   0   7   4   0   0   5  0.63 0.41
  101 L    -3   0  -1  -1  -3  -3  -1  -4  -3   0   3  -1   1   3  -4  -2  -1   4   2   1    0   5   3   4   0   0   3   0   0   3  35   4   4  13   0   3   2   7   6   8  0.36 0.27
  102 A     3  -1   0  -1  -3   0   0   0   0  -2  -2  -1  -2  -4  -3   2   1  -4  -3   1   32   4   4   2   0   3   6   4   3   2   4   3   0   0   0  14  10   0   0  10  0.27 0.27
  103 A     2   2   1   0  -3   2  -1   0   0  -2  -2   1  -2   0  -1   1  -1  -3   0  -1   19  11   5   5   0  11   2   6   1   2   2   9   0   5   2   8   3   0   3   5  0.14 0.17
  104 T     0   0   0   0  -3   1   0   0   2   0  -1   0   1   0   1   0   0  -2   1   0    6   6   6   6   0   6   6   6   6   6   6   6   6   6   6   6   6   0   6   6  0.04 0.06
  105 L     0  -1  -3  -4  -3  -2  -2  -1  -3   2   2  -2   1   0  -2  -1  -1  -3   1   2    7   3   1   0   0   1   3   4   0  16  24   2   4   4   2   4   4   0   5  17  0.24 0.21
  106 S     3  -1  -1  -3  -3  -2  -2   0  -1  -1  -2  -1   0  -4  -1   3   3  -5  -4  -2   22   3   2   1   0   1   2   8   1   4   3   2   2   0   3  20  24   0   0   1  0.41 0.36
  107 G    -1  -4  -1  -1  -5   1  -4   5  -4  -1  -1  -1  -1   0  -5  -1  -1  -5  -1  -1    3   0   2   3   0   8   0  51   0   3   5   4   2   4   0   4   4   0   3   5  0.70 0.45
  108 S     1   0   0   1  -3   0   1   3  -1  -2  -3   0  -2  -2  -2   1  -1  -3   1  -1   13   3   3   7   0   4  12  21   1   1   2   7   1   1   1  10   2   0   6   5  0.21 0.20
  109 D    -3  -2   3   7  -6  -1   0  -1  -4  -6  -6  -2  -5  -6  -1  -1  -2  -6  -5  -6    2   2  14  58   0   2   4   5   0   0   0   2   0   0   3   5   2   0   0   0  1.31 0.65
  110 P     1  -2  -5  -3  -5  -3  -3  -3  -5  -1  -3  -2  -1   0   7  -3  -2  -5  -4   1   14   2   0   1   0   1   2   2   0   3   2   2   2   5  49   1   3   0   0  11  1.11 0.59
  111 M    -1  -2  -1  -3  -3   2   0  -2  -3   2   2  -1   5  -1  -2  -1  -2  -1  -1   1    5   1   3   0   0  10   8   2   0  10  18   2  19   2   2   5   2   1   2   9  0.28 0.29
  112 Q     1   0   0   1  -3   2   1   2  -1  -2  -2   0   0  -1  -2   0  -1  -4  -3  -2   16   4   3   9   0  12  10  18   1   2   4   4   3   2   1   5   3   0   0   2  0.21 0.21
  113 A     3  -1   0  -1  -4   2   2  -2   1  -1  -1  -1  -1   0  -3  -1  -1  -4   0   0   25   2   4   2   0  11  18   2   4   3   6   3   1   4   0   2   2   0   3   8  0.23 0.27
  114 I     1  -3  -3  -4  -3  -1  -2  -1  -3   4   1  -3   1   1  -3  -1   0  -3  -1   2   15   0   0   0   0   2   2   5   0  31  11   0   3   6   0   4   5   0   2  11  0.32 0.26
  115 G     3   0   0  -2   0  -1   0   1  -2   0  -1  -1   0  -3  -3   1   1  -3  -1   1   28   6   4   0   2   3   5  12   0   5   3   2   3   0   0   8   8   0   2   9  0.18 0.20
  116 S     0   2   1   1  -3   1   1   0   0  -3  -1   0  -1  -1  -1   1   0  -3  -1  -1    7  14   8   9   0   7   7   7   2   0   5   5   2   2   2  14   3   0   3   4  0.14 0.14
  117 R     0   2  -1   0  -4   4   0   0   0  -2  -1   1   0   0  -3  -1  -1  -3   0  -1    8  12   2   4   0  26   5   8   2   2   6   6   2   5   0   3   2   0   3   4  0.26 0.25
  118 V    -1  -3  -3  -2  -3   0  -2  -1   1   3   2  -3   1   2  -3  -2   0   1   0   2    4   0   0   2   0   4   3   5   4  18  18   0   3   8   0   0   7   2   2  18  0.22 0.20
  119 A     3  -2   0  -1  -3  -1  -1   2  -3  -1  -2  -1  -1  -4  -2   1   1  -4  -3  -1   32   2   4   4   0   2   3  18   0   3   3   3   2   0   2  10  10   0   0   2  0.31 0.27
  120 A     0   0   1   3  -3   1   2   0  -1  -2  -1   1   0  -2  -1   0  -1  -3  -2  -1    7   5   6  17   0   5  15   7   1   2   6  11   3   1   2   5   3   0   1   3  0.18 0.16
  121 Y     1  -2  -1  -2  -4  -1  -2  -3   1  -1  -2  -1  -3   2  -4   0  -3   4   6  -2   13   2   3   2   0   2   2   2   3   4   3   3   0   7   0   6   0   6  36   2  0.69 0.43
  122 W     0   0  -3  -5  -4  -2  -3  -4  -1   2  -2  -2   1   0  -5  -3  -1  10   1  -2    7   5   1   0   0   2   1   1   2  13   3   3   3   4   0   2   4  42   4   3  1.41 0.63
  123 A     2   0   1   1  -3   0  -1   0  -2   0  -1  -1   1  -1  -2   0   0  -3  -1  -1   26   4  10   8   0   5   3   5   0   6   6   2   5   2   0   6   7   0   2   3  0.14 0.18
  124 R     2   4   1   0  -4   1   1  -1  -1  -3  -3   1  -1  -4  -3  -1   0  -4  -1  -3   17  26   8   5   0   6  10   3   1   1   2   7   1   0   0   3   7   0   2   0  0.37 0.31
  125 E    -1   1   0   1   1   3   0  -1   1  -1  -1   1  -2  -1  -3  -1  -1  -4   0   1    5   7   4  10   3  16   5   5   3   4   4   8   0   3   0   4   3   0   4  11  0.15 0.19
  126 M    -1   0   0   0  -3   0   0  -1   2   0  -1   0   1   0   0   0   0   3   1   0    5   5   5   5   0   5   5   5   5   5   5   5   5   5   5   5   5   5   5   5  0.06 0.08
  127 Q    -2  -1   0   2  -4   5   2  -3   0  -1  -1   0   0  -4  -4  -1  -1  -5  -4  -1    3   1   3  13   0  34  14   2   2   4   5   3   2   0   0   5   4   0   0   3  0.58 0.42
  128 K     1   2   3   1  -4   0   0  -1   0  -3  -2   3  -1  -2  -3   0  -1  -4  -2  -2   12  10  17   7   0   3   5   4   2   0   3  19   2   1   0   6   3   0   1   3  0.27 0.23
  129 I     0   2  -1   1  -1   0  -1  -2   0   1  -1   0   1   0  -3  -1   2  -1   0   0    9  13   3  10   1   2   3   2   3   9   5   4   5   3   0   3  15   1   3   6  0.09 0.14
  130 V     1  -4  -4  -5   1  -2  -4  -3  -4   1   4  -4   2   0  -4  -2  -1  -3  -1   2   11   0   0   0   3   2   0   2   0   8  40   0   6   4   0   2   4   0   2  14  0.49 0.33
  131 F    -1  -1   0  -2  -3  -1  -3  -2  -1   4   2  -1   1   1  -3  -3  -1  -3   0   2    3   3   5   3   0   2   0   3   2  29  21   4   3   5   0   0   3   0   4  11  0.27 0.22
  132 A     3  -1   1   0  -2   0   0   0  -2  -1  -2   1   0  -1  -1   2   0  -3  -1  -2   33   3   6   5   0   5   4   5   0   3   3   7   2   2   2  14   3   0   2   0  0.21 0.21
  133 E     1  -1  -2  -2   1   0  -1  -1   0   2   0   0   1  -2  -2   1   2  -3  -2   1   11   3   0   0   3   3   3   3   2  14   6   5   6   0   0  15  16   0   0   8  0.14 0.17
  134 L     0   0  -2  -3   3  -2  -2   0  -2   1   0  -2   2   1  -2   0   0   4  -1   0    8   8   0   0   8   0   0   8   0   8   8   0   8   8   0   8   8   8   0   8  0.13 0.13
  135 A     0   1   0   0  -3   1   1  -1  -1   0   0   2   0  -1  -2  -1   0  -3   0   0    8   9   5   6   0   5   7   5   1   4  10  17   2   3   0   2   4   0   3   6  0.07 0.10
  136 G     1  -4   0  -2  -4  -2  -3   5  -3  -2  -3  -1  -1  -1  -4   0  -2  -4   0  -2   13   0   4   2   0   2   0  48   0   3   2   3   2   3   0   6   2   0   4   3  0.67 0.40
  137 V     2  -3  -1  -1   0  -2  -1  -1  -3   2   0  -1   0  -1  -3  -1   0  -4  -3   3   19   0   2   4   2   0   4   3   0  16   9   4   2   2   0   4   7   0   0  21  0.20 0.21
  138 F     0  -1  -1  -2  -1  -1  -1  -1   1   1   0  -1   1   4  -3  -1  -1   0   2   0   10   4   3   2   1   2   5   4   4   8  10   3   5  20   0   2   2   1   6   7  0.13 0.14
  139 S     4  -3   1   0  -3  -1  -1   1  -1  -2  -1  -1  -1  -4   0   1  -1  -4  -4  -2   36   0   6   4   0   3   3  12   1   2   8   3   2   0   4  10   3   0   0   2  0.35 0.32
  140 N     1  -1   3   2  -3  -1  -1  -1  -2  -2  -1   0   1  -3  -3   1   1  -4   0  -1   15   2  18  12   0   2   3   2   0   2   5   6   4   0   0  12   8   0   3   4  0.25 0.25
  141 D     1  -2   3   2   0   0   0   0   1  -2  -1  -1  -1  -3  -1   0   2  -4  -1  -1   14   0  14  11   2   3   5   7   3   2   7   3   2   0   3   4  13   0   2   4  0.16 0.20
  142 D     1  -1   1   2   0   0   0   1   0  -1  -1   0   1  -1  -1   0   0  -3  -2  -1   16   2   5  12   2   3   4  12   2   3   7   4   4   2   3   7   7   0   0   3  0.09 0.12
  143 M     2  -1  -1   0  -3   0   0  -2   0   1   0  -1   2  -1   0   0   1  -4  -3   0   24   3   2   6   0   5   4   3   2   8   8   3   7   2   4   4   9   0   0   7  0.12 0.19
  144 K     0   0   0   0  -3   1   0   0   2   0  -1   0   1  -2   0   0   0   3   1   0    6   6   5   6   0   5   6   6   5   6   6   6   5   0   6   6   6   5   5   6  0.07 0.10
  145 D     0   0   1   0  -2   1   0   0   2   0  -1   0  -1  -2   1   0   0  -2   1   0    6   6   6   6   0   6   6   6   6   6   6   6   0   0   6   6   6   0   6   6  0.06 0.07
  146 N     1  -2   2   0   0   0  -1   0   3  -1  -1  -1   0  -1  -1   1   1  -3   0  -1   11   0  14   3   2   3   3   6  10   2   6   4   3   2   3  10  10   0   3   5  0.14 0.18
  147 K     0   0   0   1  -3   0  -1   1   0   0  -1   1   0  -3   0   0   2  -3  -1   1    6   3   3   8   0   3   3  10   2   6   4   9   3   0   3   8  16   0   2  10  0.08 0.13
  148 L     0  -1  -1   1  -2  -1  -2  -1   1   0   1   0   1   0  -3   0   1  -3   0   0    8   4   2  10   0   2   0   5   4   5  17   5   4   3   0   9   9   0   4   8  0.06 0.12
  149 D     0  -2   0   3  -3  -1  -1  -1   0  -1  -1  -1   2   0  -2   1   1  -3   0   0    8   2   4  20   0   2   2   5   2   2   7   4   8   4   1   9  12   0   4   5  0.16 0.20
  150 I     0  -3   0  -1  -3  -1  -2   1   1   1   0  -1   1  -1  -2   0   1  -3   1   2    6   0   4   3   0   2   2  11   4  11   8   3   4   2   1   5  11   0   5  17  0.10 0.16
  151 S     1  -2   0   1  -3   0  -1  -1  -1   0  -1   0  -1  -1  -2   2   1  -4   0   1   10   0   5   8   0   4   3   4   1   4   4   4   1   2   2  20  11   0   4  14  0.15 0.21
  152 G     0   0   0   0   2   0   0   0   1   0  -1   0  -1   0   1   0   0  -2   1   0    6   6   5   6   5   5   6   6   5   6   6   6   0   5   6   6   6   0   5   6  0.03 0.06
  153 T     1  -1   0   0  -2   0   0   0   2  -1  -1   0   0  -1   0   0   1  -3  -2   0   18   3   4   6   0   5   5   7   6   4   4   4   3   3   3   6  11   0   0   8  0.08 0.12
  154 A     2  -1   0   0  -3  -2   0   0  -2   0  -1   0   0  -3   0   1   2  -3   0  -1   19   3   4   5   0   0   6   7   0   5   6   5   3   0   4   9  16   0   3   4  0.12 0.17
  155 D     2  -1   1   2  -3   0   1   0  -3  -1  -2   0  -3  -4  -1   0   2  -4  -3  -1   23   2   5  15   0   3   9   8   0   3   3   4   0   0   3   5  13   0   0   3  0.24 0.23
  156 G     2  -1   1   1   0   0   0   2  -1  -3  -2   0  -1  -3   0   0   1  -4  -3  -1   18   2   6  10   2   3   4  16   2   0   4   7   2   0   4   7  10   0   0   4  0.16 0.17
  157 I     0   0   0  -1   0   0  -1   0  -2   0   0   1   0  -1   0   0   2  -3  -1   0    7   4   4   3   2   2   4   9   0   7   7   9   3   2   5   3  17   0   2   9  0.05 0.09
  158 Y    -1  -3  -1  -2   0  -3  -3  -4  -3   2   1  -1   1   4  -1  -1   0   2   1   1    6   0   3   3   2   0   0   0   0  16  13   3   4  21   3   3   6   3   3   9  0.28 0.24
  159 S     0  -1   2   2   0  -1  -1   0  -3  -1  -2  -1  -3  -4  -3   3   2  -4  -3  -1    7   3  10  10   2   3   3   7   0   3   3   3   0   0   0  24  15   0   0   6  0.28 0.28
  160 A     2  -1  -2   0  -3   0  -1   1   0  -1  -1  -1   0  -1   1  -1   0   2   2   0   21   2   1   5   0   3   4   9   2   2   7   3   3   2   6   2   7   3   8   7  0.10 0.14
  161 E     1  -1   2   4  -2   0   1  -1  -1  -4  -4   1  -4  -5  -2   1   1  -5  -3  -2   11   2   9  29   1   3   8   5   1   0   1   7   0   0   1  10   8   0   1   3  0.44 0.32
  162 T     2  -2   2   1  -3  -1  -1   1  -1  -2  -1  -2   0  -3  -2   1   2  -2  -1   0   22   2   9   9   0   2   2   8   2   1   5   2   3   0   1   7  15   1   2   7  0.20 0.22
  163 F    -2  -4  -1  -4  -1  -4  -4  -4  -1   3   3  -4   2   4  -4  -3  -1  -1   0   2    3   0   3   0   1   0   0   0   1  20  26   0   4  17   0   1   3   1   2  14  0.52 0.31
  164 V    -1  -3   3  -1  -3  -2  -2  -2  -3   3   1  -2  -1  -1  -2  -1   0  -4  -1   2    5   0  15   3   0   1   2   2   0  22  13   2   1   2   1   4   6   0   2  17  0.26 0.23
  165 D     0   0   2   5  -4   0   1  -2  -3  -4  -2   1  -3  -4  -1   0  -1  -5  -3  -3   10   5   8  35   0   4   6   2   0   0   4  11   0   0   3   7   3   0   1   1  0.51 0.34
  166 A     6  -4  -4  -3  -4  -2  -4   0  -5  -3  -1  -2   0  -5  -4   0   1  -5  -5  -2   66   0   0   1   0   1   0   7   0   1   5   2   3   0   0   4   7   0   0   2  1.04 0.62
  167 S     1   0  -1  -2   1   1   0  -1   0   1   1   0   1  -1  -2   0   1  -3  -1   0   12   5   1   0   3   6   6   4   3   8  16   6   3   1   0   4  12   0   1   6  0.07 0.11
  168 Y     2  -1  -1   0  -3   3   0   0  -1  -2  -1   0   0   1  -3   1  -1  -3   1  -1   24   3   2   6   0  15   4   8   1   2   4   4   3   6   0   8   3   0   5   3  0.17 0.20
  169 K    -1   0  -1  -2  -3  -1  -1  -1  -3   0   1   3  -1  -1  -3   0   3  -4  -3  -1    4   4   2   2   0   2   2   4   0   5  16  24   1   2   0   4  21   0   0   4  0.27 0.26
  170 L     0  -3  -4  -4   1  -2  -4  -3  -3  -1   3  -2   5   3  -4  -2  -1   2   1  -1   10   0   0   0   3   2   1   2   0   3  25   3  21  15   0   2   3   3   5   2  0.52 0.35
  171 G    -1  -2   0   0  -5  -4   0   6  -4  -5  -4  -1  -5  -5  -1  -2  -2  -5  -5  -3    3   2   5   5   0   0   7  64   0   0   2   3   0   0   3   2   2   0   0   2  1.16 0.58
  172 D    -2  -1  -1   6  -5  -1   3  -1  -1  -5  -3  -2  -1  -5  -4  -2  -2  -6  -5  -3    2   3   2  55   0   3  18   4   1   0   2   2   2   0   0   2   1   0   0   2  1.16 0.60
  173 H     1   1   1   0  -3   0   1  -1   2  -3  -2   0   2   0  -1   0  -1   2   1  -1   16   8   9   5   0   4   8   3   6   0   3   6   6   5   2   7   2   3   5   3  0.14 0.18
  174 E     0   1  -1   0  -3   2   0   0   1  -1  -1   1   0   0  -3   2  -1   2   0  -1    9   7   2   5   0  10   6   7   3   3   5   8   3   4   0  16   3   3   2   3  0.11 0.15
  175 S    -1  -1   2   4  -4   0   2   1  -3  -2  -3  -1  -1  -5  -1   1  -1  -5  -4  -2    5   4  10  28   0   4  12   9   0   2   2   4   2   0   3  11   3   0   0   2  0.43 0.33
  176 L     0   1   1   2  -3   2   0   1  -2  -2  -2   1   1  -3  -1   0   0  -4  -1  -1    6   6   8  13   0  10   6  11   0   2   4   8   4   0   3   8   5   0   2   4  0.15 0.16
  177 L    -1  -1  -2  -2  -1  -2  -1  -4  -3   2   3  -3   1   3  -1  -1  -1  -2   0   1    3   4   2   2   1   2   4   0   0  13  31   0   4  16   3   4   2   0   2  10  0.26 0.20
  178 T     1   0   1   0  -3   0   0   1  -2  -1  -3   2  -2  -3  -2   1   2  -3   0   0   10   5   6   4   0   4   3  12   0   2   0  15   0   0   0  10  20   0   4   6  0.20 0.19
  179 A     2  -1  -2  -3   1  -2  -3   0  -3   1   0  -1   1  -1  -2   0   1  -3  -1   2   26   3   2   0   3   0   0   6   0   6  10   2   3   2   1   5   9   0   2  20  0.18 0.20
  180 I    -1  -4  -2  -3  -3  -1  -4  -5  -4   4   3  -4   3   1  -4  -3  -1   3   0   1    6   0   2   2   0   4   0   0   0  28  28   0   7   5   0   0   2   5   3   9  0.47 0.30
  181 G     0  -3   1  -3   3  -2  -3   0  -2   1   0  -3   2   2  -3   0  -1   5   2   0    8   0   8   0   8   0   0   8   0   8   8   0   8   8   0   8   0   8   8   8  0.20 0.17
  182 M    -1  -5  -5  -6   1  -4  -5  -3  -5   3  -1  -5   8  -4  -5  -4  -1  -5  -4   4    4   0   0   0   3   0   0   2   0  14   3   0  39   0   0   0   4   0   0  29  1.33 0.61
  183 H    -2  -2   4  -2  -6  -3  -4  -5   9  -6  -6  -4  -5  -5   0   1  -2  -6  -3  -6    3   1  20   2   0   0   0   0  54   0   0   0   0   0   4  11   2   0   0   0  1.92 0.78
  184 S    -2  -3  -2  -4  -5  -4  -4  -1  -1  -6  -4  -2  -5  -6   4   6  -1  -6  -5  -5    2   1   2   0   0   0   0   5   2   0   2   2   0   0  21  61   3   0   0   0  1.31 0.68
  185 A     2   0  -1   0  -3   0   0  -1  -2  -1  -1   2  -1  -1  -1   0   0  -4  -2   0   25   3   2   6   0   4   4   3   1   2   6  19   2   2   2   5   5   0   1   9  0.17 0.18
  186 T     0  -1  -2  -1  -2   1  -2  -4  -3   1  -1  -2   0  -2  -1  -1   2  -4  -2   4    9   3   2   4   1   6   2   0   0   7   3   2   2   1   3   4  13   0   1  36  0.33 0.27
  187 M     1  -1  -3  -4  -4   0  -1  -3   2  -1  -1  -1   1   2  -4  -2  -3   1   6   0   13   4   0   0   0   5   5   2   5   3   5   4   4   8   0   2   0   2  29   7  0.50 0.32
  188 A     2  -1   0  -1  -2  -1  -1   1   3  -2  -2   0  -2  -1  -2   0   2  -1   1  -2   22   3   5   2   1   3   3   9   9   2   3   4   0   2   2   5  16   1   6   2  0.20 0.19
  189 S     1   1   1   2  -3   1   0  -2   0  -2  -2   2  -1  -1  -2   0   1  -1   1  -2   11   6   8  13   0   8   6   2   1   2   4  12   2   2   0   7   8   1   5   2  0.15 0.14
  190 A    -1  -4  -4  -4   1  -3  -4  -2  -4   2   3  -4   5   1   0  -3  -3   2   0   0    6   0   0   0   3   0   0   3   0  12  37   0  16   5   5   0   0   3   4   3  0.51 0.33
  191 V    -1   2  -1   0  -3   1   1  -3  -2   0   0   1   1  -1  -2   0   0   1   0   0    4  15   2   5   0   9   8   0   0   7  11   9   4   2   0   4   4   3   4   7  0.11 0.12
  192 K    -1   1   1   1  -3   1   1   0  -2  -1  -2   3  -2   0   0   0   0  -3  -2  -2    5   6   5   7   0   6   6   8   0   3   4  26   0   6   3   6   4   0   0   3  0.18 0.17
  193 Q     1  -1   2   2  -4   4   0  -3  -3  -2   1   1   1  -4  -4  -1  -2  -5  -4  -2   11   2  12  14   0  24   4   1   0   2  13   7   4   0   0   2   2   0   0   1  0.43 0.37
  194 D     0  -1   5   4  -5   1   1   1  -1  -4  -5   1  -4  -6  -2  -2  -2  -6  -5  -5    7   2  28  20   0   8   9  11   1   1   0  10   0   0   1   1   1   0   0   0  0.68 0.45
  195 L     1  -1   0  -1  -3  -1  -2  -2  -3   0   3  -1   2   0  -2  -3  -2  -4  -2   0   13   3   4   4   0   3   3   3   0   3  39   4   5   4   2   0   2   0   1   7  0.27 0.26
  196 I     0  -2   0  -1  -3  -2  -2  -2  -3   4   1   0  -1   0  -2  -1   1  -4  -3   1    7   1   4   4   0   1   2   3   0  31  16   5   0   4   1   5   7   0   0   6  0.27 0.25
  197 E    -1  -3   3   3  -4   1   3  -2  -1  -3  -3   0  -2  -4  -1   0   2  -5  -3  -2    6   0  12  19   0   5  22   3   1   1   1   4   1   0   2   6  12   0   1   3  0.45 0.34
  198 F    -1  -2   0   0  -4  -1  -2  -2  -1  -2  -1  -1  -1   4  -3  -2   1   3   4  -1    4   1   4   5   0   3   2   3   1   2   7   4   2  23   1   2  12   4  17   3  0.40 0.31
  199 V     0   0  -1  -2  -3   0   0  -2  -1   2   0  -1   1  -2  -2   0   1  -1  -1   2    6   5   2   1   0   5   6   3   1  15  10   4   3   1   1   7   8   1   2  20  0.11 0.14
  200 K     0   2   0  -2  -4   1   0  -2   0  -3  -3   2  -1  -1   3   0   1  -4   0  -2    9  14   4   2   0   8   4   2   3   1   2  11   1   3  15   5   9   0   4   3  0.27 0.24
  201 D     0  -2   2   4  -4   0   0   0  -2  -1  -1  -1  -2  -2   2   0  -1  -4   1  -1    8   1   9  26   0   4   4   6   1   4   6   3   1   1   9   4   3   0   6   5  0.25 0.23
  202 S     2  -2  -1  -3  -3  -1  -1  -1  -2  -2  -2  -3  -3   1   1   4   2  -4  -2  -1   15   1   3   1   0   3   4   4   1   2   3   0   0   7   6  31  15   0   1   4  0.37 0.36
  203 Q    -1  -1   2   3  -4   3   2   0  -2  -1  -2  -1  -1  -3  -2   0  -1  -4  -3   1    4   2   9  19   0  15  13   8   0   3   2   2   2   1   1   4   4   0   0  10  0.30 0.27
  204 S     0   0   0   0  -3   1   0   2  -2  -1  -1   0   1  -1  -1   0   1  -3   0  -1    8   5   5   4   0   6   4  19   0   4   6   5   5   3   3   6  10   0   3   4  0.09 0.11
  205 G     0   0   3   1  -3   0   0   2  -2  -1  -1   0  -2  -3   0   0   1  -4  -3   0    5   4  16   8   0   4   5  15   0   4   7   6   0   0   5   6   8   0   0   7  0.15 0.16
  206 I     0  -1  -1  -1  -2   0  -2   0  -2   1   1  -1   1   0   0   0   1   0  -2   1   10   3   3   4   0   4   0   8   0   9  13   3   4   5   5   4   9   2   0  12  0.04 0.09
  207 R     0   0   0   0  -2   1   0   0  -2   0   0   0   1   0   1   0   0  -3  -2   0    6   6   6   6   0   6   6   6   0   6   6   6   6   6   6   6   6   0   0   6  0.04 0.06
  208 F    -2  -1  -4  -5  -4  -2  -3  -3  -3   4   1  -1   1   3  -4  -3  -1  -1   3   2    2   3   0   0   0   1   1   2   0  26  11   4   3  15   0   0   4   1   9  17  0.48 0.32
  209 P     1   0   0   1  -4   1   0   2  -2  -1  -2  -1  -3  -3   4   0  -1  -4  -2  -2   10   5   5   8   0   6   5  20   1   3   3   2   0   1  18   4   3   0   2   3  0.30 0.22
  210 T    -1   0   1   1  -4   0  -1  -1  -3  -3  -2  -1   1  -1  -2   0   4  -4   1  -1    5   6   6   7   0   3   4   4   0   0   3   2   4   2   2   7  37   0   6   4  0.37 0.34
  211 Y    -2  -4  -4  -2   0  -4  -2  -1  -3   2  -1  -4   0   4  -5  -1  -1   4   6   0    3   0   0   2   2   0   3   5   0  14   5   0   2  16   0   4   3   5  30   6  0.70 0.43
  212 M     0  -1   2  -2  -3   1  -1   3   0   0   1  -1   2  -1  -3  -1  -1   0   0  -1    7   3  13   1   0   6   3  22   3   6  14   3   7   2   0   1   2   2   4   3  0.17 0.19
  213 N    -3  -1   0  -1  -5  -2  -4   6  -4  -1  -5  -2  -5  -2  -1  -1  -2  -5  -5  -5    0   4   5   4   0   2   0  66   0   4   0   2   0   2   3   4   2   0   0   0  1.20 0.57
  214 K    -1   3  -2  -2   1  -1  -1  -1  -1   0   0   3   2   0  -3  -2  -2   1   0   0    3  16   0   2   3   1   2   6   1   6  10  23   8   3   0   2   0   2   4   6  0.22 0.22
  215 R    -1   4   0  -1  -4   2   0  -4  -3  -1   0   0  -1  -2   2   0   0  -4  -3  -2    3  26   3   3   0  11   4   0   0   4  11   4   1   2  11   8   7   0   0   2  0.32 0.27
  216 V    -2  -4  -1  -5   1  -4  -4  -5  -4   4   0  -4  -2  -1  -1  -2  -1   2   0   4    3   0   4   0   3   0   0   0   0  25   9   0   0   2   3   2   3   3   3  38  0.67 0.40
  217 I    -2  -3  -5  -5  -4  -4  -5  -2  -1   5   1  -2   2   1  -5  -3  -1  -4   0   3    2   1   0   0   0   0   0   4   1  35  14   2   5   5   0   1   3   0   3  23  0.65 0.39
  218 V     0   0  -2   0   2   1   0   0   2   0   0   0   1   0   1  -1   0  -3  -1   0    6   6   0   6   6   6   6   6   6   6   6   6   6   6   6   0   6   0   0   6  0.04 0.10
  219 D    -2  -3   0   5   0   0  -2  -2  -3  -3  -2  -2  -4  -4  -4   3   3  -5  -1  -3    2   0   4  30   2   4   0   3   0   1   5   2   0   0   0  25  18   0   2   1  0.62 0.46
  220 D    -2  -2   2   7  -5  -3   0  -2  -4  -5  -3  -1   0  -6  -1   0  -2  -6  -5  -5    2   2   8  60   0   0   5   3   0   0   2   3   3   0   3   6   2   0   0   0  1.20 0.62
  221 S     1   1   0   0  -1   0   0   0  -2   0  -2   1   0  -2   0   1   0  -3  -2  -1   13   8   2   6   1   4   4   7   0   6   3  13   2   1   3  15   6   0   1   3  0.11 0.13
  222 M     0  -1  -1  -1   1  -2  -1  -1  -3   2   2  -1   3   1   0  -1  -2  -3  -2   1   10   3   3   3   4   0   3   4   0  13  18   3   9   8   4   4   0   0   0  12  0.13 0.16
  223 P     2  -3   0  -1   0  -1  -1   0  -3  -3  -1   0  -3  -1   4   0   1  -4  -1  -1   17   0   4   3   2   3   4   7   0   0   5   5   0   2  23   6  12   0   2   4  0.34 0.27
  224 V     0  -1  -1   0  -2  -1  -1  -3   0   0   1  -1   1  -1   0   0   1   1   1   1    8   3   2   7   0   3   3   0   2   4  14   4   4   2   4   5  13   2   5  15  0.07 0.12
  225 E     0  -1   1   2  -2   0   0   0   0   0  -1  -1   0  -2   0   0   1  -3  -1   1    9   2   6  15   0   4   6   6   3   7   6   4   2   0   3   3   8   0   2  13  0.07 0.10
  226 T     0  -1   0   1  -2   0   0   0  -2   0  -1   0   0   1   0   0   1  -3  -2   0   10   2   5   8   0   5   4   9   0   6   6   6   2   8   4   6  13   0   0   6  0.05 0.08
  227 L     0  -2   0   0  -3  -1  -1   3   0  -1  -1  -2  -1  -2  -2   0   2  -3   0   0    7   2   3   6   0   1   3  28   2   3   6   1   2   2   2   5  15   0   4   8  0.23 0.21
  228 E     2  -2   0   0  -2  -1  -1   1  -1  -1  -2  -1  -1  -2   0   1   3  -3  -2   0   16   2   5   7   0   2   3  12   1   2   3   2   2   2   5   7  21   0   1   7  0.18 0.18
  229 D     0  -2   2   2  -3  -1   0   3  -2  -2  -3   0  -3  -2   1   0   1  -3  -3  -1    7   1  10  11   0   2   6  22   0   2   1   6   0   2   7   8   9   0   0   4  0.27 0.20
  230 G     2  -1   2   1  -3   0  -1   3  -2  -3  -3   0  -3  -2  -1   1   1  -3  -3  -2   17   3   9   7   0   3   4  21   0   1   1   5   0   1   2  11  10   0   1   3  0.26 0.20
  231 T     0   1   0   0  -3  -2   0   1  -2  -1  -1   1  -2   0   0   0   2  -3   0  -1    6   9   5   7   0   0   5  11   0   4   5   8   0   4   5   5  19   0   3   5  0.12 0.17
  232 K     0   0   1   1  -3   0   0   1   0   0  -2   1  -1  -1   1   0   1   1  -1  -1    5   5   6   7   0   4   6  11   2   6   3   9   2   3   8   4  11   2   2   4  0.08 0.09
  233 V     0   0   0   0  -2   1   0   0  -1   0   0   0   1   0   1   0   0  -2   1   0    6   6   6   6   0   6   6   6   0   6   6   6   6   6   6   6   6   0   6   6  0.03 0.06
  234 F    -2  -2  -1  -2  -2  -3  -3  -2   1  -2  -3  -1  -3   2  -4  -1  -1  -1   8   0    4   2   4   3   1   0   1   3   2   2   1   4   0   8   1   5   3   0  51   6  1.05 0.51
  235 T    -1   1   0   0  -3  -1   0  -2   0   0   1  -1  -1  -2  -1   0   3  -1  -1   0    3   8   3   6   0   1   6   3   3   7  13   3   1   0   3   4  27   1   2   5  0.14 0.18
  236 S     1  -3   1  -1   1  -2  -3  -2  -3  -1  -1  -2   1  -4  -3   2   4  -4  -3   0   11   0   7   2   3   1   0   2   0   3   6   1   4   0   0  18  34   0   0   6  0.43 0.34
  237 Y    -2  -4  -4  -3  -1  -3  -2  -3  -2   0   2  -4  -1   3   0  -3  -3   3   6   0    3   0   0   2   1   0   3   2   0   6  18   0   1  10   4   2   0   4  35   8  0.69 0.38
  238 L    -2  -4  -4  -4  -3  -3  -4   0  -4   3   3  -1   4   0  -4  -1  -2  -3  -1   2    2   0   0   0   0   0   0   7   0  19  36   3  10   4   0   4   0   0   1  11  0.49 0.31
  239 F     1  -3  -2  -4   0  -1  -3  -2  -3   1   2  -1   2   4  -4  -2  -1  -2   0   1   12   0   2   0   2   3   0   3   0   6  26   3   6  20   0   1   2   0   2  10  0.32 0.24
  240 G     1   0  -1  -3  -1   0  -1   5  -3  -4  -3   1  -3  -4  -2  -1   0  -4  -4  -1   14   5   2   0   2   3   3  44   0   0   1  10   0   0   2   2   6   0   0   5  0.57 0.34
  241 A     1   1   1   1  -3   0   0  -1  -2  -3  -2   0  -2  -4   3   1   1  -4  -2  -2   14   7   6   8   0   5   5   3   0   0   3   6   1   0  18  14   7   0   2   1  0.31 0.21
  242 G     0  -1   0   0  -4   0  -1   5  -3  -5  -2  -1  -4  -5  -4   0  -1  -5  -4  -4    8   3   4   4   0   4   3  55   0   0   4   4   0   0   0   6   4   0   0   0  0.82 0.41
  243 A     5  -4  -3  -4   0   0  -3   0  -4  -3  -2  -3  -3   1  -1   1   0  -4  -3  -1   57   0   0   0   2   4   0   6   0   0   3   0   0   6   3  10   5   0   0   4  0.70 0.45
  244 L    -1  -2  -4  -2  -3  -3  -4  -2  -3   3   2  -3   2   3  -1  -3  -1  -3   0   2    5   2   0   3   0   0   0   4   0  23  16   0   7  17   4   0   3   0   2  12  0.36 0.25
  245 G     2   1   0  -1  -3  -1  -1   2   0  -1  -1  -1   0  -3  -3   0   0   2  -1  -1   20   8   5   3   0   2   4  20   2   3   7   3   2   0   0   7   5   3   3   3  0.15 0.15
  246 Y    -1  -2  -3  -2   0  -2  -1  -4   2   0   0  -2   0   2  -2  -2   0   2   5   1    4   2   0   3   2   1   3   0   5   3  10   2   3   7   2   2   7   3  29  12  0.39 0.28
  247 A     2  -3   2  -1   0   1   0   3  -2  -2  -3  -2  -1  -4  -3   0  -1   1  -2   0   17   0  10   3   2   6   7  26   1   3   2   2   2   0   0   7   4   2   1   6  0.32 0.26
  248 E    -1  -1   1   2  -4   0   3  -1  -3  -2  -2   0   0   0  -1   0   0   1   0  -1    3   3   7  13   0   3  24   4   0   1   3   5   3   4   3   6   6   2   4   6  0.24 0.23
  249 G     1  -2   0   0   0   0  -2   3  -1   0  -1   1  -1  -1  -2   0  -2   1  -1  -2   11   1   4   5   2   4   2  27   1   5   6   9   2   3   2   8   2   2   2   2  0.20 0.19
  250 Q    -1   1   1   1  -4   3   0   0  -1  -3  -3   0   0   0   1   0   1  -4  -3  -1    5   9   7   7   0  14   5   6   1   1   2   6   3   4   8   8  10   0   0   4  0.20 0.21
  251 P     0   2  -1   1  -2   0   0  -2  -3  -2  -2   1   0  -1   5  -1  -1  -5  -3   0    7  11   2   8   1   4   5   2   0   1   4   7   3   2  26   3   4   0   1   8  0.39 0.29
  252 E     0   0   0   2  -3   1   1  -1   0  -1  -1   1   0   0   2  -1   0   2   0  -1    6   5   5  12   0   6   7   5   3   4   5   7   3   4   9   4   5   3   3   4  0.09 0.11
  253 V    -1  -1   1   1   1   0   0  -1   1   1   0  -1   1   0  -3   0   2  -3   0   1    4   3   9   9   3   3   4   3   3   7   7   4   4   3   0   5  13   0   4  10  0.08 0.13
  254 P     1   0   0  -1  -3   0   0   0   0   0  -2  -1   0  -1   4   1   0  -3   0  -1   11   4   4   3   0   4   5   6   3   6   3   3   3   3  19  10   4   0   4   4  0.19 0.18
  255 T    -1  -1   0   0  -3   0  -1  -3   1   2   0  -1   1   0  -3  -1   1  -3   1   2    5   3   5   5   0   4   3   0   3  12  10   4   3   5   0   4  11   0   5  18  0.12 0.16
  256 E    -1  -3  -1   0  -5   1   6  -3  -3  -3  -4  -1  -1  -2  -4  -1  -1   0  -1  -1    6   0   2   3   0   5  56   2   0   2   0   3   2   2   0   4   4   2   2   5  0.86 0.58
  257 T    -1   0  -1  -2  -3  -1  -1  -3  -3   1   0  -1   2   0   0   0   3  -3   1   2    3   5   3   2   0   2   3   0   0   9   6   4   6   3   5   4  23   0   6  15  0.19 0.24
  258 A     0  -2   0   4  -4   0   2  -1   0  -3  -2  -1  -3   0  -3  -1   1   0   0  -1   10   2   3  31   0   4  12   4   2   0   4   3   0   4   0   3   8   2   3   5  0.36 0.31
  259 R    -1   6   0  -1  -4   1   0  -1  -1  -4  -2   0  -3  -1  -1  -1  -1  -4   0  -3    4  47   3   4   0   5   4   5   1   0   4   4   0   2   3   4   4   0   3   2  0.64 0.43
  260 N    -2  -1   2   5  -5  -1   3   0  -3  -1  -3  -1  -1  -5  -4  -1  -2  -5  -4  -1    2   2  11  37   0   2  17   8   0   5   3   3   2   0   0   2   2   0   0   4  0.63 0.43
  261 A     1  -2   1  -2  -3  -1   1   0  -3   1  -1   1  -1  -4   4  -1   0  -4  -3   0   15   0   8   0   0   1   9   6   0  12   4   9   1   0  19   2   7   0   0   5  0.29 0.26
  262 L    -1  -1   0   1  -3  -1   0   2  -1  -1   1   0   0   0  -3  -1   0  -3  -1  -1    4   3   6   7   0   2   6  19   2   4  18   7   2   4   0   3   7   0   2   5  0.08 0.12
  263 G     1   0   1  -2  -4   0  -3   5  -1  -3  -3   0  -3  -4  -4   0   0  -4  -2  -2   11   4   5   1   0   3   0  44   1   2   3   7   0   0   0   7   6   0   2   2  0.59 0.38
  264 S     0  -1  -1  -1  -5  -3  -2   6  -4  -1  -2   1  -4  -3  -4  -1  -1  -5  -5  -3    6   3   3   3   0   0   3  55   0   5   3   9   0   1   0   4   3   0   0   1  0.83 0.46
  265 Q    -1   1   1  -1  -2   3   2  -3   0   0  -1   0   1  -3  -3   0   1  -4  -2   0    3   7   7   2   1  16  16   1   2   6   4   5   5   1   0   4  10   0   1   7  0.21 0.22
  266 D    -2  -2   2   4  -5   0   4  -3  -3  -5  -4  -2  -4  -5  -4  -1   4  -6  -5  -3    2   2  10  22   0   4  27   1   0   0   2   1   0   0   0   3  25   0   0   1  0.80 0.51
  267 I     0  -1   1  -1  -1   0  -1  -2  -1   2   0   0   0  -1  -3  -1   2   0   1   1    6   3   7   3   1   3   4   3   1  15   7   5   2   2   0   2  17   1   5  11  0.09 0.14
  268 L     0  -2  -2  -3  -2   1  -2  -2  -1   1   1  -2   2   2  -2  -2  -1   5   2   1   11   1   0   1   0  10   1   1   0  11  11   1  10  10   1   1   1  10  10  11  0.23 0.12
  269 I     1  -1  -1  -2  -3   2  -1   0   1   2  -1  -1   0   0  -3   0   0   4   1   0   11   3   3   0   0  11   3   6   4  14   4   3   3   3   0   5   6   6   5   8  0.11 0.13
  270 N     1  -1   0  -1  -3   0   0  -1   0   0  -1  -1   1   0  -1   1   2   1   1   0   12   3   5   3   0   3   7   3   3   5   3   3   4   4   2   9  17   2   5   8  0.09 0.13
  271 R    -5   6   0   3  -6   0   0  -5   1  -6  -5   0   0  -5  -5  -2   1   1   1  -5    0  43   3  15   0   3   6   0   3   0   0   4   2   0   0   3   8   2   6   0  0.98 0.55
  272 K    -2   3  -2  -2  -4   2  -1  -2  -1   0  -1   1   0   1  -2  -1   0   5   2   0    2  15   2   1   0  10   3   3   1   6   5  10   2   5   2   3   5   9   8   8  0.27 0.23
  273 H     0   1   1   0  -4   2   0  -1   5  -1  -3   0  -1  -2  -4   1   1   0   0  -1    7   9   5   5   0   8   6   5  15   3   1   4   1   2   0  11   8   2   3   4  0.27 0.24
  274 F    -4  -2   0  -2  -1  -2  -1  -1  -1  -1  -2  -2  -1   5  -3  -3  -3   5   5   0    1   2   6   3   1   2   4   5   1   3   3   3   2  24   2   1   2   7  21   6  0.69 0.41
  275 V     0  -2   1   1   2   1   0   0  -2   0   0  -1   1   1  -2   0   0  -2  -2   0    7   0   7   7   7   7   7   7   0   7   7   0   7   7   0   7   7   0   0   7  0.05 0.10
  276 L    -1  -3  -1  -1   1  -2  -2  -1   0   2   1  -2   2   1  -1  -1   0   2   2   1    4   0   4   4   4   0   1   4   3  15  16   1   7   7   4   4   4   4   7   9  0.12 0.14
  277 H     1  -1   0  -1   0   0  -1   1   8  -3  -2  -1   0  -1  -4  -1  -1  -4  -2  -1   11   3   3   3   2   4   3  11  38   0   3   3   2   2   0   3   3   0   0   5  0.69 0.43
  278 P    -3  -4  -4  -4  -4  -4  -4  -4  -4   1   1  -4  -2  -1   6  -1  -1  -4  -4   3    1   0   0   0   0   0   1   1   0   8  12   1   0   3  38   5   4   0   0  24  0.93 0.46
  279 R     0   2   1  -1  -3   1  -1  -1   1  -1   0   2   0   0   0  -1  -1   0   2  -1    8  11   7   2   0   7   0   5   4   2   8  13   2   4   6   2   3   1  10   5  0.11 0.14
  280 G    -4  -6  -4  -5  -6  -5  -6   7  -6  -6  -3  -5  -6  -6  -6  -4  -5  -6  -6  -2    0   0   0   0   0   0   0  92   0   0   3   0   0   0   0   0   0   0   0   3  2.29 0.86
  281 V    -1  -4  -4  -5  -2  -4  -4  -5   1   2  -1  -4   3   5  -4  -2   2   0   4   2    4   0   0   0   1   0   0   0   3  10   3   0   8  24   0   2  14   1  15  14  0.63 0.37
  282 K     2  -1   0   1  -4   0  -2  -1  -3  -3  -4   1  -2  -5  -3   4   1  -5  -4  -4   14   3   3   8   0   4   1   4   0   1   0  10   1   0   0  41   8   0   0   0  0.58 0.40
  283 F    -3  -5  -4  -2  -2  -3  -5  -5  -4  -2  -3  -5  -4   5  -6  -3  -5  10   5   0    2   0   1   3   1   1   0   0   0   2   2   0   0  26   0   2   0  35  18   6  1.80 0.70
  284 T     0  -1   2   0  -3   0   0  -1  -1   0  -1   2   0  -3  -2   0   3  -3  -3   0    7   2   9   6   0   4   4   4   1   5   6  17   2   0   1   4  21   0   0   7  0.18 0.20
  285 E     1  -1   1   1  -3   0   1   3  -2  -2  -2   0  -1  -1   0   0  -1  -4  -3  -2   10   2   9  10   0   3   9  25   0   3   4   7   2   2   5   5   2   0   0   2  0.23 0.20
  286 N     2  -2   0   1  -3  -1   0   1  -1  -2  -3   0  -1  -4   2   2   2  -4  -3  -1   16   0   4  10   0   1   5  10   1   1   2   6   1   0  10  15  13   0   0   3  0.26 0.24
  287 A     2  -2   0   0  -3   0  -1  -1  -1  -1  -2   0   0  -2   0   1   2   0  -1   1   18   0   4   5   0   3   3   3   1   2   2   6   3   2   5  10  18   1   2   9  0.15 0.20
  288 M     0   0   1  -1  -1   0  -1  -1  -1   0  -1  -1   0  -2   2   1   2  -3  -1   1    6   4   8   3   1   4   4   3   2   7   5   0   3   2   9   9  15   0   2  13  0.10 0.13
  289 A     3  -2  -1  -1  -3  -1  -1   2  -3  -1  -3   0  -1  -4   0   1   2  -4  -2  -1   30   2   3   2   0   2   3  14   0   3   1   6   1   0   5  10  14   0   2   3  0.31 0.28
  290 G     1  -3   1  -1  -3  -1  -1   4  -3  -2  -3   0  -3  -2   1   0   1  -4  -1  -2    9   0   8   4   0   1   3  35   0   2   2   7   0   2   6   7   8   0   2   2  0.38 0.28
  291 T     0   0   0   1  -2   1   1  -1   0   0  -1   1   0  -2   0   0   1  -3  -2   0    8   4   5   9   0   9   9   4   2   7   4   8   2   1   3   8   8   0   0   8  0.09 0.10
  292 T     0  -2   2  -2  -3  -1  -2   2  -3  -4  -3  -2  -2   0  -2   4   2  -4   0  -3    6   2   9   1   0   2   2  15   0   0   2   2   1   4   2  36  13   0   3   0  0.47 0.39
  293 P     1  -5  -1  -5  -6  -1  -4  -2  -1  -5  -4  -4  -5  -1   7  -2  -3  -6   0  -3   10   0   3   0   0   3   0   3   2   0   2   0   0   3  65   2   1   0   3   2  1.67 0.80
  294 T     0  -2   2   0  -4  -2  -2  -2  -4  -3  -1  -3  -2  -4  -1   2   5   1  -1  -2    5   2   8   4   0   1   2   2   0   0   5   0   1   0   2  15  46   2   2   2  0.66 0.49
  295 D    -1   0   4   3  -4  -1  -1  -2  -2  -2   1   0  -1  -1  -1  -2  -1   2  -1  -2    4   6  22  19   0   2   2   3   0   2  15   7   2   2   3   1   4   4   2   2  0.29 0.27
  296 E     4  -4  -2   0   0  -2   0  -2  -4  -2  -3  -2  -3  -5  -4   1   3  -5  -4  -1   45   0   1   6   2   1   6   1   0   1   2   2   0   0   0  10  18   0   0   4  0.65 0.47
  297 E    -1  -3   1   5  -6   3   5  -3  -3  -4  -5  -2  -4  -6  -4  -2  -2  -6  -5  -1    5   0   6  29   0  14  34   1   0   1   0   2   0   0   0   1   2   0   0   5  0.92 0.55
  298 L    -3  -5  -6  -2  -4  -5  -6  -7  -5   1   6  -6  -1   0  -6  -5  -4  -4   1  -1    2   0   0   2   0   0   0   0   0   5  79   0   0   4   0   0   0   0   5   3  1.37 0.62
  299 A     4   0  -1  -1  -3   0   2   0  -3  -2  -3   0  -3  -2  -3   1  -1  -5  -3  -2   42   5   2   2   0   4  15   7   0   2   1   5   0   2   0   8   3   0   1   1  0.45 0.34
  300 N     1  -3   3   2  -3  -1  -2  -1   0  -3  -1   0  -2  -4  -3   1   4  -5  -4  -1   13   0  13  11   0   2   1   3   2   0   7   7   1   0   0   8  29   0   0   4  0.38 0.31
  301 G     4  -3  -3  -1  -4  -2  -2   3  -4  -3  -4   0  -4  -3   2   0  -1  -5  -4  -2   38   0   0   3   0   1   2  27   0   1   0   7   0   1   9   7   3   0   0   2  0.64 0.40
  302 A     4  -3  -1   1  -3  -3  -1   0  -4  -4  -4  -1  -4  -5  -1   1   3  -5  -4  -2   42   1   2   8   0   0   2   7   0   0   0   3   0   0   2  10  21   0   0   2  0.61 0.41
  303 N    -1  -3   7  -2  -5  -2  -3  -4   0  -5  -2  -1   0  -6  -5   1   0  -6  -5  -4    6   1  61   0   0   1   1   0   2   0   4   4   3   0   0  12   6   0   0   1  1.28 0.63
  304 W    -7  -7  -8  -9  -7  -7  -7  -7  -1  -7  -6  -8  -6   0  -8  -7  -7  12   4  -7    0   0   0   0   0   0   0   0   2   0   0   0   0   4   0   0   0  83  12   0  4.18 1.28
  305 Q    -1  -1   2   3  -2   2   3  -3  -3  -4  -3   1  -3  -5  -2   1   2  -5  -4  -3    5   1   8  18   1   9  19   1   0   0   1   9   0   0   1   7  18   0   0   2  0.46 0.32
  306 R    -1   5  -3  -4   0  -1  -2  -5  -3  -1   2   2   2  -3   0  -3  -3  -4  -2  -1    4  37   0   0   2   2   1   0   0   2  21  14   5   0   4   0   0   0   1   5  0.61 0.39
  307 V     2  -3  -4  -2  -4  -2  -3  -5   0   2  -2   2  -2  -4  -4  -2  -2  -5  -3   5   17   1   0   2   0   1   1   0   2   8   0  12   0   0   0   2   1   0   1  52  0.77 0.47
  308 Y     0  -2   0  -3  -4  -3  -4  -2  -2   0  -1  -2   1   4  -2  -2  -1   3   5   2    9   1   5   2   0   1   0   3   0   4   4   1   5  17   2   2   3   4  23  14  0.43 0.30
  309 D    -2  -3   2   6  -6  -1   3  -4  -3  -6  -6  -1  -5  -6   2   0  -1  -6  -5  -5    2   1   8  47   0   2  22   0   0   0   0   2   0   0   9   5   3   0   0   0  1.11 0.52
  310 P    -1   4  -1   1  -5   0  -2  -2   4  -2  -3   0  -2  -4   4  -1  -1  -5  -3  -1    4  26   2  10   0   3   1   2  10   2   2   3   1   0  21   4   3   0   0   6  0.53 0.33
  311 K    -1   4  -2  -1  -6  -1   0  -5  -4  -6  -6   7  -5  -6  -4  -3  -4  -6  -5  -5    5  18   1   4   0   2   5   0   0   0   0  65   0   0   0   1   0   0   0   0  1.43 0.64
  312 K     0  -1   5   1  -2   2  -1  -3   2  -4   0   1   0  -2  -4  -1  -2  -4  -1  -4   10   1  33   6   1   9   2   1   4   0  11  11   2   1   0   3   1   0   2   0  0.45 0.32
  313 I    -2  -5  -3  -6  -1  -5  -6  -6  -6   6   0  -5  -1  -1  -5  -4  -1  -5  -4   4    2   0   1   0   1   0   0   0   0  52   4   0   1   2   0   0   4   0   0  32  1.21 0.52
  314 R     0   1  -1  -3  -5   0  -3   3  -1  -5  -3   1  -4  -5   5  -1  -2  -5  -3  -4    9  10   3   0   0   5   0  24   1   0   2   8   0   0  34   2   1   0   1   0  0.81 0.39
  315 I    -3  -5  -5  -6  -1  -4  -5  -2  -5   5   2  -5   4   2  -5  -4  -3  -4  -3   3    1   0   0   0   1   0   0   4   0  33  20   0  11   9   0   0   0   0   0  21  0.80 0.39
  316 V     4   1  -4  -5  -2  -4  -4  -2  -5   1  -3  -3  -2  -4  -4  -2  -2  -5  -4   5   36   9   0   0   1   0   0   3   0   6   0   0   0   0   0   2   1   0   0  43  0.80 0.45
  317 Q     2   3  -3  -2   0   0   0  -3  -3  -1  -1   1   1   4  -4  -1  -3  -3  -1  -2   21  17   0   2   2   5   5   1   0   3   5   9   4  22   0   2   0   0   1   1  0.33 0.27
  318 F    -4  -5  -5  -6  -4  -5  -5  -6  -4   4   4  -5   1   2  -4  -5  -3  -3   4   1    0   0   0   0   0   0   0   0   0  25  41   0   2   8   1   0   0   0  16   7  0.90 0.41
  319 K    -1   2  -2  -2  -4   1   0  -1  -3   3  -1   3  -2  -4  -3  -2   1  -4  -3   0    3  14   1   1   0   6   4   5   0  23   3  26   0   0   0   0  11   0   0   4  0.37 0.28
  320 H    -1  -3  -2  -4   3  -3  -3  -4   5  -3  -3  -3  -3   3  -3   2   4  -4  -1  -2    4   0   0   0   6   0   0   0  19   1   1   0   0  15   1  18  32   0   1   1  0.74 0.42
  321 R    -3   3   1  -1  -5   1  -2  -2  -3  -4  -3   5  -3  -5  -2  -1   2  -5  -1  -4    0  16   6   3   0   4   0   2   0   0   2  50   0   0   1   2  13   0   2   0  0.79 0.38
  322 L    -1  -3  -4  -4  -3  -3  -1  -4   0   4   2  -2   0  -2  -2  -3  -2  -4  -2   3    4   0   0   0   0   0   4   0   2  34  23   3   0   0   2   0   0   0   0  28  0.51 0.23
  323 Q     2  -2  -1   3  -3   0   2  -1   0  -3  -3  -1  -3  -4   3   1   0  -4  -3  -2   19   0   0  22   0   1  13   4   2   0   0   2   0   0  18  10   7   0   0   2  0.43 0.17
  324 A     6  -3  -2  -3  -2  -2  -2  -1  -3  -3  -3  -2  -2  -3  -2   1  -1  -4  -3  -1   93   0   0   0   0   0   0   0   0   0   0   0   0   0   0   7   0   0   0   0  0.91 0.25

                      K         Lambda
Standard Ungapped    0.1314     0.3154
Standard Gapped      0.0428     0.2670
PSI Ungapped         0.1400     0.3179
PSI Gapped           0.0428     0.2670
