
Last position-specific scoring matrix computed, weighted observed percentages rounded down, information per position, and relative weight of gapless real matches to pseudocounts
            A   R   N   D   C   Q   E   G   H   I   L   K   M   F   P   S   T   W   Y   V   A   R   N   D   C   Q   E   G   H   I   L   K   M   F   P   S   T   W   Y   V
    1 M    -5  -6  -6  -7  -5  -5  -6  -7  -6   0   0  -6  10  -2  -7  -6  -5  -5  -5   0    0   0   0   0   0   0   0   0   0   4   4   0  85   1   0   0   0   0   0   6  2.79 0.99
    2 G    -1  -1   4  -3  -5  -3  -2   5  -4  -6  -6  -2  -5  -6  -2   1  -2  -6  -5  -5    4   3  24   0   0   0   2  49   0   0   0   1   0   0   2  12   2   0   0   0  1.08 0.51
    3 L    -1  -4  -6  -6  -4  -5  -6  -4  -5   4   3  -5   2   2  -6  -4  -4   7  -3   1    4   1   0   0   0   0   0   1   0  24  31   0   4   7   0   1   0  18   0   9  1.01 0.48
    4 L    -2  -5  -4  -6  -4  -5  -5  -4  -3   4   4  -4   3   3  -5  -3  -3   0  -1   1    2   0   1   0   0   0   0   1   1  24  40   1   8  11   0   2   1   1   1   7  0.80 0.43
    5 K     0   1   0   4  -5   0   0   0  -3  -5  -3   1  -2  -5  -1   2   0  -2  -5  -4    9   8   3  29   0   3   5   6   0   0   2  10   1   0   3  14   6   1   0   0  0.46 0.33
    6 R    -1   7   0  -5  -7   0  -2  -5  -2  -6  -5   2  -2  -1  -2  -1  -2  -2  -5  -6    5  61   4   0   0   4   2   0   1   0   1   9   1   3   3   4   2   1   0   0  1.34 0.68
    7 A     3   0  -4  -4  -3  -2  -4  -2  -4   3   1  -1   0  -1  -2  -1  -1   3  -1   1   26   6   0   1   0   2   0   2   0  19  15   3   2   3   1   3   3   5   2   9  0.32 0.27
    8 A     1   0  -1  -1  -3  -1  -1   0  -2   1   0   1   0  -1  -1   2   0   0  -1   0   15   4   1   3   0   1   3   7   1   8  10  11   2   3   2  17   3   2   1   5  0.08 0.13
    9 R     0   4  -2   0  -4   0  -1   0  -2  -2  -2   1  -2  -1   4   0  -2  -4  -3  -1    8  24   1   5   0   3   2   6   1   2   5   6   1   3  19   7   1   0   0   4  0.39 0.28
   10 A     4  -1  -1  -2  -2  -1  -1   0  -3  -1  -2   0  -3   1  -2   1   0   0  -1  -1   39   3   2   2   1   3   3   7   0   3   3   5   0   6   2  10   4   1   2   4  0.33 0.29
   11 W     0   0  -3  -3  -4  -1  -2   0  -1   1   0  -2   2   2   0  -1  -3   7   0  -1    8   6   1   1   0   3   2   7   2   8   7   2   6  10   6   4   1  18   2   5  0.43 0.29
   12 K     2   3  -1   0  -4   1  -1  -1  -2  -3  -2   1  -3  -2   0   2   0  -2  -3  -2   17  19   3   4   0   6   4   3   1   1   4  10   0   2   5  15   4   0   0   3  0.27 0.25
   13 L     0   0  -1  -1  -3  -1  -2  -2  -3   1   1   0   1   0   2   0   0  -2  -1   1    9   6   2   4   0   2   2   3   0   8  15   4   5   5  12   5   5   0   2  11  0.11 0.12
   14 A     2   1  -1  -1  -3   0   0  -1  -1  -1  -1   0   0   1   0   0   0  -1  -2   0   23   8   2   4   0   4   7   3   1   3   5   6   2   9   5   5   5   1   1   9  0.11 0.15
   15 G     2   3  -1  -1  -2  -1  -2   2  -3  -3  -3   0   0  -2   0   0  -1   2  -2  -2   22  19   3   4   1   2   1  15   0   1   1   6   2   1   5   6   4   3   1   3  0.31 0.27
   16 Q     1   4  -1  -2  -3   3  -1  -1  -1  -2  -2   0  -2  -1   1   0  -1  -1  -2  -2   11  25   3   1   0  16   4   6   1   3   3   3   1   3   6   6   3   1   1   3  0.32 0.28
   17 A     2   0   0  -2  -3   1   0   0  -2  -1   0  -1   0  -1   1   1   0  -4  -2   0   19   6   3   1   0   7   5   6   1   3  10   3   2   2   7  11   4   0   1   9  0.10 0.14
   18 D     1   3   0   1  -3   0   0  -1   0  -3  -1   0  -1   0   2   1  -1   2   0  -2   11  16   5   8   0   3   4   3   2   1   5   6   1   5  10   9   4   3   2   2  0.17 0.17
   19 S     2   3  -2  -2  -3   0  -2   1   0  -2  -1   0  -2  -2  -2   2   1  -4  -2  -1   21  16   1   1   0   3   1  11   2   2   7   4   1   1   2  14   7   0   1   4  0.24 0.24
   20 P     2   2  -2  -4  -4   0  -1  -3  -3  -1  -2   0  -1  -3   5  -1   0  -3  -3  -1   20  11   1   0   0   3   4   1   1   5   5   5   1   1  27   4   6   0   1   3  0.52 0.36
   21 P     1   2  -2  -3  -5   0  -2  -2  -3  -2  -3   1   1  -3   6  -2  -2  -3  -1   1   10   9   1   1   0   4   2   3   1   2   3   9   3   1  35   3   1   0   2   9  0.65 0.40
   22 A     3   2  -3  -2  -3  -1  -2   1  -2  -2  -1   0   1  -4  -1   0  -1  -2  -4   0   31  13   1   2   0   3   2   9   1   1   7   4   4   0   3   8   3   1   0   7  0.30 0.27
   23 Q     1   3  -1  -1  -4   3   0  -2   0  -3  -1   1   1  -3   0  -1  -2   2   0  -1   13  18   2   3   0  15   5   3   2   1   5   7   4   1   5   4   2   3   3   4  0.27 0.25
   24 P     2   3  -1  -2  -4  -1  -1  -1  -1  -2  -2  -2  -1  -2   4  -1   0   0  -2   0   16  17   3   2   0   3   3   5   2   2   4   2   2   2  21   4   5   1   2   6  0.34 0.27
   25 A     4   0  -2  -2  -4   1  -1   0  -1  -2  -1  -1  -1  -2  -2   0  -1  -3  -1  -1   39   6   2   2   0   5   3   7   2   2   5   4   2   2   2   7   3   0   2   5  0.34 0.30
   26 R    -1   6  -2  -4  -6   2  -2  -3  -1  -3  -2   2  -4  -5   0  -2  -1  -4  -3  -2    5  49   2   1   0   8   2   2   1   2   4   9   0   0   5   3   3   0   1   3  0.98 0.56
   27 K     1   3  -2  -2  -4   2  -1  -1   0  -1  -1   1   1  -2  -1   0   0  -4  -2   0   12  20   1   2   0   8   3   5   3   3   6   9   5   1   3   8   5   0   1   6  0.20 0.21
   28 E     2   2  -1  -2  -4   3   0  -1   0  -2  -2   0   1  -1  -1   0  -1  -1   0  -1   20  12   2   2   0  13   7   5   3   2   3   4   4   3   3   7   2   1   3   4  0.20 0.22
   29 P     0   2  -1  -3  -4   0  -1  -1  -1  -1   1  -1   1  -3   4   0  -1  -2  -3  -1    7  14   3   1   0   4   4   6   2   3  13   4   4   1  19   7   2   0   1   4  0.26 0.23
   30 T     2   0   0   1  -2   1   0   0   0  -2  -1  -1   0  -2   0   1   1  -1  -2  -1   17   6   5   7   0   6   5   8   3   2   5   2   2   2   5   9  11   1   1   4  0.10 0.13
   31 L     1   0  -3  -3  -3   0  -2  -1  -2   1   2  -2   3   0  -2  -1  -2   0  -1   1   15   5   1   2   0   6   2   5   1   8  22   2   7   4   2   3   2   1   2  11  0.19 0.19
   32 T     1   2  -1  -3  -3   1  -1   0  -2  -1  -1   1   1  -3  -2   0   1  -3  -1   1   12  12   2   1   0   6   3   8   1   4   5   9   4   1   2   8  11   0   2   9  0.14 0.17
   33 R     2   7   1  -5  -6  -2  -5   0  -3  -6  -5  -2  -2  -5  -5   0  -3  -4  -6  -5   14  53   5   0   0   2   0   9   0   0   1   1   1   1   1   8   2   0   0   1  1.28 0.72
   34 T     2   2   1  -1  -5   0  -2   2   0  -4  -4  -1   0  -2  -2   3  -1  -2  -1  -4   20  10   6   3   0   4   1  17   2   1   1   3   3   2   2  19   3   1   2   1  0.37 0.34
   35 F    -5  -4  -6  -7  -8  -7  -6  -8   1  -3  -2  -7  -6   5  -8  -7  -5   2   9  -5    1   1   0   0   0   0   1   0   3   1   4   0   0  19   0   0   1   2  64   1  2.53 1.15
   36 K     0   0  -1   5  -7   0   4  -2  -1  -6  -5  -1  -3  -5  -5  -2  -1  -7  -6  -4    9   5   3  33   0   4  27   3   1   0   1   3   1   0   0   3   3   0   0   1  0.91 0.58
   37 M     6  -4  -5  -7  -6  -4  -6   4  -7  -5  -6  -5  -2  -8  -4   0  -4  -8  -7  -4   54   1   0   0   0   1   0  31   0   1   1   0   1   0   1   6   1   0   0   1  1.50 0.84
   38 A     7  -5  -6  -7  -6  -4  -5   2  -4  -5  -6  -5  -6  -8  -4  -1  -3  -8  -4  -2   73   0   0   0   0   1   1  12   0   1   1   0   0   0   1   5   1   0   1   3  1.73 0.94
   39 R     0   3   0   0  -5   2   0   2  -3  -4  -4   2  -1  -5  -3   2  -1  -6  -4  -3    7  16   4   5   0   9   5  15   0   1   2  11   1   0   1  17   4   0   0   2  0.41 0.34
   40 Q    -1   2   0  -1  -3   1  -1  -1   2  -2  -2   0   0  -3   1   1   3  -3   0   0    3  11   5   2   0   6   3   5   6   2   3   6   2   1   8   9  17   0   3   7  0.21 0.23
   41 T    -2  -2   1   3  -6  -3  -3   4  -2  -5  -5  -1  -5  -5  -4   3   2  -4  -6  -5    3   2   7  14   0   1   1  30   1   1   1   4   0   0   1  21  13   0   0   1  0.77 0.53
   42 R    -2   7  -2  -1  -7  -1  -4  -1   0  -7  -6   0  -6  -6   1  -3  -1  -5  -6  -6    3  60   2   4   0   3   1   6   2   0   1   4   0   0   8   2   3   0   0   1  1.49 0.80
   43 L    -2   5  -2  -2  -5  -1   0  -3  -1  -3   2  -2  -1   0  -1  -1   1  -3  -1  -2    3  31   2   3   0   3   7   2   2   1  20   2   1   4   3   4   8   0   2   2  0.47 0.37
   44 N     0   1   3  -2  -4  -2  -3  -2   1  -1   1  -2   3   0  -4   1   3  -3  -2  -2    8   7  13   2   0   2   1   4   3   3  13   2   8   4   1   9  17   0   1   2  0.27 0.27
   45 N     2   2   0   0  -4   1  -1   1  -2  -3  -3   1  -1  -3  -3   2  -1  -3  -1  -2   18  13   4   5   0   6   4  10   1   1   3  10   2   1   1  14   3   0   2   2  0.25 0.25
   46 S     0   0   3   2  -5  -2  -1   3   1  -4  -3  -1  -2  -4  -1   2   0  -1  -3  -4    6   5  12  13   0   1   3  23   4   1   3   4   1   1   2  14   5   1   1   1  0.41 0.31
   47 W    -5   0  -5  -6  -6  -4  -6  -3   2  -5  -4  -5  -3   3  -4  -4  -4  12   0  -5    1   5   1   1   0   1   1   3   4   1   2   1   1  10   2   1   1  61   2   1  2.91 1.20
   48 T     0   1   1   0  -3   1  -1  -1   0  -1  -1   0   0   0   0   0   1   3   0  -1    6   8   8   5   0   6   2   5   3   4   7   4   3   4   4   7   9   5   3   5  0.07 0.09
   49 G     2  -1  -2  -2  -4  -1  -3   1  -3  -2  -2  -2   0  -2   5  -1   0  -1  -3  -1   19   3   2   2   0   2   2  10   1   2   4   2   2   2  28   4   7   1   1   4  0.51 0.35
   50 R     0   3   0  -2  -4   0  -2   0  -1  -2  -2   0   1  -2   3   1   0   2  -1  -1    8  16   5   2   0   3   2   6   1   2   3   6   3   1  15  10   6   3   2   4  0.25 0.22
   51 S     1   1   1   0  -3  -1  -2   0  -2  -1  -1  -1  -1  -2   2   1   1  -4  -2  -1   12  10   8   6   0   2   1   8   1   4   8   4   1   1   9  12   9   0   1   3  0.14 0.16
   52 N     0   1   1   1  -4   1   0   0  -2   0  -1  -2  -1  -3  -1   1   2  -3  -2   0    8   8   7   8   0   6   5   6   1   5   5   1   1   1   3  11  15   0   1   6  0.13 0.16
   53 A     0  -2   0  -2  -4  -3  -2   3  -2  -2  -1  -2  -1  -2   0   4   0  -2  -2  -3    8   2   4   2   0   1   2  20   1   2   6   2   1   1   5  33   6   1   1   2  0.48 0.38
   54 G     2   1  -2  -2  -3  -1  -2   3  -2  -2   0  -1  -1  -2   1   0   0   0  -2  -1   18   8   2   3   1   3   2  21   1   2   8   3   1   1   8   7   6   1   1   4  0.22 0.19
   55 D    -1  -2   2   4  -4  -2  -2  -1   1  -4  -4  -2  -4  -4  -1   4   0  -3  -3  -3    6   3  10  21   0   2   2   5   3   1   2   2   0   1   3  30   5   0   1   2  0.61 0.39
   56 A     5  -3  -4  -3  -5  -2  -3  -1  -2   2  -3  -4  -1  -1   3  -2  -2  -6  -3   0   44   1   1   1   0   2   2   4   1  10   2   1   2   3  14   3   2   0   1   7  0.74 0.50
   57 D    -2  -1   6   5  -4  -2   2  -3  -2  -4  -5  -2  -5  -6  -4  -2  -3  -5  -5  -4    4   3  32  32   0   2  12   2   1   1   1   2   0   0   1   3   2   0   0   1  1.13 0.63
   58 H     2   0   0   1  -3   2   1  -1  -1  -2  -2  -1   0  -3  -2   2   1   0  -1  -2   17   4   4   7   0   8  10   5   2   2   3   2   2   1   2  14   9   2   2   3  0.19 0.19
   59 V     2  -2  -2   3  -3  -1   2  -3   0   0   1  -3  -1  -3  -3  -1   0  -3  -2   0   19   2   1  14   0   3  17   1   3   6  13   1   1   1   1   4   5   0   1   6  0.27 0.25
   60 I     0  -4   0  -2  -4  -4  -4  -4  -3   5   2  -5   1  -2  -3  -1  -1  -1  -1   2    8   1   4   2   0   1   1   1   1  30  20   0   4   1   1   4   4   1   2  13  0.56 0.36
   61 Y     1   2   1  -1  -3   0   0   0  -1  -1   1   0   0  -1  -1   1   0  -1   0  -2   10  13   6   4   0   4   5   8   2   3  16   4   2   2   2  10   4   1   3   2  0.08 0.13
   62 K     1   2   0  -2  -4   1  -1   1  -1  -3  -3  -1   0  -3   4   1  -1  -1   0  -3   12  12   4   2   0   7   3  10   1   1   2   3   3   1  17  11   4   1   4   1  0.31 0.29
   63 D     2  -2   1   4  -5   0   2   1  -1  -4  -5  -3  -5  -4  -5   2  -1  -3  -2  -3   18   2   7  21   0   5  11   9   2   1   1   1   0   1   0  14   4   0   2   2  0.51 0.40
   64 H     0   4  -3  -6  -6  -1  -4   0  -1  -1   4   0  -1  -2  -6  -3  -4   2  -2  -2    9  23   1   0   0   3   1   7   2   3  35   4   1   1   0   2   0   3   1   2  0.63 0.45
   65 E     0   3  -1   2  -4   1   1  -1  -1  -3  -2   1  -4  -4   2   0   0  -2  -3  -2    7  15   3  12   0   6  10   5   1   1   3   7   0   0  12   8   5   1   1   3  0.29 0.26
   66 T     0   2   0  -1  -4   0  -1  -3  -4   1   0   0   0  -3  -2   0   3  -3  -2   0    8  13   3   3   0   4   4   2   0   7   8   6   2   1   2   5  23   0   1   8  0.25 0.26
   67 L     0  -5  -7  -7  -5  -3  -7  -5  -7   3   5  -7   3  -4  -7  -5  -4  -7  -6   1    7   1   0   0   0   1   0   1   0  14  56   0   7   0   0   1   1   0   0   9  1.25 0.67
   68 R    -1   7  -3  -1  -3   0  -4  -5  -6  -1  -2  -2   1  -7  -7  -3  -2  -4  -4   1    6  57   2   3   1   3   1   1   0   3   4   1   3   0   0   2   3   0   1   9  1.31 0.74
   69 Q     4   0   2   1  -5   0   1   0  -2  -4  -4  -1  -3  -4  -3   1  -2   0  -3  -4   33   5  11   8   0   5   9   6   1   1   1   3   1   1   1  11   1   1   1   1  0.50 0.41
   70 R    -3   8  -3  -5  -8   1  -3  -6  -2  -3  -3  -1  -3  -6  -8  -4  -3  -6  -2  -4    3  71   1   1   0   6   1   1   1   2   3   3   1   0   0   1   2   0   2   2  1.93 0.99
   71 A     5  -6  -5  -6   2  -4  -6  -3  -4  -2  -5  -6  -1  -6  -6   5  -1  -8  -7  -1   40   0   0   0   3   1   0   2   0   2   1   0   1   0   0  40   4   0   0   4  1.32 0.82
   72 R    -2   8  -3  -4  -6  -2  -2  -7   0  -3  -4  -3  -6  -9  -8  -4  -5  -3  -5  -4    3  78   2   1   0   2   2   0   2   2   2   1   0   0   0   1   1   1   0   1  2.26 1.12
   73 E    -1  -4  -1   6  -8   1   2  -4   3  -7  -7  -4  -4  -3  -7  -2  -3   3   3  -6    6   1   2  45   0   6  10   1   7   0   0   1   1   1   0   4   2   3  10   0  1.19 0.71
   74 Q     2  -5  -6  -7  -5  -1   0  -5  -5  -1   5  -5   4   0  -7  -4  -3  -6  -3  -2   14   1   0   0   0   3   7   1   0   3  52   0   9   3   0   1   1   0   1   2  0.99 0.61
   75 S     2  -2  -3   0   1  -2   1  -3  -1   1  -2  -3   0   0  -5  -1  -2  -1   3   4   16   2   1   6   3   1   9   2   1   6   3   1   2   3   0   4   2   1  10  26  0.36 0.32
   76 I     0   7  -2  -3  -8   2   0  -5  -1  -3  -2  -1   1  -3  -7  -4  -3  -5  -4  -3    8  54   2   1   0   7   5   1   2   2   4   4   4   1   0   1   1   0   1   2  1.24 0.73
   77 N    -5  -5   9   0  -9  -4  -4  -3  -5  -8  -8  -4  -6  -8  -9  -2  -2 -10  -7  -7    1   1  80   5   0   1   1   2   0   0   0   1   0   0   0   4   2   0   0   0  2.59 1.25
   78 S    -4  -5   7   4  -3  -3  -3  -4   2  -6  -6  -6  -3  -1  -7   1  -1  -9  -2  -3    2   0  47  21   1   1   2   1   5   0   1   0   1   3   0  10   3   0   1   2  1.44 0.81
   79 G     1  -7  -4   2  -2  -6  -2   3  -4  -6  -6  -4  -3  -6   6   0  -2   1  -6  -4   10   0   1  12   1   0   2  21   0   0   1   1   1   0  37   7   2   2   0   2  1.09 0.68
   80 Y    -4  -4  -3  -7  -5  -4  -6  -7   3   3   2  -5   0   2  -4  -4  -3   6   6   0    2   1   2   0   0   1   0   0   7  13  16   1   2   6   1   1   2  11  28   6  1.10 0.62
   81 A     6  -7  -7  -7  -1  -6  -6   0  -5   1  -1  -6   0  -1  -5  -3  -3  -5  -2   2   53   0   0   0   2   0   0   6   0   9   6   0   3   2   0   1   1   0   2  13  1.08 0.67
   82 K     3   4   0  -3  -4   0  -1   0   0  -3  -4   2  -3  -2  -4   1   0  -4  -4  -2   23  19   5   1   0   3   3   6   2   1   1  14   0   2   0  10   5   0   0   3  0.44 0.37
   83 R     1   3   1  -4  -5   0  -4   5  -2  -7  -7   1  -5  -6  -6   2  -3  -1  -7  -6   12  15   7   1   0   4   1  36   1   0   0   7   0   0   0  13   2   1   0   0  0.86 0.57
   84 F     5  -7  -7  -7  -4  -6  -6   1  -6   3  -1  -6   1   2  -4  -3  -4  -2   2   0   41   0   0   0   0   0   0  12   0  16   5   0   3   7   1   1   1   1   6   7  0.87 0.57
   85 Y    -2  -3  -6  -4   0  -3  -4  -5  -5   4   2  -2   0  -1  -5  -4  -2  -7  -3   4    3   1   0   1   2   2   1   1   0  25  21   3   2   2   0   1   2   0   1  30  0.85 0.49
   86 R    -1   3   3   4  -5   2   2  -1  -1  -5  -3  -1  -2  -5  -5   0   0  -2  -5  -5    5  17  12  20   0   8  12   4   1   0   3   3   1   0   0   7   5   1   0   1  0.55 0.41
   87 L     0   2  -1  -2  -4   1  -2  -2  -2  -1   0   1   1  -4  -4   1   3  -6  -3   1    9  13   2   2   0   6   2   3   1   4   8  10   3   0   0   9  18   0   1   9  0.26 0.27
   88 L    -1   0  -1  -5   1  -2  -4  -5   2   2   3  -2   3   1  -6  -2  -2   4   1   1    4   6   4   0   3   2   1   1   5  13  25   2   7   5   0   2   2   5   4   9  0.39 0.29
   89 R     1   1  -4  -3  -1   0  -1  -4  -3   0  -1   0  -3  -5  -4  -1   1  -7  -5   5   14   8   0   1   1   4   4   1   1   4   6   7   0   0   1   4   9   0   0  35  0.51 0.40
   90 Q     1   0   3   4  -6  -1  -1  -1  -3  -3  -3  -2  -3  -5  -5   2   2  -7  -4  -1   11   6  14  19   0   3   3   4   0   1   2   2   1   0   0  13  15   0   0   4  0.49 0.40
   91 N    -2  -2   7   1  -5  -2  -3  -2   3  -8  -4  -3   0  -2  -7   0  -3  -4   2  -7    4   3  50   8   0   2   2   3   7   0   2   1   2   2   0   7   1   0   7   0  1.30 0.75
   92 V     0  -6  -7  -7  -1  -6  -3  -5  -4   4   0  -7   0  -4  -7  -3   2  -7  -5   5    7   0   0   0   1   0   2   1   1  19  10   0   2   0   0   2  11   0   0  43  1.09 0.62
   93 I    -4  -8  -7  -8  -3  -8  -8  -8  -5   5  -3  -8  -4  -3  -7  -6  -4  -2  -5   7    1   0   0   0   1   0   0   0   0  32   2   0   0   1   0   1   1   1   0  59  1.99 0.94
   94 G    -5  -6  -5  -6  -7  -6  -6   8  -6  -7  -7  -6  -4  -5  -6  -5  -6  -6  -7  -7    1   0   1   0   0   0   0  92   0   0   1   0   0   1   0   1   0   0   0   0  2.69 1.15
   95 P     2  -1  -2  -1  -1  -1  -2  -2   1  -2  -3  -2  -3  -3   3   2   4  -3  -2  -3   15   3   2   3   1   2   3   2   3   2   2   2   1   1  12  14  28   0   1   2  0.48 0.34
   96 H    -1   1   1   2  -2   1   0   2   0  -2  -2   1  -1  -2  -2   0  -1   0   0  -1    5   7   8  11   1   6   6  17   3   2   3   7   2   2   2   6   4   1   3   4  0.14 0.10
   97 G    -3  -6  -5  -5  -6  -4  -6   7  -6  -2  -1  -5  -4   0  -6  -5  -5   1  -1  -4    2   0   0   1   0   1   1  73   0   2   7   1   0   4   1   1   1   2   3   1  1.77 0.83
   98 I    -3   1  -5  -6  -3  -4  -5  -6  -4   6   2  -4   0   2  -1  -4  -3   0  -2   1    2   7   0   0   0   1   1   1   0  40  20   1   2   8   4   1   2   1   1   8  0.90 0.48
   99 T    -1   2  -1  -3  -2   1  -2  -1  -1   0  -1   2   1  -3  -1  -1   2  -3  -2   1    5  13   3   1   1   6   1   4   1   5   5  15   4   1   3   5  15   0   1  10  0.22 0.22
  100 M    -1  -5  -4  -6   0  -4  -6  -4  -3   0   3  -5   1   0   6  -3  -4  -6  -3   1    5   1   1   0   2   1   0   1   1   4  24   1   3   4  40   2   1   0   1   8  1.06 0.62
  101 R    -2   4   1   0  -3   5   0  -5   0  -3  -5   2  -3  -4  -2   0  -2  -5  -2  -3    4  19   6   6   0  27   7   1   2   1   1  10   1   1   3   7   2   0   2   2  0.66 0.46
  102 S     3  -2  -4  -4  -1  -4  -4  -4  -1  -2  -1  -3   1  -1   4   3  -2   1   0   0   21   2   1   1   1   1   1   1   1   2   6   2   3   3  23  20   2   2   3   6  0.60 0.44
  103 K    -1   3   0  -1  -4   4   0  -3  -1  -2  -1   3  -1  -4   0  -1  -1  -5  -4  -3    4  18   4   3   0  19   5   2   1   3   6  17   1   1   4   4   4   0   1   2  0.48 0.36
  104 A     2  -3  -1  -1   0  -3  -3  -2  -1   2  -1  -3   0  -1   2  -1   1  -3  -2   2   17   2   3   3   2   1   1   4   2  11   6   1   3   3  12   4  10   0   1  16  0.26 0.22
  105 L    -1   2  -1  -1  -2   0  -1  -2   0  -1   3   1   1  -2  -1  -1  -1   1  -1  -1    4  11   3   4   1   3   4   3   2   3  28  11   3   1   4   3   4   2   2   4  0.19 0.15
  106 K    -1   1   1   2  -3  -1   0   3  -1  -1  -1   0  -2  -1  -1   0   0  -2  -1  -2    5   7   6  10   1   3   5  21   1   3   6   7   1   3   2   6   7   1   2   3  0.15 0.11
  107 A     1   0  -1   0  -1   0   0   0  -1   1   0   0   0  -1   1   0   0   2  -1   0   11   5   2   6   1   3   5   7   1   9  12   6   3   3   7   6   3   3   2   4  0.03 0.03
  108 D    -1  -1   2   4  -3  -1  -1  -1  -2  -2  -1  -1  -1  -2  -1   2   1  -1  -2  -2    4   4   9  21   1   2   3   5   1   3   8   3   1   2   4  14  11   1   2   3  0.25 0.17
  109 G     0   0  -1   1  -2   0   1   4  -1  -2  -2  -1  -2  -1   0  -1  -1  -2  -2  -2    8   5   3   8   1   4  11  28   2   2   4   4   1   2   5   4   4   1   1   3  0.26 0.16
  110 Y     0   0   0   1  -3   0   2  -1   2  -1  -1   2  -1  -2  -2   0   1   0  -2  -1    7   4   3   9   1   4  16   3   5   4   5  13   2   2   2   6   8   1   1   3  0.16 0.13
  111 A     0  -1  -2   0  -3   1   2   0  -3  -1   0  -1  -2  -1   2   0   0   4  -2  -1    8   2   2   5   0   7  12   6   0   4  11   4   1   3  12   6   6   6   1   5  0.16 0.16
  112 D     3  -2   2   5  -4  -2   0  -3   1  -4  -3  -2  -4  -5  -2  -1  -2  -5  -4  -3   22   2   9  36   0   1   5   2   3   1   2   3   0   0   2   4   2   0   1   2  0.78 0.47
  113 D     0   1  -1   3  -3   1   3  -3   0  -3  -3   3  -3  -4   0  -1   0  -5  -4  -2    8   7   3  16   0   5  19   1   2   1   3  15   1   1   5   4   6   0   0   3  0.38 0.29
  114 D     2   1  -1   2  -5   0   3  -1  -2  -3  -3   0  -2  -3  -1  -1  -1  -1  -4  -2   18   8   3  12   0   4  23   4   1   1   3   6   1   1   3   3   4   1   0   4  0.34 0.29
  115 M     2  -3  -4  -3  -2  -2  -3  -4  -3   1   2  -3  -1   3  -5  -3  -1   6   0   1   16   2   1   2   1   2   1   1   1   8  23   2   1  12   0   2   4  12   3   8  0.57 0.36
  116 R     2   3   5   1   0   1   0  -2  -1  -4  -5   0  -4  -6  -5  -1  -2  -6  -5  -3   15  17  26   6   2   6   7   3   1   1   1   5   0   0   0   5   2   0   0   2  0.63 0.44
  117 R     1   4   0   2  -5   1   2  -3  -2  -4  -4   3  -3  -5  -3  -1   0  -5  -3  -3   10  19   4  12   0   6  13   1   1   1   1  17   1   0   1   5   6   0   1   1  0.52 0.39
  118 V     2   2  -2  -1  -4   3   2  -3  -1  -1  -1   2   0  -1  -4  -1  -1   0  -3  -1   19  12   2   3   0  12  11   2   1   3   6  10   2   3   0   3   4   1   1   4  0.26 0.26
  119 I     1  -5  -5  -7  -2  -3  -5  -5  -4   5   3  -6   1  -1  -6  -5  -1   0  -2   3   10   0   0   0   1   1   0   1   0  29  24   0   3   3   0   0   4   2   2  19  0.84 0.48
  120 E    -1   0   0  -1  -5   3   6  -4   0  -3  -3   0   0  -7  -6  -2  -2  -2  -4  -4    5   5   5   3   0  10  47   1   2   1   3   6   2   0   0   4   3   1   0   1  0.92 0.61
  121 Q     2   3   0   2  -4   1   2  -2  -2  -3  -3   1  -3  -4  -3   0   0   0  -4  -3   15  18   4  11   0   6  13   2   1   1   3   9   1   1   1   7   5   1   0   1  0.37 0.32
  122 E     2   2  -3  -1  -3  -1   2  -2  -1  -1   3  -1  -1  -3  -5  -3  -3   0  -1  -1   21   9   1   3   1   2  13   3   2   2  29   3   1   1   0   2   1   1   2   3  0.37 0.34
  123 F    -7  -5  -7 -10  -6  -5  -6  -9  -4  -4  -4  -7  -1   7 -10  -9  -8  11   1  -6    1   1   0   0   0   1   1   0   1   1   2   0   1  36   0   0   0  50   4   1  3.17 1.35
  124 K     1   3   1   1  -4   1   2  -2   0  -4  -2   3   0  -4  -4  -1  -1   1  -1  -3   13  13   6   8   0   5  13   3   2   1   4  16   2   1   0   5   3   2   2   1  0.31 0.28
  125 K     1   3  -1   2  -5   1   2  -3  -3  -2   1   1   0  -4  -4  -1  -2  -1  -4  -2   13  16   3  13   0   5  15   1   0   2  12   7   2   0   0   3   3   1   1   2  0.34 0.30
  126 W    -4  -7  -8  -7  -5  -7  -7  -7   1  -7  -5  -8  -6   3  -8  -5  -8  12   2  -6    2   0   0   0   0   0   0   0   4   0   1   0   0  10   0   1   0  71   6   1  3.74 1.52
  127 S     4  -3  -2  -3   5  -1  -4   1  -5  -2  -3  -3   1  -2  -5   2   1   0  -3   0   31   1   1   1  10   3   0   9   0   2   2   1   3   1   0  16   8   1   1   6  0.58 0.42
  128 K    -2   2   1   3  -5   0   3  -3  -1  -5  -2   3  -2  -4  -3  -1  -2  -1  -1  -4    3  13   6  19   0   3  20   2   1   1   4  17   1   1   1   4   2   1   2   1  0.55 0.37
  129 R     0   2   0   0  -3   1   2  -3   0  -4  -3   1  -2  -3   0   2   0  -3  -1  -2    9  12   4   6   1   7  13   2   2   1   2   9   1   1   4  18   6   0   2   3  0.28 0.24
  130 G     1   0  -1  -1  -1  -1  -1   1  -1  -1  -2   0  -2  -1   3   0   1  -2  -2  -1   12   6   3   2   2   3   4   9   2   4   4   7   1   2  16   7  10   1   1   5  0.18 0.15
  131 N    -1   1   3   3  -1   0   3  -2   1  -2  -2  -1  -2  -1  -3  -1  -1   0   0  -1    5   8  13  15   1   3  17   3   4   3   3   4   1   3   1   5   4   1   3   5  0.25 0.20
  132 C     3  -4  -3  -6   9  -5  -5  -5  -4   0  -1  -5  -2   1   0  -2  -5   0  -4  -1   23   1   1   0  39   0   1   1   0   4   7   1   1   6   5   3   1   1   1   4  1.43 0.67
  133 D    -3  -4  -3   8  -3  -5   0  -4   1  -6  -6  -5  -4  -6  -4  -1  -1  -6  -6  -6    3   1   1  72   1   0   5   1   3   0   1   1   1   0   1   5   4   0   0   1  2.00 0.92
  134 V     3  -2  -2  -4  -3  -3  -3  -2  -2   1  -1  -3   0   0   0  -1   0  -1   1   3   27   2   2   1   0   1   1   2   1   9   6   2   2   3   4   4   5   1   6  20  0.34 0.26
  135 T     1   1   0   2  -1   0   2  -1  -2  -3  -3   0  -2  -3  -3   1   3  -2  -1  -2   11   8   4  10   1   4  12   5   1   1   3   4   1   1   1  11  18   1   2   2  0.26 0.23
  136 G    -2   3  -2  -2  -3  -1  -1   6  -4  -6  -3  -2  -3  -6  -6  -3  -5  -1  -6  -5    3  16   2   3   1   3   5  57   1   1   3   2   1   0   0   2   1   1   0   1  1.29 0.68
  137 R    -2   5  -2  -2  -4   3   0  -2   1  -2   0   2   1  -3  -5  -2   0  -5  -4   0    3  28   1   2   0  11   7   3   3   2   8  12   4   1   0   2   5   0   0   6  0.50 0.36
  138 Y    -2   0   0  -2  -1   1  -3  -3   2  -2   3  -2   3   1  -4  -1   1   0   1  -3    2   4   5   3   1   7   1   2   6   1  27   2   8   6   1   5  10   1   4   1  0.30 0.28
  139 S    -4  -4   3   4  -1  -3  -3  -2   1  -6  -6  -3  -4  -7  -2   3   3  -7  -6  -5    1   1  14  25   1   1   1   4   3   0   0   1   0   0   3  24  20   0   0   0  0.96 0.61
  140 F    -5  -1  -7  -8  -5  -7  -6  -2  -3  -1   2  -6   0   8  -8  -7  -6   6   0  -2    1   4   0   0   0   0   1   4   1   3  18   1   2  49   0   0   0  10   3   2  1.63 0.79
  141 V     1   0   0  -1  -4  -2  -2   0   2  -3  -2  -3  -3   0   0  -1   1   2   6  -1   11   6   4   4   0   1   2   9   4   1   3   1   1   3   5   5   7   2  26   4  0.45 0.36
  142 T     0  -1  -3   3  -4   3   3   4  -2  -5  -4  -2  -1  -6  -6  -3  -2  -6  -5  -4    6   3   1  13   0  14  16  34   1   0   2   2   2   0   0   2   3   0   0   1  0.79 0.52
  143 F    -2  -5  -5  -6  -1   1  -5  -6  -3   3   4  -1   5   1  -6  -3  -3  -2  -2  -1    3   0   0   0   1   7   0   0   1  14  38   4  15   6   0   2   2   1   1   4  0.83 0.50
  144 M    -3  -5  -5  -4   1   7   1  -6  -5  -1   1  -4   2  -3  -7  -3  -2  -4  -5  -1    2   0   0   1   3  50   9   1   0   3  13   0   5   1   0   2   3   0   0   5  1.30 0.80
  145 W     2   5  -1   0  -2   2   0  -2   0  -5  -2   1  -3  -2  -5   0  -1   2  -3  -4   16  29   3   5   1   8   5   3   2   0   4   6   1   2   0   8   3   2   1   1  0.48 0.38
  146 L    -1  -2  -3  -4  -3   1  -2  -4  -2   0   5  -3   3  -3  -6  -4   0  -6  -4  -1    5   2   1   1   1   7   2   2   1   5  52   1   8   1   0   1   5   0   0   4  0.83 0.52
  147 W     4  -5  -3  -6   1  -3  -4  -1  -5   2   0  -5   2  -1  -5  -2  -1   1  -3   2   36   0   1   0   3   1   1   5   0  11   8   0   5   3   0   3   4   2   1  15  0.60 0.43
  148 I     2  -2  -4  -4   2  -3  -1  -4  -2   1   2  -2   3   2  -5  -2  -2   1   1   3   15   2   0   1   5   1   4   1   1   7  16   2   6   9   0   2   2   2   5  20  0.37 0.29
  149 D    -1   7  -2  -3  -5  -1   0   0   0  -3  -2   0   0  -3  -6  -2  -2  -2  -3  -3    5  50   2   2   0   2   5   7   2   2   4   6   2   1   0   3   3   1   1   2  1.00 0.60
  150 T     1   0  -1  -2   1   0   0   0   3  -4  -5  -3   0  -5  -5   3   3  -3  -2  -2   11   4   3   2   3   4   6   6   6   0   1   1   2   0   0  25  19   0   1   2  0.50 0.42
  151 L     0   1  -4  -4   0  -1  -1  -4   1   0   1  -1   4   0  -6  -3  -2   6   1   2    7   8   0   1   2   2   4   1   3   6  10   4  12   4   0   2   3  12   5  15  0.46 0.33
  152 A     1  -1  -4  -2   1  -4  -2  -5  -4   1   2  -2   2   3  -3  -3  -2   1   0   2   14   3   0   3   3   0   3   0   0   8  23   2   4  13   1   1   2   2   2  13  0.35 0.27
  153 R    -1   3  -3  -3  -2   0   3  -1  -3   1  -1  -2   1  -3  -5  -2   1  -4  -3   2    4  18   1   1   1   4  20   4   0   9   6   2   3   1   0   2   8   0   1  16  0.38 0.33
  154 D     1  -4   1   6  -2  -3  -2   0  -1  -7  -6  -4  -4  -2  -5   2  -1  -4  -1  -5   10   1   5  44   1   1   3   6   2   0   1   1   0   2   0  16   3   0   2   1  0.97 0.61
  155 G    -5  -9  -5  -6  -9  -9  -9   8  -9 -11 -11  -8 -10 -10  -9  -4  -8  -9 -10 -10    1   0   1   0   0   0   0  97   0   0   0   0   0   0   0   1   0   0   0   0  3.07 1.34
  156 E    -5  -7  -4   4  -6  -4   7  -1  -7  -7  -9  -5  -4  -9  -7  -3  -6  -9  -9  -6    1   0   1  20   0   0  69   4   0   0   0   0   1   0   0   2   0   0   0   1  2.12 1.10
  157 V     2  -5  -4  -5   6  -4  -6  -1  -3   2  -2  -5   0   2  -6   0  -1  -4  -2   4   18   0   1   0  15   1   0   4   1  11   2   0   2   8   0   7   3   0   1  24  0.73 0.47
  158 M    -5  -8  -8  -9  -1  -8  -8  -3  -7   0   4  -8  -1   7  -7  -8  -4  -2  -2  -2    1   0   0   0   1   0   0   2   0   6  38   0   1  45   0   0   1   1   1   3  1.73 0.84
  159 V     3  -4  -4  -6   0  -4  -4   0  -1   4   0  -5   0   0  -3  -2  -1  -1  -3   3   22   1   1   0   2   0   1   6   1  20   9   0   2   4   1   3   4   1   1  22  0.53 0.37
  160 R    -2   6  -3  -6  -4   2  -3  -6   1   1   1  -2   0  -5  -3  -3  -2  -2  -2   1    3  37   1   0   0   9   2   0   3   6  15   1   2   0   1   2   3   1   1  11  0.76 0.50
  161 I    -2   1  -5  -5  -2  -2  -3  -6  -1   2   3   1   3   2  -1  -4  -3   4   0   0    2   9   0   0   1   1   2   0   2  13  25   9   7  10   3   0   2   5   3   5  0.46 0.33
  162 L    -2   4  -3  -4  -1  -2  -2  -4   3   2   0  -1   0  -3  -1  -2   0  -1   0   2    3  24   1   1   1   2   2   1   6  10  10   3   2   1   4   2   5   1   3  17  0.40 0.32
  163 R    -2   3   0   0  -5  -1   0  -3   0  -2  -2   1   0  -1   3  -1   0   4   2  -1    4  17   4   4   0   3   5   1   2   2   4   8   3   3  14   3   7   6   6   5  0.31 0.27
  164 N    -2   5   2   3  -4  -1  -1   1  -1  -3  -5  -1  -2  -5  -2  -1   0  -6  -4  -2    3  32   9  16   0   2   4  11   1   1   1   3   1   0   2   4   5   0   0   3  0.65 0.45
  165 W    -1   3  -1   0  -5  -1   0   1   1  -4  -2   1  -3   0   3  -1  -1   1   1  -4    6  19   3   5   0   2   5  10   3   1   4   7   0   4  16   4   3   2   4   1  0.33 0.28
  166 P     0   1   0   2  -5  -1  -1   3  -2  -3  -2   0  -1  -3   2   0  -1  -2  -4  -3    8   8   5  14   0   2   3  21   1   1   5   6   1   1  11   6   3   1   0   2  0.30 0.25
  167 N     0   2   2   1  -4  -1   0   2  -1  -2  -1  -1  -2  -3  -1   2   1  -3  -2  -2    7  11  10   6   0   2   6  16   1   2   6   3   1   1   3  13   7   0   2   2  0.19 0.19
  168 R     0   2  -1   2  -2  -1   0   0  -1  -2  -2   2  -2  -4   4  -1   0  -5  -3  -3    6  12   2  14   1   2   5   7   1   3   4  10   1   1  19   4   5   0   1   2  0.34 0.27
  169 W    -2  -3  -1  -2  -2  -4  -3  -1   1   1   0  -3   0   3  -2  -2  -2   3   4   4    3   1   3   2   1   1   2   5   4   7   6   1   2  13   2   3   2   3  13  26  0.43 0.30
  170 G    -1   0  -1  -2  -6  -1  -3   3  -2  -4  -3   0  -3  -4   6   0  -2  -3  -5  -4    5   5   2   2   0   3   2  20   1   1   3   5   1   1  39   6   2   0   0   1  0.93 0.55
  171 F    -4  -4  -5  -6  -5  -4  -5  -5  -4   0   4  -5   1   5  -3  -3   2   0   2   0    1   1   0   0   0   1   0   1   0   5  38   0   3  19   1   1  15   1   6   6  0.87 0.50
  172 A     2   3  -4  -1   2   5  -3  -2  -4  -6  -5   3  -3  -5  -5   0   0  -1  -4  -4   16  13   0   3   4  26   1   3   0   0   1  16   1   0   0   8   5   1   0   1  0.73 0.53
  173 L    -4  -6  -5  -8  -2  -7  -7  -8  -7   4   5  -7   0   1  -5  -7  -4   0  -2   3    1   0   1   0   1   0   0   0   0  18  51   0   2   5   1   0   0   1   2  17  1.23 0.64
  174 Q    -4   2  -4  -3  -3   8   3  -6  -1  -6  -4   0  -2  -8  -7  -3  -4  -8  -4  -6    1  10   1   1   1  55  16   0   2   0   2   5   1   0   0   2   1   0   1   0  1.63 0.92
  175 I    -1  -5  -6  -5   0  -3  -5  -4  -2   2   4  -6   4   0  -2  -4  -1  -2  -5   3    5   0   0   1   2   1   0   1   1  10  36   0   9   3   3   1   3   1   0  23  0.76 0.46
  176 I    -5  -4  -8  -8  -3  -7  -7  -7  -5   6   4  -6   1   0  -7  -7  -3   0  -1   2    1   1   0   0   1   0   0   0   0  36  36   0   3   4   0   0   1   2   2  13  1.26 0.64
  177 E    -2  -4  -2   4  -5  -3   6  -4   1  -8  -6  -4  -7  -8   2  -1  -3  -8  -7  -8    3   1   1  18   0   1  54   1   3   0   1   0   0   0   9   5   2   0   0   0  1.45 0.83
  178 S     4  -5  -4  -6   1  -4  -4   1  -5  -2  -5  -5  -4  -6   6   2  -1  -8  -5  -1   28   0   1   0   2   1   1   9   0   2   1   0   0   0  33  14   3   0   0   4  1.04 0.66
  179 D    -2  -3  -3   7  -6  -1   3  -5   3  -4  -4  -3  -3  -6  -5  -2  -3  -9  -5  -5    4   1   1  52   0   2  20   1   6   1   2   2   1   0   1   3   2   0   0   1  1.38 0.76
  180 L    -4   6  -2  -4  -4   3  -3  -7   3  -5  -1  -2   2   3  -7  -3  -5   1   2  -4    2  39   2   1   0  12   1   0   7   0   6   1   5  13   0   2   0   2   7   1  1.05 0.63
  181 L    -6  -8  -8  -8   4  -7  -8  -8  -8   3   5  -8  -1  -1  -4  -7  -6  -7  -6   4    0   0   0   0   9   0   0   0   0  17  46   0   1   2   1   0   0   0   0  25  1.44 0.72
  182 D     0   0  -2   5   2  -2  -2  -2  -5  -5  -6  -3  -2  -5   4   2  -2  -7  -4  -4    7   4   2  31   5   2   2   4   0   1   1   1   1   0  21  13   3   0   1   1  0.83 0.55
  183 T    -2  -2   4   0  -4  -1   0  -2   3  -1  -1  -3   0  -1   0   1   3  -2   0  -1    3   1  18   5   0   3   6   2   6   3   6   1   2   2   4  10  19   0   3   5  0.31 0.28
  184 T    -2  -2   1   2  -4  -2   1  -2  -1  -4  -4  -3  -1  -3   5   1   2   0  -3  -4    3   2   6  11   0   2   8   4   1   1   2   1   1   1  31  10  12   2   1   1  0.69 0.46
  185 L    -2   0   0   0  -4  -1  -2  -2   2  -1   1   2   2   1  -1  -1  -1   1   3  -1    3   6   5   5   0   3   2   4   5   2  12  15   5   5   3   5   3   2  13   3  0.18 0.18
  186 N    -2  -1   5   2  -2   0  -1   0   1  -1  -3  -1  -1   0  -1   0   1   0  -1  -1    3   4  25  10   1   4   4   8   3   3   3   3   2   3   3   6   8   1   2   5  0.28 0.24
  187 T     0   2   0   0  -3   1   2   1  -1  -2  -3   1  -1  -1  -2   0   1   0  -1  -1    7  10   4   5   0   7  13  13   1   2   2   7   2   2   2   6   8   1   2   3  0.15 0.16
  188 W     0   0  -1   1  -3   0   0   0  -2  -1   0   0   1   0   2   0   1   1   0   0    6   5   2   9   0   4   7   7   1   3   9   7   4   3   9   5   8   2   3   5  0.06 0.07
  189 L     0   0   0  -2  -2  -1  -1  -1  -1   0   2  -1   1  -1   0   0   2  -1   1   0    9   4   4   2   1   2   3   4   2   5  23   3   4   2   4   5  13   1   4   4  0.10 0.12
  190 S     1   0   0   2  -3   0   0   0  -1  -2  -2   0  -1  -2   3   1   0  -4  -2  -2   10   6   4  10   1   4   5   9   1   1   4   6   2   2  14  13   4   0   1   3  0.20 0.17
  191 N    -2  -2   4   4  -5  -1   1   1  -2  -4  -4  -1  -3  -3   0   0   0  -5  -4  -3    3   2  20  23   0   2  10  11   1   1   2   4   0   1   5   8   5   0   1   1  0.53 0.35
  192 G    -2  -2   1   1  -4  -2  -1   5  -3  -3  -3  -2  -3  -3  -2   1   2  -3  -3  -4    3   2   5   9   0   2   3  41   1   2   3   2   1   1   2  10  11   0   1   1  0.63 0.38
  193 N    -1   1   5   1  -4  -1   1   0   1  -3  -3   0  -4  -3   1   0  -1  -4  -1  -3    6   8  29   6   0   2   9   6   4   2   2   5   0   1   8   6   3   0   2   2  0.43 0.30
  194 R    -1   3   2   1  -3   0   0  -1  -1  -1  -1   0  -1   0  -1  -1   1   1   2  -1    4  17   9   7   0   4   6   4   1   4   5   5   1   5   2   4   8   2   7   5  0.13 0.13
  195 V    -2  -4  -3  -4   0  -3  -4  -5  -1   5   1  -3   1   0  -4  -3  -1   2  -1   3    3   1   1   1   2   1   1   1   1  37  14   1   3   3   1   1   3   2   2  19  0.72 0.39
  196 R    -2   4  -2  -2  -2  -1  -2  -5   0   3  -1   0  -1  -1  -3  -1  -2  -1  -1   3    4  28   1   2   1   3   2   0   2  16   3   5   1   3   1   4   2   1   2  19  0.46 0.33
  197 M     1  -1   2   2  -1   4  -1   1   2  -3  -2  -1   3  -2  -4   0  -3  -5  -1  -4   11   3   9  13   2  19   2  10   5   1   4   2   8   2   0   6   1   0   2   0  0.36 0.31
  198 G    -3  -7  -5  -6  -7  -6  -6   8  -6  -7  -7  -6  -7  -7  -3  -3  -6  -7  -7  -7    2   0   0   0   0   0   0  92   0   0   0   0   0   0   2   2   0   0   0   0  2.54 1.02
  199 V    -2  -4  -7  -7  -2  -3  -6  -7  -3   6  -2  -3   0  -2  -6  -6  -5  -6  -5   5    3   1   0   0   1   1   0   0   1  46   2   1   2   1   0   0   0   0   0  40  1.55 0.73
  200 E    -2   1  -3  -3  -7   1   6  -4   0  -3  -3   0  -2  -3  -5  -3  -3  -2  -2  -2    3   9   1   1   0   6  58   1   2   1   3   5   1   2   0   1   1   1   2   4  1.15 0.68
  201 I    -4   0  -4  -6  -2  -3  -5  -6   0   2   2  -1   0   5  -6  -4  -2  -1   4   1    1   5   1   0   1   1   0   0   2  10  17   5   2  28   0   1   3   1  15   9  0.74 0.43
  202 D    -3  -3   4   7  -6  -3  -2   0  -5  -6  -6  -3  -6  -6  -5  -1  -1  -7  -4  -6    2   1  20  55   0   1   1   6   0   0   0   1   0   0   0   5   4   0   1   0  1.49 0.75
  203 E     2   2  -1   1  -4   1   2   0  -2  -4  -4   2  -3  -4   2   1  -2  -3  -4  -3   16  10   2   8   0   6  13   6   1   1   1  10   1   1  11   9   2   0   0   1  0.33 0.29
  204 W    -1   0   2   2  -2  -1  -1  -2   1   1  -1  -2  -1   1  -3  -1  -1   6   3  -2    4   6   9  12   1   2   3   3   3   8   5   2   1   7   1   5   4  13   9   2  0.34 0.27
  205 E    -3  -1   0   0  -6  -2  -3   6  -2  -7  -5  -2  -2  -4  -6  -3  -1  -2  -3  -5    1   4   4   6   0   2   1  68   1   0   1   2   1   1   0   1   3   1   1   1  1.41 0.72
  206 K     0   5   1  -2  -2   1   1  -1  -2  -3  -3   2   0  -3  -5  -2  -2  -2  -3  -2    8  35   7   1   1   6  10   4   1   1   2  11   2   1   0   2   2   1   1   3  0.59 0.41
  207 P     0   4  -3  -4  -3  -3  -3  -6  -1  -1  -3  -2  -1  -6   6  -3  -2   0  -6   0    9  19   1   1   1   1   1   0   1   4   2   2   2   0  44   1   2   2   0   7  1.14 0.65
  208 I    -1  -1  -3  -2  -1   0  -1  -5  -4   2   0   0   0  -2  -4  -1   1  -5  -2   4    5   4   1   2   1   4   4   0   0  13   9   5   2   1   0   3  11   0   1  33  0.39 0.31
  209 A     4   0  -2  -1  -4  -2  -1   2   0  -5  -4  -1  -4   1  -4   0  -2   0  -1  -3   43   6   2   3   0   2   4  18   2   0   1   3   0   6   0   5   2   1   2   1  0.59 0.44
  210 Y    -3  -7  -7  -8  -1  -7  -7  -3  -4  -2  -3  -7  -6   2  -8  -4  -3   1   9  -2    2   0   0   0   2   0   0   2   0   3   2   0   0   6   0   1   1   1  77   3  2.57 1.12
  211 W    -3  -1  -2  -2  -2  -1  -3  -6   7  -4  -2  -3  -2   0  -6  -3  -4   9   5  -4    2   3   2   2   1   3   2   0  25   1   4   1   1   3   0   2   1  30  16   1  1.64 0.75
  212 L    -2  -2  -5  -6   1  -1  -5  -6  -5   4   2  -2   3   4  -5  -5  -2  -4   0   2    4   3   0   0   3   3   0   0   0  22  18   3   7  15   0   0   3   0   3  16  0.64 0.39
  213 K    -1   2  -1  -2   1   0  -2  -3   1  -1   0   0   0   1  -4  -1  -1   2   4  -1    5  14   2   2   3   4   2   2   4   3  11   5   2   7   0   4   4   3  17   5  0.24 0.23
  214 R    -1   3   1   0   0   1   0  -1   0  -1  -2   2  -1  -2   1   0   0  -4  -1  -1    3  17   6   5   2   5   6   4   2   4   3  15   2   2   7   6   7   0   2   4  0.19 0.18
  215 S     0   1   0   2  -2   1   1  -1   0  -1  -3   0  -1  -2   1   1   1  -1   0  -1    8   9   4  11   1   6   8   6   2   3   2   6   1   2   6   9   8   1   4   4  0.11 0.13
  216 H    -2  -1   1   3  -6  -2  -2  -2   8  -3  -3  -2  -1  -2   0  -1  -3  -1   0  -2    4   3   6  14   0   2   2   3  37   2   2   3   1   2   5   5   2   1   3   3  1.09 0.61
  217 P    -2   1  -1   0   0  -1   0  -1   0  -2  -2  -2   1  -1   5  -1  -1  -7   0  -2    3   7   4   5   2   3   6   5   2   3   5   3   3   3  31   5   4   0   3   3  0.51 0.40
  218 G    -1   0   1   1   0   0  -1   3   0  -1  -2  -2   0  -1  -1   1   0   1   0  -2    6   5   7   7   2   4   4  19   2   3   5   3   2   3   4  10   6   2   3   3  0.15 0.14
  219 D    -1  -1   0   4   0  -1   0   1   1  -2  -2  -1   0  -1   0  -1   0   1   0  -2    5   3   4  22   2   3   6  10   4   2   4   4   3   3   5   6   7   2   3   3  0.27 0.22
  220 N     0  -1   1   1  -1  -1  -1   0   0  -1  -1  -1   0   0   0   1   1   4   2  -2    8   4   6   7   1   3   4   7   2   3   6   4   3   4   5   9   8   5   7   3  0.09 0.10
  221 F    -1   0   0   0   1   0  -1  -1   1   0  -1  -1   2   1   0   0   0   3   2   0    6   6   4   4   3   4   4   6   4   5   6   3   5   7   5   6   7   4   6   6  0.07 0.07
  222 E    -1   0   0   0  -3   0   0  -1   2   0  -1   0   1   0   0   0   0   3   1   0    5   5   5   5   0   5   5   5   5   5   5   5   5   5   5   5   5   5   5   5  0.06 0.08
  223 R     0   2   0  -1   0   1  -1   1   0  -1  -1  -1   1   0   0   1   1   3   0  -1    6   9   5   3   2   5   4  10   2   4   6   4   3   4   4   9   8   4   4   4  0.07 0.08
  224 P     0   0   0  -1  -4   0  -1   1   1   0  -1   0   1   1   0   0   0   2   1  -1    7   5   4   4   0   3   4  13   3   5   7   5   4   5   6   7   6   3   5   5  0.06 0.07
  225 A    -1   0   0   0   2   0   0  -1   2   0  -1   0   2   1   0  -1   0   4   1  -1    5   5   5   5   5   5   5   5   5   5   5   5   5   5   5   5   5   5   5   5  0.09 0.08
  226 E     0   0   1   0  -5   1   0   0   1   0  -2  -1   0   0   0   1   0   2   1  -1    7   5   6   4   0   6   5   8   3   6   4   4   3   4   6   9   7   3   5   4  0.06 0.08
  227 Q     0   1   1   0  -2   1  -1   1  -2  -2   0   0   1   0   0   0   0   4   0  -1    7   9   7   4   1   6   3  10   1   2   9   5   4   4   6   5   5   6   4   5  0.09 0.12
  228 E     0   1   0   1  -2   2   2  -2   0  -2  -3   2  -1  -3  -1  -1   0   1  -1  -2   10   9   4   9   1   9  16   3   2   3   2  11   1   1   3   4   5   2   2   3  0.22 0.21
  229 Y    -1   1  -4  -2  -3  -2  -4  -2   0  -2  -1  -3  -3   2   1   1   1   7   4  -1    4   7   1   2   1   1   0   3   2   2   7   2   1   9   8  13   8  13  12   4  0.50 0.38
  230 Q    -2   2  -1   2  -5   1   1  -2  -1   0  -3   2  -2  -3  -2  -1   1   0  -2   2    3  11   2  10   0   7  10   3   2   6   2  13   1   1   2   4   8   1   1  14  0.22 0.23
  231 R    -1   7  -5  -3  -6  -1   0  -3  -5  -3  -3   0  -3   0   0  -2  -1   0   0  -3    6  50   0   1   0   2   5   2   0   2   3   5   1   4   5   3   4   1   3   2  0.97 0.61
  232 I    -3  -3  -2  -2  -5  -4  -5  -3  -2   4  -1  -4  -1   1  -3  -3  -1   3   1   5    2   1   2   2   0   1   1   3   1  24   6   1   1   5   1   2   3   3   4  37  0.80 0.48
  233 P    -1  -3  -3   1  -7  -2   0   2   0  -4  -3  -2  -6  -7   6   0  -2   0  -3  -4    6   1   1   7   0   1   6  14   2   1   3   2   0   0  43   6   3   2   1   1  0.99 0.62
  234 A     6   4  -4  -4  -6  -6  -4  -3  -2  -4  -5  -3  -2  -4  -2  -2  -3   1  -7  -2   57  20   1   1   0   0   1   2   1   1   1   2   1   1   2   3   2   2   0   3  1.28 0.76
  235 D    -1   3   0   1  -3   0   3  -2  -2  -3  -4   1  -1  -2   2   1  -2   0  -1  -4    6  17   4   9   1   3  17   3   1   1   2   7   2   2  10   9   2   2   2   1  0.34 0.29
  236 E    -2   2   2   3  -5   2   2   0   0  -2  -2  -1   0  -1  -4  -1  -2  -1   0   0    2  12  10  15   0   9  12   6   3   3   4   3   2   3   0   3   2   1   3   8  0.24 0.23
  237 L    -2  -3  -7  -3   2  -6  -7  -4  -7   4   0  -6   4   0  -7  -4  -3   1  -1   5    3   2   0   2   3   0   0   2   0  25   7   0   8   4   0   2   2   2   2  37  1.03 0.56
  238 R    -2  -1  -3  -3   0  -1  -3  -4   2   5   3  -3   1   1  -6  -3  -3   1  -2   0    4   3   1   2   2   3   1   1   4  30  26   1   3   5   0   2   1   2   2   5  0.59 0.38
  239 L    -4  -2  -2  -8   0  -1  -7  -4  10  -2  -1  -3  -1   0  -3  -7  -4   0   2  -1    2   2   2   0   2   3   0   2  59   2   6   2   2   3   2   0   2   2   6   4  2.11 1.03
  240 T    -1  -2  -2  -3   0  -2  -3  -2   0   3   2  -3   3   1  -3  -2  -2   2   1   2    5   2   2   2   2   1   1   4   2  15  22   1   7   5   1   2   2   3   5  16  0.33 0.25
  241 F    -1   0   0   0   2   0  -2  -1   2   0  -1   0   1   1   0   0   0   3   1   0    5   5   5   5   5   5   0   5   5   5   5   5   5   5   5   5   5   5   5   5  0.07 0.12
  242 D    -2   3   0   4  -2  -1   3  -5   1   0  -1   0   0  -1  -2  -2  -1  -2  -2   0    3  14   4  19   1   3  16   1   3   5   7   5   2   3   2   2   3   1   1   6  0.36 0.29
  243 P    -1   2  -3  -2  -3   1  -2  -2  -1  -2  -2   2   0  -1   5  -1  -1   0  -2   0    5   9   1   2   1   6   2   4   2   2   4  13   2   3  27   4   4   1   2   7  0.47 0.36
  244 W    -4   2  -2   4  -4   0   3  -3  -1  -3   0   1   0  -4  -5  -2   0   0  -4  -1    1  11   1  19   0   3  21   2   2   2  10   8   2   1   1   3   7   1   1   4  0.47 0.36
  245 R    -3   7   0  -1  -3  -2   0  -4  -2  -3  -4  -4  -2   0  -5  -3  -3  -2   0  -5    3  58   4   4   1   2   7   2   1   2   3   1   1   4   1   2   2   1   3   1  1.41 0.76
  246 P     2  -4  -5  -2  -1  -3  -2  -2  -1   1  -2  -3  -2  -1   6  -1   0   0  -3   1   14   1   0   2   1   1   3   4   1   7   5   1   1   3  35   4   6   1   1   8  0.66 0.43
  247 H    -2  -2   0   2  -2  -2   0   5   1  -4  -5  -3  -3  -6  -3   1  -1  -1  -3  -4    3   2   5  12   1   1   7  41   4   1   1   1   1   0   1  12   4   1   1   1  0.69 0.44
  248 Q    -2  -5  -3  -2  -8   8  -1  -4  -2  -4  -4  -5  -1  -4  -3  -3  -4  -7  -3  -4    3   0   1   2   0  74   4   2   1   1   2   0   1   1   1   2   1   0   1   1  2.12 1.08
  249 S    -1   0  -1  -3  -1  -1  -1  -3   1   1   0  -2   0  -2  -2   0   3   1   1   2    5   5   3   1   1   3   3   2   4   7  10   2   2   1   2   8  19   2   5  16  0.18 0.21
  250 R    -5   8  -3  -4  -2  -3  -4  -8   1  -3  -4  -4  -2  -8  -8  -4  -4   0  -7  -8    1  81   1   1   1   1   1   0   3   2   2   0   1   0   0   1   1   1   0   0  2.41 1.11
  251 G     0  -5  -4   0  -6   1   0   5   2  -6  -6  -4  -5   0   0  -1   0  -5   1  -6    7   0   0   5   0   6   6  48   5   0   0   0   0   5   5   5   6   0   5   0  0.84 0.44
  252 F     1  -1  -1   1   1  -1  -1  -4   0   1  -1  -1   3   0   0  -1  -1  -4   0   2   10   3   3   8   3   3   4   0   3   8   4   3  10   3   4   3   3   0   3  21  0.15 0.17
  253 T    -2  -7   0  -6   1  -6  -6  -1  -7  -7  -8  -6  -7  -8   6   4   0  -8  -7  -2    4   0   5   0   3   0   0   5   0   0   0   0   0   0  40  33   7   0   0   3  1.44 0.68
  254 W    -1   0  -2   0  -1   1   0  -3  -1   1   0  -1   2  -1   1  -2  -1   7  -1  -1    4   6   1   5   1   6   7   2   2   9   8   4   5   3   7   2   3  17   2   5  0.40 0.24
  255 T    -1  -4  -2  -5   1  -4  -4  -1  -4   1   3  -4   3   3  -2  -2   0   2   1   0    4   0   2   0   3   0   0   6   0   7  36   0   7  14   3   3   5   2   4   4  0.42 0.32
  256 H     2  -1  -1  -1   1   1  -1  -1   2  -1  -1  -1   1  -1  -3   1   1  -4   0   0   21   3   3   3   3   7   3   3   6   3   4   3   3   3   0  14   9   0   3   7  0.15 0.19
  257 A     1  -1  -1  -3   2   1  -1  -1   2  -1  -2  -1  -3  -5   4   1   0   2  -4  -1   12   4   3   0   5   8   3   4   5   3   3   3   0   0  21  13   7   3   0   4  0.35 0.32
  258 G     2  -4  -1  -2   2  -1  -3   0   0   1  -1  -3   1  -4  -1   1   0  -5  -4   3   21   0   3   2   4   2   0   6   2   9   3   0   3   0   2  12   5   0   0  25  0.29 0.28
  259 A    -1  -4  -5  -5   1  -4  -2  -2  -5   3   3  -4   4   1  -5  -2  -1   2  -3   1    5   0   0   0   3   0   3   3   0  20  32   0  12   4   0   3   4   3   0   9  0.55 0.35
  260 N    -1   0   0   0  -1   1   1  -1   0  -1   0   1   1  -1   1   0   0   1  -1   0    4   5   5   6   2   7  10   3   2   3  11   8   4   2   7   3   8   2   2   5  0.06 0.07
  261 D    -1   5  -1   0  -1   0  -1  -3   0  -1   0   1   0  -2  -1  -1   1   0  -2  -2    5  26   3   6   1   5   4   3   2   4   9   7   2   2   3   5   8   1   2   3  0.34 0.22
  262 L     0  -8  -1  -2   1  -1  -2  -3   1   1   3  -7   3   1  -2  -1  -1   2   0  -1    8   0   3   3   3   3   3   3   3   9  27   0   7   5   3   6   4   3   3   5  0.37 0.24
  263 H     1   3   0  -1   1   1  -1  -1   3  -1  -3   1   0   1  -2  -2  -2   2   0  -2   13  14   5   4   3   6   4   5   6   4   3  10   3   5   3   3   3   3   4   3  0.22 0.17
  264 H     0   0   0   0   2   1   0  -1   2   0  -1   0   1   0  -3   0   0   3  -2   0    6   6   6   6   6   6   6   6   6   6   6   6   6   6   0   6   6   6   0   6  0.07 0.12
  265 V     0  -1  -1  -4  -3   0  -1  -1   1   1   3  -1   2   1  -4  -1   0  -3   0   0    6   3   3   0   0   4   4   4   3   9  31   4   6   5   0   4   5   0   4   5  0.19 0.20
  266 E     0   0   0   0  -3   1   0   0   2   0  -1   0   1   0   1   0   0  -2   1   0    6   6   6   6   0   6   6   6   6   6   6   6   6   6   6   6   6   0   6   6  0.04 0.06
  267 E    -1   2   0   4  -6   1   3  -1  -1  -4  -4   1  -2  -6  -4   0  -1  -6  -3  -4    4  13   4  25   0   7  16   5   2   1   2   8   1   0   0   6   3   0   1   1  0.53 0.38
  268 Y    -2  -6  -4  -7  -3  -3  -6  -4  -2   0   1  -6   1   5  -7  -3  -2   2   7  -2    4   0   1   0   1   1   0   2   1   4  14   0   3  18   0   2   2   3  43   2  1.35 0.71
  269 A    -1   0   0   2  -2   2   2  -2  -1   0   0  -1   1  -1  -4   0   1  -2  -2  -1    4   5   4  14   1  10  16   2   1   5   9   3   4   3   0   6   9   1   1   3  0.19 0.21
  270 G    -2  -1   0   5  -6   0   3  -1   0  -4  -2  -1  -2  -1  -5  -1   0  -6  -2  -2    3   4   3  33   0   4  20   6   2   1   5   3   1   3   0   4   5   0   1   3  0.58 0.42
  271 A     5  -2  -1  -2  -2  -3  -3  -3  -2  -2  -2  -3  -2  -1  -5   2   0  -6   0  -2   56   2   3   2   1   1   1   1   1   2   3   1   1   3   0  13   5   0   3   2  0.87 0.60
  272 E     1  -2  -2  -1  -2   1   5  -3   0  -2  -2  -1  -2  -3  -5  -2   1  -1  -2   1   11   1   1   2   1   5  39   1   2   2   4   3   1   1   0   2  11   1   1  11  0.57 0.47
  273 L    -2   0  -3  -4  -5  -1  -4  -4  -2   2   4  -1   2  -1  -6  -2  -3   1  -4   1    4   4   1   1   0   2   1   1   1  12  48   4   4   2   0   4   1   2   0   8  0.64 0.43
  274 I    -1   0  -1   0  -3   2   0  -2  -1   1   0   0   2   1  -3  -2   0  -1  -2   2    4   4   2   5   0  12   6   3   1   9   9   5   5   6   1   2   7   1   1  15  0.10 0.16
  275 A     4   4   1  -4  -1   1  -4  -1  -1  -3  -3   2  -1  -6  -5   0  -1  -6  -5  -2   31  22   6   0   2   5   0   5   1   1   2  13   1   0   0   6   3   0   0   2  0.60 0.46
  276 A     5   0  -2  -3  -5   3  -1  -3  -2  -3  -3   2  -1  -2  -5   0  -1  -1  -2  -1   43   4   1   1   0  13   3   1   1   1   2  13   1   2   0   5   3   1   1   4  0.64 0.50
  277 E    -1   4  -1  -3  -2   1   1  -4   0   0  -1   4  -1  -2  -5  -3  -2  -5  -3   0    4  22   2   1   1   7   9   1   2   6   6  27   2   2   0   1   1   0   1   6  0.50 0.39
  278 Q     0  -3  -2  -3  -4  -2  -2  -3   0   4   1  -3   3  -2  -5  -2   0  -1  -2   3    8   1   2   1   0   2   2   1   3  23  15   1   7   1   0   1   7   1   1  22  0.44 0.33
  279 G     4  -1   2  -2  -1   2   1   1  -1  -3  -2  -2  -1  -2  -4   1  -2  -5  -3  -2   35   3   9   2   1   9   8   8   1   1   3   2   2   2   0  12   2   0   1   2  0.40 0.36
  280 A     6  -5   1  -5   0  -2  -3  -2  -5  -5  -6  -5  -5  -6  -5   3   1  -7  -6  -3   60   0   6   0   2   1   1   2   0   0   0   0   0   0   0  17   8   0   0   2  1.25 0.73
  281 K     0   0   0   1   4   0  -1  -2  -1  -1   0   0   3  -1  -2   2  -1  -1   0  -1    8   4   4   8  12   3   2   2   1   4   8   5   8   2   1  17   3   1   3   2  0.17 0.21
  282 L    -2  -1  -2  -4  -4  -1  -3  -5   0   2   1   0   2   5  -4  -1  -1   3   2   1    2   3   2   0   0   3   1   0   2  11  12   6   6  23   0   4   3   4   6  11  0.39 0.30
  283 T     3  -2  -1  -4   0  -1  -3   0  -1  -1  -1  -3   3   0  -1   1   2   0  -3   1   28   2   2   0   2   2   0   7   1   2   4   0   8   4   3   9  13   1   0  10  0.30 0.32
  284 G     2  -2  -2  -4  -4  -3  -2   4  -1   1  -1  -3   1   0  -4  -2  -1   0   0   1   22   2   2   0   0   0   2  30   1   7   7   0   5   4   0   2   2   1   3  10  0.41 0.34
  285 F    -1  -5  -3  -3  -4  -3  -3  -3  -1   1  -1  -3   0   6  -3  -2  -1   2   3   2    6   0   1   1   0   1   2   2   1   8   3   2   2  40   1   2   4   3   8  12  0.78 0.48
  286 Y    -2  -2  -5  -5  -4  -1  -3  -5  -1   5   1  -3   1   2  -5  -4  -2   0   1   3    4   2   0   0   0   2   1   0   2  34  14   1   3   9   0   0   2   1   5  17  0.63 0.39
  287 E    -2   0   0  -1  -2   0   3  -3  -1  -1  -3   3  -2  -3  -2  -1   3  -5  -1  -1    3   4   4   3   1   3  19   1   1   3   2  20   1   1   1   4  21   0   2   5  0.39 0.35
  288 Q    -1   2   0   0  -4   2  -1  -2   0  -3  -3   2  -2  -3  -1   2   3   0  -2  -3    3  11   4   4   0   8   3   3   2   1   3  12   1   1   3  19  18   1   1   1  0.32 0.30
  289 D     0   0   1   2  -4   0   2   0  -1  -2  -2   1  -1  -2   3   0   0  -4  -2  -2    8   5   6  10   0   5  12   7   1   1   3   7   2   2  14   8   5   0   1   2  0.21 0.18
  290 A     1  -1   1   2  -3  -1   1   1   0  -1  -1  -1   0  -1   1   0   0  -1  -1  -2   13   2   8  14   0   2   7  10   3   3   5   2   3   2   7   8   5   1   2   2  0.13 0.15
  291 E    -1  -3   1   3  -4  -1   2   2  -3  -3  -3  -2  -2  -3   3   0  -1  -1  -3  -2    5   1   6  16   0   2  14  18   0   2   2   2   1   1  17   5   3   1   1   3  0.45 0.33
  292 W     1  -2   0   2  -2   0   1   2  -1  -2  -2  -2   0  -1   0   0   0   0   0  -1   12   2   4  10   1   4   9  16   2   2   3   1   3   3   6   6   7   1   4   4  0.13 0.14
  293 V     0  -1   0   1  -2   0   1   0  -1   0   0  -1   0  -1   0   0   0  -1  -1   0   10   2   5  10   1   4   8   8   1   5   7   2   3   3   5   8   7   1   2   9  0.05 0.07
  294 D     0  -2   0   4  -5   0   1   1  -1  -2  -3  -2   0  -1   1   0   0  -1   0  -2    8   2   4  23   0   4   8  11   1   2   3   1   2   2   6   7   7   1   4   2  0.28 0.25
  295 P     0  -3  -1   1  -4  -1  -1   2  -2  -1  -1  -3   1  -1   4  -1   0   0   0  -1    8   1   3   9   0   3   5  14   1   4   8   1   3   2  21   4   5   1   3   4  0.29 0.25
  296 P     1  -2  -1   1  -5   0  -1   1  -1  -1   0  -2   1   0   3  -1   0   0  -1  -1    9   2   3   8   0   4   5   9   1   4   9   3   3   4  14   5   6   1   2   5  0.12 0.15
  297 G     0  -2   1   0  -6   0   0   4   0  -2  -1  -2   1  -1  -1  -1   0   1  -1  -1    7   3   6   5   0   4   7  26   2   3   6   3   3   3   4   5   6   2   2   4  0.25 0.21
  298 D     0  -2   1   3   0   1   1   2  -1  -1  -2  -2   0  -1  -1   0  -1   1  -1  -2    7   2   6  13   2   7   8  15   2   4   5   3   2   2   4   6   4   2   2   4  0.15 0.15
  299 E     0  -1  -1   1  -1   1   2   2   0  -2  -1  -1   1   0   1  -1  -1   1  -1  -1    6   3   3   6   2   5  12  13   2   3   6   3   3   4   8   5   5   2   2   4  0.09 0.13
  300 D     0  -1   0   3  -4   0   2   1  -1  -1  -1  -1   0  -1   2   0  -1  -1  -2  -1    7   3   5  15   0   4  12  12   1   3   5   3   2   3   9   5   4   1   2   4  0.17 0.19
  301 S     1  -1   0   1  -3   0   1   1  -1  -2  -1   0  -1  -1   1   1   0  -4  -1  -1   12   3   4   9   0   5   8  12   1   2   5   4   2   2   6  10   7   0   2   5  0.10 0.13
  302 D     0   0   0   3  -4   1   1   1  -1  -2  -1  -1   0  -1   0   0   0  -1  -1  -1    8   5   4  16   0   7   9  10   2   2   6   3   2   2   4   6   6   1   2   5  0.12 0.15
  303 D     0  -1   0   3  -4   0   2   1  -1  -2  -2   0   0  -2   0   0   0   0   0  -1    7   3   4  18   0   4  12   9   1   2   3   5   2   2   5   6   6   1   3   4  0.17 0.19
  304 A     0   0   0   2  -2   1   1   0   0  -2  -2   0   0  -1   0   0   0   1   0  -1    9   4   4  14   1   6   9   8   2   3   3   5   3   2   6   6   7   2   4   4  0.10 0.12
  305 D     0   0   1   2  -3   1   1   0   1  -1  -2   0   0   0   0   0   0   3   0  -1    7   4   7  15   0   6   9   6   3   3   4   4   3   4   5   6   4   4   4   3  0.11 0.14
  306 Q     0   0   1   1  -3   1   1   0   1  -1  -1   0   0  -1   1   0   0   2   0  -1    7   4   5   9   0   7   7   8   3   3   4   5   3   3   6   7   6   3   4   4  0.06 0.10
  307 G     0   0   2   1  -5  -1   0   4  -1  -3  -3  -1  -2   0   0  -1  -1  -1  -1  -3    9   4   9   7   0   3   7  30   1   2   2   3   1   4   6   4   3   1   2   2  0.34 0.29
  308 V     0   0   1   1  -2   0   1  -1  -1  -1  -1   0   0   0   0   0   1   0   0  -1    8   7   7   8   1   5   9   4   1   3   7   5   3   3   5   6   9   1   5   5  0.05 0.07
  309 I     0   1  -1   1  -2   0   0  -1  -1   0   0   0   0   0   3   0   0   0   0  -1    6   9   3   7   1   5   5   3   1   5  10   5   3   4  14   6   4   1   3   4  0.10 0.12
  310 I     0  -1  -1  -1  -2   0   0  -1  -2   2   0  -1   1   0   0  -1   0  -1   0   1    7   4   3   4   1   5   6   5   1  16   8   2   4   5   5   4   5   1   4  11  0.06 0.10
  311 E    -1  -1   0   1  -4   1   2  -1  -1   0  -1  -1   1  -1   0   0   0  -1  -2   0    5   3   4   9   0   8  18   4   1   7   5   3   5   2   4   6   5   1   1   8  0.12 0.17
  312 E    -1   1   0   2  -4   0   2  -1   1  -2  -2   1   1   0   0   0   0   0   0  -2    5   8   4  10   0   4  16   5   3   2   4   7   4   4   4   6   6   1   3   2  0.12 0.16
  313 I     0  -2  -2  -2  -3  -1  -2  -1   0   2   2  -2   3   1  -1  -2  -1   1  -1   1   10   2   1   2   0   3   3   5   2  14  23   2   8   7   3   3   2   2   2   8  0.20 0.20
  314 E    -1   0   0   2  -5   2   3   1   0  -3  -3   0  -1  -2   1   0  -1  -1  -1  -3    5   5   4  13   0   8  22  10   2   1   2   4   2   2   7   5   3   1   2   2  0.29 0.28
  315 A     1   0  -2   0  -5  -2  -1   3   0  -2  -3  -2   1  -1   5  -1  -2  -5   0  -3   12   4   2   5   0   2   3  20   2   2   2   2   3   3  28   4   2   0   3   2  0.55 0.42
  316 G     0  -1   0  -1  -5  -1  -3   5  -1  -3  -3  -2   1  -2  -1  -2  -2   1   0  -2    9   4   4   4   0   2   2  44   2   2   3   2   4   2   3   2   2   2   3   4  0.59 0.42
  317 S     1   1   0  -1  -4   0  -1   0  -1   0  -1   0   4  -2  -2   1   2  -4  -3   0   10   8   4   3   0   4   3   7   2   7   4   6  12   2   2  10  12   0   0   5  0.15 0.21
  318 A    -2  -2  -3  -4  -3  -3  -4  -1  -5   4   0  -4   4   3  -2  -3  -2   0  -1   3    3   2   2   1   1   1   1   5   0  27   8   1   9  12   2   1   2   1   1  20  0.58 0.39
  319 R     0   0   0  -1  -3   1   1  -1   1   0   0   0   0  -1   1  -1   0   1   0   1    8   4   3   3   0   8   9   3   4   6   9   5   3   3   6   2   5   2   4  11  0.05 0.09
  320 L    -1   1   0   0  -4   0   1  -2   2   0  -1  -1  -1   0  -2  -1   0  -3   4   0    4   9   4   6   0   4  11   3   6   6   5   3   2   4   2   3   7   0  15   8  0.18 0.20
  321 L    -1  -3  -2  -6  -2  -1  -5  -1  -2   2   5  -2   1  -1  -3  -3  -1   1  -4   0    4   2   2   0   1   3   0   5   1   9  52   2   3   3   1   1   3   2   0   5  0.64 0.44
  322 P     0   0   0  -1  -2  -1  -1   2  -1  -3  -3  -1  -1   0   5  -1  -2  -5   0  -3    6   5   4   3   1   3   4  14   1   2   3   3   1   5  33   4   2   0   4   1  0.56 0.40
  323 Y     0  -2   0   0  -5  -1   0   2   0  -3  -4  -1  -2  -2   5  -1  -2  -1   1  -3    9   2   4   6   0   3   5  13   3   1   2   4   1   2  31   4   2   1   5   2  0.55 0.39
  324 G    -2  -1   1   0  -6  -3  -2   6  -5  -6  -5  -1   0  -6  -2  -1  -3  -6  -6  -3    3   3   7   5   0   1   3  59   0   0   1   4   3   0   2   4   1   0   0   2  1.13 0.64
  325 V    -2  -2  -3   1  -5   1   4   0  -1  -2  -1   1   1  -2  -5  -2  -1   4   1  -2    3   2   0   8   0   5  33   7   1   3   6   7   4   1   0   2   3   6   4   3  0.45 0.39
  326 T    -1   0  -1   4  -5   0   2  -1  -1  -5  -5   3  -5  -2  -1   1   0  -6  -5  -3    3   5   2  22   0   3  15   5   1   0   0  17   0   2   3  12   7   0   0   2  0.49 0.39
  327 F    -1  -3  -1  -2  -4  -3  -2  -3  -1   3   1  -2   1   3   1  -3  -2  -1  -1   3    5   1   3   2   0   1   2   2   2  19  12   2   3  12   7   1   1   1   1  24  0.39 0.31
  328 K    -1   1   1   0  -4   2   2  -2   0  -1  -1   3  -2  -1  -2   0   1  -2  -2  -1    4   6   6   5   0   8  14   3   3   4   5  20   1   3   1   6   8   1   1   3  0.22 0.23
  329 P     0  -3   0  -1  -4   1  -1  -2  -2  -1  -1  -1   1   4   1   0   2   0  -1   0    7   1   4   3   0   8   4   2   1   3   6   3   3  20   6   6  12   1   1   8  0.21 0.23
  330 Y     1  -3   0  -3  -4  -1  -2  -3   0   1   0  -2  -1   4   0   0  -1   4   0   1   11   1   5   1   0   2   2   2   2   7  10   2   1  22   5   7   3   5   2  10  0.30 0.27
  331 D     0  -2   4   3  -5   1   1  -2  -2  -3  -5   0  -5  -6  -1   1   1  -6  -5  -2    6   1  21  18   0   6   8   3   1   2   1   6   0   0   3  11  10   0   0   3  0.50 0.40
  332 N     1  -5   1  -4  -6  -2  -3  -3  -2  -4  -5  -4   0  -4   7   2   0  -1  -4  -2   11   0   6   1   0   2   1   2   1   1   1   1   2   1  45  14   6   1   1   3  1.13 0.72
  333 K     0  -3   3   1  -6   2   0   0  -1  -4  -5   0  -5  -6   4   0   0  -6  -5  -3    9   1  13   7   0  11   6   8   1   1   1   6   0   0  21   7   7   0   0   2  0.52 0.42
  334 H     0   4   0   1  -5   2  -1  -1   4  -3  -4  -1  -2  -1   0   0  -1  -2   2  -2    6  22   3   8   0   9   2   5   9   2   1   3   1   2   5   6   5   0   9   2  0.35 0.31
  335 P     1  -3  -3  -1  -6  -1  -3  -1  -3  -3  -4  -3  -4  -7   7   1   1  -7  -7   0   10   2   1   3   0   3   1   4   1   2   1   1   0   0  48  10   7   0   0   6  1.15 0.70
  336 S     0  -2   4   1  -5   0  -2   3   0  -3  -4  -2   0  -4  -2   2   1  -5  -4  -1    9   2  19   7   0   3   2  19   2   1   1   1   2   1   2  14   8   0   0   6  0.38 0.33
  337 T     2  -3   2   1  -5   0  -1   3  -4  -3  -5  -3  -2  -6   2   2   2  -6  -5  -2   14   1   8   7   0   4   3  23   0   1   1   1   1   0   9  12  11   0   0   3  0.45 0.38
  338 N     0  -3   4   1  -5   2   1   2  -2  -4  -4  -2  -2  -4  -3   0   1  -6  -3  -2    8   1  22   6   0   8  10  17   1   1   2   1   1   0   1   7   9   0   1   3  0.45 0.37
  339 F    -1  -6  -3  -5  -6  -4  -3  -2   1  -1  -1  -6   0   6  -5  -3  -2  -2   6  -3    6   0   1   1   0   1   2   4   3   4   7   0   3  32   1   2   3   0  30   2  1.21 0.66
  340 A     1  -2  -1   2  -5   0   3   1  -2  -2  -3  -1  -3  -2   1   0   0   0  -3   0   14   2   2  13   0   3  19  10   0   2   2   3   1   2   7   7   6   1   0   6  0.26 0.27
  341 P     2  -3  -1   3  -5   0   2   0  -2  -4  -4  -1   0  -4   3  -1  -1  -6  -3  -1   17   1   2  16   0   4  16   7   1   1   2   3   2   1  16   5   4   0   1   4  0.43 0.37
  342 F    -4  -8  -8  -4  -8  -2  -8  -8   1  -2  -2  -8  -1   8  -9  -4  -3   2   4  -1    1   0   0   1   0   3   0   0   3   2   4   0   2  63   0   1   2   2  14   4  2.06 0.99
  343 T    -1   1  -1  -2  -1   0   0  -4  -1   2   0  -1   4   0  -4  -1   0   1  -1   2    6   7   2   2   1   4   5   1   2  11   9   4  12   4   0   5   6   2   2  17  0.20 0.22
  344 K    -1   4   0   0  -2   1   1  -2   0  -3  -3   3   0  -3  -5  -1   0   0  -1  -3    5  24   5   6   1   5   8   2   2   1   3  20   3   1   0   4   5   1   2   2  0.43 0.35
  345 A     2   0   0  -1  -2   2   1  -1   1  -1  -1  -2   1  -1  -4   1   1   3  -1  -1   17   6   3   2   1  10   8   4   3   4   6   1   3   3   0  12   8   4   2   4  0.15 0.20
  346 A    -1  -1   0  -4  -1   3  -1  -2   0   2   1  -2   3   0  -4  -1   0  -1   0   1    5   4   4   0   2  14   4   3   2  12  15   2   9   4   0   4   5   1   2   8  0.21 0.24
  347 V    -2  -3  -2  -3   0   0  -2  -4  -2   1   5  -2   2  -2  -6  -2  -2  -1  -1   0    4   1   3   1   2   5   3   2   1   6  51   2   5   1   0   2   2   1   2   5  0.65 0.46
  348 R    -3   7  -2  -3  -2   1  -2  -3   2  -4  -1   0   1  -3  -6  -2  -1  -1  -2  -4    2  50   2   1   1   7   2   3   5   1   7   5   4   1   0   3   4   1   2   1  1.04 0.65
  349 R     2   0  -1   0  -4   2   2   0   1  -2  -1   0   1  -1  -4   0  -1  -1   0  -2   19   5   2   5   0  12  11   9   3   2   6   5   4   2   0   7   2   1   3   2  0.19 0.23
  350 I     1  -6  -4  -4  -1  -2  -5  -5  -6   6   0  -4   2   0  -3  -3  -1  -2  -3   3   10   0   1   1   1   2   1   1   0  39   8   1   5   3   1   2   4   1   1  18  0.80 0.47
  351 A     6  -6  -6  -6   3  -5  -6   2  -2  -4  -4  -5  -2  -3  -6   2  -2  -7  -6  -5   55   0   0   0   5   0   0  16   1   1   2   0   1   1   0  14   2   0   0   0  1.26 0.74
  352 G     5   1  -1  -5  -2  -2  -4  -1  -5  -1  -4  -1   2  -4  -3   1   0  -2  -5   1   44   8   3   0   1   1   0   4   0   3   1   4   6   1   1  11   5   1   0   8  0.65 0.49
  353 A     3  -4  -1  -4   2  -4  -5   5  -3  -5  -5  -5  -6  -7   0   2  -2  -2  -6  -4   24   1   3   1   4   1   0  43   1   1   1   0   0   0   4  13   3   1   0   1  0.99 0.60
  354 F     0  -3  -5  -6   0  -2  -5  -3  -2   1   4  -4   2   1  -4  -3   0   1   1   2    7   2   0   0   2   2   0   2   1   8  40   1   6   5   1   2   5   2   4  12  0.53 0.36
  355 G    -4  -1   2   1  -2  -3   0   6  -2  -7  -5  -4  -2  -7  -4  -2  -5  -7  -7  -5    1   4   9   8   1   1   6  62   1   0   1   1   1   0   1   3   0   0   0   1  1.38 0.73
  356 P    -2  -4  -4  -6  -1  -2  -5  -4  -4   4   2  -5   5  -2  -5  -3  -1  -1  -2   4    3   1   1   0   1   2   0   1   0  22  21   0  13   1   1   1   4   1   1  26  0.79 0.47
  357 S    -2  -5  -2  -3  -2  -5  -4  -3  -6  -4  -2  -4  -2  -4   6   3   3  -7  -2  -4    3   0   2   1   1   0   1   2   0   1   4   0   1   1  41  24  14   0   1   1  1.21 0.75
  358 Y    -2  -3  -4  -6  -7  -4  -4  -6   0  -3  -1  -2  -2   2   0  -3  -4  -1   8  -1    3   2   1   0   0   1   1   1   2   1   6   3   1   8   6   2   1   0  56   4  1.62 0.86
  359 N    -1  -5   2  -1  -3   1   6  -4   2  -4  -5  -3   0  -2  -3   1  -3  -2   0  -3    4   0   9   3   1   5  46   1   5   1   1   1   2   2   1  10   1   1   3   2  0.86 0.62
  360 R     0  -2  -2  -1  -3   2   0  -2  -1   1   1  -2   2  -1  -3   1   0  -2  -2   1    7   1   2   2   0  12   7   3   1   7  17   2   5   3   0  11   6   1   1  11  0.14 0.20
  361 L     0  -6  -6  -7  -1  -5  -6  -3  -4   1   4  -6   3   3  -6  -3  -2   0  -1   2    8   0   0   0   1   0   0   2   0   8  42   0   6  10   0   1   2   1   2  15  0.78 0.49
  362 A     2  -1  -2  -4  -3  -4  -4  -3  -3  -2   0  -3   1  -1  -5   3   5  -1  -3  -1   15   3   1   1   0   0   1   2   1   2   8   1   4   2   0  21  31   1   1   4  0.60 0.48
  363 H    -2   1   2  -4  -1   0  -3   5  -2  -5  -1   2   1  -4  -4  -1  -3  -3  -1  -3    2   9  11   0   1   4   1  37   1   0   6  13   4   0   0   4   1   0   2   2  0.65 0.45
  364 D    -6  -3   2   8  -5  -3  -3  -6   2  -6  -7  -3  -8  -8  -5  -2  -4  -9  -5  -7    0   1  10  73   0   1   1   0   5   0   0   2   0   0   1   3   1   0   1   0  2.12 1.03
  365 L    -2  -5  -4  -5  -5  -5  -3  -5  -1  -2   2  -5   3   4  -1  -1  -1   4   5  -1    3   0   1   0   0   0   2   1   1   1  21   0   7  19   4   5   4   6  20   4  0.78 0.50
  366 E    -1   1   0  -1  -5  -1   1  -2  -3  -5  -5  -1  -3  -3  -4   5   2  -6  -4  -4    5   8   5   3   0   2  10   3   0   1   1   3   0   1   0  45  10   0   1   1  0.75 0.53
  367 G    -1   0   2   1  -5   3   0   3   0  -5  -4   3  -2  -5  -4  -1  -3  -5  -3  -5    3   4  10   9   0  14   6  25   2   0   1  15   1   0   0   4   1   0   1   0  0.56 0.39
  368 V     2  -4  -3  -4  -3  -3  -3  -2   0   1  -1  -4  -1  -2  -3   1   3  -5   0   4   16   0   1   0   0   1   1   2   2   6   4   0   2   2   1  11  17   0   3  28  0.50 0.38
  369 S    -4  -5   8  -4  -6  -2  -5  -2  -5  -7  -7  -4  -6  -7  -4   3   0  -7  -2  -5    1   0  59   0   0   1   0   3   0   0   0   1   0   0   1  24   7   0   1   1  1.83 0.92
  370 F    -7  -7  -7   1  -8  -7  -4  -1  -5  -7  -5  -6  -4   5  -8  -5  -5   0   9  -7    0   0   0   7   0   0   2   5   0   0   1   0   0  24   0   1   0   1  57   0  2.26 1.06
  371 S     1   2  -2  -6  -6  -5  -5  -3  -4  -5  -6  -5  -6  -3  -6   7  -1  -8  -7  -5   11   9   1   0   0   0   0   2   0   1   0   0   0   1   0  68   4   0   0   1  1.58 0.92
  372 S     3  -5  -1  -5  -5  -3  -5   1  -6  -5  -5  -5  -6  -5  -4   6   0  -7  -6  -2   21   0   3   0   0   1   0   9   0   1   1   0   0   0   1  54   6   0   0   3  1.20 0.74
  373 L     3  -2  -3  -4  -4   0  -3   1  -3   1   1  -2   1  -1  -4   1  -2   1   0   0   25   1   0   0   0   5   1  10   0   9  13   1   4   3   0  13   2   2   3   6  0.26 0.27
  374 R    -5   8  -6  -7  -8  -2  -5  -5  -5  -8  -7   1  -6  -8  -7  -4  -6  -8  -7  -7    1  85   0   0   0   2   0   1   0   0   0   9   0   0   0   1   0   0   0   0  2.66 1.16
  375 S     4  -3  -4  -4  -4   2  -2   0  -1   0   1  -4   3   0  -4   0  -1  -3  -3   0   32   0   0   0   0  11   2   8   2   4  13   0   8   4   0   6   3   0   1   6  0.41 0.36
  376 G     3  -4  -1   1  -3  -3   0   4  -5  -1  -2  -4  -2  -3  -4   1  -2  -6  -5   0   29   1   2   7   0   1   8  27   0   3   3   0   1   1   0   8   2   0   0   7  0.53 0.40
  377 E    -1   0  -2  -1  -4  -2  -1  -2   0   1   3  -1   3  -1  -5  -2   0   2  -2   0    5   6   2   3   0   1   3   2   3   8  35   4   9   2   0   2   5   2   1   5  0.30 0.26
  378 I    -1  -3   2  -2  -1   1  -1  -3  -1   2   3  -3   1  -3  -5  -2  -1  -5  -4   1    6   1  12   2   1   8   3   2   1  12  35   1   3   0   0   2   2   0   0   8  0.39 0.32
  379 D    -1  -2  -2   3  -6   2   5  -2  -1  -2  -2   0   0  -3  -2  -1  -1  -6  -3  -2    5   1   2  14   0  10  39   3   1   2   3   5   2   1   2   3   3   0   1   3  0.63 0.45
  380 E     2  -3  -3   0  -2   0   1  -2  -1  -1  -2  -3   1   5  -4  -1  -2   0   4  -1   17   1   1   6   1   4   9   2   2   4   2   1   4  23   0   4   3   1  12   3  0.45 0.36
  381 R    -2   5  -1  -1  -7   2  -1  -3   0  -5  -4   0  -2  -1  -5  -3  -3   8   2  -5    4  33   2   4   0   9   4   2   2   1   1   5   1   3   0   1   1  20   5   1  1.09 0.62
  382 D    -1   6  -2   1  -6   1   0  -4   0  -4  -3   2  -2  -5  -1  -2  -1  -3  -4  -3    6  39   1   9   0   5   6   1   2   1   2  13   1   0   3   2   4   0   0   2  0.73 0.48
  383 F    -1   2   1  -2  -2  -1  -1   0   1   0  -1  -1   2   2  -4   0   1  -2   1  -1    5  13   6   1   1   2   3   8   5   5   6   3   7   9   0   8   9   0   5   5  0.11 0.16
  384 Y    -2  -3  -3  -6   3  -4  -6  -6  -3   3   0  -5   1   5  -6  -4  -2   5   4   3    3   1   1   0   5   0   0   0   1  15   9   0   3  21   0   1   2   7  13  17  0.82 0.47
  385 K    -1   3  -1   1  -5   1   3  -2  -1  -3  -1   2   1  -3  -4  -1  -1  -4  -4  -3    5  18   2   8   0   6  20   3   1   1   5  14   4   1   0   4   4   0   0   2  0.39 0.33
  386 C     1   2  -1  -1   0   2   0  -1   0   0  -1   0   2  -1  -1   0   0   0  -1   1   11  12   2   4   2  10   5   5   2   4   3   4   6   2   2   6   6   2   2  10  0.08 0.14
  387 I    -3   3  -3  -1  -2  -1   0  -4  -2   1   2   0   1   0  -5  -2  -2   6   0   0    1  19   1   4   1   3   7   1   1  10  18   5   3   4   0   2   2  10   3   5  0.40 0.31
  388 Q    -5   5  -3  -4  -8   7  -4  -5  -3  -4  -6  -1  -4  -5  -7  -3  -3  -2  -3  -5    1  33   1   1   0  51   0   1   0   1   0   3   0   1   0   2   2   1   1   1  1.87 1.00
  389 Q     1   1   1   1  -3   3   1  -2   4  -3  -4   1  -2  -3  -4   0  -1   4  -1  -3   10   8   8   8   0  14   7   3   9   1   1   8   1   1   0   7   4   5   2   1  0.36 0.31
  390 F    -1   0   0   0  -3  -1  -1  -2   2   0   1  -2   2   2  -4  -2  -1   7   0   0    4   6   5   5   0   3   3   2   5   5  12   2   6   8   0   3   4  15   3   8  0.35 0.27
  391 A    -3  -6  -5  -4  -3  -2  -5  -5  -2   2   4  -5   4   4  -5  -4  -2   0   1   1    2   0   0   1   1   2   0   1   1  12  34   0   9  18   0   1   2   1   5  10  0.81 0.48
  392 I     2  -3  -4  -4  -2  -3  -1  -2  -6   5  -2  -2  -1  -3  -4  -2  -1  -6  -3   4   15   2   1   1   1   1   5   3   0  33   2   2   1   1   1   2   3   0   1  25  0.72 0.47
  393 S     0   1   0   2  -2   0   2  -2   2  -3  -3  -1  -2   0   3   0   0  -1  -2  -2    9   9   4  10   1   4  13   3   6   2   2   3   1   4  14   7   5   1   1   3  0.24 0.23
  394 E    -2   2   0   0  -2   5   0  -1   3  -4  -3   1   2  -3   0  -1  -1  -2  -1  -3    3  11   5   5   1  25   6   5   7   1   2   7   6   1   5   4   3   1   2   2  0.43 0.37
  395 L    -2  -4  -5  -7   0  -4  -6  -4  -3   0   3  -5   2   6  -6  -5  -2   3   0   2    4   1   0   0   2   1   0   2   1   5  24   0   5  35   0   0   2   4   2  12  0.99 0.55
  396 L     0  -5  -2  -6   8  -5  -5  -5   2  -1   3  -4   1  -1  -5  -3  -2  -3  -1   0    8   1   3   0  34   0   1   1   4   4  26   1   3   2   0   2   2   0   2   6  1.14 0.61
  397 E    -1   4   2   2  -5   4   1  -3  -2  -3  -4   1  -1  -5  -5  -1   0  -2  -4  -4    4  23   8  11   0  20   7   2   1   2   2   7   2   0   0   5   5   1   0   1  0.61 0.45
  398 W    -2   3  -5  -4  -4  -2  -3  -3  -3  -3  -3  -2  -3  -4   7  -4  -3   1  -7  -2    4  16   0   1   0   2   2   2   1   1   3   3   1   1  56   1   1   2   0   3  1.54 0.85
  399 V    -1  -6  -4  -3  -1  -4  -5  -6  -3   5   0  -5   2  -2  -5  -4  -1  -2  -3   5    5   0   1   1   2   1   0   0   1  30   8   0   5   1   0   1   4   1   1  38  1.03 0.57
  400 G    -2   0  -6  -5  -3  -5  -4  -4  -1  -5  -2  -4  -3   5  -8  -5  -4   8   7  -2    4   6   0   1   1   1   1   2   1   1   5   1   1  20   0   1   1  22  29   3  1.61 0.81
  401 E     1   3   0   0  -3   1   4  -1  -1  -3  -3   0  -1  -3  -2  -1  -2  -3  -3  -4   12  18   4   4   1   5  28   4   1   2   3   5   2   1   2   4   2   0   1   1  0.46 0.38
  402 V     2   3  -2  -2   1  -1   0  -4  -1  -3  -1  -1   1  -2  -6  -2  -1   8  -1  -2   19  16   2   2   3   2   7   1   2   1   8   3   3   2   0   3   3  18   2   3  0.64 0.45
  403 W    -3  -3  -7  -7  -4  -5  -8  -6  -4  -2  -3  -2  -2   6  -9  -6  -7  11  -2   2    2   2   0   0   0   1   0   1   0   2   3   2   1  26   0   1   0  43   1  13  2.27 1.05
  404 M    -3  -4  -6  -4  -1  -3  -6  -5  -3   3   4  -4   4   1  -7  -5  -3  -4  -4   2    2   1   0   1   1   1   0   1   1  17  42   1  10   5   0   0   1   0   0  15  0.95 0.54
  405 E     0   2  -1   3  -5   1   4  -2  -2  -3  -4   0  -4  -4  -3  -1   0  -2  -2  -4    7  10   3  17   0   5  30   4   1   1   2   5   0   1   1   3   6   1   2   1  0.57 0.43
  406 C     2   0  -1  -1  -4   0   4  -3   0  -2  -1  -3   3  -1  -4  -1  -1   3  -1  -1   17   5   3   3   0   4  28   2   2   3   5   0   7   2   0   5   4   4   2   4  0.40 0.36
  407 S     6  -3  -5  -5   1  -1   0  -1  -3  -4  -2  -4   0  -3  -6  -1  -5   3  -2  -2   56   1   0   1   3   3   7   6   1   1   5   1   2   1   0   5   0   4   2   3  0.98 0.64
  408 M     0  -2  -5  -5  -3  -2  -3  -5  -1   4   1  -3   2   1  -5  -3  -3   1   1   4    6   2   0   1   0   2   2   1   2  21  13   1   5   5   0   2   1   2   5  29  0.61 0.39
  409 L     2  -2  -2   0  -4  -2  -2  -3  -3   0   4  -4   2  -1  -5  -3  -2  -2  -2   0   15   2   2   6   0   1   3   2   0   5  44   1   4   2   0   2   2   1   1   5  0.56 0.40
  410 K     2   3   1  -1  -3  -1  -1  -3  -2  -2  -1   1   0  -3  -2   3   1  -5  -1  -2   15  15   5   4   1   2   4   1   1   2   5   8   2   1   2  21   7   0   2   3  0.27 0.28
  411 G    -3  -2   1  -1  -7  -2  -3   7  -4  -6  -6  -2  -7  -5  -5  -4  -4  -7  -5  -7    2   3   6   3   0   2   2  73   0   1   1   2   0   1   1   1   1   0   1   0  1.75 0.86
  412 V     1   3  -1   0  -3   0   0  -2  -1  -1   1   1   1  -1  -2  -1  -1  -2   1  -1   12  18   2   6   0   5   7   3   1   3  14   7   3   2   1   2   4   1   4   5  0.14 0.17
  413 L    -2  -2  -5  -5  -4  -4  -5  -4  -5   5   4  -3  -1   1  -3  -4  -3   3  -2   2    4   2   0   1   0   1   1   1   0  29  31   2   1   4   2   1   2   3   1  12  0.78 0.44
  414 K    -1   1   1   2  -4   0   1  -2  -2  -4  -4   1  -3  -5   4   0   0  -4  -2  -2    6   9   6  13   0   4   8   3   1   1   2  10   0   0  18   8   7   0   1   2  0.38 0.30
  415 I     2  -1  -2  -2  -2  -3  -3  -3  -3   2   3  -3   1   1  -1  -2  -1  -3  -2   1   17   3   2   2   1   1   2   1   0  10  32   1   3   5   4   3   3   0   1  10  0.37 0.28
  416 P    -1  -1  -2  -1  -6  -2  -3  -2  -4  -4  -3  -1  -2  -2   7  -1  -3  -6  -3  -3    6   4   3   4   0   2   2   3   1   1   3   4   1   2  54   5   2   0   1   2  1.28 0.71
  417 P     1  -1   0   2  -4  -2  -2   3  -3  -2  -2   0  -1  -1   3   0  -2  -4  -1  -2   11   4   3  12   0   1   3  22   0   3   3   5   2   3  15   5   2   0   2   2  0.34 0.27
  418 R     0   1  -1   0  -4  -2  -1   2  -1  -2  -2   0  -3   3  -2   0  -1   0   3  -2    6   7   3   6   0   1   4  15   1   1   4   7   0  13   2   8   4   1  12   3  0.23 0.20
  419 A     2   0   0   2  -2  -1   0   0  -1  -2  -1   0   0   2  -2  -1   0   3   0  -1   17   4   4  11   1   2   5   6   2   2   5   7   2  10   2   3   7   4   3   4  0.11 0.14
  420 W    -1   2  -2   0  -2   0   0  -2  -2   0   0   0   0   2   2  -1   0   2   1  -1    5  13   1   6   1   3   6   3   1   6   9   5   2   8  11   3   5   3   6   4  0.13 0.13
  421 D     0   1   2   4  -4   0   2  -2   0  -2  -3  -1  -3  -3  -2   0  -1  -1  -3  -2    9   8   8  27   0   3  14   3   2   2   3   4   0   1   2   6   3   1   1   3  0.43 0.30
  422 R     1   2  -1   1  -4  -1   0  -2  -1  -2  -2   1  -2   1   2   0  -1   1  -1  -2   12  12   3  10   0   2   7   3   1   3   4  10   1   6  12   5   4   2   2   2  0.19 0.18
  423 L    -1  -1  -3  -2  -4  -2  -2  -2  -1   0   1  -3   0   2  -1  -3  -2   5   6  -1    5   4   1   3   0   1   2   3   1   5  16   2   2   9   3   2   2   8  26   5  0.61 0.37
  424 T     0   0   0  -1   2  -1  -1  -2   0   1   1  -1   1   0  -2   0   1   0   1   1    8   5   4   3   5   2   3   2   2   7  16   4   4   4   1   6   9   1   5   8  0.07 0.09
  425 P     1   4   1   1  -3   0   0  -1  -1  -5  -4   1  -3  -5   1   0   0  -3  -1  -4   12  25   8   7   0   4   5   4   2   0   1   8   1   0   7   6   5   0   3   1  0.43 0.34
  426 I     3  -3  -4  -5   4  -2  -5  -3   4   0  -2  -4  -1  -1   0  -2   0   1  -1   3   27   1   0   0   9   1   0   2  10   5   3   1   1   3   4   3   5   2   2  19  0.58 0.42
  427 E     0   3  -1   2  -5   1   3  -3  -1  -2  -2   1  -1  -4  -4   0   1  -6  -3  -1    7  14   3  10   0   5  21   1   1   2   3   7   1   0   0   8  10   0   1   4  0.37 0.32
  428 W    -7 -10 -10  -9  -2  -9  -7 -10   0  -2  -5 -10  -5   3 -10  -8  -8  12   2  -5    1   0   0   0   1   0   0   0   2   2   1   0   0  10   0   0   0  74   6   1  3.96 1.66
  429 L    -2   0  -1  -3   0   2  -4  -4   0   4   0  -2   1  -1  -5  -1   2  -5  -1   1    2   6   3   1   2  11   0   1   2  20  10   2   3   3   0   4  15   0   2  11  0.37 0.32
  430 P     0  -4  -4  -5  -1  -5  -5   4  -2  -7  -3  -4   1   0   5  -2  -1   4  -2  -4    9   1   1   0   1   0   0  28   1   0   2   1   3   5  32   3   4   6   1   1  1.03 0.65
  431 R    -1   2  -4   0  -4   2  -4  -5   0  -6  -8  -5  -4  -9   7  -3  -3  -6  -8  -3    6  11   1   6   0   9   1   1   2   0   0   0   0   0  54   2   1   0   0   2  1.55 0.90
  432 G     1   4  -3  -4  -6  -1  -2   4  -5  -4  -6   1  -4  -6   1  -1  -2  -7  -5  -1   13  19   1   1   0   3   2  30   0   1   0   8   0   0   8   5   3   0   0   5  0.67 0.48
  433 W    -3   4  -5  -6  -8   0  -5  -6   0  -3  -3   0   4   2   0  -4  -3   9  -2  -4    3  24   1   0   0   4   1   0   2   2   3   6   8   7   4   1   2  30   1   2  1.45 0.80
  434 D     1  -2  -4   1  -6   0   3   2  -3  -1  -3  -1   0  -5   4  -1  -2  -7  -5  -3    9   2   0   7   0   4  16  17   1   4   2   3   2   0  24   3   2   0   0   2  0.56 0.43
  435 W    -2  -6  -2  -5  -5   1  -4  -5   3  -4  -3  -6   2  -2  -2   2  -1   9   4  -2    3   0   2   1   0   7   1   1   7   1   3   0   5   2   2  14   5  30  13   3  1.34 0.77
  436 V    -1  -8  -6  -7  -6  -7  -8  -6  -6   6   1  -7  -1  -3  -3  -6  -3   0  -6   5    5   0   0   0   0   0   0   1   0  38  12   0   1   1   2   0   1   1   0  37  1.43 0.74
  437 D    -7  -6   2   8 -10  -2  -2  -8   3 -10 -10  -6  -9 -10  -8  -5  -7 -10  -6 -10    0   0   8  79   0   2   3   0   6   0   0   0   0   0   0   1   0   0   0   0  2.64 1.25
  438 P    -3  -3  -6  -3  -9  -5   0  -4  -9  -5  -5  -6  -4 -10   8  -7  -6 -10  -9  -4    2   2   0   2   0   1   5   1   0   1   1   0   0   0  81   0   1   0   0   2  2.65 1.32
  439 K     0  -2  -2  -2  -4   1  -1  -1  -4  -1   3   1  -1  -2  -4  -1  -1  -4   0   3    8   2   2   2   0   7   5   4   0   2  26   9   1   1   1   3   4   0   3  20  0.28 0.28
  440 K    -3   2  -2  -1  -9   3  -2  -5  -2  -7  -8   7  -7  -9  -7  -4  -4  -9  -5  -6    2   9   2   3   0  12   2   1   1   0   0  64   0   0   0   1   1   0   0   1  1.82 0.97
  441 D    -3  -7  -3   6  -9  -1   6  -7  -4  -7  -9  -5  -8  -6  -7  -3  -2  -4  -8  -9    2   0   1  38   0   2  50   0   0   0   0   0   0   0   0   2   2   0   0   0  1.95 1.03
  442 S     4  -2  -4  -5  -5  -3  -4  -3  -5   3  -2  -4   1  -4  -4  -1   1  -3  -4   3   35   2   1   0   0   1   1   2   0  13   3   1   4   1   1   4   8   0   0  22  0.71 0.50
  443 D     0   0   3   0  -6   5   1  -4  -4  -5  -3   3   0  -7  -1   0   1  -7  -5  -4    7   4  12   5   0  22   9   1   0   1   3  15   2   0   3   6   8   0   0   1  0.57 0.46
  444 A     7  -6  -3  -7  -7  -4  -3   1  -6  -5  -8  -5  -5  -7  -6   0  -2  -8  -4  -4   74   0   1   0   0   1   2  10   0   1   0   0   0   0   0   6   2   0   1   1  1.77 0.97
  445 A     2  -1   2   3  -4   1   1  -4   1  -1  -2   0   1  -2  -5  -1  -1   2  -2  -2   19   3   9  17   0   5   9   0   3   5   5   6   4   2   0   4   3   3   1   3  0.28 0.27
  446 K     0   2  -3  -3  -4   1   2  -3  -3   3   0   2   0  -4  -5  -2  -1  -6  -5   2    8  10   1   1   0   7  13   2   1  16   8  13   3   0   0   2   4   0   0  12  0.32 0.29
  447 T     0  -1  -3   0  -5   0   1  -3  -4   2   2   1   4  -3  -5  -2   1  -5  -3   0    9   4   1   5   0   3  12   1   0  11  20   9  10   0   0   2   8   0   1   5  0.30 0.28
  448 G     3   3  -1   0  -4   1   3  -1  -3  -5   0   0   2  -6  -5  -2  -4  -3  -2  -5   26  16   3   6   0   5  16   5   1   0   9   5   4   0   0   2   0   0   1   0  0.49 0.42
  449 I    -4  -4  -5  -8  -4  -3  -4  -8  -5   5   3  -3   3  -4  -7  -5  -4  -4  -2   4    1   1   1   0   0   1   2   0   0  34  23   2   7   0   0   0   1   0   1  25  1.14 0.61
  450 E     1   4   1   2  -7   2   3  -2  -5  -6  -5   2  -4  -7  -6  -2  -3  -7  -6  -6   11  22   7  11   0   9  21   3   0   0   1  11   0   0   0   3   1   0   0   0  0.74 0.52
  451 T     3  -2   4  -2  -2  -3  -3   0  -1  -2   0  -4   2  -4  -5   1   0  -6  -1  -3   28   2  19   2   1   1   1   8   1   3  10   1   6   1   0  11   6   0   2   1  0.50 0.42
  452 L    -3  -1   0  -3  -4  -5  -6   7  -2  -6  -3  -2  -2  -2  -8  -4  -6  -8  -4  -7    2   4   4   1   1   1   0  74   1   0   3   3   1   2   0   1   0   0   1   0  1.79 0.91
  453 T    -2  -2  -6  -7  -3  -1  -4  -4  -3   2   4  -4   1   3  -5  -4   1   1  -2   0    4   2   0   0   0   3   1   1   1  10  41   1   3  13   1   1   8   2   1   7  0.70 0.44
  454 D     0   0  -2  -1  -2  -1  -2  -2  -3   0  -1   3   3  -4  -5   2   3  -4  -4  -1    8   5   2   3   1   2   2   3   0   5   5  20   7   0   0  16  17   0   0   4  0.37 0.34
  455 S    -3  -6   0  -3  -5  -5  -5  -7  -7  -8  -7  -6  -7  -8  -1   5   6  -9  -8  -6    2   0   5   1   0   0   0   0   0   0   0   0   0   0   3  45  42   0   0   0  1.74 1.01
  456 V    -3   5  -5  -2  -6  -2  -1  -3   1  -1   2  -1   0  -1   2  -5  -4   3   1  -3    2  30   0   2   0   2   3   2   3   3  23   2   2   3  10   0   1   4   6   1  0.66 0.47
  457 S     1   1  -4  -1  -6   3   2  -2  -3  -3  -6  -1  -4  -4  -1   3   2  -7  -3  -4   13   8   0   3   0  13  15   3   0   1   0   3   0   1   3  24  10   0   1   1  0.55 0.47
  458 D    -1   2  -1   3  -7   4   4  -3  -2  -2  -4   0   0  -6  -6  -1  -2  -5  -4  -6    6  10   2  17   0  15  28   2   1   2   1   6   3   0   0   4   2   0   1   0  0.74 0.52
  459 I     2  -4  -4  -4  -4  -3   2  -5   0   4  -1  -2  -1  -1  -6  -2  -1   0  -2   3   17   0   0   1   0   1  16   1   2  21   4   2   1   3   0   3   4   2   1  21  0.53 0.40
  460 M     2  -5  -4  -6   5  -1  -5  -5  -1   4   1  -5   0  -2  -6  -2  -1  -1   1   2   16   0   1   0  13   3   0   0   2  22  13   0   2   2   0   3   4   1   5  13  0.65 0.42
  461 R     5   4  -1  -4  -6  -3  -1  -1  -3  -4   0  -2  -1  -6  -6   0  -2  -3  -5  -5   43  19   3   1   0   1   4   5   0   1   8   2   2   0   0   8   2   0   0   0  0.81 0.57
  462 R     1   2  -3   0  -7   1   5  -3  -3  -6  -3   1   0  -7  -4   1  -3  -7  -4  -6   10  12   1   5   0   5  41   2   1   0   2   7   2   0   1   8   1   0   1   0  0.85 0.59
  463 K    -3   5   1  -2  -4   3  -1  -4  -1  -3   0  -1   3  -2  -6  -2   0   0   0  -4    2  32   6   3   0  14   3   1   2   1  11   4   6   2   0   3   6   1   3   0  0.64 0.47
  464 G    -6  -9  -2  -8  -5  -7  -9   8  -9 -11 -10  -8  -9 -10  -9  -5  -8  -9 -10 -10    0   0   2   0   0   0   0  97   0   0   0   0   0   0   0   0   0   0   0   0  3.03 1.34
  465 R    -2   3  -1  -1  -5   0   1   1  -1  -1   0   1  -1  -1  -5  -2  -1   0   3  -2    2  15   3   4   0   3   9  12   1   4   9   9   2   2   0   3   5   1  13   3  0.23 0.24
  466 D    -5  -3   2   8  -9  -4  -2  -7  -4  -7  -9  -4  -9  -7  -4   0  -2 -10  -7  -6    1   2   9  73   0   1   3   0   0   0   0   1   0   0   1   6   3   0   0   1  2.17 1.06
  467 P     0  -5  -7  -8  -7  -5  -5  -6  -2   0  -1  -6  -2   3   5  -3  -5   8   3  -1    7   1   0   0   0   0   1   0   1   5   6   0   1  13  28   2   0  20   9   5  1.31 0.73
  468 D    -1   2  -2   4  -8   1   6  -5  -2  -5  -5  -1  -5  -5  -5  -3  -2  -5  -1  -4    4  10   2  19   0   6  43   1   1   1   1   3   0   0   0   2   2   0   2   1  1.04 0.66
  469 D     0   0  -3   4  -7   2   5  -5  -4  -4  -4  -1  -3  -7  -5  -1   1  -7  -5  -1    7   4   1  23   0   9  32   1   0   1   1   4   1   0   0   4   9   0   0   4  0.82 0.56
  470 V    -3  -4   2  -4  -4   0  -1  -6   2   3   0  -3   0  -2  -6  -4   0  -3  -4   5    2   1   9   1   0   4   4   0   5  15   8   2   2   2   0   1   5   0   0  39  0.73 0.48
  471 Y    -1  -1  -3   2  -4  -2  -3  -5   1   2   2  -3   3   3  -5  -3  -3   2   1   1    6   3   1  14   0   1   1   0   3  11  22   2   7  12   0   1   1   3   4   9  0.39 0.30
  472 N     2   3  -1   3  -6   2   3  -5  -3  -4  -4   1  -3  -6  -3  -2  -2  -5  -5  -4   18  18   3  14   0   8  21   0   0   1   2   8   0   0   1   2   2   0   0   1  0.64 0.47
  473 Q    -2   1  -4  -1  -8   6   5  -4  -4  -4  -4  -1  -2  -8  -6  -3  -3  -5  -5  -5    4   6   1   3   0  35  36   2   0   1   2   3   1   0   0   2   2   0   0   1  1.30 0.80
  474 I    -3   4   1  -6  -4   1  -4  -6  -2   4   2  -2   1  -1  -6  -4  -2   1  -1  -2    2  24   6   0   0   6   0   0   1  26  18   2   3   2   0   1   3   2   2   2  0.70 0.47
  475 S     5  -1  -3  -3  -5   0   1  -3  -4  -2  -2   3  -4  -6  -5  -1  -3  -7  -5   0   48   4   1   1   0   5   8   2   0   3   3  15   0   0   0   3   1   0   0   6  0.83 0.57
  476 E     2   4  -2  -1  -6   1   3  -4  -1  -4  -3   2  -3  -6  -5  -1  -2  -3  -3  -3   18  25   1   3   0   7  20   1   2   1   2  10   1   0   0   4   3   0   1   2  0.65 0.47
  477 D    -1  -6  -3   5  -8  -2   6  -5  -4  -5  -7  -5  -3  -2  -7  -4  -3   3  -3  -3    5   0   1  27   0   1  52   1   0   1   0   0   1   2   0   1   1   3   1   2  1.52 0.86
  478 I     0   3   3  -2  -5   2   0  -4   0   1   0   2   1  -2  -4  -2  -2  -2  -1  -1    7  14  15   2   0  11   5   0   2   8   9  11   4   2   0   2   2   0   2   4  0.30 0.28
  479 R     2   2  -1   2  -6   2   3  -4  -4  -5  -5   3  -3  -7  -4  -2  -1  -7  -5  -4   20  10   3  11   0   8  19   1   0   1   1  19   1   0   1   2   3   0   0   1  0.65 0.48
  480 R     0   4  -3  -2  -5   0   1  -5  -3  -2   2   2   3  -1  -5  -3  -3  -1   1  -2    9  22   1   2   0   3   9   0   1   2  20  11   7   3   0   1   1   1   5   2  0.43 0.36
  481 F     3   2  -2  -2   0  -2   0  -4  -3   0   2  -2   4   1  -5  -3  -3  -1   0  -2   24  11   2   2   2   1   5   0   1   6  17   2  11   7   0   1   1   1   3   2  0.39 0.34
  482 K     1   3  -2   3  -6   1   3  -3  -3  -2  -4   3  -2  -6  -4  -2  -2  -6  -5  -2   11  14   2  18   0   6  16   2   0   3   2  19   1   0   0   1   2   0   0   2  0.58 0.42
  483 R     2   2  -2   2  -4   0   4  -2  -4  -5  -5   3  -5  -5  -3   0  -2  -6  -5  -5   15  10   1  13   0   4  27   3   0   1   0  15   0   0   1   6   2   0   0   0  0.67 0.48
  484 L     2   1   0  -1  -5  -3  -2  -3   0  -1   4   0   1  -1  -5  -3  -4  -4   1  -2   19   8   4   4   0   1   2   1   2   2  36   6   3   2   0   2   0   0   6   2  0.44 0.36
  485 G    -3  -5   0  -1  -7  -5  -2   7  -6  -8  -6  -2  -7  -7  -5  -3  -6  -7  -6  -7    2   1   4   4   0   0   3  78   0   0   1   3   0   0   1   1   0   0   0   0  1.96 0.92
  486 I    -4  -6  -6  -7  -5  -5  -5  -6  -7   4   5  -5   1  -3  -5  -5  -4  -6  -5   1    1   0   0   0   0   0   1   1   0  23  57   1   3   1   1   1   1   0   0  10  1.36 0.68
  487 P    -1  -1   0  -1  -4  -1   0  -3  -2  -1  -2  -1  -2  -3   5   1   1  -2  -3   1    6   4   4   3   0   3   5   2   1   4   4   4   1   1  25  11  10   0   1  12  0.40 0.31
  488 N    -1  -1  -1   1  -4  -1   1  -3   0  -1   1  -1  -1   2   1  -1  -1  -2   2  -1    3   3   3  10   0   2   8   2   3   4  17   3   1  11   8   5   4   0   9   4  0.15 0.16
  489 P    -1  -3   0   3  -5  -1   1  -1  -3  -4  -3  -2  -4  -4   5   1   1  -4  -3  -2    5   1   3  19   0   3   8   5   0   1   2   2   0   1  25  11   8   0   1   3  0.57 0.39
  490 Y     0  -1  -1   1  -2   0  -1   0  -1   0  -1  -1   0   1  -1   1   2   0   1   0    9   2   3   7   1   3   4   6   1   5   5   2   3   5   3  13  14   1   5   7  0.08 0.12
  491 G     1  -2  -1   4  -4   0   0   0  -2  -1  -1  -1  -1  -2   2  -1   0   2  -1  -2   12   2   3  23   0   3   4   8   0   4   5   4   1   1  10   5   7   3   2   3  0.25 0.22
  492 K     1   0   0  -1  -3   1   0   0  -2  -1  -2   1   0  -2   4   0   0  -4  -2  -1   15   6   4   3   0   5   4   6   1   3   3   9   3   1  18   7   6   0   1   4  0.24 0.21
  493 A     2   2   0  -1  -4   0   0   1  -2  -2  -2   0  -1  -2   2   0   0  -1  -1  -1   19  13   5   2   0   4   6   9   0   2   3   5   2   2   9   5   6   1   2   5  0.16 0.18
  494 L     1   0   0  -1  -2   0  -1   0  -1   0   0   0   1  -1   2   0   1  -2  -1   0   12   4   5   4   0   5   3   7   1   6  10   6   4   2   9   6   8   1   2   8  0.06 0.07
  495 Q     1   0   1   1  -4   3   0  -1  -2  -2  -2   0   1  -3   1   1   1  -5  -3  -1   13   4   6   7   0  14   5   4   0   1   3   6   4   1   8   8  10   0   0   5  0.20 0.22
  496 A     3  -1   0   0  -4   1  -1   1  -3  -2  -2   0  -1  -2   1   1   1  -4  -3  -1   23   2   4   5   0   7   4   9   0   2   3   6   1   2   7   9   9   0   1   5  0.19 0.21
  497 N     0  -1   3   1  -4   1   0   1  -2  -2  -3   1  -1  -3   2   1   1  -5  -3  -1    9   3  14   6   0   6   5  10   0   2   2   9   2   1   9   9   7   0   1   4  0.21 0.20
  498 G     2  -2   0   0  -3   1  -1   3  -3  -3  -4  -2  -3  -4   2   1   0  -5  -3  -2   18   2   4   4   0   7   4  25   0   1   1   2   0   1  11  10   7   0   1   2  0.42 0.34
  499 V     1  -1  -1   0  -3   1   0   1  -2  -2  -1   0   0  -3   2   0   0  -4  -3   0   14   2   3   6   0   8   6  12   1   2   7   5   2   0   9   7   7   0   0   8  0.14 0.16
  500 T     1  -2   0   0  -4   1   1  -1  -3  -1  -1  -1  -2  -3   2   1   3  -5  -4  -1   12   2   4   6   0   8  11   5   0   3   5   3   1   1  11   8  18   0   0   4  0.25 0.26
  501 H     1  -1   1   1  -4   2   2  -1  -1  -2  -2   0  -1  -4   2   1   1  -5  -4  -1   14   3   6   9   0   9  12   5   1   2   4   4   1   0   9  10   7   0   0   3  0.22 0.22
  502 V     1  -1   0   1  -4   2   1   0  -2  -1  -2   0  -1  -3   2   0   1  -4  -2   0   12   2   5   6   0  11   8   8   1   3   4   4   1   1  12   5   8   0   1   8  0.17 0.18
  503 E     1   0   1   2  -5   2   2  -2  -3  -2  -3   0  -2  -4   1   0   1  -5  -4  -2   11   4   6  13   0  11  16   2   0   2   2   6   1   1   7   8   7   0   0   2  0.31 0.28
  504 P     0  -3  -1   1  -6   1   1   0  -3  -2  -4   0  -2  -5   6  -1   0  -6  -4  -3    7   1   3   7   0   6   8   7   0   2   1   6   1   0  35   4   6   0   1   2  0.69 0.45
  505 D     0  -2   0   4  -5   1   2   0  -4  -3  -4   0  -4  -6   0   0   1  -6  -5  -3    9   1   4  27   0   6  15   6   0   2   1   5   0   0   5   8   8   0   0   2  0.50 0.37
  506 E     1  -2   1   2  -5   2   4   0  -4  -4  -4   1  -3  -6   1   0   1  -6  -5  -3   11   1   6  11   0   8  26   7   0   1   1   7   1   0   7   5   7   0   0   2  0.44 0.36
  507 E     1  -2   1   2  -5   1   4   0  -3  -4  -5   0  -4  -4   0   1   0  -6  -5  -3   10   2   7  11   0   5  30   7   0   1   1   5   0   1   4  10   6   0   0   2  0.46 0.37
  508 D     0  -2   2   5  -5   0   3  -2  -3  -4  -5   0  -5  -6   1   0   1  -6  -5  -4    7   2   8  28   0   5  18   3   0   1   1   5   0   0   7   5  11   0   0   1  0.60 0.42
  509 D     1  -2   1   4  -5   0   2   0  -4  -5  -5   0  -4  -6   2   0   0  -6  -5  -4   10   1   7  28   0   4  16   8   0   1   1   5   0   0  10   5   5   0   0   0  0.57 0.39
  510 D    -2  -2   2   6  -6   1   3   0  -3  -5  -5   0  -5  -6  -3   0  -2  -6  -6  -4    4   1   8  40   0   5  15   7   0   1   1   5   0   0   1   7   2   0   0   1  0.84 0.49
  511 E     2  -2   0   2  -5   3   4  -2  -3  -5  -5   1  -3  -4   0  -1   0  -6  -5  -3   15   1   3  12   0  13  27   3   0   0   0   7   0   1   5   4   6   0   0   2  0.54 0.40
  512 P     0  -3  -2   0  -5   1   2   0  -4  -4  -6  -1  -5  -6   6  -1   1  -6  -4  -4    9   1   2   4   0   7  16   7   0   1   0   2   0   0  38   4   7   0   0   1  0.90 0.52
  513 N     0  -2   3   3  -5   0   2   0  -3  -5  -5   2  -4  -5  -1   1   1  -6  -5  -4    9   0  16  20   0   4  11   8   0   0   0  11   0   0   3  10   7   0   0   1  0.49 0.35
  514 A     3   0  -1   0  -4   2   1   1  -2  -4  -5   1  -4  -5   1   0   0  -5  -4  -3   28   4   3   4   0  11   8  12   1   0   0   7   0   0   8   6   7   0   0   0  0.40 0.32
  515 T     1  -2   1   2  -4   0   3   0  -2  -4  -5  -1  -4  -4   1   2   2  -5  -4  -3   10   2   7  13   0   3  19   6   1   0   0   2   0   0   7  14  16   0   0   1  0.41 0.31
  516 G     3  -3  -1  -2  -5  -2   0   5  -4  -4  -6  -1  -5  -6  -1   1  -2  -6  -5  -5   21   1   3   2   0   1   5  48   0   1   0   4   0   0   4   8   2   0   0   0  0.87 0.47
  517 T     2  -1   1   2  -4   1   2   0  -3  -4  -4  -1  -4  -5  -2   2   2  -5  -4  -3   16   2   7  13   0   5  15   6   0   0   1   2   0   0   2  13  17   0   0   1  0.40 0.30
  518 D    -5  -5   3   8  -7  -3   1  -5  -4  -7  -7  -4  -6  -7  -5  -3  -4  -8  -6  -7    0   0  12  80   0   0   8   0   0   0   0   0   0   0   0   0   0   0   0   0  2.10 0.73

                      K         Lambda
Standard Ungapped    0.1352     0.3176
Standard Gapped      0.0403     0.2670
PSI Ungapped         0.1318     0.3178
PSI Gapped           0.0403     0.2670
