
Last position-specific scoring matrix computed, weighted observed percentages rounded down, information per position, and relative weight of gapless real matches to pseudocounts
            A   R   N   D   C   Q   E   G   H   I   L   K   M   F   P   S   T   W   Y   V   A   R   N   D   C   Q   E   G   H   I   L   K   M   F   P   S   T   W   Y   V
    1 M    -5  -5  -6  -7  -5  -4  -6  -6  -5  -2  -1  -5  11  -4  -6  -5  -4  -5  -5  -1    0   0   0   0   0   0   0   0   0   0   2   0  95   0   0   0   0   0   0   3  3.04 0.97
    2 A     5  -4  -3  -1  -3  -3  -2  -2  -4  -4  -4  -2  -4  -5  -3   3   1  -5  -4  -3   61   0   0   4   0   0   1   2   0   0   0   1   0   0   0  24   7   0   0   0  0.98 0.51
    3 E    -2  -1   1   2  -5   2   6  -2  -3  -5  -5   1  -1  -5  -2  -1  -1  -5  -4  -3    3   3   7   9   0   6  54   2   0   0   0   6   2   0   1   3   3   0   0   1  0.87 0.45
    4 K    -1   1   2   1  -4   1   3  -2   2  -2  -2   3  -1  -4   0  -1   1  -4  -3  -3    4   7  10   6   0   4  21   2   5   3   3  20   1   0   4   2   8   0   0   0  0.31 0.22
    5 R     0   2   1  -1  -3   1   1  -2  -1  -2  -3   2  -2  -3  -1   0   3  -4  -3  -1   10  11   6   3   0   6   7   1   1   2   1  18   0   1   3   6  22   0   0   3  0.27 0.22
    6 T     1  -1   0   1  -3  -1   1  -2  -3  -2  -2   1  -2  -2  -1   1   3  -4  -3  -1   10   1   4   9   0   2  12   2   0   1   2  10   0   1   2  11  26   0   0   5  0.27 0.24
    7 G     0   0   0   0  -4   0   0   3  -3  -4  -3   2  -1  -4   2   0   1  -4  -4  -3    6   3   3   4   0   3   7  23   0   0   2  18   2   0  13   4  11   0   0   0  0.37 0.26
    8 L     0  -1  -2  -3  -3  -1  -1  -3  -3   2   2  -2   5   1   0  -1  -1  -3   0   0    7   3   2   1   0   3   3   1   0  14  17   2  21   5   4   3   4   0   4   4  0.31 0.26
    9 A     2   0   0   1  -1  -1   1  -2  -1  -1  -1   1  -2  -4  -2   0   2  -4  -3   0   24   5   4   9   1   1  10   1   1   2   5   7   0   0   2   7  15   0   0   6  0.21 0.22
   10 E     0   2  -1   0  -4   3   2   0  -2  -3  -2   2  -1  -3   2  -1  -1  -4  -3  -2    8  10   2   6   0  15  15   7   1   1   3  14   2   1   9   1   3   0   0   2  0.31 0.26
   11 D    -1   1   0   3  -5   2   3  -2  -1  -4  -3   3  -2  -5  -2  -1  -1  -5  -4  -3    5   7   4  20   0   7  20   3   1   0   2  20   1   0   1   3   3   0   0   2  0.50 0.35
   12 G     0   0   0   0  -3  -1   0  -1  -1  -2  -2   1  -2  -2  -1   2   4  -4  -1  -2    8   6   4   4   0   2   4   5   2   3   3   8   1   2   3  16  27   0   2   2  0.27 0.28
   13 A     4  -3  -5  -4  -1  -2  -4  -4  -2   3   2  -4  -3  -1  -2  -1  -1  -5  -3   0   36   1   0   1   1   2   1   0   1  17  22   0   0   2   1   5   3   0   1   6  0.60 0.45
   14 K     1   2  -2  -2  -4   1   3  -4  -2  -3  -2   5  -2  -6  -3  -1  -3  -6  -5  -2   13  11   2   2   0   5  17   1   1   2   3  34   1   0   1   3   1   0   0   3  0.66 0.49
   15 S     2   2  -2   0  -5   2   1  -1  -2  -5  -4   3  -2  -5  -4   2   0  -6  -3  -3   18  10   1   5   0   9   9   5   1   0   1  19   1   0   0  14   6   0   1   1  0.45 0.39
   16 V    -2   7  -4  -4  -2  -1  -1  -6  -1  -1   1   0   1  -2  -6  -4  -3  -3  -3  -2    4  54   1   1   1   3   3   0   1   3  12   5   4   2   0   1   1   0   1   3  1.14 0.69
   17 Y    -3  -3  -6  -7  -4  -1  -6  -5   2  -4   0  -4  -1   5  -7  -5  -4   7   7  -2    2   1   0   0   0   3   0   1   4   1  10   1   1  20   0   1   1  14  35   3  1.51 0.78
   18 E     0   0   1   3  -6   2   4  -1  -2  -6  -5   1  -3  -6  -5   1  -1  -6  -4  -4    9   4   7  18   0   8  23   4   1   0   1   9   1   0   0  10   4   0   0   1  0.57 0.45
   19 R     1   3  -1  -1  -5   3   1  -3   2  -4  -3   2  -2  -3  -4   1   0  -3  -2  -3   14  16   2   3   0  12  10   2   4   1   2  14   1   1   0  10   5   0   1   1  0.41 0.37
   20 L     2  -4  -5  -6  -1  -4  -4  -5  -3  -2   5  -5   4  -1  -6  -4  -4  -6  -1  -3   14   1   1   0   1   1   1   1   1   1  59   1  11   2   0   1   1   0   3   1  1.20 0.71
   21 K    -1   1  -1   1  -1   0   3  -5  -2  -3  -3   5  -1   1  -5  -1  -2   0  -2  -2    5   8   3   8   1   4  16   0   1   1   2  32   1   5   0   4   2   1   1   3  0.55 0.43
   22 N     1   0   1   1  -3   1  -1   0  -3  -4  -4   0  -3  -4  -3   3   2  -6  -4  -3   13   5   6   8   0   7   4   8   0   1   1   4   0   0   1  25  13   0   0   2  0.40 0.38
   23 D     0   1   0   3  -5   1   4  -2  -1  -1  -2   1  -2  -5  -4  -2  -2  -2  -2  -1    8   9   4  16   0   6  24   2   1   4   5  10   1   0   0   2   2   1   2   4  0.39 0.34
   24 R    -3   8  -4  -4  -8  -3  -5  -6  -2  -8  -5   2  -4  -4  -7  -3  -5  -1  -3  -7    2  76   1   1   0   1   0   1   1   0   1  10   0   1   0   2   0   1   1   0  2.25 1.13
   25 A     1   0   0   1  -3   3   1   0  -2  -3  -4   0  -1  -5  -4   2   1  -1  -2  -4   14   5   4   7   0  16   7   8   1   1   2   5   1   0   0  17   8   1   1   1  0.35 0.36
   26 P    -1   0   3   0  -4   1  -1  -2   0  -2  -2  -1  -2  -4   4   1   2  -3  -2  -2    4   4  14   6   0   7   4   3   2   2   3   4   1   1  19  11  11   0   1   2  0.37 0.34
   27 Y    -2  -2  -7  -8  -4  -4  -6  -7   2   0   0  -6  -1   4  -4  -4  -3   9   4   0    4   2   0   0   0   1   0   0   4   6   7   0   1  18   1   1   2  31  14   7  1.56 0.82
   28 E    -3   0  -1   2  -2  -2   5  -5  -2   0   2  -2   1  -4  -5  -4  -3   0  -4   0    1   5   2  12   1   1  36   1   1   5  18   2   3   1   0   1   1   1   1   6  0.64 0.50
   29 T     1   0   1   2  -5   1   0  -1  -1  -5  -3  -1  -2  -4   2   2   2  -3  -3  -3   10   4   6  11   0   7   7   5   1   0   2   3   1   0  10  19  11   0   1   2  0.32 0.32
   30 R    -2   3  -1   0  -5   1   0  -4   4   0   1  -1   1  -2  -4  -2   0   0  -1   0    3  20   2   5   0   6   5   1  12   6  17   3   4   2   1   2   5   1   2   6  0.33 0.30
   31 A     2  -3  -4  -8   1  -5  -7  -3  -3  -3  -1  -4  -1   0  -8  -4  -5  11   3  -5   14   2   1   0   3   0   0   3   1   1   7   1   2   3   0   1   1  51   8   1  2.26 1.11
   32 Q    -4   4  -1   1  -7   5   3  -4  -2  -3  -4   2  -2  -5  -6  -3  -3  -7  -4  -4    1  23   3   8   0  29  15   1   1   2   1  10   1   0   0   2   1   0   0   1  1.00 0.67
   33 N    -2   1  -2   4  -3   2   5  -5  -3  -5  -4   0  -1  -7  -4  -1  -1  -7  -3  -3    3   7   1  24   1   8  38   1   0   1   2   4   1   0   1   4   3   0   1   2  0.93 0.64
   34 C     1  -5  -3  -6   6  -4  -6  -4  -4   4   1  -6  -1   0  -6  -3  -2  -5   1   2   13   0   2   0  14   1   0   1   0  27  15   0   1   3   0   2   2   0   5  13  0.79 0.50
   35 A     5  -1  -4  -3   0  -3  -2  -2  -2  -3  -4  -3  -1  -1  -5   2  -1  -5   4  -3   43   4   1   2   2   1   2   3   1   2   1   1   1   2   0  14   4   0  15   2  0.81 0.60
   36 Q    -1   3  -1   4  -6   1   4  -3  -2  -4  -4   2  -3  -3  -4  -1  -2  -3  -3  -5    5  15   2  23   0   5  23   1   1   1   1  12   1   2   0   4   3   0   1   0  0.68 0.49
   37 Y    -5  -1  -3  -6  -6  -2  -4  -6   1  -1   2  -4   0   4  -6  -6  -3   5   6  -1    1   3   2   0   0   2   1   0   3   3  22   1   3  18   0   0   1   6  30   4  1.15 0.65
   38 T     0  -5  -3  -4   3  -3  -3  -3  -3   2  -1  -4   1   2  -4  -1   4  -5  -3   3    8   0   1   1   5   1   1   2   0  13   5   0   4   7   1   4  28   0   1  18  0.58 0.43
   39 I     0   0  -1  -1   0   0  -3  -3  -1   2   3  -2   3   0  -4  -1  -2  -1   1  -1    8   5   3   4   2   4   1   1   1  14  28   1   7   4   0   5   2   1   6   3  0.28 0.25
   40 P    -3  -4  -4  -6  -7  -4  -5  -5  -3  -5  -6  -4  -3  -7   8  -3  -4  -7  -7  -5    3   1   1   0   0   1   1   1   1   1   1   1   1   0  83   2   1   0   0   1  2.69 1.35
   41 S    -1   3   1  -1  -5   1  -1   0   2  -3  -3  -1  -1  -1  -4   1   0   2   2  -4    5  18   8   4   0   7   4   8   4   1   3   3   1   3   0  13   7   3   8   1  0.29 0.29
   42 L    -2   5   0  -2  -2  -2  -3  -4  -2   0   2  -1   1   0  -5  -3  -1   0   0   0    4  29   4   2   1   1   1   1   1   6  21   4   3   4   0   2   3   1   3   8  0.46 0.37
   43 F    -1  -1  -1  -2   2   0  -2  -1  -1   1   1  -2   3   5  -5  -1  -2   1   1  -1    4   3   3   3   4   4   2   5   1   8  12   2   7  24   0   6   2   1   5   3  0.35 0.29
   44 P    -1   1   0   0  -5   1  -2   0   0  -2  -2  -1  -2  -2   5   0   2  -2  -2  -1    6   8   4   5   0   5   1   7   3   2   4   3   1   2  25   6  12   1   2   4  0.39 0.35
   45 K    -1   1   1   1  -2  -1   1  -1  -1  -1  -2   0  -2   1   2   0   0  -1   0  -1    5   9   5  10   1   2  10   5   1   3   3   5   1   8   9   8   7   1   3   3  0.12 0.15
   46 D    -1   0   1   3  -3   1   2   0  -1  -2  -2   0  -2  -1  -2   0   0  -1  -2  -2    5   5   5  20   1   6  16   7   1   3   4   5   1   2   2   6   5   1   1   3  0.24 0.24
   47 S     0   0   1   1  -4   0  -1   3  -1  -2  -3   0   0  -1   0   1   0  -1  -1  -2    7   5   7   7   0   5   3  23   2   3   2   5   3   2   4  11   6   1   3   3  0.17 0.19
   48 D     0   0   2   2  -4   2   0  -1   1  -2  -3  -1  -1  -1  -1   1   1   0   1  -2    6   5   9  10   0  10   7   5   3   2   2   3   1   2   3  13   9   2   5   2  0.18 0.22
   49 N    -1   2   2   1  -4   0   0  -1   0  -2  -2   1  -1  -1   2   0   1  -1  -2  -1    5  10  10   9   0   5   7   5   2   2   2   8   1   3   9   6  10   1   1   3  0.16 0.18
   50 A     0  -2   0   1  -5  -1   1   4  -1  -2  -3  -1  -1  -2  -2   0   1  -1  -1  -3    6   2   4   7   0   3   8  33   2   2   2   3   2   2   2   8   8   1   3   2  0.38 0.33
   51 S     1   2   1   1  -4   2   1   0   1  -3  -3   0  -1  -2   0   1   0   0  -1  -3   11  10   8   7   0   9   7   8   3   1   1   6   2   1   4  13   4   1   2   2  0.19 0.22
   52 T     0   1   0   1  -3   1   0   0   0  -1  -2   1  -1  -2   0   1   1   0  -1  -1    7   8   5   7   0   6   6   7   2   3   2  11   1   2   5  11  11   1   2   4  0.12 0.15
   53 D    -1   3   0   1  -4   1   1  -2   0  -2  -2   2  -1  -2   0   0   0   1  -1  -2    5  19   5   9   0   5   9   3   3   3   3  13   2   2   4   5   5   2   2   3  0.22 0.22
   54 Y    -1   0   0  -1  -3   0   0   0   1   0   1   0   1   1   0   0   0   2   1   0    5   6   6   4   0   3   4   6   4   5  13   5   6   6   4   4   6   3   5   5  0.03 0.06
   55 Q     0   0   0   0  -2   1   0   0   1   0  -1   0   1   0   1   0   0  -2   1   0    6   6   5   6   0   5   6   6   5   6   6   6   5   5   6   6   6   0   5   6  0.03 0.06
   56 T    -1   2   1   0  -4   1   0  -1   1  -1  -2   1   0  -1  -1   0   2   2   0  -1    4  11   7   5   0   5   6   4   4   3   4   9   3   3   3   5  15   3   3   3  0.13 0.17
   57 P    -2  -3  -1   2  -4  -1  -3  -2  -5   4   1  -3   0  -4   3  -1  -1  -5  -4   2    3   1   3  11   0   2   1   3   0  26  16   1   2   0  13   4   4   0   0  11  0.45 0.35
   58 W    -3  -4  -1  -5  -6  -3  -5  -4   0   0   0  -4  -2   6  -5  -4  -3   3   7  -2    2   1   4   1   0   1   0   2   2   6   7   1   1  30   0   1   2   4  32   3  1.25 0.67
   59 Q    -6  -5   2   7  -7   4  -1  -6  -2  -4  -7  -4  -3  -5  -3  -1   0  -4  -6  -4    0   0   8  55   0  17   2   0   1   1   0   1   1   0   1   5   5   0   0   1  1.53 0.85
   60 A     1  -4   1  -1  -5  -2  -1   2  -2  -3  -5  -3  -2  -6   0   5   1  -6  -5  -3   11   0   6   4   0   1   3  14   1   1   1   1   1   0   4  42   8   0   0   2  0.72 0.56
   61 V    -3  -2  -4  -5  -2  -3  -3  -5  -1   1  -1  -1  -2  -2  -5  -1   6  -6   0   1    2   2   0   0   1   1   1   0   2   7   7   3   1   2   0   4  52   0   3  11  0.99 0.67
   62 G     4  -5  -3  -6  -2  -4  -5   5  -6  -4  -4  -3  -4  -4   3  -2  -3  -7  -6  -4   38   0   1   0   1   1   0  37   0   1   1   1   0   1  13   2   1   0   0   1  1.19 0.73
   63 A     2  -2  -2  -4  -1  -1  -1  -2  -1   2   0  -2   2  -1   1   0   1  -2  -2   2   23   2   1   0   1   2   4   2   2  12   7   1   6   2   6   7   8   1   1  13  0.23 0.25
   64 R    -2   3   0   2  -5   2   2  -3   1  -1   0   0   1  -2  -4  -2  -2  -1  -1   0    3  21   4  11   0   9  12   1   3   4  10   5   4   2   0   2   2   1   2   6  0.29 0.28
   65 G     5  -4  -3  -2   3  -5  -3   2  -5  -4  -2  -5  -2  -4  -5   2  -3  -6  -1  -2   45   1   1   2   5   0   1  16   0   1   5   0   1   1   0  16   1   0   2   2  0.85 0.60
   66 L     2  -1   0  -4   2  -3  -4  -4   0   0   3  -4  -1  -1  -5  -1   0  -1  -2   3   16   3   5   0   4   1   0   1   2   5  27   0   1   2   0   4   5   1   1  22  0.42 0.35
   67 N    -2   3   4   2  -5   2   2  -2   0  -2  -3   0  -1  -2  -2  -1   0  -2  -3  -3    2  15  19  11   0  10  11   3   2   2   1   5   2   2   2   4   5   1   1   2  0.40 0.33
   68 N    -2   2   3   1  -3   0   0  -3   1   0  -1   1   0  -3  -4  -1   2  -1  -2   0    3  13  13   9   0   5   5   2   4   5   5   7   2   1   0   4  15   1   1   6  0.23 0.24
   69 L    -1  -2  -6  -7   0  -4  -5  -2  -3   0   4  -4   3   5  -6  -3  -4   0   0  -2    6   2   0   0   2   1   1   3   1   4  46   1   6  20   0   2   1   1   3   1  0.91 0.55
   70 A     6  -3  -3  -5  -2  -3  -4  -1  -3  -4  -4  -3  -3  -6  -4   1   0  -6  -6   1   59   2   1   0   1   1   1   4   1   1   1   2   0   0   1  11   5   0   0  11  1.09 0.70
   71 S     4  -3   3  -1  -5  -3  -4   0  -3  -4  -5  -3  -3  -4  -4   4  -1  -6  -6  -5   31   1  15   4   0   1   1   8   0   1   1   1   1   1   1  32   3   0   0   0  0.90 0.63
   72 K     1   2  -1  -2  -5  -1  -2   4  -2  -3  -3   2  -1  -1  -4   0  -1  -1  -1  -3   11  12   3   2   0   2   2  29   1   1   2  15   2   2   0   7   3   1   2   2  0.44 0.35
   73 L    -4  -6  -6  -7  -1  -3  -5  -7  -2   3   4  -6   6   1  -6  -4  -3  -3  -2   0    1   0   0   0   1   1   1   0   1  18  39   0  21   6   0   1   1   0   1   6  1.14 0.63
   74 M    -1  -3  -3  -2  -3   2  -1  -2   4   0   1  -2   5  -1  -3  -1  -1   0   0   1    6   1   1   2   1  11   4   3  12   4  16   1  17   2   1   3   3   1   4   8  0.42 0.36
   75 L     1  -2   1  -2  -3   0  -2   3  -4  -2   0  -3   2  -4  -4   4  -1  -1  -3  -3   10   2   6   1   1   4   2  22   0   2  10   1   5   1   0  29   3   1   1   1  0.48 0.42
   76 A     2  -3   0  -1  -4  -1  -2   2  -1  -1   0  -3   2  -1  -4   0   1  -1   1  -1   17   1   4   4   0   3   2  17   1   3  10   1   7   3   0   7  11   1   5   3  0.21 0.24
   77 L    -3  -5  -6  -6  -3  -3  -6  -4  -3   2   5  -5   5   0  -6  -3   0  -1  -2   0    2   0   0   0   1   1   0   1   1  11  47   0  14   4   0   2   6   1   1   6  0.95 0.56
   78 F    -3  -2  -2  -4  -2  -5  -5  -5  -3   0   0  -3   3   4  -3   0   5   1  -2   0    2   2   2   1   1   0   0   0   0   4  10   1   7  20   1   6  33   2   1   6  0.75 0.52
   79 P    -4  -2  -3  -3  -7  -3  -4  -4  -7  -7  -7  -4  -7  -8   8  -1  -4  -8  -7  -5    1   2   1   1   0   2   1   2   0   0   0   1   0   0  80   5   1   0   0   1  2.56 1.27
   80 M     3  -2   0  -2  -5   0  -2  -1  -3  -3  -4  -2  -1  -2   4   2   1   0  -4  -2   21   2   4   1   0   5   2   4   1   1   1   2   2   2  23  15   9   1   0   3  0.52 0.44
   81 Q    -1   3   4   0  -5   3   1   0   0  -2  -4   0   0  -4  -5   1   0  -1  -3  -4    4  14  19   4   0  14   7   8   2   2   2   4   2   1   0  10   6   1   1   1  0.42 0.38
   82 T    -1   3   0  -1  -5   2  -1  -4  -2  -2  -4   1  -2  -6   5   0   1  -6  -3  -1    5  13   4   3   0   9   3   1   1   2   1   9   1   0  27   7   8   0   1   4  0.58 0.45
   83 W    -4  -7  -8  -4  -3  -7  -5  -7  -3  -4  -5  -5  -1   5   0  -4  -5  11   0  -4    2   0   0   2   1   0   1   0   1   1   1   1   1  20   5   2   1  58   3   1  2.91 1.34
   84 M    -2  -7  -4  -3   0  -3  -7  -4   3  -1  -2  -4   1   8  -7  -4  -3   4   0  -2    5   0   1   2   2   1   0   1   6   3   4   1   3  59   0   1   2   4   2   3  1.70 0.88
   85 R    -1   5   0   0  -5   0   0   0  -1  -1  -3   3  -2  -1  -3   0  -1  -2  -2  -3    4  29   3   6   0   4   5   7   1   4   1  15   1   3   1   7   4   1   1   2  0.43 0.35
   86 L    -3  -2  -4  -4  -2  -3  -3  -5  -2   1   5  -5   2   2  -4  -3  -3   2   0  -1    3   3   1   1   1   1   2   1   1   7  51   0   4   8   1   2   1   3   4   4  0.78 0.52
   87 T     0   1  -1   0  -3   1   1   0  -1  -1  -2   2  -1  -1  -2   0   1   1  -2  -1    9   9   3   5   0   5  11   6   1   3   3  12   1   3   2   8  11   2   1   5  0.13 0.16
   88 I     0  -3  -3  -3  -2  -2  -2  -3  -2   2   1  -3   2   1   3  -1   1  -1  -1   1    9   1   1   2   1   2   2   2   1  10  15   1   5   6  16   3   9   1   1  12  0.28 0.25
   89 S     0   0   1   2  -4  -1   0   2   0  -3  -2   0  -1  -3   2   1   0  -4  -4  -2    7   6   5  14   0   3   6  14   2   2   3   4   2   1  12   9   5   0   0   4  0.23 0.22
   90 E    -1  -1   2   4  -4   0   1  -1  -1  -3  -3   0  -2  -2   2   0  -1  -5  -2  -3    5   3  10  28   0   3   9   5   1   1   3   5   1   2  10   8   3   0   1   2  0.44 0.34
   91 Y     0   1  -1   1  -3   1   2   0   0  -2  -2   0  -1   0   2  -1  -1  -1  -1  -1   10   8   2   9   0   5  14   6   2   3   4   6   2   6  10   4   3   1   2   3  0.13 0.16
   92 E     1   0   0   1  -3   0   2  -1  -1   0  -1   0   0  -1  -1   0   0  -1  -1   0   11   4   3  10   0   3  16   5   1   5   6   5   3   3   2   5   6   1   2   8  0.08 0.11
   93 A     1   0  -2   0  -3  -1  -1  -3  -2   0   3   0   2  -1   1  -2  -1  -1  -2   0   10   6   1   6   0   3   3   2   1   5  31   6   4   2   6   2   3   1   1   7  0.19 0.20
   94 K     0   1   1   1  -3   1   2   0  -1  -2  -1   1   1  -1   0   0  -1   0  -1  -2    9   7   8   6   0   5  13   6   1   2   6  10   5   2   4   6   3   1   2   3  0.11 0.12
   95 Q     0   1   0   1  -3   2   3  -1  -1  -2  -1   2   0  -2  -1   0  -1  -1  -1  -1    7   8   4   7   0   7  18   4   1   2   5  13   2   2   3   6   3   1   2   4  0.18 0.16
   96 L     0  -1   0   0  -1  -1   0   0  -1   1   2  -1   1   0  -1   0  -1  -1  -1   1    9   2   5   7   1   3   5   7   2   9  21   2   4   4   2   5   3   1   2   8  0.05 0.06
   97 L     0   0   0   1  -2   0   0   0   0   0   0   0   0  -1   1   0   0  -1  -1   0    8   5   4   9   1   5   7   7   2   7  10   5   3   3   6   4   6   1   2   5  0.03 0.02
   98 S     1   0   1   0  -2   1   1   1  -1  -1  -1   0  -1  -1   0   0   0  -1  -1  -1   13   5   6   6   0   8  12  10   1   3   6   4   2   2   5   6   4   1   1   6  0.08 0.08
   99 D    -1  -1   0   4  -1   1   1   0   0  -1  -3   0  -1  -3  -1   1  -1   0  -2   0    6   3   4  26   1   5  10   6   2   3   2   4   1   1   3   9   3   1   1   7  0.28 0.20
  100 P     0   0   0   1  -1   1   1   0   0  -1  -1   1  -1  -2   3  -1   0  -3  -2  -1   10   6   3   7   2   5   7   8   3   3   6   8   2   2  15   3   6   0   1   3  0.14 0.12
  101 D     0   0   2   3  -3   0   3   0  -1  -2  -2  -1  -1  -3  -2  -1  -1  -3  -2  -2    6   5  10  19   0   5  18   6   1   2   5   4   2   1   2   5   4   0   2   3  0.27 0.22
  102 G     0  -1   1   1  -3   1   1   0   0  -1  -1   0   0  -1  -2   0   0   4   0  -1    9   2   7  10   0   8  11   7   2   3   7   4   2   2   2   6   5   6   2   5  0.10 0.11
  103 L     0   1   1   0   0   0   0  -2  -1   0   0   1   0   1  -1   0  -1   0   1   0    6   9   6   4   2   5   4   3   1   5   9  12   3   6   3   6   3   2   6   5  0.03 0.07
  104 A     1   0  -1   2  -3   1   1   0   0  -2  -2   0  -2  -2   0   1   1  -4  -2  -2   15   5   3  10   0   8  11   7   2   1   3   5   1   1   5  10   8   0   1   3  0.18 0.19
  105 K     0   0  -1   1  -4   2   4  -2  -1  -2  -3   1   0  -1   1  -1  -1   3   0  -2    7   6   2   9   0   8  27   3   1   3   2   7   2   2   6   3   3   5   3   3  0.35 0.31
  106 V     1  -2  -3  -3   0  -2  -3  -3  -2   2   1  -3   2   1  -4  -3  -1   2  -1   4   12   2   1   1   2   2   2   2   1   9  15   1   4   6   0   1   3   2   2  31  0.42 0.32
  107 D     0   2   0   2  -5   1   3  -2  -1  -2  -2   2   0  -2  -4  -1  -1   1  -2  -3    8  12   4  11   0   7  17   2   1   2   4  15   3   1   0   3   4   2   1   1  0.32 0.29
  108 E     0   1   0   1  -4   2   1  -1   0  -2  -1   1  -1  -2  -1   0   0  -1  -1  -2    8   9   4   9   0  10  11   3   2   2   6  11   1   1   3   8   4   1   2   3  0.15 0.16
  109 G     1  -1  -3  -1  -5   0   0  -1  -1  -2  -1  -1  -1   0  -3  -1  -3   9   2  -2   14   4   1   4   0   5   5   5   1   2   6   3   1   3   1   4   2  30   6   3  0.91 0.56
  110 L    -2  -3  -6  -7   0  -3  -6  -3  -1  -1   5  -6   2   2  -6  -3  -1   1   0  -2    3   1   0   0   2   1   0   2   2   2  63   0   4   6   0   2   5   2   3   2  1.11 0.66
  111 S     2   0   0   2  -4   2   2  -2   0  -2  -3   0  -1   0  -3   1  -1   0  -1  -2   15   6   3  12   0   8  14   3   2   2   1   6   1   5   0  11   4   1   2   2  0.23 0.24
  112 M     0   0   0   0  -3   1   0   0   2   0  -1   0   1   1  -3   0   0   3   1   0    6   6   5   6   0   5   6   6   5   6   6   6   5   5   0   6   6   5   5   6  0.06 0.10
  113 V     1   0  -2  -3   3  -1  -3  -2  -3   2   0  -3   2  -2  -4  -1   0  -1   1   3   12   5   2   1   7   3   1   2   0  13   8   1   6   1   0   4   5   1   5  23  0.32 0.28
  114 E     0   0  -1   0  -2   2   4  -2  -2  -4  -4  -1  -2  -3  -4   1   3  -5  -3  -2    7   6   3   4   1   8  31   3   1   1   1   2   1   1   0  10  16   0   1   3  0.51 0.42
  115 R    -1   4   1   2  -5   2   2  -3  -1  -3  -2   2  -1  -2  -4  -1  -1  -1  -1  -3    5  23   8  12   0   7  12   2   1   1   3  10   2   1   0   4   4   1   2   1  0.41 0.33
  116 I     1   2  -2  -1  -3   1  -1  -3  -2   2   0   1  -1   0  -3  -1   0  -1   0   1   11  14   1   4   0   6   3   1   1  13   8   8   1   5   0   4   7   1   3   8  0.13 0.17
  117 I     2  -4  -5  -5   0  -2  -4  -3  -2   3   1  -3   5   0  -4  -2  -1  -5  -3   2   19   1   0   0   2   1   1   2   1  19  11   1  15   4   1   2   4   0   1  15  0.55 0.40
  118 M    -2   1   0  -4  -2   1  -2  -4   3  -1   1  -2   5   2  -5  -1  -2   3   3  -1    3   7   4   1   1   6   2   1   8   3  11   2  14  10   0   4   3   4  12   5  0.44 0.36
  119 N     1   3   1   2  -4   1   1  -1  -1  -3  -2   1   0  -2  -3   0   0  -2   0  -3   11  16   5  11   0   6  10   4   1   1   3   8   3   2   1   8   5   1   4   1  0.22 0.23
  120 Y     1   0   0  -1  -2   0   1  -2   2   0  -1   0   0   0  -4   0  -1  -1   3   0   13   6   4   3   1   4  11   2   4   4   6   5   2   3   0   5   4   1  13   9  0.13 0.17
  121 I    -1  -2  -2  -3  -4  -3  -4  -4  -1   3   3  -4   3   4  -5  -2  -2  -4   0   0    6   2   2   2   0   1   1   1   1  18  28   1   7  17   0   3   2   0   2   4  0.55 0.38
  122 E     1   0   2   1  -5   1   3  -2   1  -3  -3  -1  -2   0   2   0  -2   0   0  -3   12   4  10   9   0   5  21   3   4   1   2   3   1   4   9   5   2   1   3   1  0.29 0.29
  123 S     1   2   1   0  -4   1   0  -1   0  -2  -2   1   0  -3  -2   1   0  -2  -4  -2   14  14   5   6   0   8   6   5   3   1   4   9   2   1   1  11   6   1   0   3  0.20 0.22
  124 N     1  -1   0  -2  -1  -1  -4   0  -2  -3  -2  -1  -1  -4  -1   5   0  -6  -2  -3    9   4   4   2   1   3   0   7   1   2   4   3   1   1   3  47   5   0   1   2  0.67 0.55
  125 S     0  -1   6  -1  -2  -1  -2   2  -1  -6  -3  -2   0  -1  -3   0  -2  -7  -6  -4    9   3  41   3   1   3   3  16   1   0   3   2   2   3   1   5   3   0   0   1  0.84 0.57
  126 Y    -1  -6  -3  -2  -1  -2  -4  -3  -5  -1   1  -6   0   7  -7  -2  -1   2   2  -1    5   0   1   3   1   2   1   3   0   4  11   0   2  47   0   4   3   3   6   4  1.10 0.63
  127 R    -1   5   0   0  -2  -1  -3  -4   0  -2  -4  -2  -1  -2  -4  -2  -2  -5   6  -1    6  33   4   6   1   3   1   1   2   3   1   1   1   1   1   3   3   0  25   4  0.88 0.60
  128 V     1   0   1  -1  -3   1  -1  -1  -1  -1  -1  -1  -1  -2   2   1   2  -4  -2   0   13   5   7   3   0   6   3   4   1   4   6   3   2   1   9  11  12   0   1   9  0.13 0.17
  129 T     3  -1  -1  -2   0   2   2  -2  -1   0  -2  -1   0  -4  -1   0   1  -5  -4   0   24   4   2   1   2  11  12   2   1   4   4   3   2   0   3   7   8   0   0   8  0.25 0.28
  130 L     0  -1   0  -1   1  -1  -2  -2   0   1   1   0   3   0  -1  -1   0   2   0   0    9   3   4   3   3   3   3   4   3   9  13   6   8   4   3   4   6   3   3   7  0.11 0.09
  131 F     0   0   0  -1  -6   2  -1  -1   4  -1  -2   0   1   1   0  -1   0   2   2  -1    8   6   5   4   0   8   3   6  11   3   3   5   3   6   4   6   6   3   6   4  0.20 0.17
  132 E    -1  -1   0   0  -4   2   3  -1   1   0  -1   0   1  -1  -1   0   0   2   0  -1    6   4   3   4   0   8  25   4   3   7   4   4   3   3   4   5   5   3   3   4  0.20 0.22
  133 A     2  -1  -1  -1   2   0  -3   0   1   0   0  -3   2   2  -3   0   0   2   0   0   18   3   3   4   5   4   0   7   3   5   7   0   6   9   0   6   5   4   4   7  0.14 0.18
  134 L    -1  -5  -1   0   2  -4  -1  -2   1   1   1  -5   2   2  -6  -2  -1   3   5  -1    4   0   4   6   4   0   4   4   4   7  12   0   6   9   0   3   3   4  23   5  0.47 0.34
  135 K    -1   1   0   0  -3   1   0  -1   2   0   1   1   1   0  -1  -1  -1   2   0  -1    6  10   3   5   0   6   4   3   6   5  14  11   4   3   3   3   4   3   3   4  0.07 0.10
  136 Q    -3  -2   0   6  -6   1   2  -2   3  -6  -3  -2   0  -2  -1   0  -2  -6  -2  -3    2   2   4  40   0   7  11   2   8   0   3   2   2   2   3   8   2   0   2   1  0.77 0.51
  137 L     0   0   0   0   2   0   0  -1   2   0  -1  -2   1   1  -3   0   0   3   1   0    6   6   5   6   5   5   6   6   5   6   6   0   5   5   0   6   6   5   5   6  0.07 0.12
  138 V     1  -4  -2  -2   2  -2  -4   2   0   2   0  -4   0  -1  -1   0  -1   0  -1   2   14   0   2   2   5   2   0  19   2  12   8   0   2   2   3   6   4   1   2  14  0.26 0.25
  139 V     0  -1  -1  -2   2  -1  -2   1   0   1  -1  -2   0  -1  -1   0   0   3   0   3    9   3   3   3   4   3   3   9   3   7   5   3   3   3   3   7   5   3   3  20  0.17 0.13
  140 A     0  -7  -1  -2   2  -1  -7   1   1   1  -1  -7   1   5  -1  -1   0  -6   3  -1    9   0   3   3   4   3   0  12   3   6   5   0   3  19   3   4   6   0   9   5  0.46 0.28
  141 G     0  -1   1  -1   3   1  -1   1  -2  -1  -2   1   1  -3   2   1   1  -3  -2   0    9   0   9   0   8   9   1   9   0   0   1   9   9   0   9   9   9   0   0   9  0.14 0.13
  142 N     0  -1   3  -1  -1   0  -2   1  -1  -2  -2  -3   2  -2  -1   0   4   2  -2  -2    7   4  13   2   2   4   2  12   1   2   4   0   5   1   3   5  26   3   1   2  0.31 0.29
  143 V     3  -4  -2  -2   4  -1  -2   3   0  -1  -2  -3   0  -1  -1   0  -1   0  -1   0   27   0   2   2   9   3   2  19   2   3   2   0   2   3   3   7   4   1   2   7  0.35 0.29
  144 L     1  -4  -1  -2   4  -2  -3  -1  -4   1   1  -3   4   0  -1  -1   0   1   0   1   13   0   3   2  10   2   0   4   0   6  16   0  11   3   3   4   7   2   3  10  0.26 0.23
  145 L     0   0   0  -2   2   1   0   0  -2   0   0   0   1   1  -3   0   0   3   1   0    6   6   6   0   6   6   6   6   0   6   6   6   6   6   0   6   6   6   6   6  0.07 0.12
  146 Y    -1  -3  -2  -2   0  -2  -3  -2   2   2  -1  -2   1   4  -3  -2  -1   4   5   0    5   2   2   2   2   2   2   3   4   9   7   2   3  13   1   3   4   5  19   7  0.53 0.32
  147 L    -1  -1  -2  -2   0  -1  -1  -3  -1   3   1  -3   3  -1  -2  -2   0   0  -1   3    5   4   2   3   2   3   4   3   2  15  13   2   7   3   2   3   5   2   2  18  0.32 0.21
  148 P    -1  -1   0   2   0   0   2   0   0  -1  -2  -2   1   0   2  -1  -1   2   0  -2    5   4   4  12   2   4  14   7   3   3   4   3   3   4   9   4   3   2   3   3  0.16 0.18
  149 E    -2  -1  -1   2  -7   0   4  -2   1  -2  -2   0   1  -1   1  -2  -2   3   0  -2    3   3   3  12   0   3  23   4   3   3   4   6   3   3   7   4   3   4   4   3  0.35 0.30
  150 P    -1   1   2   4  -6  -1   0   0   0  -1  -3   0  -1  -2   1   0  -1   0  -2  -2    5   7   8  20   0   3   7   8   2   4   3   7   2   2   7   6   3   1   2   3  0.26 0.22
  151 E    -2   1   0   3  -1  -1   0   1   1  -2  -3   1   0   0   1  -1   0   1  -1  -1    3   8   4  17   1   3   7   9   3   3   3   7   3   4   7   4   6   2   2   5  0.18 0.16
  152 G     0  -1   1   2  -2  -2   0   3  -1  -2  -2   0  -2  -2   1   0  -1  -5  -2  -2    6   3   6  10   1   2   7  24   1   3   4   7   1   2   8   6   5   0   2   3  0.29 0.21
  153 S     0   1   1   2  -2   0   1   1   0  -2  -2   1  -2  -1  -1   0   0   0  -2   0    6   9   6  11   1   4  10  10   2   3   4   7   1   3   3   6   7   1   1   6  0.10 0.10
  154 N    -2   1   2   1  -1   0   0   2   0  -2  -2  -1  -2  -1   0  -1   1  -1   0  -1    4   8   9   9   1   4   7  15   2   3   4   4   1   2   5   5   8   1   3   5  0.15 0.13
  155 Y    -1   0  -1  -1   0  -1  -1   1   0   0   1   0  -1   0   2  -1  -1   1   0   1    5   6   3   3   2   2   4  12   2   6  12   5   2   3  12   4   4   2   3   9  0.09 0.08
  156 N    -2   0   0   0  -1  -3  -1  -3  -1   2   2  -2   0   2  -2  -1  -1   0   0   1    3   6   5   5   1   1   5   2   2  12  19   2   2   9   3   5   4   1   3   9  0.20 0.13
  157 P    -1   1   0  -1   1   1  -1  -1   2   0  -1   0   1   0   0  -1  -1   2   1   0    5   9   4   4   4   5   3   6   5   6   5   6   3   4   6   5   4   3   5   8  0.05 0.05
  158 M     0  -2   0   0   2   0  -2   0   2   0  -1   0   1   1   0   0   0   3   1   0    6   0   5   6   5   5   0   6   5   6   6   6   5   5   6   6   6   5   5   6  0.08 0.13
  159 K    -1   3   0  -1   0   1   0  -2   2  -1  -2   2   0  -1   0   0   1  -4   0  -1    3  17   5   3   3   7   5   3   6   5   3  12   3   3   4   5   8   0   3   5  0.16 0.19
  160 L     1  -2   0  -2   3  -1  -2  -2   1  -1   0  -2   0   1   0   1   1  -3   1   1   13   2   5   1   6   2   1   2   4   3   8   1   3   8   4  11  11   0   6  10  0.15 0.20
  161 Y    -3  -1  -3  -3   0  -2  -2  -6   2   2   0  -3   1   2  -3  -2   0   4   4   2    2   4   1   1   2   1   3   0   5  13   9   1   3  10   1   3   5   6  17  13  0.48 0.36
  162 R    -1   1  -1  -1  -1  -2  -2  -1   4  -4  -4  -1  -3  -3   6   0   1  -6  -2  -3    5   7   3   3   2   2   2   6   9   1   1   3   1   1  35   8   7   0   1   1  0.76 0.55
  163 L    -1  -2  -3  -4   0  -1  -3  -3  -5   3   4  -5   2  -1   1  -3  -3   0  -1   1    5   2   1   1   2   2   1   3   0  17  35   0   5   3   8   2   1   1   2  10  0.50 0.37
  164 S    -1   0   0   0   2   0   0  -1   2   0  -1   0   2   1   0  -1   0   4   1  -1    5   5   5   5   5   5   5   5   5   5   5   5   5   5   5   5   5   5   5   5  0.09 0.08
  165 S    -2   0   0   2  -3   4   4  -3   0  -4  -4  -1  -5  -4  -3   2   0  -6  -2  -2    3   4   5  12   1  15  26   2   2   1   1   3   0   1   1  13   5   0   1   3  0.58 0.46
  166 Y    -2  -6  -3  -1   4  -6  -6  -4   0   1   0  -6   0   4  -6  -3  -2   1   7   1    3   0   1   4   8   0   0   1   2   8   9   0   2  13   0   2   3   2  32  10  0.99 0.57
  167 V     1  -2  -5  -3   2  -2  -3  -4  -1  -1  -1  -4   0   2  -4  -2   0   4   5   3   12   3   0   2   5   2   2   1   1   2   5   1   2   8   1   3   5   6  18  22  0.54 0.40
  168 V    -2  -3  -4  -6   1  -5  -5  -3  -3   4   2  -4   0   2  -1  -3  -2   4  -1   3    4   1   1   0   3   0   0   2   1  22  19   1   1  10   4   1   2   5   2  19  0.60 0.38
  169 Q     1   0   0   1  -1   0   2  -1   0  -2  -1   1  -1  -2  -3   0   0   1   0  -1   15   5   3  10   1   4  13   5   2   2   6   7   2   1   0   8   4   2   4   5  0.12 0.15
  170 R    -1   4  -1  -1   0   0   4  -4  -2  -2  -1  -2  -2  -2  -1  -1  -1  -6  -2   0    4  26   3   3   2   3  26   1   1   2   6   1   1   2   3   5   4   0   1   7  0.50 0.41
  171 D    -3  -3   4   6  -7  -5  -2   2  -1  -7  -7  -5  -6  -7  -6   0  -1  -7  -3  -7    2   2  21  41   0   0   2  15   1   0   0   0   0   0   0   7   4   0   1   0  1.27 0.73
  172 A     1   0   0   0  -2  -1   0   1   1  -2  -2   0  -1   0   3   0   0   0   0  -2   16   4   4   4   1   3   6  10   4   2   3   5   2   4  14   8   5   1   3   2  0.17 0.17
  173 F    -1   2   1   2  -2   1   1  -2   0  -2  -2   1   0   0  -3   0  -1   2   1  -1    5  11   7  15   1   7   7   2   2   1   3   7   3   5   1   7   4   4   4   4  0.18 0.19
  174 G    -1  -2   0   0  -5  -1  -2   5   0  -2  -3   0   0  -1  -4  -2  -2   1  -1  -3    6   2   4   5   0   3   2  50   2   2   3   6   3   3   0   2   2   2   2   2  0.71 0.49
  175 N    -1   2   1   0   1   1   0  -1   1  -1  -1   1   0   0  -3   0   0  -3   0   0    5  13   7   4   3   7   7   5   3   4   3   8   4   5   0   4   5   0   3   8  0.06 0.13
  176 V     0   0   0  -2   2  -1   0  -1   2   0  -1   0   1   1   0   0   0   3   1   0    6   6   5   0   5   0   6   6   5   6   6   6   5   5   6   6   6   5   5   6  0.07 0.12
  177 L     0   0   0   0   2   0   0  -1   1   0  -1   0   1   0   0   0   0  -2   1   0    5   5   5   5   5   5   5   5   5   5   5   5   5   5   5   5   5   0   5   5  0.03 0.05
  178 Q    -1   1   0   1   0   1   2   0   1  -1  -1  -1   0  -1  -2  -1   2  -4   0  -1    5   7   5  10   2   5  13   6   3   3   5   3   2   3   2   4  15   0   4   3  0.13 0.18
  179 M    -1  -1  -4  -2   1  -1  -2  -2   1   3   0  -2   2   2  -1  -2   0   2   0   2    4   3   0   2   3   3   2   3   4  19   9   2   5  10   2   2   7   3   3  14  0.23 0.23
  180 V    -1  -3  -3  -3   0  -2  -4  -3   2   3  -1  -3   1   3  -3  -3  -1   2   4   2    5   1   1   2   2   2   0   2   4  17   4   2   3  14   1   2   4   3  13  16  0.47 0.36
  181 T     0   0  -2   0  -3   0   0  -1   2   0  -1   0   1   1   0   0   0   3   1   0    6   6   0   6   0   5   6   6   5   6   6   6   5   5   6   6   6   5   5   6  0.06 0.10
  182 R    -2   4  -1  -1   1   0   0   0   1  -2  -1   3   0  -1  -2  -2  -2   2  -1  -1    3  21   3   3   3   4   7   8   3   3   5  14   3   3   3   3   3   3   3   4  0.32 0.23
  183 D    -1   0   0   0   2   0   0  -1   2   0  -1   0   2   1   0  -1   0   4   1  -1    5   5   5   5   5   5   5   5   5   5   5   5   5   5   5   5   5   5   5   5  0.09 0.08
  184 Q    -1   2  -3  -3  -1   2   1  -4   1  -2  -3   3   2   0  -2   0   0   4  -1  -1    6  10   2   2   2   8   9   1   4   3   3  16   4   3   2   8   6   5   2   4  0.32 0.26
  185 I    -2  -2  -4  -4  -7  -2  -3  -5  -2   1   1   1   5   3  -3  -4  -1   4   1   2    4   3   1   1   0   2   2   1   1   8  11   9  13  12   2   1   5   5   5  15  0.54 0.32
  186 A     1   1  -1   0  -2   0  -2   1  -1  -3  -3   0   0  -3   1   1   2  -1   0  -2   11   6   3   6   1   4   3  12   1   1   3   6   2   1   7  10  14   1   3   3  0.17 0.18
  187 F     1   2  -3  -2  -1  -2  -1  -3  -3   1  -1   0  -2   2   2  -2   0   0   1   2   11  10   1   2   1   2   4   3   1   7   5   6   1   8  12   3   5   1   5  13  0.21 0.18
  188 G     2   2   0   2  -7   2   2   0  -2  -4  -4   0   1  -2  -3   0  -3   0  -1  -2   14   9   5  11   0   8  13   6   1   1   2   6   4   2   2   7   2   2   2   3  0.28 0.25
  189 A     1   0   2   1  -6   3   2  -3  -2  -3  -2   1  -1  -2  -1  -1   1  -1  -2  -2   13   6   8   8   0  11  11   2   1   2   5   8   1   2   3   4  10   1   1   3  0.24 0.23
  190 L     0   0  -2  -3   2   0   0   0   2   0   0  -2   1   1   1   0   0   4   1   0    6   6   0   0   6   6   6   6   6   6   6   0   6   6   6   6   6   6   6   6  0.09 0.15
  191 P    -1  -2   0   1  -5  -1  -1   0   1  -1  -3  -1  -1  -2   5   1   0   0  -1  -1    4   2   5   7   0   2   4   6   3   4   3   3   2   2  30  10   5   1   2   5  0.46 0.36
  192 E     1   0  -1   3  -5   1   3  -2  -1  -2  -3   1   0  -2   2  -1  -2  -5  -2  -2   11   5   2  14   0   7  22   3   2   2   2   7   2   2   9   4   2   0   2   3  0.33 0.30
  193 D     0   0   1   3  -1   1   2  -2   0  -3  -3   2  -1  -2  -2   0   0  -5  -2  -2   10   5   8  16   2   7  13   3   2   1   2  12   2   2   2   6   4   0   2   2  0.26 0.25
  194 I    -1  -3  -3  -3  -1  -2  -3  -4  -1   3   1  -2   2   3  -6  -3   0   3  -1   4    5   1   1   1   2   2   2   1   1  14  11   2   6  11   0   1   6   5   2  25  0.49 0.34
  195 R    -2   3  -1  -3  -1   3  -1  -2  -1  -2   0   2  -2  -2   1   1  -1  -1   0  -1    4  18   2   1   1  12   3   4   2   2  11  12   1   1   8   9   3   1   3   4  0.27 0.28
  196 K     0   0   1   2  -2   2   2  -1  -2  -1  -3   1  -2  -5   1   1   0  -5  -2  -3    8   5   6   9   1   9  16   5   1   3   2  10   1   0   6   9   5   0   1   1  0.26 0.26
  197 A     3   0   0   0   0   1   0  -2  -1  -1  -1   1   1  -2  -2   0   0  -1  -1  -1   23   4   4   5   2   6   6   2   1   3   7  10   4   2   2   5   5   1   2   5  0.13 0.17
  198 V     0  -2  -1  -2   0  -2  -2  -3  -1   2   1  -1   0   0  -2  -1  -1   0   1   3    9   2   3   2   2   2   3   1   1  13  15   5   2   3   2   3   4   1   6  20  0.21 0.19
  199 E    -1   1  -1   1  -1   2   2  -2  -1  -1   0   2  -1  -2  -1  -1  -1  -5  -2  -1    6   8   3   7   1  10  13   3   2   4   8  14   1   2   4   5   4   0   1   4  0.18 0.18
  200 G     0   1   2   1   0   1   0  -1   0  -1  -2   1   1  -1  -1   0   0   1  -1  -2    8   9  10   8   2   5   6   6   2   3   4   8   3   2   3   7   5   2   2   3  0.10 0.11
  201 Q     1   0   0   1   1   1   1  -1   2  -1  -1   1   1  -1   0  -1  -1   2   0  -1   10   5   4   7   3   7   8   5   4   3   7   9   3   3   4   5   4   3   3   3  0.07 0.07
  202 G    -1   0   0   1   0   0   0   1   1  -1  -1   0   1   0   1  -1  -1   2   1   0    5   5   5   7   3   4   5  11   3   4   5   6   3   4   6   5   4   3   5   6  0.05 0.05
  203 G     1   0   0   3  -5   0   0   1  -1  -2  -1   1   0   0   1   0  -1  -1  -1  -3   11   4   4  14   0   4   7  10   1   3   7   7   3   4   6   6   5   1   2   2  0.12 0.12
  204 E    -1   1   1   2  -1   1   2  -2   1  -2  -3   1  -1  -2   0   0   1   0  -1  -3    5   8   6  12   2   6  12   4   3   2   3   8   2   2   5   6   9   1   2   2  0.20 0.19
  205 K    -1   1   1   1  -1   0   1   0   0  -3  -3   3   0  -2   0   0  -1   0   0  -3    5   6   7   7   2   5  10   8   2   2   3  19   2   2   5   6   4   1   3   2  0.23 0.21
  206 K     0   1   2   0  -1   1   0  -2   0  -2  -3   4  -1  -2   0  -1  -1  -7   0  -2    7   8   8   6   1   6   7   3   2   2   2  23   2   2   6   5   5   0   3   4  0.31 0.26
  207 A    -1   0   0   0   2   0   0  -1   2   0  -1   0   2   1   0  -1   0   4   1  -1    5   5   5   5   5   5   5   5   5   5   5   5   5   5   5   5   5   5   5   5  0.09 0.08
  208 D    -3  -2   1   5   1   1   2  -3  -2  -3  -4   0  -2   1  -1  -1  -1  -1   0  -3    3   2   7  26   3   5  14   2   1   2   2   6   1   6   3   6   4   1   3   2  0.49 0.36
  209 E    -1   1  -1   3  -2   1   3  -3   1  -1  -3   2  -2  -2  -1  -1  -1  -7  -2  -1    5   7   3  14   1   6  19   3   3   4   3  12   1   2   3   4   4   0   2   5  0.34 0.28
  210 T    -2   0   0   1  -1   0   2  -4   1   0  -2   1   1   0   0  -1   1   3  -3   0    4   6   5   7   2   4  13   1   3   6   5   8   4   4   4   4   9   4   1   6  0.17 0.16
  211 I    -3  -4  -3  -3   2  -2  -1  -4   3   3  -1  -3   0   3  -2  -1  -2  -1   1   4    2   1   2   2   3   2   4   2   6  13   7   2   2  10   2   4   3   1   4  27  0.55 0.33
  212 D    -1  -2  -1   3   2  -2   3  -2   3  -2  -2   1  -2   0  -2  -1   1   1  -2   0    5   3   2  16   4   2  17   3   6   2   4   8   1   4   2   4   8   2   2   6  0.30 0.25
  213 V    -2  -3  -8  -3  -1  -4  -4  -3  -2   4   2  -5   2   1  -2  -3  -4   2  -1   4    3   2   0   2   1   1   2   2   1  20  20   1   4   5   3   3   1   2   2  24  0.71 0.40
  214 Y    -3   0  -3  -4   0  -3  -1  -4   3   0   0  -4   0   2  -3  -3  -3   3   7   1    2   5   2   2   2   1   4   2   5   6   9   2   3   7   2   2   2   3  29  11  0.80 0.49
  215 T    -1  -1  -2  -2   0   2   1  -3   6  -2  -3  -1  -1  -1   0  -2   4   1  -2  -2    5   3   2   3   2   8   9   2  16   3   3   4   1   3   5   3  22   2   2   3  0.57 0.42
  216 H     0   2  -1  -1   3  -1   0  -1   3  -2  -2   0   1   0   0  -1  -2   3   0  -1    9  12   4   4   5   3   7   6   6   3   4   5   3   4   5   5   3   4   3   5  0.15 0.14
  217 I    -1   0   0   0   2   0   0  -1   2   0  -1   0   2   1   0  -1   0   4   1  -1    5   5   5   5   5   5   5   5   5   5   5   5   5   5   5   5   5   5   5   5  0.09 0.08
  218 Y    -2   1   0  -1   1   0   1  -4   2   0  -2   2   1   0  -1  -1  -1   4   3  -1    4   7   4   3   3   3   8   2   4   6   4  13   3   4   3   4   3   6  11   5  0.27 0.21
  219 L    -2   3  -1  -2   1  -1  -1  -1   0  -1  -1   0   1  -1   2  -2  -2   5   1  -1    4  17   3   3   2   3   3   5   3   4   7   6   3   3  11   3   3   7   4   5  0.28 0.23
  220 D    -2   2   2   3   1   0   0  -2   1  -2  -3   1   1   0   1  -2   0  -6   0  -1    4  12   8  14   3   4   7   4   3   3   3   7   3   3   7   3   5   0   3   5  0.21 0.18
  221 E     0   1   1   1  -4   0   1   0   1  -2  -2   1   0  -2   2  -1  -1   3   0  -2    6   7   5   9   0   3  10   6   4   2   4   9   2   2  10   5   4   4   3   3  0.15 0.16
  222 D    -2   1   1   5  -1  -1   2  -1  -1  -3  -4   0  -1  -2   0  -2  -3   0  -2  -3    4   6   7  25   2   3  14   6   2   2   2   7   2   2   6   3   2   2   2   3  0.45 0.34
  223 S     0   1   2   1  -6  -1   0   2   0  -3  -4   2  -2   0  -1   0   0  -6  -2  -3    9   8   8   7   0   3   5  17   2   1   1  14   1   4   3   7   5   0   2   2  0.28 0.23
  224 G    -1   1   1   2  -6  -1  -1   2  -3  -5  -5   2   2   0   0  -1  -2   3  -1  -2    5   6   6  12   0   3   4  16   1   1   1  14   4   4   4   5   3   4   3   3  0.32 0.26
  225 E    -2   3  -1   1  -2   0   1  -3  -2  -3  -2   3   0   0   0  -1   0  -2   1  -1    3  16   3   6   1   4   9   3   1   2   4  16   2   5   5   4   5   1   4   5  0.28 0.23
  226 Y    -3  -1   0  -1  -2  -7  -7  -4   0  -2  -4  -1   2   3  -4  -4  -5   8   6   0    3   4   4   4   1   0   0   2   2   3   2   4   5  10   1   2   1  19  26   6  1.29 0.69
  227 L     0   1  -2  -2   1  -3   1  -4   1   0  -1   0   2   0  -2   1  -1   2   1   2    7   7   2   2   3   1   9   1   3   6   6   7   4   4   2  12   4   2   6  12  0.15 0.14
  228 R     0   0  -5  -4   1  -3  -1  -3   0   1  -1   0   0  -1  -1   1  -2   3   3   3    7   6   0   1   3   1   4   2   2   7   6   5   2   2   4  12   2   4   9  19  0.32 0.23
  229 Y    -4  -1  -2  -2   1  -4  -4  -3   3  -1  -3  -1  -3   2  -6  -2   1   6   6   0    2   4   2   3   2   1   2   2   6   4   3   5   1   7   1   4   8  11  26   7  0.94 0.54
  230 E    -2  -1  -3  -2  -3   5   0  -3   1   2   0   0   0  -1  -2  -2  -3  -1   2   1    3   3   1   2   1  25   5   2   3   9  11   5   2   2   2   3   1   1   6  11  0.43 0.34
  231 E    -2  -3  -1   2   0  -1   5  -3   0  -3  -2  -2  -4  -2   0   0  -3   5   1  -2    4   2   2  11   2   2  35   2   2   2   4   2   0   2   4   7   1   6   6   3  0.65 0.47
  232 V     0  -3  -2  -1   1  -2  -1  -1  -3   2   0   0   0   1  -2  -1   0   0   0   3    9   1   2   4   3   1   4   4   1  13   9   6   2   5   2   4   5   1   3  22  0.18 0.16
  233 E    -1  -1   2   4   0   0   3  -2  -1  -3  -3   2  -3  -4  -2  -1  -2  -2  -1  -2    5   3  10  20   2   3  20   4   1   2   2  11   1   1   2   5   3   1   2   3  0.45 0.34
  234 G    -2  -4   1   3  -4  -2   1   4   0  -3  -5  -1  -2  -5  -3   0  -1  -3  -3  -3    4   1   7  18   0   2   9  32   2   2   1   4   1   1   1   8   4   0   1   2  0.63 0.43
  235 M    -1   1  -1  -1   1   0   1  -1   2   1  -1   3   1  -3  -3  -1   0  -3   0   0    3   7   2   3   3   4   8   5   6   8   5  18   4   1   1   5   5   0   3   8  0.16 0.17
  236 E    -1   0  -1   0  -1   0   2  -3   2   1   0   1  -2  -1   1  -1   0  -1  -1   1    6   5   3   5   1   3  13   1   5   8   8  11   1   2   6   3   5   1   2  11  0.10 0.13
  237 V    -3  -3  -2  -2  -2  -2  -1  -4  -3   4   2  -3   1  -1  -4  -3  -2  -2  -2   4    2   2   2   3   1   2   5   1   1  23  20   2   2   2   1   2   3   1   2  24  0.58 0.36
  238 Q    -1  -1  -1   0  -1   0   1  -2   1   0   1   0   0  -1   3  -1  -1  -2  -2   1    4   3   3   6   1   3  10   3   3   6  15   7   3   2  13   4   2   1   1  11  0.14 0.14
  239 G    -1   0   0   1  -2   0   2   2   1  -1   0   1  -1  -2  -1   0  -2  -4  -3  -1    4   5   4   7   1   3  13  18   3   4  11   8   1   1   2   7   2   0   1   5  0.15 0.16
  240 S     0   0  -2   0  -3   0   3  -2  -1  -2  -2   1  -2   0  -2   1   1  -1   0  -1    6   5   1   4   0   4  20   3   1   3   3   9   1   4   2  13  10   1   3   5  0.20 0.23
  241 D    -2   1  -1   1  -4   0   3   0   1   0  -1   0  -2  -3  -2   1  -2  -5  -1   0    3   9   3   7   0   4  23   8   3   6   7   5   0   1   2  10   2   0   2   6  0.22 0.23
  242 G    -1  -1   0   0  -5  -1   0   5  -3  -4  -4   1  -3  -1  -3   1  -2  -5  -2  -2    4   4   4   5   0   3   7  40   1   1   2   7   0   3   1  11   2   0   2   3  0.57 0.39
  243 T    -1   0  -2  -2  -2  -1   1   1   1  -1  -2  -1  -1   0  -1   0   2   0   3   0    5   5   1   2   1   3  11  12   3   3   4   4   2   4   3   8  12   1  12   6  0.15 0.17
  244 Y    -1  -1  -2  -3  -4  -2  -2  -2  -2  -1  -1  -2  -1   2  -3   0  -2   4   7   0    4   3   2   2   0   1   3   4   1   4   6   3   1   8   2   8   3   5  33   7  0.69 0.37
  245 P    -1   1   0  -1  -2  -1   0   1   0  -2  -1   0   0  -2   3   0   1  -1   0  -1    4   7   3   4   1   3   5  13   2   3   5   7   2   2  16   5   9   1   3   4  0.16 0.12
  246 K     0   1  -2  -1   0  -1   2  -2  -1   0   0   1   0   2   0  -1  -1  -2   2  -1    7   9   2   2   2   2  13   2   1   5   9   7   3  12   5   4   3   0   7   4  0.12 0.11
  247 E    -2   0   2   4  -4   0   2   0   2  -4  -3   1  -2   0  -2  -1  -2  -4  -2  -3    3   6   9  24   0   3  16   8   5   1   3   7   1   4   2   4   2   0   1   2  0.41 0.26
  248 A     0   1  -1   1  -1  -1   3  -1   0  -2  -2   0  -1  -2  -2   1   1  -4  -2  -1    7   7   3   7   1   2  24   4   2   2   4   6   1   1   1  12  10   0   1   4  0.26 0.24
  249 C    -2  -1   1  -5   4  -2  -5  -4  -1  -2   1  -3   5   6  -3   0  -1   1  -3  -2    2   3   7   0   9   2   0   1   1   2  10   1  13  29   1   8   3   2   0   3  0.75 0.46
  250 P    -5  -4  -4  -5  -4  -4  -4  -4  -8  -8  -8  -5  -3  -8   9  -4  -5  -9  -5  -8    1   1   1   1   1   1   1   2   0   0   0   1   1   0  86   1   1   0   1   0  2.92 1.37
  251 Y    -2  -4  -5  -7   0  -5  -7  -4  -2   1  -1  -4  -1   5  -5  -5  -3   6   6   1    4   1   1   0   2   1   0   1   1   9   5   1   2  20   1   1   2  11  29   9  1.23 0.65
  252 I     0  -2  -3  -3  -1   0  -4  -4   1   4   1  -3   2   1  -2  -2  -2  -2   0   2    9   3   2   2   1   4   1   1   4  26  14   1   5   6   2   3   2   1   4  12  0.40 0.28
  253 P     2  -6  -4  -4   2  -6  -4  -4  -1   2  -2  -4  -2   0   2  -2   0  -2   0   5   14   0   1   1   4   0   1   1   2   9   3   1   1   3  10   3   5   1   3  38  0.73 0.47
  254 I     0  -4  -5  -4  -1  -5  -5   0   0  -2   1  -5   0   3   4   0   0   3   1  -1    9   1   0   1   1   0   0   9   2   2  14   0   2  11  21   8   5   3   5   5  0.45 0.35
  255 R    -3   8  -2  -7  -3  -3  -3   0  -1  -5  -6  -3  -3  -8  -2  -3   0  -3  -4  -3    2  66   2   0   1   1   2   6   2   1   1   1   1   0   2   2   6   1   1   2  1.76 0.92
  256 M    -3  -9  -5  -4  -2  -8  -5  -5  -1  -2  -3  -9   3   4  -5  -4  -3  11   4  -3    3   0   1   2   1   0   1   1   2   3   3   0   7  16   1   2   2  44  11   2  2.25 1.06
  257 V    -1   1   2   1  -2   0   1  -2   1   0  -1  -1   0  -2  -2   1   0  -1   1  -1    3   7  10   9   1   5  10   3   3   7   6   3   3   2   2  10   7   1   5   4  0.11 0.14
  258 R    -2   3  -3  -3  -1  -1  -2  -4  -3  -2   0   4  -2  -3   2  -2   1   1  -3   1    4  15   1   1   1   2   3   1   1   2   9  25   1   1  10   2  10   2   1  10  0.45 0.36
  259 L     0   0   1   0  -1  -1   0  -2   0   1  -1  -1   1  -2   0   0   0   2   0   1    9   7   7   7   1   2   5   3   2   8   6   1   4   1   5   7   7   3   3  14  0.06 0.10
  260 D     1  -2   0   2  -2  -2  -1   1   0  -3  -3  -2  -2  -3   4   2   0  -5  -1  -2   11   2   4  10   1   2   3  11   2   1   2   1   1   1  19  17   6   0   3   3  0.37 0.32
  261 G    -2  -2   2   1  -2  -1  -2   5   0  -3  -4  -2  -2  -3  -3   0  -1  -6  -2  -4    3   3  10   8   1   3   3  45   2   1   2   3   1   1   1   7   4   0   2   1  0.75 0.47
  262 E    -2  -1  -1   3  -2   0   5  -1  -1  -3  -3  -2  -1  -2  -5   2  -1  -1  -2  -5    3   3   3  13   1   5  37   4   1   2   3   1   1   2   0  14   4   1   2   0  0.65 0.47
  263 S     0  -2   1   1   0   0  -1  -3   1   1  -1  -1  -1  -1   3  -1   1   1  -3   2    6   2   6   8   2   4   3   1   4   9   4   3   1   2  14   5   8   2   0  15  0.18 0.19
  264 Y    -4  -4  -4  -8  -8  -3  -4  -8  -1  -4  -4  -4   0   0  -4  -7  -4   7   9  -7    2   1   1   0   0   2   1   0   1   1   2   1   2   4   1   0   1  13  66   0  2.57 1.17
  265 G    -1  -7  -6  -6   0  -7  -7   7  -1  -8  -8  -6  -7  -2  -2  -2  -6   1  -2  -7    6   0   0   0   2   0   0  78   2   0   0   0   0   2   3   3   0   2   2   0  2.05 0.97
  266 R    -3   5  -1  -2  -5  -1  -1  -4   0   1  -2  -1  -2   1  -1  -1   1   1   1  -1    2  37   2   2   0   3   5   1   2   8   4   2   1   5   3   4   8   2   5   5  0.56 0.38
  267 S    -1  -6  -2  -3   0  -6  -6   6  -6  -7  -7  -6  -7  -7   0   4  -3  -7  -7  -7    4   0   2   2   2   0   0  50   0   0   0   0   0   0   5  34   2   0   0   0  1.51 0.79
  268 Y    -3  -2  -7  -7  -1  -2  -6  -7   0   0   0  -5  -1   1   7  -4  -6  -2   2  -2    3   2   0   0   1   2   0   0   2   5   9   1   2   5  56   1   0   1   6   3  1.54 0.79
  269 I     3  -5  -5  -5   2  -3  -5   3  -6   0  -1  -5   0  -3  -3  -1   0  -2  -5   3   27   0   0   0   4   1   0  25   0   6   5   0   2   1   1   3   5   1   0  17  0.67 0.42
  270 E    -2  -1  -3  -1  -3   0   3  -3   2   1   0  -3   5   0  -2  -1  -1   4   0  -3    3   3   1   3   0   5  19   3   5   7   7   1  18   3   2   6   4   5   3   1  0.44 0.35
  271 E    -2   0   1   3  -3   1   1  -3  -2  -1  -1   1   1   0  -2   0   0  -1  -2  -1    2   4   5  20   1   7  11   2   1   4   7   8   4   4   2   6   6   1   1   3  0.22 0.21
  272 Y     0  -2   0  -2   2   0  -2   0   2   0   0   0   1   1  -3   0   0   4   1   0    6   0   6   0   6   6   0   6   6   6   6   6   6   6   0   6   6   6   6   6  0.10 0.15
  273 L    -1   0  -2  -2   1  -1  -1  -4  -3   1   3  -1   2   0  -4  -1  -2   1   2  -1    6   5   2   2   3   2   4   0   0   8  37   3   5   3   0   4   2   2   7   3  0.31 0.28
  274 G     0  -1   0   1  -4  -1  -1   3   0  -2  -4  -1  -4  -4   4   0  -1  -5  -1  -2    8   3   4   7   0   3   4  22   3   3   0   3   0   0  23   8   4   0   3   3  0.45 0.33
  275 D     0  -1   0   5  -4  -1   1  -1   0  -2  -2  -1  -1  -2   0   0   0   1  -1  -2    8   3   4  34   0   2   8   4   2   3   4   2   2   2   4   7   6   2   2   2  0.39 0.31
  276 L     0  -4   0  -4   1   0  -3  -2   0   3   2  -3   1   2  -4  -1  -1  -3   0   1    9   0   4   0   3   5   0   3   2  18  21   0   4  10   0   5   3   0   3   9  0.28 0.25
  277 R    -1   3  -1  -2   0   0  -1   0   1  -1  -2   3   2  -1  -2  -1  -1  -4  -1  -2    5  18   3   2   3   4   3   7   3   4   4  23   5   3   2   3   3   0   2   2  0.27 0.26
  278 S     0   1  -1  -1   1   1   0  -1   0  -1  -1   0   2  -1  -3   1   2  -3   0   0    8   7   3   2   3   8   4   4   2   4   5   4   8   2   0  12  14   0   4   5  0.10 0.17
  279 L     0  -2  -2  -5   0  -2  -3  -3  -1   1   4  -2   2  -1  -5  -2  -2  -4   0   0    8   2   2   0   2   2   2   2   2   6  48   3   5   2   0   3   2   0   3   6  0.54 0.39
  280 E    -2  -2   5   1  -6   4   1  -5   0  -3  -5  -1  -1  -5  -5  -1  -1  -6  -1  -3    3   2  32   7   0  21  10   0   2   2   0   3   2   0   0   4   4   0   2   2  0.82 0.58
  281 N     0   1   0   0  -3   1   0   0   1  -1  -1   1   0   1  -1   0   0  -3   0   0    7   6   4   5   0   5   6   8   4   3   5  11   4   6   3   5   7   0   3   6  0.04 0.07
  282 L    -1   0   0   0   2   0   0  -1   2   0  -1   0   1   0  -3   0   0   3   1   0    5   5   5   5   5   5   5   5   5   5   5   5   5   5   0   5   5   5   5   5  0.06 0.10
  283 Q     0   0   0   0   0   2   1  -1   2  -1  -1   0   1  -1  -3   0   0   2   0   0    7   5   3   4   3  10  11   4   6   4   4   7   4   3   0   7   7   3   3   8  0.09 0.14
  284 E    -1   3  -1  -1  -5   2   3  -3   0  -2  -1   3   0  -1  -4  -1  -1   1  -1  -2    6  17   3   3   0   7  19   2   2   2   5  16   2   3   0   3   3   2   2   3  0.35 0.33
  285 A     1   1  -1   1  -1   2  -1  -2   0  -1   0  -1   2  -1  -3   1   2   1  -1  -2   15   7   2   8   1   9   3   2   2   3   9   3   6   2   0   9  12   2   2   2  0.13 0.20
  286 I    -1   0  -1  -2  -3  -1  -1  -2  -1   2   2   1   2   0  -4  -1   0   1   0   1    3   6   3   2   0   3   4   3   2  11  19  10   7   3   0   4   7   2   3   8  0.12 0.16
  287 V     0  -1  -2  -1  -4  -1  -2  -3  -1   2   4  -2   1  -1  -4  -2  -1  -1  -1   1    8   3   2   3   0   3   3   2   2  12  37   3   3   2   0   3   3   1   1   9  0.32 0.29
  288 K    -2   2  -1   2  -2   2   3  -2  -3  -1  -1   3   0  -3  -4  -2  -1  -1  -2  -1    3  10   2  13   1  10  18   2   0   3   5  16   3   1   0   2   3   1   1   5  0.34 0.32
  289 M     4  -2   2  -4  -1  -1  -3   2  -1  -2  -1  -2   1  -1  -4   0  -2  -1   0  -2   34   2   9   0   2   3   1  16   1   2   6   2   4   3   0   6   2   1   4   3  0.42 0.39
  290 S     3  -2  -2  -4  -2  -1  -1   1  -3   0   0  -3   1  -2  -4   1  -1   1  -3   0   32   2   1   0   0   2   4  11   1   7   9   1   4   1   0  10   4   2   1   7  0.31 0.32
  291 M     2  -2   0   2  -4   3   3  -1   1  -1  -3  -2   0  -4  -3   0  -1  -3  -4  -1   20   2   3  11   0  12  18   5   4   4   3   2   3   1   1   5   2   0   0   4  0.34 0.34
  292 I     1  -1  -2  -1  -3  -1   0  -2  -1   1   1   2   2   0  -2  -1  -1  -1   0   0   11   3   1   3   0   3   7   3   2  11  17  14   5   5   1   4   2   1   3   4  0.12 0.16
  293 S     3  -1  -1  -1  -1   1  -1  -2   0   0  -1   0   2  -2  -2   1   0   0  -2  -1   27   2   3   3   1   7   3   2   2   5   5   5   7   2   2  10   6   1   1   4  0.20 0.24
  294 S     3  -2  -1  -2  -1  -2  -1  -1  -1   2   0  -2   2  -1  -3   1   0  -4  -1   2   23   2   3   2   1   1   3   3   1  10   8   2   5   2   0   9   5   0   2  15  0.20 0.22
  295 K     0   1   2   2  -4   0   0  -1   0  -3  -2   2  -1  -1  -2  -1   0   0  -1   0    8   9  10  13   0   3   5   4   2   0   4  14   2   3   2   4   5   1   2   7  0.17 0.18
  296 V    -1  -1  -1  -1   1  -1  -1   1   0   1  -1  -1   1   1   4  -1  -1  -4   0   0    3   3   3   3   3   3   3  11   3   8   7   3   4   7  21   3   3   0   3   8  0.23 0.21
  297 I    -1   0  -1  -1   1   0  -1  -2  -3   1   1   1   3  -3   3  -1  -1   2  -3   1    4   5   3   4   3   4   3   3   0   7  11   8   8   0  15   3   4   3   0   9  0.18 0.20
  298 G    -3  -1  -1  -3  -5  -2  -3  -3   0   1   0   0   3   2   2  -2  -1   7   2  -1    2   3   3   2   0   2   2   2   2   7   9   7   7  10  12   2   4  13   8   4  0.46 0.35
  299 L    -1  -2  -1  -2  -1   0  -2  -2  -1   1   3  -2   4   1  -2  -2   0   1  -1   1    4   2   3   2   1   5   3   4   2   6  26   3  12   6   2   3   6   2   2   8  0.26 0.24
  300 V     1  -3  -4  -5  -2  -2  -3  -2  -5   2   0  -3   0  -1  -5  -2  -1  -1   1   5   12   1   1   0   1   2   2   3   0  11  10   2   2   3   0   3   4   1   4  39  0.58 0.41
  301 N     0   0   3   3  -2   0  -1  -1   0  -2  -2   0  -1  -2   2   0   0  -4   0  -1    9   6  14  16   1   4   3   5   2   1   4   5   1   2  10   5   5   0   3   4  0.21 0.20
  302 P     0  -2  -1   4  -6  -1   0  -2  -1  -4  -6  -2  -2  -4   6  -1  -3  -6  -1  -4    7   2   3  19   0   3   7   3   1   1   0   3   1   1  39   4   1   0   2   1  0.97 0.62
  303 A     1  -1   2   4  -5  -1   0   2  -1  -3  -4  -2  -1  -5   1   1   0  -5  -3  -3   11   3  10  23   0   2   6  14   1   2   1   2   1   0   8   8   5   0   1   2  0.40 0.34
  304 G     1  -3  -1  -1  -2  -1  -2   4  -2  -3  -2  -2   1  -2  -4   2   0  -5  -2  -2   11   1   3   3   1   3   3  36   1   2   4   2   3   2   0  16   6   0   2   3  0.49 0.38
  305 I    -1  -1  -2  -3  -3   0  -1   0  -2   2   1  -1   3   0  -2  -1   0  -3  -1   2    4   4   1   1   0   4   5   7   1  11  14   4   8   5   1   5   7   0   2  17  0.14 0.17
  306 T    -1   0   0  -1  -3   0  -1   0  -1   1   1   0   1   0  -2  -1   3  -1  -1   1    5   5   4   3   0   4   4   6   1   9  13   5   4   5   1   2  19   1   1   8  0.11 0.16
  307 Q    -1   2   4   2  -5   0   0   1  -1  -4  -3   1  -1  -3  -2   1  -1   1  -1  -3    4   9  18  12   0   5   5  13   1   1   3   7   2   1   2   9   3   2   2   1  0.31 0.28
  308 P     0   0  -2  -1  -4   0  -2  -1   0   1   0  -1   0  -1   4  -2  -1  -5  -3   2    9   6   2   3   0   3   3   4   2   7   7   4   2   3  24   3   3   0   1  14  0.33 0.28
  309 R    -1   1   1   3  -3   0   1   0   1  -1  -1   1  -1   0  -1   0   0  -4  -1   0    5   8   6  16   0   4   8   6   3   3   7   7   1   4   2   7   4   0   2   6  0.11 0.12
  310 R     0   1   2   3  -4   0   0  -1  -1  -2  -2   1   0  -3  -2   0   1  -1  -2  -2    6   8  10  20   0   4   6   3   1   2   4   7   3   1   2   8  10   1   1   3  0.25 0.24
  311 L    -1   0   0   0  -3   0   0  -1   2   0  -1   0   1   0   0   0   0   3   1   0    5   5   5   5   0   5   5   5   5   5   5   5   5   5   5   5   5   5   5   5  0.06 0.08
  312 T     1   0   0   0  -1  -1  -1  -1  -1   0  -1  -1   1   0   0   0   0   1   2   0   13   6   5   6   1   3   3   4   1   7   5   4   3   4   5   8   6   2   6   8  0.05 0.06
  313 K     0   0   2   2  -6  -1   0   0   0   0  -2   0  -1  -2   3   0  -1  -6  -1  -2    8   5  10  10   0   3   5   6   2   5   5   6   2   2  14   7   4   0   2   4  0.20 0.18
  314 A     2   0  -2  -2  -1  -2   0   2  -1   0  -1  -2   2  -1   0   0   0   0  -1  -2   19   5   2   3   1   2   5  16   1   6   7   2   5   2   4   7   5   1   2   3  0.19 0.16
  315 Q     0   2   0   0  -6   0   1   2   0  -3  -2   0  -1  -2   3  -1  -2  -1  -1  -1    7  10   5   5   0   5   8  15   2   2   4   7   2   2  12   4   3   1   3   4  0.21 0.20
  316 T    -1   0   0   0   2   0   0  -1   2   0  -1   0   2   1   0  -1   0   4   1  -1    5   5   5   5   5   5   5   5   5   5   5   5   5   5   5   5   5   5   5   5  0.09 0.08
  317 G    -2  -3   2  -4  -3  -3  -4   6  -2   0  -2  -1  -1  -3  -3  -2   1  -5  -2  -3    3   1  10   1   1   1   1  51   1   5   4   4   2   1   1   2   8   0   1   2  0.90 0.57
  318 D     1  -2   0   1  -3  -1   0   1  -1  -1  -2  -1  -1  -1  -1   0   1  -1   2   0   15   1   4  10   0   2   6  13   1   5   2   4   2   3   3   7   9   1   7   6  0.12 0.16
  319 F     0  -1  -1  -4  -2  -3  -3  -2  -2   2   0  -3   1   3  -3  -2  -1   1   4   2    7   4   3   1   1   1   1   4   1  13   7   1   3  12   1   2   4   2  14  18  0.35 0.29
  320 V     0   1   1  -1  -4  -2  -3  -3  -1   3   1  -2   0  -1  -3  -2   0  -1   0   3    6   9   8   3   0   2   1   2   1  17  10   2   2   2   1   2   7   1   4  20  0.24 0.25
  321 T     0   0  -1   0  -4   1  -1  -1  -1  -2  -2  -2   0   0   4   0   0   1   2  -1    9   5   3   5   0   5   3   4   2   1   3   2   2   4  20   8   7   2   9   5  0.25 0.27
  322 G     0  -1   0  -1  -5  -2  -2   5  -2  -2  -3  -1  -1  -2   0  -1  -1   0   1   0    6   4   5   4   0   2   2  40   1   3   2   3   2   2   5   4   4   1   5   6  0.48 0.37
  323 R     0   2   1   2  -3   1   0   0   0  -2  -1   0   0  -2   0   1   0  -1  -2  -1   10  11   7  11   0   8   6   7   2   2   5   4   3   1   3   9   5   1   1   4  0.12 0.14
  324 P     1   0   0   1  -4   0   0  -1  -1   0  -2   0   0  -3   3   0   0   0  -2   0   13   5   4   7   0   5   4   4   1   5   3   6   2   1  18   6   4   1   1   8  0.20 0.20
  325 E    -1  -2   2   3  -5   2   1   3  -1  -3  -3  -1   0  -3  -1   0   0  -5  -2  -3    6   2  12  15   0   8   8  22   1   2   2   3   3   1   4   5   5   0   1   1  0.36 0.32
  326 D     0  -1   1   4  -5  -1   1   1  -1  -3  -3   0  -1  -3  -2   1  -1  -5  -2  -3    8   4   6  28   0   3   8  12   1   2   2   5   2   1   2  11   3   0   1   2  0.41 0.34
  327 I     0   0  -1  -1  -3   0  -1  -1  -2   2   0   0   1  -1   1  -1  -1  -1  -2   2    6   7   3   3   0   3   4   4   1  16   8   4   3   2   8   5   2   1   1  19  0.14 0.17
  328 S     0   1   0  -1  -3   0   0   1   0  -1  -1   1   0  -1   1   1   1  -1  -1  -1    6   7   3   3   0   5   6  12   2   3   5   9   2   2   7  14   8   1   1   3  0.10 0.13
  329 F     1  -1  -3  -3  -1  -2  -2  -1  -4   2   1  -2   1   0   3  -1   0  -1  -1   1   13   4   1   1   1   2   2   5   0  12  12   2   4   5  15   3   5   1   2  11  0.22 0.22
  330 L    -1   0  -2  -2  -3   1   0  -3  -1   1   2   0   1   1   0  -1   0   0   1   1    3   4   1   1   0   9   6   2   2  10  19   6   3   5   4   3   5   1   6  11  0.12 0.16
  331 Q    -1   0  -1   0  -6   4   1  -3  -2  -3  -3   0  -2  -3   5  -1  -1  -2   0  -3    6   4   3   5   0  17   8   2   1   1   3   4   1   1  31   4   3   1   4   2  0.67 0.53
  332 L     0  -3  -2  -3  -4  -2  -2  -2  -2   2   3  -3   2   2  -1  -1  -1   3   0   1    7   1   2   1   0   2   2   2   1  10  30   1   4  10   3   4   3   4   2   9  0.31 0.27
  333 E    -1  -2   2   1  -4   2   1   2  -1  -1  -2  -1  -1  -2   2  -1  -1  -5  -1  -2    5   2  12   8   0  11  10  16   1   3   4   2   2   2   9   3   4   0   2   3  0.24 0.25
  334 K     0   1   1   0  -3   1  -1  -2  -1   0  -2   1  -1  -1   1   1   2  -1  -2   1    7   7   5   4   0   6   3   2   1   4   3  11   2   2   8  10  14   1   1   9  0.14 0.18
  335 Q     0   0   1  -1  -3   1  -1   1   0  -1  -1   0   1   0   1   0   0   2   1  -1    8   6   6   3   0   8   4  11   3   3   5   4   4   4   8   6   5   3   5   4  0.07 0.11
  336 A    -1   0   0   0  -3   0   0  -1   2   0  -1   0   1   0   0   0   0   3   1   0    5   5   5   5   0   5   5   5   5   5   5   5   5   5   5   5   5   5   5   5  0.06 0.08
  337 D    -1   1   3   4  -4   1   0  -1  -2  -2  -2   0  -3  -2  -1  -1  -1   1  -1  -1    4   7  17  26   0   5   5   4   0   2   5   6   0   2   2   4   3   2   2   4  0.32 0.27
  338 F     0  -1  -1  -3  -3  -1  -3  -1  -3   2   1  -2   1   3   1  -1   0   3   1   1    7   4   3   0   0   3   0   4   0  13  13   0   5  14   8   4   5   4   5   8  0.17 0.18
  339 T     0   1   1   1  -3   3   1   0  -2  -1  -1   0   1  -1   1   0  -1  -3   0  -1    6   6   6   8   0  15   6   8   0   3   4   4   5   3   8   6   3   0   3   3  0.13 0.16
  340 V     0  -4  -2  -1  -3  -1  -1  -2  -1   2   0  -3   1   1   0  -1   0   1   0   3    9   0   1   3   0   2   3   3   2  14   9   1   3   7   5   4   7   2   3  21  0.19 0.21
  341 A     2  -3  -1  -3  -2  -2  -2   2  -4   1   0  -2   1  -2  -2   1   1  -4  -2   1   20   1   2   1   1   2   2  17   0   8   9   2   3   1   1   9   7   0   1  12  0.23 0.24
  342 K    -1   1   0   0  -4   2   1  -2  -1   0   0   0   1   0  -1  -1  -1   0   1  -1    5   7   5   6   0  13  10   3   1   5  11   5   5   5   2   4   3   1   5   4  0.10 0.15
  343 A     0  -1   0   2  -4   2   3  -2  -1  -1  -1   0   0   0  -2   0  -1  -4  -1  -1    8   3   5  13   0   8  18   3   1   4   6   4   3   4   1   7   4   0   2   4  0.16 0.22
  344 V    -1   0  -1   0  -1   1   1  -2   0   0   1  -1   3   0  -2  -1   0   1  -1   1    4   6   2   6   1   5  11   2   2   6  11   4  10   3   1   5   6   2   2   9  0.09 0.14
  345 S    -1  -1  -2  -3  -1   1   0  -3  -1   4   1  -1   3  -1  -5  -2  -1   0  -1   0    6   3   2   2   1   6   7   2   1  28  14   4   6   2   0   3   3   1   2   6  0.34 0.29
  346 D     0   0   1   1  -4   2   2  -1   1  -1  -2   0   0  -1  -1   0  -1  -4   0  -1    9   4   6   8   0  12  17   5   3   3   4   4   3   3   3   5   4   0   3   4  0.16 0.19
  347 A     0   1   0   3  -4   1   1  -1   1  -1  -2   0   1  -1  -1  -1  -1   2   0  -1    9   8   3  16   0   8   9   5   3   3   4   5   4   3   3   4   4   3   4   3  0.14 0.17
  348 I    -1  -1  -2  -2   0  -1   0  -3  -1   3   2   0   2   0  -4  -2  -1   1   2   1    4   4   1   2   2   2   6   2   2  17  21   5   4   3   0   2   4   2   7   8  0.18 0.19
  349 E    -2   4  -1  -2  -5   4   2  -3   1  -1  -3   1   0  -2  -2  -2   0  -5  -2  -1    2  23   2   1   0  17  16   1   3   4   1   6   2   1   1   3   6   0   1   6  0.46 0.42
  350 A     0   2   1   1  -5   3   2  -1  -1  -3  -3   1   0  -3  -4   0  -1  -5  -4  -2    9  12   7   8   0  16  16   4   1   1   2   8   3   1   0   5   3   0   0   2  0.33 0.34
  351 R     0   4   1   1  -4   2   0  -1  -1  -1  -2   1   1  -2  -2   0   0  -4  -2  -2    8  25   7   7   0   8   5   3   1   4   2   7   4   1   1   7   5   0   1   3  0.28 0.27
  352 L     0  -2  -2  -2   2  -2   0   0   2   0   0  -2   1   1   1  -2   0   4   1   0    7   0   0   0   6   0   7   7   6   7   7   0   6   6   7   0   7   6   6   7  0.09 0.17
  353 S     0   0   1   1  -3   0   0   0   2  -1  -2   0   0   1  -3   0  -1   2   3  -2    6   6   7   8   0   4   5   7   6   3   4   5   3   6   0   8   3   3  15   1  0.16 0.17
  354 F     0   1   0   0  -3   1   1  -2   1  -1  -1   0   0   2  -1   0   0  -2   2  -1    9  10   4   5   0   7   9   2   4   3   3   5   3  11   2   5   4   0   8   4  0.10 0.14
  355 A     4  -2  -2  -3  -1  -1  -2   0   0   1  -1  -2   0  -2  -1   0   1   0  -2   0   35   1   1   1   1   3   2   6   2   8   5   2   2   1   3   7   8   1   1   8  0.30 0.30
  356 F    -4  -6  -1   0  -2  -3  -4  -4   0  -2   0  -2   2   7  -3  -3  -2   0   0  -5    2   0   3   5   1   1   1   1   2   2   9   2   5  53   1   2   2   1   3   0  1.21 0.70
  357 M    -3  -3  -3  -6  -5  -3  -3  -2   0  -1   4  -3   4   4  -6  -4  -3   0   4  -3    2   1   1   0   0   1   2   4   2   3  36   2  10  18   0   1   1   1  13   1  0.80 0.52
  358 L     0  -2  -1  -1  -4  -2  -2  -2  -1   1   1  -2   4   3  -4  -1  -1   0   1   2    9   2   3   4   0   2   2   3   2   7  11   1  14  14   0   5   3   1   4  13  0.24 0.24
  359 N    -1  -2   3   4  -5   1   0  -1   1  -2  -1  -1   0  -1  -2  -1   0  -2  -1  -2    5   2  14  27   0   6   5   4   3   2   7   2   2   3   2   2   7   1   3   2  0.35 0.31
  360 S     1   0   0  -2  -3   1   0   0  -3  -1   0   0   2  -2   1   2   1   1  -2  -1   11   4   4   2   0   8   4   6   0   2   9   5   7   2   6  15  10   2   1   3  0.12 0.19
  361 A    -1   0   0   0  -3   0   0  -1   2   0  -1   0   1   0   0   0   0   3   1   0    5   5   5   5   0   5   5   5   5   5   5   5   5   5   5   5   5   5   5   5  0.06 0.08
  362 V     0  -1   0  -1  -3   1   0   0  -1   0   0  -1   1  -1   1   0   1  -3  -1   0    8   3   4   3   0  10   5   7   1   7  12   2   4   3   7   5   9   0   1   7  0.06 0.10
  363 Q    -1  -1   0   1  -4   2   0  -1  -3  -1   1  -1   3  -2   2   0   0  -4  -2  -1    4   3   3   9   0  12   6   4   0   3  17   2  10   1  11   5   5   0   1   3  0.19 0.24
  364 R     0   2   0   1  -4   0   1  -1  -2  -1   0   0   0  -1   2  -1  -1   1  -1   0    6  16   4   7   0   5   8   3   0   4  10   4   2   3  11   3   3   3   2   6  0.13 0.16
  365 T     0  -1   1   3  -4   2   1   1   0  -2  -2  -1  -1  -2   0   1   0  -4  -1  -2    6   3   7  16   0   9  10  12   2   2   3   3   2   2   4  11   7   0   2   3  0.21 0.21
  366 G     0   0   1   1  -1   1   0   3   0  -2  -2   0   0  -2  -1   0   0  -4  -1  -1    9   5   7   7   1   5   6  21   2   2   2   6   3   2   3   7   6   0   2   4  0.16 0.15
  367 E     0   1  -1   1  -4   2   1  -1   0  -4  -3   1   0  -4   3   1   1  -5  -4  -1    8   7   3   7   0   8   9   5   3   0   2   9   3   0  13   8  10   0   0   4  0.25 0.25
  368 R    -1   3   1   1  -4   3   0   0   1  -1  -3   0  -3  -4   2  -1  -1  -4   0  -1    5  17   6   7   0  14   5   6   4   3   0   4   0   0  13   4   4   0   3   5  0.28 0.26
  369 V     0   0   0   0  -2   1   0   0  -1   0   0   0   1   0   1   0   0  -2   1   0    6   6   6   6   0   6   6   6   0   6   6   6   6   6   6   6   6   0   6   6  0.03 0.06
  370 T    -1  -1   2  -4  -4  -3  -3  -4  -4  -1  -4   0  -4  -5  -1   2   6  -5  -4  -1    3   3   8   0   0   0   0   0   0   4   1   4   0   0   4  13  54   0   0   3  0.98 0.59
  371 A     5  -1  -1  -1  -3   0   0   0  -3  -1  -2  -2  -1  -2  -1  -1   0  -4  -1   0   49   2   2   3   0   3   5   5   0   3   3   2   2   2   2   2   6   0   2   5  0.46 0.35
  372 E     0  -1  -2   0  -3   1   1   0  -1  -1   0  -1   0   1   1   0   2  -3   2  -1    7   3   0   4   0   6  11   6   1   4  11   2   3   7   7   4  17   0   7   2  0.11 0.17
  373 E     0  -2  -3  -1  -6   2   6  -1   3  -5  -5  -3   0  -6  -4  -2  -4  -6  -5  -2    6   2   0   2   0   7  62   4   6   0   0   0   3   0   0   3   0   0   0   3  1.23 0.63
  374 I     0  -3  -2  -5  -3  -2  -4  -3  -4   4   0  -4   0   0  -4  -2   0   2   0   4    7   1   2   0   0   1   0   1   0  25   6   0   2   3   0   2   6   3   3  36  0.61 0.37
  375 R     1   2  -1  -2  -3   2   0  -2  -1   0   0  -1   3  -1  -3   1  -1  -3  -1   0   10  14   2   2   0  12   6   2   1   5  11   1   8   3   0  11   2   0   2   7  0.15 0.19
  376 Y     1   0  -2   0  -4   2   3  -1  -2   0  -1  -1   3  -2  -3  -1  -1  -4   1   0   11   6   1   4   0  11  25   4   1   5   5   2   8   1   0   2   3   0   5   6  0.26 0.27
  377 V    -2   6  -1  -2  -5   0  -1  -3  -3   0  -1  -1   2  -2  -4  -2   0  -5  -4   0    2  46   2   3   0   3   3   2   0   7   7   2   7   2   0   2   5   0   0   6  0.74 0.50
  378 A     2   1  -1  -1  -3   1   0  -2   0   0   0   0   2  -1  -3   0   0   0   0   1   18   7   3   2   0   8   4   2   3   5   7   6   8   1   0   5   5   1   3  11  0.10 0.16
  379 S     0   2   1   0  -4   3   2  -1   0  -2  -2   1   1  -1  -3   0  -1  -4  -3  -2    8  10   8   4   0  17  16   5   2   2   3   6   3   3   0   7   3   0   0   2  0.26 0.26
  380 E    -1   0  -1   0  -5   2   5  -3  -1  -2   0  -1   1  -2  -2  -2  -2  -5  -2  -2    4   5   3   4   0   8  42   2   1   3  11   3   4   1   1   2   2   0   1   2  0.55 0.44
  381 L     0   0   0   0  -2   0   0   0  -2   0   0   0   1   1  -2   0   0   3   1   0    6   6   5   6   0   5   6   6   0   6   6   6   5   5   0   6   6   5   5   6  0.02 0.10
  382 E     1   0  -1  -1  -3   1   1   0  -1   0   1  -1   2  -1  -2  -1  -1   1  -1   0   12   4   3   3   0   6  13   6   1   7  16   2   6   2   2   4   4   2   1   5  0.07 0.14
  383 D     0   3   0   0  -4   3   0  -2   1   0  -1   0   0  -2  -2   0   0  -4  -2  -1    7  20   5   5   0  13   6   2   3   5   6   5   3   2   2   6   7   0   1   4  0.20 0.23
  384 T     0   0   1   1   0   1   0  -1   0   0   0   0   0  -1   0   0   0  -3  -2   0   11   5   9   7   3   7   4   4   3   5   7   6   4   3   4   6   4   0   0   7  0.04 0.07
  385 L    -1   0  -1  -1  -3   1  -1  -3   1   1   2  -1   2   2  -3  -1  -1   2   0   0    6   4   3   3   0   6   3   0   4   8  26   3   6   8   0   4   4   3   3   5  0.16 0.18
  386 G     2  -1  -1  -2  -3  -1  -2   4  -1  -1  -1  -1  -1  -1  -3   1   0  -4  -3  -1   15   3   1   2   0   3   2  36   1   3   6   3   2   3   0  12   5   0   0   5  0.41 0.33
  387 G     0  -2  -1  -2  -4  -1  -2   3  -4  -2  -3  -2  -1  -5   5   0   0  -5  -2  -2    8   2   3   2   0   3   2  20   0   2   2   2   2   0  35   7   5   0   1   3  0.70 0.45
  388 V     0   0   0   0  -2   0   0   0   1   0  -1  -1   1   0   1   0   0  -2   1   0    6   6   5   6   0   5   6   6   5   6   6   0   5   5   6   6   6   0   5   6  0.01 0.09
  389 Y     0  -1  -1  -3   1  -1  -3  -1   1   1   1  -3   1   3  -3  -1  -1   3   3   1    9   3   3   0   3   3   0   4   4   8  12   0   4  14   0   4   3   4  11   9  0.20 0.21
  390 S     1  -1  -1  -1  -2  -1   2   3  -1  -3  -3  -1  -2  -2  -2   3   0  -5  -3  -2   11   3   3   3   1   2  12  22   1   2   2   3   1   2   2  23   5   0   1   2  0.36 0.34
  391 I    -1   6   1  -3  -6   1  -3  -3   0  -1  -1  -1   0  -4   0  -1   0  -1  -3  -2    5  45   5   1   0   7   1   2   2   3   6   2   2   1   4   5   5   1   1   3  0.78 0.56
  392 L    -4  -2  -3  -4  -5   1  -4  -5  -1   3   4  -4   2   2  -6  -3  -2  -1   0   0    1   2   2   1   0   6   1   1   2  17  39   1   5   9   0   1   2   1   3   5  0.64 0.45
  393 S     1  -2   1   1  -4   3   2  -2   1  -1  -2  -1   1  -1  -3   1   0   1   1  -2   11   1   6   6   0  14  14   2   3   4   4   2   4   2   1   9   7   2   5   3  0.21 0.26
  394 Q     1   1   2   1  -2   2   1  -2   0  -2  -3   0  -1  -2  -1   1   2  -4  -1  -2   10   7   9   8   1  10   7   3   2   2   2   5   1   2   2  11  13   0   3   3  0.19 0.22
  395 E    -2  -3  -2   3  -2   0   6  -2  -1  -7  -7  -3  -2  -4  -6  -1  -1  -7  -3  -4    3   1   2  13   1   4  55   4   1   0   0   1   1   1   0   5   4   0   1   1  1.21 0.77
  396 L    -3  -4  -3  -4   0  -3  -4  -1  -1   0   3  -2   2   4  -4  -2  -2   6   1   0    1   1   1   1   2   1   1   5   1   5  26   3   5  17   1   4   3   9   5   5  0.53 0.39
  397 Q    -2  -4  -1  -2  -2   3  -3  -4   0   0   4  -4   2   1  -2  -2  -2  -1  -1   0    3   1   3   3   1  15   1   1   2   6  36   1   4   6   2   2   2   1   2   6  0.47 0.40
  398 L     0   1   1   2  -3   0   1   1  -1  -1  -1   0   1  -2  -1   0   1  -1  -2  -1    6   7   6  12   0   5   8   9   1   5   8   7   4   1   2   7   7   1   1   4  0.09 0.11
  399 P    -2   1  -2  -3  -3   0  -3  -3  -6  -4  -4  -1  -2  -6   7  -2  -3   0  -2  -2    4   7   2   2   1   4   2   3   0   1   2   4   1   0  57   3   2   1   2   4  1.42 0.83
  400 L    -2  -3  -3  -4  -1  -2  -3  -4  -3   3   3  -3   4   1  -6  -3  -1  -2   1   2    3   1   2   1   1   1   1   1   1  15  32   2  12   5   0   2   3   1   5  12  0.60 0.41
  401 V     1  -6  -4  -5   1  -4  -6  -3  -4   5   2  -6   2   1  -6  -4  -2  -1  -3   4   11   0   1   1   2   1   0   2   0  29  15   0   4   6   0   1   2   1   1  23  0.76 0.48
  402 R    -2   2   1   3  -6   2   3  -3   0  -2  -2   1   0  -3  -3  -1  -1  -3   0  -3    4  12   5  15   0   9  19   2   2   2   3   8   2   1   1   5   4   0   4   2  0.36 0.33
  403 V    -2   7  -2  -3  -3  -2  -4  -4  -3  -1  -1   0  -1  -2  -7  -4  -3   3  -3  -2    3  61   2   2   1   2   1   2   1   4   6   4   2   2   0   1   2   4   1   3  1.42 0.83
  404 L     0  -1  -3  -3   1  -2   0  -2  -2   2   1  -2   0   1  -4  -1   2  -1  -1   2    7   3   1   1   3   2   8   2   1  10  14   2   2   5   0   3  16   1   2  17  0.22 0.24
  405 L    -2  -4  -3  -3  -1  -3  -3  -7  -4   2   2  -4   3   6  -4  -4  -4  -1   2   1    3   1   1   1   1   1   2   0   0  10  22   1   7  30   1   1   1   1   6   8  0.83 0.52
  406 K     0   0   2   3  -3   0   0   1   2  -4  -2  -1  -1  -1  -4   0  -1   3   2  -3   10   5   9  18   1   4   7  10   4   1   3   3   2   3   0   7   2   5   7   1  0.27 0.27
  407 Q    -2   0  -2  -2  -3   0   0  -3  -2   5   2  -2   2  -2  -6  -3  -3  -1  -2   1    3   5   2   2   1   4   6   2   1  34  19   2   5   1   0   2   1   1   2   7  0.55 0.40
  408 L     0   0   0   0   2  -1   0   0   2   0  -1   0   1   1  -3   0   0   3   1   0    6   6   5   6   5   0   6   6   5   6   6   6   5   5   0   6   6   5   5   6  0.06 0.11
  409 Q     0   0   0   0   0   2   1   0   0  -1   0  -1   3   0  -3   0  -1   1   0   0    7   4   4   6   2  11   9   6   3   3   8   3   9   4   0   7   4   2   3   6  0.08 0.14
  410 A    -1   4   0   0  -5   1   2  -2   0  -2  -2   1   0   0   0  -1  -1   1  -1  -2    6  24   3   5   0   6  12   3   2   2   3   9   3   4   5   3   3   2   3   3  0.29 0.28
  411 T     2   1   1   0  -1   2   0  -1   1  -2  -2   1   0  -1   0   0  -1   0  -1  -1   17   7   8   4   1   8   6   5   3   2   4   7   2   3   4   7   3   2   3   4  0.10 0.14
  412 Q    -2   0   1   0  -6  -1   0   5  -1  -3  -4   1  -5  -2  -2  -1  -2  -6  -5  -4    3   5   7   4   0   3   6  48   1   2   2   7   0   2   2   4   2   0   0   2  0.79 0.51
  413 Q     0   1  -1   1  -3   1   1  -2  -1   0   0   1   2   0  -1  -1  -1   0  -1   0    7   7   2   8   0   7   9   3   1   7  11  10   7   6   2   3   2   1   2   5  0.08 0.12
  414 I    -2  -3  -2  -2  -4  -2  -3  -3  -2   3   3  -1   2   3   0  -3  -2  -4  -1   0    3   1   2   2   0   1   2   2   1  18  31   4   6  11   5   2   2   0   2   6  0.44 0.33
  415 P    -1  -2  -1  -1  -5  -1  -1   0  -1  -1  -2  -2  -2  -2   6  -2  -1  -1   0  -3    6   2   3   4   0   3   5   7   2   4   5   2   1   2  42   2   3   1   4   2  0.79 0.54
  416 E    -1   0  -1   2  -5   0   2  -1  -1  -2  -3   1  -1  -3   4  -1  -1   0  -1  -2    4   4   3  11   0   4  16   4   1   2   2   9   1   1  22   3   4   1   2   3  0.42 0.36
  417 L    -1  -3  -3  -3  -1  -2  -2  -5  -5   2   2  -2   3   1   3  -2  -2   0  -1   1    6   1   2   2   1   1   3   0   0  14  23   2   9   5  15   2   2   1   2  10  0.42 0.34
  418 P    -1  -2  -2   1  -6  -1   0  -1  -5  -1  -2  -2   0  -3   6  -1  -1  -6  -2  -1    6   2   2   8   0   2   5   5   0   4   3   3   2   1  42   4   4   0   2   4  0.83 0.57
  419 K    -1   0   0   2  -4   1   2   2  -1  -2  -2   1  -2  -3   2  -1  -1  -1  -4  -2    4   5   3  13   0   5  12  15   1   2   3  11   1   1  12   4   3   1   0   3  0.25 0.24
  420 E    -2   0   0   2  -5   2   3   2   0  -2  -3   0  -1  -2  -2   0  -1  -4  -1  -2    2   4   4  13   0   8  21  16   2   2   3   6   2   2   1   5   4   0   2   2  0.30 0.28
  421 A     0  -1   0   1  -2  -1   1   1  -3   0   2  -1   1  -1  -2   0  -1  -3  -2   1    6   4   5   7   1   3   9  10   0   4  23   3   4   1   1   5   3   0   1  11  0.09 0.15
  422 V    -1  -1  -2  -1  -3  -1  -1  -2  -1   3   1  -2   1   2  -2  -2  -1  -1   0   3    5   3   2   3   0   3   3   2   1  19  15   2   3   9   2   2   3   1   2  19  0.25 0.22
  423 E    -2   2   1   2  -3   2   3   1   0  -4  -4   2  -2  -3  -2   0  -1  -5  -3  -3    3  10   6  11   1   8  19  11   2   1   1  13   1   1   1   5   3   0   1   1  0.38 0.33
  424 P     0  -1  -1  -2   0   0  -1  -2  -1   2   0  -1   1   0   3  -1   0  -4  -1   1    8   4   2   2   2   4   4   2   2  12   8   3   3   5  18   4   5   0   2  11  0.19 0.19
  425 T    -1   0   1   1  -3   1   2  -2   0   1   0   0   0  -1  -1   0   0  -3  -1   0    4   5   6  10   0   8  13   3   2   9   7   5   2   2   3   6   5   0   3   8  0.08 0.12
  426 I    -1  -1  -2  -2   0  -1  -2  -2   0   3   1  -2   0   2  -1  -1  -1  -3   1   2    5   3   2   2   2   3   2   3   2  20  11   2   2  10   3   4   2   0   6  14  0.19 0.18
  427 S    -1  -1  -1  -1  -3   0   0  -2  -1   2   0   0   0   0  -2   0   1   0   0   2    3   4   2   4   0   5   6   2   2  14   8   6   2   3   2   5   9   1   3  18  0.11 0.15
  428 T     0  -1   0  -1  -4   0   0  -1  -1   1  -2   0   0  -2  -4   2   3   0  -2   1    6   2   4   3   0   5   6   5   1   7   2   5   2   2   0  17  19   1   1  12  0.20 0.25
  429 G    -2  -2  -1  -2  -6  -2   0   4  -2  -3  -4  -2  -2  -1   3  -2  -3   0   5  -3    2   2   2   3   0   2   6  30   1   2   1   2   1   2  17   3   1   1  19   1  0.74 0.54
  430 L    -2   0  -3  -2  -3  -1  -2  -3  -2   3   3  -2   2   1  -1  -2   0   0   1   2    3   5   1   2   0   3   2   2   1  15  26   1   4   5   3   3   6   1   5  12  0.25 0.24
  431 E     3  -2   1   1  -4   0   1  -1  -2  -2  -1  -2  -1  -2  -2   3  -1  -2  -2  -2   25   1   7   8   0   5   9   3   1   2   5   1   2   2   2  21   3   0   1   2  0.31 0.33
  432 A     3   0  -3  -2  -5   2  -2  -2  -3  -3  -3   0   0  -4   4   1  -1  -6  -2  -2   29   6   1   2   0  10   1   2   1   1   3   4   2   1  20   9   3   0   1   3  0.54 0.46
  433 I     2  -4  -4  -6  -2  -2  -4  -4  -5   1   4  -3   3  -2  -4  -2  -2  -5  -3   0   20   1   1   0   1   2   1   1   0   8  46   1   6   1   1   2   2   0   1   6  0.73 0.51
  434 G     2   1  -1  -2  -4   4  -1   2  -1  -2  -2  -1   0  -3  -3   0  -1  -5  -3  -1   19   6   2   2   0  25   3  13   1   3   3   3   2   1   1   8   3   0   1   4  0.40 0.38
  435 R    -2   6  -1  -2  -6   3  -1  -3  -1  -6  -4   3   0  -4  -3  -2  -2  -2  -2  -4    3  44   3   2   0  11   3   2   1   0   1  19   2   1   1   2   2   1   2   1  1.02 0.64
  436 G     3  -1   1  -2  -4   2   0   1  -2  -2  -2  -1   2  -2  -4   1  -1  -5  -2  -2   31   2   7   2   0   8   5  11   1   2   4   3   7   1   0  11   3   0   1   2  0.33 0.34
  437 Q     1  -1   0  -1  -4   4   1   0   1  -1  -2  -1   1  -2  -2   0  -1  -4  -1   0   12   2   4   3   0  25   7   8   3   4   2   2   4   2   2   7   3   0   2   6  0.29 0.32
  438 D    -1   0  -1   4  -5   1   4  -1  -1  -3  -3   2  -1  -3  -3  -1  -2  -5  -2  -3    5   6   3  22   0   6  27   4   1   1   2  10   2   1   1   5   1   0   1   2  0.53 0.41
  439 L     1   0  -2  -2  -3   0  -2  -2  -1   2   2  -2   2   0  -4  -1   0  -4   0   1   16   6   1   2   0   4   1   2   1  13  18   2   6   4   0   3   6   0   3  12  0.18 0.20
  440 D     0   1   2   1  -4   4   2  -1  -1  -2  -3  -1   0  -3  -2   0   0  -5  -2  -2    7   7   8   9   0  18  16   4   1   2   2   3   2   1   1   7   6   0   1   3  0.31 0.30
  441 K     1   3   2  -1  -4   2   0   1  -1  -3  -3   2  -2  -4  -2   1  -1  -5  -2  -3   14  14   9   3   0   9   6   9   1   1   2  12   1   0   2   9   3   0   1   1  0.29 0.28
  442 L     0  -2  -4  -3  -3  -2  -3  -2  -2   3   3  -4   3   1  -4  -2   0   0   0   2    8   2   0   2   0   2   1   2   1  17  27   0   7   6   0   2   7   1   3  11  0.36 0.29
  443 E    -1   0   0   0  -2   2   1  -3  -1   0   1  -1   2  -1  -2  -1   0  -1  -2   1    6   6   4   7   1  12   9   2   1   6  15   1   8   2   1   3   5   1   1  10  0.13 0.19
  444 R     0   4   2  -1  -5   3   1   0  -3  -3  -2  -1   1  -3  -3  -1   0  -5  -2  -2    9  20   9   3   0  16  11   6   0   1   3   3   3   1   1   3   7   0   1   2  0.38 0.35
  445 C     2  -3  -3  -4  -2  -3  -3  -2  -2   0   0  -4   1   5  -4  -2   1   5   3  -1   15   1   1   1   1   1   2   3   1   4  10   1   3  24   1   2   8   7   9   5  0.54 0.40
  446 V     1  -4  -3  -3  -1  -1  -3  -3  -5   3   3  -4   3   0  -5  -2  -1  -1  -1   2   11   1   1   1   1   3   1   2   0  13  29   0   8   3   0   2   4   1   2  17  0.47 0.36
  447 T     1   0   1   0  -5   5   1   2  -3  -3  -3  -2   1  -3  -3   0  -1  -5  -5  -3   12   4   6   5   0  24   9  17   0   1   3   1   3   1   1   8   3   0   0   2  0.45 0.41
  448 A     1  -1   0   0  -3   1   0  -1  -2   0   0  -1   1   1   0   0   1   1   0   0   12   2   4   7   0   6   5   4   1   6   9   2   5   6   4   7  11   2   3   5  0.05 0.11
  449 W     1  -4  -4  -4  -2  -3  -3  -4  -5   3   3  -3   4   0  -5  -2  -1   1  -2   2   14   1   1   1   1   1   1   1   0  18  26   1  10   4   0   2   3   2   1  14  0.53 0.38
  450 A     4  -2   0  -2  -4   3   0   1  -3  -2  -2  -2   1  -3  -4   1  -1  -5  -3  -2   36   2   4   2   0  13   5  11   1   2   3   2   4   1   0   8   4   0   1   2  0.48 0.43
  451 A     2  -2   0  -2  -4   4   0   0  -3  -1  -1  -1   1  -2   1   0   0  -2  -2  -1   19   1   5   1   0  23   4   7   0   3   5   2   4   1   7   5   6   1   1   4  0.32 0.35
  452 L     0  -5  -4  -4  -4  -3  -4  -4  -3   3   3  -4   3   2  -3  -2  -1  -4  -1   2    9   0   1   1   0   1   1   1   1  17  29   1   9   7   1   3   3   0   2  15  0.53 0.38
  453 A     3  -1   0   0  -4   0  -2   3  -2  -1  -1  -2   0  -1   0   0  -1  -1  -2  -1   24   3   4   5   0   4   2  21   1   3   5   2   2   3   5   7   2   1   1   4  0.23 0.24
  454 P     0  -3  -1   0  -6   3   0   1  -5  -6  -5  -3  -1  -6   6  -2  -2  -6  -4  -3    7   1   3   5   0  16   7  10   0   0   1   1   1   0  42   2   2   0   1   2  1.08 0.69
  455 M     1  -2  -1   0  -4   2   3  -3  -3   0   0  -2   3  -1   0  -1   0  -4  -2   1   10   1   3   5   0   8  21   2   0   6   8   1   9   3   5   3   6   0   1   9  0.23 0.27
  456 R     2  -1  -1   0  -3   1   0   0  -2   0  -1   0   0  -1   0   0   1  -2  -1   1   17   2   3   5   0   8   6   5   1   4   4   5   3   3   3   6   8   0   2  15  0.09 0.16
  457 D     1  -3  -2  -2  -4   1  -1  -1  -4   2   1  -3   2  -1   2  -2  -1  -2  -2   2   12   1   1   2   0   8   4   4   0  10  17   1   5   3  12   2   3   1   1  14  0.22 0.24
  458 D     1  -1   0   4  -4   1   0   0  -1  -1   0  -1   1  -2  -2  -1  -1  -3  -2  -1   12   2   4  27   0   5   6   6   1   4   9   3   5   1   2   4   4   0   2   4  0.25 0.25
  459 P     0  -1  -1   2  -3   2   0  -1  -2  -1  -1   1   1  -3   3  -1   0  -2  -3   1    9   3   3  13   0   9   4   4   1   4   5   9   3   1  14   3   5   1   0  10  0.19 0.20
  460 D    -1   2   2   0  -3   0   0  -2   1   0  -1   0   1  -1  -1   0   0   1   2  -1    5  12  11   4   0   3   6   2   3   5   6   6   5   2   3   6   4   2   8   4  0.09 0.13
  461 I    -2  -5  -4  -1  -4  -5  -3  -5  -5   5   2  -4   2   2  -4  -4  -2  -1  -1   4    3   0   1   5   0   0   1   1   0  28  16   1   4   9   1   1   2   1   2  25  0.75 0.47
  462 N    -3  -3   6   5  -7  -2  -3  -4  -2  -5  -4   3  -2  -2  -5  -3  -4  -3  -4  -4    2   1  35  32   0   1   1   1   1   1   2  15   1   2   0   1   1   0   0   1  1.25 0.77
  463 L    -1  -2  -2  -1  -4  -1  -2  -1  -3   1   1  -2   2   2   2  -1   1   5   0   1    5   2   1   3   0   3   2   5   0   8  11   2   6   9  11   3   8   7   2  10  0.20 0.21
  464 A    -1  -1   0   6  -6  -1   2  -1  -2  -3  -3  -2  -1  -5  -1   0  -2  -3  -2  -3    6   3   4  44   0   3  12   4   1   1   3   2   2   0   4   5   2   1   1   2  0.77 0.54
  465 M     1   1   0   2  -5   2   4  -2  -2  -2  -3   2  -2  -2  -3  -2  -2  -1  -3  -1   12   6   5   9   0   7  28   3   0   2   2  12   1   2   1   1   2   1   1   4  0.40 0.37
  466 I     3  -4  -3  -1  -1  -3  -3  -3  -3   2   2  -3   2   1  -5  -2   0   1   1   1   24   0   1   4   1   1   1   2   0  12  16   1   5   6   0   2   5   2   6  11  0.34 0.31
  467 K     2  -2  -3  -3  -2  -3  -3  -1  -3   3   2  -1   2   0  -1  -1   0  -3  -2   2   15   2   1   1   1   1   1   5   0  16  17   4   6   3   2   3   5   0   1  14  0.26 0.25
  468 L    -1   4  -1   3  -5   1   0  -4  -2  -2  -2   2  -1  -3  -1   0   0  -2  -3  -3    5  26   2  16   0   5   7   1   1   2   4  11   2   1   3   6   5   1   1   2  0.45 0.38
  469 R    -1   4  -2   1  -5   0   2  -2   0  -1  -2   1   0   0  -3  -1  -1   3   0  -2    4  21   1   9   0   4  17   2   2   3   3   8   2   4   1   3   4   4   4   3  0.32 0.30
  470 I    -1   0  -4  -4  -2  -4  -3  -3  -3   3   3  -2   1   0  -4  -3  -2  -1   3   1    6   5   0   1   1   0   1   2   1  18  28   2   4   3   0   2   3   1  12  10  0.48 0.36
  471 A     5  -3  -4  -5  -2  -2  -4   2  -1  -1  -1  -4   2   2  -4  -1  -3   0  -1  -2   43   1   0   0   1   1   1  15   1   3   7   1   4   8   1   4   1   2   2   3  0.64 0.50
  472 N     1   2   0   4  -5   1   3  -3  -2  -3  -3   0  -2  -4  -3  -1   1  -2  -3  -3   12  10   4  22   0   6  16   2   1   2   3   5   1   0   1   4   8   1   1   2  0.42 0.37
  473 A     2   0   1  -2  -4   0  -1   1  -2   0   0   0   1  -2  -3   1  -1  -1   0  -1   21   6   7   1   0   3   4  10   1   7   8   7   4   1   0  11   3   1   3   4  0.15 0.19
  474 I    -1   0   1  -1  -2  -1  -1  -3   0   1   3  -2   2   1  -4   0  -1   0   0  -1    5   6   7   3   1   3   3   2   3   8  28   2   6   6   0   7   3   1   4   3  0.19 0.21
  475 G    -1  -3   2  -1  -7  -2  -4   6  -3  -8  -6  -3  -5  -5  -4  -1  -4  -7  -7  -6    4   2  10   4   0   2   1  66   1   0   1   2   0   1   1   5   1   0   0   1  1.55 0.85
  476 I     0  -3  -3  -6  -4  -5  -5  -3  -5   3   2  -4   2   0  -5  -3  -3  -2  -1   5    9   2   1   0   0   0   0   2   0  17  15   1   5   4   0   2   1   0   2  38  0.81 0.49
  477 D    -2  -2   1   4  -3  -2   0  -2  -3  -4  -3  -1  -4  -2   5   0  -2  -4  -3  -3    3   2   6  26   1   1   5   3   1   1   2   4   0   2  31   7   2   0   1   2  0.82 0.48
  478 T     2  -1  -3  -3  -5  -1  -1  -3  -2  -2  -2  -3   0  -4   6   0   1  -6  -2   0   15   3   1   1   0   3   4   2   1   2   4   1   2   1  36   6  10   0   1   7  0.71 0.51
  479 S     1   1   0   2  -4   1   2  -3  -2  -2  -3   1  -2  -4   0   1   1  -3  -4  -2   14   6   3  12   0   6  16   1   1   2   2  10   1   0   4  11   8   0   0   2  0.31 0.30
  480 G    -1   0   1   1  -1   0   1   2   0  -1  -2   1  -1  -2  -2   0  -1   4  -1  -1    5   5   6   8   1   3   8  16   2   3   4  10   1   1   1   7   4   7   1   6  0.16 0.14
  481 I    -1  -4  -4  -5  -3  -3  -4  -6  -5   3   4  -3   3   2  -5  -4  -3   1   1   1    5   1   1   1   0   1   1   0   0  17  42   1   6   7   0   1   1   2   4   8  0.77 0.46
  482 L    -2   0  -4  -5  -4  -3  -4  -5  -3   4   2  -3   3   1  -4  -4  -2  -3  -2   3    3   6   1   0   0   1   1   1   1  25  21   2   8   5   1   1   2   0   1  20  0.65 0.41
  483 L    -2   5   2  -3  -6  -2  -2  -3  -3  -4  -2   3   0  -2   0  -1  -2  -3   0  -2    3  34   9   1   0   1   2   2   0   1   5  21   2   2   5   4   2   0   3   3  0.69 0.49
  484 T    -2  -1  -1   2  -5  -3  -2  -3  -5  -4  -4  -3  -5  -4   0   4   4  -7  -4  -3    3   4   3  13   0   1   3   1   0   1   2   1   0   1   6  32  28   0   1   2  0.82 0.63
  485 E    -1  -1  -1   4  -7   2   3  -4  -5  -5  -4   1  -4  -7   4  -2  -3  -3  -6  -4    5   3   2  26   0   8  20   1   0   0   2   8   0   0  19   2   2   0   0   2  0.84 0.59
  486 E     0  -2  -2   3  -7   3   6  -5  -5  -6  -6   0  -5  -8  -4  -3  -3  -7  -5  -5    7   2   1  16   0  10  52   0   0   0   0   5   0   0   1   1   1   0   0   1  1.34 0.83
  487 Q    -1  -1  -3   2  -7   4   6  -5  -4  -4  -5  -1  -2  -7  -6  -3  -1  -7  -2  -2    4   3   1   9   0  19  49   0   0   1   1   3   1   0   0   1   3   0   1   3  1.23 0.79
  488 K     0   1  -2  -3  -4   1  -1  -5  -4   2   1   2   2  -2  -3  -3  -2  -5  -1   4    8   9   1   1   0   5   3   0   0  11  11  12   5   1   1   1   2   0   2  28  0.40 0.35
  489 Q     3   2  -1   0  -6   5   2  -3  -4  -4  -4   2  -3  -6  -4  -3  -3  -6  -5  -3   23   9   3   5   0  27  13   2   0   1   2  11   0   0   1   1   1   0   0   2  0.75 0.57
  490 Q     3   0  -1  -1  -6   5   2  -2  -4  -5  -3   0   1  -6  -4  -2  -3  -6  -6  -4   28   5   3   3   0  29  15   3   0   0   2   4   3   0   1   2   2   0   0   1  0.83 0.62
  491 K     0   1  -1  -2  -4   2   2  -3  -2   3   1   1   3  -3  -3  -2  -1  -5  -4  -1    7   8   3   1   0   9  15   1   1  18  11   8   8   0   1   1   3   0   0   4  0.30 0.30
  492 M     1   5  -3  -2  -6   4   0  -4  -3  -2  -1   0   3  -5  -5  -2  -2  -6  -5  -2   13  31   1   2   0  19   6   1   0   2   6   4   9   0   0   2   2   0   0   3  0.77 0.55
  493 A     2   1  -2  -1  -6   5   3  -3  -4  -4  -3   1   1  -6  -4  -2  -2  -6  -5  -3   19   6   1   3   0  28  20   2   0   1   3   8   3   0   1   2   2   0   0   2  0.75 0.56
  494 Q     2   0  -2   0  -6   6   2  -3  -3  -4  -3   0  -1  -6  -5  -2  -2  -6  -4  -2   18   4   1   5   0  40  10   2   0   1   2   6   2   0   0   3   2   0   0   3  0.90 0.64
  495 Q     3   4  -1  -2  -6   4   1  -5  -4  -2  -3  -1   3  -4  -4  -2  -2  -3  -5  -3   22  21   3   2   0  22  10   0   0   2   2   2   8   1   1   2   2   0   0   1  0.72 0.55
  496 S     4   0  -2   0  -5   5   1  -2  -4  -4  -2  -2   2  -6  -3   0  -1  -6  -5  -2   32   5   1   4   0  27   7   3   0   1   4   1   5   0   1   5   3   0   0   2  0.70 0.55
  497 M     2  -1  -1  -1  -6   5   2  -2  -4  -1  -1  -1   5  -6  -5  -3  -2  -6  -5  -2   14   3   2   3   0  29  13   2   0   3   5   3  15   0   0   1   2   0   0   3  0.74 0.57
  498 Q     2  -1   0  -1  -6   6   2  -4  -3  -4  -1  -1   3  -6  -3  -1  -1  -6  -5  -4   19   4   4   3   0  36  11   1   0   1   5   2   7   0   1   4   3   0   0   1  0.79 0.60
  499 M     3  -2  -1  -3  -5   6   0  -4  -4  -1  -1  -1   4  -5  -2  -3  -2  -6  -5  -2   25   2   2   1   0  35   6   1   0   3   5   2   9   0   2   1   2   0   0   3  0.83 0.61
  500 G     3  -2  -2  -3  -5   4   0   0  -4  -3   0  -1   5  -3  -4  -2  -1  -5  -5  -2   24   2   2   1   0  23   7   8   0   1   8   2  14   1   1   2   3   0   0   3  0.58 0.49
  501 M     3  -2  -3  -1  -4   4   0   0  -4  -1   0  -1   4  -2  -3  -2   0  -5  -4  -1   22   1   1   3   0  18   5   6   0   4   9   3  13   2   1   2   6   0   0   4  0.39 0.38
  502 D     2  -2  -2   0  -5   6   2  -3  -4  -1  -2  -1   2  -5  -3  -1  -2  -6  -3   0   15   2   1   5   0  35  11   2   0   4   4   2   6   0   1   4   3   0   1   6  0.66 0.52
  503 N     2   0   0  -1  -5   5   1  -2  -3  -3  -2   0   1  -5  -1   0   0  -5  -5  -2   18   5   5   2   0  26   9   3   0   1   5   5   4   0   2   5   7   0   0   3  0.44 0.40
  504 G     3  -3  -2  -2  -5   4   1   2  -4  -2  -2  -1   3  -4  -2  -1  -2  -5  -3  -1   25   1   1   2   0  18   8  17   0   2   4   3   7   0   1   3   2   0   1   3  0.47 0.42
  505 A     4  -4  -2  -3  -4   2   0   1  -4  -1   0  -3   3  -4  -3  -1  -1  -3  -5  -1   38   0   1   1   0   8   5  11   0   3   9   1   9   1   1   4   3   0   0   4  0.49 0.42
  506 A     3  -2  -2  -1  -4   2   1   0  -4  -2  -3   0   1  -5   3   0  -1  -5  -5  -1   26   2   1   4   0  11  10   7   0   2   2   4   4   0  15   6   3   0   0   4  0.39 0.36
  507 A     3  -2   1   0  -4   4   1  -1  -2  -3  -1   0   1  -5   0  -1  -2  -5  -4  -3   26   1   7   4   0  19  10   5   0   1   7   5   4   0   5   3   2   0   0   2  0.40 0.38
  508 L     3  -2  -3  -2  -4   2  -1  -1  -4   1   2  -2   3  -3  -1  -2  -1  -5  -4   1   24   2   1   2   0  10   5   4   0   7  19   1   9   1   3   1   3   0   0  10  0.31 0.31
  509 A     3  -1  -2  -3  -4   2   0   2  -4  -1  -1   0   1  -4  -3  -1   0  -5  -4   0   30   2   2   1   0   9   5  14   0   3   7   4   5   0   1   4   6   0   0   6  0.31 0.31
  510 Q     1   0   1   1  -5   5   0   0  -3  -4  -3   2  -2  -5  -1   0  -1  -5  -5  -4   11   4   6   6   0  31   4   8   0   1   3  13   1   0   3   6   3   0   0   1  0.55 0.44
  511 G     3  -3   0   0  -4   2  -1   4  -4  -4  -3  -1  -1  -5  -1  -1  -1  -5  -5  -2   22   1   5   5   0   8   3  35   0   1   2   3   1   0   4   3   3   0   0   4  0.57 0.41
  512 M     2  -1  -3  -3  -3   2  -1  -1  -2   0   1  -2   4  -2  -3  -1  -2  -4  -2   1   23   2   1   1   0  11   3   5   1   6  13   2  12   2   1   4   2   0   1  12  0.30 0.30
  513 A     4  -2  -1  -2  -4   2  -1   1  -4  -2  -3  -1   1  -4   1   0   0  -5  -1   0   33   2   3   2   0   9   4  10   0   1   1   4   4   0   7   7   6   0   2   6  0.34 0.33
  514 A     2  -2   1   0  -4   3   0   2  -3  -2  -3   1  -1  -5  -1   0   0  -5  -4  -1   22   1   7   5   0  13   6  16   0   2   1   9   1   0   3   4   5   0   0   4  0.32 0.31
  515 Q     2  -1  -1  -1  -4   3   1   1  -2  -2   0   0   2  -3  -1  -1  -1  -4  -3   0   19   2   2   3   0  16  11  10   0   1   8   4   7   1   2   4   3   0   0   6  0.23 0.27
  516 A     3  -2  -1  -1  -3   1   0   1  -2  -2  -2   0   2  -4   0   0   0  -4  -2   0   29   1   3   4   0   6   5  13   0   2   4   6   5   0   5   6   4   0   1   6  0.23 0.25
  517 T     0  -1   1   0  -3   1  -1   1  -3  -1  -1   0   1  -4   3  -1   1  -4  -3  -1    9   2   7   4   0   9   4  13   0   3   6   6   4   0  13   3  12   0   1   4  0.19 0.21
  518 A     4  -2   0  -1  -4   2  -1   2  -2  -2  -1   1   1  -4  -3   0  -1  -5  -3  -1   34   1   4   3   0   9   3  14   1   1   5   7   4   0   1   5   3   0   1   3  0.33 0.32
  519 S     2   0   0   1  -3   3   1   0  -2  -2  -2   0   0  -4   1   1  -1  -4  -3  -1   17   4   4  10   0  14   7   7   1   1   4   5   2   0   6  10   3   0   0   4  0.21 0.22
  520 P     1  -2  -3   1  -5   3   0   0  -3  -3  -3  -2  -1  -5   6  -1  -2  -5  -5  -2   12   1   1   8   0  13   4   7   1   1   3   2   2   0  36   5   2   0   0   2  0.76 0.48
  521 E     1  -2   0   0  -4   2   4   1  -3  -3  -2   0  -2  -3  -1   1  -1  -4  -4  -1   11   1   4   3   0  10  27  13   0   1   3   5   0   1   3   9   4   0   0   4  0.33 0.30
  522 A     4  -1  -1  -1  -3  -1   0   1  -3   0  -2   0   0  -1   0  -1   0  -4  -4  -1   40   2   3   4   0   2   6   8   0   5   2   7   3   2   4   3   6   0   0   3  0.31 0.31
  523 M     2  -2   1  -1  -4   2  -1   0  -3   0   1  -1   5  -3  -1  -1  -2  -4  -4  -1   17   1   7   3   0  11   2   7   0   6  13   3  18   0   3   4   1   0   0   4  0.30 0.32
  524 A     1  -1   1  -2  -3   3   0  -1  -2  -1  -1   0   1  -4   2   0   1  -4  -3   0   13   3   6   1   0  14   7   3   1   3   5   6   4   0  12   5  12   0   0   6  0.22 0.24
  525 A     2  -3   0   1  -4   1   2   3  -3  -3  -1  -1   0  -4   0  -1   0  -4  -4  -1   16   0   4   8   0   8  14  22   0   1   5   2   3   0   4   3   4   0   0   5  0.27 0.26
  526 A     4  -2  -1  -3  -4   1   0   2  -4  -2  -2  -2   3  -3  -1   0  -1  -5  -4  -1   34   1   3   0   0   8   6  19   0   2   4   1   8   1   3   4   3   0   0   4  0.41 0.36
  527 A     4  -3  -3  -3  -3   0  -1   2  -4  -1  -1  -3   2  -4  -2   0   0  -5  -4   0   42   1   1   1   0   4   3  15   0   3   6   0   7   0   2   5   4   0   0   7  0.49 0.40
  528 D     0   0   0   3  -5   5   2  -1  -3  -4  -4   1   0  -5   1  -1  -2  -5  -4  -3    9   3   4  17   0  27  11   4   0   0   1   8   2   0   7   3   2   0   0   1  0.52 0.39
  529 S     2  -1   1  -2  -4   5  -1  -1  -3  -3  -2  -1  -1  -5   2   0   0  -5  -4  -1   23   2   6   1   0  27   1   4   0   1   4   3   1   0  11   4   6   0   0   4  0.45 0.39
  530 V     1  -1  -1  -2  -3   3   1  -1  -3   1   1  -2   3  -1  -3  -1  -2  -4  -2   1   16   2   3   2   0  15   9   3   0  10  15   1  10   2   0   3   0   0   1   8  0.21 0.24
  531 G     0  -2  -1  -1  -5  -1  -1   6  -4  -5  -3  -2   0  -5  -2   0  -1  -5  -5  -4    6   2   3   3   0   2   3  61   0   0   2   2   3   0   2   5   4   0   0   1  0.98 0.49
  532 L     0  -3   0  -3  -3   3  -1   3  -3  -1   2  -2   2  -3  -4  -2  -1  -4  -3   1    9   0   4   0   0  20   2  21   0   1  21   0   5   0   0   1   2   0   0  12  0.34 0.30
  533 Q     0  -2  -1   0  -3   4   1  -1  -2   0   1  -2   1  -3   1  -1  -2  -4  -3   0    7   0   3   4   0  28   8   4   0   7  17   0   3   0   8   4   1   0   0   6  0.28 0.26
  534 P    -1  -4   0  -2  -5  -1   0  -4  -4  -5  -3  -3   2  -5   7  -1  -2  -6  -5  -4    4   0   6   2   0   2   6   0   0   0   3   0   6   0  67   3   2   0   0   0  1.64 0.57
  535 G     3  -4  -1  -3  -4  -3  -3   6  -4  -5  -5  -3  -4  -5  -4  -1  -3  -4  -5  -4   25   0   3   0   0   0   0  70   0   0   0   0   0   0   0   3   0   0   0   0  1.28 0.42
  536 I    -2  -3  -4  -4  -2  -3  -4  -4  -4   4   3  -3   4  -1  -3  -3  -1  -3  -2   3    0   0   0   0   0   0   0   0   0  33  29   0  17   0   0   0   0   0   0  21  0.54 0.16

                      K         Lambda
Standard Ungapped    0.1315     0.3148
Standard Gapped      0.0430     0.2670
PSI Ungapped         0.1404     0.3173
PSI Gapped           0.0430     0.2670
