
Last position-specific scoring matrix computed, weighted observed percentages rounded down, information per position, and relative weight of gapless real matches to pseudocounts
            A   R   N   D   C   Q   E   G   H   I   L   K   M   F   P   S   T   W   Y   V   A   R   N   D   C   Q   E   G   H   I   L   K   M   F   P   S   T   W   Y   V
    1 M    -2  -2  -3  -4  -2  -1  -3  -4  -2   0   1  -2   8  -1  -3  -2  -2  -2  -2   0    0   0   0   0   0   0   0   0   0   0   0   0 100   0   0   0   0   0   0   0  1.06 0.19
    2 A     1  -4   0  -5  -4  -3  -4  -4  -4   1   0  -3   9  -2  -4  -3  -3  -4  -3  -1   13   0   5   0   0   0   0   0   0   6   0   0  76   0   0   0   0   0   0   0  1.56 0.45
    3 G    -2  -4  -3  -3  -5  -4  -4   7  -4  -6  -6  -2  -5  -5  -4  -2  -1  -5  -5  -5    0   0   0   0   0   0   0  95   0   0   0   2   0   0   0   0   3   0   0   0  1.90 0.44
    4 L    -3   0  -5  -5  -3  -3  -1  -5  -4   0   5  -3   5  -2  -5  -3  -3  -4  -3  -1    0   6   0   0   0   0   4   0   0   2  66   0  18   0   0   2   0   0   0   1  0.93 0.36
    5 V    -4  -5  -5  -5  -6  -2  -4  -5  -5  -6  -6  -4  -6  -7   8  -2  -2  -7  -6  -4    0   0   0   0   0   2   0   0   0   0   0   0   0   0  92   2   2   0   0   1  2.78 0.70
    6 N    -1  -2   2  -1  -4   2   2   2  -2  -3  -4   1  -3  -4  -3   2  -1   0  -2  -1    1   0  14   2   0  12  16  20   0   0   0   9   0   0   0  16   3   1   2   6  0.36 0.21
    7 I    -1  -5  -5  -5   0  -4  -5  -5  -5   6   2  -4   1   0  -5  -4  -1  -4  -3   3    6   0   0   0   2   0   0   0   0  50  17   0   2   3   0   0   2   0   0  18  0.84 0.33
    8 N    -2  -2   3   3  -4  -1   1  -3   1   0  -2   0  -2   0  -3   0   0   1   3  -1    0   0  20  18   0   2   7   0   3   7   3   7   0   4   0   6   5   2  13   4  0.30 0.20
    9 I    -3  -5  -5  -5  -3  -4  -5  -5  -5   6   0  -4   2   2  -5  -4  -2  -4  -3   2    0   0   0   0   0   0   0   0   0  63   5   0   6   9   0   0   2   0   0  13  1.10 0.40
   10 E    -1   0   2   0  -3   0   1  -3  -2   2  -1  -1   0  -3  -3   1   2  -4  -2   0    3   6  13   3   0   2  12   0   0  16   2   2   2   0   0  12  19   0   1   5  0.21 0.17
   11 F    -5  -6  -6  -7  -5  -6  -6  -6  -4  -1   0  -6  -3   9  -7  -5  -5  -2   1  -1    0   0   0   0   0   0   0   0   0   3   7   0   0  84   0   0   0   0   3   3  2.13 0.62
   12 K     0   2  -1  -2  -4   2   2  -3  -1  -1  -1   4  -2  -2  -3   0  -1  -4  -2  -1    5  10   1   0   0   8  12   0   1   4   5  35   0   2   0   8   3   0   1   4  0.36 0.23
   13 E     0   0  -1   1  -4   4   3  -2   0  -4  -4   1  -3  -4  -2   1   1  -4  -3  -2    9   4   2   5   0  22  25   2   1   0   0   8   0   0   1   9   9   0   0   2  0.46 0.26
   14 L     1   1   0  -2  -3   0   0  -1  -3  -1   2   2   1  -2  -3  -2  -2  -4  -3  -1   17   9   5   2   0   3   6   4   0   1  31  17   3   0   0   0   1   0   0   2  0.21 0.20
   15 A     5  -3  -3  -4  -3  -2  -2   2  -4  -2  -3   0  -1  -4  -2   0   2  -5  -4  -1   57   0   0   0   0   1   1  13   0   1   0   5   2   0   1   2  13   0   0   4  0.69 0.37
   16 T     1   0   0   0  -2   1   1  -1  -1   0  -1   1  -1  -2   0   0   1  -3  -2   1   16   3   3   6   0   5  10   2   2   8   5   9   0   1   3   7  11   0   0  10  0.09 0.09
   17 S     0   0   1  -1  -3   1  -1  -3  -3  -1  -2  -1  -3  -4  -3   2   5  -4  -3  -1    5   4   6   2   0   8   3   0   0   3   3   2   0   0   0  20  40   0   0   3  0.52 0.32
   18 F     4  -1  -3  -4  -3   0  -2  -3  -3  -1   0  -2   0   2  -3   1  -1  -3  -2   1   45   3   0   0   0   4   2   0   0   3  11   0   2  11   0   8   3   0   0   9  0.40 0.27
   19 I    -1  -2  -1  -3  -3  -2  -1  -4  -3   4   1   2   0   0  -2  -2   0  -4  -3   2    5   1   2   0   0   1   3   0   0  35  11  16   1   3   2   1   5   0   0  15  0.34 0.23
   20 Q     1   1   0  -1  -3   2   2  -1   1  -2  -3   1  -1  -2  -2   1   0   1   1  -2   10   6   5   2   0  13  14   4   4   3   0   9   2   1   0  12   6   2   7   0  0.20 0.15
   21 R    -1   6   0  -2  -5  -1  -1   1  -3  -2  -2   1  -1  -4  -1  -1  -1  -5  -4  -2    3  53   3   2   0   1   3  11   0   2   3   5   2   0   3   4   3   0   0   2  0.72 0.34
   22 S     1  -3   0  -3  -3   0  -3   4  -3  -2  -2  -2  -3  -4  -3   4  -1  -4  -4  -3    8   0   2   0   0   5   0  38   0   2   6   0   0   0   0  38   1   0   0   0  0.70 0.33
   23 K     1  -1   1   1  -3   1   2   0  -2  -1  -2   0  -1  -3   0   1   1  -4  -3  -1   13   1   7   9   0   6  17   8   0   3   1   6   1   0   3   9  10   0   0   6  0.19 0.12
   24 A    -2   6   1  -3  -4   0  -2  -4   0  -2  -3   2  -3  -1  -4  -2  -1  -4  -3  -2    1  59   6   0   0   4   0   0   2   2   2  12   0   3   0   2   3   0   0   3  0.91 0.35
   25 G    -1  -4  -1  -3  -5  -4  -2   7  -4  -6  -6  -1  -5  -5  -4  -1  -4  -5  -5  -5    3   0   2   0   0   0   2  87   0   0   0   3   0   0   0   2   0   0   0   0  1.68 0.48
   26 I    -1  -1   1  -2  -3  -1  -3  -4  -1   4  -1  -1   2  -2  -3  -1   2  -3   0   2    4   4   7   1   0   2   0   0   1  32   0   4   8   0   0   2  18   0   4  14  0.31 0.23
   27 V     0  -4  -4  -2  -3  -4  -4  -4  -4   3   0  -4   0  -1  -1  -2  -2  -4  -3   5    7   0   0   2   0   0   0   0   0  17   7   0   2   2   3   2   0   0   0  57  0.71 0.34
   28 A     3  -3  -3  -3   2  -1  -1   1  -3   1   0  -2   0  -1  -3   0  -1  -4  -3   2   37   0   0   0   4   2   3  10   0  11   6   0   1   2   0   4   2   0   0  18  0.29 0.21
   29 I    -2  -4  -4  -4   0  -3  -2  -5  -4   3   3  -4   3   1  -4  -3   1  -3  -2   3    0   0   0   0   2   0   3   0   0  21  29   0  10   5   0   0  10   0   0  20  0.53 0.27
   30 I     0  -4  -2  -4  -3  -2  -4  -4  -4   4   1  -4   1   0   0  -3  -2  -4   0   4    8   0   2   0   0   2   0   0   0  33  11   0   3   3   6   0   0   0   3  29  0.52 0.28
   31 L     0  -3  -4  -1  -3   0  -1  -4   0   2   4  -2   1   0  -4  -2  -2  -4  -2   2    8   0   0   4   0   4   3   0   3  11  42   3   3   4   0   3   0   0   0  12  0.37 0.26
   32 K    -1   1   0   0  -3   2   1  -1   1  -3  -2   3  -2   0   0   0   0  -3   0  -1    4   5   3   5   0  10   8   3   3   0   3  27   0   5   4   6   7   0   3   4  0.22 0.18
   33 D     0  -2   2   4  -3   1   2   0  -2  -1  -3  -2  -3  -4  -3   0   1  -4  -3  -3    8   0  10  33   0   6  13   7   0   6   1   0   0   0   0   6  10   0   0   0  0.47 0.26
   34 T     0   1   1   1  -2   1   1   0  -1  -1  -1   0  -1   1  -2   0   0  -2   1   0    7   7   7   7   0   7   7   7   0   0   7   7   0   7   0   7   7   0   7   7  0.06 0.08
   35 T     1   0   0   0  -3   0   1  -1  -2   0  -1   1   1  -3   0   0   3  -4  -3   0   11   4   4   5   0   4   9   4   0   4   4   9   4   0   4   6  22   0   0   6  0.15 0.17
   36 K     0  -1   1   0  -3   1   0   0  -1   0  -1   0  -1   1   1   0   0  -2   1   0    7   0   7   7   0   7   7   7   0   7   7   7   0   7   7   7   7   0   7   7  0.05 0.08
   37 M     0  -2   1   1  -3   0   0   2  -2   1  -1  -1   2  -2  -3  -1   2  -4  -1   0    8   2   7   7   0   5   8  17   0   9   2   2   7   2   0   3  14   0   1   7  0.14 0.19
   38 Y     0  -3  -2  -1  -3  -3  -3   0  -2   1   0  -1   0   1  -2  -2   1  -2   5   3    6   0   2   4   0   0   1   7   0   5   6   4   2   4   2   2   8   0  21  25  0.32 0.30
   39 K     0   0   0  -1  -4   0   2  -2   1  -2  -3   4  -1  -1  -2  -1   1  -1   2  -1    8   2   5   3   0   3  12   2   4   2   1  28   2   3   1   3   8   1   9   3  0.29 0.28
   40 E    -1  -1   0   0  -3   1   3  -2  -2  -1  -3   0  -2  -4  -1   0   3   0  -2   1    4   2   5   5   0   4  20   3   1   4   1   6   0   0   2   6  23   2   1  11  0.26 0.26
   41 L    -2  -2  -2  -2  -3  -3  -4  -2  -3   3   2  -2   1   1  -4  -2  -1  -2   4   1    2   2   2   3   0   0   0   3   0  21  21   2   3   6   0   2   4   0  18  10  0.39 0.29
   42 T     1  -1   0  -1  -3  -1  -1  -3  -1  -1  -2   1  -1  -1  -1   2   4  -4   1   0    9   3   3   2   0   2   4   0   1   2   4   8   1   2   2  18  27   0   7   6  0.28 0.29
   43 S     0   0   0   2  -3   0   2  -1  -2  -1  -2   0  -1  -1  -2   1   1  -3   0  -1    6   5   3  12   0   3  17   5   0   3   3   7   1   2   1  13  11   0   4   4  0.16 0.17
   44 E     0  -2   0   0  -1  -1   0   0  -2   1   1   0   0   0  -1  -1  -1  -3   0   1    8   1   4   6   1   2   8   7   0  11  21   6   1   3   2   1   2   0   4  12  0.05 0.11
   45 D     0   0   0   4  -4   0   2  -1  -3  -1  -2   1  -2  -4  -3   1   1  -5  -4  -2    6   5   4  30   0   2  16   5   0   4   3   7   1   0   0   9   8   0   0   2  0.42 0.31
   46 D    -2  -2   0   4  -4   2   2  -4  -3   0  -1   0  -3  -1  -2  -1  -1   1  -1   0    3   0   3  28   0   9  17   0   0   5   7   6   0   2   2   2   4   2   2   9  0.37 0.31
   47 I     1  -2   0   1  -2  -1  -1  -1  -2   2   0  -1   0  -2  -3  -1   0  -3   0   2   16   1   6   9   0   2   4   3   0  17   8   5   1   0   0   1   4   0   3  18  0.13 0.18
   48 P     0  -1   1   1  -3   1   1  -2  -2  -1  -2   1  -1  -2   4   0   1  -4  -3   0    8   2   6   7   0   6  10   2   0   3   1  10   1   2  20   5  10   0   0   6  0.29 0.21
   49 I     1  -2   0   2  -3   0   2  -1  -2  -2  -1   0  -1   0  -1   1   2   1  -2  -1   12   0   2  14   0   3  14   3   0   1   4   6   2   4   1  10  15   3   0   4  0.18 0.19
   50 S     1  -1   0   2  -3   1   1   0  -2  -1  -1   1  -1  -3  -2   0   0  -3  -1  -1   15   0   5  14   0   5  10   8   0   2   8  12   1   0   0   6   6   0   2   5  0.13 0.15
   51 L    -1  -3  -3  -1  -3  -1  -3  -2  -2   0   2  -1   0   2  -2  -2   0   4   3   1    5   0   0   4   0   3   0   3   0   5  23   6   2  11   2   0   5   6  14   9  0.25 0.22
   52 S     0  -2   0   0  -3   0  -1   1  -3   0  -2   0  -2  -3  -3   2   3   1  -3  -1    4   0   3   5   0   5   2  13   0   6   4   6   0   0   0  21  27   2   0   3  0.31 0.29
   53 A     2  -2   0   1  -3   0   1   0  -2  -1  -2   1  -2  -3  -1   0   1  -4  -3   1   26   0   4   7   0   3  11   6   0   3   3  10   0   0   2   4  10   0   0  11  0.18 0.20
   54 D     1   0   0   2  -3   1   2  -1  -2  -1  -1   0  -2  -1  -2   0   0  -3   0  -1   15   3   4  13   0   7  15   4   0   4   6   5   0   3   0   6   5   0   4   5  0.12 0.13
   55 N    -1  -2   5   1  -3  -2   0   0  -2  -1  -1   0   0   0  -3   1   0  -3   1  -1    5   0  31   9   0   0   4   5   0   4   5   6   4   4   0   9   4   0   5   4  0.29 0.25
   56 K     0  -1  -1  -3   0   2   0  -3   1   0   0   3   2  -1  -3  -1  -1   1   2   0    6   2   3   0   2   9   6   1   4   7   7  19   7   3   0   3   4   2   8   6  0.17 0.20
   57 K     2   0   0   0  -3   1   1  -1  -2  -2  -1   0   0  -3   1   0   1  -3  -1  -1   19   5   4   6   0   8   8   3   0   0   4   6   3   0   7   6   8   0   2   5  0.12 0.15
   58 Y    -1   0   0   0  -3   1   0  -2   0   0  -1  -2   0   2  -1   0  -1   1   4  -1    6   7   5   4   0   6   5   3   2   5   7   0   2   8   3   8   2   2  21   3  0.18 0.21
   59 I    -1  -4  -4  -1   1  -3  -2  -2  -4   4   1  -3   1   1   0  -1  -1  -4  -3   3    4   0   0   3   4   0   3   3   0  30  11   0   3   5   5   3   4   0   0  21  0.37 0.29
   60 K    -2   2   1   0  -5   1   2  -1  -3  -4  -3   5  -3  -1  -1  -1   0  -5  -4  -3    2   9   6   5   0   5  13   4   0   0   1  37   0   3   3   4   7   0   0   1  0.51 0.37
   61 Y     0   1  -1   2  -3   0   0  -3  -1  -2   2   0   2   2  -3  -1  -1   0   0  -1    8   9   2  14   0   4   5   1   1   0  21   5   7  10   0   3   4   1   3   3  0.14 0.18
   62 G     4  -4  -2  -4   4  -1  -1  -1  -4   0  -2  -2  -3  -4  -4   0   2  -5  -4   1   45   0   2   0   8   2   4   3   0   5   2   2   0   0   0   4  12   0   0  11  0.58 0.42
   63 F    -2  -5  -3  -3  -5  -5  -5   0  -4  -2   2  -1   2   7  -5  -4  -3  -3   1  -3    3   0   2   2   0   0   0   7   0   1  23   5   6  46   0   0   2   0   3   0  1.01 0.54
   64 V    -1   0   0   0  -3   0   1  -3  -1   0   1   1   1  -1  -2   0   1  -3  -1   0    4   4   3   4   0   3  12   0   2   6  14  10   4   2   0   9  13   0   2   8  0.09 0.12
   65 G     0  -2  -2   0  -4  -1  -3   6  -4  -4  -4  -2  -4   0  -4  -2  -2  -4  -1  -2    6   2   2   5   0   2   2  62   0   0   1   2   0   4   0   2   2   0   2   3  1.03 0.50
   66 A     2  -3   0  -2  -3  -1   0   3  -2  -2  -2  -1  -3  -2  -1   0   1  -3   2  -2   21   1   4   1   0   2   7  27   0   2   3   2   0   1   3   6   9   0   8   1  0.32 0.24
   67 T     1  -1  -1   0  -2   0   0  -1  -2   0   1  -1  -1   0   0   0   0  -2  -1   0   18   3   3   5   0   4   4   4   1   6  18   3   1   4   3   8   7   0   1   5  0.05 0.07
   68 D     0   0   2   0  -2   0   1  -1   0  -1  -1   1  -1  -1   0   1   1  -2  -1  -1    8   5  12   4   1   4   8   3   1   3   8   9   1   2   5  11   9   0   2   4  0.08 0.07
   69 N     0   0   0   0  -2   0   0   1  -1  -1  -1   1  -1  -1   0   0   1  -2  -1  -1    9   3   5   5   1   2   6  15   1   3   4  13   2   3   5   5  10   0   2   6  0.08 0.06
   70 E     0  -1   0   0  -1   0   1   0   0   0  -1  -1  -1  -1   1   0   1  -2  -1   1    9   2   4   4   1   2  11   7   2   6   6   3   1   2   6   8  11   1   1  12  0.05 0.04
   71 K     1   0   0  -1  -1  -1   0   0  -1   0   0   0   0   0   0   0   1  -1   0   0   16   3   4   4   1   2   4   6   1   4  13   8   1   3   4   4  10   1   5   8  0.03 0.04
   72 V     2  -1   0  -1  -1  -1  -1   1  -1   0  -1  -1  -1  -1   0   1   1  -2  -1   1   18   2   3   3   1   3   3  12   1   5   6   3   1   3   3  13   7   1   2  11  0.08 0.07
   73 L     0  -1  -1   0  -1   0  -1   0  -1   1   0   0   0   1  -1   0   1  -1   1   1    9   2   3   5   1   4   3   7   1  10   8   5   2   6   2   4  10   1   7  12  0.02 0.04
   74 R     0   1   1   0  -2   0   1   0  -1  -1  -1   1  -1  -2   1   1   1  -2  -1  -1    7   6   8   4   1   4   8   5   1   4   7  13   1   1   6   9   8   0   2   5  0.08 0.05
   75 P     0  -3  -2  -3  -3  -3  -3  -1  -3   0   1  -2  -2  -3   6  -2   0  -4  -2   0    7   1   1   1   0   1   1   4   0   5  14   3   0   1  42   3   6   0   1   8  0.79 0.38
   76 S     0   0   1  -1  -3   0  -1   0  -1  -1  -1   1  -1   0  -1   2   1  -2   2  -1    9   3   9   3   0   5   2   5   1   3   8   8   1   3   2  20   8   0   9   3  0.12 0.15
   77 K     0   0   0  -3  -2   1   1   1  -2  -2  -3   5  -3  -4  -3  -1   0  -4  -3  -2    7   4   3   0   1   5   9  11   1   2   2  41   0   0   0   3   6   0   1   3  0.48 0.35
   78 V     0  -4  -4  -4  -3  -1  -4   2  -4   1   1  -4  -2  -3  -4  -2  -1  -4  -3   5    6   0   0   0   0   3   1  18   0   6  12   0   0   0   0   3   3   0   0  46  0.62 0.39
   79 I    -1  -2  -3  -3  -2  -1  -2   0  -1   3   1  -3   0  -1  -2  -2   2  -3   1   2    5   1   0   0   1   2   2   6   1  24  13   0   1   2   1   2  15   0   6  15  0.28 0.23
   80 I     1  -3   0  -1   1  -3  -2  -2  -2   2   0  -2  -1  -2  -1  -1   1  -4  -3   4   10   1   4   4   4   0   1   3   1   9   8   2   0   1   3   3   7   0   0  39  0.34 0.27
   81 S     0  -1  -1  -1   0  -1   0   0  -2   1   0  -1   0   0  -2   0   1  -2   3   1    6   3   3   2   2   2   6   7   0   9   7   1   1   4   1   8   9   0  13  15  0.08 0.13
   82 T     0   2   0  -2   1  -1   0   0  -2  -1  -1   1  -2  -2   0   0   2  -3  -3   1    5  15   4   1   3   0   6   9   0   3   5   8   0   2   4   7  16   0   0  12  0.13 0.16
   83 F     0  -2  -2  -1  -1  -1  -1   1  -2   2   1  -1   1  -1  -1  -1   1  -3   0   1    9   0   1   2   1   3   4  11   0  16  12   2   5   1   3   4   8   0   3  11  0.09 0.12
   84 T     1  -1   1   0  -3   0   0   2  -1  -1  -2   0  -1  -3   0   0   1  -4  -3   0   15   1   5   6   0   4   7  19   1   3   2   7   2   0   4   6  12   0   0   6  0.18 0.16
   85 E     1  -3   1   1  -4  -2   2  -1  -2  -2  -3  -1  -4  -5  -3   1   5  -5  -4  -2   14   1   6   9   0   1  14   3   1   2   2   2   0   0   1   7  36   0   0   1  0.55 0.43
   86 D     0  -3   3   3  -4  -1   2   1  -3  -3  -4  -1  -2  -3  -1   1   1  -5  -3  -1    9   0  14  17   0   1  13  12   0   1   0   2   1   1   2  12   9   0   1   4  0.36 0.29
   87 G     2  -2   1   1  -4   0   3   1  -1  -3  -4   0  -3  -3  -2   0   2  -2  -2  -2   17   2   6   9   0   2  18  13   1   1   1   4   0   1   1   5  12   1   1   3  0.28 0.25
   88 K     0  -3   2   4  -4  -1   1  -2  -1  -2  -3   0  -4  -5  -3   1   2  -5  -2  -2    9   1   8  27   0   2  10   3   1   2   2   6   0   0   1   9  16   0   2   2  0.45 0.34
   89 V    -1  -5  -5  -3  -2  -4  -5  -5   2   3   1  -5   0   1  -3  -2  -1   1   7   1    5   0   0   2   1   0   0   0   4  16  11   0   2   5   1   3   4   2  35  10  0.81 0.47
   90 E     2  -3   0   1  -4   1   1  -2  -3  -2  -3  -2  -1  -2  -1   2   3  -5  -4  -1   16   0   4   7   0   7  11   2   0   3   1   2   1   1   3  19  19   0   0   4  0.35 0.32
   91 D     2  -1   2   4  -5  -1   1  -1  -3  -5  -5   1  -2  -5  -2   0   1  -6  -5  -3   18   2  10  26   0   2   9   3   0   0   0   9   1   0   2   6   9   0   0   1  0.52 0.37
   92 I     3  -4  -3  -5  -1  -3  -3   1  -1   0   0  -2   1   4  -4  -1  -1  -1   2   0   28   0   1   0   1   1   1   9   1   4   7   2   4  19   0   4   3   1   7   6  0.40 0.32
   93 L    -2  -2  -3  -6  -1  -2  -2  -6  -5  -1   5  -3   3   3  -6  -3  -2  -4  -2  -2    4   2   2   0   1   2   2   0   0   2  58   2   6  14   0   2   2   0   1   2  0.90 0.53
   94 E     1  -1   2   3  -1   0   2  -1  -3  -2  -4   2  -2  -5  -1   1   1  -5  -3  -3   11   2  11  16   1   3  14   3   0   2   1  13   1   0   2   9   8   0   1   1  0.33 0.28
   95 E     3   0  -2  -1  -1   0   1  -2  -1   1   0   1  -1   0  -3  -1  -1  -1  -1   0   28   4   2   2   1   3   9   2   1   8   9  10   1   4   0   2   3   1   2   6  0.16 0.20
   96 L     0  -5  -5  -6   1  -5  -5  -5  -5   3   4  -5   2   3  -5  -2  -4   0  -3   0    9   0   0   0   2   0   0   0   0  19  42   0   5  12   0   3   0   1   0   5  0.78 0.43
   97 E     0  -1   0   1  -5   0   5  -1  -1  -3  -3   2  -1  -6  -1  -1  -2  -6  -5  -5    7   2   5   6   0   2  45   5   2   1   3  12   2   0   2   5   2   0   0   0  0.71 0.48
   98 S     1   0   2  -1  -1  -1   0   1  -1  -2  -2   2  -1  -4   0   1   2  -4  -2  -2    9   3  13   1   1   2   5   9   1   2   3  12   1   0   4  12  16   0   1   2  0.21 0.23
   99 V    -1   1  -2  -1  -1   2   2  -3   0   0   0   0  -1  -1  -4  -2   0   0   4   1    5   7   1   3   2   9  16   1   1   5   9   6   1   2   0   1   5   1  15  10  0.19 0.22
  100 E    -1   1   1   3  -1   0   2  -2  -1  -1  -3   3  -3  -2   0   0  -1  -4   0  -1    3   8   6  15   1   4  11   2   1   4   2  20   0   2   3   5   4   0   4   4  0.24 0.23
  101 F    -2  -2  -2  -6  -5  -5  -5  -3  -4   0  -2  -1   0   6   0  -2  -1   6   3   0    4   3   3   0   0   0   0   2   0   5   3   4   2  40   5   3   4  10   8   6  0.90 0.52
  102 N    -2  -1   6   4  -6   0  -2   0   2  -6  -4  -1  -5  -2  -5  -1  -1  -6   0  -6    3   3  43  20   0   4   2   6   4   0   1   2   0   2   0   3   4   0   3   0  0.98 0.59
  103 Y     0  -3  -2  -5   0  -4  -5  -1  -1   1  -2  -4  -1  -1  -5  -1   2   7   5   2    7   1   2   0   2   0   0   6   1   7   2   0   1   1   0   4  13  14  22  16  0.70 0.47
  104 L    -2  -6  -5  -7  -1  -5  -6  -6  -6   4   4  -6   3   2  -3  -4  -3   0  -1   2    4   0   0   0   2   0   0   0   0  21  37   0   8   9   1   1   1   1   1  13  0.85 0.48
  105 C     3  -5  -2  -5   5  -5  -5   2  -3   0  -2  -5  -3  -3  -5  -1   1  -2  -3   3   27   0   1   0  14   0   0  13   1   6   4   0   0   1   0   3  10   1   1  19  0.64 0.44
  106 M     0  -4  -3  -3   4  -4  -4  -4   0   2   2  -4   1   2  -1  -2   1  -3   3   2    9   0   1   1   9   0   0   1   2  11  17   0   3   8   3   1   9   0  10  15  0.38 0.30
  107 P     1  -5  -2   4  -1  -5  -3  -1  -5  -2  -2  -5  -2  -3   6  -3  -1  -6  -2  -3   14   0   1  23   1   0   0   5   0   2   5   0   1   1  37   1   4   0   1   1  1.00 0.60
  108 E     0  -3   0   1  -3  -2   0   3  -2  -3  -4  -2  -4   0  -4   2   3  -1   0  -1    7   1   4   8   0   1   7  23   1   1   1   1   0   4   0  16  17   1   3   4  0.36 0.32
  109 A     2  -3  -1   1   0   0   1   0  -3   1  -1  -2  -2  -3  -2   0   2  -5  -2   0   18   0   2   9   2   5  11   7   0   8   6   2   1   1   2   4  17   0   1   5  0.19 0.23
  110 I    -1  -3   0   5  -5  -1   1  -2  -2  -1  -2  -3  -2  -4  -4   1   2  -6  -3  -1    4   1   4  38   0   2  10   2   1   3   3   1   1   1   1  10  12   0   1   5  0.64 0.44
  111 E     1  -3   0   2  -4   0   3  -3  -2  -3  -4   1  -2  -4   1   1   3  -2  -3  -2   12   0   4  10   0   4  19   1   1   1   1   7   1   0   6  12  17   1   1   2  0.38 0.34
  112 A     3  -4  -1   2  -4  -1   1   0  -4  -3  -4  -1  -3  -4  -2   2   2  -5  -5  -2   24   0   2  10   0   3  11   8   0   1   1   3   0   1   2  17  15   0   0   2  0.44 0.38
  113 E    -3  -3  -2   4  -2  -2   1  -4  -1   3   1  -2  -2  -3  -3  -3  -1  -1  -2   2    1   1   1  24   1   2  10   1   1  20  11   2   1   0   1   1   4   1   1  15  0.45 0.36
  114 K     0  -1   1  -1  -5   4  -2  -2   5  -1  -2   3  -4  -3  -3  -2  -1  -5   0  -1    7   2   6   3   0  19   1   3  16   4   4  22   0   1   1   2   3   0   3   4  0.56 0.43
  115 T     3  -2   0   1  -4   2   0  -2  -4  -3  -1   0  -2  -5  -2   0   3  -5  -3  -2   26   2   5   7   0  11   7   3   0   1   5   6   1   0   1   5  18   0   1   2  0.35 0.34
  116 K     2  -2  -2   0  -4  -2   1  -2  -2  -1   2   1   2  -4  -2   0   1  -1  -4  -1   21   1   1   5   0   1   9   2   1   2  21  10   5   0   1   7   8   1   0   4  0.22 0.26
  117 I     0  -5  -6  -6   0  -5  -5  -5  -5   3   3  -5   2   1  -5  -3  -1  -2   2   3   10   0   0   0   2   0   0   1   0  17  28   0   4   7   0   1   4   0   6  21  0.66 0.42
  118 V     2  -2  -1  -3  -1   1   0  -2  -1   0  -1   2  -1  -3  -4   0   1  -5  -1   3   19   1   2   1   1   7   5   2   1   5   4  14   1   1   0   4   9   0   2  20  0.24 0.27
  119 T     3  -3   0   0  -4   0   1  -3  -4  -4  -3  -1  -3  -5  -2   3   3  -6  -5  -2   26   1   4   6   0   4   9   1   0   1   2   2   1   0   1  19  20   0   0   2  0.54 0.43
  120 W    -3  -6  -7  -7  -7  -3  -3  -4   2  -5  -3  -1  -3   6  -4  -5  -5  10   5  -5    2   0   0   0   0   1   2   2   5   0   2   4   1  28   1   1   1  34  16   1  2.00 0.89
  121 I     0  -4  -3  -6   1  -3  -4  -4  -1   5   0  -5   1  -2  -5  -4   1  -5  -4   4    6   1   1   0   3   1   1   1   2  33   9   0   2   1   0   0  10   0   0  28  0.81 0.47
  122 K    -1   1   1   0  -6   1   1  -3  -4  -2  -4   6  -1  -6  -5  -2  -1  -6  -3  -3    4   6   8   5   0   5   8   1   0   3   1  50   2   0   0   2   3   0   1   2  0.90 0.55
  123 K     0   5   0   1  -5   1   1  -1   0  -5  -5   1  -3  -5  -4   0   1  -5   0  -5    8  31   4   8   0   6  10   4   2   0   0   9   1   0   0   8   7   0   3   0  0.56 0.40
  124 I    -1   0  -1  -4   0   3   0  -5  -2   1   2  -1   5  -2  -4  -2  -2   1  -3   0    4   6   3   0   2  17   5   0   1   8  18   4  16   2   0   2   1   2   0   7  0.41 0.33
  125 R    -3   7   0  -5  -6  -2  -1  -5  -2  -3  -3   1  -5  -1  -5   0  -3  -5   1  -2    2  57   5   0   0   2   4   0   1   2   2   7   0   3   0   7   1   0   4   3  1.23 0.66
  126 E     1  -3   1   3  -5   0   3   0  -3  -4  -2   1  -3  -4  -3   0   1  -1  -2  -4   13   1   6  16   0   3  24   7   0   1   4   7   1   1   1   7   7   1   2   1  0.39 0.32
  127 E     1  -2   4   2  -5   0   3  -4  -2  -3  -3   1  -4  -3  -4   0   0  -6  -3  -2   11   1  21  11   0   3  21   0   1   2   3  10   0   1   0   6   6   0   1   3  0.51 0.39
  128 E     0  -1   1   0  -2   0   1   2  -1  -2  -1   1   1  -3  -2   0  -1  -3  -1   0    7   2   6   5   1   4  11  20   1   1   5  12   5   0   1   5   3   0   3   6  0.17 0.17
  129 S    -2   0   2   0  -1  -1  -2   5   2  -5  -4   2  -3   0  -5  -2  -3  -6  -3  -4    2   6   8   4   1   3   2  43   4   1   2  14   1   4   0   2   1   0   1   1  0.73 0.46
  130 T     0   3   0  -2  -5  -1  -2  -2   0   1  -1   4  -1  -1  -2  -2   0   1   1  -1    7  14   4   1   0   2   2   2   2   8   5  29   1   2   2   2   6   2   5   5  0.32 0.29
  131 E    -2   2  -1  -1  -2  -1  -1  -2   0   0  -1   3   1   1  -1  -1   1  -4   2  -1    2  10   3   3   1   2   3   3   3   4   6  24   4   6   4   3   9   0   7   5  0.21 0.23
  132 A    -1  -1  -3  -4   1  -3  -3  -1  -2   2  -1  -1   3   4  -3  -1  -1  -2   2   3    3   4   1   1   3   1   1   4   1  14   5   4   7  17   1   4   3   0   7  19  0.33 0.26
  133 K     1   0  -3  -4  -1   4  -1   0  -2  -1  -3   3  -1   2  -5  -2  -1  -1  -2  -1   14   4   1   0   1  23   2   6   1   3   2  21   1   9   0   2   3   1   1   4  0.46 0.39
  134 A     3  -3  -5  -3   3  -4  -5   0  -5   1   1  -4  -1   1  -5  -2   0  -5   0   2   30   1   0   2   7   0   0   9   0   7  13   0   1   6   0   2   7   0   3  14  0.43 0.35
  135 V    -2  -6  -3  -4  -2  -2  -6  -4  -6   3  -2  -6  -1  -1  -6  -3  -3  -6  -2   7    3   0   1   1   1   2   0   1   0  12   3   0   1   3   0   2   1   0   1  67  1.46 0.72
  136 L     0  -3  -2  -4   0  -3  -2   1  -4   2   2  -2   1   1  -4  -2   1  -4   0   2    8   1   2   0   2   0   3  10   0  10  25   1   3   6   0   3   8   0   3  15  0.24 0.22
  137 A     1  -3   0  -1  -2  -2   0   2   1  -2  -2  -1  -3  -1   3   0  -1   0   3  -2   12   0   5   3   1   1   7  16   4   2   4   4   0   2  15   7   3   1  11   3  0.27 0.24
  138 N     0  -2   5   2  -5   0  -1   2   0  -3  -4   0  -4  -5  -2   0  -1  -5  -1  -2    7   1  27  11   0   3   3  18   2   2   1   6   0   0   2   8   3   0   3   3  0.47 0.35
  139 I     0  -2   1   0   0  -2  -1  -2   1  -1  -2   1  -1   0   0   0   3  -3   3  -1    9   1   6   5   2   1   3   2   4   3   3   9   1   4   4   6  19   0  12   5  0.19 0.22
  140 K     2  -1   1   1  -1  -1   0   0  -1  -3  -2   1  -3  -2   1   1   1  -4  -1   0   19   3   8   6   1   2   6   8   2   0   2   8   0   2   6   8   8   0   2   9  0.14 0.16
  141 A     4  -3  -2  -2   0  -1  -1  -1  -1  -2  -1  -1  -1  -2   1   1   0   0  -1  -2   40   0   2   2   2   2   4   4   2   2   6   3   2   2   7  11   6   1   2   2  0.37 0.32
  142 D     0  -3   3   5  -4  -2   1   0  -3  -5  -5   0  -4  -5   1   1  -3  -5  -4  -4    6   0  14  39   0   0   7   6   0   0   1   7   0   0   6  10   0   0   0   1  0.77 0.36
  143 N    -1  -2   3   1   2   0  -1   0   4  -1  -2  -1  -2   0  -1   0   0  -3   2  -1    3   0  14  10   5   3   3   6  11   3   3   3   0   3   3   6   6   0  10   6  0.19 0.16
  144 E     0   0  -1   1  -5   0   5  -3  -1  -3  -4   2   0  -2   0   0  -1  -4   0  -3    7   4   2   5   0   2  40   1   1   1   0  10   2   2   5   6   4   0   4   1  0.52 0.36
  145 A     2  -1  -1  -2   0   0   0   3   2  -3  -2   0  -3  -1  -1   0   0   1   1  -3   22   3   2   0   2   3   5  27   5   0   3   5   0   3   2   5   5   2   5   0  0.27 0.23
  146 I     0  -1  -1  -3   1  -3  -3  -1  -3   3   0  -3   1   1  -3  -1   0   2   1   2    6   4   4   0   3   0   0   5   0  29   4   0   4   8   0   4   5   3   4  16  0.22 0.20
  147 I     0   1   1  -2  -2  -1  -1   0   2   0   0   0  -1   1  -2   0   0  -2   1   0    8   8   7   0   0   0   0   8   7   8   8   8   0   7   0   8   8   0   7   8  0.05 0.09
  148 N    -1   0   5   1   0   0  -1  -1   0  -2  -2  -1   0   0  -3   0  -1  -3   1   0    5   4  33   8   2   3   3   3   2   2   3   2   2   5   0   6   3   0   6   6  0.33 0.28
  149 F     0  -2   0  -3   2  -2  -2   0   2   0   0  -2   1   1   1   0   0   4   1   0    7   0   7   0   6   0   0   7   6   7   7   0   6   6   7   7   7   6   6   7  0.13 0.16
  150 T    -1   0   0   0   2   0   0  -1   2   0  -1   0   2   1   0  -1   0   3   1  -1    5   5   5   5   5   5   5   5   5   5   5   5   5   5   5   5   5   5   5   5  0.08 0.08
  151 E     0  -1   1   1  -2   1   0   0   2   0   0   0   1  -2   1   0   0  -3  -2   0    7   0   7   7   0   7   7   7   6   7   7   7   6   0   7   7   7   0   0   7  0.07 0.10
  152 N     0  -1   0   1  -4   0   1   2   1  -4  -2   0  -3  -1   0   0   1   2   0  -2    7   3   5   7   0   3   8  19   3   0   3   7   0   3   5   7  10   3   3   4  0.16 0.18
  153 V     0  -1   0  -3   1   0  -1  -1   0   1   0   0   0   0   0   0   0   2   1   1   10   3   5   0   3   3   3   5   3   7   6   6   3   4   3   5   5   3   6  16  0.05 0.09
  154 V    -2  -1  -1  -2  -3  -1   0  -4  -1   3   0   2   1  -2  -2  -1   1  -4   0   3    2   3   2   2   0   2   6   0   1  15   6  14   3   1   2   3  10   0   4  24  0.25 0.25
  155 V    -1  -1   0   1  -3  -1   0  -2  -2   1   1   0   1   0  -3   0   2   0   0   1    5   2   4  11   0   1   4   3   0   7  14   6   3   5   0   6  14   1   4   9  0.08 0.13
  156 D     1  -2   2   4  -4  -2   1   1  -3  -2  -3   0  -3   0  -2   0   0  -4  -1  -1   11   1  12  26   0   1   8   9   0   2   1   4   0   5   2   6   5   0   2   4  0.33 0.27
  157 G    -1  -2   0   2  -5  -2   1   5  -1  -5  -4   0  -5  -2  -4   0  -2   0  -3  -4    4   2   3  13   0   1   8  46   2   0   2   5   0   2   0   7   3   1   1   1  0.74 0.44
  158 E     0  -1   1   1  -3  -1   2   0  -1  -1  -1   1  -2  -2  -2   0   2   0  -2   1    7   2   8   9   0   1  15   7   1   3   4   8   1   2   1   4  14   1   1  10  0.14 0.17
  159 E    -1  -2   0   1   0   0   3  -1  -1  -2  -2   1  -1  -4   0   0   2  -1  -2   0    4   1   5   7   2   4  19   4   1   2   2  11   2   0   4   4  17   1   1   9  0.23 0.24
  160 I    -2  -2  -4  -3   0  -1  -1  -3  -3   2   2  -2   0   0  -1  -2  -1  -3   5   2    2   2   0   2   2   3   5   2   0  12  21   2   2   3   3   2   4   0  20  14  0.39 0.30
  161 T    -1  -2   0   2  -4  -1   0  -2  -1  -3  -2   0  -4  -4   1   3   4  -5  -2  -3    4   1   5  11   0   2   7   2   1   1   3   6   0   0   6  20  27   0   2   1  0.44 0.36
  162 A     2  -2  -1  -1  -4  -1  -1   3  -3  -2  -3  -1  -1  -2   2   2   1  -4  -4  -2   22   2   3   2   0   2   3  20   0   2   1   4   1   2  11  13   7   0   0   3  0.35 0.28
  163 E     2  -1  -1   0  -1   0   1   0   0  -1   0   0  -1  -2   0   0   0   1   1  -1   23   2   3   5   1   3   9   6   2   4  10   7   1   0   4   4   4   2   6   4  0.09 0.14
  164 K    -1  -1   0   1  -4   3   3  -2  -2  -1  -2   1   0  -1  -1  -1  -1  -4   0   0    4   3   4   8   0  13  21   3   0   4   4  10   3   3   2   2   4   0   3   8  0.24 0.23
  165 Y     3  -4  -2  -3   0  -3  -4  -3  -3  -2  -1  -4   1   3  -5  -2   0   0   6   0   22   0   2   1   2   1   0   2   0   1   7   0   4  13   0   2   7   1  28   7  0.71 0.45
  166 T     4  -4  -4  -4   4  -4  -4  -4  -4   1   0  -4  -3  -4  -2  -1   3  -4  -4   2   33   0   0   0  10   0   1   1   0   7   8   1   0   0   2   4  17   0   0  15  0.62 0.41
  167 T     4  -4  -2  -4   1  -4  -4   0  -4  -1  -2  -4  -3  -4   3   0   0   2   2  -1   37   0   1   0   3   0   1   6   0   3   3   0   0   0  17   8   5   3   6   5  0.59 0.41
  168 R    -1   4  -3  -2  -3  -1  -4  -3  -2  -5  -3  -3  -2   1  -4  -1  -1   9   4  -3    6  22   1   3   1   2   1   2   0   0   3   1   1   6   0   6   5  26  15   2  1.07 0.54
  169 V     0  -3  -5  -5  -3  -2  -5  -5  -1   4   1  -4   0  -1  -5  -4  -1   1  -2   5    8   1   0   0   0   1   0   0   1  25  14   0   2   2   0   0   3   2   1  39  0.73 0.38
  170 A     6  -4  -4  -5   1  -2  -4   0  -5  -3  -1  -4   0  -5  -4  -1   0  -5  -1  -2   67   0   0   0   3   2   0   7   0   1   7   0   2   0   0   3   4   0   2   2  0.98 0.53
  171 S     2  -5  -4  -5   1  -5  -5   7  -5  -6  -6  -5  -5  -6  -5   0  -4  -6  -6  -4   18   0   0   0   3   0   0  72   0   0   0   0   0   0   0   6   0   0   0   1  1.65 0.66
  172 L     2   0  -3  -3   1  -1  -2  -3  -3   2   2  -1   3  -1  -4  -2  -1  -4   0   1   25   4   1   1   3   2   3   0   0  13  20   3  10   2   0   1   2   0   3  10  0.28 0.23
  173 I     0  -3  -3  -2   2  -1   1  -3  -2   3   2  -3   0   0  -3   0   0  -2  -1   1    8   1   0   2   5   2  10   1   1  22  19   0   2   5   0   7   7   0   2   7  0.20 0.18
  174 A     6  -5  -4  -5   1  -4  -3  -2  -5  -1  -3  -4  -4  -5  -1   1  -2  -6  -1  -2   71   0   0   0   3   0   1   2   0   4   1   0   0   0   3  10   2   0   2   1  1.14 0.58
  175 S     2  -2  -1  -4  -1  -2  -4   5  -4  -2  -5  -1  -2  -5  -4   3   0  -5  -2  -3   14   1   1   0   1   1   0  42   0   2   0   4   1   0   0  24   4   0   1   1  0.77 0.42
  176 T     2  -2  -1  -2   5  -1  -3  -2  -3   0   1  -1   0  -2  -3   0   2  -4  -2   0   18   2   2   3  17   3   0   3   0   6  14   4   1   1   0   4  17   0   1   5  0.31 0.24
  177 P     1  -2   2   1  -4  -1   0   1  -3  -3  -4  -1  -4  -5   5   1  -1  -5  -4  -2   10   1   9   9   0   3   6  12   0   1   1   3   0   0  29   9   3   0   0   4  0.55 0.30
  178 N     0  -3  -2  -4   0  -1  -2  -2  -1   2   2  -3   1   0   0   0   0  -1   1   2    6   0   1   0   2   4   2   2   1  10  24   0   3   4   6   7   4   1   5  18  0.19 0.18
  179 T    -2  -1   5   0  -4   1  -1  -1   1  -4  -3  -1   0  -5  -4   2   3  -5  -2  -2    2   2  32   5   0   5   3   5   3   0   3   2   2   0   0  14  18   0   1   2  0.57 0.39
  180 Q    -1   3  -1  -1  -2   3   2  -2  -1  -1  -2   2   1  -1  -3   0   0  -4   0  -1    4  17   2   2   1  16  13   3   1   3   2  12   4   3   0   5   7   0   3   3  0.28 0.24
  181 S    -1  -5  -1  -1  -5  -2  -4   1  -5  -6  -6  -4  -5  -6  -1   6   1  -6  -5  -3    3   0   3   3   0   2   0   8   0   0   0   0   0   0   3  69   8   0   0   2  1.30 0.71
  182 I     1  -4   1  -4   4  -3  -4  -3  -4   2   2  -4   3   0   0  -1  -1   1  -3   1   12   0   8   0  10   0   0   1   0  11  24   0   8   3   5   5   4   2   0   8  0.32 0.26
  183 T    -2  -5  -2  -2   0  -3  -3  -3  -5  -2  -4  -4  -2  -5  -5  -2   7  -6  -2  -1    3   0   2   2   2   1   1   2   0   2   1   0   1   0   0   2  77   0   2   3  1.62 0.78
  184 Y    -2  -1   5  -1  -2  -2  -4  -2   4  -5  -3  -4  -1   3  -6  -3  -4  -3   7  -5    4   3  25   3   1   1   0   3   8   0   3   0   1  11   0   1   0   0  36   0  1.12 0.58
  185 A     0   0   1   0   2   1   0   0   2  -2  -1   0   1   1  -3   0   0  -3   1  -1    6   6   6   6   6   6   6   6   6   0   6   6   6   6   0   6   6   0   6   6  0.06 0.12
  186 P     0  -1  -1  -1  -3   1   1  -2   0   1  -1   1   0  -2   2  -1   0  -4  -1   2    6   3   3   4   0   6  11   2   2   9   3  11   3   1   9   3   4   0   2  19  0.15 0.18
  187 L    -2  -4  -1  -3   1  -1  -4  -5  -4   2   2  -4   1   1  -5  -3   0  -3   4   2    2   0   3   2   4   2   0   0   0  13  23   0   3   5   0   2   6   0  18  17  0.54 0.38
  188 D    -1  -2   2   2  -5  -1   0   0  -1  -1  -3  -1  -2  -2   5   1   1  -6  -5  -3    3   2  10  14   0   2   5   7   1   4   2   3   1   2  26   9  10   0   0   1  0.50 0.38
  189 E    -1  -2   2   2  -5  -3   2   3  -3  -1  -2  -2  -1   2  -2  -2  -3   1  -1  -1    5   1  10  13   0   0  16  21   0   4   4   2   2  10   2   1   0   2   2   5  0.32 0.30
  190 V     0   0   0   0   2   0   0  -1  -2   0  -1   0   1   0   0   0   0   3   1   0    5   5   5   5   5   5   5   5   0   5   5   5   5   5   5   5   5   5   5   5  0.05 0.08
  191 E     0   0  -2   0  -3   1   0   0  -2   0   0   0   1   1   1   0   0  -2   1   0    6   6   0   6   0   6   6   6   0   6   6   6   6   6   6   6   6   0   6   6  0.04 0.09
  192 S     0  -1   0   2  -3  -1   0  -1  -3   0   0   0  -1   0   0   1  -1  -4  -1   1    9   2   3  15   0   1   5   4   0   6  11   5   2   3   4  14   2   0   2  12  0.09 0.15
  193 I     0  -4   0  -1   2  -3  -1  -3  -1   2  -1  -1  -2  -1  -2  -1   1   1  -1   4    7   0   6   4   5   0   5   2   1  13   5   4   0   2   1   4   7   2   2  30  0.27 0.28
  194 V    -1   0  -1   1   0   0   1  -1  -1  -1  -2   1  -3  -1   3   0   1  -4  -1   0    2   4   3   7   2   3  12   4   1   3   2  10   0   2  14   8  12   0   2   9  0.19 0.21
  195 K    -1   2   1   1  -1   0   2  -2   1  -2  -2   2  -1  -2   0  -1  -1  -4  -2  -2    3  14   6   9   1   3  17   2   3   3   3  16   2   1   6   3   3   0   1   3  0.27 0.25
  196 I    -2  -2  -4  -3  -3  -3  -2  -4  -1   0   3  -2   2   3  -1  -2  -1   1   4   0    3   2   0   2   0   0   2   0   1   4  30   3   4  12   3   3   4   2  19   6  0.44 0.28
  197 D    -1  -2   2   2  -3  -2   0  -1  -3  -3  -3   0  -3  -4  -2   2   5  -4  -3  -2    2   1   9  11   0   0   5   4   0   1   2   6   0   0   1  12  41   0   1   2  0.58 0.37
  198 K    -2   1   3   2  -4   3   0  -2   2  -2  -3   1  -1  -4   2   0  -1  -4   0  -3    2   6  17  11   0  13   4   2   5   2   2  11   2   0   9   6   3   0   3   1  0.33 0.24
  199 A     2  -1  -1   1  -3   0   2  -1  -2  -2  -2  -1  -2  -4  -1   2   2  -4  -2  -1   18   2   2   7   0   3  18   4   0   3   2   2   1   0   3  18  12   0   1   3  0.26 0.23
  200 S    -1  -3  -1   3  -5   5   5  -3  -3  -3  -4  -1  -2  -5  -4  -2  -2  -5  -5  -3    4   0   2  18   0  26  37   2   0   1   1   2   1   0   0   1   2   0   0   1  0.97 0.52
  201 A    -1  -1  -2  -4  -1   1  -2  -3  -3   3   2  -2   2  -1   0  -1  -1  -3   2   1    5   4   1   0   1   7   2   1   0  19  22   1   7   1   6   3   3   0   8   9  0.25 0.21
  202 D    -3  -1   2   4  -3  -1   4  -2  -2   2  -2   0  -2  -4  -3  -2  -1  -5  -4  -1    1   2   9  23   1   1  29   3   1  12   2   7   1   0   1   2   3   0   0   3  0.52 0.35
  203 A     2  -1   1   2  -3   2   3  -2  -1  -3  -3   1  -3  -4  -3   1   2  -4  -2  -2   16   2   6   9   0  10  17   2   1   0   1   8   0   0   0  10  13   0   1   2  0.33 0.25
  204 K     4  -1  -3  -1  -1  -2   0  -1  -3  -2   1  -1   0  -1  -3  -1  -2  -1  -1  -2   47   4   0   3   1   1   7   4   0   2  14   4   2   2   0   3   1   1   2   1  0.42 0.34
  205 V    -1  -4  -2  -5  -3  -3  -3  -4  -5   5   3  -2  -1  -3  -5  -4   0  -4  -1   3    4   0   2   0   0   1   2   1   0  38  24   3   1   0   0   0   5   0   2  17  0.68 0.38
  206 Q    -1   0   3   2  -4   2   1   0  -2  -3  -2   3  -2  -5  -3   0   0  -2  -4  -3    5   3  14  13   0   8   9   8   0   1   5  21   1   0   0   4   6   1   0   1  0.35 0.27
  207 A     3  -1   4   0  -4   1   0  -1  -1  -4  -2   1  -2  -5  -3   1  -1  -5  -4  -3   31   3  22   3   0   7   6   3   1   0   4   7   1   0   0   9   2   0   0   1  0.46 0.34
  208 G    -2  -2  -4  -5  -6  -5  -6   7  -6  -7  -7  -5  -6  -7  -6  -4  -5  -6  -7  -4    3   3   0   0   0   0   0  91   0   0   0   0   0   0   0   0   0   0   0   2  2.28 0.87
  209 E    -1  -1   0  -2   0   1   3  -2   0  -1  -1   3   1  -3  -3  -1  -1  -1   0   0    4   2   4   1   3   6  19   3   2   3   5  24   4   1   0   4   4   1   3   8  0.24 0.23
  210 L    -1  -3  -3  -3   1  -3  -3  -2  -2   2   2  -3   2   3  -3  -1  -1   2   1   1    6   0   0   0   3   0   0   4   0  11  30   0   5  20   0   3   3   3   3   6  0.27 0.17
  211 I     0  -2  -3  -3   2  -2  -3  -3  -3   2   1  -1   1   1   0  -1   0  -3  -1   3    8   0   0   0   6   0   0   1   0  14  16   3   4   6   4   3   7   0   0  26  0.20 0.15
  212 L    -1  -1  -3  -3  -2  -1  -3  -2  -2   1   2  -2   1   4   0  -2  -1  -1   2   0    5   3   0   0   0   3   0   3   0   7  26   0   3  29   6   1   4   0   5   4  0.31 0.20
  213 R    -2  -2  -1  -1  -4  -2   0  -2   4   2  -2  -1  -1   2  -4   0   2  -1   2   1    1   2   2   3   0   0   8   2  13  13   1   4   1   8   0   6  16   1   7  11  0.29 0.26
  214 R    -1   2   3  -1  -4   0   0  -2   2  -2  -2   1  -1   1   0  -1  -2   2   2  -1    3  12  19   2   0   5   5   2   5   2   4  10   2   6   4   4   1   2   7   4  0.21 0.20
  215 L    -2   1   1   5  -2  -1   0  -2  -2  -3  -3   0  -1  -5  -1   0  -1  -5  -3   1    1   9   7  36   1   2   5   2   1   1   2   7   2   0   2   8   3   0   1  10  0.51 0.34
  216 S    -1   0   2   2  -3  -2  -1   4  -1  -4  -4  -1  -4  -3  -4   0  -1  -2  -2  -4    5   6  10  14   1   1   4  38   2   1   1   3   0   1   0   6   3   1   1   1  0.58 0.37
  217 G    -1   0   2   3  -5  -1   2   4  -3  -5  -6   0  -5  -3  -3   0  -1  -5  -2  -3    3   5  10  15   0   2  12  35   0   0   0   4   0   1   1   7   3   0   1   2  0.60 0.38
  218 K    -1   0   1   1  -1   1   1   0  -3  -2  -3   4   0  -2  -3   0   1  -4  -1  -1    4   4   7   6   1   7   7   9   0   2   1  27   2   2   0   5   8   0   2   4  0.26 0.24
  219 I     0  -5  -2  -6   0  -5  -5  -6  -2   3  -1  -3  -1   1  -2  -4  -3  -4   3   5    8   0   2   0   2   0   0   0   1  13   4   1   1   5   2   0   1   0  12  49  0.91 0.52
  220 R    -4   5  -2  -4  -5   0  -2  -4  -1   1  -3   3  -1  -3  -5  -2  -2   3  -1   2    0  31   2   0   0   4   2   1   1   8   1  20   2   1   0   3   2   4   2  18  0.67 0.44
  221 I    -3  -5  -6  -6  -2  -5  -6  -6  -6   5   1  -3  -1   1  -6  -5  -2  -5  -1   5    2   0   0   0   1   0   0   0   0  39  12   2   1   5   0   0   2   0   2  35  1.09 0.51
  222 A     1  -1  -1   1  -2  -1   3   0  -3  -1   1  -2  -2  -3  -3   0  -2  -4  -3   1   13   3   3   8   1   2  25   7   0   2  15   0   0   0   0   5   1   0   1  14  0.24 0.24
  223 R    -1   5  -1   0  -3   3   0  -4   1  -3  -3   1  -2  -4  -4   0   0  -4   2  -3    4  32   2   5   1  13   4   0   3   1   2   9   1   0   0   8   7   0   8   1  0.51 0.34
  224 G     2  -5  -3   5  -5  -4  -2   5  -5  -2  -6  -4  -5  -6  -1  -2  -2  -6  -6  -5   15   0   0  30   0   0   1  46   0   2   0   0   0   0   3   1   2   0   0   0  1.16 0.55
  225 I    -4  -4  -6  -6  -1  -5  -6  -6  -6   6  -1  -5  -1  -4  -5  -3  -2  -6  -4   5    0   1   0   0   1   0   0   0   0  49   2   0   1   0   0   2   1   0   0  41  1.44 0.60
  226 N    -3  -4   8  -3  -5  -3  -4  -4  -3  -5  -5  -4  -5  -5  -5  -2   4  -6  -5  -5    2   0  67   0   0   0   0   1   0   0   1   0   0   0   0   2  24   0   0   0  1.85 0.74
  227 S    -1  -4  -1  -3  -4  -3  -3  -3  -4  -4  -2  -3  -4  -4  -3   5   5  -5  -4  -3    2   1   3   1   0   0   1   1   0   1   4   1   0   0   1  47  38   0   0   1  1.17 0.57
  228 L    -2  -2  -2  -1  -3  -3  -3  -2   0  -1   4   0   2   3  -4  -2  -3  -3   0  -2    2   2   2   3   0   0   1   3   2   2  51   8   4  11   0   3   1   0   3   1  0.54 0.32
  229 T    -2  -3  -2  -4  -4  -2  -3  -3   0   1  -2   0  -3  -2  -3  -1   5  -5  -4   3    2   1   2   0   0   1   1   1   3   7   2   6   0   1   1   2  47   0   0  23  0.79 0.45
  230 T    -2  -2   0  -1   1  -2  -1  -3  -2  -3  -3  -1  -2  -4  -4   2   6  -5  -2  -2    2   2   4   3   2   1   4   1   1   1   1   3   1   0   0  18  52   0   1   3  0.86 0.48
  231 L    -2  -3  -2  -2  -1  -2  -2  -2  -3   1   1  -2   0   4   1  -2   1  -2   3   0    2   0   2   3   1   2   3   2   0   8  16   2   1  18   9   3  11   0   9   8  0.26 0.24
  232 T     0  -1   0   2  -4  -1  -1   1  -3  -2  -3  -1  -1  -4   0   2   4   0  -4  -1    6   2   5  10   0   3   2  11   0   2   1   2   2   0   4  13  29   1   0   3  0.33 0.34
  233 A     1  -1   0   2  -3   0   3   1  -3  -2  -2   0  -3  -4   0   0   1  -4  -4  -1   15   2   4  12   0   4  19   9   0   1   3   5   0   0   4   7   8   0   0   4  0.23 0.24
  234 E    -1  -1   1   3  -4   0   2   1  -1  -2  -3   0  -3  -4   0   0   1  -4  -1  -2    5   2   6  21   0   2  16   9   1   2   2   6   0   0   4   8   9   0   2   2  0.29 0.25
  235 K    -2  -1   0   0  -2   1   3  -2   0  -2  -3   4  -1  -2  -1  -1   0   0  -2  -2    2   2   4   4   1   6  18   3   2   2   2  33   2   2   3   2   5   1   1   4  0.42 0.35
  236 G    -1   0   2   3  -3  -1  -1   2   1  -1  -3   0  -3  -4   1   1   1  -4  -3  -2    2   4  11  16   0   3   3  14   3   4   2   7   0   0   7  10  10   0   0   2  0.27 0.24
  237 E     0   1   0   1  -4   1   4  -2   1  -3  -4   2  -2  -4  -2   0  -1  -4  -1  -2    9   5   4   8   0   6  27   3   3   2   1  16   1   0   2   6   3   0   2   3  0.38 0.29
  238 I     0  -2  -1   4  -2   0   1   1  -1  -2  -2  -1  -1  -3   0   2  -1  -4  -2  -1    9   1   1  27   1   4   8  10   1   3   3   2   1   1   5  15   3   0   1   3  0.32 0.27
  239 F    -5  -2  -5  -6  -5  -3  -5  -2  -4  -1   1  -3   4   6  -6  -5  -2   7   3  -4    0   2   0   0   0   1   0   3   0   2  10   2  10  38   0   0   3  17  10   0  1.33 0.66
  240 Q     0   2   0  -3   0   2  -2   1   1  -5  -3   4  -4  -5  -4   2  -1  -5  -4  -3    6  12   3   0   2   9   1   9   3   0   2  32   0   0   0  14   3   0   0   2  0.55 0.41
  241 K    -3  -1  -2   0  -5   1   0  -4  -1  -4  -4   6  -4  -1  -3   1  -2  -2   0  -5    1   1   2   5   0   5   4   0   1   1   2  59   0   3   1   9   1   1   3   0  1.03 0.60
  242 I    -4  -3   5  -4  -5  -1  -5  -4  -5   6   0  -5  -3  -4  -6  -3  -3  -6  -5   1    1   1  26   0   0   2   0   1   0  52   8   0   0   0   0   1   1   0   0   6  1.22 0.65
  243 K    -3   5  -1  -2  -3   2   0  -4  -3  -4  -3   4  -4  -5  -3  -1   0  -5  -5  -4    1  34   2   2   1  10   4   1   0   1   3  29   0   0   1   5   7   0   0   1  0.86 0.52
  244 L    -1   1  -1  -4  -2  -4  -3  -5  -3   4   0  -2   0  -2  -3  -1   2  -5  -3   3    3   9   2   0   1   0   1   0   1  25   7   2   2   1   1   4  17   0   1  25  0.50 0.37
  245 V    -1   0  -2  -3  -1  -2  -4  -3  -5   4   0  -4   2  -3  -5  -1   0  -5  -4   4    4   5   2   2   1   1   0   2   0  22   7   0   5   0   0   4   6   0   0  39  0.60 0.40
  246 D    -2   6  -1   1  -6  -1   4  -5  -3  -3  -4   0   0  -5  -5  -2  -2  -6  -1  -5    4  45   2   6   0   2  24   0   0   1   1   5   2   0   0   2   2   0   3   0  0.97 0.57
  247 T     1  -3  -1  -3  -1  -3  -3   0   0   3  -1  -2  -1   0  -4  -1   3  -4  -3   3   10   0   3   1   1   0   1   6   2  20   5   2   1   4   0   2  18   0   0  22  0.32 0.28
  248 K    -1   1  -2  -4   0  -1  -1  -2   0   2   2  -1   5   0  -4  -3  -1  -3  -1   0    6   9   2   0   2   3   3   2   2  12  19   3  21   3   0   0   3   0   2   6  0.32 0.27
  249 D    -1  -2   1   7  -1   0  -1  -3   2  -5  -5  -1  -5   0  -4  -2  -2  -5   0  -5    4   2   7  58   2   4   1   1   6   0   0   3   0   4   0   2   2   0   3   0  1.15 0.58
  250 L     0   0  -2  -1  -3   1   1  -1  -1   1   1  -1   2   1  -3  -1   1  -2   1   0    9   4   1   2   0   8   9   4   1   7  15   3   9   8   0   2   8   0   5   4  0.09 0.13
  251 I    -1  -3  -5  -5  -4  -4  -5  -4  -2   5   1  -4   3   0  -5  -3  -2   1   2   2    5   1   0   0   0   0   0   1   1  41  11   0   7   4   0   1   1   2   7  15  0.72 0.40
  252 S     1   1   1   0  -1   1   0  -1   0  -1  -1   1   1  -1  -2   0   0  -3   0  -1   17   8   8   3   1   9   4   4   2   5   4  11   4   3   1   5   5   0   3   4  0.08 0.11
  253 K    -1   1   3   3  -1  -1   1  -2   1  -2  -2   0  -1  -2  -3   0   1  -4   1  -3    4   9  18  16   1   2  10   2   3   2   3   4   2   2   0   4  12   0   5   1  0.27 0.23
  254 D    -1   0   0   6  -6  -2   1  -1  -4  -5  -4  -2  -2  -5  -4  -1   0  -2  -1  -5    5   6   4  56   0   1   6   6   0   0   1   1   1   0   0   5   5   1   2   0  1.04 0.57
  255 I    -2  -4  -4  -3   2  -2  -3  -3  -5   5   2  -4   1  -2  -4  -3   0   1  -3   3    2   0   0   2   4   2   2   3   0  36  17   0   3   1   0   1   5   2   0  20  0.62 0.38
  256 K     0   4   0  -1  -2   1   1  -2   0  -3  -2   3  -3  -2  -2   0   0  -4   1  -1   10  23   3   2   1   5   7   3   1   1   3  18   0   1   2   6   5   0   4   4  0.29 0.25
  257 N     0   1   1   1  -3   1   1  -2  -1  -1  -2   2  -1  -1  -2   1   1  -2   0  -1    8   7   9   6   0   7   7   1   1   3   4  15   1   3   1  11   8   1   3   4  0.14 0.15
  258 I     2  -2  -1  -2  -3  -1  -1  -3  -3   2   1  -2  -1  -1  -3   0   3  -4  -2   1   16   2   4   1   0   2   5   0   0  12  14   2   1   2   0   4  25   0   1  10  0.28 0.28
  259 Y     0  -4  -4  -5   0  -3  -4  -1  -4   3   1  -2  -1   6  -5  -2  -3   4   1   0    7   0   0   0   2   1   0   5   0  16  10   3   1  35   0   3   1   5   3   5  0.67 0.39
  260 V    -1   0   2   1  -4   1   4  -2   0  -2  -3   2   1  -2  -1   0   0  -5  -4  -2    5   5  13   5   0   4  29   2   2   2   1  12   4   1   2   7   5   0   0   3  0.38 0.31
  261 E    -2  -1   3   4  -5   1   2  -2  -3  -3  -4   2  -4  -5   2   0   1  -5  -4  -4    1   3  15  25   0   5  12   2   0   1   1  11   0   0   8   7   7   0   0   0  0.55 0.37
  262 K    -1   0   3   0  -3   1   0  -1   0  -1  -1   2  -1  -1   0   1   0  -3   1  -2    4   3  16   4   0   6   6   3   2   3   5  14   1   3   4  11   6   0   6   1  0.17 0.17
  263 Y    -3  -3  -4  -5  -2  -4  -4  -5  -1  -1   0  -3  -1   4  -4  -4  -4   4   8  -2    2   1   1   1   1   1   1   1   1   3   9   2   1  16   1   1   1   5  50   3  1.41 0.61
  264 L    -2  -1  -4  -4  -2  -1  -3  -5  -4   6   1  -1   0  -2  -4  -3  -1  -4  -2   3    2   3   0   0   1   3   2   1   0  44  13   5   2   1   0   1   3   0   1  17  0.71 0.40
  265 R    -2  -1  -4  -2  -5  -2  -5   7  -5  -6  -6  -2  -5  -6  -3  -2  -4  -5  -6  -6    2   4   0   2   0   2   0  81   0   0   1   2   0   0   2   3   0   0   0   0  1.80 0.75
  266 K    -2   2   1  -1  -6   1  -2  -2  -4  -3  -5   7  -4  -6  -3  -2  -2  -6  -5  -4    3   9   5   3   0   5   1   3   0   2   0  62   0   0   1   2   2   0   0   1  1.17 0.63
  267 C    -2  -1  -4  -3  -1  -2  -2  -4  -3   2   1  -1   1   1  -4  -3  -1  -1   3   4    2   3   0   1   1   2   2   1   0  14   9   4   4   6   0   1   2   1  11  36  0.47 0.33
  268 P     0  -1   3   3  -4   1  -1  -1  -1  -1  -2   1  -2  -3   3   1  -1  -5  -4  -2   10   2  16  18   0   6   1   3   1   3   4   7   0   1  14   9   4   0   0   2  0.33 0.26
  269 N    -3  -4   9  -3   0  -5  -5   0  -4  -5  -8  -5  -7  -3  -7  -4  -3  -8  -6  -7    3   1  85   0   2   0   0   6   0   1   0   0   0   1   0   0   1   0   0   0  2.45 1.05
  270 T    -3  -3   5   4  -5  -3  -2  -1   0  -4  -5  -2  -5  -3  -5   3   3  -6  -5  -4    0   0  26  25   0   0   1   5   2   1   1   2   0   1   0  19  18   0   0   0  0.88 0.54
  271 Y     0  -1  -1   1  -4   0   2  -3  -1  -2  -2   0  -3  -2   2   0  -1  -3   5  -1   10   2   3   9   0   3  15   1   0   1   3   5   0   0  10   7   4   0  24   3  0.39 0.32
  272 D     0   0   2   6  -5   0   1  -3  -2  -3  -4  -2  -2  -4  -1   0   0  -6  -3  -3    9   4  11  41   0   4   7   1   1   1   1   1   1   0   3   6   6   0   1   2  0.70 0.43
  273 N    -1  -1   4  -2  -5  -1  -3   5  -1  -4  -6  -3  -1  -6  -5  -2  -2  -6  -3  -2    4   3  24   2   0   3   1  49   1   1   0   1   2   0   0   2   3   0   1   4  1.03 0.54
  274 K    -4   6  -4  -5  -6   3  -3  -5  -1   0  -3   3  -4  -5  -4  -4  -4   2  -3  -4    1  51   0   0   0  12   0   1   1   6   2  20   0   0   1   0   0   3   1   1  1.30 0.66
  275 C     2  -2   1   1   3   1  -1  -1  -3   0   0  -1   3  -3  -3   0   0  -4  -2   0   20   1   9  11   6   7   3   3   0   4   8   4   9   0   0   4   4   0   1   6  0.17 0.20
  276 L     2  -2   0  -2  -3  -1  -3  -3  -1   1   3  -3   0   0  -4   1   1  -4  -2   0   19   2   5   1   0   3   0   1   1  10  30   1   2   3   0   9   8   0   0   4  0.27 0.25
  277 F    -2  -5  -5  -6  -1  -5  -4  -6  -5   2   3  -5   2   5  -5  -4  -3  -3   1   2    4   0   0   0   1   0   1   0   0  10  33   0   5  28   0   0   1   0   3  14  0.85 0.44
  278 I    -1   0  -3  -3   2  -1  -1  -5  -2   4   0   3   0  -2  -4  -2  -2   4  -3   1    5   4   1   1   5   2   3   0   1  26   7  23   2   1   0   1   2   6   0  10  0.43 0.33
  279 V     2  -2   1  -1  -1   2  -2   2  -3  -3  -4  -1  -3  -5  -4   3   2  -5  -4  -2   19   1   7   3   1  10   1  18   0   1   1   3   0   0   0  21  11   0   0   3  0.43 0.35
  280 A     4  -1   0   2  -4   0   2  -2  -3  -2  -1  -1   1  -3  -3   0   1  -5  -4  -2   35   3   4  13   0   3  12   1   0   2   7   2   3   1   0   5   7   0   0   1  0.35 0.32
  281 V    -1  -2  -5  -6   1  -5  -5   0  -5   5   2  -5   1  -1  -5  -4  -3  -5  -2   3    5   2   0   0   2   0   0   8   0  38  17   0   3   2   0   1   0   0   1  21  0.75 0.43
  282 Q    -2   1   4   0  -2   2   0  -3  -2   1  -2   2  -1  -4  -4  -1   0  -5  -2   1    2   5  21   5   1  10   5   1   0   8   3  16   1   0   0   3   5   0   1  11  0.30 0.27
  283 S     1  -1   1   1  -4   1   0   2  -3  -3  -3   2  -3  -4  -3   2   1  -5  -4  -2   12   2   5   6   0   8   6  14   0   1   2  14   0   0   0  19   7   0   0   2  0.30 0.26
  284 Y    -4  -5  -4  -6  -4  -4  -3  -5   2   1   0  -3  -2   3  -6  -5  -2  -2   8   1    1   0   1   0   0   0   1   1   4   7   7   2   1   9   0   0   2   0  52  11  1.39 0.67
  285 L    -2  -4  -2  -5   0  -3  -3  -4   1   1   4  -5   2   5  -5  -3  -3  -3   1  -1    3   1   2   0   2   1   1   1   4   7  43   0   5  23   0   1   1   0   3   3  0.73 0.42
  286 T    -1   1   2   2  -5   3   3  -2  -1  -4  -3   3  -3  -3  -3  -1   1  -5  -3  -4    6   6   9  12   0  12  17   2   1   0   3  19   0   1   0   4   8   0   1   0  0.43 0.31
  287 E     0   0   0   1  -4   2   3   0  -2  -2  -2   1  -3  -4   0   0   2  -4  -2  -2    7   3   3   6   0  11  21   8   0   2   2   7   0   0   4   5  15   0   1   2  0.27 0.24
  288 L    -4  -3  -6  -7  -5  -5  -6  -7  -5  -1   5  -4   6   1  -6  -5  -4  -4   1  -1    1   1   0   0   0   0   0   0   0   1  63   1  21   5   0   0   0   0   4   2  1.39 0.67
  289 A     2   0  -1  -2  -4   4   3  -2  -3   1  -2  -1   0  -2  -3  -1  -1  -4  -2   1   16   4   3   0   0  19  20   2   0   8   2   1   2   2   0   2   3   0   1  13  0.34 0.31
  290 K     0   2   3   2  -4   1   0   1  -2  -3  -3   1  -3  -4  -3   0   0  -4  -2  -2   10  11  14  10   0   6   6  13   0   1   2  10   0   0   1   7   5   0   1   2  0.27 0.21
  291 Q     0  -1   0   2  -4   3   3  -1  -2   0  -1  -1   1  -4  -2   0  -1  -4  -3  -2    8   2   5  13   0  14  23   5   0   8   8   1   3   0   1   5   2   0   1   2  0.28 0.26
  292 E    -2   1   2   0  -5   0   2   5   1  -5  -4   0  -4  -5  -4  -1  -2  -5  -3  -2    1   7   9   5   0   3  15  40   3   0   2   6   0   0   0   3   2   0   1   3  0.61 0.37
  293 L     0  -2  -2  -2   3   1  -2   0  -2   1   0   0   2   1  -2   0   0  -2   1   0    8   0   0   0   7   7   0   8   0   8   8   8   7   7   0   8   8   0   7   8  0.07 0.11
  294 I    -2   0  -2   0   2  -2  -1  -3  -3   3   2   0   0  -2   0  -1  -1  -3  -2   1    1   5   0   5   5   0   5   1   0  25  24   5   0   0   5   6   0   0   0  11  0.19 0.16
  295 D     0   0   0   3  -3   0   2  -1   0  -2  -1   0   0  -1  -2   0   0  -3   1  -1    9   4   4  22   0   4  16   3   2   1   6   3   2   3   1   5   5   0   5   4  0.19 0.14
  296 S     0  -1   1   2  -3   1   1  -1  -1  -2  -2   0  -1  -2   2   1   0  -3   1  -1    6   2   9  12   0   6   8   5   0   2   3   4   2   0  12  14   4   0   7   3  0.19 0.15
  297 N    -2  -2   2   3   0  -1   1   3  -2  -3  -3  -1  -3   0  -3   0  -1  -3   0  -2    1   1  11  21   2   2  11  22   0   1   1   2   0   6   1   8   3   0   3   3  0.35 0.23
  298 F     0  -2   4  -1  -1  -1  -1  -1  -2  -2  -2  -1  -2   3  -1   1  -1   0   3  -1    8   1  20   3   2   2   3   3   0   2   2   3   0  16   2  10   4   1  13   4  0.31 0.25
  299 T     0   0   2   1  -3   0   0  -2  -1  -1  -1   1   0  -1  -1   2   2  -3   0   0    4   4  10   7   0   3   4   2   1   4   5   8   3   2   3  16  16   0   3   5  0.12 0.14
  300 V     2  -3  -1  -1   2  -2   0  -2  -3   2  -1  -3   1   0   0   0  -1  -3   0   3   17   0   2   4   6   0   5   2   0  11   4   1   4   4   4   6   3   0   3  24  0.19 0.19
  301 E    -1  -1   0   4  -4   1   4  -2  -2  -2  -3   0  -1  -1  -2   0  -1   0   1  -2    3   2   3  23   0   7  27   3   0   3   1   4   1   2   1   6   4   1   6   3  0.43 0.30
  302 I    -2  -3  -2  -2  -3  -2  -1  -2  -3   4   2  -2   0  -1   0  -2  -1  -3  -1   3    3   1   2   2   0   2   5   2   0  32  17   2   1   2   4   2   4   0   2  18  0.38 0.26
  303 D    -4  -4   3   7  -5  -3  -1  -2  -1  -2  -5  -2  -4  -5  -4  -1   0  -5  -4  -2    1   0  13  57   0   0   2   3   2   3   1   2   0   0   0   5   7   0   0   3  1.17 0.55
  304 L    -1  -2  -3  -2  -3  -1  -2  -4  -3   3   0  -1   0  -1   3  -2   0  -4  -2   4    5   2   0   2   0   2   3   1   0  15   8   4   2   1  13   2   5   0   1  32  0.37 0.26
  305 E    -1  -1  -1   3  -4   0   5  -1  -1  -3  -3  -1  -3  -3  -1  -1   0  -4  -3  -2    6   3   2  19   0   3  38   5   1   1   3   2   0   1   3   3   6   0   0   4  0.51 0.31
  306 K     3   0  -2  -2  -2  -1  -1   0  -2  -1  -1   1  -2  -1  -1   0  -1   0   3  -1   35   4   1   1   0   2   3   5   0   3   4  11   0   2   3   5   3   1  12   3  0.27 0.22
  307 Q    -2  -1   0   2  -3   5  -1  -1   3   0  -2   0   0  -3  -2  -2   1  -3  -1  -1    2   2   3  11   0  34   1   4   8   6   2   5   2   1   1   2   9   0   1   5  0.45 0.29
  308 K     0   4  -1  -2  -3   0   0   0  -2  -2  -2   3  -1  -3  -1   0   0  -3  -1  -1    7  27   3   1   0   4   4   8   0   2   2  18   1   1   2   7   5   0   2   4  0.31 0.20
  309 E     1   0   1   3  -2   1   2  -2  -1  -1  -1   1  -1  -2  -1   0   0  -1  -2   0   13   3   6  18   0   7  12   2   1   2   5  10   1   2   3   4   4   1   1   6  0.16 0.12
  310 Y     0  -2  -2  -2  -2  -2  -1  -2   0  -1  -1  -1  -2   3  -2  -1  -1   5   6  -1    9   1   1   2   1   1   3   4   2   3   4   4   1  10   1   4   4   8  33   4  0.58 0.27
  311 L     0  -2  -2  -2   1  -2  -2  -2  -2   1   3  -2   1   0  -1  -1  -1   4  -1   0   11   2   1   2   3   1   2   2   1  10  32   2   2   4   3   4   3   7   1   6  0.22 0.14
  312 E     0   0  -1   0  -2   0   3  -2  -2   0  -2   2  -1  -2  -1  -1   0   1  -2   1    5   4   2   4   0   2  23   2   1   7   3  16   1   1   2   4   4   2   1  15  0.19 0.16
  313 G     0  -1   0   0  -2   0   0   0  -1  -1  -1   0  -1   0  -1   2   1   0   0  -1    7   3   4   6   0   3   7   8   1   5   5   4   1   5   2  23   8   1   4   4  0.09 0.10
  314 K    -1   1   1   0  -2   2   0   0  -1   0  -1   2  -1  -2  -1  -1   0  -2  -2   0    4   9   6   6   0  13   5   6   1   8   5  17   1   1   2   3   5   0   1   6  0.12 0.11
  315 K     0  -1   0   0  -3   0  -1   4  -2  -1  -3   1  -2  -1  -1  -1  -1  -3  -1  -2    8   2   4   5   0   3   3  41   0   5   2   9   0   2   3   4   3   0   2   3  0.39 0.22
  316 I     0   0  -1  -1  -2  -1   1  -1  -2   2   0   0   0  -2   0  -1   1  -2   0   2    8   6   2   3   0   2  11   4   0  15   5   5   1   1   3   4   8   0   4  17  0.07 0.10
  317 A     0  -2   1   5  -3  -1   2  -2  -2  -2  -3   0  -3  -3   0  -1  -1  -3  -2  -1    7   1   5  37   0   2  14   3   0   2   2   6   0   1   5   4   4   0   2   5  0.49 0.27
  318 V     1  -1  -2  -1  -2  -2  -2  -2  -2   2   0  -1   1  -2   0  -1   2  -3  -2   3   12   2   1   3   0   1   1   2   0  10   5   3   3   1   4   3  18   0   1  28  0.24 0.19
  319 S     0  -1   0   2  -2  -1   1  -1  -2  -1  -2   0   0  -1  -1   2   1  -2  -1   0    9   1   3  16   1   1  10   4   1   3   3   5   3   3   1  18   9   0   2   7  0.15 0.13
  320 K     1  -1   1   3  -2   0   2  -1  -1  -2  -2   1  -2  -2  -1   1   0  -2  -2  -1   15   2   7  17   1   2  13   3   1   2   3  10   1   2   2   9   6   0   1   3  0.20 0.13
  321 M    -1  -2  -2  -2  -1  -2  -2  -1  -2  -1   1  -2   7   0  -2  -2  -1   6   0  -1    5   1   2   2   1   1   2   4   1   2  10   2  37   3   2   2   3  12   3   4  0.73 0.34
  322 K    -1  -1   0   3  -2  -1   1  -1  -1  -2  -2   1  -2  -1  -1   2   3  -3  -2  -2    3   2   4  17   1   1   8   3   1   1   2   9   1   2   2  19  19   0   1   2  0.29 0.19
  323 E    -1  -2  -1   5  -3   0   3  -2  -2  -2  -1   0  -2  -3  -2   0  -2  -3  -3  -3    4   2   2  40   0   3  22   2   1   2   7   4   1   1   1   5   2   0   1   2  0.62 0.29
  324 N     0  -1   0   0  -2   3   1  -1  -1   0  -1   0   1  -2  -2   0   1  -2  -1   0    9   2   3   5   0  19  10   4   1   8   6   4   6   1   1   5   8   0   2   5  0.12 0.12
  325 E     1   0  -1   1  -3   2   4  -2  -1  -2  -2   2  -2  -3  -1  -1   0  -2  -1  -2   11   2   2   9   0  10  28   2   1   2   2  13   1   1   2   3   6   0   2   3  0.32 0.19
  326 I    -1  -2  -3  -3  -2  -2  -2  -3  -3   4   1  -2   0   0  -1  -2  -1  -2  -1   3    3   1   1   1   1   1   2   2   1  35   9   2   2   3   3   2   3   0   2  28  0.46 0.22
  327 K    -1   3  -1   0  -3   1   0  -2  -1  -2   0   4   0  -2  -2  -1   0  -3  -2  -1    5  14   2   4   0   4   6   2   1   2  10  32   2   1   1   4   4   0   1   3  0.29 0.19
  328 E     0   1   0  -1  -3   2   2  -2   0  -1  -2   2   0  -3  -1  -1   0  -1  -2   0    8   9   5   2   0   9  19   2   2   2   3  17   2   1   2   3   5   1   1   7  0.20 0.15
  329 A     2  -1   0  -2  -1   0  -1   2  -2  -1  -1   0   2  -1  -2   0  -1  -2   3  -1   24   2   6   1   1   3   2  16   0   2   6   4   6   2   1   4   3   0  12   3  0.18 0.17
  330 N    -1  -1   5   2  -3   0   0  -1  -2  -2  -3  -1  -2  -3   0   0   1  -3  -2  -1    4   2  29  14   0   3   5   4   0   2   2   3   0   1   4   7  11   0   1   4  0.37 0.23
  331 T    -1  -2  -1   0  -1  -2   0  -2  -1  -1  -2  -1  -2   2  -2   0   5  -3   1   0    3   1   2   6   1   1   5   3   1   3   2   2   0   9   1   5  44   0   4   7  0.44 0.29
  332 G    -1   1  -1   2  -4  -1  -1   4  -1  -3  -3   3   0  -2  -2  -2  -2  -4  -3  -2    3   7   1  11   0   1   2  32   1   1   3  26   2   2   2   2   1   0   0   3  0.48 0.29
  333 S    -1   2   0   5  -4  -1   1  -2  -3  -4  -4   1  -4  -4  -2   2   1  -4  -4  -4    3  11   2  33   0   2   6   2   0   0   1   7   0   0   2  21   8   0   0   1  0.60 0.35
  334 N     0   0   3   1  -2   1   0  -2   1  -2  -3   2  -2  -2  -3   2   0   1   1  -2    5   2  15   6   1   8   4   2   3   3   1  18   1   1   0  17   4   2   6   2  0.25 0.21
  335 G    -2  -3  -3  -5  -1  -3  -4  -4  -5   2   0  -4   0  -1  -4  -4  -1  -5  -3   6    3   1   1   0   1   1   0   1   0  10   8   0   2   2   0   0   3   0   0  65  1.04 0.51
  336 F    -2  -4  -2  -5  -4  -4  -4  -4  -2  -1  -1  -4  -2   7  -5  -4  -3  -2   5   2    3   0   2   0   0   1   1   1   1   3   4   1   0  45   0   1   1   0  21  16  1.16 0.53
  337 Y    -1  -4  -5  -5  -1  -4  -4  -4  -4   3   4  -4   1   2  -4  -3  -2  -4  -1   3    5   0   0   0   1   0   0   1   0  14  37   0   3   9   0   1   1   0   1  24  0.63 0.35
  338 L     0   1   2   0  -1   0   0  -1   0  -1  -1   2  -1  -3  -3   1   2  -3   0  -1    7   6  10   6   1   2   5   3   2   4   5  20   1   0   0   8  15   0   4   3  0.16 0.17
  339 I     2  -3  -3  -2   1  -3  -2   2  -3   1   0  -3   0  -2  -3   0   0   2  -2   1   21   0   0   2   3   0   3  19   0  10  11   0   3   1   0   8   5   3   1  11  0.21 0.20
  340 N     1   0   3   1  -2   0   0   1  -1  -3  -3   1  -2  -2  -1   1   1  -4   0  -2   15   6  15   9   1   3   3   8   0   1   1   9   1   2   2   9  11   0   3   1  0.21 0.18
  341 L    -1  -5  -5  -6   0  -4  -5  -3  -5   5   1  -5   1   0  -5  -4  -3  -1   0   4    6   0   0   0   1   0   0   3   0  39  13   0   3   3   0   0   0   1   4  27  0.81 0.43
  342 K    -2   2  -2  -2  -2   3  -1  -2  -2  -3  -4   5  -1  -5  -2   0   2  -1  -1  -2    2   8   1   1   1  15   2   2   1   1   0  37   2   0   1   5  16   1   2   3  0.59 0.41
  343 L    -1  -5  -5  -2  -4  -4  -3  -4  -3   4   1  -3  -1   2   5  -4  -2  -5  -3   1    4   0   0   2   0   0   1   1   1  23  10   1   1  10  35   0   1   0   0   9  0.84 0.42
  344 V     0  -4  -3  -5  -1  -1  -4  -5  -2   2   3  -4   0  -2  -2  -2   1  -4  -2   4    7   0   1   0   1   2   0   0   1  11  33   0   1   0   2   2   9   0   1  30  0.52 0.33
  345 D    -4  -5   1   7  -3  -1   0   0  -4  -6  -6  -4  -3  -2  -5  -2  -4  -7  -6  -4    1   0   7  73   1   3   4   7   0   0   0   0   1   2   0   1   0   0   0   1  1.65 0.69
  346 A     5  -4  -4  -4   2  -3  -4  -1  -4  -2  -4  -3  -4  -5  -4   3   1  -5  -5   0   56   0   0   0   4   0   0   2   0   2   0   0   0   0   0  24   6   0   0   5  0.98 0.55
  347 M    -1  -5  -6  -7  -5  -4  -6  -6  -6   4  -1  -5   9  -4  -6  -5  -2  -5  -5   1    5   0   0   0   0   0   0   0   0  21   1   0  65   0   0   0   2   0   0   7  2.03 0.83
  348 E    -4  -3  -3   1  -7  -1   7  -4  -4  -5  -6  -2  -5  -7  -5  -1  -1  -6  -5  -4    0   1   1   5   0   1  82   1   0   1   0   1   0   0   0   4   4   0   0   1  1.77 0.77
  349 D    -3   0   2   5  -6   0   0  -3  -2  -2  -5   5  -4  -5  -4  -2  -2  -6  -2  -5    1   3  10  35   0   4   4   1   1   3   0  35   0   0   0   1   1   0   1   0  0.92 0.48
  350 I    -3  -5  -6  -6  -2  -5  -5  -6  -5   4   4  -5   1   3  -5  -5  -3  -4  -2   1    1   0   0   0   1   0   0   0   0  25  48   0   2  15   0   0   0   0   0   9  0.99 0.46
  351 N    -3  -2   1   0  -2  -1   0  -5   0  -3  -3   1  -4   2  -5  -1   0  -2   7  -4    2   2   6   6   1   3   5   0   2   1   2  10   0   6   0   4   7   0  45   0  0.87 0.48
  352 I    -2  -5  -4  -6  -4  -2  -5  -4  -4   4   2  -5   6   4  -5  -4  -3  -3  -2   1    2   0   1   0   0   2   0   1   0  25  20   0  22  21   0   0   1   0   0   6  0.89 0.45
  353 R    -1  -1   2   2  -2  -1   0  -3  -2  -2  -3   1  -2  -3   0   1   4  -5  -2  -1    4   1  12  11   1   1   6   1   1   1   1   9   1   1   4   8  33   0   1   4  0.40 0.30
  354 V    -3  -5  -6  -6   1  -5  -5  -6  -6   5   0  -5   1   1  -5  -5  -2   1  -2   5    1   0   0   0   3   0   0   0   0  39   5   0   2   6   0   0   1   2   1  41  1.09 0.49
  355 Q    -1   0   3  -1  -4   0   2  -1  -2  -3  -4   0  -2  -2  -3   1   3  -3   3  -1    4   3  19   1   0   4  18   3   0   0   0   4   1   1   0   9  19   0  11   3  0.38 0.29
  356 M    -3  -5  -5  -6  -3  -4  -5  -6  -5   4   2  -5   5  -1  -5  -4  -3  -5  -3   5    0   0   0   0   0   0   0   0   0  20  18   0  16   2   0   0   0   0   0  43  1.01 0.43

                      K         Lambda
Standard Ungapped    0.1311     0.3130
Standard Gapped      0.0466     0.2670
PSI Ungapped         0.1522     0.3176
PSI Gapped           0.0466     0.2670
