
Last position-specific scoring matrix computed, weighted observed percentages rounded down, information per position, and relative weight of gapless real matches to pseudocounts
            A   R   N   D   C   Q   E   G   H   I   L   K   M   F   P   S   T   W   Y   V   A   R   N   D   C   Q   E   G   H   I   L   K   M   F   P   S   T   W   Y   V
    1 M    -5  -6  -6  -7  -6  -5  -6  -7  -6  -3   0  -6  11  -4  -7  -6  -5  -6  -5  -3    0   0   0   0   0   0   0   0   0   0   6   0  94   0   0   0   0   0   0   0  3.32 1.09
    2 G    -1  -3  -1  -4  -5  -4  -4   0  -5  -4  -4  -4   0  -6   7   3  -1  -6  -5  -3    4   1   3   0   0   0   0   6   0   1   1   0   2   0  53  25   2   0   0   1  1.42 0.62
    3 R    -1   3   3   0  -4   1  -1  -2  -3   0  -2  -1  -3  -3  -1  -1   3  -4  -2  -2    4  20  14   5   0   8   3   2   0   7   4   2   0   1   3   2  25   0   1   1  0.38 0.30
    4 L     0   0  -2  -2  -2   0  -1  -3  -2   2   2  -1   1   1   1  -1   0  -3   0   1    8   5   1   1   0   5   2   1   0  12  24   3   3   5   7   1   7   0   4  11  0.13 0.13
    5 S     1  -1   2  -1  -3   1   0   0  -2  -3  -4   1  -3  -4  -3   4   0  -4  -1  -3   13   2   9   2   0   8   6   5   0   1   0   8   0   0   0  37   5   0   3   1  0.44 0.31
    6 K     0  -1   2   2  -4   3   1   1  -1  -4  -3   1  -2  -4   0   1   1  -4  -3  -3    6   2  10  15   0  19   6  10   1   0   2   7   1   0   3  10   8   0   0   0  0.35 0.24
    7 L     1  -1  -1  -2  -3  -1  -3  -3  -3   1   2  -1   1  -1  -2  -1   2  -3   1   2   11   3   2   2   0   3   0   0   0   8  26   3   3   1   1   3  13   0   5  14  0.20 0.18
    8 R    -2   4  -2  -2  -4   3  -2  -2   6  -1   0  -1  -3  -1  -1  -2  -2  -4   0  -2    2  30   1   1   0  12   0   2  22   4   9   2   0   3   3   2   1   0   2   3  0.63 0.36
    9 I     0  -2  -1  -1  -2  -2  -2  -2   2   1   0  -2   0   1   2  -1   1  -2   1   2    6   1   2   3   0   1   1   3   5   9   7   2   2   5  12   3   9   0   5  23  0.17 0.14
   10 V    -1  -3  -1  -4  -3  -2  -1  -4  -4   4   0  -3  -2  -3  -1  -2  -1  -4  -1   5    5   1   3   0   0   2   4   0   0  25   5   0   0   0   3   3   3   0   3  41  0.62 0.35
   11 D    -4  -1   5   6  -6  -2   0  -4   0  -6  -4  -3  -6  -6  -1   0  -4  -7  -6  -6    1   3  27  49   0   1   6   1   2   0   1   0   0   0   3   6   0   0   0   0  1.33 0.61
   12 P     1   1  -4  -4  -5   2   0  -2  -4  -4  -3  -1  -4  -4   6  -1   0  -5  -3  -1   14   8   0   0   0   9   5   2   0   0   2   4   0   1  41   3   7   0   1   4  0.88 0.47
   13 V     1  -1  -3  -1  -3  -1  -1  -4  -2   2   0  -2  -1   0   3  -2   0  -4   1   2   13   2   1   3   0   3   5   0   1  15   5   1   1   3  14   1   7   0   6  19  0.27 0.23
   14 L    -4  -4  -7  -7  -5  -2  -7  -7  -7  -1   6  -6   0  -2  -7  -6  -3  -6  -3  -2    1   1   0   0   0   2   0   0   0   2  89   0   1   1   0   0   2   0   1   1  1.83 0.78
   15 T    -3  -3  -2  -3  -5  -2  -2  -1  -5  -5  -4  -3  -5  -6  -5   3   7  -2  -5  -3    1   1   1   1   0   2   2   5   0   0   1   1   0   0   0  19  65   1   0   1  1.45 0.74
   16 N     1  -1   5   1  -5   1   1   1  -2  -4  -5  -1  -4  -6  -3   0   1  -6  -5  -5   13   3  34   7   0   6   7  10   1   1   0   3   0   0   1   6   8   0   0   0  0.64 0.41
   17 L    -2  -5  -5  -6  -4  -3  -5  -6   0   4   2  -5   1   3  -5  -3  -3  -1   4   3    2   0   0   0   0   1   0   0   3  25  20   0   3  12   0   1   1   1  13  18  0.75 0.41
   18 A     5  -5  -4  -5  -1  -4  -3  -3  -5  -2  -2  -4   0  -3  -4   3   0  -6  -5   1   47   0   0   0   1   0   1   1   0   2   3   0   3   1   0  27   5   0   0   9  0.92 0.58
   19 I    -2   2  -2  -4  -4   2  -2  -4  -4   3   0  -1   0  -1  -5  -2  -1  -1  -2   3    3  12   2   0   0  12   2   1   0  20   9   2   2   2   0   2   4   1   1  27  0.45 0.34
   20 G     3   0  -2  -1  -5  -1   1   5  -4  -4  -4   0  -3  -4  -4  -1  -3  -6  -5  -3   28   5   2   4   0   2   8  39   0   1   2   4   1   1   0   2   1   0   0   1  0.76 0.47
   21 Y    -2  -1  -3  -5  -6  -2  -6  -7   0  -3  -2  -3   1   3  -4  -5  -3   4   8  -2    4   3   2   1   0   2   0   0   2   1   4   1   3  12   1   0   1   6  55   3  1.66 0.77
   22 T    -1   3   0  -1  -4   1  -1  -2   0  -2  -2   2   0  -2   0   1   0   2  -1  -1    4  21   4   3   0   7   1   2   2   2   3  15   3   2   4  10   7   3   2   5  0.25 0.23
   23 N    -2  -3   5   2  -5   5  -2  -3   0  -4  -4  -2  -2  -3   2  -1  -1  -6  -3  -3    3   1  34   9   0  25   2   1   2   1   1   2   1   1   9   3   4   0   1   2  0.87 0.53
   24 A     1  -1   1   2  -4   1   1   0  -1  -3  -3  -1  -2  -4   3   1   1  -5  -4  -3   13   3   6  11   0   8  10   6   1   1   1   2   1   0  14  13   8   0   0   1  0.32 0.24
   25 E     0  -1   1   2  -4   2   2   1  -1  -3  -3   1   1  -3  -1   0   0  -4  -1  -2    9   3   7  12   0  10  16  10   1   1   2   7   4   1   3   7   4   0   2   2  0.23 0.20
   26 F    -2  -1  -1  -3  -5  -3  -4  -3   0  -2   1  -2   3   6  -2  -3  -1   0   4  -2    3   3   3   1   0   1   1   2   3   1  16   2   7  34   2   2   3   1  14   2  0.69 0.39
   27 I    -2  -4  -5  -3  -4  -1  -4  -5  -5   5   0  -2   0   1  -2  -2  -2  -5  -2   4    2   0   0   1   0   4   0   0   0  42   4   3   2   5   2   4   2   0   1  30  0.76 0.42
   28 G     4  -4  -2  -2  -1  -2  -2   3  -1  -2  -2  -3  -1  -1  -4  -1  -2   1  -4  -2   45   0   1   2   1   1   1  27   2   1   3   1   2   2   0   4   1   2   0   2  0.70 0.42
   29 Q    -1   0   1   4  -4   0   1   0   1  -3  -2  -1  -1  -2   1   0   1  -4  -1  -3    3   6   4  32   0   5   7   6   4   0   5   2   2   2   6   5   9   0   2   0  0.33 0.22
   30 S    -1   2   0   0  -3   2   1  -1   0  -1   0   2   0   0  -2   0  -1  -3  -1  -1    5  14   4   4   0  15   7   4   2   3   8  16   2   6   0   5   2   0   2   2  0.16 0.13
   31 L     0  -3  -3  -3   1  -2  -3  -3   0   3   2  -3   1   1  -3  -2  -1  -2   0   3    8   0   0   0   3   0   0   0   4  23  18   0   4   8   0   0   0   0   4  25  0.27 0.15
   32 M    -1  -3  -3  -4   2  -3  -3  -1  -2   0   1  -3   2   5  -3  -1  -2   3   2   1    6   0   0   0   5   0   0   5   0   4  11   0   7  36   0   5   0   4   5   9  0.39 0.21
   33 P     0  -1   1  -1  -2   1   1   1  -1  -2  -1   1  -1  -2   2   1   1  -3  -2  -2   10   0   9   0   0   9  10  10   0   0  10  10   0   0  10  10  10   0   0   1  0.16 0.09
   34 V    -1   3   0  -2  -4  -1  -1  -1  -1   2  -1  -1   0  -2   1  -1   1  -2  -1   2    3  18   5   2   0   1   5   4   1  12   4   2   2   1   8   4  10   0   2  16  0.19 0.23
   35 V    -1  -2  -3  -6  -1  -2  -5  -4  -2   3   0  -2  -1   1  -5  -3   0  -5  -2   5    6   2   1   0   1   2   0   1   1  14   7   2   1   5   0   1   5   0   1  49  0.80 0.51
   36 E    -2  -1   1   1  -5   1   2  -1  -2  -4  -3   0  -3  -3   5  -1   1  -5  -2  -4    3   2   6   6   0   6  13   4   1   1   3   5   1   1  33   5   7   0   1   1  0.64 0.45
   37 V    -2  -3  -4  -6  -5  -3  -4  -6  -1   1  -1  -4   0  -3  -6  -2   1  -6  -3   6    3   2   1   0   0   1   1   0   2   4   3   1   2   1   0   2   7   0   1  68  1.32 0.74
   38 E     1  -1   1   2  -4   2   0   2  -1  -3  -3   0   0  -3   3   1   0  -5  -3  -2   10   2   7  10   0   9   7  14   1   1   2   4   3   1  15   9   5   0   0   2  0.29 0.26
   39 K    -1   2   0   0  -5   1   0   0  -1  -3  -2   4  -1  -3  -2   0   1  -5  -4  -2    4  10   3   4   0   6   5   6   1   1   4  34   2   1   1   7   7   0   0   3  0.43 0.36
   40 E    -1   3  -1   0  -5   4   3  -3  -2  -2  -1   1   0  -4   0   0  -1  -1  -1  -3    5  15   3   4   0  19  17   1   1   2   5   9   2   0   4   6   3   1   2   2  0.38 0.35
   41 G     1  -2  -1  -1  -4  -1   1   1  -2  -4  -3  -1  -2   0  -4   4   2  -5  -4  -2   12   2   2   3   0   3   9  13   1   1   1   4   1   4   0  30  14   0   0   2  0.44 0.40
   42 G     0  -5  -1   3  -5  -4  -3   4  -4  -2  -4  -4   1   4  -5  -2  -3  -1   1  -2    6   0   3  20   0   0   1  32   0   2   1   0   4  19   0   3   1   1   5   2  0.77 0.51
   43 K    -2   1  -1  -1  -5   1   0  -3  -3  -1  -2   5  -2  -1  -3   0   1  -1  -1  -1    3   7   2   3   0   6   5   1   0   4   4  35   1   3   1   7  10   1   3   4  0.42 0.37
   44 I    -4  -3  -4  -4  -6  -5  -4  -5   0   2  -3  -3  -2   4  -7  -4  -2   4   7   1    1   2   1   1   0   0   1   1   2  13   2   2   1  14   0   1   3   4  42   9  1.29 0.72
   45 P    -1  -1  -1  -2  -4  -1  -2  -2  -1   1  -1   1   2   2   3  -1   1   3   2  -1    5   3   2   1   0   3   1   4   1   8   6   9   5   9  13   3   9   4   9   4  0.20 0.22
   46 K    -2   1  -3  -1  -4   0   1  -3   0   1  -2   3  -1  -1  -4  -1   1  -2  -1   2    2   8   0   3   0   4  10   1   2  10   3  19   1   2   0   3   9   1   3  19  0.28 0.29
   47 F    -3  -4  -2  -3  -5  -3  -2  -6  -1   2  -1  -5   0   6  -6  -3  -5   6   6  -1    2   1   2   2   0   1   3   0   1  10   5   0   2  28   0   2   0   9  26   4  1.12 0.61
   48 G    -1  -1   2   4  -5  -2  -1   3  -4  -5  -4   0  -4  -3   2   0   1  -5  -2  -5    3   3   9  23   0   1   2  21   0   0   2   5   0   1   9   6  11   0   2   0  0.52 0.40
   49 K     0   3  -1   0  -5   1  -1  -2  -3  -1  -2   4  -1  -2   1  -1  -1  -5  -1  -2    9  14   3   4   0   5   3   2   0   4   4  30   2   1   7   4   3   0   2   2  0.39 0.34
   50 E     1  -1   0   3  -5   0   4   1  -2  -5  -4  -1  -4  -3  -2   0  -2  -5  -3  -3   11   3   4  18   0   4  31  10   1   0   1   4   0   1   2   5   2   0   1   2  0.54 0.42
   51 S     2   0   1   2  -4   1  -1  -1   2  -2  -2  -1  -1   0  -2   1  -1   2   1  -3   21   5   7  13   0   7   4   4   5   2   4   3   2   4   1   8   2   3   5   1  0.19 0.23
   52 F    -3  -3  -4  -6  -5  -3  -6  -2  -1  -2   2  -4   2   7  -4  -3  -2   5   2  -2    2   1   1   0   0   2   0   3   2   2  16   1   5  44   1   2   2   7   6   2  1.15 0.64
   53 R     0   4   0  -1  -4   0  -1  -1   0  -2  -2   1   1   1  -1   0   1  -1  -2  -1    6  24   5   4   0   4   2   3   2   2   4   8   4   6   3   5  10   1   1   4  0.23 0.24
   54 L    -1   2   0   1  -3   0   0  -3  -3   1   0   0   0  -2   0  -1   0  -1  -1   2    4  12   5   8   0   4   6   1   0  11   9   4   3   1   5   3   6   1   1  17  0.11 0.16
   55 Y    -1  -1  -1   1  -4   0   1  -2   0  -1  -2  -1   0   0   4  -1   0  -4   2   0    4   4   2  10   0   4   8   2   3   3   4   3   3   5  20   3   5   0   9   8  0.28 0.26
   56 K     0   1   2   5  -5   0   2  -2  -1  -3  -4   0   0  -3  -1   0  -2  -5  -3  -2    8   7   9  32   0   3  11   2   2   1   1   5   3   1   3   5   1   0   1   3  0.50 0.39
   57 T     0  -3  -1   3  -4  -1  -1  -2  -2  -2  -2  -2   0  -3  -1   0   4   0  -1  -1    8   1   2  15   0   3   3   3   1   2   4   2   3   1   3   8  33   1   2   5  0.43 0.41
   58 E     0   0   0   0  -2   1   0   0   1   0  -1   0   1   0   1   0   0  -2   1   0    6   6   5   6   0   5   6   6   5   6   6   6   5   5   6   6   6   0   5   6  0.03 0.06
   59 R    -1   5  -3   0  -5  -1  -2  -3   0   0  -1   0   1  -2  -1  -1  -1  -5   0   1    5  39   0   5   0   2   2   2   3   5   5   3   3   2   3   3   3   0   3  13  0.52 0.43
   60 A     3   1  -1  -1  -3  -1  -1   2   0  -2  -4  -1   0  -1   0   0   0   0  -1  -2   31   8   3   3   0   2   3  16   2   2   0   3   3   3   5   5   5   1   2   2  0.29 0.30
   61 L     0   1  -1  -1  -3   0   0  -1   0  -1   0   0   0   0   4  -1  -1  -3   0  -1    7  10   3   3   0   3   6   4   3   4   7   4   3   4  20   4   3   0   3   5  0.20 0.19
   62 R     0   0   0   0  -2   1   0   0   1   0  -1   0   1   0   1   0   0  -2   1   0    6   6   5   6   0   5   6   6   5   6   6   6   5   5   6   6   6   0   5   6  0.03 0.06
   63 A     3  -2  -2  -1  -4  -1  -1   3  -2  -3  -2  -1  -2  -4  -2   1   1  -5  -2  -3   28   2   1   3   0   2   4  25   1   1   4   3   1   0   1  12   9   0   1   1  0.44 0.38
   64 R     0   2   1   2  -4   0   2   1   0  -2  -2   0  -1  -2   1   0   0  -1  -2  -2   10  11   7  11   0   4  14   9   2   2   2   3   2   1   6   4   7   1   1   3  0.17 0.18
   65 S     1   0  -1  -1  -3  -2   0   0  -3  -1  -2   0   0   0   2   2   1  -3   2  -1   14   5   2   3   0   0   6   7   0   4   2   4   2   4  11  16   8   0   8   4  0.18 0.24
   66 N     1   1   3  -1  -4   0  -1  -1   0  -2  -2   2   0  -2   2   0   0  -4   0  -1   11   7  17   2   0   4   2   5   2   2   2  12   2   2  10   7   4   0   4   4  0.21 0.24
   67 R    -1   4   0  -1  -4   1   2  -1   0  -1  -2   0   0  -2   0  -1   0   0  -3   0    4  23   5   3   0   7  15   4   2   4   2   5   3   2   4   4   5   1   0   8  0.25 0.27
   68 M     0   0  -1  -2  -3  -1   0   0  -3   2   1  -1   1   0  -1  -1   0  -3   0   2    5   5   2   2   0   3   5   8   0  15  11   2   3   3   3   4   6   0   3  18  0.09 0.14
   69 N     0   0   1   2  -3   0   1   1   0  -1  -1   0   0  -1  -1   1   1  -3  -1   0    6   4   8  12   0   4   8  10   3   2   5   3   2   2   2  10  10   0   2   7  0.10 0.13
   70 P    -1   0  -2   0  -3  -1   0   1   0   0  -1  -1  -1   3   1   0   0   1   1   0    4   7   0   4   0   3   5  11   2   4   6   3   1  16   6   7   5   2   6   7  0.10 0.15
   71 E    -1  -1   0   0  -4  -1   1   2  -1  -1  -2   1   1   0  -2   1   0   4   1  -1    3   2   5   5   0   3  11  16   1   3   4   7   4   3   1  11   6   5   5   4  0.16 0.18
   72 D     0   0   0   1  -3  -1   0   1   0  -1  -1   0  -2  -1  -1   0   1   1   2   0   10   4   3  10   0   2   6  13   2   4   4   6   0   2   2   7   8   2   8   6  0.09 0.13
   73 L     0  -1  -1   1   0  -1   1  -2   0   0   0   0   0   2  -1  -1   2   0   1   0    6   4   3   7   2   2  10   3   2   5   7   5   2   8   3   4  13   1   5   9  0.06 0.10
   74 G     0  -1   0   1  -4   0   2   1   0  -2  -2   0  -1  -1  -1   2   1  -4   0  -2    6   2   5   9   0   4  12  12   2   2   3   4   2   3   2  15  10   0   3   2  0.16 0.20
   75 S    -1   0   0   0   0   0   0   1   0  -3  -1   1   0   0   1   1   1   1   0  -1    5   4   5   5   2   3   7  10   2   0   4  11   2   4   6  10  11   3   3   4  0.09 0.13
   76 I    -1   0   0   0  -3   0   0  -1   1   0  -1   0   1   0   0   0   0   3   1   0    5   5   5   5   0   5   5   5   5   5   5   5   5   5   5   5   5   5   5   5  0.06 0.08
   77 D    -1   1   1   3  -4   0   0  -1  -1  -2  -3   0  -1  -2   0   2   2   0  -1  -2    4   6   6  15   0   4   6   3   1   2   2   5   2   1   5  17  14   1   2   2  0.25 0.27
   78 I    -1  -2  -2  -2   0  -2  -1  -1  -1   0   0  -2   0   3  -5  -1   0   0   6   0    6   2   1   2   2   2   3   6   1   5   9   2   2  12   0   5   5   1  26   6  0.43 0.35
   79 V     0   0   0   0  -3   0   0   0   1   0  -1   0   1   1   0   0   1  -3   0   0    6   4   5   5   0   3   3   6   4   4   4   7   4   6   5   6  13   0   4  10  0.04 0.09
   80 L     0  -1  -1  -1   5   0  -1  -1  -3   0   0  -1   1  -3   0  -1   2  -3   0   0    8   3   3   4  14   5   4   4   0   7  11   3   3   0   4   4  13   0   3   6  0.17 0.19
   81 D    -2   1   1   3  -4   1   3  -2   0  -2  -2   1  -3  -3   0  -1  -1  -4   0   0    2   7   6  17   0   6  19   3   3   3   4   8   0   1   4   4   4   0   4   6  0.26 0.26
   82 E     0   1   2   2  -2   1   3  -1  -1  -2  -3   0  -3  -4   1   0  -1  -4   0  -1    6   8  11  11   1   5  20   4   1   2   3   4   0   0   6   5   4   0   4   6  0.25 0.25
   83 H    -1   1  -1  -1  -4   0  -1  -2   3  -1   0   0   0   1  -1  -1  -1   4   4   0    4   7   3   4   0   4   4   2   8   4  11   5   3   5   3   4   4   6  15   5  0.25 0.22
   84 D     2  -1   0   2  -4   0   1   2   0  -1  -3   0   1  -4  -4   1  -1  -5  -1  -1   17   3   4  11   0   5   8  18   2   4   2   5   3   0   0   9   3   0   3   4  0.24 0.24
   85 L     0  -1  -2  -2   0   0  -2  -1   0   1   2  -1   0   0   0  -1  -1   3   0   0    7   4   2   2   2   5   2   5   2  10  27   3   2   4   4   5   3   4   3   5  0.13 0.15
   86 E     1   0  -1   1  -4   0   2  -1   2  -1  -2   1   0  -2  -1  -1   0  -1  -1  -1   11   6   3   7   0   4  17   5   5   4   4  11   3   2   2   4   6   1   2   5  0.14 0.17
   87 Y     0   0  -2   1  -3  -1   1  -1   0   1   0   0   0   0  -3  -1   0   0   0   2    7   5   1   9   0   2   9   5   3  10   8   6   2   3   0   4   6   2   3  15  0.08 0.12
   88 P     0  -1   0  -1   1  -1  -1  -1   1  -2  -2  -2   0  -1   5   0   0   2  -1  -2    7   4   4   4   2   3   5   5   3   3   4   3   3   3  27   6   5   2   3   3  0.39 0.33
   89 I    -2   0  -1  -1  -6  -1  -2  -3   1   3   0  -1   1  -1  -1  -2  -2   2   0   4    4   5   3   3   0   3   3   3   3  18   7   4   3   3   4   3   3   3   3  23  0.39 0.24
   90 D     0   0   0   0  -2   1   0   0  -1   0   0   0   1   0   1   0   0  -2   1   0    6   6   6   6   0   6   6   6   0   6   6   6   6   6   6   6   6   0   6   6  0.03 0.06
   91 Y    -1   0   0   4  -4   1   1  -1   1   0  -1   0   0  -1  -1  -1  -1   2   0  -1    5   6   4  26   0   6   7   4   4   6   5   4   3   3   3   2   3   3   4   3  0.24 0.24
   92 R     0   0   0   0  -3   1   0   0   2   0  -1   0   1   1  -3   0   0   3   1   0    6   6   5   6   0   5   6   6   5   6   6   6   5   5   0   6   6   5   5   6  0.06 0.10
   93 E     1   0   0   2  -4   2   3  -1   0  -2  -2   0   0  -2  -1  -1  -1  -4  -1  -2   11   4   3  12   0   9  23   5   3   3   3   5   3   2   3   4   4   0   2   3  0.24 0.25
   94 D     0   1   2   0  -3   0   0  -1  -2   0   0   0   1  -1   0  -1  -1   1   0   0    8   9  15   6   0   5   6   3   0   6   9   4   5   2   5   3   3   2   3   5  0.08 0.13
   95 Q     0   0   0   0  -2   1   0   0   1   0   0   0   1   0  -2   0   0  -2   1   0    6   6   5   6   0   5   6   6   5   6   6   6   5   5   0   6   6   0   5   6  0.00 0.07
   96 E     0   0   2   3  -4   2   2   0  -1  -3  -2  -1  -1  -2   0   0   0  -4  -2  -2    8   4  12  20   0   9  13   7   1   1   4   2   1   1   5   5   4   0   2   2  0.29 0.27
   97 S     2  -1   1   1  -3   1   0   0  -3  -2  -2  -1   0  -2   0   2   0  -4  -2  -2   22   4   6  10   0   5   5   7   0   2   3   3   2   2   5  15   5   0   2   3  0.20 0.24
   98 A     1  -1   0   1  -1   0   0   1  -2  -1  -2   0   0  -1   2   0  -1   0   0   0   13   2   5   8   2   5   4  13   0   4   3   4   3   2  13   5   3   1   3   6  0.13 0.15
   99 F    -1   0   0   0  -3   0   0   1  -2   0   0   0   0   2  -1  -1  -1   2   1   0    4   4   4   6   0   5   7  10   0   7   9   4   4  10   3   4   3   4   4   7  0.04 0.08
  100 P    -1   0   2   3  -4   1   0  -1   1  -1  -2   0   0  -1   2  -1   0   2  -3  -1    5   5  13  18   0   6   5   4   3   3   4   4   3   3  10   4   4   3   0   4  0.20 0.21
  101 L     0   0  -2   0  -3   0   0  -1   2   0  -1   0   1   1   0   0   0   3   1   0    6   6   0   6   0   5   6   6   5   6   6   6   5   5   6   6   6   5   5   6  0.06 0.10
  102 E    -1   1  -2   3  -2   1   4  -1  -3  -2  -1   0  -1  -5  -2  -2  -2   1  -1  -1    5   8   1  18   1   5  28   5   0   2   6   5   1   0   2   1   2   2   2   5  0.40 0.36
  103 Q     1   2   0   0  -4   3   1   0  -1  -1  -2   0   1  -2  -2  -1   0  -1  -3  -1   12  11   3   5   0  16  11   6   1   4   4   6   4   1   1   3   6   1   0   4  0.19 0.23
  104 A     0   2  -1   2  -4   0   0  -1   1   0  -1   0   2  -1  -2  -1   0  -1  -1   0    9  14   2  16   0   4   7   3   3   5   5   4   6   2   2   4   6   1   2   5  0.14 0.17
  105 A     4   1  -2  -3  -1  -1  -2  -1   0  -2  -3  -1  -1  -2  -2   0   1  -5   0  -1   43   7   1   1   1   2   2   5   2   2   2   3   1   1   2   6   8   0   3   5  0.46 0.40
  106 V     2  -2  -1  -2  -3   0  -1  -2  -4   1   0  -2   2  -2  -4  -1   3  -4  -4   3   16   2   2   2   0   4   4   2   0   7   8   2   5   2   0   3  21   0   0  19  0.32 0.31
  107 Q    -1   2   1   1  -4   1   3   0  -1  -2  -2   1   1  -1  -2  -1  -1   0   0  -2    5  11   7   6   0   7  22   6   1   2   3   6   5   3   2   4   4   1   3   2  0.23 0.23
  108 T    -1   0   0  -1  -3   0  -1  -1   0   0   1   0   2   2  -3  -1   0   2   2   0    4   7   4   3   0   3   4   4   3   7  12   8   6   9   0   4   4   3   8   6  0.08 0.11
  109 A     0  -1  -1  -3   1   0  -1  -1  -3   1   2  -1   1   0  -1  -1   0  -3  -2   1    9   3   4   0   3   3   3   4   0   6  26   3   4   3   3   3   7   0   0  13  0.13 0.17
  110 T     1  -1   0  -1   1   0  -1  -1   0   0  -1   0   3   0  -3   0   2   2   0   0   12   4   4   3   3   5   3   5   3   4   5   5  10   3   0   7  13   3   4   5  0.10 0.15
  111 E     0   1   2   3  -4   2   1  -1   1  -4  -2   0   1  -4  -4   0   0   2   0  -2    6   7  11  15   0   8  11   5   3   0   4   4   4   0   0   5   7   3   3   3  0.24 0.24
  112 A    -1   0   0   0   2   0   0  -1   2   0  -1   0   1   0  -3   0   0   3   1   0    5   5   5   5   5   5   5   5   5   5   5   5   5   5   0   5   5   5   5   5  0.06 0.10
  113 I     0  -2   0   0   2   0   0   0   2   0  -1   0   1   1  -3   0   0   3   1   0    6   0   5   6   5   5   6   6   5   6   6   6   5   5   0   6   6   5   5   6  0.07 0.12
  114 Q     0   0  -1  -1  -3   0   0  -1  -1  -1   2   0   3  -1  -4  -1   0   0   1   0    9   6   3   3   0   3   5   4   1   2  26   4  10   2   0   4   6   1   4   5  0.15 0.19
  115 L    -2   3   0  -2  -4   0  -4  -5  -4   2   3  -2   2   0  -4  -1   0  -4  -1   0    3  15   6   2   0   4   0   0   0  11  31   2   4   3   0   4   5   0   2   7  0.38 0.30
  116 R     0   3   2   1  -4   0  -1   1   1  -1  -2   0  -1  -2  -2   1   0   2  -1  -2    8  18  10   8   0   3   3   9   3   4   4   6   1   2   2   9   5   3   1   2  0.18 0.18
  117 R    -2   4  -2  -2  -1   1   0  -2   2   0   0   1   1  -1  -4  -2  -1   1   0  -1    3  24   1   2   1   8   7   4   5   5  11   9   4   2   0   2   3   2   3   4  0.28 0.24
  118 E    -5  -1  -1   0  -6  -1   7  -3  -4  -3  -3  -2  -5  -2  -5  -3  -1  -6  -5  -2    0   3   2   5   0   2  67   2   0   2   3   2   0   2   0   2   3   0   0   4  1.42 0.78
  119 K     0   1   0  -1  -1   0  -1  -2   0   2   0   2   0  -1  -3  -1  -1   0   1   1    8   9   4   2   1   3   2   3   2  12   8  17   2   2   0   2   3   1   5  14  0.12 0.16
  120 M     0   4   0   1  -5   2   1  -3  -3  -1  -1   0   2  -2  -4  -1  -1   1   0  -1    7  26   3   9   0  10   9   1   0   3   5   4   6   1   0   4   2   2   3   3  0.35 0.31
  121 V     2   0  -4  -5   1   1  -4  -2  -4   1  -1  -3   2   2  -3  -2   0   4  -3   3   15   5   0   0   3   6   0   3   0   8   4   1   6  10   1   2   5   5   0  25  0.40 0.33
  122 A     5  -1  -2  -3  -1  -1  -2  -1  -2  -1  -1  -1  -1  -2  -4   0  -1   0  -4   0   50   4   2   1   1   2   2   4   1   4   7   3   1   2   0   5   4   1   0   6  0.58 0.44
  123 D     0   0   0   0  -2   1   0   0   1   0   0   0   1   0   1   0   0  -3  -1   0    6   6   6   6   0   6   6   6   6   6   6   6   6   6   6   6   6   0   0   6  0.04 0.07
  124 L     0   0   0   0  -2   0   0   0   0   1   1   0   1   0  -2   0   0  -3   0   0   10   4   5   4   0   3   6   6   2   9  17   6   5   3   0   5   6   0   4   6  0.03 0.08
  125 A     1  -4  -1  -2  -3  -1  -3  -1  -3   1   1  -3   1   2  -2  -1  -1   1   2   3   16   0   3   2   0   3   0   4   0   6  14   0   3  11   2   3   3   2   6  22  0.26 0.26
  126 Q    -1   0   0   0  -1   1  -1  -1  -1  -1   0  -1   2   4  -3  -1   1   2   0  -1    5   6   5   5   1   7   2   4   2   2   9   3   6  21   0   4  12   3   2   3  0.20 0.23
  127 N     0   0   3   2  -3   1  -1  -1   0  -2   0   1  -2  -1  -3   0   1   1   0  -1    7   5  17  11   0   5   3   4   2   2   9   9   0   2   0   4  10   2   3   3  0.16 0.19
  128 P     2  -1  -1   0  -3  -1  -1   1  -1  -2  -2   0  -1  -2   2   1   2  -4  -3  -1   18   3   1   4   0   2   4  11   1   2   4   5   2   2  10  10  17   0   0   2  0.21 0.22
  129 N     2   0   0   0  -3  -1  -1   2  -3  -2  -2  -1  -2  -1  -3   2   1  -3  -1   0   19   6   5   5   0   2   3  16   0   2   3   3   0   3   0  14  10   0   2   6  0.19 0.21
  130 S     0   0   0   0  -2   1   0   0  -2   0  -1   0  -1   0   1   0   0   3  -1   0    6   6   6   6   0   6   6   6   0   6   6   6   0   6   6   6   6   6   0   6  0.07 0.09
  131 Y    -3  -3  -2  -5  -1  -3  -3  -2  -2   0  -3  -3  -4   3  -2  -3  -1   8   6  -1    2   1   2   1   1   2   2   3   1   5   2   1   0  12   3   2   5  22  29   5  1.25 0.64
  132 A     2  -3   1   2  -4  -1  -1   2  -1  -2  -2  -3  -3  -3   1   0   2  -1  -4  -2   16   1   6  12   0   3   4  16   2   2   3   0   0   1   7   5  16   1   0   3  0.30 0.28
  133 G     2  -2   1  -1  -3  -2  -2   2   1  -1  -2  -1  -1   0   0   2   2   0  -1  -1   16   1   6   3   0   1   2  13   3   3   3   3   1   4   5  14  14   1   2   4  0.19 0.21
  134 G     1  -2   1   2  -4   0   0   2  -1  -2  -3  -1  -3  -4  -1   2   1  -4  -2  -1   11   1   6  13   0   4   5  19   2   2   3   2   0   0   3  14   9   0   2   4  0.27 0.24
  135 N    -1  -1   5   0  -1   0  -1  -1   4  -2  -1   1  -1  -1  -2   0   0   1  -1  -2    6   3  27   5   1   4   3   4   9   2   5   7   1   2   2   5   6   2   2   3  0.35 0.29
  136 K     0   0   0  -1  -3   0  -1  -1  -1  -1  -1   2   0  -1   0   0   1   0  -1   1    9   4   5   3   0   4   3   3   2   3   6  18   2   2   3   7  12   1   2  10  0.10 0.14
  137 K     1  -1  -1   0  -3   0   0   1  -2   0  -1   0   0  -1   0   0   2   1  -1   1   10   3   3   4   0   4   6  10   0   5   6   5   2   3   4   4  16   2   2  10  0.07 0.12
  138 Q     1  -2   0   1  -3   0   0   0   0  -1  -2  -1   0  -2   0   0   3   0  -3   1   11   2   4   7   0   4   6   7   2   2   2   3   2   2   4   6  23   2   0  12  0.20 0.24
  139 L     0  -1   0   0  -2   0   0  -1   0   0   1  -1   1   0   1   0   0   1   0   0    7   3   5   6   0   4   5   5   3   6  16   3   3   4   7   5   7   3   3   7  0.03 0.05
  140 S     1  -3   1   0  -3   1   0   0  -3  -1  -1   0  -2   0   0   2   1  -4   0   0   11   0   6   6   0   6   5   8   0   4   4   5   0   4   5  14  11   0   4   6  0.12 0.16
  141 A     3  -4  -1  -1  -4  -2  -1   4  -4  -2  -3  -1  -4  -1  -2   0   0   1  -4   0   25   0   3   3   0   1   4  29   0   2   2   4   0   2   2   7   7   2   0   7  0.46 0.34
  142 T     2  -2   0   0  -4  -1  -1   1  -4  -1  -3  -1  -2  -1   0   1   4   2  -2  -2   15   1   5   4   0   2   3  10   0   4   2   4   1   2   4  12  25   3   1   2  0.31 0.29
  143 E     1  -1   1   2  -4   0   0   1  -3  -2  -3   0  -1  -3  -1   1   2   0  -2  -2   14   2   6  14   0   3   5  12   0   2   2   5   2   1   2  10  14   1   1   3  0.23 0.22
  144 K    -1   0  -1   1   0   2  -1   0   0  -2  -1   1   0  -1  -1   0  -1   6   0  -1    4   5   3   7   3   9   3   9   2   2   4  13   3   2   2   6   4  12   2   3  0.21 0.19
  145 F    -1  -5  -1   0  -5  -4  -4  -2  -4  -1  -2  -5   0   2  -5  -1  -1  10   1  -2    4   0   3   6   0   0   0   3   0   3   4   0   3   9   0   5   4  47   3   3  1.66 0.72
  146 T     0   1   1   1  -3   1   1   0  -1  -2  -2   1  -2  -2  -2   0   0   4   1   0    8   8   7   8   0   7   8   8   0   0   1   8   0   0   0   8   8   7   7   8  0.16 0.13
  147 A     0  -1   2   3  -3   1   0   0   1  -1  -2  -1  -3  -3   0   0   0   2   0  -1    9   3  10  22   0   6   5   7   4   3   3   3   0   0   4   4   5   3   3   3  0.21 0.19
  148 A     3  -2  -1   1  -3  -1   0   0  -3  -1  -2  -1  -3  -3   2   1   1  -4  -2  -1   28   2   3  10   0   1   5   6   0   4   2   2   0   0  12  10  11   0   2   3  0.29 0.24
  149 G     1  -2   3   2  -3  -1  -1   1  -1  -4  -3  -1  -3  -4  -3   2   2  -4  -2  -3   13   2  15  13   0   2   2  13   1   0   2   3   0   0   0  14  16   0   2   0  0.37 0.28
  150 S     2  -2  -1  -1  -1  -3  -2   1  -3  -2  -3  -1  -3  -1  -2   4   0  -5  -4  -1   19   1   2   3   1   0   2   8   0   2   1   4   0   3   2  43   5   0   0   4  0.53 0.40
  151 D    -2  -1   3   6  -5  -1  -1  -4  -3  -3  -4   0  -4  -5  -1  -1   2  -6  -5  -3    2   3  13  49   0   2   2   0   0   2   1   5   0   0   2   3  14   0   0   1  0.98 0.52
  152 P    -1  -5  -1  -5  -5  -5  -5  -5  -5   1  -2  -4  -5  -1   7  -3  -2  -6  -5   0    4   0   3   0   0   0   0   0   0   8   3   0   0   3  67   2   2   0   0   6  1.79 0.76
  153 V    -1   0  -2   0  -2  -2  -1  -3  -2   3   2  -1   0   1  -1  -2  -1  -3   0   2    3   5   1   7   1   1   5   2   1  22  18   3   1   7   2   2   1   0   2  15  0.18 0.18
  154 G     2  -1  -1   1  -4   1   1   2  -1  -3  -2   1  -1  -4  -2   1   1  -2  -3  -2   20   3   2   9   0   5   8  16   1   1   3  10   1   0   1   8   7   1   1   2  0.24 0.23
  155 V    -1  -3   0   6  -3   1  -1  -4  -1  -1  -1  -2  -1  -1  -3  -2  -1  -6  -1   1    5   1   5  44   1   6   3   1   1   4   5   2   2   3   1   1   4   0   2   9  0.68 0.46
  156 I    -3  -6  -7  -7  -5  -6  -7  -7  -7   6   2  -6   2   1  -6  -6  -3   0  -4   3    2   0   0   0   0   0   0   0   0  44  20   0   4   6   0   0   1   2   0  22  1.27 0.64
  157 E    -1   2   1   3  -4   1   2  -1  -1  -2  -1   1   0  -1  -3  -1   0  -1  -2  -2    5  12   6  16   0   5  16   3   1   2   8  10   3   2   0   3   5   1   1   1  0.24 0.23
  158 D     2  -1   1   2  -4  -1   1  -1  -1  -2  -2   0  -1  -2  -3   0   3  -4  -1  -2   18   3   7  15   0   2  11   4   1   1   3   6   1   1   0   4  18   0   2   2  0.28 0.29
  159 G     4  -1  -3  -2  -2   0  -1   2  -4  -1   0  -2   1  -2  -4  -2  -2   6  -1  -2   36   4   1   2   1   4   3  14   0   3   8   2   3   1   0   1   1  10   2   2  0.48 0.40
  160 K    -1   2  -2  -3   1   0  -1  -2  -1   2   1   3   2  -1  -3   0  -1  -4  -3   0    5  11   2   0   3   4   2   2   1  16  11  19   6   2   0   6   2   0   0   7  0.21 0.23
  161 E     0   1   1   3  -4   1   2  -2  -2  -1  -1   1   0  -2  -3   0   0  -4  -2  -2    6   8   6  20   0   5  17   2   0   4   6   8   2   1   0   4   6   0   1   2  0.27 0.24
  162 A     2   0   0   0  -1   0   0  -1  -1  -1  -1   0  -1  -2  -2   0   1   0  -1   0   26   6   5   4   1   5   4   3   1   4   6   6   1   1   0   5  11   1   2   7  0.11 0.16
  163 I    -1  -4  -4  -4   1  -1  -4  -2  -4   4   1  -3   3   0  -1  -2  -1  -3   0   3    6   0   0   0   3   2   0   2   0  26   8   0   9   4   3   3   3   0   4  25  0.45 0.32
  164 R     0   3   0  -1  -3   0   0  -1   1  -1   0   1   1   0  -3  -1  -1   2   0  -1    8  20   3   4   0   4   6   5   3   4  10   7   4   4   0   4   3   3   3   3  0.11 0.13
  165 T     0   0   1   1  -2   1   1   0  -1  -1   0   1   1  -1  -2   0   0  -2   0  -1    9   6   7   8   0   7   7   6   0   4   8   8   5   3   0   7   8   0   3   4  0.06 0.08
  166 K     0   0   1   0  -2   1   0   0   2   0  -1   0   1  -2   1   0   0  -3  -2   0    6   6   6   6   0   6   6   6   6   6   6   6   6   0   6   6   6   0   0   6  0.06 0.08
  167 I     0  -1   0   0   3   0  -1   0   0   1   0  -2   1   0   0   0   0  -3   0   0    6   3   5   4   8   4   3   7   3  12   7   0   6   3   6   8   7   0   3   6  0.05 0.10
  168 G     0   0  -2   0   2   0  -2   0   2   0  -1   0  -1   1   1   0  -2   4   1   0    6   6   0   6   6   6   0   6   6   6   6   6   0   6   6   6   0   6   6   6  0.09 0.13
  169 R    -1   1  -1  -1  -1   0  -1  -2   0   0   0   1   3   1   0  -1  -1  -3   0   1    3  10   4   3   1   5   3   3   2   5   8  10   8   7   5   3   4   0   3  12  0.10 0.13
  170 R     0   3   0   0  -1   0   1  -2  -1  -1  -2   0   1  -1  -1   0   0   0   0  -1    8  21   5   6   1   4   8   2   1   3   4   6   4   2   3   6   7   1   3   5  0.17 0.18
  171 P     1  -7  -7  -2   0  -6  -6  -1  -7  -2  -2  -2   0   0   7  -2  -2   1  -1  -1   11   0   0   3   2   0   0   4   0   2   4   2   3   4  52   3   2   2   2   4  1.31 0.76
  172 N    -3  -1   7   2  -6  -4  -2  -2  -4   0  -6  -4   0  -2  -6  -1   0  -7  -5  -2    2   4  55   9   0   0   2   3   0   5   0   0   3   2   0   5   7   0   0   3  1.26 0.71
  173 T     0   2  -2  -1  -1  -1  -2  -3  -1   1  -2   1   0  -2  -4  -1   4  -5  -1   2    6  10   2   4   1   2   1   1   2   8   2   8   2   1   0   3  27   0   2  17  0.35 0.31
  174 M     0  -2  -3  -3   3   1  -2   0  -3   1   1  -2   2   2  -3  -2  -2   5  -1   1   10   0   0   0  10  10   0  10   0  10  10   0  10  10   0   0   0  10   0  10  0.24 0.15
  175 V     0  -3  -2  -4   0  -1  -2  -2   0   3   1  -3   1   0  -3  -2   0   2   0   3    7   0   2   0   2   2   2   3   2  20  10   0   2   3   0   0   6   3   3  31  0.28 0.21
  176 I     0  -3  -2  -3   3  -2  -3   0   2   1   0  -3   2   1  -3   0   0   4   2   0    8   0   0   0   8   0   0   8   8   8   8   0   8   8   0   8   8   8   8   8  0.21 0.18
  177 G    -1  -5   1   1  -6  -1  -2   5   0  -6  -6  -1  -6  -6   1   2   0  -6  -6  -6    5   0   7   7   0   2   3  41   3   0   0   3   0   0   7  17   6   0   0   0  0.82 0.47
  178 A     1   2  -1   0  -4   0   0  -1   0  -2  -1   0   0   0   3   0   0   2   1  -2   12  12   3   5   0   4   4   3   2   2   4   4   3   3  13   8   6   3   6   2  0.17 0.16
  179 S     0   0   1   2  -4   1   0  -1   0  -1  -2   1  -1  -2   0   1   1  -4  -1  -1    8   4   7  16   0   6   6   4   2   4   3  10   1   2   4   9  10   0   2   3  0.15 0.14
  180 A     3  -2  -2  -2  -1  -1  -2  -2  -1   0  -2  -3  -1  -2  -3  -2   1  -6  -1   4   22   2   2   2   1   2   3   3   1   4   3   2   2   2   2   2  10   0   2  34  0.53 0.43
  181 Y     1  -2  -2  -3   0  -5  -3  -3   0  -1   0  -3   0   4  -6  -1  -2   8   3  -2   10   2   2   2   2   0   2   2   2   3  10   2   3  17   0   4   2  22   9   3  0.92 0.56
  182 K    -1   3   2   2  -4   0   0  -3   0  -2   0   2   1  -2  -1   0   0   1  -1  -2    4  14   9  11   0   4   6   2   2   2   9  12   3   2   2   6   6   2   2   2  0.20 0.21
  183 T     3   0   0  -1   0   0  -1  -1   1  -1  -1   1  -1  -2  -2  -1   0   1   1   1   25   6   5   4   2   5   2   3   3   3   5   8   1   2   2   4   4   2   6   9  0.15 0.20
  184 L    -1  -1  -6  -6   0  -5  -6  -3  -6   1   5  -5   2   2  -6  -5  -2  -5  -1   0    7   3   0   0   2   0   0   2   0   8  53   0   4   9   0   0   2   0   2   6  0.94 0.52
  185 K     0   4  -2  -3  -2   0  -2  -3  -4  -1   1   4   0  -3  -4   0  -1  -1  -3  -1    6  24   1   1   1   4   1   1   0   4  12  25   3   1   0   6   4   1   1   4  0.46 0.35
  186 A     0   3   3   1  -4   1   1  -2   0  -2  -1   0  -1  -2  -3   0   1   0   0  -2    6  15  16   6   0   7   9   2   2   2   5   6   1   2   0   6   8   1   3   2  0.24 0.22
  187 H    -1  -3   5  -1   2  -2  -3  -4   8  -4  -5  -3  -5  -5  -5   0   0  -6  -4  -3    5   1  24   4   5   2   1   1  39   1   1   1   0   0   0   7   5   0   0   2  1.42 0.71
  188 P     1   0  -1   1  -4  -1   0  -2  -3  -2  -2   0  -1  -4   5  -1  -1  -4   1  -2   11   6   2   8   0   2   5   3   0   2   3   5   1   0  35   4   4   0   6   2  0.59 0.35
  189 Q     1   0   0   2  -3   1   2  -1   0  -2  -2   2  -1  -2  -2   0   0   0  -1  -2   15   5   4  13   0   7  15   2   2   2   3  13   2   1   0   6   4   2   2   2  0.19 0.18
  190 L    -1  -4  -4  -4   0  -1  -4  -3  -4   4   2  -4   1   1  -4  -2  -1   1  -1   3    4   0   0   0   2   3   0   2   0  31  15   0   4   5   0   3   3   2   2  24  0.50 0.32
  191 I    -1   2  -1  -1  -3   1  -1  -3  -1   1   1   1   1  -2  -3  -1   0  -3  -2   1    5  13   2   3   0   8   2   0   1  11  19  12   3   0   0   4   5   0   0  10  0.16 0.18
  192 E     1  -1   3   4  -4   0   2   0   0  -4  -4   1  -3  -4  -1   1   0  -5  -3  -2   11   2  14  23   0   3  12   5   2   0   0  10   0   0   2   8   5   0   0   2  0.40 0.29
  193 K     2   3  -1  -2  -1   1  -1  -2   1  -1   0   1   0   0  -3  -1   0   0   1  -1   18  22   3   2   1   5   2   1   3   3   9   7   3   3   0   3   5   1   4   4  0.20 0.21
  194 I     0  -2  -4  -4  -1  -2  -4  -1  -1   3   1  -2   1   3  -2  -2  -1  -3   1   1   10   1   0   0   1   1   0   5   1  21  16   3   4  13   2   2   3   0   6  11  0.27 0.23
  195 K     0   0   0   0  -2   1   0   0   1   0  -1   0   1   0   1   0   0  -2   1   0    6   6   5   6   0   5   6   6   5   6   6   6   5   5   6   6   6   0   5   6  0.03 0.06
  196 Y     0   0   1   0  -3   0  -1   2   1  -1  -3  -1   0   0   0   0   0   2   3  -1    6   4   7   4   0   4   3  19   3   5   1   4   3   4   4   4   6   3  12   4  0.16 0.19
  197 S     0   0   0   0   2   0   0  -1   1   0  -1   0   1   0   0   0   0  -2   1   0    5   5   5   5   5   5   5   5   5   5   5   5   5   5   5   5   5   0   5   5  0.03 0.05
  198 M     0   1   1  -1  -3   1   0   1   0  -1  -1   0   1  -1  -1   1   0  -3   0   0    8   7   9   3   0   8   6  11   2   3   4   5   5   2   3  10   5   0   3   6  0.09 0.13
  199 K     1   1   0   0  -3   0   0   0   0  -1  -1   0   0   0   2   0   0  -3  -1  -1   11   9   4   4   0   3   6   7   2   3   5   6   3   4  12   9   7   0   2   5  0.10 0.11
  200 G     1   0   0   0  -3   0   0   3  -2  -1  -2   1  -2  -1   0   0   0  -3   0  -1   11   4   5   6   0   5   4  23   0   4   4   8   0   3   4   8   4   0   3   4  0.15 0.16
  201 I     0   0   0   0  -2   1   0   0   0   0   0   0   1   0   0   1   0  -2   0   0    5   5   4   4   0   7   5   8   3   7   9   4   4   3   4  11   7   0   3   8  0.03 0.05
  202 V     1  -2  -1  -2  -3  -2  -2  -1  -3   3   1  -3   1  -1  -1  -2  -1   1  -1   3   13   2   3   2   0   2   2   4   0  17  16   0   4   2   3   2   2   3   2  23  0.26 0.25
  203 T    -1  -1   2   2  -4   0  -1   0   0  -4  -2  -1   0  -4  -1   2   4  -5  -2  -2    3   3  10  10   0   4   3   7   2   0   3   2   2   0   3  14  30   0   2   2  0.40 0.37
  204 V    -1   0   0   0  -3   0   0  -1   1   0  -1   0   1   0   0   0   0   3   1   0    5   5   5   5   0   5   5   5   5   5   5   5   5   5   5   5   5   5   5   5  0.06 0.08
  205 D     1   0   0   2  -4   2   2   0  -3  -4  -2   0   1  -1   0   0  -1  -4  -3  -1   13   4   5  13   0   9  16   6   0   0   4   4   3   4   4   6   4   0   0   4  0.23 0.23
  206 L     0   0   0   1  -3   2   0  -1   0   0   1   0   3   1  -3  -2  -1  -3   0  -1    8   5   5   8   0  13   6   3   3   4  15   5   9   6   0   0   3   0   3   4  0.12 0.18
  207 L    -1  -1  -2  -5  -4  -4  -4  -3  -4   2   4  -4   2   1  -1  -2  -3  -4  -1   1    4   3   2   0   0   0   0   2   0  12  46   0   6   7   4   2   0   0   2   8  0.58 0.37
  208 K     4   0  -1  -2  -1   1  -1   0  -4  -2  -2   1  -1  -5   0  -1  -1   1  -2  -2   41   5   2   1   1   8   3   8   0   2   3   9   2   0   5   3   2   2   1   2  0.43 0.38
  209 E     0   1   1   1  -3   1   1   0   2  -2  -2   1   1  -3   1   0   0  -4  -2   0    7   7   7   7   0   7   7   7   7   0   0   7   7   0   7   7   7   0   0   7  0.15 0.14
  210 I     0  -1  -3  -3   1   0  -1  -4   1   2   2  -1   2   1  -1  -1   0   2   1   1    6   4   0   0   3   3   3   0   3  14  23   3   5   4   3   3   5   3   6   8  0.15 0.16
  211 F    -2  -1  -4  -4   1  -1  -4  -4  -3   1   3  -1  -1   5  -4  -3  -1   4   1  -1    3   3   0   0   3   3   0   0   0   8  29   3   0  30   0   0   3   6   3   3  0.60 0.35
  212 E    -2  -1   0   1  -4   0   2   4  -3  -1  -3  -1  -1  -1  -2  -2  -3   3  -3  -4    2   3   5  10   0   5  17  37   0   4   3   3   2   4   1   0   0   5   0   0  0.53 0.35
  213 V    -2  -4   0  -2  -3  -3  -3  -1  -4   3   3  -4   0   0  -2  -2  -2  -4  -3   4    2   0   6   2   0   0   1   5   0  17  26   0   2   4   2   3   0   0   0  30  0.45 0.32
  214 E    -2  -1   0   4  -4   0   3  -2  -3  -4  -2   0   1  -2   3  -1   0  -4  -4  -4    2   3   5  24   0   4  20   2   0   0   4   6   5   2  14   3   7   0   0   0  0.48 0.33
  215 N    -2   3   3   0  -2   2   2  -2   0  -2  -3   2  -2  -3  -2   0   0   0  -1  -3    2  16  14   4   1   8  16   2   2   2   2  15   1   1   1   4   5   1   2   1  0.32 0.25
  216 I    -2  -4  -5  -5   0  -4  -4  -5  -4   4   1  -4   0  -1  -2  -4  -1  -4   0   5    2   0   0   0   2   0   0   0   0  30  10   0   2   3   2   0   3   0   3  40  0.84 0.43
  217 A    -1  -1  -2  -2  -3  -1  -1  -2   1   2   2   0   1   1  -2  -2  -1   1   1   1    4   4   2   1   0   2   5   3   4  14  21   5   5   4   1   1   2   2   6  12  0.12 0.13
  218 V    -1  -2  -4  -3  -1  -3  -3  -5  -5   4  -1  -4  -1  -3  -2  -2   0  -5  -4   5    4   2   0   1   1   1   2   0   0  26   4   0   1   0   2   2   4   0   0  47  0.86 0.46
  219 G     2  -2  -2  -2   0  -1  -1   4  -3  -2  -2  -3   1  -3   1   0  -2  -4   0  -1   18   2   1   1   2   2   3  37   0   2   3   0   5   1   7   7   1   0   4   4  0.47 0.33
  220 E     0   1   2   2  -4   0   1   1  -1  -1  -3   1   0  -4  -2   0   0  -1  -1  -2    7   9  10  15   0   4  11  10   1   4   1   7   4   0   1   7   6   1   2   2  0.20 0.18
  221 A     4  -3  -1  -1  -1  -2  -1   2  -4  -3  -3  -4   0  -5  -3   2   0  -6  -3  -1   42   1   2   3   1   1   4  13   0   1   3   0   3   0   1  16   5   0   1   4  0.58 0.42
  222 I    -1   1  -2  -3  -3   0  -2  -3  -2   2   0  -1   2   0  -1   0   0   2   0   3    5   8   1   1   0   4   1   1   1  13   6   4   5   3   3   7   7   3   3  25  0.21 0.21
  223 Y    -1  -1  -2  -4  -3   0  -1  -4   0   0  -1   1   0   0  -2  -1  -3   1   7   1    4   3   1   1   0   5   4   1   2   5   5  10   2   2   2   4   1   2  36  11  0.70 0.45
  224 A     0  -1   5   2  -5   1  -1  -2  -1  -3  -3  -1  -1  -3  -2   1   1  -2  -1  -1    7   3  34   9   0   5   4   2   1   1   2   3   2   1   1   9   7   1   2   5  0.52 0.38
  225 D     0  -1   0   2  -4  -1   0   1  -3  -3  -4  -1  -3  -3  -1   2   4  -6  -5   0    7   2   4  12   0   2   5   9   1   1   1   2   0   1   2  15  28   0   0   6  0.43 0.36
  226 D     4  -3   0   2  -4   1   0   0  -4  -5  -3   0  -4  -5  -2   1   0  -5  -2  -3   37   1   5  12   0   7   4   8   0   0   2   7   0   0   1  10   5   0   1   1  0.50 0.39
  227 K     2  -1   3   1  -4   0  -1   1  -3  -1  -3   2  -2  -5  -1   0   1  -5  -4  -2   19   3  15   7   0   3   3  11   0   3   2  13   1   0   3   6   9   0   0   3  0.28 0.26
  228 D     1  -2   0   1  -5   0   4   2  -4  -4  -4   1  -4  -5   2  -1   0  -5  -5  -3   12   1   4   9   0   3  26  15   0   1   1  10   0   0   9   3   4   0   0   2  0.47 0.35
  229 R     0   0   1   0  -2   1   0   0  -2   0  -1   0   1   0   1   0   0  -3  -2   0    7   7   7   7   0   7   7   7   0   7   1   7   6   6   7   7   7   0   0   7  0.06 0.09
  230 F     0   0   0   0  -2   1   0   0  -1   0   0   0   1   0   1   0   0  -2   1   0    6   6   6   6   0   6   6   6   0   6   6   6   6   6   6   6   6   0   6   6  0.03 0.06
  231 T     0   0   0   0   2   1   0   0   1   0  -1   0  -1   0   1   0   0  -3  -1   0    6   6   6   6   6   6   6   6   6   6   6   6   0   6   6   6   6   0   0   6  0.04 0.07
  232 D    -1   1   1   4  -4   0   0  -3  -2  -3  -4   0  -3   1   1  -1   0   3   2  -1    5  10   5  25   0   4   6   0   0   0   0   5   0   6   7   4   4   4   9   5  0.34 0.28
  233 I     0  -3  -1  -3   1  -1  -2  -2  -3   3   1  -1   1  -1  -1  -1   0  -3  -2   2    8   0   3   0   3   2   3   3   0  26  10   3   5   3   3   5   4   0   0  20  0.24 0.22
  234 W    -1  -5  -1  -3  -2  -3  -5  -3  -1  -1  -2  -2   1   2  -4  -4  -2  11   0  -1    5   0   4   2   1   1   0   2   2   4   4   3   4   9   1   1   3  48   2   5  1.83 0.83
  235 G     0  -4   0   1  -5  -2  -1   5  -1  -3  -4   0  -1  -3   1   1   0  -5  -5  -5    6   0   5   7   0   2   4  42   2   1   2   6   2   1   7   9   5   0   0   0  0.64 0.42
  236 A    -1  -1   4   3  -5  -1  -1   0  -1  -5  -4   2  -2  -5   0   1   1  -5  -4  -3    6   2  20  19   0   2   3   6   1   0   1  15   1   0   4   9   7   0   0   2  0.48 0.36
  237 N    -2  -1   5   3  -1  -1   0  -2   3  -2  -3  -2  -2  -2  -2   0   1  -1  -2  -1    2   3  26  16   1   2   6   3   8   3   2   2   1   2   1   7   8   1   1   4  0.46 0.35
  238 I     3  -2  -3  -4   2  -2  -3  -2  -4   2   0  -2   2   1  -3  -2  -2   1  -1   3   28   2   1   0   4   1   1   3   0  11   6   2   6   6   1   2   2   2   2  19  0.36 0.30
  239 V     0  -3  -1  -3   1  -1  -1  -1   0   1   1  -2   1   1   1  -1   0   3   0   1    9   0   3   0   3   3   3   4   3   8  14   0   3   5   6   4   6   5   3  15  0.11 0.13
  240 L     0  -3  -3   0   1  -2  -1  -1  -3   0   2  -1   3   1  -3  -1  -1  -3   0   0    8   0   0   6   3   0   4   5   0   4  28   4   8   8   0   4   4   0   4   7  0.16 0.18
  241 A     2  -2  -1   0   1   0  -1   1   1  -1   0  -2   0   2  -3   0   0  -3   0  -1   19   2   2   6   4   5   2  11   4   4   7   0   3  11   0   7   5   0   3   4  0.10 0.16
  242 Y    -3  -2   0  -2   0  -2  -2  -2   3  -2  -2   0  -4   2  -1  -2  -4   3   7  -2    2   2   4   3   2   2   2   3   7   3   3   5   0   7   3   3   0   4  41   2  0.88 0.54
  243 V     1   0  -2  -3   0   0  -2  -2  -3   2   0  -1   0  -1   0  -1  -1  -4  -3   3   14   7   2   0   2   4   2   2   0  12   6   4   2   2   4   4   3   0   0  30  0.24 0.25
  244 P     1  -2   2   2  -2  -1   0  -2  -2  -2  -2  -1   0   0   3  -1  -1   3  -1  -2   11   2  11  14   1   3   5   3   1   2   4   3   3   4  16   4   3   5   2   3  0.28 0.24
  245 L    -1  -1  -2   0  -2  -1  -1  -1  -1   0   0   0   0  -2   4   0  -1  -4  -1   1    5   4   2   4   1   3   4   4   1   6  10   5   2   1  25   7   3   0   3  10  0.29 0.23
  246 Q     0   0   0  -1   0   0  -1   1  -2   0  -1  -1  -1   1   0   1   1  -3  -1  -1    8   7   6   3   2   4   3  12   0   5   6   3   1   9   4  11   9   0   2   5  0.06 0.09
  247 R     2   0  -1   0  -3  -2  -2   0   1  -1  -1   0  -2  -2   3   0   0  -1   0   1   22   5   3   5   0   1   2   5   3   2   4   5   1   1  14   5   5   1   4   9  0.19 0.20
  248 G     2   0   0   1  -3  -1  -2   3  -3  -1  -2  -1   1  -1  -1   0   0  -4  -3  -1   18   6   4   8   0   3   2  21   0   4   2   4   4   3   3   8   7   0   0   5  0.20 0.20
  249 G     0   0   1   0  -3   0  -1   2  -2  -1   0   0   0  -2   1   1   0  -3  -1  -1    9   4   8   4   0   4   3  15   0   4  11   4   2   1   6  11   7   0   2   4  0.09 0.11
  250 Q     0   0   1   2   0   2   1  -1  -2  -1  -2   1   0  -2  -1   0   0  -2  -3  -1   10   4   5  13   3  10   8   5   0   4   4  10   3   2   2   6   6   1   0   3  0.14 0.14
  251 Q     0   0   0   2  -3   1   0   1  -1  -1  -1   0  -1  -2  -2   1   1   0  -1  -1    9   5   5  11   0   6   4  11   1   3   5   7   2   1   1  13   9   1   2   5  0.11 0.12
  252 R     1   1  -1  -1  -3  -1  -1   2  -1  -1  -1  -1   0  -2   3   0  -1  -1  -1  -1   12   9   2   2   0   3   4  15   1   3   5   3   2   1  17   5   4   1   2   6  0.21 0.17
  253 T     0  -1   1   2  -1  -1  -1  -1  -3  -1  -1  -1  -1  -1  -1   2   2  -1  -3   0    9   3   8  15   1   1   3   3   0   3   4   3   2   2   2  14  16   1   1   9  0.19 0.19
  254 P     0   0  -1  -1  -2  -1  -1   0  -1   1   1  -1   1  -1   1  -1   1  -1  -1   0    6   4   3   2   0   2   4   8   2  12  13   4   5   2   7   3  12   1   2   6  0.06 0.09
  255 Y     0   1  -1  -1   1  -1   0   0   0  -2  -1   0   1   2  -2   0  -1   4   2  -2    8   7   3   4   3   2   7   8   2   2   6   6   5   9   2   6   3   7   8   2  0.12 0.13
  256 E     0   0  -1   2   0   1   2   1  -2  -3  -2   0   0  -4  -3   0   1  -4  -3  -1    6   4   2  13   2   6  17  13   1   1   4   6   3   0   1   6   9   0   0   6  0.22 0.21
  257 P    -1  -1  -2  -5  -5  -2  -3  -3  -5  -1  -2  -4   3   1   7  -3  -3  -5  -2   1    5   4   2   0   0   2   2   2   0   3   4   1   6   7  50   1   2   0   1   9  1.18 0.66
  258 S     1  -1  -2  -2   3  -2  -2  -2  -5  -5  -4  -3  -3  -4  -3   5   4  -6  -3  -2   10   3   2   2   7   2   3   3   0   0   1   1   1   1   1  39  23   0   1   2  0.84 0.60
  259 Y     3  -4  -4  -6  -1  -3  -5  -2  -3  -2   0  -5  -1   6  -3  -4  -3   5   3   0   23   1   1   0   1   1   0   3   1   2   8   0   1  32   2   0   1   7   9   5  0.92 0.56
  260 G     0  -2  -2  -5  -3   1  -3   6  -5  -6  -4  -3   1  -1  -3  -2  -3  -6  -5  -3    7   2   1   0   1   8   2  62   0   0   2   2   4   3   1   2   1   0   0   2  1.23 0.68
  261 Y     0   0   0  -2  -2   1   0   0  -1   0   0   0   1   1  -2   0   0   4   1   0    6   6   6   0   0   6   6   6   0   6   6   6   6   6   0   6   6   6   6   6  0.07 0.11
  262 T     0   0   0   1   1   0  -1   1   0   0  -1  -1   1  -3   0   0   3  -3   0   0    5   4   4   8   3   4   3  10   3   5   5   3   3   0   3   4  23   0   3   6  0.13 0.18
  263 L     0  -4  -1  -1   0  -1  -1  -1   0   0   0  -1   1   4   0  -1   0   2   2  -1    8   0   2   3   2   3   3   5   2   6   7   4   4  20   6   5   6   2   7   3  0.21 0.21
  264 R     0   3   0   0   0   1   0  -1   0  -1  -2   0   1  -1   0  -1   1   1  -1  -1    9  18   5   6   2   6   5   5   3   3   3   5   3   2   5   4   8   2   2   5  0.13 0.17
  265 K    -1   1  -1  -1   0  -1  -1   0  -4   0   0  -1   2   0  -2   0  -1   7   1   0    4   7   3   4   2   2   5   6   0   5   9   4   5   3   3   6   4  15   4   8  0.30 0.26
  266 K     0   1   1   1  -4   2   2   1  -3  -2  -3   1  -1  -2   0   0  -1  -1  -2  -1   10   7   6   9   0   8  12  11   0   3   2   9   1   1   5   5   4   1   1   5  0.16 0.18
  267 G     1  -2   1   0  -6  -1   0   5  -1  -6  -2  -2  -1  -6  -1  -1   0  -6  -6  -3   10   2   6   6   0   2   5  43   2   0   4   3   1   0   3   5   5   0   0   2  0.66 0.46
  268 N     0   2   0   0  -4  -1  -1   2   2  -2  -2  -1   2   2  -1  -1  -1   2   2  -1    7  12   5   4   0   3   3  16   5   2   2   2   6   9   2   4   4   3   8   4  0.20 0.21
  269 P     0   1   0  -1  -4   1   0  -1  -3  -2  -1   0  -1  -1   4   0   1  -1  -2   0    6   8   4   3   0   7   5   4   0   1   7   4   1   3  21   7  10   1   1   7  0.26 0.26
  270 V    -1  -1  -2  -2  -4  -1  -2  -1  -4   3  -1  -3   2   2  -2  -2   0   2   1   3    5   3   2   2   0   3   3   4   0  20   3   1   4   8   2   2   6   2   4  24  0.33 0.29
  271 V     0   1  -2  -2  -4  -1   2  -3  -3   0  -2   0   0   1   0  -1  -1  -1   0   3    8   9   1   2   0   2  17   2   0   4   2   6   2   6   5   5   3   1   3  20  0.21 0.26
  272 D    -2   3  -1   4  -6   1   2  -3  -1  -4  -4   1  -1  -3  -2   0   1  -6  -5  -2    4  16   3  21   0   5  14   1   1   1   1   8   2   1   2   7  11   0   0   3  0.51 0.42
  273 T    -2  -1  -2  -1  -5   0  -1  -1  -2  -3  -3   0   1   2   2  -2   0   6   5  -1    3   3   2   3   0   4   5   5   1   1   1   6   3   7  10   3   6  11  20   5  0.50 0.41
  274 R    -3   5   1   1  -6  -1  -1  -2   0  -4  -4   0  -1   0   0  -1   0   4   3  -2    1  31   6   8   0   3   3   4   2   1   1   4   1   4   4   3   5   6  10   3  0.57 0.44
  275 I    -3  -1  -2   3  -5   0   2  -3  -2   2  -2  -1   3   0  -2  -1  -1   2   3   0    2   3   1  17   0   3  15   2   1  11   4   3   7   3   2   4   3   3   9   8  0.31 0.31
  276 E    -2  -1   0   2  -6  -1   4   2  -2  -5  -4  -1  -3  -1   1  -2  -2   0  -1  -4    3   4   5  13   0   3  31  18   1   1   1   2   1   3   6   2   2   1   3   1  0.58 0.47
  277 D    -1   0   1   3  -5   0   1   1   1  -3   0   0   0  -5   0   0   0  -2  -3  -3    5   5   8  19   0   5   8  11   4   1   9   6   2   0   4   6   6   1   1   1  0.23 0.23
  278 G    -1   4   1  -1  -3  -1   0   1  -1  -1  -2   1  -2  -2   1   0   0  -3  -2  -1    3  23   8   3   1   2   6  12   1   4   4   8   1   1   6   5   6   0   1   4  0.25 0.25
  279 K    -2   4   0  -1  -6  -2   0   3   3  -3  -5   4  -5  -4  -4  -1  -2  -1  -2  -4    2  19   4   4   0   1   6  19   7   2   1  24   0   1   1   4   2   1   1   1  0.65 0.48
  280 L     2  -1  -3  -4  -2  -2  -3   3  -5  -3  -2  -3  -2  -3  -5   4   1  -6  -1   0   16   4   1   1   1   2   1  20   0   2   3   1   1   1   0  27  10   0   2   8  0.52 0.45
  281 E    -4  -1   0   4  -3   0   3  -2   0  -3  -3  -2   0  -2  -5  -2   2   5   0  -1    1   4   4  24   1   4  16   3   2   1   3   3   3   1   0   2  13   8   4   4  0.58 0.46
  282 L    -2   3  -2  -2  -3  -2  -3  -5   0   3  -1  -2   1   1  -4  -4  -3   5   3   3    4  16   2   3   0   1   2   1   2  14   6   2   3   5   0   1   1   8   9  20  0.49 0.37
  283 V    -1  -5  -3  -5  -2  -4  -6  -3  -3   5   0  -5  -2   0  -6  -5  -2  -2   3   5    6   1   1   1   1   1   0   2   1  27   7   1   1   4   0   1   2   1  12  34  0.96 0.59
  284 R    -3   5  -2  -1  -6   1   3  -2   0  -5  -5   1  -5  -3   0  -2  -1  -2  -4  -4    2  36   2   3   0   5  21   3   2   1   1   8   0   1   5   3   4   1   1   2  0.83 0.58
  285 S     2  -4  -2  -4   0  -4  -4   0  -2   0  -2  -5   0  -2  -3   0   0  -6   0   5   16   1   2   1   2   1   1   8   1   4   2   0   2   2   1   7   5   0   3  41  0.65 0.49
  286 T    -1   2  -1   1  -2   0   1   2   0  -1  -2   0  -1  -2  -4  -1   2  -2  -1   0    3  12   3   7   1   4  10  18   2   4   3   4   1   1   0   4  12   0   2   8  0.20 0.22
  287 D    -2  -1  -3   3  -6   1   3  -4   3  -3  -2  -2   3  -1  -5  -2  -1   4   1  -1    2   3   1  19   0   5  22   1   7   2   3   1   8   3   0   3   4   6   5   4  0.57 0.46
  288 I     1   0   0   1  -2   0   2  -4   2   1  -3  -2   0  -2  -5   2   0   1   4  -2   10   5   5   7   1   3  12   1   6   8   2   2   2   1   0  15   4   2  13   3  0.29 0.31
  289 F    -2   0  -1  -3  -1   0   0  -4   0  -1  -1  -4  -2   2  -4  -1   1   3   5   3    3   6   3   2   1   4   7   1   2   2   4   0   1   8   1   4   7   4  20  20  0.49 0.40
  290 R     0   0   0   5  -6   1  -1  -1  -1  -2  -3   2  -5  -4  -5  -1   0  -7  -4  -1    7   5   4  37   0   5   3   4   1   2   2  14   0   1   0   5   5   0   1   4  0.67 0.49
  291 P    -2  -4  -2  -2  -1   2   4  -4   2  -1  -3  -4   3  -1   3  -2  -2  -1  -2   0    4   1   2   2   1   8  30   1   4   4   3   0   6   3  17   3   2   1   1   8  0.60 0.50
  292 Y    -2   0  -2  -5  -3   0  -1  -5  -1   0   0   5  -2  -1  -5  -3  -2  -1   0   2    4   4   2   0   1   4   5   1   2   5  10  36   1   3   0   1   2   1   4  17  0.60 0.47
  293 L    -2  -3  -6  -7  -3  -1  -5  -4  -4   5   2  -2   1  -3  -5  -4  -3  -6  -5   4    3   1   0   0   0   3   0   1   1  29  19   3   4   1   1   1   1   0   0  32  0.98 0.58
  294 L     0  -6  -6  -6   0  -3  -6  -5  -6   3   0  -6   0  -1  -6  -1   4  -6  -5   5    7   0   0   0   2   1   0   1   0  13   6   0   2   2   0   4  23   0   0  38  0.98 0.62
  295 G     4  -4   0   0   3  -3  -2   2  -2  -5  -4  -4  -2  -3  -5   2  -2  -2   0  -5   39   0   5   5   6   1   2  18   1   0   1   0   1   1   0  13   2   1   3   0  0.73 0.54
  296 A     2  -3   0   0  -5   0  -2  -2  -2  -1  -4   2   0  -3   4   1   1  -6  -3  -2   17   1   4   5   0   3   1   3   1   4   1  12   2   1  23  12   8   0   1   2  0.48 0.41
  297 D     1  -4   0   5  -6  -1   3   0  -2  -3  -2  -3  -1  -5  -2  -1  -1  -7  -2  -3   10   1   3  35   0   2  20   7   1   2   4   1   1   0   2   4   4   0   2   2  0.71 0.51
  298 A     5  -6  -6  -6   5  -5  -6  -4  -3  -4   2  -6   1  -1  -6   1  -2  -6  -2  -1   41   0   0   0  12   0   0   1   1   0  23   0   4   3   0   9   2   0   1   4  0.98 0.65
  299 G     1  -7  -6  -7  -4  -7  -7   7  -7  -4  -6  -7  -2  -4  -7  -4  -6  -7  -2  -4   12   0   0   0   0   0   0  80   0   1   1   0   1   1   0   1   0   0   2   1  2.12 1.04
  300 Y    -2  -4  -7  -7   0  -2  -3  -6   2  -2  -2  -3  -1   5  -7  -4  -4   0   8   0    3   1   0   0   2   2   2   0   4   2   4   2   2  22   0   1   1   1  46   6  1.53 0.80
  301 L    -4  -5  -7  -8  -2  -6  -5  -8  -3   0   5  -5   1   5  -7  -6  -3   0   0  -1    2   0   0   0   1   0   1   0   1   3  61   0   2  19   0   0   1   1   3   3  1.38 0.72
  302 I    -3  -5  -7  -8  -6  -7  -7  -6  -6   5   2  -7   1   6  -7  -6  -5   3   0  -1    2   1   0   0   0   0   0   1   0  34  19   0   3  32   0   0   0   4   3   3  1.41 0.70
  303 S     1   0   0  -2  -5   3   0  -3  -3  -3  -4   3  -4  -4  -3   1   3  -6  -2  -3   10   5   3   1   0  16   6   2   0   1   1  18   0   1   1  12  21   0   2   1  0.52 0.44
  304 G     0  -5   6   4  -6  -3  -2   2  -4  -7  -7  -3  -6  -7  -6   0   0  -7  -6  -6    7   0  34  25   0   1   2  16   0   0   0   1   0   0   0   8   6   0   0   0  1.13 0.65
  305 I     3  -6  -6  -7   5  -6  -6  -6  -6   1  -2  -6  -2  -5  -3  -4   1  -7  -6   5   28   0   0   0  11   0   0   0   0   6   3   0   1   0   1   0   7   0   0  42  1.18 0.66
  306 N    -2  -6   0  -6  -5  -6  -6  -1  -6   4   2  -4  -3   0  -6  -4  -2  -6  -4   5    2   0   5   0   0   0   0   6   0  20  18   1   0   4   0   1   2   0   0  42  0.93 0.51
  307 G     7  -5  -5  -5  -4  -5  -5   2  -5  -5  -5  -5  -5  -6  -5  -3  -4  -6  -6  -4   84   0   0   0   0   0   0  16   0   0   0   0   0   0   0   0   0   0   0   0  1.84 0.80

                      K         Lambda
Standard Ungapped    0.1358     0.3155
Standard Gapped      0.0439     0.2670
PSI Ungapped         0.1434     0.3179
PSI Gapped           0.0439     0.2670
