
Last position-specific scoring matrix computed, weighted observed percentages rounded down, information per position, and relative weight of gapless real matches to pseudocounts
            A   R   N   D   C   Q   E   G   H   I   L   K   M   F   P   S   T   W   Y   V   A   R   N   D   C   Q   E   G   H   I   L   K   M   F   P   S   T   W   Y   V
    1 M    -2  -3  -4  -4  -2  -3  -4  -4  -4   2   3  -3   2  -1  -3  -3  -1  -3  -2   3    0   0   0   0   0   0   0   0   0  12  47   0   5   0   0   0   0   0   0  35  0.55 0.16
    2 G     0  -2  -1   2  -4   2   3   4  -2  -4  -4   0  -3  -4  -2   0  -2  -4  -3  -3    5   0   0   9   0  10  29  35   0   0   0   4   0   0   0   8   0   0   0   0  0.55 0.19
    3 A     5  -1  -2  -1  -2   1  -2   0  -3  -1  -2   1  -2  -4  -2  -1   0  -4  -3  -2   63   3   0   3   0   7   0   3   0   3   3   9   0   0   0   0   5   0   0   0  0.54 0.30
    4 G     2   0   1  -2  -3  -1  -2   3  -2  -3  -2  -2  -3  -1  -3   3   1  -4  -3  -3   19   5   8   0   0   3   0  25   0   0   3   0   0   3   0  29   6   0   0   0  0.42 0.25
    5 G     1  -2  -1  -1  -2  -2  -1   0  -3   1   2  -1   1  -1  -3   0   1  -3  -1   1   13   0   2   4   0   0   3   9   0  11  30   2   5   0   0   5   8   0   2   6  0.13 0.13
    6 F     2  -3  -3  -3  -2  -2  -3  -1  -3  -1   0  -3  -1   3  -3   0   2   2   1   1   26   0   0   0   0   2   0   5   0   0   9   0   0  19   0   4  20   3   3  11  0.32 0.25
    7 R     1   3   1  -1  -3   1   2  -3   0  -1  -1   1  -2  -3  -3   0   0  -3   0   0   12  23   7   2   0   7  14   0   2   3   5   5   0   0   0   4   5   0   3   8  0.22 0.18
    8 K    -1   0   1   2  -4   1   4  -2  -2  -4  -3   2  -3  -5  -3   0  -1  -5  -4  -1    3   3   5  12   0   6  37   1   0   0   2  14   0   0   0   8   4   0   0   6  0.53 0.33
    9 N     1  -1   3   1  -3   1  -1  -1   1  -2  -3  -1  -3  -4  -3   1   3  -1  -2  -1   11   3  17   6   0   7   3   3   3   2   1   1   0   0   0  12  24   1   1   5  0.31 0.27
   10 T     1   1   0  -2  -3   0  -1  -2  -3   1  -2   0  -2  -2  -3   1   4  -4  -3   1   10   8   4   1   0   3   3   2   0   7   2   5   0   1   0   9  32   0   0  11  0.30 0.28
   11 G     4  -1  -1  -2  -3  -1  -2   3  -3  -3  -2  -1  -3  -4   0   1   0  -5  -4  -1   40   2   2   1   0   2   2  23   0   0   5   2   0   0   3   9   4   0   0   5  0.48 0.35
   12 R     0   3   1   0  -4   2   0  -1  -1  -2  -2   2   0  -1   0   0   1  -4  -2  -3    6  20   5   6   0  10   3   3   1   2   4  14   2   2   5   6   8   0   1   0  0.23 0.20
   13 N     3  -3   2  -1  -3   0  -2   3  -3  -1  -3  -2  -3  -4   1   0   1  -5  -4  -1   26   0  11   3   0   5   1  24   0   4   1   1   0   0   7   7   8   0   0   3  0.40 0.31
   14 N    -1  -3   4   5  -5   0   0   1  -3  -1  -4  -3  -2  -3  -2   0  -1  -6  -4  -2    6   0  22  35   0   4   4  10   0   3   1   0   1   1   1   5   4   0   0   3  0.66 0.42
   15 T     0  -1   1  -2  -4   1   0   0   0  -1  -4   0  -2  -4  -3   2   4  -5  -2  -3    9   3   6   2   0   6   4   8   2   4   0   4   1   0   0  13  37   0   1   0  0.46 0.38
   16 T     2  -1  -2   1  -3   1   0  -2  -2  -1  -1  -2  -2  -2  -1   0   4  -4  -3  -1   20   3   1   8   0   6   5   2   1   3   6   2   1   2   3   4  31   0   0   3  0.32 0.32
   17 L    -1  -3  -3  -3  -4  -2  -4  -2   0   2   2  -2  -2   1  -1  -1  -1  -2   5   0    4   1   1   1   0   2   0   3   2  10  25   2   0   5   3   4   4   0  29   6  0.49 0.36
   18 P     1  -1   0  -2  -4  -1  -1  -1  -2  -4  -4  -1  -2   1   1   1   1   4   5  -2   14   3   3   2   0   2   4   4   0   0   0   4   1   4   8  12  10   6  22   2  0.38 0.33
   19 Y     0  -2  -2  -1  -4   0   0   0  -1  -2   0   0  -1   3  -3   0   0   3   4  -1    6   1   1   3   0   5   7   8   1   1   7   5   2  12   1   7   6   4  21   3  0.26 0.24
   20 N    -1   1   0   1  -4   1   1  -2  -2  -4  -2  -1  -3  -1  -3   0   0   5   5  -2    5   8   5   9   0   6  10   2   0   0   3   2   0   1   1   8   6  10  21   2  0.45 0.36
   21 V     0  -2  -2  -4  -3  -1  -3  -3  -4   4   1  -3   1  -1  -4  -2   0  -5  -3   4    7   2   2   1   0   3   1   2   0  28  11   1   2   2   0   3   5   0   1  31  0.54 0.37
   22 G     0   4   0   0  -4   1   0   1  -2  -4  -3   1  -3  -1  -2   2   1  -4  -2  -2    6  27   3   4   0   8   5  11   1   0   1   6   0   3   1  14   7   0   1   2  0.37 0.31
   23 F     1  -1   0  -1  -3   0  -1   0  -1   0  -1   0   0   1  -3   1   2  -3  -1   0   13   3   4   2   0   4   2   8   1   5   6   4   2   8   0  15  13   0   2   7  0.10 0.15
   24 L    -1  -1  -2  -1  -3  -1  -3  -2  -3   2   1  -1   0  -1  -3  -1   1   1   1   3    5   3   2   3   0   3   0   2   0  15  17   4   1   2   1   2   8   2   5  24  0.22 0.22
   25 N     0  -1   5   2  -5   1   1  -1  -3  -3  -4   0  -4  -5  -4   1   0   0  -4  -3    7   3  33  12   0   6   7   4   0   2   1   6   0   0   0  11   5   1   0   1  0.60 0.42
   26 N     1  -1   3   1  -2  -1  -1   0  -2  -1  -1   0  -2  -3  -2   1   2  -2  -2  -1   14   3  20   9   1   2   4   6   0   3   5   4   1   1   1   8  12   0   1   5  0.22 0.23
   27 V     1  -2   0  -3  -3   0  -2  -2  -1   2   0  -1  -1   1  -3   0   0  -1   2   2   14   1   4   1   0   4   1   3   1  12  10   5   1   5   0   7   7   0   9  16  0.15 0.18
   28 Q     1   0  -1  -1  -3   2   0   2  -2   0  -1   0  -1  -1  -3   1   0  -4  -2   0   10   5   3   2   0  12   4  20   0   7   5   4   1   2   0  10   6   0   0   8  0.16 0.19
   29 D     1   0   0   2  -4   0   1  -1  -1  -1  -2   2  -2  -2  -3   0   2   0  -1  -1   11   6   5  14   0   4   9   3   1   3   2  13   0   2   0   7  13   1   2   3  0.19 0.20
   30 T     1  -1  -1  -1  -2   0   0  -1  -3   2   0  -1  -1  -3   1   1   2  -4  -2   1    9   2   2   4   0   5   4   3   0  14   7   2   1   0   6  14  16   0   1  10  0.16 0.21
   31 E     1  -2   0   2  -4   2   1   0  -2  -2  -2  -1  -1  -4  -1   1   1  -3  -3   0   12   1   4  15   0  11   8   8   1   2   2   3   1   0   2  11  11   0   0   7  0.23 0.24
   32 T     0  -1   0   3  -4   2   0  -2  -2  -2  -2   0  -2   1  -1   0   2   1   0  -2    9   3   4  19   0   9   4   2   0   1   4   5   0   7   3   7  15   2   3   2  0.23 0.25
   33 Y     0  -1   1  -1  -3  -2  -2  -2  -2   1   1  -2   1   1  -2  -1   2   1   2   1    7   3   7   3   0   1   2   2   0   9  15   1   3   6   2   4  14   2   7  12  0.13 0.17
   34 N     0  -1   3   3  -4   1   2  -1  -1  -2  -4  -1  -3  -4  -1   1   1  -5  -2  -2    9   2  17  19   0   7  11   3   2   2   1   3   0   0   3   8   7   0   1   3  0.35 0.29
   35 V     3  -2  -2  -1  -3   0  -1  -1  -3  -1  -1   0  -1  -3  -2   2   3  -2  -2   1   24   1   1   3   0   4   3   5   0   3   4   4   1   1   2  13  18   0   1  11  0.27 0.29
   36 A     4  -1  -1  -2  -4   0  -1   1  -4  -2  -3  -1  -2  -4  -2   2   1  -5  -3  -1   37   3   3   2   0   4   4   9   0   2   2   3   0   1   1  14   9   0   0   5  0.41 0.36
   37 V     1  -2  -2  -1  -3  -1  -2  -2  -3   3   2  -2   1  -1  -2   0   0  -2  -1   1   11   1   2   3   0   2   2   3   0  17  25   1   2   2   1   6   7   1   2  11  0.21 0.21
   38 Y     1  -2   0  -2  -3   0   0  -1  -2   1  -1  -1  -1  -1  -3   2   2   1   1   0   14   1   5   2   0   5   5   4   0   8   6   4   2   2   0  15  13   2   7   6  0.14 0.19
   39 D     0  -1   0   3  -2   2   2  -3  -3  -3  -3  -1  -3  -5  -2   2   2  -5  -4  -1    8   3   4  20   1  10  13   1   0   1   1   2   0   0   2  15  14   0   0   4  0.44 0.37
   40 E    -1   0   0   2  -4   2   3  -2  -2   0   0   0  -1  -2  -2  -1   0  -4  -3  -1    5   4   4  11   0   8  21   3   0   5  13   6   1   1   1   3   6   0   1   5  0.20 0.22
   41 L     1  -1  -1  -1  -3   0   0  -1  -3   2   1  -1  -1  -1  -3   0   1  -2  -1   1   15   3   2   2   0   5   6   4   0  14  12   3   1   2   0   7  10   0   2   9  0.10 0.15
   42 Q     0  -1   2   1  -4   3   2  -1  -3  -2  -2   1  -2  -2  -3   1   1  -2  -2  -2    7   3   9   9   0  16  12   4   0   3   3   9   1   1   1   9  10   1   1   2  0.27 0.27
   43 K     3   0  -1   0  -3   1   1   0  -2  -3  -2   0  -3  -4  -2   1   2  -5  -4  -1   27   6   3   6   0   5   7   6   1   1   4   6   0   0   1   9  14   0   0   5  0.27 0.28
   44 V    -1   2  -1  -2  -3   0  -2  -3  -3   2   1  -1   0  -2  -3  -1   2  -3  -2   2    4  13   3   2   0   5   2   1   0  15  14   2   2   1   1   4  12   0   1  17  0.24 0.24
   45 S     3   0  -1   1  -4   0   0  -1  -3  -2  -3   0  -2  -3  -3   1   2  -5  -3   0   33   4   2   7   0   4   5   4   0   2   2   5   1   1   1  10  11   0   1   7  0.32 0.32
   46 T     1   1   1   2  -4   0   1  -1  -3  -3  -3   0  -3  -5  -3   2   3  -4  -3  -1   11   8   7  10   0   4   7   5   0   1   3   5   0   0   1  13  22   0   0   4  0.31 0.31
   47 A     3  -1  -1   0  -3   0   0  -1   0  -1   0   0  -1  -4  -2   0   0  -2  -3   0   32   3   3   6   0   4   6   5   2   3  11   5   1   0   1   5   5   1   0   7  0.22 0.25
   48 T    -1  -1   1   3  -3   0   0  -3  -3   1   1  -1  -2  -1  -3   0   2  -3  -3   1    3   3   5  18   0   5   4   2   0   9  12   3   1   3   1   6  14   0   1  11  0.21 0.24
   49 N     2  -3   2   2  -4   1   2   1  -3  -4  -4   0  -4  -4  -4   2   2  -5  -4  -2   15   0  10  10   0   5  13   9   0   1   1   4   0   1   0  16  12   0   0   2  0.39 0.35
   50 Q     3  -1  -1   1  -4   2   2  -1  -3  -3  -3  -1  -3  -3  -4   1   1  -2  -3  -3   26   3   3   8   0  11  15   5   0   2   2   3   1   1   0  11   7   1   1   1  0.38 0.36
   51 M     0  -2   0  -2  -4   0  -3  -4  -3   2   3  -2   2  -1  -3  -2   1  -1  -2   1    9   1   5   2   0   4   1   0   0  12  34   1   4   2   1   3   9   1   1   9  0.35 0.30
   52 F     2  -1   1   1  -3   1   0   1  -2  -1  -1  -1  -2  -2  -1   1   2  -4  -2  -1   19   2   8   7   0   5   5   9   1   4   5   3   1   2   2  12  12   0   1   3  0.17 0.21
   53 Q     2  -1   1  -1  -4   2   1   0  -1  -3  -3   0  -2  -5  -3   2   2  -5  -4  -2   18   3   5   3   0  11   9   8   1   1   2   5   1   0   1  16  13   0   0   2  0.31 0.31
   54 A     2   3   1   0  -4   2   0  -2  -2  -2  -2   0  -2  -4  -4   0   1  -3  -3  -2   21  19   7   5   0   9   5   3   0   2   4   5   1   0   0   7   8   0   1   3  0.31 0.31
   55 I    -1  -2  -2  -3  -4  -4  -2  -4  -5   5   1  -2   0   0  -4  -2  -1  -2  -1   3    4   2   2   1   0   0   3   1   0  31  14   2   2   4   1   2   4   0   2  22  0.55 0.38
   56 D     2  -2   1   3  -4   1   1  -1  -3  -3  -4  -1  -4  -5  -3   1   3  -4  -4  -2   16   2   6  17   0   7   7   5   0   1   1   4   0   0   1  12  18   0   0   2  0.42 0.38
   57 E     1   0   1   2  -4   2   1   1  -2  -2  -2   0  -3  -3  -3   1   1  -5  -2  -2   14   4   7  11   0  12   9   9   0   2   4   5   0   1   1   9   9   0   1   3  0.21 0.23
   58 I     1  -2  -2  -4  -4   0  -3  -4  -4   3   2  -3   0  -1  -4  -2  -1  -5  -1   3   12   2   2   1   0   6   2   1   0  19  23   1   2   2   1   2   3   0   2  20  0.43 0.34
   59 H     0   0   1   1  -3   1   1   0  -1  -1  -2   1  -2  -1  -2   1   1   0   1  -1   10   4   6   6   0   8  11   6   1   4   4   8   0   2   0   9  10   1   5   4  0.11 0.15
   60 E     2  -2   0   1  -3   2   1   1  -3  -2  -2  -1  -3  -5  -3   2   3  -5  -3  -2   15   2   4   7   0  10   8  11   0   2   3   3   0   0   1  14  18   0   1   2  0.31 0.31
   61 E     0   0   0   2  -5   3   3  -1  -2  -2  -2   1  -3  -3  -3   0   0  -2  -1  -2    7   5   4   9   0  13  24   4   0   2   4   7   0   1   0   7   7   0   2   3  0.33 0.31
   62 I     0  -2  -3  -3  -4   0  -2  -4  -4   4   2  -2   1  -1  -4  -2   1  -3  -1   2   10   3   1   2   0   5   2   1   0  25  17   2   3   2   0   3   7   0   2  16  0.37 0.30
   63 D    -1  -2   2   3  -5   2   2  -1  -4  -3  -3   1  -4  -4  -4   1   3  -3  -3  -2    6   1   9  20   0   8  11   4   0   2   2   7   0   1   0   9  17   0   1   2  0.42 0.37
   64 V     3  -2   0   2  -3   1  -1   0  -3  -1  -3  -1  -3  -4  -3   1   1  -3  -3   1   28   2   5  10   0   6   3   8   0   3   2   3   0   0   1   8  10   0   1   9  0.28 0.30
   65 R     1   3   3   0  -4   2   0  -2  -2  -1  -1   1  -2  -4  -2   0   1  -5  -3  -1   10  16  15   5   0  10   4   3   1   4   5   6   1   0   1   4   9   0   0   5  0.25 0.26
   66 I     3  -3   0   0  -3  -1  -1   0  -2   1  -1  -1  -1  -1  -3   0   2  -4  -1   1   26   1   4   5   0   3   4   5   1  10   5   2   1   3   0   6  12   0   2   9  0.18 0.23
   67 K     2  -1   1   2  -4   1   1   0  -2  -3  -3   0  -3  -3  -3   2   2  -4  -2  -2   16   3   7  10   0   6   9   7   0   1   3   6   0   1   0  14  15   0   1   3  0.27 0.27
   68 A     4  -1  -1   0  -4   2   0   0  -2  -3  -2  -1  -3  -4  -3   1   0  -5  -3  -1   34   3   3   6   0  11   5   7   1   1   4   4   0   0   1   9   6   0   0   3  0.38 0.36
   69 L     0  -2   1   2  -3  -1  -1  -2  -1   3   1  -2   0  -1  -4  -1   0  -3  -2   1    7   2   6  15   0   2   2   3   1  19  15   2   2   2   0   3   6   0   1  12  0.21 0.22
   70 N     0  -1   2   1  -4   1   1  -2  -1  -2  -2  -1  -2  -3  -3   2   2  -5  -3  -2    9   3  12   9   0   5  11   2   1   3   5   3   1   1   0  17  16   0   0   2  0.30 0.30
   71 A     4  -1  -1  -2  -4   1   0   0  -3  -2  -2  -1  -3  -5  -3   2   0  -5  -4  -1   39   2   3   2   0   7   6   7   0   2   3   4   0   0   0  14   5   0   0   4  0.48 0.41
   72 M     0  -2  -1  -2  -4   2   0  -4  -3   1   3  -2   2  -2  -2  -1   1   0  -2   0    7   1   4   2   0   9   5   1   1   9  31   2   4   1   1   4   9   1   1   6  0.27 0.27
   73 N     2  -2   2   1  -4   2  -1   0  -2   0  -2   0  -2  -3  -3   1   1  -3  -2  -1   21   1  10   8   0   9   3   6   1   7   3   6   0   1   0  11   8   0   1   3  0.22 0.25
   74 L     1  -1   0  -1  -4   3  -1   0  -2  -2  -2   0  -1  -4  -4   3   2  -5  -4  -1   13   3   4   3   0  13   3   7   1   2   5   5   2   0   0  20  16   0   0   4  0.32 0.34
   75 Q     1   3   0   0  -4   3   0  -2  -1  -3  -2   1  -2  -4  -3   1   1  -1  -3  -3   14  18   4   5   0  12   6   3   1   1   4   9   1   1   1   9   8   1   1   2  0.31 0.30
   76 F    -1  -1  -2  -3  -4  -2  -3  -3  -4   4   2  -3   0   0  -3  -1   0  -2  -1   3    5   4   2   2   0   2   1   2   0  24  16   1   2   3   1   4   6   0   2  22  0.40 0.31
   77 D     0  -2   1   4  -5   0   1   1  -2  -3  -4   0  -4  -5  -4   1   2  -3  -3  -2    8   2   7  21   0   4  11  11   0   1   1   6   0   0   0  12  12   0   1   2  0.39 0.34
   78 E     0  -2   2   1  -4   2   1   1  -3  -2  -2  -1  -3  -4  -3   1   3  -5  -3  -2    9   2   8   9   0  10   7  10   0   3   3   3   0   1   1  12  20   0   0   3  0.30 0.31
   79 L     2  -3  -1  -2  -2  -2  -2  -3  -2   1   2  -2   0  -2  -4   0   1  -2  -2   2   20   1   4   2   0   2   2   2   1   9  24   2   2   1   0   5   7   0   1  15  0.27 0.27
   80 E     0  -1   0   2  -4   2   3  -2  -1   0  -2  -1  -2  -2  -3   0   0  -1   0   1    9   3   5  10   0   8  19   3   1   4   3   3   1   1   0   7   7   1   3  10  0.18 0.21
   81 N     3  -2   1  -2  -4   1  -1   1  -3  -2  -4  -1  -3  -4  -4   2   2  -3  -4  -1   29   2   6   1   0   7   4  10   0   2   0   3   0   1   0  18  12   0   0   4  0.46 0.41
   82 R     1   2   1   0  -4   2   0   0  -2  -3  -3   1  -2  -4  -3   0   1  -3  -2  -1   14  11   7   6   0  12   5   6   1   1   2  10   1   0   0   7  10   0   1   4  0.24 0.25
   83 I     1  -2  -2  -3  -2  -1  -2  -3  -3   3   2  -1   0   0  -3  -1   1   1  -1   2   12   2   2   1   0   3   2   2   0  17  17   4   2   4   1   3   9   2   1  18  0.24 0.23
   84 T     1   0   2   2  -4   1   0   0  -2  -2  -2   0  -2  -3  -3   1   3  -1  -2  -1   11   4   8  11   0   5   6   6   0   2   3   4   1   1   1   9  21   1   1   4  0.25 0.26
   85 T     1  -1   0   0  -3   2   0   0  -2  -1  -1  -1  -3  -2   0   2   2  -3  -3  -1   13   2   3   5   0  10   6   8   1   4   4   3   0   2   4  13  15   0   1   4  0.17 0.21
   86 E     1   0   2   2  -4   2   2  -2  -1  -1  -2   0  -1  -3  -2   1   0  -3  -2  -1   14   5  10  11   0   8  12   2   1   4   4   5   1   1   1  10   4   0   1   5  0.18 0.20
   87 I     0  -1   1  -1  -3   1  -1  -1  -2   2   1  -1   1   0  -1  -1   1  -2  -2   0   10   2   7   2   0   8   3   3   0  15  17   2   3   3   2   4   8   0   1   7  0.11 0.15
   88 E     2  -2   1   2  -4   1   3   1  -3  -3  -4   0  -3  -5  -3   1   1  -5  -4  -2   18   1   5  11   0   7  18   9   0   1   1   5   0   0   1  13   8   0   0   2  0.37 0.34
   89 T     2  -1   1   1  -4   1   0   0  -3  -2  -2   0  -2  -4  -3   1   2  -5  -2  -1   20   3   6   8   0   8   5   8   0   2   3   6   1   0   1  10  15   0   1   3  0.25 0.27
   90 A     2   1   0  -1  -3   0  -2  -2  -3   1   1  -1   0  -1  -3   0   0  -3  -1   1   20   9   5   3   0   5   1   2   0   8  12   4   2   2   1   7   7   0   1  11  0.12 0.17
   91 I     1  -1   0  -1  -3   0   0  -2  -2   2   1  -1   0  -1  -3   0   1  -3  -1   1   11   3   5   4   0   3   6   2   1  17  13   3   2   2   0   7   9   0   2   8  0.11 0.15
   92 A     3  -2   2   1  -4   0   0  -1  -2  -3  -3  -1  -2  -4  -3   2   2  -3  -3  -1   28   1   8   8   0   3   5   4   1   1   2   2   1   0   1  15  14   0   1   4  0.39 0.36
   93 D     2  -1   2   1  -4   3   1   0  -3  -3  -3   0  -2  -3  -3   1   2  -4  -3  -2   16   3   8   8   0  12  10   7   0   1   2   4   1   1   1   8  13   0   1   2  0.28 0.28
   94 I     0  -2  -1   0  -3  -1  -1  -2  -2   2   2  -2   0  -1  -3  -1   0  -1   0   1    8   2   3   5   0   3   5   4   1  13  26   1   1   2   1   5   5   1   3  12  0.17 0.19
   95 Q     1   0   1   1  -3   2   1  -1   0  -2  -1   0  -1  -2  -3   1   1  -2  -1  -1   11   6   6   8   0   9   8   4   2   2   5   6   1   1   0  13  10   0   2   5  0.14 0.17
   96 T     3   0   0  -1  -4   1  -1   0  -2  -1  -2  -2  -3  -4  -2   1   3  -3  -3  -1   25   4   5   3   0   7   4   6   1   3   3   2   0   1   2   9  22   0   1   3  0.34 0.33
   97 Q     1   1   1   0  -4   3   1  -2  -2   0  -1   0  -1  -3  -3   0   1  -3  -1   0   12   6   7   5   0  16   7   2   0   6   6   4   1   1   1   5  12   0   2   7  0.18 0.22
   98 M     2   0  -1  -1  -3   1  -1  -2  -2   2  -1  -1   0  -1  -2   0   1  -2   0   2   21   5   2   3   0   6   3   3   1  11   5   2   2   2   1   6   9   0   3  14  0.14 0.19
   99 G     1   0   2   1  -4   1   0   1  -3  -2  -1  -1  -2  -4  -2   1   2  -3  -2  -2   14   4  10   7   0   8   4  12   0   2   5   3   1   0   1  10  16   0   1   2  0.22 0.24
  100 N     1   0   3   2  -4   2  -1   0  -2  -2  -2   0  -2  -3  -2   1   0  -5  -3  -1   14   6  17  12   0   9   3   7   0   2   4   5   1   1   1   9   5   0   1   4  0.25 0.25
  101 L     1   0  -1  -1  -3   0   0  -1  -2   2   1  -1   0  -1  -1  -1   0  -1  -1   1   15   4   3   4   0   4   5   3   0  14  18   3   2   2   2   3   7   1   2   8  0.08 0.13
  102 S     2  -1   1   1  -3   1   0   0   0  -2  -2  -1  -2  -3  -2   1   2  -2  -2   0   17   3   7   8   0   6   6   8   2   2   3   3   1   1   1  13  12   1   1   9  0.17 0.20
  103 T     1  -2   1  -1  -3   0  -1   0  -2   0   0  -1  -1  -2  -2   2   2  -4  -1   0   15   1   6   3   0   5   2   7   1   5   8   4   1   2   1  16  16   0   2   5  0.16 0.20
  104 E     1  -1   0   1  -3   2   2   0  -1  -1   0   0  -1  -3  -2   0   1   1  -2   0   14   2   5   9   0  12  12   6   2   2   8   4   2   0   1   4   9   2   1   7  0.14 0.18
  105 D     0   0   0   1  -3   1   1   0  -1  -1  -1   0  -1  -2  -2   1   1   1  -1  -1    9   4   4   9   0   8   8   8   1   5   5   4   1   1   1  12  10   2   3   5  0.10 0.13
  106 I     2   0   0   0  -3   1   0  -2  -2   0  -1  -1  -2  -1  -2   1   2  -1  -2   0   17   4   5   4   0   6   7   2   1   7   6   3   0   3   1  11  13   1   1   7  0.11 0.16
  107 W     2   0   0   0  -3   1   0  -1  -2   0  -1   0   0  -2  -2   0   1   1  -1   0   20   5   4   6   0   8   4   3   1   5   6   7   2   1   1   8   8   2   2   7  0.10 0.15
  108 D     1   1   1   1  -3   1   0  -2  -2   1  -1   0  -1  -1  -2   0   1   0  -1   0   11   7   8  10   0   7   6   2   0  10   5   6   1   2   1   5   7   1   2   6  0.09 0.12
  109 N     2  -1   1   0  -3   0   0   1   0  -1  -2  -1  -2  -2  -2   1   2  -1  -3  -1   22   2   6   6   0   4   5  13   2   3   3   3   1   2   1   9  12   1   1   5  0.19 0.21
  110 S     0   0   1   1  -3   2   0  -1  -2  -1   0   0  -1  -1  -2   1   1   0  -1   0    9   5   7   8   0  10   4   5   0   4   8   4   1   2   0  13   9   2   2   7  0.09 0.13
  111 V     3  -1   1  -1  -2  -1  -1   0  -2   0   0  -1   0  -2  -2   0   1   0  -1   1   27   2   7   3   0   2   4   5   0   7   7   2   2   1   1   7  10   1   2   9  0.16 0.20
  112 Q     1  -1   0   2  -4   3   1   0  -2  -1  -2   1  -2  -3  -2   1   1  -3  -2  -2   10   3   5  11   0  13   7   6   1   4   3   9   0   1   1  12  11   0   1   3  0.20 0.22
  113 P     3   0   1   0  -3   0  -1  -1  -3  -1  -2  -1  -1  -3  -3   1   1  -4  -3   0   30   4   6   4   0   5   4   5   0   4   3   4   1   1   1  12  10   0   1   6  0.26 0.27
  114 P     0   0   2   2  -3   0   0  -1  -2   0   0   0  -1   0  -2   0   0  -1   0   0    9   5  10  13   0   5   5   4   0   8   7   5   1   4   1   6   6   1   3   6  0.07 0.09
  115 V     2  -1   1  -1  -2   0   0   0  -3   1   0  -1  -1  -3  -3   1   1  -3  -2   1   19   2   6   3   0   4   5   8   0  10   7   3   1   1   0  10   9   0   1   9  0.12 0.16
  116 K     2  -1   0   1  -3   2   1  -1  -3  -1  -2   0  -2  -3  -3   1   2  -2  -2  -1   23   2   3   8   0  10   9   4   0   4   2   6   1   1   1  11  11   1   1   3  0.24 0.26
  117 L     0  -2   0  -2  -3  -1  -2  -2  -3   2   2  -2   1  -1  -3  -1   1  -1  -1   2    7   1   5   1   0   2   2   2   0  14  25   1   3   2   0   5   9   1   2  15  0.24 0.22
  118 E     1   0   0   0  -4   3   2  -1  -3  -3  -3   1  -2  -4  -2   1   1  -2  -3  -1   14   5   4   5   0  14  16   4   0   1   2   7   0   1   1  11  10   1   0   4  0.29 0.28
  119 S     2  -1   0   0  -2   2   0   0  -2  -2  -3  -1  -2  -5  -2   3   2  -3  -4  -1   18   3   5   5   1  11   5   8   0   2   2   3   1   0   1  20  12   0   0   3  0.31 0.31
  120 T     0   1   0   1  -4   2   1  -1  -2  -2  -2   1  -2  -3  -2   1   2  -2  -2  -1    7  10   4   9   0  10  11   4   1   2   5   7   0   1   1  11  12   1   1   4  0.20 0.21
  121 V     1  -2  -2  -2  -3   0  -3  -3  -3   4   0  -2  -1  -1  -4  -2   0   0  -2   3   12   2   2   2   0   5   1   2   0  23   9   2   1   2   0   3   5   1   1  26  0.38 0.31
  122 S     1   0   3   2  -4   0   0  -1  -3  -3  -3   0  -3  -4  -3   2   2  -5  -3  -2   10   6  14  14   0   3   4   3   0   1   2   6   0   0   0  16  16   0   1   3  0.36 0.31
  123 G     2  -1   0   0  -3   1   0   0  -2  -1  -2  -1  -3  -4  -3   1   3  -4  -2  -1   21   2   4   5   0   7   7   8   1   3   4   3   0   0   0   8  21   0   1   4  0.27 0.28
  124 F     0   0   1  -1  -3   0  -1  -3  -2   1   2  -1   0  -1  -2  -1   0  -1  -1   2    7   7  10   3   0   4   3   1   1   9  19   3   2   2   1   3   6   1   2  17  0.12 0.16
  125 K     3   0   1  -1  -4   1   1  -1  -2  -2  -3   1  -3  -2  -3   1   1  -3  -3  -1   26   5   6   3   0   8   7   5   0   3   2   9   0   2   0  12   8   0   1   3  0.25 0.27
  126 T     2  -2   1   2  -4   1  -1   0  -4  -3  -4   0  -4  -4  -3   2   4  -4  -4  -2   18   2   6  10   0   7   3   6   0   1   1   4   0   1   1  13  25   0   0   3  0.43 0.39
  127 S     2  -1   0   0  -4   1   1  -1  -2  -2  -2   0  -2  -3  -3   1   2  -3  -1  -3   22   2   4   6   0   8   9   5   1   2   3   5   1   1   0  12  16   0   2   1  0.28 0.29
  128 I     1  -2  -1   0  -3  -1  -1  -3  -4   3   1  -3   1   0  -4  -1   0  -4   0   3   10   2   3   6   0   2   3   1   0  17  12   1   3   4   0   4   5   0   3  25  0.28 0.25
  129 E     1  -1   2   1  -4   1   1   1  -3  -3  -2   0  -2  -4  -3   2   1  -4  -3  -2   14   2  11   8   0   7   9  11   0   1   4   5   0   0   0  14  10   0   1   2  0.26 0.26
  130 G     4  -3   0   1  -4   0   0   1  -4  -3  -3  -1  -4  -5  -4   1   1  -5  -4  -2   37   1   5   7   0   5   7  10   0   1   2   3   0   0   0  11   9   0   0   2  0.48 0.40
  131 N    -1  -2   3  -1  -4   2  -1  -3  -1   0   2  -1   1  -2  -3  -1   1  -2  -1   0    5   1  19   4   0  10   3   2   1   5  22   3   3   1   0   3   8   1   2   7  0.24 0.27
  132 T     3  -1   0   0  -3   0  -1  -1  -3   0  -2   0  -2  -2  -3   2   2  -4  -2  -2   25   2   4   4   0   4   4   4   0   5   4   7   1   2   1  15  16   0   1   2  0.27 0.29
  133 T     3  -1  -1  -2  -3   2   0  -2  -3  -3  -4   0  -3  -4  -3   2   4  -3  -4  -2   23   4   2   2   0   9   6   2   0   1   1   5   0   0   1  14  27   0   0   2  0.51 0.44
  134 K     2   2  -1   0  -4   4   0  -3  -2  -3  -2   1  -1  -3  -3   1   1  -2  -2  -2   16  13   2   4   0  19   6   1   1   1   4   6   1   1   0  12   9   0   1   3  0.36 0.34
  135 I     0  -2  -2  -3  -4  -1  -2  -5  -5   5   1  -3   0  -1  -5  -3  -1  -5  -2   4    8   2   2   1   0   3   3   0   0  34   9   1   2   2   0   2   4   0   1  25  0.66 0.43
  136 Q     0  -1   1   2  -4   3   1  -1  -2  -2  -4  -1  -4  -4  -3   1   3  -5  -3  -2    7   3   7  14   0  16   7   4   1   2   1   3   0   0   0  11  20   0   1   2  0.42 0.37
  137 T     1  -1   0   1  -5   3  -1  -2  -3  -3  -3  -1  -3  -4  -4   1   5  -6  -4  -2   10   3   5   6   0  13   4   2   0   1   2   2   0   1   0   9  37   0   0   2  0.61 0.49
  138 V     1  -2  -2  -2  -3  -1  -2  -3  -3   2   2  -3   0  -2  -3  -2   1  -3  -2   3   12   2   2   2   0   2   3   1   1  11  22   1   2   1   1   1   9   0   1  27  0.38 0.31
  139 E     0  -1   2   2  -5   4   1  -1  -3  -2  -3   0  -3  -5  -3   1   2  -5  -4  -2    7   3   9  12   0  20  10   3   0   2   2   5   0   0   0  12  11   0   0   3  0.42 0.37
  140 G     3  -2  -1   0  -4   1  -1   2  -3  -3  -4   0  -3  -4  -3   2   2  -5  -4  -1   26   2   3   4   0   8   3  13   0   1   1   5   0   0   0  16  13   0   0   4  0.41 0.37
  141 I     1   0   0   0  -4   2  -1  -2  -3  -1  -2   1  -2  -4  -3   1   3  -3  -2   0   11   5   4   5   0   9   4   1   0   3   3  10   0   0   1  12  22   0   1   7  0.28 0.29
  142 V     1  -2  -1  -2  -3   0  -2  -4  -4   2   1  -2   1   0  -4  -2   0  -4  -2   3   12   2   3   3   0   4   2   1   0  13  16   2   3   4   0   2   5   0   1  28  0.31 0.27
  143 N     0  -2   3   2  -4   0   0   2  -3  -3  -4  -2  -4  -4  -3   2   2  -5  -4  -1    9   1  16  10   0   3   5  17   0   1   1   2   0   1   0  17  12   0   0   4  0.41 0.34
  144 D     3  -3   0   3  -4   0   1   2  -4  -3  -4  -1  -4  -5  -2   1   1  -3  -4  -3   24   1   4  19   0   5   8  14   0   1   1   3   0   0   1   9   8   0   0   1  0.45 0.37
  145 Q     0  -2   3  -1  -4   4  -1  -2   1  -1   0  -1   0  -3  -2   0   2  -4  -2   0    9   1  16   2   0  20   3   2   3   3  10   3   2   1   1   5  13   0   1   6  0.32 0.32
  146 G     3  -3   1  -1  -3  -1   0   1  -2  -1  -2  -1  -3  -3  -3   2   2  -5  -2  -1   25   1   6   3   0   3   6  13   1   4   3   2   0   1   1  17  12   0   1   3  0.31 0.30
  147 Q     4  -2   1  -1  -4   2   0   0  -3  -3  -2  -1  -2  -3  -3   2   0  -5  -4  -2   33   2   6   3   0   9   6   6   0   1   3   4   1   1   1  14   7   0   0   2  0.40 0.36
  148 E     3  -1   1   0  -4   1  -1  -2  -2  -3  -2  -1  -1  -3  -3   2   2  -5  -2   0   28   3   8   4   0   7   2   2   1   1   4   4   2   1   1  15  11   0   1   5  0.31 0.31
  149 I    -1  -3  -3  -4  -4  -1  -2  -3  -5   5   0  -2  -1  -2  -5  -1   0  -4  -3   3    6   1   1   1   0   3   2   2   0  34   9   2   1   1   0   4   7   0   1  24  0.63 0.42
  150 A     2  -2   0  -1  -5   5   0  -2  -4  -3  -3  -2  -3  -4  -4   2   3  -3  -5  -2   16   1   5   3   0  27   5   2   0   2   2   2   0   0   0  12  19   0   0   3  0.60 0.50
  151 L     1  -1  -1  -1  -4   4   0  -2  -3  -1  -2  -1  -2  -3  -4   2   3  -3  -4  -1   11   3   2   4   0  22   6   2   0   3   4   3   1   1   0  14  21   0   0   3  0.44 0.40
  152 V    -1  -2   0  -3  -3   1  -2  -3  -2   2   2  -1   0  -2  -4  -2   1  -2  -2   3    5   2   4   0   0   7   2   2   1  10  23   5   1   1   0   2  11   1   1  22  0.28 0.27
  153 Q     1  -2   0   0  -4   4   0  -1  -2  -2  -2   0   0  -2  -3   2   1  -3  -3  -3   14   1   4   4   0  20   6   4   1   2   3   6   3   2   0  19   9   0   1   1  0.34 0.34
  154 T     2  -2  -1  -2  -4   3   0  -2  -2  -2  -3   1  -3  -4  -3   2   4  -3  -4  -1   17   2   3   2   0  14   5   3   1   2   2   7   0   0   0  13  25   0   0   3  0.47 0.41
  155 E     3  -1  -1   0  -4   2   0  -2  -2  -1  -2   0  -3  -3  -4   1   3  -5  -3   1   23   2   3   5   0   8   4   2   0   2   3   6   0   1   0  11  19   0   1  10  0.32 0.32
  156 L     0  -2  -2  -4  -3   1  -2  -4  -3   2   1  -2   0  -1  -3   0   0  -3   0   4    6   1   1   1   0   9   3   1   0  14  14   1   2   2   1   6   5   0   3  28  0.33 0.29
  157 Q     3  -2   2   1  -4   0  -1   2  -3  -3  -3  -2  -3  -1  -3   0   1  -5  -3   0   27   1  10  10   0   5   4  15   0   1   1   2   0   3   1   6   8   0   0   7  0.34 0.31
  158 N     0  -3   2   4  -5  -1   0   2  -4  -4  -4  -1  -3  -5  -3   1   1  -5  -5  -2    8   1   9  25   0   2   6  18   0   1   1   4   1   0   1  10  10   0   0   2  0.50 0.37
  159 I    -1  -3   2  -1  -3   1  -1  -2   1   2   2  -2   0  -1  -3  -1   1   0  -3   2    6   0  10   3   0   7   2   3   3  10  19   2   2   2   1   3   9   1   0  17  0.18 0.21
  160 N    -1  -3   4   3  -4   0   0  -2  -2  -1  -4   0  -3  -3  -3   2   2  -2  -3  -2    4   1  23  15   0   4   4   3   1   3   1   6   1   1   0  15  14   1   1   3  0.48 0.38
  161 G     4  -3   1  -1  -4  -1  -2   4  -4  -4  -4  -1  -4  -5  -3   0  -1  -5  -4  -2   31   1   6   3   0   2   2  36   0   1   1   3   0   0   1   6   4   0   1   3  0.73 0.48
  162 S     1   1   2   0  -3   0   0  -1  -2  -3  -2   2  -1  -3  -3   2   1  -4  -2  -1   10   9   9   5   0   4   5   5   1   1   5  16   2   1   0  15   9   0   1   4  0.21 0.22
  163 L     0  -4  -2  -4  -3  -2  -3   0  -3   3   2  -2   1  -1  -3  -2   0  -3  -1   4    6   0   1   1   0   2   1   6   0  18  17   2   4   2   1   3   5   0   2  28  0.40 0.29
  164 S     1  -2   2   0  -4   2   0  -1  -3  -3  -4   0  -3  -3  -3   3   2  -3  -1  -1   13   2   8   4   0  10   6   5   0   1   1   5   0   1   0  26  12   0   2   4  0.37 0.33
  165 Q     3  -1  -1  -1  -3   3  -1  -1  -2   0  -2  -1  -1  -1  -3   1   2  -3  -3  -1   24   2   3   2   0  17   3   4   1   5   3   3   2   3   1   8  15   0   0   4  0.31 0.30
  166 Y     0   0   0  -1  -3   1   0  -2   0   1   0   1   2  -1  -2   1   1  -2   1   0    9   3   4   2   0   8   4   2   2   9   9   8   6   2   1  10   9   0   6   6  0.07 0.12
  167 M     2  -2  -1  -2  -3   0  -2  -1   0   0  -1  -1   2   0  -2   1   0   5   3  -1   16   1   2   2   0   4   2   5   2   4   4   3   6   3   1  14   5   9  12   4  0.27 0.25
  168 K     0  -1   0   0  -3   2   1  -1  -1  -2  -2   1  -1  -3  -2   2   2  -2  -1  -1    9   3   3   6   0  12   9   3   1   3   3   7   2   1   1  16  16   1   2   3  0.22 0.22
  169 L     0  -2  -1  -2  -3  -2  -2  -2  -3   3   1  -2   1  -2  -2  -1   2  -4  -2   3    9   1   3   2   0   2   1   3   0  19  10   2   3   1   2   5  12   0   1  24  0.30 0.24
  170 S     1   0   2   1  -3   0   0   1  -2  -2  -2   2  -1  -3  -2   1   0  -3  -2  -1   10   3   9  10   0   4   5   9   0   2   4  19   1   1   1  11   5   0   1   5  0.19 0.17
  171 E     1   0  -1  -1  -3   1   0   2  -2  -1  -1   1   0  -3  -3   0   1  -3  -2   0   15   3   2   3   0   6   4  18   0   4   5  10   3   1   1   5  10   0   1   8  0.16 0.17
  172 Y     0  -2  -2  -1  -2   1   0  -1  -1   1   2  -1   0   0  -2  -1   0  -1   1   1    7   1   2   2   0   8   5   6   2  11  20   2   2   4   1   3   5   1   5  14  0.09 0.12
  173 E     0   0   2  -1  -3   2   0   1  -1  -1  -2   0  -1  -3   0   1   1  -3   0   0    8   3  11   3   0  11   6  10   0   3   4   6   2   1   3  10  10   0   3   6  0.13 0.15
  174 A     4  -3  -1  -1  -3  -2  -2   0  -3   0  -1  -2  -1  -3  -3   2   1  -5  -3   0   42   1   2   4   0   1   2   5   0   6   4   1   2   1   0  13   7   0   0   8  0.47 0.37
  175 T     0   1   1  -1  -3   3   0   0   0  -1  -1   1   1  -2  -2   1   2  -4  -1  -2    5   9   5   2   0  15   4   6   2   3   6  10   5   1   1   9  12   0   1   2  0.18 0.20
  176 W     0  -3   1  -1  -4  -1  -3  -1  -1   1  -2  -2  -3  -1  -5  -1  -1   8   5  -2   10   1   7   4   0   3   1   5   1   7   4   2   0   1   0   4   3  19  23   3  0.77 0.46
  177 G     0  -2   2   0  -4   0  -2   4  -2  -3  -4  -1  -1  -1  -4   1   2  -2  -1  -2    9   2   9   5   0   4   1  30   0   1   1   3   2   3   0  12  13   1   2   3  0.40 0.31
  178 V     0  -1  -1  -3  -3  -2  -3   2  -2   2   1  -1   1  -2  -3  -2   0  -2  -2   3    7   3   3   1   0   2   0  15   1  10  17   3   3   1   1   1   5   0   1  27  0.28 0.24
  179 N    -2   2  -1  -1  -5   3  -1  -1  -1  -2  -2   5  -3  -5  -3  -1   1  -5  -1  -3    2  12   3   3   0  12   2   4   1   2   4  38   0   0   1   5   8   0   2   1  0.60 0.42
  180 S     1  -2  -2  -3  -2  -2  -2  -3  -2   1   1  -2   1   0  -3  -1   1  -2   3   3   11   2   1   1   0   2   2   1   1   8  10   2   4   3   1   3  10   0  10  28  0.28 0.26
  181 T    -1  -2   2   4  -4   2   0   0  -1  -3  -4  -1  -2  -2  -3  -1   0  -2   3   0    5   2  11  22   0   9   6   7   1   1   0   3   1   1   0   4   6   0  13   7  0.36 0.30
  182 V     3  -3   0  -2  -3  -2  -2   0  -3   1  -1  -1   0  -2  -2   0   0  -2  -3   3   26   1   6   2   0   1   2   6   0   8   6   3   2   1   1   7   4   0   1  23  0.26 0.26
  183 N     2  -3   6   1  -4  -2  -1   1  -2  -3  -5  -2  -4  -5  -4   0   0  -5  -3  -3   20   1  36   9   0   1   3  12   0   2   1   1   0   0   0   6   5   0   1   1  0.74 0.45
  184 G     0  -4   0  -1  -5  -3  -3   6  -4  -5  -5  -2  -3  -2  -3  -2  -2  -2  -3  -4    7   1   5   4   0   1   1  68   0   1   1   3   1   2   1   2   2   1   1   1  1.32 0.62
  185 R    -1   2  -2  -2  -3   0  -2  -3   1   2   0   1   3   1  -3  -2   0   0   3   1    3  11   2   2   0   4   1   1   4  13   6  10  10   4   0   2   4   1  11  11  0.21 0.21
  186 Y     0  -3  -3  -3  -3  -1  -3   1  -1   3  -1  -2   0  -2  -4  -1   0  -2   0   4    9   1   1   1   0   3   1  13   2  17   2   2   2   1   0   5   6   1   3  31  0.35 0.30
  187 A     3  -3  -2  -3  -3  -3  -3   1  -4   1   0  -3   0  -3  -4   2   1  -3  -3   0   33   1   1   1   0   0   0   8   0   9   9   0   2   1   0  18   9   0   1   7  0.41 0.35
  188 G    -1  -4  -1  -3  -5  -1  -2   6  -5  -4  -5  -3  -4  -4  -5  -1  -3  -6  -6  -4    5   0   3   1   0   2   3  73   0   1   1   1   0   1   0   5   1   0   0   1  1.51 0.70
  189 V     0  -4  -2  -3  -4  -2  -4  -4  -1   4   1  -4   2   3  -5  -3  -1   2   0   2    8   0   2   1   0   2   0   1   2  30  11   0   6  14   0   1   3   3   3  14  0.55 0.35
  190 K     0  -2   1   1  -4   1   2   3  -2  -2  -3   0  -3  -2  -3   0  -1  -4   0  -1    8   1   6   6   0   8  16  29   1   2   1   5   0   1   0   5   4   0   3   4  0.36 0.28
  191 L    -1  -3   2  -2  -3  -1  -2  -1  -4   2   3  -3   2   0  -3  -1  -1  -4  -2   1    4   0  10   2   0   2   2   4   0  11  35   0   5   3   1   5   3   0   1  11  0.32 0.27
  192 T     1  -1   1   0  -3   0  -1   2  -1   0  -1   0   0  -2  -3   1   1  -1   0   1   13   1   7   6   0   5   2  14   1   4   4   5   3   1   0  11   8   1   4  10  0.10 0.14
  193 N     2  -3   5   0  -4  -1  -2   2  -3  -2  -4  -2  -3  -3   1   1  -1  -5  -4  -1   15   0  30   4   0   3   1  13   0   2   1   1   1   1   8  12   4   0   0   4  0.53 0.39
  194 N     0  -3   3   4  -5  -1   0   3  -3  -5  -4  -1  -4  -4  -3   0   0  -5  -5  -4    9   0  12  24   0   2   6  27   0   0   1   3   0   1   1   8   5   0   0   1  0.62 0.39
  195 G     0  -1   1   0  -4   0  -2   5  -2  -2  -4   0  -4  -5  -2   0   0  -5  -5  -1    8   3   6   4   0   5   1  43   1   2   1   5   0   0   2   7   5   0   0   6  0.56 0.36
  196 T    -1  -2  -1   0  -3   0   0   0  -2   2   0   0   1  -2  -1   0   1  -2  -2   2    4   1   3   5   0   3   5   8   1  12   5   6   5   1   3   6  10   0   1  21  0.11 0.15
  197 N    -1   0   0  -1  -4   3   1  -1  -2  -1  -2   1  -2  -3  -1   0   3  -4  -3   0    5   4   5   3   0  18  10   4   1   3   3   8   1   1   2   7  20   0   0   6  0.27 0.27
  198 S     0  -2   0  -2  -4  -4  -4  -1  -4  -2  -4  -4  -4  -3  -2   6   2  -6  -5  -2    7   2   3   1   0   0   0   4   0   2   2   0   0   1   2  60  12   0   0   2  1.03 0.62
  199 Q     0   1   0   1  -4   4   1  -1  -1  -2  -2  -1   0  -1  -3   1   1  -4  -1  -2    8   7   4   8   0  22  10   4   1   2   2   2   2   2   0  10   9   0   2   3  0.26 0.25
  200 F    -1  -5  -5  -5  -2  -5  -5  -2  -4   3   0  -3   2   6  -5  -4  -2  -1  -1   3    6   0   0   0   1   0   0   3   0  20   5   2   5  35   0   0   2   1   1  18  0.87 0.46
  201 Q     2  -3  -1  -1  -3  -1  -3   1  -2   3   2  -2   0  -2  -3  -2   0  -4   0   1   17   1   2   3   0   2   1  12   1  19  18   2   1   0   0   1   7   0   3  10  0.22 0.22
  202 V    -1  -5  -5  -4  -4  -4  -3  -4  -4   2   0  -3   1   5  -5  -4  -2  -1  -1   4    4   0   0   1   0   1   2   1   0  12   9   1   3  29   0   0   2   1   1  32  0.79 0.43
  203 T     0   1   3   1  -3   1  -1  -3   0   1   0   0   1  -2  -3   0   0  -4  -1  -1    7   8  19   7   0   8   1   0   2   9  11   4   4   1   0   8   5   0   2   4  0.17 0.18
  204 A     6  -4  -4  -2  -1  -2  -4  -1  -4  -4  -4  -2  -4  -2  -4  -1  -1  -5   0   0   70   0   0   2   1   2   0   4   0   0   0   2   0   2   0   4   3   0   3   5  1.17 0.61
  205 N    -2  -4   2   6  -5   0   0   0  -4  -5  -4  -2  -5  -6  -4   0   0  -6  -5  -5    4   0   9  55   0   5   4   8   0   0   2   2   0   0   0   5   5   0   0   0  1.13 0.54
  206 K    -1   4   2  -1  -1   3  -1  -3   0  -4  -3   2  -2  -1  -2   0   0  -4  -1  -2    4  24   9   2   1  13   2   1   2   0   2  15   1   3   1   8   7   0   2   3  0.39 0.28
  207 F    -3  -3  -5  -5  -4  -5  -5  -5  -4   2   0  -3   0   7  -5  -4  -2   0  -1  -1    3   2   0   0   0   0   0   1   0  14   9   2   2  57   0   1   3   1   0   4  1.38 0.58
  208 I     3  -1  -2  -2  -3   0  -2   0   0   0   0  -1   0   1  -3   0  -1   1   0   0   31   3   2   1   0   4   2   8   2   7   7   3   2   6   0   7   2   2   4   8  0.17 0.18
  209 V    -2  -4  -4  -3  -3  -4  -3  -5   0   5   1  -4   1   2  -4  -3  -2   1  -1   4    2   0   0   2   0   0   2   1   2  31  11   0   2   9   0   2   2   2   1  29  0.69 0.36
  210 G     1  -1  -2  -2  -2  -2  -1   1  -2   1   1  -2   1   1  -2  -1   0   1   2   1   13   3   1   1   0   1   3  12   0  11  13   0   5   7   2   4   6   2   7  10  0.10 0.12
  211 D     0  -1   4   3  -4  -1   0  -2   1  -4  -3   0  -2  -4   0   2   1  -4  -2  -3    9   2  24  20   0   2   4   3   3   0   1   4   1   0   4  14   7   0   1   1  0.47 0.31
  212 G     0  -1   0   0  -4  -1  -1   3  -2  -2  -3  -2  -2  -5   5   0  -1  -5  -4  -2    7   3   5   4   0   2   3  24   1   3   2   1   1   0  32   5   4   0   0   3  0.66 0.36
  213 S     2  -2   2   1  -3  -1  -1   1  -2  -1  -2  -1  -2  -4  -2   2   2  -4  -2   0   16   1  12   9   0   2   2  12   1   3   3   3   1   0   1  15  13   0   1   7  0.24 0.23
  214 S     0  -2   4   0  -4  -1  -1   3  -2  -2  -3  -1  -2  -2  -2   2   2  -4  -3  -2    7   1  20   4   0   2   2  21   1   2   2   4   1   2   1  14  14   0   1   3  0.40 0.31
  215 G     1  -2   1  -1  -4   0  -2   4  -3  -2  -2   0  -2  -3   0   1   0  -4  -2  -2   11   1   6   4   0   4   2  38   0   2   4   5   1   1   5   8   5   0   1   3  0.44 0.30
  216 N     0   0   2   0  -2   1  -1   0  -1  -1  -2   2  -1  -2  -2   1   2  -4  -1   0    8   4  12   4   1   6   2   6   1   4   2  18   1   2   1   8  14   0   2   6  0.18 0.20
  217 T     1  -1   0  -3  -3   0  -1  -2  -1   0  -1   1   1  -1   0   1   2  -3   1   0   13   2   4   0   0   3   2   3   1   7   6   9   4   2   4  11  17   0   7   7  0.14 0.18
  218 P    -1  -3  -2  -3  -3  -1  -2  -2  -1  -1  -4  -2  -3  -2   7  -2   0  -5  -5   1    4   1   2   1   1   3   2   3   1   4   2   2   1   2  54   2   6   0   0   9  1.22 0.61
  219 F    -2  -4  -3  -5  -5  -1  -5  -3  -4  -3  -1  -5  -1   8   1  -3  -4  -1   1  -1    3   1   1   0   0   3   0   2   0   1   5   0   1  63   7   2   0   1   3   4  1.55 0.69
  220 V     2  -3  -3  -3  -3  -2  -1  -2  -4   2   0  -3   1   1  -2   0   1  -2  -1   3   18   1   1   1   0   2   4   2   0  10   6   1   3   5   1   6   8   0   2  29  0.32 0.27
  221 F    -1  -4  -5  -5  -4  -5  -4  -5  -1   4  -1  -5   1   3  -2  -4  -2  -4   0   5    5   1   0   0   0   0   1   1   1  29   4   0   3  11   2   0   2   0   2  38  0.89 0.49
  222 E    -1   0   0   1  -3   2   1  -1   0   0  -1  -1   1  -1  -1   0   1   2   1   0    4   4   3  10   0  11   8   5   3   6   3   3   3   3   3   5  10   4   4   8  0.09 0.13
  223 G    -1  -1   4   1  -4   1  -1   1  -3  -1  -2  -1  -3  -1  -1   0   1  -4   0  -1    5   3  20   7   0   6   4  13   0   3   4   4   0   3   3   5  11   0   3   3  0.24 0.24
  224 G    -1  -1   2  -1  -1   0  -1   5  -1  -2  -3  -2  -1  -4  -2   1   1  -4  -4  -1    4   2   9   3   1   4   3  40   2   2   3   2   2   0   2   9   8   0   0   4  0.50 0.35
  225 R     0   1   1   0  -3   2   0   0  -2  -1  -1   0  -2  -1   1   0   0   2   0   0    8   7   9   4   0  13   4   8   0   3   4   6   0   3   8   4   6   3   3   7  0.11 0.13
  226 A     0   0   1   0  -2   1  -1   0  -1   0   0  -1   1  -1   1   0   0  -2   1   0    7   7   7   7   0   7   0   7   0   7   7   0   7   0   7   7   7   0   7   7  0.06 0.10
  227 R     0   1   0  -1  -3   1  -1  -2   0   0  -1   0   0   2  -1  -1   1   2   2   1    6   8   4   3   0   6   3   3   2   7   4   4   2  13   2   3   8   2   9  11  0.08 0.12
  228 M     0  -2   1   0  -2   1  -1   0  -2   0   0  -1   1   1   1   0   0  -2  -1   0    8   0   7   8   0   7   0   8   0   8   8   0   7   7   8   8   8   0   0   8  0.06 0.10
  229 E    -1   1   4   2  -4   0   0   0   0  -2  -3   0  -1   0   0   0   0  -4  -1  -1    5   8  21  11   0   4   6   7   2   2   2   6   2   5   5   5   4   0   2   4  0.21 0.20
  230 F     0  -1   1   1  -3   0   1   1  -1   0  -1  -1   1  -1   0   0   0   0   0  -1    8   2   8  10   0   4   8  14   1   6   4   3   4   2   3   8   7   2   3   4  0.09 0.11
  231 A     0   0   0   0  -2   1   0   0   2   0   0  -1   1   1   1   0   0  -2   1   0    6   6   6   6   0   6   6   6   6   6   6   0   6   6   6   6   6   0   6   6  0.04 0.08
  232 D    -1   0  -1   1   0   0  -1  -1   0   0   0  -1   1   2  -3  -1   1   2   2   1    5   5   3   8   3   3   4   4   3   4   7   3   5  11   0   3   8   3   7  11  0.07 0.11
  233 I    -1  -2  -2  -2  -4  -1  -2  -1  -4   5   0  -1   1  -1   2  -2  -1  -4  -3   2    6   2   2   2   0   3   2   4   0  35   5   3   4   3   9   2   2   0   0  14  0.41 0.33
  234 K     0   1   1   1  -3   1   0   1  -2  -2  -2   1  -1   0   0  -1   0  -3  -1  -1   10   9   8   7   0   6   4  14   0   2   3  11   2   6   5   3   4   0   2   4  0.12 0.15
  235 N     0   0   2   2  -3   1   0   1  -2  -2  -2   0   0  -2  -1  -1   0   0   0   0    6   4  14  15   0   6   5  11   0   1   4   7   2   1   3   3   7   2   3   7  0.16 0.18
  236 V     2  -3  -1  -2  -3  -1  -3   3  -4   0   1  -1   0  -3  -2  -1  -1  -4  -3   1   23   0   3   3   0   2   0  21   0   4  16   4   2   0   2   4   3   0   0  12  0.29 0.27
  237 N     0  -1   0  -1  -2  -1  -1  -2  -1  -1  -2  -1  -2   0  -3   2   2   2   4   0    6   3   5   2   1   2   3   3   1   4   3   3   1   4   0  20  16   3  14   6  0.28 0.29
  238 I     0  -5  -5  -3  -4  -5  -5  -4  -5   6   1  -5   2  -1  -2  -3  -2  -5  -4   2    7   0   0   2   0   0   0   2   0  49  12   0   5   3   2   2   2   0   0  13  1.03 0.55
  239 T    -1   0   1   3  -4   1   0   1  -1  -1  -3   0  -2  -3  -2   0   2  -4  -2  -1    3   4   8  21   0   8   4  11   1   3   2   6   1   1   2   5  16   0   1   3  0.31 0.27
  240 T     0   0   3   0  -3   0   0   1   0  -1  -2   0   0  -1  -1   1   1   1  -1  -1    9   4  14   5   0   3   5  11   2   3   4   4   2   3   2   9  12   2   2   4  0.12 0.16
  241 A     3  -1  -1   0  -3  -1  -1   0  -3   1   1  -1   0  -1   0  -1   0   1  -1   0   25   3   2   5   0   2   2   7   0   9  14   4   2   2   4   4   4   2   2   6  0.13 0.18
  242 Q    -2   0   1  -1  -4   2  -1  -2   3   0  -1   2   2   0  -1  -1   0   1   1  -1    3   3   8   3   0  11   4   2   7   5   6  16   6   4   2   4   6   2   4   4  0.17 0.21
  243 I     0  -5  -1  -2  -4  -4  -5  -1  -5   5   1  -4   0  -1  -2   0  -1  -5  -1   1    9   0   4   2   0   0   0   6   0  38  11   0   2   2   2   8   3   0   2  10  0.58 0.38
  244 A     2   0   0  -1  -4   0   0   3  -1  -2  -2   0  -1  -4  -1   0   0  -4  -4  -1   16   5   4   3   0   5   6  25   2   2   4   6   2   0   3   6   6   0   0   5  0.24 0.22
  245 N    -1   0   0   0  -3   0   0  -1   1   0  -1   0   1   0   0   0   0   3   1  -1    5   5   5   5   0   5   5   5   5   5   5   5   5   5   5   5   5   5   5   5  0.02 0.09
  246 A     1  -1   0   0  -2   0  -1   1   0   1   0  -1   0   0  -1   0   0   1   0   0   13   3   6   4   0   3   3  10   3   9   7   3   3   3   3   5   7   3   3   5  -0.00 0.07
  247 R     1  -1   0  -1   0   0  -1  -1   0   0  -1  -1   0   0  -1   1   1   1   1   0   13   3   3   4   2   4   3   4   3   6   5   3   2   3   3  12   9   2   5   6  0.02 0.10
  248 I    -1  -2   0   0   2   0   0  -1   2   0  -1   0   1   0   0   0   0   3   1   0    5   0   5   5   5   5   5   5   5   5   5   5   5   5   5   5   5   5   5   5  0.07 0.11
  249 Q     1   0   0   1  -3   0   0   0  -2  -1  -1   0   1  -1   1   2   1  -3   0  -1   10   4   5   8   0   4   5   6   0   3   4   5   4   3   7  15  10   0   3   5  0.10 0.14
  250 W     0  -1   1  -1  -3   0  -1   0   0  -1  -1   0   0   1   1   1   1   1   0   0    9   3   7   3   0   5   2   6   2   4   3   6   2   7   6  11  12   2   3   6  0.08 0.12
  251 A     3  -1   1  -1  -3  -1  -2   1  -3   1  -1  -1   0  -1  -1   0   0  -4  -4   0   31   3   7   3   0   3   2   9   0  10   6   2   2   3   3   5   4   0   0   6  0.24 0.25
  252 Q    -1   0   0   1  -2   1  -1  -2   2  -1  -1   3  -1   1  -2  -1   0   0   2  -1    3   4   5   7   1   7   3   3   5   3   5  18   2   7   2   3   7   1   8   5  0.15 0.17
  253 I     0  -2  -4  -1  -4  -2  -4   0  -4   5   0  -3   0   0  -2   0   0   1   0   1    8   2   0   4   0   1   0   7   0  35   6   2   2   3   2   7   6   2   3   8  0.46 0.32
  254 D     2  -1   1   2  -3   0   0   2  -1  -2  -2   0  -3  -4  -1   0   0  -4  -2  -1   17   3   7  15   0   5   6  17   1   2   4   5   0   0   3   5   5   0   1   4  0.23 0.21
  255 N     0   0   4   2  -4   1  -1   0  -1  -2  -2   0  -3  -4  -1   2   0  -4  -1  -2    9   4  21  14   0   5   3   5   1   2   3   5   0   0   3  13   5   0   3   3  0.31 0.26
  256 V     2  -1  -1  -2  -3  -1  -1   2  -2   1   1  -2  -2  -1   0  -1  -1  -3  -1   0   18   3   3   2   0   3   4  20   1   8  17   2   0   2   5   4   4   0   2   5  0.15 0.17
  257 S     1   0   0  -1  -2   1   0   0  -1  -1  -2   0   0   0  -1   2   1  -3  -1   0   15   5   4   3   0   6   5   6   1   4   4   5   2   4   2  17  10   0   2   6  0.11 0.14
  258 I     1  -2   0  -2  -3  -1  -3  -2  -3   4   0  -1   0   0  -1  -1  -1   0  -2   2   12   2   5   2   0   2   1   3   0  28   8   3   2   3   4   4   2   2   1  15  0.26 0.23
  259 S    -1  -1   2   1  -3  -1  -1   1  -1   0  -2   0  -2  -2  -2   1   2  -2  -2   0    4   3  10   8   0   2   2  12   1   6   4   6   0   1   1  11  18   1   1   8  0.18 0.19
  260 N     0  -1   3   1  -3   0  -1   2  -1  -2  -2   0   0  -1  -3   1   2  -1  -2  -2    8   3  14   8   0   3   4  14   1   1   3   5   3   3   1  13  13   1   1   2  0.21 0.20
  261 A     3  -2  -1  -1  -3  -2  -2   1  -2   1   0  -2   0   0  -1   0   1   2  -1   0   29   2   3   4   0   1   2   9   1   7   7   1   2   3   3   5   7   3   2   7  0.17 0.19
  262 Q    -2   1   1  -1  -3   2   0  -1   2  -1  -1   3  -2  -1  -2   0   0  -1  -1   0    2   7   8   4   0   9   4   4   5   4   5  21   1   3   1   7   5   1   2   8  0.17 0.18
  263 I     0  -3  -2  -2  -3  -2  -3  -1  -4   5   1  -2   1   0  -2  -1  -1   1  -1   1   10   1   2   3   0   1   1   6   0  35  10   2   3   3   2   6   4   2   1   8  0.38 0.28
  264 Q     0  -1   1   0  -2   1   0   3  -1  -1  -2   0  -1  -2  -2   1   1  -3  -2  -1    8   4   8   5   1   8   4  21   1   4   4   6   1   2   2   9   8   0   1   3  0.17 0.17
  265 N     0  -1   3   2  -3  -1  -1   1  -1  -1  -2   0   0  -2  -2   1   1  -1   0  -2    8   3  17  11   0   2   3  11   1   4   4   6   3   1   1   8   9   1   4   2  0.18 0.19
  266 L     1  -1   0  -2  -3  -2  -2   1  -3   3   1  -2   0   0  -2  -1   0  -1  -2   0   13   2   5   1   0   2   3  12   0  18  17   2   2   5   2   4   4   1   1   6  0.14 0.17
  267 S     1   0   0  -1  -2   3   0  -1  -2  -1  -2   0  -2  -3  -2   2   2   0  -2   0    9   5   5   3   0  13   6   5   1   3   3   6   1   1   2  16  14   1   1   6  0.20 0.23
  268 A     2  -3   0  -3  -2  -2  -3   1  -4   2  -1  -3  -1  -1  -3   3  -1  -2  -1   1   21   1   5   1   1   1   1  10   0  11   5   1   1   3   1  21   4   1   2   9  0.30 0.30
  269 D     0  -2   3   3  -4  -1   0   2  -3  -1  -3  -2  -3  -3   0   1   2  -2  -2  -2    7   2  13  16   0   2   4  15   0   4   3   2   1   1   4  11  12   1   1   2  0.30 0.28
  270 K     0   0   4   0  -3   0   0  -1  -1  -1  -2   1  -1  -1  -2   1   1  -4   1  -1    6   6  20   4   1   4   5   5   1   3   3   8   1   2   1   8  10   0   5   6  0.20 0.21
  271 I     1  -3   0  -1  -1  -1  -2  -1  -3   3   1  -2   0   1  -1  -1  -1  -1   2   1   14   1   5   3   1   2   2   5   0  17  13   2   2   6   2   4   4   1   8   7  0.15 0.17
  272 T     0   0   1   0  -2   0  -1   0   0  -1  -1   1  -1  -2  -1   1   2  -1  -1   1    8   5   9   6   1   3   3   6   2   3   4   9   1   1   2   8  13   1   2  11  0.08 0.12
  273 A     2  -3   0  -1  -3  -1  -2   1  -3   2  -1  -1  -1   0  -1   1   1  -3  -1   0   23   1   4   3   0   2   1   9   0  13   5   3   1   4   3  10   8   0   2   7  0.17 0.20
  274 G     1  -2   2   0  -4  -1  -2   5  -2  -1  -2  -1  -1  -2  -3  -1  -2  -1  -1  -2   10   2  10   6   0   3   3  39   1   3   5   3   2   1   1   4   2   1   2   3  0.53 0.36
  275 S     0  -1   3   1  -4  -1  -2   1  -1  -3  -3  -2  -1  -2  -2   3   2  -1  -1  -2    6   4  16   9   0   3   2  12   1   1   2   2   1   2   2  20  11   1   2   3  0.33 0.29
  276 M     0  -1   0  -1  -2   0  -1   2  -2   1   1  -1   0   0  -2   0   0   0   0   1   10   2   6   3   0   4   3  15   0   9  13   3   2   4   2   5   4   1   3  10  0.06 0.07
  277 W     0  -1   1   0  -4   0  -1   0   1   0  -1  -1   0   0   1   0   1   3   1   0    7   4   7   5   0   4   4   8   3   5   5   4   3   3   8   6   9   4   4   7  0.08 0.08
  278 G     0   0  -1   0   1   1  -1   1   0   1  -1   0   0  -1   0   0   0   1   0   0    7   5   3   5   3   7   4  10   3   9   6   4   3   3   4   6   5   2   3   8  0.02 0.03
  279 S     1   0   1   0  -3   0   0   1   0  -1  -2  -1   0  -1   1   1   1  -4   0  -1   11   5   6   6   0   4   5  10   2   3   4   3   2   2   6  13  10   0   4   3  0.10 0.14
  280 N    -1   1   2  -1  -4  -1   0   4   0  -2  -1  -1  -1  -1  -1  -1   1  -4  -1  -2    4   9   9   3   0   2   5  30   2   2   5   3   2   3   3   4   8   0   2   3  0.29 0.26
  281 W     0  -3   0  -1  -4  -2  -2  -1  -1   0   0  -2   1   1  -2  -1   0   8   0  -1    9   1   4   4   0   1   2   5   1   6  11   3   4   5   2   4   5  25   3   5  0.64 0.43
  282 R     0   3   2  -1  -1   0  -1  -1   1  -1  -2   2   0  -1  -2   0  -1  -1   0  -2    7  15  13   3   1   4   4   4   3   4   4  13   2   3   2   7   4   1   4   2  0.18 0.19
  283 L    -2  -3  -2  -2   1  -3  -3  -4  -4   4   2  -3   2   2  -3  -2  -2   0   1   1    3   1   2   2   3   1   1   2   0  28  23   1   4   8   1   4   3   2   4   8  0.49 0.34
  284 T     0   0   2   1  -3   0  -1   0  -1  -2  -1  -1   0   0   0   0   1   1   1  -1    9   5  12  10   0   4   3   6   1   2   6   2   3   4   4   8  12   2   5   4  0.11 0.15
  285 V     1   1   0  -2  -3   0  -1  -1  -1   1  -2   3  -1  -1   0   0   1  -4  -1   0   10   6   5   2   0   4   3   5   1  10   3  19   1   2   4   7   9   0   2   7  0.14 0.19
  286 G     0  -2   4   2  -5   0  -2   3  -2  -3  -3   0  -2  -5  -2   1   0  -5  -2  -3    8   2  20  12   0   5   2  19   1   2   2   5   1   0   1  11   5   0   2   2  0.44 0.36
  287 G     0  -3   0  -1  -5  -2  -2   6  -1   0  -5  -2  -3  -2  -2   0  -1  -6  -5  -3    6   1   5   3   0   2   3  52   2   6   1   2   1   2   2   7   4   0   0   2  0.88 0.55
  288 D     0  -1   2   0  -3   0  -1   0   0  -1  -1  -1   0  -1  -3   1   2   1  -2   0    7   3   9   6   0   4   4   9   2   4   6   2   3   3   1  11  16   2   1   7  0.12 0.16
  289 F    -1  -3   0  -2  -2  -3  -1  -2   0   1   1  -3   0   5  -2  -1   0   0   0   1    6   1   6   3   1   1   3   3   2   9  12   1   3  24   2   6   7   1   3   8  0.29 0.25
  290 V    -2  -1   0  -3  -4   1   3  -2  -2   1   0   0   0   0  -2   0   1   1   1   0    2   2   4   0   0   5  20   3   1   9   7   5   3   4   2   8  10   2   4   7  0.17 0.22
  291 M    -1   1   2  -1  -4  -2  -2  -2  -2   3   0  -1   3   2  -3  -1  -1  -2   0   1    5  10   9   3   0   2   1   3   1  17   8   4   9   8   1   4   4   1   3   8  0.20 0.21
  292 G    -1   0   5  -1  -5  -2  -3   1  -2  -3  -4  -2  -2  -3  -1   3   1  -6  -2  -2    5   4  32   4   0   1   1  11   1   1   1   2   1   1   3  19   8   0   2   3  0.65 0.50
  293 G     2  -3   1  -1  -2   1  -3   4  -3  -4  -2  -1  -4  -5  -3   2  -1  -5  -2  -3   16   1   6   3   1   7   1  36   1   1   4   3   0   0   1  13   3   0   1   2  0.60 0.45
  294 T     1  -2   1   0  -4  -1  -1   0  -2  -2  -3  -1  -4  -3   1   3   3  -5  -2   1   10   1   8   5   0   3   3   7   1   1   2   3   0   1   7  20  18   0   1  11  0.31 0.32
  295 G     1  -1   2   1  -4  -1  -2   4  -4  -2  -4  -2  -4  -4  -4   3   1  -5  -2  -2   10   3   8   9   0   2   2  28   0   2   1   1   0   1   0  19   8   0   1   3  0.50 0.40
  296 G     0  -1   1  -2  -5   1  -2   6  -5  -4  -4  -1  -5  -4  -3   0  -1  -2  -5  -4    8   3   6   2   0   7   3  53   0   1   2   3   0   1   1   5   3   1   0   1  0.94 0.58
  297 A     2  -2   0  -2  -3  -2  -2   5  -5  -3  -4  -4  -5  -3  -5   0  -1   6  -2  -3   14   2   4   2   1   2   3  41   0   2   1   1   0   1   0   7   4  13   1   2  0.91 0.57
  298 Q    -1   6   1  -3  -3   1  -3  -1   0  -3  -4   0   1  -2  -4   1  -1  -2   1  -2    5  41   5   1   1   5   1   4   2   2   1   5   3   2   1  10   4   1   4   3  0.68 0.49
  299 L    -2  -4  -2  -4  -3  -2  -5  -3  -3   3   2  -4   5  -1  -4  -2   2   2  -3   2    2   1   2   1   0   2   0   2   0  16  22   0  13   3   1   2  15   3   1  13  0.55 0.40
  300 W    -1   1   1  -1  -4   0   1  -3  -3   0   0   0   0  -2  -4   0   2   1   0   3    4   7   8   3   0   3  10   1   0   5   9   4   2   1   0   5  12   2   4  21  0.19 0.24
  301 M    -1  -2  -3  -4  -2   1  -2  -4  -3   5   1   0   1   1  -2  -3  -3  -1  -1   0    5   2   1   1   1   7   3   1   1  35  14   6   4   6   2   2   1   1   2   5  0.48 0.37
  302 N    -2  -1   5   2  -6  -1  -2  -3  -1  -5  -5   0  -3  -6  -5   1   4  -7  -4  -1    2   3  31  12   0   2   2   2   1   0   1   5   1   0   0   9  23   0   0   4  0.84 0.59
  303 G    -1  -1   6   1  -6  -2  -3   4  -2  -3  -5  -3  -3  -6  -2   0  -1  -6  -4  -4    6   3  34   8   0   1   1  28   1   2   1   1   1   0   2   7   3   0   1   1  0.89 0.58
  304 N    -2   0   4   3  -3   0   0   1  -3  -3  -4  -1  -3  -4  -3   1   2   0  -3  -2    3   5  24  14   0   4   7  10   0   1   1   3   0   1   1  10  12   1   1   3  0.46 0.38
  305 R     0   2   0  -3  -1  -1  -2   4  -3  -2   0  -1  -3  -2  -3  -1   0  -1  -1   0    6  13   4   1   1   3   2  30   0   2  13   3   0   2   1   4   7   1   2   7  0.30 0.28
  306 I    -2  -4  -5  -3  -4  -1  -4  -1  -3   5   2  -1   1   0  -5  -3  -1  -1   0   2    2   1   0   1   0   3   1   5   0  36  18   4   3   4   0   2   4   1   4  11  0.56 0.39
  307 D     0   2   0   1  -3   1   1  -2   0  -2  -1   1   0  -2  -2   1   1  -1   1  -1    7  13   4   7   0   6   8   1   2   2   5   9   2   1   1   9  11   1   6   3  0.16 0.19
  308 F    -3  -6  -2  -3  -2  -6  -6  -3  -6   2   0  -6   1   1  -6  -3  -2   2  -1   6    1   0   2   2   1   0   0   2   0  11   8   0   3   6   0   2   2   3   2  56  1.09 0.64
  309 Y    -2   0   0  -3  -6  -3  -5  -6  -1  -3  -4  -1  -2   4  -5  -5  -4   4   8  -1    3   5   5   2   0   1   0   0   1   1   1   3   1  16   1   0   1   6  47   5  1.44 0.78
  310 D    -1  -5   1   7  -6  -4  -1  -1   0  -3  -5  -5  -6  -3  -3  -2  -3  -7  -1  -4    6   0   5  65   0   0   3   5   2   2   1   0   0   1   1   3   2   0   3   1  1.51 0.80
  311 G     2  -2   0   1  -4   0   1   2  -3  -1  -3  -1  -3  -3   1   2   0  -5  -3  -2   20   2   4   7   0   4   8  17   0   4   2   2   0   1   6  14   5   0   1   1  0.27 0.27
  312 S     1  -1   7  -1  -5  -2  -3   0  -4  -6  -3   0  -5  -6  -4   2  -2  -6  -5  -4   10   3  50   3   0   1   1   6   0   0   2   5   0   0   1  14   2   0   0   1  1.13 0.67
  313 G    -3  -5   4  -2  -2  -4  -3   7  -5  -7  -5  -4  -7  -4  -6  -3  -5  -7  -4  -7    2   0  17   2   1   1   2  71   0   0   1   1   0   1   0   1   0   0   1   0  1.80 0.88
  314 A    -2   2   1  -3  -4   1  -1  -1  -2   0  -2   0  -1  -2  -4  -1   2  -5  -3   3    2  14   7   1   0   6   2   6   1   5   1   6   1   1   0   4  12   0   0  29  0.34 0.33
  315 L    -3  -1  -3  -4  -1  -2   0  -4  -4   1   4   0   1   0  -2  -4  -3   1  -3   2    1   4   1   1   1   1   6   1   0   7  46   6   3   4   2   0   1   2   0  12  0.52 0.38
  316 R    -1   7  -4  -5  -6  -1  -1  -5  -4  -1  -4  -1  -2  -4  -6  -4  -2  -6  -5  -1    5  72   0   0   0   1   4   0   0   4   1   2   1   1   0   1   2   0   0   4  1.67 0.84
  317 I    -1  -5  -6  -6   0  -5  -6  -3  -6   4   0  -5   1  -1  -5  -3  -1  -5   0   5    4   0   0   0   2   0   0   2   0  23   5   0   3   3   0   1   4   0   3  51  1.03 0.57
  318 R    -1   5  -2  -2  -5   4   1  -5  -1  -3  -4   3  -1  -1  -4  -3  -3  -5  -4  -1    5  36   1   1   0  17  10   0   1   2   1  17   1   3   0   1   1   0   0   4  0.80 0.51
  319 I    -2  -5  -5  -3  -4  -5  -5  -6  -5   4   3  -5   5  -1  -5  -3  -3   3  -2   1    2   0   0   1   0   0   0   0   0  28  31   0  18   2   0   2   1   4   1  10  0.93 0.51
  320 G    -3  -7  -5  -6  -7  -6  -6   7  -6  -8  -8  -6  -7  -7  -6  -4  -6  -7  -7  -7    1   0   0   0   0   0   0  99   0   0   0   0   0   0   0   0   0   0   0   0  2.70 1.02
  321 S    -1  -1  -2  -3  -3  -2   0  -4  -3   3   2  -2   2   1  -3   0   0   0  -2   2    2   3   1   0   0   0   7   0   0  19  23   1   7   6   0   7   4   1   0  17  0.27 0.20
  322 W    -6  -6  -7  -7  -5  -5  -6  -6  -5  -6  -5  -6  -4  -2  -7  -6  -5  12   3  -6    0   0   0   0   0   0   0   0   0   0   0   0   0   0   0   0   0  90  10   0  4.02 0.86

                      K         Lambda
Standard Ungapped    0.1296     0.3131
Standard Gapped      0.0344     0.2670
PSI Ungapped         0.1123     0.3177
PSI Gapped           0.0344     0.2670
