
Last position-specific scoring matrix computed, weighted observed percentages rounded down, information per position, and relative weight of gapless real matches to pseudocounts
            A   R   N   D   C   Q   E   G   H   I   L   K   M   F   P   S   T   W   Y   V   A   R   N   D   C   Q   E   G   H   I   L   K   M   F   P   S   T   W   Y   V
    1 M    -4  -4  -5  -6  -4  -4  -5  -6  -5   1   5  -4   7   0  -5  -4  -3  -4  -3  -1    0   0   0   0   0   0   0   0   0   5  54   0  38   3   0   0   0   0   0   0  1.31 0.45
    2 Y     0  -4  -3  -4  -4  -1  -3  -4  -1   0  -2  -2  -1   2  -4   5  -1  -3   4  -3    8   0   0   0   0   2   0   0   1   5   3   2   1   9   0  48   3   0  17   0  0.79 0.47
    3 E    -1  -3   0   3  -5   2   2   5  -1  -6  -6  -1  -5  -6  -3   0  -3  -5  -5  -5    4   1   4  17   0   8  17  40   1   0   0   3   0   0   1   5   0   0   0   0  0.81 0.42
    4 E    -4   0  -3   2  -7   4   5  -6  -3  -7  -5   4  -5  -2  -2  -2  -5  -7  -6  -6    1   4   1  11   0  17  35   0   0   0   1  24   0   2   2   3   0   0   0   0  1.11 0.65
    5 F    -7  -4  -8  -9  -7  -7  -8  -9  -7  -3   6  -7   3   4  -8  -7  -6  -1   3  -5    0   1   0   0   0   0   0   0   0   1  65   0   6  18   0   0   0   1   9   0  1.73 0.85
    6 P    -5   7   2   1  -8  -4  -5  -7  -4  -3  -6   1  -4  -6   3  -2  -2  -8  -7  -7    0  54   9   6   0   0   0   0   0   2   0   9   0   0  12   3   2   0   0   0  1.48 0.83
    7 D    -5   1  -1   1  -3   1   1  -7   9  -6  -7   0  -6  -5  -7  -2  -4  -7  -1  -6    1   9   2   8   1   7   9   0  51   0   0   4   0   0   0   3   1   0   2   1  1.81 0.91
    8 V    -4   8  -2  -7  -4  -1  -2  -8  -4  -4  -4   0  -5  -5  -1  -4   0  -4  -4  -3    2  68   2   0   0   2   2   0   0   1   2   5   0   0   3   1   7   0   1   2  1.77 0.96
    9 I    -4  -8  -9  -9  -1  -8  -8  -6  -9   7   1  -8   0  -3  -8  -8  -5  -8  -4   4    2   0   0   0   1   0   0   1   0  54  10   0   2   1   0   0   1   0   1  28  1.80 0.88
   10 T    -1   0  -3  -1  -6   1   1  -5  -2   0  -3  -1  -3  -4  -5   0   6  -7  -3   0    6   5   1   4   0   5  10   0   1   5   2   3   1   1   0   6  42   0   1   7  0.73 0.57
   11 F    -5  -6  -8  -5  -3  -8  -8  -9  -4   6   3  -8  -3   4  -5  -7  -6  -3  -3   2    1   0   0   1   0   0   0   0   0  44  24   0   0  17   1   0   0   0   1  10  1.52 0.78
   12 Q    -5   0  -5  -4  -4   7   4  -4  -1  -4  -1  -2  -2  -4  -6  -4  -3   0  -2  -2    1   5   0   1   1  47  21   1   1   1   7   2   1   1   0   1   1   1   2   3  1.33 0.87
   13 S     0   5  -1  -3  -4   2   1  -3   0  -3  -4   3  -3  -5  -5   0   0  -7  -3  -3    8  28   2   1   0   8  10   2   3   2   1  16   0   1   0   8   6   0   1   1  0.62 0.48
   14 Y     0   3  -1  -3  -2   1  -1  -4  -1  -3   0   2  -1   1   3   0  -2  -2   2  -1    6  15   3   1   1   5   3   1   1   2   8  12   1   5  17   7   1   1   6   4  0.32 0.30
   15 V     0  -1  -1  -1  -5   1   1  -1  -3   0  -3  -1  -2  -4  -3   1   4  -6  -4   2    7   3   2   3   0   6   8   4   1   6   1   4   1   1   1   8  27   0   0  17  0.40 0.38
   16 E    -1   1  -1   1  -4   0   2  -1  -1  -1  -2   1  -2  -3   0   0   1  -2  -2   0    5   9   2   9   0   5  17   4   2   3   4   7   1   1   5   7  11   1   2   6  0.17 0.20
   17 Q     0  -3  -3  -2  -3   0  -1   0  -3   1  -3  -1  -3  -4  -3   0   4  -6  -3   3    9   1   1   2   0   4   5   8   1   7   2   3   0   0   1   8  29   0   1  17  0.45 0.40
   18 S    -1   3  -2   0  -3   2   1  -4  -2  -2  -3   2  -3  -4   3   0   1  -3  -1  -1    6  13   2   5   0  10   8   1   1   3   3  10   0   1  16   7   7   0   2   5  0.32 0.30
   19 N    -4  -5   4   7  -8  -2  -2  -1  -6  -8  -6  -4  -4  -8  -5  -2  -1  -9  -5  -4    2   1  16  62   0   2   2   5   0   0   1   1   1   0   1   4   4   0   0   1  1.76 0.94
   20 G     1  -2  -1   3  -6  -2   2   4  -3  -5  -6  -1  -4  -6   1   0  -2  -6  -4  -4   14   2   3  13   0   2  14  28   1   1   0   4   0   0   7   8   2   0   1   1  0.58 0.44
   21 E     0  -1   0   0  -2   0   0   0   0   0   0  -1   1   1  -1   0   0   1   3  -1   10   2   4   6   1   4   6   8   2   4   8   2   4   6   2   8   6   2  12   4  0.08 0.12
   22 G    -3  -5  -1  -4  -7  -5  -4   7  -3  -6  -6  -4  -4  -4  -3  -3  -2  -2  -3  -6    2   1   4   1   0   0   1  78   1   1   1   1   1   1   2   2   3   1   1   1  1.91 0.98
   23 G    -1  -3   1  -1  -6   3   1   5  -1  -3  -4  -3  -3   0  -4  -2  -2  -2  -2  -3    4   2   6   3   0  12  11  43   2   2   2   1   1   4   1   3   2   1   1   2  0.74 0.51
   24 K     0   0  -1  -1  -4   0   1  -2   0   0  -1   0   0   2   2  -1   0   3   1   0    8   5   2   3   0   5   8   2   2   5   5   4   2   9  12   5   6   4   5   8  0.13 0.15
   25 T    -1  -1  -1  -1  -4  -1   1  -3  -2   2  -2   0  -1  -3  -1   1   3  -5  -3   2    4   3   2   4   0   2   9   2   1  10   4   7   1   1   3   8  22   0   1  17  0.30 0.30
   26 Y    -1   0  -2   1  -5   1   4  -2  -1  -2  -2   1  -2  -3   0  -1   2  -2  -1   0    4   5   2   7   0   7  24   3   1   2   3   8   1   1   4   4  11   1   3   9  0.28 0.28
   27 K     0   0   0   0  -5   0   2   1  -2  -2  -3  -1  -3  -5  -3   1   3  -6  -3   0    9   4   4   6   0   4  12  10   1   2   2   3   1   0   1  11  21   0   1   8  0.30 0.30
   28 W    -5  -4  -9  -3  -9  -5  -3  -5  -3  -5  -4  -5  -8   1  -3  -6  -5  12   3  -5    2   1   0   2   0   1   2   1   1   1   2   1   0   6   2   1   1  69   9   1  3.42 1.50
   29 V     2   0  -2  -2  -2   2   2  -1  -2  -1  -3   0  -2  -3  -3   0   2  -6  -3   2   15   4   2   2   1   8  12   4   1   2   2   5   1   1   1   8  12   0   1  17  0.25 0.27
   30 D    -1  -3   0   5  -6  -1   1  -4   0  -4  -3   0  -3  -4   1  -1   3  -2  -3  -1    6   1   5  29   0   2   9   1   2   1   3   5   1   1   8   4  16   1   1   5  0.56 0.42
   31 E    -2  -2  -3  -2   0  -2  -2  -3   1   2   1  -2  -1   2  -3  -2   0   1   3   4    4   2   1   3   2   2   3   3   3  12  12   2   1   8   1   2   5   2   8  25  0.34 0.26
   32 F     2  -1  -2   0   1  -2  -1   1   0   0  -1   0   0   2   0  -1   0  -1   0  -1   23   3   1   5   4   1   3  13   2   5   5   6   2   8   5   3   6   1   3   4  0.13 0.16
   33 T     0   0  -1  -1  -5   0   0  -3  -1  -2  -3   1  -1  -3  -1   1   5  -1  -4   0    6   4   3   3   0   4   6   2   1   2   1   9   1   1   3  11  33   1   0   7  0.44 0.39
   34 A     0   0  -2  -2   2  -2  -3  -2  -2   2   1  -2   0  -1  -1  -2  -1  -4   0   4    7   6   2   3   4   1   1   4   1  10  15   2   2   3   3   2   4   0   3  29  0.27 0.24
   35 A    -3   1  -3  -1  -1  -2  -1  -4  -1  -3  -4  -2  -1  -1  -1  -2  -4  11   1  -4    2   7   2   4   1   2   5   2   2   1   2   3   2   3   4   3   1  51   4   1  1.99 0.93
   36 A     5  -4  -4  -4   2  -4  -4   1   1  -1  -4  -4   1  -1  -1   0  -1  -5  -4  -1   54   0   0   0   4   0   0  12   3   3   0   0   4   3   3   5   3   0   0   4  0.79 0.50
   37 H     1   1   0   0   0   1   1  -1   1  -2  -1   1   0   0  -2   1  -1   1   0  -2   14   8   4   5   2   5  11   4   4   0   7   8   3   4   0  11   2   2   3   2  0.10 0.13
   38 V     0   0  -2  -3   2   1   0  -3   2   0   0   0   1   1   1   0   0   4   1   0    6   6   0   0   6   6   6   0   6   6   6   6   6   6   6   6   6   6   6   6  0.11 0.15
   39 Q    -2   2   0   1  -3   1   3  -3  -1   0  -1   2   0  -4  -5  -1   0   0  -2  -1    3  13   4   8   0   5  23   1   1   5   6  11   2   1   0   5   6   1   1   4  0.33 0.31
   40 P    -1  -2   0   0  -3   0  -2  -2   0  -5  -4  -3  -2  -1   6   0   1  -2   0  -3    6   2   5   5   0   4   2   4   2   1   2   1   1   3  42   6   8   1   3   2  0.87 0.61
   41 I     0  -1  -2  -3  -4   0  -2  -3  -3   1   3  -2   1  -2   1  -2  -1  -3  -2   2    6   3   2   1   0   5   2   2   0   8  32   3   3   1   7   3   4   0   1  16  0.34 0.30
   42 S    -1   2   1  -3  -3  -1  -3   1  -1  -4  -4   1  -2  -3  -3   4   2  -3  -2  -4    4  12   5   1   1   2   1   9   1   1   2   9   1   1   1  36  10   0   1   1  0.60 0.52
   43 Q     2  -4  -3  -1  -6  -4  -4   6  -4  -3  -5  -6  -2  -4  -3   1   0  -3  -4  -2   15   1   1   3   0   1   1  53   0   1   1   0   1   1   1   9   6   0   1   3  1.09 0.69
   44 E     0   5   1   0  -6   0  -1  -1  -2  -3  -3   2  -2  -4  -4   2   0  -1  -2  -3    7  27   6   5   0   3   3   5   1   1   3  13   1   1   1  14   6   1   1   2  0.46 0.39
   45 E    -3   0  -2   1  -8  -1   7  -4  -3  -4  -5  -2  -2  -5  -4  -3  -2  -2  -4  -3    2   5   2   6   0   3  65   1   1   1   1   2   1   1   1   2   3   1   1   2  1.47 0.90
   46 Y     0   3  -2  -2  -5   0  -1  -3   0  -1   0   0  -1   3  -2   0  -1   0   3   0    8  17   1   3   0   3   4   2   2   4   7   4   1  13   2   6   4   1  12   6  0.26 0.26
   47 Y    -1  -2  -1  -2  -4  -1  -1  -3  -1   2   1  -3   1   4  -3  -1  -1   4   2   1    4   2   3   3   0   4   4   2   2  13  11   1   4  16   1   4   3   5   8   9  0.26 0.24
   48 K     2   2   0   0  -4   2   2  -1  -1  -1  -1   1   0  -1  -3   0   0  -1  -2  -1   16  10   3   4   0   8  12   5   1   3   4   6   2   2   0   7   6   1   1   5  0.14 0.18
   49 A     5  -2   0  -2  -5  -1  -1   1  -1  -3  -3  -3  -1  -1  -3   1  -1  -6   0  -2   46   2   4   3   0   3   3   8   1   1   2   1   2   3   1  10   3   0   3   2  0.60 0.49
   50 Q     1   0   0   2  -5   2   0   3   1  -3  -3   0   1  -2  -2   0  -2  -5  -1  -2   12   5   4  11   0  11   6  21   4   2   2   6   3   2   2   5   1   0   2   3  0.26 0.27
   51 Q     2   2  -1  -1  -5   5   0   0   0  -2  -3   1  -1  -5  -5  -1  -1  -5  -2  -2   15  10   2   3   0  29   5   7   2   2   2   8   2   0   0   5   4   0   1   3  0.51 0.45
   52 L     0  -1  -1   0  -1  -1   0  -2  -2   1   1  -1   1  -1  -1  -1   1  -1  -1   1    9   4   2   4   1   3   7   2   1  11  13   2   5   3   3   3  12   1   1  12  0.08 0.12
   53 Q     0   0   2   0  -4   3   1   0   1  -1  -2   0  -1  -2  -3   0   0  -1  -1   0    6   6   9   5   0  15  10   8   3   4   4   4   2   1   1   5   6   1   2   8  0.15 0.19
   54 T     3  -2   1  -1  -2   0   0   1  -1  -2  -3  -1  -1  -3  -1   2   0  -2  -2   0   25   2   6   3   1   5   5   9   2   2   3   2   1   1   3  18   6   1   1   6  0.27 0.29
   55 P    -1   1  -1   0  -5   2   4  -2  -1  -1  -2   0  -2  -3  -1   0   1  -5  -2   0    4   6   3   5   0   9  27   4   1   4   3   6   1   1   2   7  10   0   1   6  0.32 0.31
   56 I     1   0  -1  -2  -4   0  -2  -1  -2   2   0  -1   0  -1  -3  -1   1  -2  -1   3   12   5   4   2   0   4   2   4   1  12   9   3   3   2   1   4   9   1   2  22  0.18 0.20
   57 G    -2   1  -1   1  -5  -1  -1  -3  -1  -2  -3  -1   0  -3  -1   1   5  -2  -2  -1    3   6   2   8   0   3   4   2   2   2   3   3   2   1   4  12  36   1   1   5  0.51 0.45
   58 Y     1   0  -3  -4   1  -2  -3  -3   7   0  -2  -3  -1   1  -6  -2   1   1   4   1   12   5   1   1   2   1   1   2  23   4   4   2   1   5   0   2   8   2  13  10  0.64 0.46
   59 N    -2   5   0  -1  -6  -1   1  -4  -2  -1  -2   3  -2  -2  -4   0   0  -2  -2   0    2  31   4   3   0   2   9   1   1   3   3  15   1   2   1   6   6   1   1   8  0.53 0.41
   60 I    -3  -5  -7  -8  -2  -7  -7  -5  -7   5   0  -7   1   5  -7  -4  -4   0  -2   3    2   1   0   0   1   0   0   1   0  35   8   0   3  24   0   1   1   1   1  22  1.28 0.69
   61 Y    -3   3  -2  -4  -5  -2  -1  -4  -1   1  -1   0  -1   0  -5  -2   4   2   3   1    2  19   1   1   0   1   4   1   2   9   5   5   1   4   0   1  25   3   9   9  0.49 0.41
   62 T    -4  -7  -7  -7   3  -6  -7  -7  -3   6   1  -5   4  -2  -5  -4  -1  -6   0   3    1   0   0   0   6   0   0   0   1  45  12   1   8   2   1   1   4   0   3  16  1.21 0.66
   63 P    -5   8  -3  -3  -9  -2  -4  -6  -1  -9  -5  -3  -4  -5   0  -4  -5  -2  -3  -8    1  79   1   2   0   1   1   1   2   0   2   1   0   1   5   1   1   1   1   0  2.31 1.17
   64 Y    -2  -1  -3  -4  -4  -4  -3  -5   3  -5  -6  -3  -3   3  -2  -3  -3   6   8  -5    4   3   1   1   0   1   2   1   7   0   0   2   1  11   3   2   1   8  49   1  1.67 0.90
   65 D    -2   6   0   0  -2   0  -4  -1   0  -1  -2  -2  -3  -1  -3   0   0  -2  -2  -2    3  44   4   5   1   3   1   4   2   4   5   2   1   2   2   6   6   1   2   3  0.75 0.53
   66 D     2  -1  -1   1  -3  -1   0  -2  -1  -2  -4   1  -3  -3   3   2   2  -6  -5  -2   14   4   3   8   0   3   7   3   1   2   1   9   0   1  12  16  11   0   0   3  0.31 0.31
   67 R    -1  -2   0   6  -7  -1  -1   4  -3  -5  -6  -2  -5  -6  -3  -1  -2  -4  -5  -5    4   2   3  42   0   3   4  26   1   1   1   2   0   0   1   4   3   0   0   1  1.06 0.66
   68 I    -4  -8  -8  -5  -6  -7  -8  -8  -8   6   2  -5  -1  -2  -3  -6  -6  -2  -4   4    2   0   0   1   0   0   0   0   0  43  19   1   1   2   2   1   0   1   1  29  1.47 0.76
   69 D     0   0   2   2  -6  -1  -1  -2  -1  -4  -3   1  -3  -5  -2   0   5  -4  -4  -2    6   6   8  13   0   2   3   2   1   1   2   9   1   0   2   7  33   0   0   3  0.57 0.46
   70 K     2   1   0  -1  -3  -2   1  -2  -1  -3  -4  -1  -3  -4   4   1   2  -6  -3  -1   16   6   4   4   1   2  11   3   2   1   2   3   0   1  19  10  11   0   1   4  0.38 0.35
   71 K     1  -1   1   3  -4  -1   0   2  -1  -4  -3   2  -3  -5  -3   1   2  -4  -4  -4    9   3   6  16   0   2   6  16   1   1   2  10   0   0   1   9  14   0   1   1  0.38 0.34
   72 M    -4  -3  -1   4   0  -1  -5  -5   2  -3  -3  -4   9   0  -8  -4  -3   4   1  -4    2   2   3  20   2   3   0   1   5   1   2   1  41   3   0   1   2   5   5   1  1.46 0.84
   73 R    -6   8  -5  -6  -5   0  -2  -7  -4  -4  -4  -1  -5  -4  -8  -6  -5  -1  -2  -3    1  78   0   0   0   4   3   0   0   1   2   3   0   1   0   0   1   1   2   2  2.32 1.18
   74 V    -2  -8  -8  -8  -3  -7  -8  -6  -8   5   2  -6  -1   2  -5  -7  -6  -7  -6   5    3   0   0   0   1   0   0   0   0  34  19   0   1   9   1   0   0   0   0  31  1.37 0.71
   75 I    -2   2  -3  -3  -3  -1  -1  -5  -2   2   1   1   0  -2  -5   0   0  -3  -3   3    3  12   1   1   0   2   5   0   1   9  16   9   2   1   0   6   5   0   1  24  0.35 0.30
   76 Y    -3  -3  -4  -1   1  -4  -3  -6   5  -1  -2  -3  -2   5  -7  -4  -5   7   6  -3    2   1   1   4   3   1   2   1  13   3   4   2   1  20   0   1   1  12  26   2  1.27 0.70
   77 R    -1   2   2   3  -5   0   1   4  -1  -6  -5   2  -4  -5  -5  -2  -4  -7  -4  -4    5  12   8  17   0   4   8  26   1   0   1  12   0   0   0   3   0   0   0   1  0.64 0.45
   78 G    -1  -4   2   2  -7  -3  -1   6  -4  -5  -7  -3  -5  -8  -5   1  -1  -8  -7  -6    4   1  10  10   0   1   5  51   0   1   0   2   0   0   0   9   5   0   0   0  1.14 0.68
   79 K    -3   6  -2  -1  -4   1   0  -4  -1  -3  -3   3  -1  -5  -6  -2   0  -7  -3   0    2  39   2   3   0   6   6   1   1   2   3  18   1   0   0   2   5   0   1   6  0.89 0.57
   80 I    -1   0  -1  -2  -3  -2  -1  -4  -2   3   0  -1  -2  -1  -2  -2   3  -2   1   3    6   5   3   2   0   2   4   1   1  19   6   4   1   2   2   3  18   0   5  17  0.33 0.29
   81 V    -8  -8  -8  -9  -4  -8  -6  -9  -1  -3   2  -8  -1   6  -9  -8  -7   2   8  -4    0   0   0   0   0   0   1   0   2   2  17   0   2  29   0   0   0   3  44   1  2.09 1.00
   82 T    -1   2   4   3  -4   0   3  -3  -2  -5  -2   0  -4  -5  -4  -1   0  -6  -3  -3    5  10  19  17   0   4  18   2   1   1   4   5   0   0   1   4   6   0   1   2  0.55 0.40
   83 F    -4  -8  -6  -6  -6  -6  -6  -8  -4   8  -1  -7  -1  -2  -5  -6  -5  -7  -3   3    1   0   0   1   0   0   1   0   1  69   5   0   1   2   1   1   0   0   1  16  2.02 0.92
   84 I    -1   1   0   0  -4   0   1  -4   1   2   1   1  -1  -3  -4  -2   0  -5  -3   2    5   6   4   6   0   4   8   1   3  13  12  11   1   0   0   1   7   0   0  17  0.22 0.21
   85 G     3  -1  -1  -2  -5  -2  -1   3  -2  -4  -4  -1  -4  -4  -4   4   0  -5  -4  -3   22   3   3   2   0   2   4  21   1   1   1   3   0   1   1  27   5   0   1   1  0.59 0.43
   86 D     0   1   1   2  -1   0   0  -1   0   0  -1  -1  -2  -2   2  -1  -1  -1  -1   2    6   7   7  14   1   3   5   3   2   5   4   4   1   2  11   3   4   1   2  15  0.14 0.12
   87 P     0  -3  -3  -3  -5  -3  -2  -5  -3   3   0  -3   0  -4   5  -2  -2  -3  -4   3    9   1   1   1   0   1   3   1   1  13   9   1   2   1  30   3   2   1   1  20  0.72 0.45
   88 V    -1   0  -1   2  -4   0   1  -3   0   2   0  -1   1  -2   1  -2  -1  -2  -1   1    4   6   2  12   0   5   9   1   2  16  10   3   4   1   8   2   4   1   3   9  0.16 0.17
   89 D    -3  -3   4   7  -5  -2   1  -4  -6  -6  -6  -2  -4  -6  -1  -4  -3  -5  -5  -4    3   2  21  49   0   1  10   2   0   0   1   2   1   0   3   1   1   0   1   2  1.41 0.78
   90 L    -1   1  -2   1  -4   2   1  -3  -2   2   1  -1   0  -2   2  -2  -1  -2  -2   1    4   7   2   8   0  10   9   2   1  11  12   3   3   2  10   2   3   1   1  11  0.17 0.19
   91 S    -2  -1   3   4  -5  -1   1   3   1  -3  -3  -1  -1  -3  -3   0  -1  -6  -2  -4    4   4  13  25   0   3   7  20   3   2   2   3   2   1   1   5   3   0   1   1  0.51 0.36
   92 G    -1   1   0   0  -6  -1   4   4  -1  -4  -3  -2  -2  -2  -4  -1  -2  -6  -2  -5    4   7   4   6   0   3  25  32   2   1   2   1   1   2   1   5   3   0   2   1  0.62 0.44
   93 L     0   5  -2  -3  -4   2   0  -2   1  -3  -1   1   2  -1  -5  -1  -1  -1  -1  -2    7  35   2   1   0   7   6   3   4   1   7   7   5   2   0   4   3   1   2   3  0.55 0.40
   94 Q    -4   4   4  -1  -3   0  -1   0   5  -3   0   1  -1  -3  -4  -3  -2  -2  -4  -4    1  24  17   3   1   3   5   7  12   2  11   7   1   1   0   1   2   1   0   1  0.62 0.44
   95 E    -2   5  -4  -2  -6   0   5  -6  -1  -2  -6   1  -4  -3  -5  -4  -2   2  -3  -3    3  26   0   2   0   3  41   0   1   3   1   8   1   1   0   1   3   3   1   2  1.08 0.68
   96 I    -3  -2  -4  -3  -3  -3   1  -3  -2   4   1  -3   1   2  -5  -3   0   4   4   0    2   2   0   1   0   1   9   3   1  20  13   2   3   8   0   1   6   6  14   7  0.48 0.35
   97 T    -5  -4  -4  -4  -4  -3  -5  -3  -2   1   5  -4   5  -2  -7  -3   2  -2   1  -1    0   1   1   1   0   1   1   3   1   6  47   1  15   1   0   2  11   1   4   4  0.94 0.58
   98 R    -1   2  -3   0   5   0   2  -5   0   0   0   0   0  -3  -5  -2   1  -4  -2   1    4  10   1   4  13   4  14   0   2   5  11   4   2   1   0   1  10   0   1  12  0.34 0.29
   99 I    -4  -1  -4  -5   3  -4  -4  -7  -6   4   4  -3   2  -1  -6  -5  -2  -6  -3   1    1   4   1   0   6   1   1   0   0  25  38   2   4   3   0   1   3   0   1   9  0.87 0.51
  100 K     0   1  -2  -1  -1   0   2  -3   0   0   0   0   3  -2  -1  -2   0  -3  -1   0    7  10   2   3   1   4  16   2   2   6  11   5   8   2   3   1   6   0   2   8  0.14 0.17
  101 G     2  -4  -7  -5   9  -3  -3   1  -7  -2   0  -4  -2  -7  -7  -3  -2  -7  -4   1   15   1   0   1  40   1   2  11   0   2  10   1   1   0   0   2   2   0   1  10  1.40 0.73
  102 K    -2   2  -3  -2  -5   1   4  -3  -3  -2  -2   4  -4  -6  -5  -1   0  -4  -6   0    3  10   1   2   0   6  30   2   0   2   4  24   0   0   0   5   6   0   0   6  0.68 0.50
  103 E    -3   2  -2  -3  -8  -1   7  -4  -3  -5  -6   0  -7  -5  -5  -3   0  -4  -7  -4    2   9   1   1   0   2  65   1   0   1   1   5   0   1   0   2   6   0   0   2  1.53 0.88
  104 D    -1  -1   2   4  -5  -1   3   0  -2  -3  -1  -2  -1  -4  -3   1   0  -5  -4  -2    4   3  10  24   0   2  20   7   0   1   6   2   2   1   1  10   4   0   0   3  0.42 0.32
  105 G     1  -6  -3  -1  -6  -3  -4   7  -6  -7  -5  -5  -6  -7  -6  -2  -3  -6  -7  -4   10   0   1   3   0   1   1  78   0   0   1   0   0   0   0   2   1   0   0   2  1.76 0.75
  106 A     4  -2  -2  -4  -3  -3  -1  -2  -4   0  -3  -3  -2  -4  -2   1   0  -5  -4   3   47   1   1   0   0   0   3   1   0   5   0   0   0   0   1  12   5   0   0  23  0.61 0.37
  107 Y     0  -1   0  -3  -3  -2  -1  -3   3  -2  -1  -2  -2   1   0  -2   0   5   5   0   11   4   5   0   0   0   4   0   8   0   4   0   0   3   4   0   6  11  28  11  0.39 0.18
  108 V     1  -3   0   2  -2  -2   0  -3  -3   1  -1  -2  -1  -2  -3  -1   0  -4  -3   4   14   0   6  16   0   0   5   0   0   6   0   0   0   0   0   0   5   0   0  47  0.30 0.16
  109 G    -1  -4  -2  -3  -4  -3  -3   7  -3  -5  -5  -3  -4  -4  -3  -1  -3  -4  -4  -4    0   0   0   0   0   0   0 100   0   0   0   0   0   0   0   0   0   0   0   0  1.62 0.26

                      K         Lambda
Standard Ungapped    0.1377     0.3161
Standard Gapped      0.0455     0.2670
PSI Ungapped         0.1485     0.3179
PSI Gapped           0.0455     0.2670
