
Last position-specific scoring matrix computed, weighted observed percentages rounded down, information per position, and relative weight of gapless real matches to pseudocounts
            A   R   N   D   C   Q   E   G   H   I   L   K   M   F   P   S   T   W   Y   V   A   R   N   D   C   Q   E   G   H   I   L   K   M   F   P   S   T   W   Y   V
    1 M    -3  -4  -5  -5  -4  -3  -4  -5  -4   1   2  -4   9  -2  -5  -4  -3  -4  -3  -1    0   0   0   0   0   0   0   0   0   6  12   0  82   0   0   0   0   0   0   0  1.80 0.51
    2 K    -2   4  -1   0  -5   3   0  -3  -2  -4  -3   4  -3  -5   0  -1  -1  -5  -4  -4    2  26   1   4   0  16   4   0   0   0   2  33   0   0   5   2   4   0   0   0  0.70 0.35
    3 T     0   0   1  -1  -3   2   0   0   1  -2  -3   0  -2  -2   1   1   2  -3   0  -2    9   3   7   3   0  16   5   7   3   2   0   6   0   2   5   9  17   0   5   2  0.19 0.16
    4 T    -2  -2   0  -3  -4   0  -3  -2  -4  -4  -4   0  -3  -5   0   2   6  -5  -4  -2    0   2   3   0   0   3   0   3   0   0   0   6   0   0   4  18  59   0   0   1  0.99 0.52
    5 A     4  -4  -4  -4   1  -3  -3  -2   0   2   0  -2  -2  -1  -4  -1  -1   4   2   0   42   0   0   0   2   0   0   1   2  11  11   3   0   2   0   2   2   7   8   7  0.48 0.34
    6 A     2   1   0  -2  -4   0   3  -2  -1  -4  -4   4  -2  -5  -1   1  -2  -5  -4  -2   23   8   3   0   0   4  19   2   1   0   0  26   1   0   2   9   1   0   0   2  0.50 0.35
    7 M     2   0  -1   0  -4   2   2   1  -1  -4  -4   1  -2  -4  -3   3   0  -5  -4  -2   15   5   1   5   0  13  12   8   1   0   0  10   1   0   0  23   5   0   0   2  0.37 0.29
    8 L    -2   5  -2  -1  -1  -1  -2  -4   2   0   1   0   2  -1  -4  -3  -2  -1  -3  -1    3  42   1   4   2   2   1   0   4   5  16   5   7   2   0   1   1   1   0   3  0.58 0.38
    9 W    -6  -4  -6  -7  -1  -6  -6  -7  -3  -3  -5  -6  -5   3  -7  -6  -6   9   8  -5    0   1   0   0   1   0   0   0   0   2   0   0   0  12   0   0   0  33  51   0  2.63 0.97
   10 E     0   0   1   2  -4   2   4  -1  -1  -4  -3   1  -2  -5  -3   1  -1  -5  -3  -3   10   5   7  10   0  10  29   4   1   0   3   8   1   0   0   9   4   0   1   0  0.43 0.31
   11 K     0   3  -1   1  -5   2   3  -3  -1  -4  -4   3  -3  -4  -3   1   0  -5  -4  -3    7  16   2   9   0   8  19   1   1   0   1  22   0   1   0   9   5   0   0   1  0.50 0.34
   12 L    -1  -2  -4  -2  -1  -2  -3  -5  -4   0   5  -4   3   0  -5  -4  -3   0   2  -2    6   3   1   2   2   2   2   0   0   4  58   0   8   2   0   1   1   1   8   0  0.77 0.46
   13 R    -1   4  -1   1  -4   2   1  -3  -2  -3  -2   4  -3  -3  -3   1  -1  -1  -1  -3    4  21   2   9   0   7   9   1   0   1   3  26   0   1   0  10   3   1   2   1  0.46 0.32
   14 D    -2   7  -2   3  -6  -3  -2  -4  -4  -6  -6   0  -5  -6  -5   1  -1  -6  -5  -6    2  54   1  20   0   0   1   1   0   0   0   5   0   0   0  13   3   0   0   0  1.30 0.67
   15 G     1  -1   1   2  -3   0   1   2  -2  -4  -3  -2  -3  -3  -2   2   1  -3   2  -3   10   2   6  15   0   5   8  15   0   0   1   1   0   0   1  16  10   0   9   0  0.31 0.26
   16 S     0   2   1  -1  -4  -2  -2  -1  -2  -1  -2  -1  -2  -2   3   2   2  -4  -1  -1    6  16   7   3   0   1   2   4   1   4   3   2   1   2  17  17  13   0   2   3  0.33 0.28
   17 V     0  -1  -4  -5  -2  -2  -3  -5  -1   0   0  -2   1   3  -4  -3  -1   8   5   1    8   4   0   0   1   2   1   0   1   6   6   2   4  14   1   1   3  20  18   9  0.78 0.42
   18 E    -3  -1  -4   0  -2  -2   2  -5  -4   2   3  -2   3  -2   1  -2  -2  -1  -3   1    0   3   0   5   1   1  17   0   0  11  32   2   9   1   8   2   1   1   0   8  0.39 0.31
   19 Q     0   1   0   3  -3   1   1  -2   0  -3  -1  -1  -1  -4   0   1   2  -1  -1  -2    6   9   4  17   0   8   7   2   2   0   6   2   1   0   3  13  16   1   2   1  0.25 0.23
   20 R    -2   6  -2  -2  -5   1  -2  -5   3  -3  -3   2   1  -5  -3  -2  -2  -5  -4  -5    3  54   1   2   0   7   1   0   7   2   3  11   3   0   1   2   1   0   0   0  1.09 0.56
   21 A     5  -5  -2  -5   1  -4  -5   1  -5  -4  -2  -3  -4   0  -5   0  -2   8  -2  -3   47   0   2   0   3   0   0   8   0   0   4   1   0   4   0   5   1  21   1   1  1.16 0.62
   22 I    -4   5  -2   1  -6   3   3  -5  -3  -1  -3   2  -2  -5  -4  -2  -2  -5  -2  -2    0  36   1   7   0  11  21   0   0   4   2  10   1   0   0   1   2   0   1   2  0.82 0.50
   23 E    -1   2   0   3  -4   2   4  -2  -1  -4  -2   1  -1  -3  -3  -1  -1  -4  -2  -3    4  11   3  14   0  10  28   2   1   0   4   8   1   1   0   4   4   0   1   1  0.44 0.31
   24 F     1  -3   0  -4   7  -4  -4  -4  -1   3   0  -4  -1   1  -4  -1  -3  -3   3  -1   13   1   5   0  27   0   0   0   2  16   8   0   1   6   0   5   0   0  12   2  0.72 0.41
   25 A     5  -2  -3  -4  -2  -3  -3  -2  -2  -4  -3  -3   0  -2  -4   3  -1  -4   2  -3   55   2   0   0   1   0   1   2   1   0   2   0   2   1   0  21   2   0   6   1  0.91 0.56
   26 K     0   3  -1   2  -4   1   3  -1   0  -2  -3   3  -2  -4  -3   0  -2  -4  -3  -3    8  15   1   9   0   6  21   3   2   2   2  16   1   0   0   8   2   0   0   1  0.40 0.29
   27 T    -3  -4  -3  -5  -4  -2  -5  -5  -1  -1   3  -4   0   2  -5  -4  -3   6   6   0    1   0   1   0   0   1   0   1   2   3  35   0   2   7   0   1   1  10  27   7  0.99 0.51
   28 T    -1  -4  -3  -4   1  -2  -4  -4  -4   0  -1  -4  -1   0  -4  -1   6  -5  -2   1    4   0   0   0   3   2   1   1   0   6   4   0   1   4   0   2  60   0   1   8  1.10 0.62
   29 L    -3  -1  -1  -3  -1  -1  -4  -4  -4   4   3  -2   3  -1  -4  -2  -2  -4  -3   1    1   4   3   2   1   3   1   1   0  27  34   3   7   2   0   3   2   0   0   6  0.55 0.34
   30 P    -2  -5  -5  -5  -5  -5  -5  -5  -5  -5  -5  -4  -5  -6   8  -2  -2  -6  -5  -5    4   0   0   1   0   0   1   1   0   0   1   1   0   0  84   3   2   0   0   1  2.62 1.06
   31 Y    -1   2  -1  -2  -4   0  -3   0   2  -3  -3   0  -1   0  -4   2   1   4   4  -3    3  11   3   2   0   5   0   7   5   1   2   4   2   4   0  20   9   5  16   0  0.38 0.34
   32 L    -2   1  -2  -2  -1  -3  -3  -3  -1   1   4  -2   1   0  -4  -3  -1   1   0   1    2   9   2   2   1   0   1   2   2   9  42   2   3   4   0   1   5   2   2  11  0.41 0.31
   33 M    -2  -3  -2  -2   2  -2  -2  -2  -1   2   1  -3   3   5  -4  -2  -3   0   2   0    2   1   2   2   5   2   2   3   1  13  14   1  10  25   0   2   0   1   6   5  0.46 0.33
   34 V     0   0  -1  -1  -5  -1  -2  -2   1  -3  -3  -1  -4  -3   6  -1   2  -5  -2  -1    7   4   3   3   0   2   2   3   3   1   2   4   0   1  42   3  11   0   2   6  0.82 0.51
   35 D    -2   0   0   4  -5  -1   2  -2  -3  -2  -3   0  -4   0   3  -1   0  -5  -2  -3    3   5   4  25   0   3  12   3   0   2   2   7   0   4  17   3   6   0   1   2  0.45 0.35
   36 P    -1   0   0   3  -4   1   3  -1  -1  -2  -3   0  -3  -3   1   1   1  -5  -2  -2    4   4   5  16   0   6  20   5   1   2   2   6   0   1   8   9   8   0   1   2  0.31 0.28
   37 M    -1   1   1   1  -4  -1  -1   3   0  -2  -3   0  -1  -4   0   1   0  -4   0  -1    3   8   6   8   0   2   4  27   2   3   1   5   1   0   4   9   5   0   5   5  0.25 0.23
   38 S    -1  -1   1   2  -4   3   0  -2   2  -2  -2   0  -1  -1  -1   1   1   0   1  -2    5   3   8  13   0  15   6   2   5   2   3   3   1   2   3  11   9   1   5   2  0.21 0.24
   39 G    -1   1   2   2  -4   1   0   2  -1  -4  -3   0  -2  -2   0   0   1  -1  -3  -2    5   7  13  11   0   5   5  17   1   0   1   7   1   2   6   6   8   1   0   3  0.24 0.23
   40 S    -1   0   1   1  -4   1   1   2   0  -3  -4  -1  -1  -2   0   2   1  -4  -1  -4    4   4   7   9   0   6  11  19   2   2   0   3   2   1   4  17   8   0   2   0  0.30 0.28
   41 R    -1   3   2   1  -4   2   0   1   3  -3  -3   0  -2  -4  -1   1   1  -5  -1  -2    3  15   9   6   0  12   4   9   7   1   1   4   1   0   2  13   8   0   2   2  0.28 0.28
   42 G     0   0   0   1  -3   0   1   1  -3  -1  -3   0   0  -3  -1   1   2  -4  -1  -1    9   4   4   7   0   4   9  12   0   3   1   6   2   0   3  11  17   0   3   4  0.17 0.20
   43 V    -1   3   0   0  -4   1   1  -2   0  -1  -2   1   0  -1   0   1   1  -4  -3  -1    5  17   4   6   0   5   8   2   2   4   4  10   2   2   5  10   9   0   0   4  0.16 0.18
   44 V    -1   0  -1  -1  -3   0  -1  -1   0   1   1   0   1   1   0  -1   0   1   1   0    3   6   2   2   0   3   3   4   2   9  19   6   4   7   4   4   6   2   6   6  0.06 0.10
   45 E     0   0   1   0  -2   1   0   0   2   0  -1   0  -1  -2   1   0   0  -2   1   0    6   6   6   6   0   6   6   6   6   6   6   6   0   0   6   6   6   0   6   6  0.06 0.07
   46 H    -1   1   1   0  -3   1   0  -1   1  -1  -1   0   0  -2  -1   1   2  -3   1  -1    4  10   8   5   0   5   5   3   5   4   4   6   4   0   3   8  15   0   6   4  0.12 0.16
   47 D    -1  -3  -1   3  -4   0  -2  -1  -3   1   0  -2  -2  -4   5  -1   0  -5  -4   0    4   0   3  18   0   4   1   4   0   9  11   2   0   0  27   3   7   0   0   6  0.48 0.32
   48 F    -1  -5   0  -3  -5  -4  -3  -4  -1  -1  -2  -5  -3   5  -4  -3  -2   4   7  -1    6   0   4   1   0   1   1   1   1   4   2   0   0  26   1   2   2   6  37   3  1.14 0.56
   49 Q    -3  -3   1   5  -6   6  -1  -4  -1  -4  -5  -3  -4  -6  -4   0   0  -6  -5  -4    2   0   7  35   0  38   2   0   1   1   1   0   0   0   0   5   6   0   0   1  1.17 0.64
   50 S     1  -4   0  -1  -4  -1  -1   2  -4  -4  -4  -3  -2  -5  -2   5  -1  -5  -5  -3    9   0   3   3   0   2   3  16   0   1   1   0   1   0   2  56   2   0   0   1  0.88 0.56
   51 A     0  -4  -3  -4  -2  -1  -4  -3  -4   2   0  -2   0  -1  -4  -1   5  -4  -1   3    7   0   1   0   0   2   0   1   0  11   8   2   2   3   0   2  40   0   2  19  0.60 0.42
   52 G     3  -5  -1  -3  -5  -4  -4   6  -5  -5  -5  -3  -2  -6   1  -2  -3  -5  -5  -5   24   0   3   1   0   0   0  60   0   0   0   1   1   0   7   1   1   0   0   0  1.31 0.63
   53 A     4  -2  -2  -2  -3   0  -1  -2  -1   0  -1  -2   0  -2   1   1   1  -1  -3   1   37   2   1   1   0   5   3   2   1   6   4   1   3   1   7   8   7   1   0  10  0.30 0.28
   54 L    -2   5   0   1  -5   2   1  -3   0  -2  -1   0   0  -3  -4  -1  -1  -2  -2  -2    1  38   3   9   0  11   9   2   3   2   5   4   2   1   0   3   3   0   1   3  0.54 0.36
   55 L     4  -3  -3  -3   3  -3  -3   3  -4  -3  -1  -3  -3  -2  -4   1  -3  -4  -3  -1   40   1   0   1   6   0   1  24   0   1   7   0   0   2   0  12   0   0   1   3  0.65 0.43
   56 V     1  -3  -1  -5   0  -3  -4  -4  -1   1   2  -4  -1  -2  -4  -2   0  -2  -3   5   10   1   4   0   2   1   0   0   2   7  20   0   0   1   0   2   5   0   0  44  0.61 0.40
   57 N    -2   3   5   1  -5   2   0  -3  -2  -3  -4   0  -1  -2  -2  -1   1  -5  -4  -2    3  15  33   8   0   8   6   1   0   1   1   4   2   1   2   4   9   0   0   3  0.56 0.39
   58 N    -1   1   4   0  -4   0   0  -2   2   0  -2   0  -1  -2  -3   1   2  -4  -3  -1    4   7  23   3   0   4   6   2   6   6   4   4   2   1   0   8  15   0   0   4  0.27 0.26
   59 L    -2  -2  -6  -6  -2  -5  -5  -5  -5   0   5  -3   2   3  -4  -3  -3  -1  -2  -2    4   3   0   0   1   0   0   1   0   5  65   1   5  10   1   1   1   1   1   1  1.01 0.54
   60 A     6  -3  -3  -5  -1  -3  -3  -2  -3  -4  -5  -3  -4  -5  -3   2  -1  -6  -5   0   68   1   1   0   1   0   1   2   1   0   0   1   0   0   1  12   3   0   0   7  1.19 0.69
   61 A     3  -4   4  -2  -4  -2  -3   0  -4  -5  -6  -3  -5  -6  -3   5  -1  -6  -5  -5   27   0  18   1   0   1   1   5   0   0   0   1   0   0   1  41   2   0   0   0  0.97 0.62
   62 K     0   4  -1  -3  -5  -1  -2   3  -2  -4  -5   4  -4  -3  -4   0   0   0  -2  -5    7  20   2   1   0   2   1  21   0   1   0  29   0   1   0   6   6   2   1   0  0.64 0.44
   63 L    -4  -5  -6  -7  -1  -3  -6  -7  -2   3   5  -5   6   0  -6  -5  -3  -2  -4   0    1   0   0   0   1   1   0   0   1  17  51   0  20   4   0   0   1   1   0   3  1.22 0.64
   64 A    -1  -3  -3  -3  -4   3  -3  -2   4  -1   2  -2   6  -1  -5  -2  -1  -4  -1   1    4   0   1   1   0  16   1   2  11   2  20   1  21   2   0   2   4   0   2   8  0.56 0.44
   65 R     0  -1   1  -1  -3   1  -1   2  -3  -1   1  -2   3  -3  -4   3   0  -4  -4  -2    8   2   6   2   0   6   2  15   0   3  17   1   8   1   0  23   4   0   0   1  0.27 0.29
   66 S     2  -3  -1   0  -3   0  -2   3  -1  -2  -1  -3   1  -2  -3   1   1  -4  -1  -1   22   1   3   5   0   5   2  22   1   2   6   0   4   2   0  11   9   0   2   3  0.29 0.28
   67 L    -3  -5  -6  -6  -4  -3  -5  -2  -5   2   5  -5   5   0  -6  -4  -1   0  -3   0    1   0   0   0   0   1   0   3   0   9  54   0  16   3   0   1   4   1   1   5  1.01 0.57
   68 F    -3  -4  -4  -5  -1  -5  -5  -5  -3   0   1  -3   3   6  -5  -2   4   0   0   0    1   1   1   0   1   0   0   0   1   6  11   1   8  31   0   3  26   1   3   6  0.82 0.53
   69 P    -2  -4   0  -3  -7  -2  -5  -6  -3  -7  -7  -5  -6  -3   8   2  -3  -7  -6  -6    3   1   4   1   0   1   0   0   1   0   0   0   0   1  71  14   1   0   0   0  2.15 1.02
   70 T     2  -2  -2  -4  -5   0  -3  -4  -2  -3  -4  -1   0  -4   7   0  -1  -6  -5  -2   15   2   2   1   0   4   1   1   1   2   1   3   2   1  51   6   4   0   0   4  1.21 0.69
   71 G     1  -2   4   0  -4   1  -1   2  -1  -4  -4  -2  -2   0  -4   2   0   2  -1  -3   13   1  22   5   0   6   2  17   1   0   1   1   1   4   0  15   4   3   2   1  0.42 0.35
   72 I     1   3  -1  -2  -4   3   0  -2  -1  -1  -2  -1   0  -4  -4   1   2  -5  -2  -2   10  20   3   2   0  16   6   2   1   3   3   2   2   0   0  11  13   0   1   3  0.37 0.35
   73 P    -1   2   0  -2  -5   1  -2  -3   0  -4  -3   1  -3  -4   6   0  -1  -6  -5  -2    5  11   5   2   0   7   2   2   2   1   2   9   1   1  39   7   3   0   0   2  0.81 0.51
   74 F    -3  -7  -5  -8  -3  -7  -7  -4  -6  -4  -4  -7  -1   6  -4  -4  -5  11  -1  -4    2   0   1   0   1   0   0   2   0   1   1   0   2  29   1   1   1  56   1   1  2.92 1.20
   75 F    -2  -6  -6  -7   0  -6  -6  -6   1  -3  -2  -6   1   8  -7  -4  -4   1   0  -2    4   0   0   0   2   0   0   0   3   1   3   0   4  73   0   1   1   1   2   3  2.08 0.93
   76 R    -2   5   0  -1  -5   1   0   0   0  -5  -4   3  -2  -4  -4   0  -1  -5  -4  -3    2  38   4   4   0   5   5   7   2   0   1  17   1   1   0   7   4   0   0   2  0.71 0.46
   77 S    -3  -4  -4  -4  -4  -4  -3  -5  -2   2   5  -5   2   2  -4  -3  -2  -1   1  -1    2   1   1   1   0   1   2   1   1   9  57   0   4   9   1   1   2   1   5   2  0.86 0.52
   78 E     0   1  -1   1  -3   1   2   0  -1  -2  -3   2  -1  -2  -2   1   2   0  -3  -1    8   7   2   8   0   6  14   6   1   3   1  12   1   1   1  10  12   1   0   5  0.20 0.21
   79 L     0  -4  -4  -3  -2  -3  -4  -3  -4   2   2  -3   2   0   4  -2   1  -4  -2   2   10   0   0   1   1   1   0   1   0  14  18   1   5   4  19   2   8   0   1  14  0.43 0.32
   80 T     0   0   1   2  -4   0  -1   2   0  -3  -3   0  -1  -4   1   1   0  -4  -3  -2    6   5   8  15   0   4   3  18   2   1   2   5   1   0   8  12   6   0   0   3  0.26 0.22
   81 D     0  -1   1   4  -4   0   2  -1  -1  -3  -3   0  -2  -2   3   0   0  -5  -4  -3    7   3   7  26   0   3  11   5   1   1   3   5   1   2  16   5   4   0   0   1  0.45 0.32
   82 A     1   0   0   1  -3   1   2  -1  -1  -1  -1   1  -1   0   1  -1  -1  -3  -1  -2   12   5   4   8   0   5  19   4   1   3   6   8   1   5   7   3   3   0   1   2  0.14 0.16
   83 I     1  -1  -1   1  -2   0   1  -1  -1   1   0  -1   1   0  -1   0   0  -3   0   1   12   3   3   8   0   3  12   3   1  11  10   2   4   3   3   5   6   0   3  10  0.06 0.10
   84 R     0   1  -2   1  -3   0   0  -3  -1   0   3   1   1  -1   0  -2  -2  -3  -2   0    8   7   1  10   0   5   5   1   1   3  30   8   4   2   4   1   1   0   1   6  0.16 0.19
   85 R     0   0   0   0  -2   1   0   0   1   0  -1   0   1   0   1   0   0  -2   1   0    6   6   5   6   0   5   6   6   5   6   6   6   5   5   6   6   6   0   5   6  0.03 0.06
   86 E     0   0  -1   1  -4   1   3  -1   0  -1  -2   1   0  -2  -1   1  -1  -4  -1  -1    6   5   2   8   0   7  24   5   2   3   5   8   2   2   3   9   3   0   2   4  0.22 0.23
   87 A     1  -1   0  -1  -1   0  -1  -1  -1   0   2  -1   1   0   0   0   0   0   0   0   13   3   5   4   1   4   4   4   1   7  21   2   4   3   5   7   4   1   3   6  0.05 0.09
   88 D     0   0   0   3  -4   1   2   0   0  -2  -2   0   0  -4   0   0   0  -4  -1  -2    9   5   4  18   0   7  12   8   2   3   4   6   3   0   5   5   6   0   2   3  0.20 0.20
   89 S     1  -1   1   0  -3   1   1   1   0  -1  -1   0   0  -1   1   0   0   2  -2  -1   11   3   6   5   0   8  10  10   3   4   5   4   3   4   7   5   5   3   0   5  0.08 0.11
   90 R    -1   0   0   0  -3   0   0  -1   2   0  -1   0   1   0   0   0   0   3   1   0    5   5   5   5   0   5   5   5   5   5   5   5   5   5   5   5   5   5   5   5  0.06 0.08
   91 D    -1   1   1   2  -3   1   1   1  -1  -2  -1   1  -2  -2   2  -1  -1  -3  -3  -2    4   6   7  14   0   6   9  13   1   2   5  10   1   1  10   3   3   0   1   3  0.21 0.18
   92 T     1  -1   0   1  -3   0   2   1   0   0  -1   0   0  -3   0   0  -1  -1  -2   0   12   3   4   9   0   5  14  10   2   7   4   5   3   1   5   5   3   1   1   6  0.09 0.11
   93 D     0  -2   1   3  -3   1   1  -1  -3  -1  -1  -1  -1  -1  -2   0   0   5   0  -2    9   2   6  18   0   7   9   4   0   3   5   4   1   2   1   6   5   9   3   3  0.27 0.23
   94 I    -1   1   0   0  -2   0  -1  -2  -1   0   1   1   0   0   0  -1  -1   0   1   0    5   9   4   6   1   5   3   2   1   4  19  11   2   3   4   4   3   1   5   6  0.06 0.10
   95 T     1  -1  -1   2  -3   1   0   0   0  -2  -2   0  -1  -2   1   1   1  -2  -1  -2   14   3   2  14   0   8   5   8   3   1   3   6   1   2   6  11   8   1   2   2  0.17 0.19
   96 E     0  -1  -2   2  -5   2   5  -2  -3  -3  -4   0   0  -3  -2   0  -1  -1  -2  -2    7   4   1  11   0  10  36   3   0   1   2   5   2   1   2   6   4   1   1   4  0.57 0.43
   97 V     0  -3  -3  -3  -2  -3  -4  -4  -5   2   2  -3   1   0  -5  -3  -1   1  -1   5    6   1   1   2   1   1   1   1   0  12  17   1   3   3   0   1   4   2   2  39  0.63 0.41
   98 T     0   2   0   2  -5   3   3  -3   0  -3  -2   2   1  -4  -4  -2   0  -1  -2  -3    9   9   4  13   0  13  17   1   2   1   5  12   3   0   0   2   6   1   1   2  0.37 0.33
   99 A     0   2   0   1  -4   2   2  -1  -1  -2  -1   2  -1  -3  -2   0   0  -4  -1  -2    9  10   5   8   0  12  12   4   1   2   5  12   1   1   2   6   4   0   2   3  0.20 0.21
  100 A     2   0  -2  -2  -4   0   0   0  -1  -1  -1   0  -1  -2  -3   0  -2   7   1  -1   19   5   2   2   0   4   5   7   1   4   6   6   1   1   1   7   2  17   5   5  0.43 0.34
  101 L    -3  -2  -5  -3   0  -5  -5  -3  -5   0   5  -3   4   1  -5  -2  -2   1  -1  -2    2   2   0   2   2   0   0   2   0   3  57   2   9   5   0   4   2   2   2   2  0.89 0.54
  102 A     2   1   0   1  -3   2   1  -1   0  -2  -1  -1   0   0  -3   2  -1  -4  -1  -2   17   7   5   7   0   8  10   4   2   2   5   2   2   4   0  17   2   0   2   3  0.17 0.21
  103 R    -1   1   0   1  -3   2   1  -1   2   0  -1   1   1  -1  -3   0  -1   2   0  -1    6   6   5   9   0  10  10   4   5   6   5   7   3   3   0   8   3   3   3   4  0.11 0.14
  104 V    -1   0   0   0   2   0   0  -1   2   0  -1   0   1   0  -3   0   0   3   1   0    5   5   5   5   5   5   5   5   5   5   5   5   5   5   0   5   5   5   5   5  0.06 0.10
  105 D    -1  -1  -1  -2  -1   0   5  -3  -2  -3  -2  -2  -2  -2  -4   1   2  -4   0  -3    6   3   3   2   1   3  39   2   1   1   3   1   1   2   0  11  15   0   4   2  0.60 0.46
  106 R    -2   4   2   1  -5   3   1  -3  -2  -3  -3   2   0  -3  -3   0   0  -4  -1  -4    3  27   9   7   0  11   9   1   1   1   3  10   3   1   1   5   5   0   2   1  0.48 0.36
  107 K     1   2  -1   0  -3   1   0  -3  -1   2   0   1   0  -1  -3   0   1  -4  -1   0   12  13   2   5   0   7   4   0   1  12   7   8   2   2   0   4  10   0   2   6  0.14 0.17
  108 A     2  -4  -3  -4   1  -4  -2  -2   0   3   0  -4   4   0  -1  -1  -1  -4  -3   3   20   0   1   0   3   0   3   2   2  16   9   0  11   4   3   4   3   0   0  18  0.39 0.32
  109 T    -1   0   1  -4  -1   0  -2  -3   3   0   1  -2   4   2  -4   0   0   2   2   0    4   6   6   0   1   5   1   1   9   4  11   2  13  10   0   6   5   2   8   5  0.28 0.27
  110 Q     1   1   1   2  -4   1   2  -1  -1  -2  -1   1   0  -1  -2   1  -1  -2   0  -2   11   9   8  10   0   7  12   3   1   2   5   8   2   2   1   9   4   1   4   2  0.15 0.17
  111 R     1   1   1   0  -2   0   1  -2   2   0  -1   0   0   0  -3   0  -1   0   1   0   14   7   6   4   1   4  13   1   5   4   7   6   2   3   0   5   3   1   7   9  0.09 0.14
  112 L    -1  -2  -2  -5  -4  -4  -5  -3  -1   4   3  -4   2   3  -3  -2  -3  -4   0   0    6   2   3   0   0   0   0   2   2  24  29   0   6  14   1   3   0   0   3   6  0.59 0.40
  113 F     1  -1   2   1  -5   0   4  -2   2  -3  -2  -1  -4   2  -3   0  -2   1  -1  -3   10   2  10   8   0   3  30   2   4   1   4   3   0   9   1   5   2   2   2   1  0.39 0.35
  114 Q     1   1   1   0  -3   1   0  -1   0  -2  -1   1   0  -2  -3   1   1  -4  -2  -1   14  10   7   5   0   8   7   5   2   2   7   8   3   1   0  12   7   0   1   3  0.14 0.17
  115 N     0   0   1  -2  -1   0   0  -1  -2  -2  -2  -1  -1  -3  -1   4   1  -5  -1  -3    5   4   7   2   1   4   5   4   1   3   4   4   2   1   3  40   6   0   2   1  0.40 0.39
  116 A     0  -2   6  -1  -2   0  -1   2  -1  -5  -4  -2  -1  -1  -3   1  -1  -5  -2  -4    9   2  38   3   1   5   4  13   1   0   1   2   2   3   1  11   3   0   1   1  0.67 0.50
  117 S     0  -3  -4   0   0  -2  -3  -1  -4   0   0  -4   0   6  -3   0  -2   2   2  -1    8   1   0   6   2   2   1   5   0   5   9   0   2  36   1   6   2   3   5   3  0.59 0.42
  118 L    -2   5  -1   0  -6   0  -3  -4   1  -2  -2  -1  -2   0  -5  -2  -2  -4   5  -2    4  38   3   6   0   3   1   1   3   3   5   2   1   3   0   2   2   0  22   2  0.86 0.58
  119 A     0  -1   1  -1   0   0  -1  -1   0  -1  -1  -1   0  -3   3   1   1  -4  -1   0    9   4   6   3   2   5   4   5   3   3   6   3   2   0  13  12  11   0   2   9  0.15 0.17
  120 V     1   0  -1  -1   1   2   1  -1   0   0  -1   0   0  -3   0   0   1  -4  -3   1   15   4   2   3   3  10  10   4   3   5   5   4   3   0   5   5   9   0   0   9  0.10 0.15
  121 L     1  -1  -3  -1   1  -1  -3  -1  -3   2   1  -1   3   1  -4  -1   0   3   0   0   11   3   0   4   3   3   0   4   0  11  16   5   9   5   0   4   5   4   4   7  0.17 0.19
  122 T     0   0   0  -1   1   0  -2  -1   4  -1  -2   0   1   2  -1   0   0   2   2  -1    7   4   5   3   3   4   0   4  14   4   4   6   4   8   3   7   6   3   7   4  0.17 0.18
  123 Q    -1  -2  -2   0  -5   3   5  -3   0  -3  -1  -1   1  -3  -1   0  -2  -5  -2  -2    5   1   1   4   0  11  45   2   2   1   6   2   4   1   2   6   2   0   1   3  0.67 0.49
  124 V     4  -4  -2  -2   2  -2  -2   0  -1  -1   0  -3   2   1  -3   1  -1   1   0   0   35   0   1   2   5   1   2   7   1   3   8   0   5   6   0   8   4   2   3   6  0.31 0.30
  125 I    -2  -4  -2  -3   0  -4  -4  -3  -3   3   2  -4   3   3  -5  -3  -2  -2   5   0    3   0   2   2   2   0   0   1   0  15  24   0   7  13   0   2   2   0  21   4  0.61 0.39
  126 K    -1   1  -1   0  -2   1   0  -1  -1   0   1   3   1  -1  -2  -1  -1  -3  -2  -1    4   9   2   4   1   9   5   4   1   6  16  20   4   2   1   4   3   0   1   3  0.13 0.17
  127 L    -3  -2  -1   5  -5   2   2  -3   5  -3  -1  -2  -2  -4  -3  -1  -2  -5  -1  -3    2   1   2  34   0  11  12   1  17   1   6   1   1   0   1   4   1   0   3   1  0.75 0.48
  128 L     0  -2  -3  -5   2  -3  -3  -3  -4   0   5  -4   1   1  -4  -2  -2   1   0   0    8   3   1   0   4   1   2   2   0   3  56   0   2   5   0   2   1   2   3   4  0.64 0.42
  129 I     0  -3  -3  -2   1  -2  -3   2  -1   3   1  -3   0  -1  -2  -1  -1   1  -2   2   10   0   0   1   4   1   0  17   2  21  13   0   2   2   2   3   3   2   1  15  0.25 0.22
  130 V     0  -3  -2  -2   2  -3  -3   1  -4   2  -1  -2  -2  -1  -2  -1   0   0  -2   4    9   1   1   2   4   0   0  11   0  12   4   2   0   2   2   5   6   1   1  36  0.35 0.30
  131 T     1  -3  -2  -3   0  -2  -3   1  -3  -1  -1  -3  -1   4  -2   0   3  -3   1  -1   14   0   2   0   2   2   0  11   0   4   4   0   1  20   1   7  22   0   5   4  0.37 0.32
  132 G    -3  -6  -5  -6  -7  -3  -3   7  -6  -7  -7  -6  -2  -3  -3  -3  -1   0  -7  -7    2   0   0   0   0   1   2  80   0   0   0   0   1   1   2   2   4   1   0   0  2.03 0.97
  133 N    -1  -4   6  -1   0   0  -2  -1  -1  -3  -3  -4   0  -5  -3   1   4   2  -3  -3    5   0  34   4   2   4   2   4   2   1   2   0   2   0   2   8  22   3   1   2  0.78 0.53
  134 A     4  -4  -3  -3   3  -3  -3   1  -4   0  -1  -4  -1  -1  -2   0   0  -1  -1   3   31   0   1   2   5   1   1   9   0   5   5   0   2   3   2   7   5   1   2  18  0.41 0.34
  135 L     0  -3  -2  -3   4  -5  -4  -2  -5   0   4  -5   3   0  -2  -2  -2  -5  -1   1    8   1   2   1   9   0   1   3   0   4  40   0   7   4   2   3   2   0   2  10  0.57 0.39
  136 L    -2  -2  -4  -6  -1  -3  -2  -4  -5   3   3  -5   5   0  -2  -3  -2   0  -3   2    3   3   1   0   1   1   3   1   0  14  31   0  17   4   2   1   3   1   1  13  0.69 0.44
  137 Y    -3  -3   1  -2   1  -1   1  -3   3   1  -2  -4   0   3  -2  -2  -3   2   6   0    2   2   6   2   3   3   8   3   5   8   4   1   2  12   3   3   2   3  22   5  0.62 0.40
  138 R    -1   1  -1  -1   0   0   0  -3   0   2   0   0   3   0  -2  -2  -1  -4   0   1    4   8   3   4   2   5   7   2   3  13  10   5   8   4   2   2   2   0   3  11  0.11 0.16
  139 D    -2  -1  -1   3   0  -1   3   1   0  -2  -2  -2   0  -2   3  -2  -1   1  -1  -3    3   3   2  17   2   2  17  10   2   2   3   2   3   2  15   3   4   2   2   2  0.34 0.33
  140 S    -1  -1   1   2  -5  -1   2   0   0  -2  -3   1  -1  -1   3  -1   0   1  -1  -2    4   3   6  13   0   2  12   6   2   2   3   8   2   2  17   4   6   2   2   3  0.28 0.27
  141 D    -2  -1   2   6  -6  -1   1  -2  -1  -2  -4   1  -5  -2  -2  -1  -1  -6  -2  -3    3   3   9  38   0   3  10   3   1   2   2  10   0   2   2   5   4   0   1   2  0.69 0.49
  142 A     0   0   0   0  -2   1   0   0  -1   0   0   0   1   0   1   0   0  -2   1   0    6   6   6   6   0   6   6   6   0   6   6   6   6   6   6   6   6   0   6   6  0.03 0.06
  143 A    -1   0   1   2  -4  -1   1   2   0  -1   0   0  -1   0  -1  -1  -1  -3  -1  -1    3   5   8  13   0   2   8  17   2   3  10   7   1   5   2   3   3   0   2   5  0.12 0.14
  144 T    -1   3   1   1  -2   0  -1  -1   0  -1  -2   1  -1  -2   1   0   1  -2  -1  -1    6  18   8   7   1   5   4   4   2   3   3   9   1   2   7   5   9   1   2   4  0.18 0.18
  145 V    -2  -2  -3  -2   0  -3  -4  -2  -3   2   1  -2   2   4   2  -3  -1  -4   2   2    2   3   1   2   2   1   1   3   0  14  12   2   5  17  10   2   4   0   6  15  0.37 0.29
  146 V    -2   4  -1  -2  -2   0  -1  -2   1   1   0   1   0   0  -3  -1   0  -4  -2   1    3  25   2   2   1   4   4   3   3   8   8   9   3   4   1   5   6   0   1  10  0.25 0.24
  147 A     1   0   0  -1   3  -1  -2  -1   1   0   0  -2   0   1   0   0   1  -3  -1   1   11   6   4   3   8   2   1   5   4   6   8   1   2   6   4   6  11   0   2  10  0.07 0.12
  148 W    -4  -4  -6  -6  -2  -4  -4  -4   1   1   0  -3  -1   6  -3  -5  -4   5   6   1    1   1   0   0   1   1   1   1   3   8   7   2   1  31   1   0   1   7  24   8  1.15 0.61
  149 S    -2   3   0  -1  -5  -2  -3  -1   2  -2  -5   0  -5  -3   5   1   2  -6  -5  -3    3  14   5   3   0   1   1   5   5   2   0   5   0   1  30  11  12   0   0   2  0.69 0.48
  150 L    -1  -2  -5  -5  -1  -2  -3  -5  -4   3   4  -2   2   1  -2  -3  -1   0   0   1    5   2   0   0   1   2   2   0   0  17  40   2   5   6   2   2   3   1   3   6  0.55 0.36
  151 R     0   2   1   2  -1   0   0   2   1  -3  -3   0  -2  -1  -1   1   0  -1  -2  -3    6  13   7  12   1   4   6  14   3   1   2   6   1   3   2   9   6   1   1   1  0.19 0.18
  152 S    -1   2   1   1   1   4   3  -3   1  -5  -3   0  -4  -3  -1   1  -1  -5  -2  -3    3  10   5   9   3  19  18   1   3   0   2   5   0   1   2  12   4   0   1   2  0.44 0.36
  153 Y    -3  -3  -5  -2   2  -2  -5  -6   1   0  -2  -3   0   4  -6  -5  -3   3   7   0    2   1   0   3   4   2   0   0   3   6   4   1   2  16   0   0   2   4  44   6  1.24 0.64
  154 A     1  -2  -4  -2   4  -2  -4  -3   0   1  -1  -2   0   0  -4  -1   0   2   2   4   12   2   0   3   8   1   0   1   2   5   3   1   3   4   0   5   5   3   8  32  0.38 0.32
  155 V    -1  -2  -3  -5   2  -4  -4  -4  -4   3   2  -4   0   1  -2  -2  -1   2  -1   4    4   2   2   0   4   0   0   1   0  19  16   0   2   7   3   3   2   3   2  28  0.48 0.33
  156 R     1   2   0   1  -1   1   2  -1  -2  -2  -1   1  -1  -1  -3   0  -1   0  -1   0   12  12   3   8   1   7  14   4   0   1   6   8   1   3   0   7   3   1   2   7  0.12 0.15
  157 R    -1   6  -1  -1   0   0   3  -3  -3  -2  -2  -1  -3  -1  -3  -1   0  -5  -4  -2    5  41   3   2   2   3  18   2   0   2   3   2   0   3   1   3   5   0   0   3  0.67 0.45
  158 D    -2   0   4   5  -7   0  -1   0  -6  -1  -7  -1   2  -7  -7   1   0  -7   1  -7    4   5  15  27   0   4   5   8   0   4   0   4   4   0   0   9   6   0   4   0  0.71 0.40
  159 A    -1   0   0   0   2   0   0  -1   2   0  -1   0   2   1   0  -1   0   4   1  -1    5   5   5   5   5   5   5   5   5   5   5   5   5   5   5   5   5   5   5   5  0.08 0.08
  160 T     0   1   1   1  -1   1   1  -1   0  -1  -1   1   1   0  -1   1   0   2   0  -1    7   7   6   8   1   6   8   4   3   3   6   8   5   5   2   9   4   3   3   2  0.06 0.09
  161 G    -1  -2  -1  -1  -6  -2  -3   6  -5  -3  -3  -2   0  -6  -5  -2  -2   1  -2  -6    4   2   3   3   0   2   2  64   0   2   3   3   3   0   0   3   2   2   2   0  1.27 0.67
  162 R    -1   2   3   1  -4  -1   1  -1  -1  -2  -2   0  -1  -1  -3  -1   2  -4  -1  -1    5  13  14   6   0   2  11   4   1   2   3   6   1   3   0   4  14   0   2   5  0.23 0.24
  163 W    -1  -4  -5  -5  -4  -1  -2  -5  -5   2   0  -2   2  -2   1  -2  -1   2  -1   5    5   0   0   0   0   2   3   1   0  10   8   3   5   2   8   2   3   3   2  41  0.65 0.42
  164 M    -1   0  -1   2  -2  -1  -2  -2  -2   3   2  -1   1  -1  -2  -2   0  -4  -1   1    4   5   3  12   1   3   2   2   1  17  19   3   4   2   1   2   7   0   2   9  0.20 0.18
  165 D    -1   1  -1   4  -3   1   4  -3   0  -6  -4  -2  -3  -6  -4  -2   3  -6  -1  -3    4   6   3  25   1   5  22   2   2   0   1   2   1   0   1   3  17   0   2   2  0.69 0.52
  166 I     0  -3  -5  -5   0  -2  -4  -3   0   4   1  -4   2   0  -4  -2   3   1  -2   1    8   2   0   1   2   2   1   2   2  24  15   1   4   4   1   2  20   2   1   9  0.52 0.39
  167 V    -1  -6  -4  -6   0  -2  -6  -5  -2   5   0  -4   3   2  -6  -3  -1   0   2   4    5   0   1   0   2   2   0   1   1  27   8   1   6   7   0   1   4   1   6  26  0.74 0.46
  168 L    -1   2  -4  -4  -5  -3  -5  -4   1   3   0  -3   0   3  -3  -3   2   1   3   1    6  11   1   1   0   1   0   1   3  16  10   1   2  11   2   1  13   2  10  10  0.43 0.35
  169 K    -3   6  -4  -4   0   0   0  -6  -2  -3  -3   4  -4  -4  -6  -3  -3  -2  -2   0    3  43   1   1   2   3   5   0   1   1   3  24   0   1   0   1   2   1   1   6  1.17 0.72
  170 Q    -2  -1  -3   2  -7   3   6  -4  -2  -4  -3  -1  -2   0  -4  -3  -3  -3  -1  -4    3   3   1   9   0  11  49   2   1   1   3   3   1   4   1   2   2   0   2   2  1.02 0.69
  171 R    -1   2  -2  -2   0   2   1  -4   0  -1  -2   3   2   0  -2   0   1   2   1  -1    6  10   1   1   2  10   8   1   2   3   3  16   5   4   1   6   8   3   5   4  0.23 0.25
  172 Y    -2  -3  -5  -4  -1  -2  -3  -5  -3   2   1   0   4   3  -4  -3   1   1   1   3    3   1   0   1   1   1   2   1   1  13  10   7  10  11   1   1   7   2   5  22  0.49 0.36
  173 K     1   0  -1   2  -3   0  -1   0   1  -3  -3   1  -2  -2   1   1   1  -2   1  -1   14   4   2  10   1   4   3   8   3   1   2   8   1   2   8  12   9   1   4   4  0.17 0.21
  174 S     0   2  -2  -1  -2  -1   0  -3  -3   0  -1   1  -1   1   2  -1  -1   0   0   1   10  10   2   3   1   1   8   1   0   7   7   8   1   7  12   3   3   1   4  12  0.15 0.18
  175 K     2   2   0   2  -5   1   2  -1  -2  -3  -2   0   1  -1  -2   0  -2   0  -4  -2   15  12   4  11   0   6  16   4   1   1   3   6   4   3   2   7   2   1   0   2  0.28 0.28
  176 D     2  -1   2   2  -2   2   1  -1  -2  -3  -3   0  -1   0  -4   0   1  -1  -3  -1   17   3  10  11   1  11   9   4   1   1   2   5   1   4   0   5   9   1   1   5  0.26 0.28
  177 L    -1  -4  -6  -7   0  -3  -6  -2  -6   2   5  -4   3   1  -6  -4  -4   1  -1   1    5   1   0   0   2   2   0   4   0   9  50   1   6   6   0   1   1   2   2   8  0.87 0.54
  178 D    -1  -4  -2   2  -6  -1  -1  -1  -2  -3  -3  -1  -3  -3   6   1   0  -1  -2  -1    6   1   2  10   0   3   5   6   1   1   3   3   1   2  34  10   6   1   2   5  0.66 0.50
  179 E     0   0  -2   3  -6   2   4  -3  -2  -3  -2   1  -2  -3   3  -2  -3  -2  -3  -2    7   5   2  16   0   7  26   2   1   2   4   7   1   1  12   2   2   1   1   2  0.52 0.43
  180 E     1   0   0   3  -3   0   3  -1  -1  -4  -4   2  -2  -3  -3   0  -1  -1  -2  -3   12   4   4  16   1   5  21   4   1   1   2  13   1   2   1   6   3   1   1   2  0.41 0.35
  181 Y    -1  -3  -3  -2   0  -2  -2  -4   1   2   1  -3   1   3  -5  -4   0   2   1   4    6   1   1   3   2   1   2   1   3  12  11   1   3  11   0   0   6   3   5  25  0.44 0.33
  182 K    -1   3  -2  -2  -1   3  -1   1  -2  -1   0   2  -2  -2   0   0  -2  -5  -1  -1    5  14   2   1   1  12   4   9   1   4   9  14   1   2   5   8   1   0   2   4  0.22 0.24
  183 Q     1   1   0   0  -5   1   2  -1  -2  -2  -3   2  -1  -3   1   0   0  -1  -2  -2   10   7   5   5   0   7  15   4   1   3   3  12   2   1   8   8   5   1   1   3  0.21 0.22
  184 D     2  -1   1   2  -1   1   1  -3  -1  -1  -1   1   0  -2  -2   0  -1  -5  -2  -1   16   3   6  13   2   6   9   1   2   3   6  10   3   2   2   7   4   0   1   5  0.16 0.19
  185 L     0  -2  -2  -2   1  -2  -1  -2  -1   2   1  -1   1   0  -1  -1   0   0   0   2    8   2   2   3   3   2   3   2   1  13  16   5   3   3   2   3   5   2   4  18  0.15 0.15
  186 M    -1   0   0   0  -1   0   1  -1   0   0   0   0   0   0   1   0   0   1   0   0    5   7   3   5   1   5   8   3   2   5  13   6   2   4   7   6   6   2   3   5  0.03 0.04
  187 R     0   1   1   1  -4   1   1  -1   1  -1  -2   1   0  -2   0   0   0  -4  -3  -2    9   9   8   9   0   5  10   5   4   3   4  10   2   2   4   7   4   0   0   3  0.14 0.15
  188 A     1   0   0   0   0   1   1   0   0  -1  -2   1   0  -1   0   0   0  -3  -1  -1   14   4   4   6   2   7   9   7   3   4   4   9   3   2   4   7   6   0   2   3  0.07 0.09
  189 G     0   0   0   0  -3   1   0   1   0  -1  -1   0   0   0   1   0   0   2   0  -1    5   3   4   5   0   7   7  13   3   3   5   7   4   5   6   8   4   3   4   5  0.07 0.09
  190 R     0   1   0   1  -2   1   2   0   0  -1   0   1  -1  -2   1  -1   0  -2  -1  -1    9   7   4   7   1   5  12   6   3   4   8  10   2   2   6   3   5   1   2   4  0.08 0.09
  191 N    -1   2   3   4  -6   0   1  -1  -1  -4  -4   2  -4  -5  -3   0   0  -6  -4  -5    6  10  11  19   0   4  10   6   1   1   2  14   0   0   1   8   5   0   1   1  0.49 0.35
  192 L     0   0   1   0  -1   1   1   0  -1  -1  -1   2   0  -2   1  -1   0  -1   1  -2    8   5   6   6   1   5  11   6   1   3   6  13   2   1   6   4   6   1   5   2  0.10 0.12
  193 S     0   1   2   3  -2   0   1  -3  -1  -3  -3   3  -2  -3  -1   0   1  -3   0  -2    7   6   8  14   1   3   8   1   1   2   2  19   1   1   4   6   9   0   3   3  0.30 0.26
  194 G    -1  -1  -1   0  -3   0   2   0  -1  -3  -2   1  -3  -1   4   0   0   1   0  -2    5   3   3   5   0   3  13   7   1   1   5   8   0   2  20   6   6   2   4   3  0.28 0.26
  195 S    -3  -1   1   5  -2   1   3  -1  -1  -3  -4   0  -3  -1  -3   0  -2   1   0  -3    2   3   7  29   1   6  16   4   1   1   2   6   1   3   1   6   3   2   3   2  0.55 0.39
  196 G     0   0  -1   3  -1   0   1  -1   1  -1  -2   2  -2  -2  -1  -1   0  -6  -4  -1    8   6   2  16   1   5  11   6   3   4   3  15   1   2   2   4   6   0   0   5  0.23 0.21
  197 S    -3   0   1   1   0   0   3  -5   0  -1  -3   2   0  -1   1  -1   1   3  -3  -1    2   4   7   8   2   3  18   0   2   4   3  12   2   2   7   4   9   4   1   5  0.28 0.26
  198 V    -1  -3  -2  -2   2  -2  -3  -5   3   3   0  -2  -2   2  -4  -4  -2  -3   0   5    4   2   2   3   4   2   1   1   7  14   7   3   1   7   1   1   3   0   3  33  0.62 0.37
  199 D    -1   0   0   4   0  -2   3  -3   0  -3  -4   0  -3  -1  -2  -1   1   2  -3  -1    5   5   4  22   2   1  18   2   2   1   2   6   1   3   2   4  10   2   1   6  0.41 0.32
  200 L    -4  -4  -5  -6  -6  -3  -2  -7  -2   4   3  -3   1  -1  -5  -5  -5   2   0   4    2   1   1   1   0   1   3   0   1  24  27   2   3   2   1   1   0   2   3  25  0.93 0.49
  201 Y    -4  -3  -4  -7  -3  -3  -2  -6   3   1   0  -4  -1   4  -7  -4  -5   0   8   0    1   2   1   0   1   1   3   1   6   7   7   1   2  14   0   1   1   1  42   7  1.39 0.70
  202 T    -2  -1  -3  -2  -2   1   1  -3   4  -2  -3  -2  -4  -4   2  -4   5  -4  -2  -1    4   4   1   3   1   6   7   2  10   3   3   3   0   1   9   1  38   0   1   4  0.78 0.53
  203 H     1   2  -1  -2   4  -2  -1  -1   5  -2  -3  -2   0  -1  -2  -2  -2   3   0   1   12  12   3   3   8   2   4   5  13   2   3   3   2   3   2   3   2   4   3  11  0.36 0.27
  204 V     0  -5  -3  -4   2  -4  -3  -4  -3   4  -2  -3   0   0  -3  -2   0   1   1   4    7   0   2   1   4   1   2   2   1  23   4   2   2   4   2   3   5   2   4  31  0.65 0.39
  205 Q    -2   1  -1  -1   1   1   2  -4   2  -1  -2   2   0  -1  -1  -1   0   1   3   0    2   6   3   4   3   6  15   1   5   3   3  12   2   2   3   3   6   2  12   6  0.25 0.24
  206 R    -2   6  -5  -3  -7  -4  -3  -2  -5  -3   1   2  -2  -3   1  -3  -4   5   1  -2    3  36   0   2   0   0   1   3   0   2  12  13   1   1   8   1   1   8   5   3  0.87 0.55
  207 K    -2   2   2   3  -3   0   1  -3  -1  -2  -1   2   0  -3  -1  -2   0  -5  -3   0    3  11  11  15   1   4  10   1   2   2   5  12   2   1   3   1   5   0   1   9  0.29 0.25
  208 K    -1  -1   1   4  -6  -2   2   1   1  -5  -5   1  -3  -3   3  -2  -4  -1  -1  -3    5   4   5  24   0   2  11  11   3   1   1   8   1   2  15   3   1   1   3   2  0.52 0.38
  209 G    -1   0   2   4  -5  -1  -1   3  -3  -4  -4   1  -4  -3   0   0  -2   0  -4  -3    6   4  11  20   0   3   4  19   1   1   2  10   0   1   4   7   2   1   1   2  0.44 0.32
  210 T     0   1   0   1  -4   0   0   1  -2  -2  -1   3  -2  -2  -2   0   1  -2  -3  -1    7   7   5   7   0   4   6  11   1   2   5  20   1   2   2   6   9   1   1   4  0.20 0.19
  211 A     0   1   3   0  -3  -1  -1   1  -1  -3  -2   2   0  -1  -1   0  -1   1   0  -1    6   8  16   6   1   2   4  10   2   1   3  13   3   3   3   6   4   2   4   5  0.19 0.17
  212 M    -1   1  -1   0  -1  -1   0   0  -1  -1  -1   2   4   1   0  -1  -1   1   1   0    4   8   2   5   1   2   5   7   1   2   4  11  14   5   5   5   3   2   5   6  0.16 0.16
  213 E     0   0   0   2  -1  -2   1  -2   0  -2  -3   0  -1  -1   3  -2  -2   6   3  -1    7   5   4  11   1   1   8   3   2   2   2   6   2   2  15   2   3   9  10   4  0.39 0.28
  214 Y    -3   1  -1  -3   0  -1  -1  -2   1  -1  -1   0  -1   3  -2  -1  -1   5   4   0    2   9   3   1   2   2   4   4   3   4   5   5   1  14   3   5   4   8  15   6  0.38 0.26
  215 A     2   1  -2  -3  -1   0   0  -3  -1   0  -2  -2  -1   2  -4  -1  -2   7   4   0   15   8   2   1   1   4   5   1   2   5   3   3   1   8   1   5   2  14  12   6  0.47 0.33
  216 E    -1   1  -2   0   1  -1   2  -4   1  -2  -2   0   0  -2  -3   3  -1   2   0   0    3   6   1   6   3   3  12   1   4   3   4   5   3   2   1  27   3   3   3   8  0.28 0.28
  217 L    -1  -3  -4  -3   2   0  -2  -3  -2   2   0  -3   1  -1  -1  -2  -2   3   3   4    4   1   1   2   5   4   2   2   1   9   7   1   3   2   3   4   3   4   9  34  0.47 0.33
  218 Y    -2  -4  -4  -4   0  -2  -2  -4   3   0  -3  -2  -3   1  -4  -3   1   6   7   0    3   1   1   1   2   2   3   2   7   6   3   3   1   5   1   2   8  10  33   8  0.96 0.55
  219 H    -2  -2  -1  -1  -5   5  -2  -3   2   1   0  -2  -1   1  -4  -2  -2   2   3   1    3   2   3   3   0  27   2   2   5  10   8   2   1   6   1   2   2   3  10   9  0.49 0.38
  220 E    -2  -2  -1   1   0  -1   6  -4  -1  -4  -3  -1  -2  -3  -3   1  -3   2  -2  -3    4   2   3   7   2   2  49   1   2   1   3   3   1   1   1   9   2   2   1   2  0.86 0.56
  221 I     1  -2  -1  -1   0  -2   0  -2  -2   2   0   0   1  -2  -1  -1   0  -4  -1   2   13   2   2   3   2   1   7   3   1  14   8   7   3   1   3   4   5   0   2  19  0.14 0.16
  222 D    -2  -1   2   4   0   0   3   0  -2  -5  -4   2  -3  -4  -2  -2  -1  -2  -2  -3    4   2  10  24   2   3  19   8   1   0   2  12   1   1   2   2   3   1   2   2  0.52 0.37
  223 G    -1  -3   0   2  -3  -1   1   4  -2  -3  -3   0  -3  -3  -3   0   0   0  -3  -4    4   1   4  11   1   3  11  36   1   2   2   7   1   1   1   6   5   2   1   1  0.53 0.36
  224 V    -1   1   0   0  -1   0   1  -1   1   1  -1   2   0  -3  -3  -1   0  -3  -1   1    4   7   3   4   2   4   9   4   4  10   7  18   3   0   1   4   5   0   2  10  0.13 0.15
  225 R    -1   1  -1   0  -1   0   1  -2   1   1   0   0   0  -1   0  -1   0  -3  -1   1    2   9   3   6   1   3  11   3   5   9  11   6   2   2   6   4   5   0   1  10  0.06 0.09
  226 V    -2  -2  -4  -1  -2  -2  -1  -3  -3   4   2  -2   0  -1   1  -3  -1  -5  -2   4    2   2   1   5   1   2   5   2   1  21  16   2   2   2   6   2   2   0   1  26  0.43 0.30
  227 G    -1  -1  -1  -1  -1  -1  -1   3   1   0   1   0  -2  -1   1   0  -2  -2  -2   0    4   3   2   3   1   2   3  23   4   7  17   6   0   2   6   6   1   0   1   9  0.15 0.16
  228 K    -2   1  -1   0  -3   0   2  -2   1  -2  -1   1  -2  -1  -3   2   2  -2   1  -2    2   8   2   4   0   4  17   3   3   3   5   9   1   2   1  17  11   1   5   2  0.23 0.24
  229 E    -2   2  -2   0  -5   0   4  -2   0  -2   0   0  -2  -3  -2   1  -1  -5  -1   0    3   9   1   4   0   4  33   3   2   1   9   5   0   1   2  10   4   0   2   7  0.39 0.33
  230 G     0   0  -2  -1  -2   1   0   5  -1  -5  -4   0  -3  -2  -2   2  -2  -5  -2  -2    6   5   1   3   1   5   6  40   2   0   2   5   0   2   2  16   2   0   1   3  0.60 0.39
  231 R    -1   0  -2  -2  -4   0   2   3  -1  -2  -2  -1  -1  -1  -3   1   1  -2   1   0    4   5   1   2   0   3  14  23   1   2   4   3   2   2   0  10   8   1   6   7  0.23 0.22
  232 W    -1  -1  -2  -5  -5  -3  -2  -3  -2  -2  -3  -2  -4   3  -5   1  -1   4   7  -2    6   4   2   1   0   1   2   2   1   2   2   2   0   9   0  10   3   5  44   3  1.11 0.56
  233 P    -1   1  -1  -1  -1  -1  -1   2   0  -2  -1   1   0  -2   4   0   0  -3  -2  -2    4   6   2   2   1   2   4  15   2   2   5  11   3   1  20   7   7   0   1   3  0.26 0.16
  234 I     0   0  -1  -1  -2   0   1  -1   0   0   0   1   0   3  -1  -1  -1  -1   2  -1    7   4   2   3   1   2  13   4   2   5   8  10   3  15   3   5   3   0   6   4  0.10 0.09
  235 H    -2   0   1   5  -4   0   2  -1   2  -4  -3   0  -2   0  -2  -1  -1  -4   1  -4    2   4   6  31   0   4  15   5   5   1   2   6   1   4   1   3   3   0   5   1  0.52 0.30
  236 L     0   0  -1   1  -1  -1   4  -2  -1  -2  -2   1  -3  -2  -2   0   1  -4   0  -1    8   4   3   7   1   2  29   2   1   2   3   8   0   2   1   8  11   0   3   5  0.32 0.25
  237 C    -3  -2   0  -4   5  -3  -3  -5  -3  -2   1  -4   5   5  -1   1  -1  -1  -1  -2    2   2   5   0  10   1   2   0   1   1  13   1  13  27   4  10   4   1   1   2  0.66 0.40
  238 P    -5  -4  -7  -7  -8  -6  -3  -3  -7  -8  -8  -6  -7  -8   9  -5  -3  -1  -8  -7    1   1   0   0   0   0   2   2   0   0   0   0   0   0  88   1   2   1   0   0  3.00 1.22
  239 Y    -1  -6  -5  -6   1  -4  -6  -4  -2   1  -2  -6   0   5  -5  -4  -3   7   6   1    6   0   1   0   2   1   0   1   1   7   4   0   3  19   1   1   2  17  23  11  1.17 0.58
  240 I     0  -1  -3  -3  -1  -1  -4  -5   1   4   2  -2   3   0  -3  -3  -2  -4   0   2    9   4   1   1   1   4   0   0   3  28  16   2   7   4   1   2   2   0   3  11  0.41 0.28
  241 V     2  -5  -4  -4   1  -5  -5  -2  -5   1  -2  -5  -1   1   3  -2   1  -2   0   4   16   0   1   1   3   0   0   3   0   6   2   0   1   6  15   3   7   1   4  32  0.59 0.40
  242 P     0  -4  -4  -4   1  -4  -4   0  -2  -1   1  -4  -2   1   5   0   0   0  -1   0    9   1   0   1   3   0   0   7   1   4  17   0   1   7  26   7   6   2   3   7  0.47 0.33
  243 T    -2   8  -2  -6  -2  -3  -4  -1  -2  -5  -7  -2  -6  -7  -2  -3   1  -7  -2  -2    3  70   1   0   1   1   1   4   1   1   0   2   0   0   2   1   8   0   1   3  1.76 0.86
  244 W    -3  -5  -8  -6  -3  -7  -5  -6  -2  -3  -3  -8   3   3  -9  -5  -5  11   4  -5    2   1   0   1   1   0   1   1   1   2   3   0   7   9   0   1   1  59  10   1  2.93 1.17
  245 N    -1   0   2   2  -3   0   2  -2   0   0  -1  -1   1  -2  -2   1   1  -2   0  -2    3   5   9  12   0   4  14   2   2   8   6   3   4   1   2  10   9   0   4   2  0.14 0.17
  246 L    -1   2  -2  -2  -1  -1  -2  -3  -2  -2   1   4  -2  -3   1  -2   1   1  -2   1    5  13   1   2   1   2   2   1   1   2  13  26   0   1   6   2   9   2   1  10  0.31 0.28
  247 A     1  -2   0  -1  -2  -2  -1  -3  -1   2   0  -2   1  -3  -1   1   1   2  -2   3   12   2   6   4   0   1   4   2   1  10   7   1   4   1   3   9   7   4   1  22  0.18 0.20
  248 P     1  -1   0   2  -3  -2  -2   1  -2  -4  -3  -3  -3  -4   4   2   1  -5  -1  -2   10   4   5  12   1   1   2  10   1   0   2   1   1   1  22  13  10   0   3   3  0.44 0.34
  249 G    -1  -3   2   1  -4  -2  -1   6  -1  -5  -4  -3  -4  -5  -6   0  -1  -6  -4  -3    4   1   9   7   0   1   3  54   2   1   2   1   0   1   0   6   4   0   1   2  1.01 0.55
  250 E    -3  -2  -1   3  -2   0   6  -2  -3  -7  -7  -3  -2  -7  -6   2  -1  -2  -3  -4    2   2   3  13   1   3  50   3   0   0   0   1   1   0   0  16   3   1   1   1  1.14 0.67
  251 H     0  -2   1   3  -1   0  -1  -3   2   1  -2  -1  -2  -3   1   0   0  -2  -4   1   10   2   7  18   1   4   2   1   5  11   3   3   1   1   7   6   6   1   0  12  0.22 0.22
  252 Y    -4  -4  -7  -8  -7  -5  -7  -8  -1  -6  -4  -7   0   0  -8  -7  -5   7   9  -3    2   1   0   0   0   1   0   0   1   0   1   0   2   3   0   0   1  13  73   2  2.87 1.18
  253 G     0  -6  -5  -6  -7  -6  -6   7   0  -7  -7  -6  -7  -3  -4  -1  -6  -7  -7  -7    7   0   0   0   0   0   0  82   2   0   0   0   0   1   1   4   0   0   0   0  2.16 0.93
  254 R    -4   6  -2  -2  -6  -2  -2  -4  -1   1  -2  -1  -2  -1  -1  -2   1   0   1  -1    1  49   2   2   0   1   3   1   1   7   3   2   1   2   3   3   7   1   5   5  0.88 0.52
  255 G    -2  -6  -5  -5   0  -5  -6   6  -6  -7  -7  -5  -6  -7   0   4  -5  -7  -7  -6    3   0   0   0   2   0   0  58   0   0   0   0   0   0   5  31   0   0   0   0  1.66 0.81
  256 H    -3  -1  -5  -5  -2  -1  -5  -5   1  -1   1  -3   1   1   6  -4  -3  -5   3  -2    2   4   0   0   1   2   0   0   4   4  11   1   3   6  45   1   1   0  11   2  1.11 0.59
  257 V     3  -4  -4  -5   3  -4  -4   2  -5   2  -1  -4   0  -4  -2  -2  -1  -5  -4   4   25   0   0   0   5   0   0  15   0  10   6   0   2   0   2   2   2   0   0  28  0.59 0.40
  258 E    -2  -1  -2   0  -4   0   4  -3   1  -1   0  -3   5  -1  -4   0  -1   3   0  -3    2   2   1   4   0   3  29   2   4   3   8   0  18   2   0   7   4   4   3   1  0.52 0.39
  259 D    -2  -1   0   4  -4   2   2  -2  -1  -2  -2   0   1  -1  -1   0   0   0  -2  -1    2   2   4  24   0   8  16   2   1   2   4   6   4   3   3   8   6   1   1   4  0.30 0.25
  260 Y     4  -4  -1  -3   3  -3  -4  -3   0   0  -2  -4   1  -1  -5  -1  -3  -2   5   0   39   0   4   1   6   1   0   2   3   4   4   1   4   2   0   5   0   0  18   7  0.66 0.46
  261 I     0  -2  -5  -5  -4  -3  -2  -6  -5   2   5  -3   2  -1  -2  -3  -3  -2   1  -2    8   2   0   0   0   1   3   0   0   9  56   1   4   2   3   2   1   0   5   1  0.79 0.48
  262 G     1  -2  -1  -2  -5  -3  -3   5  -3  -4  -6  -2  -5  -6   5   0  -2  -6  -4  -5   10   2   3   2   0   1   1  38   1   1   0   2   0   0  30   6   2   0   1   0  1.05 0.58
  263 D     0  -4   0   7  -5  -2   0  -2  -1  -3  -3  -2  -2  -3  -4  -1  -1   0  -2  -3    9   0   4  58   0   1   4   3   2   1   3   1   1   1   0   4   4   1   1   2  1.02 0.58
  264 F    -1  -3  -2  -4   0   0  -3  -3  -1   3   3  -3   1   2  -4  -1  -1  -3  -1   2    5   0   2   0   2   5   0   2   1  19  30   0   3  11   0   4   2   0   2  11  0.37 0.28
  265 A     0   3   0  -2  -4   1   0  -2   3  -1  -2   4   0  -1   0  -1  -1  -4  -3  -2    6  16   4   1   0   7   4   2   7   4   3  28   3   2   4   2   3   0   0   2  0.35 0.30
  266 K     1   0  -1  -2  -3   1  -1  -1  -1  -1  -1  -1   1  -3  -3   2   3  -4  -1   1   10   4   3   2   0   8   4   3   1   2   4   3   5   0   0  15  24   0   2  10  0.23 0.27
  267 L     0  -1   1  -2   2   1  -2  -2   2   0   0   0   2   1  -2   0   0  -2   1   0    7   0   7   0   7   7   0   0   7   7   7   7   7   7   0   7   7   0   7   7  0.09 0.14
  268 S    -3  -2   6   1  -6   4   2  -3  -1  -6  -6   0  -1  -6  -5   0  -2  -6  -1  -5    2   1  38   7   0  16  13   1   2   0   0   4   2   0   0   7   2   0   2   0  0.94 0.61
  269 L     0   1   1   0  -3   1   1   0   1  -1  -1   1   0  -1  -3   0   0   0  -1  -1    9   6   6   3   0   5  11   6   3   4   7  13   4   3   0   5   6   1   1   4  0.07 0.11
  270 L     0  -2  -2  -3   0  -1  -1  -3  -4   0   3  -2   6  -1  -4  -2  -1   0  -1   1    7   2   2   2   2   2   3   2   0   5  27   2  21   3   0   3   3   2   2  10  0.44 0.36
  271 S     0   1   0  -1   0   2   1  -1   1  -1  -2   1   1  -1  -3   1   1  -4  -1   0    6   6   4   2   2  10   8   5   5   3   2   8   4   3   0  12   8   0   2   9  0.11 0.17
  272 E    -2   3  -1  -1  -5   2   3  -3   0  -3  -2   3  -1  -2  -4  -1  -1   1  -2  -2    3  14   3   2   0   8  23   2   2   2   4  22   2   2   0   3   3   2   2   2  0.46 0.39
  273 K     2   0  -1  -1  -1   1  -1  -2  -1  -1   0  -1   1  -1  -3   1   2   1   0  -1   21   6   3   4   1   7   3   2   1   2  10   2   5   2   0  11  14   2   3   3  0.17 0.24
  274 L    -2   0  -2  -3  -3   0  -1  -3  -2   3   2   0   3   0  -4  -2   0  -1  -1   1    2   5   1   1   0   4   5   1   1  18  23   6   9   3   0   3   7   1   2   8  0.27 0.25
  275 G     0   0  -3  -2  -3   0  -2  -2  -2   1   4  -1  -1  -2  -4  -2  -1  -2  -2   2    8   5   1   2   0   4   2   3   1   8  40   3   1   1   0   2   4   1   1  13  0.39 0.34
  276 L    -2   2  -1   2  -5   3   3  -4  -3  -3  -1   3   0  -4  -3  -3  -2  -5  -5  -1    2   9   2  13   0  13  18   1   0   1   7  21   2   0   1   1   2   0   0   5  0.52 0.43
  277 Y     3  -2   2  -3  -1  -1  -3   3  -1  -2  -2  -2   1   0  -3   0  -1  -4   2  -2   26   2   9   0   1   2   1  21   1   2   3   2   5   4   1   6   2   0   7   2  0.36 0.33
  278 E     4  -3  -2  -2  -2  -1   0   0  -1  -1   0  -2   0  -4  -3   1  -1   1  -4   0   37   1   1   2   1   3   7   8   2   3   8   2   3   0   1  12   3   2   0   5  0.36 0.34
  279 L     2  -2  -1   0  -3   2   2  -1   0   1  -1   0   1  -3  -2   0  -1  -1  -3   0   23   1   2   5   0  11  13   4   2   7   5   4   5   1   1   5   2   1   0   6  0.21 0.25
  280 E     2  -1  -3  -1  -3  -1   0  -2  -2   2   2   2   2  -1  -3  -1  -1  -4  -2   0   19   3   1   3   0   1   6   2   1  10  20  14   5   3   0   2   2   0   1   6  0.20 0.23
  281 S     4  -2  -1  -1  -2   1  -2  -2  -1   0  -1  -1   3  -4  -4   2   0  -1  -4  -1   35   2   3   4   1   5   2   3   1   5   5   3   8   0   0  14   4   1   0   4  0.37 0.35
  282 L     3  -2  -1  -1  -1  -1  -1  -1  -2   1   0  -1   1  -2  -2   1   0  -4  -1   2   26   2   3   3   1   2   3   3   1   9   9   2   4   1   1  10   4   0   2  13  0.18 0.21
  283 E     0   2   2   3  -4   0   0  -1  -2  -4  -2   4  -3  -2   0  -1  -1  -1  -3  -2    7  10   8  15   0   4   5   4   1   1   4  25   0   2   4   4   3   1   1   3  0.34 0.29
  284 V    -1  -3  -3  -3  -2  -2  -3   1   0   1   0  -3   2   0   4  -2  -1  -4  -2   2    5   1   1   1   1   2   1  13   3   9   8   1   5   5  23   3   4   0   1  13  0.37 0.29
  285 L    -1   0  -1  -1  -2  -2  -2  -4  -2   2   1   0   2  -2   3  -2  -2  -1  -2   1    4   5   3   3   1   1   3   1   1  15  16   6   6   1  15   2   2   1   1  12  0.27 0.23
  286 N    -2  -2   0  -3  -4  -3  -2  -2   1   0   0  -1   1   3   2  -1  -1   7   3  -1    2   2   5   2   0   0   2   2   4   5  11   4   4  11  10   5   5  14  10   3  0.43 0.31
  287 L    -1  -3  -2  -3  -1   0  -2  -2  -4   1   3  -2   4   1  -1  -2   0  -3  -1   0    4   1   2   1   1   5   2   3   0   9  34   2  12   5   4   2   7   0   2   5  0.38 0.30
  288 V     1  -1  -3  -3  -2  -2  -3  -2  -4   2   0  -3  -1  -2  -2  -3  -1  -1  -1   5   12   4   1   2   1   1   2   3   0  10   9   1   1   1   2   2   2   1   2  42  0.54 0.40
  289 D     0   1   4   4  -3   0  -1  -1  -1  -4  -4   0  -3  -5   2   0  -1  -5  -2  -1    7   7  18  21   0   4   3   5   1   1   1   6   1   0  10   5   4   0   1   4  0.41 0.34
  290 E    -1  -3  -1   3  -6  -1   0  -3  -2  -6  -6  -2  -3  -4   7  -2  -2  -7  -3  -3    4   1   3  16   0   3   5   2   1   0   0   2   1   1  51   3   2   0   1   2  1.33 0.79
  291 A     0  -1   2   3  -4  -2  -2   2   0  -4  -4  -2   1  -5   2   0   0  -1  -3  -2    9   4  11  19   0   1   2  18   2   0   1   2   5   0  11   5   5   1   1   2  0.40 0.35
  292 K     1  -3  -2  -2  -4  -2  -3   4  -4  -3  -1  -1   0  -1   0   2  -1  -2  -1  -1   11   1   2   2   0   1   1  38   0   1   6   4   2   2   4  15   3   1   2   4  0.50 0.39
  293 G     0  -1  -1  -3  -3   1  -1   1  -3   1   0  -1   2   1  -1   0   0  -3  -1   2    6   2   2   1   0   6   4  11   0   9   8   3   8   6   3   5   7   0   2  18  0.12 0.18
  294 A     0  -1  -1  -3  -3  -1  -2   0  -2   1   1  -2   2   1  -1  -1   3  -1  -1   1    7   4   3   1   0   2   2   6   1   9  15   1   5   5   2   3  23   1   2   8  0.20 0.24
  295 V    -1   1   3   2  -4   0  -1  -1  -1  -2  -2   0  -3  -1   1   1   0   0   0  -2    4  10  16  14   0   4   3   5   1   2   4   6   0   3   7  10   5   2   3   3  0.20 0.22
  296 V     0   0  -1  -1  -4  -2  -2  -1  -2   2  -1  -1   0  -2   4  -1  -2  -5  -2   2    8   5   3   3   0   1   2   5   1  12   5   3   2   2  24   4   2   0   1  17  0.38 0.32
  297 D    -1   1   1   3  -4   0   1  -1   0  -2  -1   1  -1  -1  -2   1   0  -4  -1  -2    4   9   7  22   0   5   8   4   2   2   5   8   1   2   2   9   4   0   3   3  0.22 0.22
  298 D     0   0   2   3  -4   0   1  -1   0  -3  -2   0   0  -2  -1   1   2  -4  -2  -2    8   6  10  18   0   4   7   5   2   0   4   5   2   2   3   8  12   0   1   2  0.22 0.22
  299 Y    -1   0  -3  -2  -3  -2  -2  -2  -1   2   3  -1   2   2  -2  -2  -1  -1  -1   2    3   4   1   2   0   1   2   3   1  12  27   4   6  10   1   3   4   1   2  12  0.27 0.24
  300 Q     1   1   1   1  -3   0   0  -1  -1  -1  -1   0   1  -1   0   0   1  -3   0   0   14   8   8   7   0   4   4   3   1   4   5   6   5   2   5   7   8   0   3   6  0.08 0.12
  301 D     0   0   1   1  -3   0   0   0  -1   0   0   0   0  -1   1   0   0  -3  -1  -1    8   3  10   8   0   4   5   8   1   7  11   7   2   2   6   7   6   0   2   4  0.05 0.08
  302 A     3   0  -2  -2  -1  -1   0   1  -3  -1  -1  -1  -1  -1   0   1   0  -1  -2   0   27   5   2   2   1   2   5  11   0   4   6   3   2   3   4  10   7   1   1   5  0.17 0.20
  303 E     0   1   0  -1  -4   2   1   0   0  -2  -1   0  -1  -1   4   0  -2  -4  -1  -1    6   8   4   3   0   8   9   7   2   2   5   6   1   3  23   6   2   0   2   4  0.31 0.27
  304 M    -1   0   4  -2  -2  -1  -2   1   0  -2  -2  -2  -1  -3   3   1   1  -4  -1  -2    3   5  22   2   1   3   2  10   2   2   3   2   2   1  16  10   8   0   2   3  0.38 0.33
  305 G    -1  -2   0  -4  -5  -5  -3   6  -3  -3  -2  -1  -2  -2   0  -3  -2  -1  -3  -4    5   2   4   1   0   0   2  59   1   2   4   4   1   2   5   2   3   1   1   1  1.09 0.63
  306 D     1  -2   0   3  -3  -1   1   2  -2   0  -2  -1  -1  -1  -2   1   0  -1  -1  -1   13   1   4  16   0   3   8  16   1   5   4   4   1   2   1   8   5   1   3   5  0.16 0.18
  307 Y    -1  -3  -2  -4  -2  -3  -5  -4  -4   3   1  -3   2   3  -2  -3   0   1   3   3    5   2   2   1   1   1   0   1   0  16  11   1   5  13   2   2   7   2  11  18  0.44 0.34
  308 V    -2   2  -1  -3  -4  -2  -3  -4  -1   3   0  -2   1  -1  -2  -1   0  -1   0   3    3  12   3   1   0   1   1   1   1  19  10   2   3   2   2   4   7   1   4  25  0.39 0.33
  309 P     1   0  -3  -2  -5   1  -1  -2  -1  -1  -2  -2  -1  -2   5   0   0  -1   2   1   11   5   1   3   0   7   3   3   2   3   3   1   2   1  26   8   6   1   7   9  0.41 0.36
  310 G     0  -1   2  -2  -5  -2  -3   5  -2  -4  -4  -1  -2  -2  -2  -1  -2  -2  -1  -3    8   4   9   2   0   2   2  49   1   1   2   5   1   2   2   3   3   1   2   2  0.80 0.52
  311 G     0   2   1   2  -4   0   0   2  -1  -2  -3  -1  -1  -3   0   1   0  -5  -2  -2    8  12   7  13   0   4   5  14   1   2   2   3   1   1   4  11   6   0   2   3  0.22 0.23
  312 A     1   0   0   0  -3   0   0   0  -1   0  -1   0   1  -2   3   0  -1  -1  -2   1   10   6   4   4   0   3   6   7   2   6   3   7   5   1  14   6   3   1   1  10  0.13 0.15
  313 E    -1  -1   3   3  -5   1   1   1  -2  -3  -4  -1  -1  -2  -1   0   1  -2  -1  -3    5   2  15  18   0   5   9  13   1   1   2   4   1   1   3   5   9   1   2   2  0.34 0.31
  314 A     1  -1   0   5  -5  -1   0   1  -4  -3  -3  -2  -2  -3   0   1  -2  -5   0  -2   10   4   3  30   0   3   6  10   0   2   3   2   1   1   5  13   2   0   4   3  0.42 0.36
  315 V    -1  -2  -4  -3  -2  -2  -3  -1  -5   4   1  -3   2  -1  -1  -3  -2  -5  -3   4    5   2   1   2   1   1   2   5   0  28  11   2   4   2   4   2   2   0   1  27  0.57 0.40
  316 R     0   2  -1   0  -4   2   1   0   0  -2  -2   2  -1   0   0   1   1   0  -2  -2    6  10   2   4   0   9   8   7   2   2   3  14   1   4   4  11   8   1   1   3  0.16 0.19
  317 A     1  -1  -3  -4  -2  -2  -2  -2  -5  -1  -1  -3   1   0   5  -1   1  -2  -2   1   14   3   1   1   1   1   2   4   0   3   7   1   4   4  31   4   8   1   1   9  0.55 0.42
  318 Y    -1  -2  -2  -3  -4   0  -1  -3  -1   2   3  -2   1   1   0  -2   0   0   1   1    4   2   2   1   0   5   3   2   1  10  32   2   2   6   5   2   5   1   4   9  0.27 0.25
  319 E    -1  -1   0   0  -5   5   2  -2  -3  -3  -3   0  -3  -2   2   0   0  -5   0  -2    5   4   5   5   0  26  12   4   0   1   3   4   0   1  11   6   7   0   3   3  0.45 0.41
  320 R     0  -1  -1  -2  -3   0  -2  -1  -2   1   1  -2   1   1   0   1   1   1   0   1    7   3   3   1   0   4   2   5   1   7  19   1   3   7   4  12   8   2   3   8  0.09 0.14
  321 G    -1   0   2   1  -5   2   1   4  -4  -4  -4  -1  -3  -4   0  -2  -2  -5  -3  -3    5   5  10   9   0   9   8  33   0   1   2   3   1   1   6   3   3   0   1   2  0.51 0.39
  322 D     0   0   1   1  -3   1  -1  -1  -1  -1  -2   2   0  -2   1   0   1  -3  -2   0    8   6   9   7   0   6   2   4   1   4   3  15   2   1   6   6   9   0   1   9  0.12 0.14
  323 Y     0   1   0  -1  -3   0  -1   1   0  -1  -1  -1   0   1   1   0   0   0   1   0   10   8   6   2   0   5   3  12   2   3   5   3   3   6   8   7   5   1   7   8  0.07 0.10
  324 N     2  -2   1  -1  -4   3  -2   2  -1  -1  -2  -2  -1  -1   2   0   0  -2  -1  -2   15   2   7   4   0  13   1  16   1   3   4   2   2   3  11   6   5   1   2   3  0.23 0.26
  325 K    -2   1   4   6  -6   1   0  -2  -4  -4  -5   1  -3  -4  -2  -2  -1  -3  -4  -2    3   7  16  38   0   6   5   3   0   1   1   7   1   1   2   2   3   1   1   3  0.80 0.53
  326 M    -2  -5  -4  -5  -4  -3  -4  -3  -4   3   3  -4   2   5  -2  -3  -2   1   0   1    2   0   1   0   0   1   1   3   0  17  25   1   4  26   2   2   2   2   3   8  0.67 0.44
  327 A     0   1   1   1  -4   4   0   0  -3  -3  -3  -1  -1  -1   0   2  -1  -5  -3  -2    9   8   8   7   0  21   5   7   0   1   2   2   2   3   5  15   3   0   1   2  0.31 0.32
  328 A     0  -2  -1  -1  -3   0  -1  -2  -1   2   0  -2   0   0  -1  -1   1   0   0   3    9   1   2   4   0   5   4   2   2  14   9   2   2   5   2   4   8   1   2  22  0.13 0.17
  329 I     2  -2  -1  -2  -2  -2  -2   1  -2   1   1  -3   1  -1  -2   0   1  -4  -2   1   21   1   3   1   1   1   2  11   1  10  16   0   3   2   2   8   7   0   1  10  0.17 0.20
  330 Q    -1   1   0  -1  -4   3   1  -3  -1  -1   1   0   2   0  -2  -1  -1  -2   0  -1    6   9   5   3   0  18  11   1   1   4  13   6   5   4   1   3   2   0   4   4  0.19 0.22
  331 Q     1  -1   1   2  -4   3   3  -2  -1  -2  -1   0  -1  -3  -3   0   0  -5  -3  -2   12   3   6  10   0  15  22   3   1   3   6   3   1   1   0   5   5   0   1   2  0.30 0.31
  332 S    -1   0  -1   1  -3   1   1  -2  -1   0   0   0   3  -1  -3   0   1  -4  -1   1    4   5   2   9   0   6  11   3   1   6   8   6  10   2   0   5   8   0   1  11  0.10 0.17
  333 L     0  -2  -3  -3  -2  -1  -1  -4  -4   4   2  -1   3  -1  -4  -2  -1  -4  -3   1    7   2   1   1   1   3   5   1   0  30  23   3   8   2   0   2   2   0   1   8  0.48 0.36
  334 Q     1   1   1   2  -5   4   3  -2  -2  -3  -3  -1  -1  -4  -4  -1  -2  -5  -5  -2   10   7   7  12   0  22  23   3   1   1   2   2   1   1   0   3   2   0   0   3  0.56 0.46
  335 A     0   2   0   3  -5   3   2  -2  -1  -2  -3   1   1  -2  -4   0  -1  -5  -3  -3    7  10   4  18   0  16  12   3   1   2   2   7   5   2   0   6   4   0   0   1  0.38 0.35
  336 V    -1  -1  -2  -2  -2  -1  -2  -3  -2   3   2  -1   2  -2  -4  -1   0   0   1   1    4   4   1   2   0   2   3   2   1  19  25   5   5   1   0   3   6   1   6   9  0.25 0.24
  337 V    -2   4  -1  -2  -5   3   3  -4  -2   0  -4   0  -2  -4  -3  -2  -1  -5  -2   0    4  26   2   1   0  15  19   1   1   7   0   5   1   1   1   2   4   0   1   8  0.54 0.46
  338 V     0   3   1   1  -5   4   2  -2  -1  -1  -3   1   0  -4  -4   0  -1  -5  -2  -3    7  16   7   6   0  20  12   3   1   3   1   7   3   1   0   5   4   0   1   1  0.38 0.37
  339 R     0   6   1   0  -2   2   0  -2  -2  -3  -4   0   0  -4  -5   1  -1  -5  -5  -3    8  40   5   5   1   8   6   3   1   1   1   4   2   1   0  10   3   0   0   2  0.66 0.49
  340 L    -4  -4  -4  -4  -4  -4  -6  -4  -6   6   3  -5  -1  -2  -6  -5  -2  -1  -4   2    0   1   1   1   0   1   0   1   0  50  24   0   1   2   0   0   3   1   0  10  1.17 0.65
  341 N     1   3   2  -1  -2   1   0   0   0  -3  -3   2  -1  -2  -2   1  -1   0  -2  -3   10  17  12   3   1   5   6   8   2   1   2  11   2   2   1  12   2   2   1   0  0.26 0.25
  342 Q     0   3  -1   1  -4   2   1  -3   0  -3  -2   1  -1   0  -2   0   0  -3   2  -2    7  17   2   7   0   9  11   1   2   1   2  10   2   5   1   7   5   0   7   3  0.23 0.24
  343 A     5  -3  -2  -3  -1  -3  -3   0  -2   1  -2  -3   0  -1  -3   0   0  -2  -1  -1   48   1   2   1   1   1   1   7   1   7   4   1   3   2   1   6   5   1   2   4  0.55 0.43
  344 F    -5  -6  -2  -3  -6  -4  -6  -5  -5  -2  -1  -6   3   8  -3  -5  -4  -1   0  -3    0   0   2   2   0   1   0   1   0   2   6   0   6  68   2   1   1   1   2   1  1.94 0.93
  345 M    -3  -4  -5  -4  -5   0  -4  -3  -1  -1   4  -4   6   3  -4  -3  -4  -4   1  -2    2   1   0   1   0   4   1   2   2   1  41   1  21  13   1   2   1   0   5   2  0.90 0.56
  346 Y    -1  -2   0   0  -4  -1  -2  -3  -2   1   2  -3   5   2  -4  -2  -2  -1   1   1    5   2   4   7   0   3   1   2   1   7  21   1  17   7   0   3   2   1   6  10  0.32 0.30
  347 G     0  -2   3   3  -4   1   0   0   0  -2  -1  -2  -1  -2  -2   0   1  -4  -3  -2    6   2  18  20   0   6   5   6   2   2   8   2   2   2   1   7   9   0   0   1  0.31 0.28
  348 A     2   0  -1   0  -3   3  -1   0  -3  -1   1  -2   2  -2  -1   1  -1  -1  -1  -2   18   4   2   5   0  14   3   7   0   3  13   1   7   2   2  13   2   1   2   1  0.18 0.26
  349 N    -1  -2   2   0  -3   0   0  -1  -2   2   1  -2   1   0   0   0   0  -2  -3   1    4   1  11   5   0   4   5   6   1  12  17   0   3   3   4   7   7   1   0  10  0.10 0.16
  350 Q    -1   0   0   0  -3   4   1  -1  -1   0   0  -1   1  -1   1   0   0  -4  -3  -1    4   3   3   6   0  22   6   5   1   5  12   2   5   2   6   8   6   0   0   4  0.17 0.22
  351 R    -1   3  -1  -1  -4   1   0  -2  -2  -1   1   0   0  -2   3  -1  -1  -4  -2  -1    5  23   3   3   0   6   5   3   0   2  17   5   3   2  13   5   2   0   1   4  0.25 0.24
  352 D    -1  -1   1   3  -4   2   1   0  -1  -2  -2   0   0  -4   3   0  -1  -4  -4  -2    4   3   7  21   0  11   8   6   1   2   3   5   3   0  14   6   3   0   0   2  0.34 0.26
  353 A     1   0   1   0  -1   0   0   2  -1  -2  -2   0  -2  -3   0   0   1  -3  -1  -1   11   4   5   6   1   4   4  22   2   2   3   7   0   0   5   7   9   0   2   5  0.16 0.14
  354 E    -1   0   0   1  -3   1   2   0  -2  -3  -3   0   0  -3   2   0   1  -3   0  -1    5   5   4   9   0   7  17   8   0   0   1   6   4   0  11   7   8   0   4   4  0.23 0.20
  355 R     0   4   1  -1  -4   2   0  -2   0  -3  -3   1   0  -4   2   0   0  -4  -3  -1    6  27   6   3   0  10   5   2   2   0   1   8   2   0  10   7   4   0   0   4  0.36 0.27
  356 V     0   0  -2  -2  -2   1   0   0  -1   0   0   0   1   1   1   0   0  -2   1   0    7   7   0   0   0   7   7   7   0   7   7   7   6   6   7   7   7   0   6   7  0.05 0.09
  357 T    -2  -4  -1  -4  -5  -1  -4  -5  -5  -2  -5  -2  -4  -5  -1   2   7  -6  -1  -2    2   0   2   0   0   2   0   0   0   2   0   2   0   0   2  14  67   0   2   3  1.41 0.75
  358 A     6  -1  -5  -5  -4  -1  -1  -2  -5  -3  -3  -3  -2  -2  -1  -2   0  -6  -5  -2   72   3   0   0   0   2   4   2   0   1   2   1   1   2   3   1   5   0   0   1  1.16 0.66
  359 E    -1  -1  -3  -3  -4  -1   3  -3   0  -2  -1  -1   0   0  -2  -1   4  -4   1  -2    4   3   0   0   0   2  24   2   2   2   5   2   3   4   1   4  35   0   6   1  0.53 0.43
  360 E    -1  -4  -2  -2  -6   2   7  -3  -1  -3  -3  -3  -5  -6  -5  -4  -4  -6  -1  -4    5   0   2   0   0   8  74   2   1   2   2   0   0   0   0   0   0   0   2   1  1.57 0.79
  361 V    -2  -2  -5  -5  -4  -3  -3  -5  -5   5   0  -4   1   0  -5  -3  -1   3  -1   4    3   2   0   0   0   1   2   0   0  34   6   0   4   4   0   1   4   4   2  34  0.79 0.43
  362 R     0   4   0  -1  -4   3   2  -3   0  -1  -1   0   1  -4  -2   0  -2  -4  -2  -1    9  29   5   2   0  12  12   1   2   3   6   3   4   0   1   6   2   0   1   3  0.37 0.29
  363 I     1   2  -1  -1  -3   2   2  -2  -2  -1  -1  -1   2   0  -3  -1  -1  -3   0   0   12  15   2   3   0  10  18   2   0   4   5   2   7   5   0   3   3   0   4   6  0.19 0.21
  364 T    -1   5  -1  -1  -4   0  -1  -4  -3   0   0   0   3  -4  -4  -2   0  -4  -4   1    6  39   3   4   0   4   3   0   0   5   8   3   8   0   0   2   5   0   0   9  0.54 0.40
  365 A     2   0  -1  -1  -3   1   0   0   1   0  -1  -1   2  -1  -3   0   0  -3   0   1   25   5   2   2   0   9   4   5   4   4   6   3   7   2   0   5   5   0   3  10  0.13 0.18
  366 E     0   1   1   0  -4   3   2  -2   0  -2  -2   1   1  -2   0   0  -1  -4  -3  -2    6   9   8   5   0  17  17   3   2   3   3   6   4   2   3   6   4   0   0   2  0.24 0.23
  367 E    -1   0  -1   0  -5   2   5  -3   0  -2   0   0   1  -4  -1  -2  -2  -5  -1  -2    4   5   2   4   0   8  44   2   2   2   9   3   4   0   3   2   2   0   2   2  0.56 0.43
  368 A     1   0  -2  -3  -3  -1  -2  -1  -3   1   3   1   2   0  -3  -1  -1   0  -1  -1   13   4   2   1   0   2   1   6   0   8  32  10   5   4   0   3   2   1   2   2  0.21 0.24
  369 E     0   0   0   0  -3   2   3  -1  -1  -1   0  -1   2  -1  -2   0  -1   0  -2  -1   10   6   4   5   0   8  23   4   1   3  12   1   5   3   1   6   2   1   1   4  0.18 0.21
  370 N    -1   3   1   1  -4   3   1  -1  -1  -2  -1   0   0  -3  -1   0   1  -4  -3  -2    6  20   5   7   0  15   7   4   1   2   5   5   3   1   2   6   8   0   1   3  0.26 0.25
  371 T     1   1   0   0  -3   2  -1  -1  -1   0   0   0   1  -2  -1   0   0  -3  -2   0   11   7   6   6   0  11   2   5   1   7  12   5   6   1   2   9   5   0   0   7  0.07 0.12
  372 L    -2  -1  -1  -4  -3   0  -1  -4   2   1   4  -2   2   1  -4  -2  -1  -3   2   0    3   3   3   0   0   4   3   0   5   6  41   2   6   6   0   3   3   0   7   4  0.36 0.29
  373 G     2  -1  -2  -1   0  -1  -3   4  -1  -1  -1  -3   0  -4  -1   1  -1  -4  -3  -1   19   3   0   3   2   2   0  36   2   3   7   0   2   0   2  10   3   0   0   3  0.42 0.30
  374 G     0   0   0  -1  -4  -1  -1   4  -3  -4  -3  -2  -3  -2   3   1  -1  -4  -4  -2    8   6   5   2   0   2   3  31   0   0   3   0   0   2  18  11   3   0   0   3  0.49 0.32
  375 T     0  -2   0   0   2   0   0  -1  -2   0  -1   0   1   0   0   0   0   3   1   0    5   0   5   5   5   5   5   5   0   5   5   5   5   5   5   5   5   5   5   5  0.03 0.11
  376 Y    -2  -5  -5  -4  -3  -2  -5  -3   0   0   2  -5   1   5  -6  -4  -3   0   6   1    4   0   0   1   1   2   0   2   3   5  18   0   3  21   0   1   1   1  29   8  0.94 0.56
  377 S     1  -1  -1  -1  -5  -2   2   3  -3  -4  -4  -2  -4  -3  -3   4   0  -5  -4  -3   11   4   3   2   0   1  13  25   1   1   2   1   0   1   1  29   5   0   1   2  0.58 0.46
  378 L    -2   6  -1  -5  -6   0  -2  -3   1   0  -1  -1  -1  -5  -2  -1  -2  -6  -3  -1    3  51   3   0   0   4   2   2   3   5   7   2   2   0   2   5   3   0   1   5  0.93 0.60
  379 L    -4  -3  -4  -4  -5   0  -4  -6  -2   3   5  -5   3   2  -5  -4  -3  -4  -1  -1    1   1   1   1   0   5   1   0   1  15  50   0   6   8   0   1   2   0   2   4  0.87 0.53
  380 A     1  -2   0   0  -4   3   1  -2   1  -1  -3  -1   0  -2  -2   1   1   0  -2   0   13   1   5   4   0  17  11   3   3   3   1   2   3   1   1  13   7   2   1   7  0.25 0.28
  381 E     1   0   1   1  -4   2   0  -2   0  -2  -2   0  -1  -2  -1   2   2  -4  -1  -1   11   4   8   9   0  12   5   3   2   2   3   4   2   1   3  14  14   0   2   3  0.21 0.24
  382 N    -2  -2  -1   2  -3   0   6  -2  -2  -6  -5  -3  -2  -4  -5  -1   0  -7  -4  -5    3   2   2  12   1   3  57   3   1   0   1   1   1   1   0   5   5   0   1   1  1.22 0.77
  383 L    -3  -4  -4  -5  -1  -2  -4  -3  -1   0   3  -3   3   5  -4  -2  -2   4   1   0    2   1   1   0   1   2   1   3   1   4  31   2   7  22   1   3   3   6   3   5  0.64 0.44
  384 Q    -3  -3  -2  -3  -1   5  -2  -6   0   0   4  -2   1  -1  -3  -4  -2  -2  -2   0    2   1   2   1   1  24   2   0   2   4  38   2   3   3   1   1   3   1   1   7  0.64 0.51
  385 S    -1   1   0   1  -3   1   0   0  -1   0   1   1   0  -2  -1   0   1  -4  -2  -1    5   8   4   8   0   6   7   9   2   5  14   7   3   1   2   6   8   0   1   4  0.07 0.10
  386 P    -1  -1  -6  -3  -7  -1  -4  -4  -6  -3  -2  -1   1  -7   8  -5  -6   1  -2  -3    5   3   0   1   0   4   1   2   0   2   4   4   4   0  65   0   0   2   2   2  1.78 0.98
  387 L    -2  -1  -4  -6  -1  -3  -3  -4  -5   3   4  -3   3   2  -5  -4  -1  -1   1   2    3   4   1   0   1   1   2   1   0  14  38   1   7   7   0   1   3   1   5  11  0.59 0.40
  388 A     2  -2  -3  -3  -2  -2  -3  -3  -5   4   0  -3   0  -1  -5  -2  -2  -1  -3   4   15   3   1   2   1   2   1   2   0  28   9   1   2   3   0   2   1   1   1  25  0.58 0.42
  389 Y    -2   3   1   1  -5   1   3  -3   2  -3  -2   1   0   0  -4  -1   0  -2   1  -2    3  20   7   9   0   5  17   1   5   1   4   8   2   4   0   3   5   1   5   2  0.35 0.32
  390 V    -3   6  -2  -3  -1  -3  -2  -3  -1   2   0  -1   0  -2  -6  -3  -2   5  -1   0    2  43   2   1   1   1   2   2   2  11   9   2   2   1   0   1   3   7   2   6  0.84 0.57
  391 C    -1  -2  -4  -3   1  -1  -1  -3  -1   1   2  -2   1   1  -4  -1   2   1  -1   2    6   2   0   1   3   2   5   2   1   7  21   2   4   5   0   3  16   2   2  17  0.26 0.26
  392 L    -1  -2  -5  -3   1  -2  -2  -2  -2   1   3  -4   4   4  -3  -3  -2   0   2   0    4   3   0   1   3   1   2   4   1   9  26   0  12  18   1   1   2   1   6   4  0.51 0.37
  393 S     1   0   2   1  -1   0  -1   0   2  -1  -1  -1   0  -1  -3   0  -1   0   2  -1   15   4  10   8   1   4   3   8   6   4   7   4   3   3   0   5   3   1   8   4  0.09 0.14
  394 E    -1   1  -2   0  -2   1   1  -2   1   3   2  -1   1  -2  -2  -2  -2  -1   0   0    4  10   2   5   1   6   9   3   3  20  18   3   3   1   1   3   1   1   3   4  0.18 0.22
  395 V     0  -3  -3  -6  -1  -1  -2  -3  -2   0   4  -4   6   1  -6  -2  -3   1  -1   0    8   1   1   0   1   3   2   2   1   4  36   1  20   6   0   3   1   2   2   5  0.66 0.48
  396 D    -1   2   1   2  -5   2   2   0  -2  -2  -1   1   1  -2  -4  -1  -2  -2   0  -2    4  13   6  10   0  10  14   7   1   2   5   9   5   2   0   5   2   0   3   2  0.24 0.25
  397 D    -1   4  -1   2  -5   1   1  -2  -3  -2  -2   1   1  -1   1   0  -1  -5  -3  -2    5  23   3  10   0   7  10   3   0   3   3  10   3   3   6   6   3   0   1   2  0.33 0.31
  398 A     0   1   1  -1   0   0   0   1   0  -1  -1   0   0   0   1   0   0  -3   0  -2   10   8   8   3   2   4   4  13   3   2   6   7   3   5   6   7   4   0   4   2  0.07 0.10
  399 L     0   0   0   0   0   0  -1   3   1  -1   0   1   1   0  -1  -1  -1  -3   0  -1    6   4   3   5   2   4   3  24   4   4   9   8   5   4   3   4   2   0   3   4  0.12 0.15
  400 L    -1   0   0   0  -3   0   0  -1   2   0  -1   0   1   0   0   0   0   3   1   0    5   5   5   5   0   5   5   5   5   5   5   5   5   5   5   5   5   5   5   5  0.06 0.08
  401 Q    -1  -1  -1   0  -4   0   0  -2   0   1   1   0   1   1   3  -2  -1  -4  -1  -1    4   3   3   4   0   5   6   3   2   9  16   5   4   5  18   3   3   0   2   4  0.20 0.20
  402 G     0  -1  -1   1  -4   0   1   1   0  -1  -3   0  -1  -1   4  -1  -1   1  -1  -2    7   2   3   8   0   4  10  12   2   3   3   5   2   2  23   4   3   2   2   3  0.32 0.28
  403 L    -1  -2  -2  -1  -4  -1   0  -3  -3   1   3  -1   1   0   2  -1   0   0  -1   0    5   2   2   5   0   2   6   2   0   7  31   3   4   4  10   4   5   2   2   5  0.22 0.23
  404 I    -1  -2  -4   0  -5  -1  -1  -2  -1   1  -1  -2   1   1   5  -1  -1  -5  -2   0    4   2   0   4   0   2   4   4   1   9   7   3   3   6  33   5   4   0   2   7  0.53 0.39
  405 T    -1  -1   0   1  -4   0   1   1  -3  -2  -2   1  -1  -2   4   0  -1  -5  -2  -2    5   3   5   8   0   4   8  11   0   3   4  11   1   2  22   5   3   0   2   3  0.32 0.27
  406 K    -1   1   0   3  -4   2   2   1  -1  -2  -2   1  -1  -2   0  -1   0  -5  -4  -1    4   7   4  16   0   9  13  11   1   3   5   9   1   1   5   2   6   0   0   4  0.22 0.23
  407 Q    -1  -1   0   2  -4   1   2   0  -2   0   0   0   1  -2   0   0  -1  -4  -2   0    5   3   4  13   0   6  17   8   1   5  12   4   4   1   4   6   3   0   1   5  0.13 0.16
  408 H    -1  -1  -2  -2  -1  -1  -2   0  -2   2   2  -2   1   1   0  -2  -1   0   0   2    4   3   1   3   1   3   2   8   1  12  18   2   4   7   4   2   3   1   3  19  0.16 0.17
  409 K    -1   2   1   1  -5   3   3  -1  -1  -3  -3   2  -2  -3  -2   0   0  -5  -2  -3    5  10   6   9   0  14  17   4   1   1   2  13   1   1   1   6   5   0   1   2  0.36 0.31
  410 P     0  -1  -1  -1  -3   0   0   0  -1   1   0  -1   0  -1   3  -1   0  -4  -3   2    7   2   3   2   0   3   5   7   2   8  10   3   1   3  17   5   6   0   0  15  0.17 0.17
  411 A     0   0   0   1  -3   2   2  -1  -1   0  -1   0   0  -1  -1   0   0  -3  -1   0    5   6   4   8   0  10  15   5   1   7   6   6   2   2   2   5   6   0   1  10  0.09 0.13
  412 I    -1  -2  -1  -2  -3  -1  -2  -3  -1   4   0  -2   0   2  -2  -2  -2   0   2   2    4   2   3   3   0   3   3   2   1  29   8   2   2   7   2   3   2   1   7  15  0.29 0.26
  413 E    -1  -2  -2  -1  -3   0   1  -2  -3   2   1  -1   0  -1  -2  -1   1  -4  -1   3    4   2   2   3   0   5   8   2   0  15  11   4   1   3   2   5   8   0   2  22  0.17 0.21
  414 T     0   0  -1  -1  -3  -1   0  -2  -3  -1  -1  -1   0  -1  -2   2   3  -4  -1   1    8   4   3   3   0   2   6   3   0   3   5   3   2   3   1  15  25   0   2   9  0.22 0.26
  415 G    -1  -1  -1   0  -4  -1  -1   4  -3  -2  -3  -1   0   0   2  -1  -2  -3   3  -2    4   3   3   4   0   3   3  36   0   2   2   4   2   3   9   5   2   0  11   2  0.44 0.33
  416 L    -1  -1  -4  -4  -3  -2  -3  -3  -2   3   3  -2   4   0  -3  -3  -1  -2   0   2    4   4   0   1   0   1   1   2   1  21  29   2  10   4   1   2   3   0   3  11  0.46 0.33
  417 P     3  -2   1   2  -4   1   3  -2  -3  -4  -3  -2  -3  -4  -1   2  -1  -1  -3  -2   23   2   5  12   0   7  19   2   0   1   2   2   0   1   2  15   2   1   1   3  0.42 0.37
  418 A     4  -1  -3  -3  -4   1  -2  -1  -1  -2  -3   0   0  -3   3   1  -1  -4   0  -1   34   3   1   1   0   6   1   3   1   3   2   4   3   1  14  12   3   0   4   4  0.42 0.37
  419 L     1  -4  -5  -5  -4  -3  -4  -4  -5   1   5  -3   2  -1  -3  -3  -3  -4  -3   0   13   1   0   0   0   1   1   1   0   8  55   1   5   2   2   1   1   0   1   6  0.83 0.52
  420 S     2  -2   0  -3  -4   3  -2   3  -2  -2  -2  -2   0  -3  -1   2  -1  -4  -4  -2   21   2   4   1   0  14   2  21   1   2   3   1   2   1   3  18   2   0   0   3  0.41 0.36
  421 R    -3   7  -1  -4  -6   2  -1  -4  -2  -5  -3   2  -1  -6  -3  -3  -3  -2  -2  -3    2  56   3   1   0   9   3   1   1   1   2  12   1   0   2   1   2   1   1   2  1.28 0.73
  422 S     3  -2   1  -2  -4   1  -1   2  -2  -2  -2  -2   1  -3  -4   2  -1  -5  -2  -2   31   1   7   2   0   7   4  15   1   2   4   1   4   1   0  13   4   0   2   1  0.38 0.37
  423 A     2  -2   0  -1  -5   5   0   0   2  -2  -3  -1   0  -4  -4   1  -2  -5  -1  -1   14   2   4   3   0  32   4   6   5   2   3   3   2   1   1  10   2   0   2   5  0.51 0.45
  424 A    -1   0  -1   4  -6   1   3  -1  -1  -4  -4   2  -2  -6  -3  -1  -3  -6  -5  -2    5   5   2  27   0   6  21   4   1   1   2  15   1   0   1   5   1   0   0   3  0.62 0.45
  425 V     2  -1  -1  -4  -3   0  -2  -3  -2   2   2  -2   2   0  -4  -1   0  -4   0   2   17   3   2   0   0   4   2   1   1  10  23   1   6   3   0   5   5   0   3  14  0.27 0.26
  426 Q     0  -1   2   2  -5   4   2  -1  -3  -2  -3  -1   0  -4  -1   0  -1  -5  -3  -2    7   3   8  10   0  23  16   4   0   2   2   3   2   1   3   7   4   0   1   3  0.40 0.37
  427 S     1   2   2   0  -4   1   1   0  -3  -5  -4   3  -4  -5  -3   1  -1  -2  -1  -3   13  13  10   5   0   7   9   6   0   0   1  18   0   0   1   9   3   1   2   1  0.36 0.32
  428 M     0  -3  -5  -4  -4  -2  -3  -3  -3   3   3  -3   3   1  -3  -2   0  -1  -1   1    9   1   0   1   0   1   2   2   1  15  34   1   6   5   1   3   5   1   2  10  0.44 0.33
  429 L    -1   0  -1   1  -3   1   0  -2  -2   1   1  -2   3  -1  -3  -1   0  -2  -1   1    5   6   3   7   0   9   7   2   1   8  16   1   8   2   1   4   7   0   2  12  0.13 0.17
  430 N     1   3   2  -1  -5   3   1   0  -3  -3  -2  -1  -1  -4  -3   0   0  -5  -3  -2   12  15  10   3   0  17   8   9   0   1   5   1   2   1   1   6   6   0   1   2  0.32 0.32
  431 A     1  -2  -5  -3  -1  -2  -3  -3  -3   2   1  -4   2   5  -3  -3  -1   5   1  -1   12   2   0   2   1   2   1   2   1  12  12   0   5  24   1   1   3   8   5   4  0.53 0.38
  432 S     1  -3  -1  -1  -1   0  -1  -2  -2   2   2  -2   4  -1  -3  -1  -1  -1  -1   2   11   1   3   4   1   5   4   3   1  11  20   1  12   3   1   3   3   1   2  13  0.21 0.22
  433 Q     0   2   1  -1  -5   5   2   1  -2  -4  -3  -1   0  -3  -3   0  -1  -2  -4  -3    8   9   5   3   0  27  11  12   1   1   2   2   2   1   1   8   4   1   0   1  0.49 0.42
  434 V     1  -2  -1   0  -3  -1   0  -2  -2   0   0  -2   2   2  -2   0   2   2   1   0   16   2   3   6   0   3   5   3   1   4   9   1   5   9   1   5  13   3   6   5  0.13 0.18
  435 I     1  -3  -5  -6  -1  -3  -4  -4  -5   4   3  -5   3   0  -5  -3  -2   0  -2   3   11   1   0   0   1   1   1   1   0  20  27   0   8   3   0   2   2   1   1  19  0.63 0.42
  436 A     3  -1   0  -2  -4   3  -1   2  -2   0  -2  -2   0  -2  -4   1  -1  -5  -1  -1   25   2   4   2   0  14   4  13   1   5   4   2   2   2   0  12   4   0   2   3  0.30 0.31
  437 G     2  -2   0  -1  -4   3   0   1  -2   0  -1  -1   1  -1  -1   0   0  -2  -2  -2   17   1   5   2   0  16   6  13   0   6   6   2   4   3   3   7   5   0   1   2  0.18 0.23
  438 L     0  -4  -3  -4  -4  -2  -4  -4  -5   2   3  -3   4   0  -3  -2   1  -1  -2   2    9   1   1   0   0   2   1   1   0  13  29   1  10   3   1   2   9   1   1  16  0.51 0.37
  439 A     2  -2  -1  -2  -3   0  -1   2  -3  -1   0  -2   1   0   1   0  -1  -4  -1   0   23   2   3   2   0   4   4  14   0   4  12   1   4   5   7   6   3   0   2   5  0.16 0.21
  440 P     1  -3  -1  -3  -6   4  -1   3  -5  -4  -4  -2   0  -6   4  -2  -1  -6  -6  -3   10   1   3   1   0  17   4  25   0   1   1   2   2   0  24   2   4   0   0   2  0.76 0.55
  441 I     0  -3  -1   0  -3   0   0  -3  -3   1   1  -2   2  -1   3  -2  -1  -2  -2   1   10   1   2   7   0   4   6   1   0   8  16   1   5   2  15   2   4   1   1  12  0.21 0.21
  442 A     2  -2  -2   0  -5   1   2   0  -4  -3  -3  -2   1  -2   4  -2  -1  -5  -4  -2   21   2   2   4   0   8  16   6   0   1   3   1   4   2  22   2   3   0   0   3  0.50 0.41
  443 Q     1  -1  -1   0  -5   5   3  -2  -2  -3  -2  -2  -1  -3  -1  -1  -1  -3  -3  -1   10   3   2   6   0  27  20   4   1   1   5   1   2   1   4   4   4   0   1   5  0.49 0.44
  444 L     2  -3  -3  -3  -4  -3  -3  -4  -3   3   2  -2   2   0  -3  -1  -1  -4  -1   3   16   1   1   1   0   1   1   1   0  16  19   2   5   5   1   3   3   0   1  22  0.42 0.33
  445 D     1   0   1   2  -3   1  -1   0  -2  -1   0  -1   2  -1  -2   0   0   0  -2   0   15   5   6  12   0   8   2   5   1   3  11   3   7   2   2   5   4   1   1   6  0.10 0.16
  446 P     0  -1   0   4  -5   2   0  -2  -2  -3  -1   1   1  -3   4  -2  -2  -5  -4  -3    7   3   3  22   0  11   4   3   1   1   5   7   4   1  20   2   2   0   0   2  0.49 0.39
  447 R    -1   2   1   0  -4  -1   1  -3   0   0  -1   1   1  -1  -3   0   0   2   2   0    4  12   9   5   0   1   8   1   2   5   4   9   5   3   0   5   6   3   9   8  0.14 0.18
  448 I    -2  -6  -4  -6  -5  -5  -3  -6  -6   4   2  -4   2   3  -5  -4  -2  -1  -1   4    3   0   1   0   0   0   2   0   0  26  18   1   6  12   1   1   2   1   2  27  0.87 0.52
  449 S    -3  -3   6   5  -7  -3  -2  -5  -2  -5  -6   3  -2  -7  -6  -2  -3  -8  -3  -5    3   1  36  33   0   1   1   0   1   1   1  16   1   0   0   2   1   0   1   1  1.39 0.80
  450 L    -1  -2  -3  -3  -4   0  -2   0  -2   1   1  -2   2   2   1  -1   0   5  -1   1    5   1   1   1   0   4   2   6   1   9  12   2   5   9   9   3   7   8   1  12  0.22 0.22
  451 P    -2  -1   0   6  -6   0   2   0  -2  -4  -4  -2   0  -4   0   0  -2  -3  -4  -3    3   3   3  43   0   3  14   7   1   1   1   2   2   1   4   8   2   0   1   2  0.82 0.56
  452 K     1   0   0   2  -6   2   4  -2  -2  -4  -4   2  -2  -3  -3  -2  -2  -3  -2  -2   11   4   4  12   0  10  27   3   1   1   2  14   1   1   1   2   2   0   2   3  0.48 0.40
  453 M     3  -5  -4  -3  -1  -3  -4  -3  -4   2   2  -3   2   2  -5  -2   0   0   2   1   23   0   1   1   1   1   1   2   0  14  16   1   5   9   0   2   5   1   7  11  0.41 0.34
  454 M     2  -5  -4  -4  -3  -3  -4  -1  -5   3   2  -3   3   0  -2  -2   0  -3  -2   3   16   0   0   0   0   1   0   5   0  16  18   2   8   3   2   2   5   0   1  18  0.40 0.33
  455 D    -1   4  -1   3  -6   2   0  -3  -3  -2  -2   2  -2  -6  -2   0  -1  -1  -4  -3    6  27   2  16   0   8   6   1   0   2   3  12   1   0   2   6   4   1   1   1  0.52 0.42
  456 T    -1   4  -1   1  -5   1   2  -2   1  -1  -2   1   0   0  -3  -1  -2   5   0  -2    4  23   2   9   0   5  12   2   3   4   4   7   2   3   1   3   3   7   3   3  0.35 0.31
  457 I    -1   0  -4  -5  -2  -3  -4  -4  -3   3   3  -2   1   0  -5  -2  -1   0   4   2    4   5   1   0   1   1   1   1   0  20  26   2   4   4   0   2   3   1  13  11  0.50 0.37
  458 W     5  -3  -5  -4  -2  -2  -4   2  -3  -2   0  -4   1   2  -4  -1  -3   1  -2  -2   45   2   0   1   1   2   0  16   1   2   8   0   4   9   0   3   1   2   1   3  0.73 0.54
  459 A     1   1   0   3  -5   1   2  -2  -1  -2  -3   0  -2  -5  -3  -1   1  -5  -2  -2   15   8   4  19   0   6  15   3   1   2   3   4   1   0   1   4  10   0   1   2  0.34 0.31
  460 A     2  -1   0  -1  -3   0  -1   1  -2   0   0   0   1  -2  -3   1  -1  -2   0  -1   23   4   5   2   0   4   3  12   1   5   8   7   4   2   1  10   3   1   3   3  0.14 0.19
  461 F    -1   1   1  -2  -3   0  -2  -3   1   0   3  -2   2   1  -4  -1  -2   0   1  -1    4   9   6   2   1   4   2   2   3   6  33   2   5   5   0   6   2   1   4   3  0.27 0.26
  462 S    -2  -4   2  -2  -7  -1  -3   6  -3  -7  -5  -2  -7  -5  -5   0  -3  -7  -7  -7    3   1   8   2   0   3   2  67   0   0   2   2   0   1   1   7   1   0   0   0  1.52 0.81
  463 V     0  -4  -3  -4  -4  -4  -5  -5  -4   4   1  -5   2   0  -4  -5  -4  -5  -2   5    8   1   1   1   0   1   0   1   1  20  12   0   5   4   1   0   0   0   1  42  0.94 0.54
  464 D    -2  -2   1   5  -2  -1   1  -2  -2  -2  -3   0  -3  -2   4   0  -2  -3  -2  -2    3   2   5  30   1   2   8   3   1   2   3   6   1   2  18   6   3   0   1   3  0.53 0.30
  465 T     1  -2  -2  -4  -5  -3  -2  -4  -5  -1  -1  -3   0  -3   6  -1   2  -6  -1   0   11   3   2   1   0   1   3   1   0   3   5   1   2   1  40   5  12   0   2   7  0.85 0.55
  466 S     1   0   0   2  -4   1   2  -2  -2  -3  -3   1  -2  -4   2   1   0  -5  -3  -2   14   5   3  13   0   7  14   2   1   1   2   7   1   0   9  11   6   0   0   2  0.31 0.29
  467 Q     0   1   1   1  -1   0   1   2   0  -2  -3   1  -2  -3  -2   0   0  -2  -2  -2    6   7   7   9   1   4  11  19   2   3   2  11   1   1   1   6   4   1   1   3  0.19 0.16
  468 F    -3  -5  -6  -6  -3  -4  -6  -6  -5   3   4  -4   2   2  -6  -5  -4   4   2   1    2   0   0   0   0   1   0   0   0  15  45   1   4   7   0   0   0   5   7  10  0.97 0.55
  469 Y    -2  -2  -5  -6  -4  -3  -4  -5  -2   4   3  -4   3   0  -5  -4  -2  -3  -2   4    2   2   0   0   0   1   1   1   1  24  24   1   7   4   0   1   3   0   1  25  0.77 0.46
  470 K    -3   5   2  -4  -6  -2  -3  -5  -4  -5  -1   4   1  -3   0  -3  -2  -6   1  -3    2  36   8   1   0   1   1   0   0   0   6  26   3   1   4   2   2   0   4   2  0.93 0.59
  471 S    -2  -4  -1   2  -5  -4  -2  -2  -5  -6  -5  -3  -5  -6   0   5   5  -7  -6  -4    2   1   2  11   0   0   3   3   0   0   1   1   0   0   5  39  31   0   0   1  1.05 0.72
  472 A    -1   0  -1   4  -6   2   3  -3  -4  -4  -3   1  -3  -6   4  -2  -3  -2  -4  -3    6   4   2  21   0   7  22   1   0   1   2   8   0   0  19   2   1   1   0   2  0.68 0.48
  473 D    -1  -2   0   4  -7   2   6  -4  -4  -7  -6  -1  -4  -7  -3  -2  -2  -7  -6  -5    6   2   4  20   0   8  49   1   0   0   0   3   0   0   1   3   2   0   0   1  1.18 0.72
  474 E    -1  -2  -3   2  -7   4   6  -5  -3  -5  -6  -1  -4  -7  -5  -3  -2  -7  -4  -3    4   2   1  11   0  20  50   0   0   1   0   3   0   0   0   1   3   0   0   3  1.30 0.78
  475 L    -1   0  -4  -5  -4  -1  -2  -5  -4   2   1   1   3  -2  -3  -3  -2  -5  -1   4    5   6   1   0   0   3   3   0   0  11  13   9   7   1   1   1   2   0   2  34  0.50 0.38
  476 Q     3   0   0   1  -5   4   2  -3  -4  -2  -4   2  -1  -4  -4  -2  -2  -5  -5  -3   29   4   4   8   0  23  11   1   0   2   1  10   1   1   0   1   1   0   0   1  0.64 0.49
  477 A     4  -2  -1  -2  -5   4   2  -2  -4  -3  -4   2   0  -6  -4  -2  -2  -6  -5  -2   38   2   3   2   0  22  11   2   0   1   1  11   2   0   0   2   1   0   0   2  0.77 0.55
  478 E    -1   0  -1   0  -4   0   4  -4  -4   3   1   0   2  -4  -3  -3  -2  -5  -4   0    5   5   3   4   0   4  29   1   0  18  13   5   6   0   1   1   2   0   0   4  0.42 0.36
  479 A     1   5  -3  -2  -5   4   0  -3  -1  -2  -2   0   3  -4  -3  -2  -1  -5  -4  -2   13  31   1   2   0  20   5   1   1   2   4   5   7   1   1   2   3   0   0   3  0.66 0.48
  480 E     1   1  -3  -1  -6   6   4  -4  -4  -4  -5   2   0  -4  -5  -2  -2  -6  -5  -2   10   6   0   3   0  32  25   1   0   1   1  10   2   1   0   2   2   0   0   3  0.87 0.59
  481 Q     2   1  -1  -2  -5   7   1  -3  -4  -3  -3  -1   1  -6  -4  -3  -2  -6  -5  -3   17   6   3   2   0  45   9   2   0   1   2   4   4   0   1   1   2   0   0   1  0.97 0.64
  482 Q     2   4  -2  -1  -5   5   0  -4  -2  -1  -3   1   1  -4  -3  -3  -1  -5  -4  -2   19  20   2   3   0  26   5   1   0   3   2   8   3   1   1   1   3   0   0   3  0.62 0.47
  483 R     3   3  -1  -1  -5   5   0  -2  -3  -3  -2   0   2  -5  -4  -1  -1  -5  -4  -3   25  15   3   2   0  25   5   3   0   2   4   3   6   0   0   3   3   0   0   1  0.59 0.46
  484 Q     1  -2  -2   0  -6   6   2  -1  -4  -4  -2  -1   3  -6  -5  -1  -3  -6  -4  -3   12   1   1   6   0  41  14   4   0   1   3   4   8   0   0   3   1   0   0   1  0.89 0.61
  485 Q     2  -1  -2  -3  -5   6   1  -4  -4  -3  -2  -2   4  -5  -3  -1  -3  -6  -5  -1   16   3   2   1   0  41   8   1   0   1   4   1  12   0   1   3   1   0   0   4  0.93 0.63
  486 A     4   0  -1  -3  -4   4   1  -3  -4  -1  -2  -1   3  -5  -4  -1  -1  -5  -4  -2   34   5   3   1   0  21   8   1   0   4   4   2   8   0   0   3   4   0   0   3  0.58 0.46
  487 A     3  -2  -1   0  -4   4  -1  -1  -4  -2   0  -2   4  -5  -1  -2  -2  -5  -4  -3   30   2   3   5   0  20   3   4   0   2  10   2  13   0   3   2   1   0   0   1  0.53 0.45
  488 Q     2   0  -1  -2  -5   4   2  -1  -4  -2  -1  -1   5  -3  -2  -2  -2  -5  -4  -1   17   4   2   1   0  24  12   5   0   2   6   2  16   1   1   2   2   0   0   3  0.52 0.44
  489 A     3  -1  -2  -2  -5   5   1  -3  -4  -2  -2  -2   4  -5  -2  -1  -1  -5  -5  -2   29   3   1   1   0  29   8   1   0   2   3   1  10   0   2   4   3   0   0   2  0.69 0.52
  490 Q     2   0  -1  -3  -5   6   1  -2  -4  -3  -2  -1   3  -5  -3  -1  -2  -5  -5  -3   15   4   3   1   0  42   7   3   0   1   3   3   9   0   1   4   2   0   0   2  0.82 0.58
  491 A     3  -3  -2  -2  -4   3   0   1  -3  -2   0  -1   2  -2  -2  -1   0  -4  -3   0   30   1   1   1   0  15   6  10   0   2   8   3   7   1   1   3   5   0   0   7  0.32 0.32
  492 A     4  -2  -2  -3  -4   2  -1   2  -4  -2  -1  -1   3  -4  -3  -1  -1  -5  -3  -1   39   1   1   0   0   9   3  15   0   2   6   4   8   0   1   4   3   0   1   5  0.47 0.40
  493 Q     2  -2   0  -1  -4   5   2   0  -3  -2  -2   0   1  -5   1  -1   0  -5  -3  -2   17   1   3   2   0  26  11   7   0   2   4   5   4   0   7   3   6   0   1   2  0.39 0.36
  494 E     1  -2  -1  -1  -5   5   3  -1  -3  -5  -3  -1   0  -5   3  -1  -2  -5  -4  -2   13   1   2   3   0  26  20   5   0   0   2   3   2   0  13   5   1   0   0   3  0.58 0.44
  495 T     3  -2  -2   0  -3   2   0   1  -3  -2  -2  -1   1  -2   1   0   0  -4  -4  -1   30   2   1   4   0  12   6  13   0   1   4   2   5   1   6   4   5   0   0   4  0.29 0.29
  496 L     2  -2  -2  -3  -3   1  -1  -2  -3   2   2  -2   3  -1  -1  -2  -1  -4  -1   1   18   1   2   1   0   7   3   2   0  13  22   1   8   1   2   2   3   0   2  12  0.25 0.24
  497 L     3  -1  -1  -1  -3   2  -1   0  -3  -1   0  -1   2  -3  -1   0   0  -4  -3   0   33   2   2   3   0  11   4   6   0   4   8   4   5   1   3   6   4   0   0   5  0.25 0.27
  498 E     0  -1   1   1  -4   4   2   0  -1  -2  -3   2  -1  -4  -2   1   0  -5  -4  -2    8   2   7   7   0  20  13   6   1   3   1  14   1   0   1   8   6   0   0   3  0.33 0.28
  499 G     3  -2  -2  -2  -4   2  -3   5  -4  -4  -3  -3   1  -5  -2   0  -1  -5  -5  -2   23   2   1   1   0   9   1  43   0   1   1   1   3   0   2   5   3   0   0   4  0.73 0.46
  500 A     5  -4  -2  -3  -4  -1  -2   3  -4  -2  -1  -1  -1  -3  -3   0  -2  -5  -4  -1   48   0   1   1   0   3   3  22   0   2   6   3   2   1   1   4   2   0   0   4  0.67 0.47
  501 S     2  -1  -1  -2  -3   1   0   2  -3  -2  -3   1  -1  -4   3   0   1  -5  -4  -1   21   2   2   1   0   6   5  15   0   1   2  11   2   0  13   7   7   0   0   5  0.29 0.26
  502 D     2  -1   2   3  -4   3   1   0  -3  -2  -3   0  -2  -4   0   0  -1  -5  -3  -2   18   2   9  18   0  18   6   6   0   2   3   4   1   0   3   4   4   0   1   2  0.34 0.30
  503 M     3  -2  -2  -2  -3  -1  -2   1  -3   0   1  -2   3  -1  -1   0   0  -4  -2   1   26   1   1   1   0   2   1  11   0   4  13   2  10   2   2   7   6   0   1  10  0.21 0.23
  504 T     2  -1  -1  -1  -3   2   0   0  -3   0  -1   0   3  -2  -1   0   0   0  -3   0   21   2   2   3   0  12   5   7   0   5   5   6  10   1   3   5   5   2   0   8  0.14 0.20
  505 N     0  -3   4   0  -4   2   0   2  -3  -5  -4   1  -4  -5   3   0   0  -5  -4  -3    9   0  21   5   0  11   5  14   0   0   1   8   0   0  15   5   6   0   0   1  0.48 0.35
  506 A     3  -2   0  -1  -3   3   0  -1  -3  -4  -2   1   1  -4  -3   1   1  -5  -4  -2   30   1   5   2   0  16   4   3   0   0   2   8   5   0   0  12  10   0   0   1  0.41 0.35
  507 L     0  -2  -3  -2  -3  -1   1  -2  -3   1   3  -2   4  -2  -1  -1  -2  -4  -3   1   10   2   0   1   0   3   9   3   0   8  31   1  15   1   3   4   1   0   0   9  0.30 0.26
  508 A     4  -3  -3  -4  -3  -2  -1   3  -1  -3  -2  -1   3  -4  -2   1  -1  -5  -4  -2   47   0   0   0   0   1   3  20   1   0   2   2  10   0   1   8   3   0   0   2  0.65 0.42
  509 G     2  -4  -1  -2  -4  -4  -2   6  -4  -6  -6  -2  -5  -5  -4  -1  -3  -5  -5  -5   18   0   2   1   0   0   2  73   0   0   0   2   0   0   0   3   0   0   0   0  1.41 0.52
  510 V    -2  -4  -4  -4  -2  -3  -4  -4  -4   3   2  -3   3  -1  -4  -3  -1  -4  -2   5    0   0   0   0   0   0   0   0   0  17  15   0  10   0   0   0   0   0   0  57  0.66 0.21

                      K         Lambda
Standard Ungapped    0.1304     0.3160
Standard Gapped      0.0469     0.2670
PSI Ungapped         0.1532     0.3177
PSI Gapped           0.0469     0.2670
