
Last position-specific scoring matrix computed, weighted observed percentages rounded down, information per position, and relative weight of gapless real matches to pseudocounts
            A   R   N   D   C   Q   E   G   H   I   L   K   M   F   P   S   T   W   Y   V   A   R   N   D   C   Q   E   G   H   I   L   K   M   F   P   S   T   W   Y   V
    1 M    -4  -5  -5  -6  -4  -4  -5  -6  -5   0   0  -4  10  -3  -6  -5  -4  -5  -4  -1    0   0   0   0   0   0   0   0   0   4   4   0  89   0   0   0   0   0   0   3  2.45 0.71
    2 R    -2   6  -1  -3  -5   1  -2  -1  -3  -2  -2   1  -3  -2   0  -1  -1  -5  -4  -2    3  57   2   0   0   5   0   4   0   2   3   7   0   2   6   5   3   0   0   3  0.82 0.37
    3 S    -1   3   1  -1  -3  -1  -1  -3   0   0   0   2   1  -2  -1   1   1  -4  -2  -1    4  17   8   3   0   1   0   0   2   7   8  14   6   1   3  12  10   0   1   3  0.16 0.15
    4 F    -2   0  -2  -2  -3   0  -1  -3   2   1   1   0   1   0   1  -1   1   0   3   0    0   5   1   1   0   4   3   0   7  14  13   6   3   3   7   3  12   1  12   5  0.13 0.13
    5 L    -2   1  -1  -2  -3   1   1  -4  -1   3   1   1   0  -2  -2  -2  -1  -4  -1   1    1   8   3   1   0   6   9   0   2  22  15  13   2   0   1   1   3   0   1  13  0.18 0.16
    6 N    -3   2   0  -1  -5   2   1  -4  -3  -4  -3   5  -3  -5   3  -2  -2  -5  -4  -4    0  12   3   3   0   9  10   0   0   1   2  47   0   0  12   1   1   0   0   0  0.81 0.38
    7 L    -3  -4  -5  -4   0  -2  -2  -5  -4   2   5  -4   4  -1  -5  -3  -3  -4  -2   1    1   0   0   1   2   2   3   0   0   9  59   0  13   1   0   1   0   0   1   8  0.83 0.38
    8 N     0  -3   3   2  -4   0  -2  -1  -3  -2  -3  -1  -3  -5   5   1   0  -5  -4  -2    6   0  17  12   0   5   0   4   0   2   1   2   0   0  31  11   6   0   0   3  0.65 0.32
    9 S     0  -1   2   0  -4   0  -2   0  -3  -4  -5  -1  -4  -5   4   4   0  -5  -4  -4    6   2   8   5   0   5   1   6   0   0   0   2   0   0  18  41   5   0   0   0  0.64 0.36
   10 I    -2  -5  -5  -6  -4  -5  -5  -4  -4   2   1  -3   2   7   1  -4  -4   1  -1   0    4   0   0   0   0   0   0   1   0  13   9   1   6  51   9   0   0   1   0   5  1.04 0.45
   11 P    -1  -1   3   0  -4   3   1  -2  -1  -4  -3   0  -3  -2  -1   3   2  -5  -3  -1    3   1  15   4   0  15   9   1   1   0   1   4   0   2   2  24  15   0   0   4  0.41 0.29
   12 N     0  -3   5  -1  -5   0  -3   5  -1  -5  -5  -2  -4  -5  -2  -1  -1  -5  -5  -4    9   1  27   2   0   4   0  45   1   0   0   1   0   0   1   4   3   0   0   1  0.92 0.42
   13 V    -1  -5  -5  -5  -4  -2  -5  -4  -5   2  -1  -3  -2  -3  -1  -3  -1  -5  -4   6    4   0   0   0   0   2   0   1   0  11   4   2   0   0   3   1   3   0   0  71  1.14 0.52
   14 A     3  -1   0  -2  -3   0  -1   3  -1  -2  -3  -2  -3  -4  -3   1   0  -4  -4   1   28   4   4   1   0   5   3  25   1   1   0   0   0   0   0  10   6   0   0  14  0.39 0.27
   15 A     4  -4  -1  -4  -4  -3  -3  -3  -3  -2  -4  -2  -3   0   4  -1  -1   4   3  -2   41   0   4   0   0   0   0   1   0   2   0   2   0   5  21   3   3   7  10   2  0.73 0.40
   16 G    -2  -5   3  -1  -5  -4  -4   6  -4  -6  -6  -4  -5  -6  -5   1  -3  -6  -6  -6    1   0  15   3   0   0   0  70   0   0   0   0   0   0   0  10   1   0   0   0  1.54 0.59
   17 N     0  -2   1  -1  -4   4   0   3  -3  -3  -3   0  -3  -5  -4   2  -1  -5  -4  -4    7   1   5   2   0  26   5  28   0   2   2   4   0   0   0  15   3   0   0   0  0.57 0.35
   18 S    -2   2   0   0  -4   0   1  -4  -3  -1  -2   2  -3  -4  -4  -1   5  -5  -4   1    1  10   3   4   0   3   8   0   0   4   3  14   0   0   0   1  39   0   0  10  0.51 0.35
   19 C     6  -4  -4  -5   1  -4  -4  -1  -5  -4  -3  -4  -1  -1   1   0  -2   2  -4  -1   69   0   0   0   3   0   0   3   0   0   2   0   1   3   6   7   1   3   0   3  1.05 0.54
   20 S    -1  -3   1  -3  -3  -1  -3  -4  -4   2  -2  -1  -3  -2  -2   2   5  -5  -2   0    3   0   7   0   0   3   0   0   0  11   3   2   0   2   2  16  43   0   1   7  0.61 0.40
   21 I    -2  -4  -3  -5   0  -4  -5  -2  -1   3   4  -4   2   0  -2  -4  -2  -4  -3   2    2   0   2   0   2   0   0   4   2  18  43   0   4   4   2   0   1   0   0  18  0.61 0.32
   22 K    -1   2   3   2  -4   1   0  -2   0  -3  -3   2  -1  -3   0   1   2  -4  -3  -1    3  10  14  10   0   5   4   1   2   1   2  12   1   1   5  12  15   0   0   4  0.27 0.21
   23 L    -4  -5  -6  -6   0  -5  -5  -6  -5   3   5  -5   3   1  -2  -5  -4  -4  -3   1    0   0   0   0   2   0   0   0   0  19  55   0   7   6   2   0   0   0   0   9  1.00 0.45
   24 P    -1  -1  -1   2  -5   1  -1  -3  -1  -3  -5  -1  -3  -6   7  -2  -1  -6  -5  -2    4   3   2  11   0   5   3   2   1   1   0   3   1   0  54   2   3   0   0   4  1.22 0.52
   25 I     0   0   0  -3   1  -1  -1  -1  -3   1   1  -1   0  -2   0   0   2  -4  -1   2    5   5   6   0   4   1   3   4   0   8  11   2   2   0   4   5  18   0   1  21  0.15 0.17
   26 G    -1  -3   2   0  -5  -1  -3   6  -4  -3  -6  -2  -5  -6  -2  -1  -2  -5  -5  -4    3   1   9   6   0   2   1  66   0   2   0   2   0   0   2   3   2   0   0   1  1.21 0.50
   27 Q    -1   2   0   0   0   0  -2   0  -1  -2   0  -1   1  -1   4  -1  -1  -3   0   0    5  14   5   6   2   4   0   7   1   1   9   1   4   3  21   4   1   0   4   7  0.23 0.18
   28 T    -2   3  -1  -4  -1  -3  -4  -5  -4   0  -4   0  -3  -3  -4  -1   6  -5  -4   1    2  17   3   0   1   0   0   0   0   6   0   4   0   1   0   3  54   0   0   9  0.94 0.52
   29 Y    -5  -5  -6  -2  -1  -5  -5  -7   0   0  -1  -5  -1   1  -6  -5  -5   1   9  -1    0   0   0   3   2   0   0   0   1   5   7   0   2   4   0   0   0   1  72   4  2.00 0.76
   30 E    -3  -1   0   2  -5   1   3  -3   8  -5  -4   0  -1  -1  -4  -2  -2   0   0  -3    1   3   4  10   0   7  17   1  37   0   1   5   2   3   0   2   1   2   3   1  0.88 0.44
   31 V     0   2   1   1  -1   1   1   1  -2  -2  -3   1  -1  -1  -3   0   0  -3   0  -2    8  11   6   8   1   7  12  13   0   2   0   8   2   3   0   7   5   0   4   3  0.15 0.13
   32 I    -4  -5  -3  -2  -4  -5  -5  -6  -5   5   3  -5   0   1  -5  -4  -2   2  -3   2    0   0   1   3   0   0   0   0   0  39  32   0   2   5   0   0   2   3   0  14  0.86 0.41
   33 D    -1   0  -1  -2  -3   0   1  -2   3   0   0   0   1   1  -3  -1   0   2   1   0    3   4   2   1   0   5  10   3  11   7   9   7   5   8   0   1   7   3   6   9  0.12 0.14
   34 L    -4  -5  -6  -6  -4  -5  -5  -6  -5   4   4  -5   2   3  -5  -5  -1  -4   0   1    0   0   0   0   0   0   0   0   0  21  50   0   4  14   0   0   3   0   2   7  0.94 0.44
   35 R    -1   2   0   0   0   1   2  -3   2  -1  -2   2  -2  -3  -1  -1   0  -3   0   0    3  13   4   5   3   5  15   1   6   3   3  18   0   0   2   2   4   0   4   8  0.21 0.18
   36 Y    -1  -3  -2  -3   1  -2  -3   0   3   0   1  -2   1   2  -3  -1   0  -1   4   0    2   1   1   1   3   1   1   7   7   5  17   1   4   9   1   5   7   0  21   6  0.28 0.20
   37 S     1  -1   3   0  -4  -2  -3   2  -3  -4  -3   0  -3  -5  -3   2   4  -5  -4  -2   11   2  16   4   0   0   0  13   0   0   2   5   0   0   0  16  29   0   0   2  0.52 0.36
   38 G     1  -2   4   0  -4  -1  -3   4  -3  -2  -2  -3  -4  -5  -1   0  -2  -5  -4  -4   11   2  23   6   0   2   0  37   0   3   5   0   0   0   3   7   1   0   0   0  0.64 0.36
   39 V     1  -3   0  -2  -2  -2  -2  -1  -3   1   2  -1   0  -1  -3  -1   1  -3  -2   3   11   0   5   2   0   0   1   6   0   6  22   3   2   2   0   4  10   0   0  24  0.20 0.19
   40 T     0  -3   1   1  -3  -3  -1  -4  -4  -1  -1  -1  -1  -4   1  -1   5  -5  -4  -1    7   0   8  10   0   0   2   0   0   3   6   4   2   0   6   3  46   0   0   4  0.59 0.39
   41 P     0   0  -1  -2  -3  -1  -1  -1  -2   0   1   1   0   0   3  -1  -1  -3  -1   1   11   5   3   1   0   2   4   3   0   3  15  13   1   6  15   2   3   0   2  11  0.14 0.14
   42 S     4  -2   0   1  -3  -2   1  -1  -3  -3  -4  -1  -1  -4  -1   1   2  -5  -4  -1   41   2   5   9   0   0  10   2   0   0   0   2   2   0   2   8  14   0   0   3  0.46 0.36
   43 Q    -1   0   1   2  -3   3   2  -3   2  -2  -1   0   1  -3  -1  -1   0  -3   0  -1    4   4   7  12   0  16  13   0   5   0   7   6   5   0   2   2   6   0   3   6  0.21 0.20
   44 I    -1  -1  -4  -5  -3  -4  -4  -5  -4   5   2  -4   4   1  -5  -1   0  -4   0   1    4   4   0   0   0   0   0   0   0  40  15   0  13   7   0   4   4   0   4   5  0.62 0.37
   45 K    -2   0   0   0  -3   0   1   0  -2  -1  -1   2  -2  -1   1   0   2  -3   0  -1    0   4   3   6   0   2  11   7   0   3   7  16   0   3   7   3  19   0   5   5  0.13 0.16
   46 N    -1   1   2   1  -3   0   2   0  -1  -2  -2   0   0  -3  -2   1   0   1  -1  -1    4  10  12   6   0   3  18   7   0   0   3   5   3   0   0   9   5   2   3   6  0.17 0.15
   47 V    -3  -6  -6  -3  -4  -5  -6  -6  -6   7   0  -5   0   0  -4  -5  -4  -5  -1   3    2   0   0   2   0   0   0   0   0  60   8   0   2   3   1   0   0   0   2  22  1.30 0.57
   48 R    -1   5  -2  -3  -5   0   1  -4  -2  -3  -4   3  -3  -5  -4   0   2  -5  -4   0    3  35   1   1   0   3  11   0   1   1   1  18   0   0   0   7  13   0   0   6  0.67 0.41
   49 V    -3  -5  -6  -6  -4  -5  -5  -2  -5   3   4  -5   2   0  -5  -5  -3  -5  -3   4    1   0   0   0   0   0   0   4   0  15  38   0   4   3   0   0   0   0   0  35  0.91 0.45
   50 E    -2   1  -1   0  -4  -1   1  -3  -3  -1   0   4   2  -1  -3  -1   1  -1  -1   0    1   7   2   5   0   1   8   0   0   4   9  32   6   2   0   3   8   1   2   9  0.28 0.24
   51 L     1  -4  -5  -5  -3  -3  -5  -4  -5   4   4  -3  -1  -1  -5  -4  -2   0  -2   3   12   0   0   0   0   1   0   1   0  22  36   1   0   2   0   0   1   1   1  22  0.69 0.38
   52 D    -4  -3   8   2  -6  -3  -2   2  -3  -6  -6  -1  -5  -6  -5  -2  -4  -7  -5  -4    0   1  67   9   0   1   2  13   0   0   0   4   0   0   0   1   0   0   0   1  1.66 0.71
   53 G    -1  -2   0  -1  -5  -4  -4   6  -5  -3  -6  -3  -5  -6  -5  -1  -1  -6  -6  -4    4   2   4   3   0   0   0  73   0   2   0   1   0   0   0   5   5   0   0   1  1.46 0.61
   54 R    -2   2  -1   3  -4   0   1  -1  -3  -2  -3   4  -3  -4  -2   0   0  -5  -4   0    1  12   1  16   0   3  10   5   0   1   1  27   0   0   1   6   6   0   0   9  0.40 0.29
   55 L     0  -3  -2   0  -4   0   2  -4  -1   0  -2  -1   0  -4   4  -1   2  -5  -4   2    7   0   1   6   0   3  14   0   2   4   2   2   2   0  20   4  15   0   0  17  0.39 0.29
   56 L    -3   0  -4  -3  -4   1  -4  -5  -1   4   0  -2   1   4  -2  -3  -1  -3  -1   2    1   7   0   1   0   7   0   0   2  34   6   2   3  17   2   1   3   0   1  14  0.50 0.33
   57 S    -3   1  -4  -4  -4   3  -3  -2   0   2  -1  -2   1   2  -3  -2  -2   6   3   1    1   8   0   0   0  14   0   3   3  15   4   1   4   8   1   2   1  12  12  11  0.47 0.31
   58 T    -1   3   1   2  -1   1   3  -2   1  -2  -4   0  -3  -3  -2   1   1  -4  -2  -2    4  17   8  10   1   5  19   3   3   2   0   4   0   1   1  10   9   0   1   2  0.32 0.24
   59 Y    -2  -2  -3  -2   1  -2  -3  -1  -2   2   2  -2   1   2  -3  -2  -2   4   3   2    1   2   0   2   3   2   1   5   0  12  20   2   3   8   1   3   0   7  14  15  0.32 0.21
   60 K     0   0  -1   0   1   0   0  -1  -1   0   0   1   0  -1   1   0   2  -2  -1  -1   10   3   2   7   3   3   3   4   1   5   9  12   3   3   7   6  15   0   2   3  0.06 0.06
   61 T     0  -2  -2   2  -3  -3  -3  -1  -4  -3  -3  -2  -1  -4   1   3   5  -5  -4  -3    6   1   1  11   0   0   0   4   0   1   2   2   2   0   5  28  35   0   0   0  0.66 0.43
   62 L     2  -2  -1  -3  -4  -2  -3   5  -1  -2  -2  -2  -1  -2   0  -1  -1  -4  -4   0   21   2   3   0   0   1   0  42   2   2   4   1   2   2   5   3   3   0   0   7  0.58 0.34
   63 N     2  -1   0   1  -3   1   1  -3  -1  -3  -4   1  -3  -3  -1   1   2   0  -2  -1   24   1   4   8   0   6  11   0   1   0   0  10   0   1   3  11  14   2   1   4  0.30 0.26
   64 D    -1   2  -1   3  -5   3   4  -4   1  -1  -2  -1  -1   0  -4  -3  -2  -4   0  -1    4  11   2  16   0  13  28   0   4   3   4   1   1   4   0   0   1   0   4   5  0.47 0.34
   65 L    -3  -1  -5  -6  -2  -2  -5  -6  -5   3   5  -4   2   0  -5  -4  -2  -4  -1   0    1   3   0   0   1   1   0   0   0  13  62   0   5   4   0   0   3   0   2   3  0.95 0.47
   66 I    -1   1   1   4  -4   0   0  -2   0   0   0   0  -2   1  -3  -1  -2  -4   0   0    6   7   8  26   0   4   5   1   3   6   8   7   0   6   0   1   1   0   3   7  0.22 0.20
   67 L     2  -1  -2   0  -1  -1  -2  -2  -3   1   1   1   5  -3  -4  -1   0  -4  -2   0   18   3   1   6   1   2   2   2   0   7  13  12  20   0   0   3   6   0   1   4  0.28 0.27
   68 E    -2   0  -3  -5  -1  -1  -2  -5  -2   3   4  -1   3   0  -5  -4  -3  -4  -1   0    3   7   1   0   1   2   3   0   1  21  39   4   7   4   0   0   0   0   2   5  0.50 0.32
   69 N    -2  -2   7   2  -6   2   1  -4  -1  -5  -2  -2   0  -5  -5  -1  -2  -6  -1  -5    4   1  50  10   0   9  11   0   1   0   4   1   3   0   0   4   1   0   2   0  1.03 0.55
   70 T     2   1  -1   0  -4   3   0  -2  -3  -2  -2   4  -2  -4  -3   1  -1  -4  -2  -3   18   7   2   5   0  13   5   2   0   2   3  26   1   0   0  10   4   0   1   1  0.36 0.29
   71 R    -2   0  -2  -5  -5  -2  -2  -6   4  -1  -1  -2  -3   4  -6  -3  -2   0   7  -3    4   5   1   0   0   2   3   0   8   3   5   2   0  19   0   1   3   1  42   1  1.11 0.54
   72 H    -2   2   2   1  -4  -1   0  -4   2  -2  -2   3  -1   1  -4  -2  -2  -3   4  -3    1  12  11   9   0   1   4   0   6   2   4  20   1   5   0   1   1   0  19   0  0.45 0.31
   73 K    -2  -2   0   0  -2   0   0   5  -4  -5  -3   3  -4  -5  -4  -2  -4  -5  -5  -5    1   2   4   4   1   4   6  54   0   0   3  18   0   0   0   2   0   0   0   0  0.96 0.48
   74 R    -2   3   0  -2  -3   0  -1  -2   1   2   0   0   0   1  -2  -2  -2  -3   1   0    2  20   5   2   0   3   4   4   5  17  11   6   3   5   1   2   1   0   6   5  0.15 0.17
   75 K     2  -3   1   0  -4  -1   1  -1   2  -3  -3  -1  -3   0   3   1   0   0   2  -2   17   0   9   6   0   2  10   4   5   0   2   1   0   3  14   9   7   1   9   1  0.28 0.24
   76 I     1  -1  -1   0  -3   0  -1  -2  -2   0   0  -1  -1   1   0   0   2   1  -1   2   15   2   2   6   0   6   3   2   1   5  11   1   0   7   3   3  14   2   2  16  0.09 0.14
   77 K     1   0   0   2  -3   1   1  -1   0  -2  -3   1  -2  -4   1   1   1  -4  -2   0   14   3   4  11   0   6  10   4   2   2   1   9   0   0   6   9  12   0   1   7  0.18 0.16
   78 A     3  -3   2   3  -4  -2   0  -1  -3  -2  -3  -2  -3  -2   1   1   2  -5  -4  -1   27   0  12  17   0   0   5   3   0   1   1   1   0   2   7  10  11   0   0   3  0.41 0.32
   79 G     0  -5   2   1  -5  -4  -4   6  -4  -6  -6  -2  -5  -6  -5  -1   0  -6  -6  -3    6   0  10   7   0   0   0  62   0   0   0   2   0   0   0   4   6   0   0   2  1.21 0.56
   80 V    -2   2  -3  -2   0   0  -1  -2   1   2   0  -1  -2   3  -4  -2  -1  -2   4   1    2  13   0   2   2   5   3   2   4  13   9   2   0  14   0   1   4   0  15  10  0.27 0.23
   81 V    -1  -4  -5  -3  -4  -4  -5  -5  -4   3   3  -4  -1   3  -2  -4  -1   1   1   1    4   0   0   2   0   0   0   0   0  22  36   0   0  15   2   0   4   2   5   7  0.63 0.35
   82 S    -1  -2  -2  -1  -1  -1  -1  -2  -4   0  -1  -1  -1   0   4  -1   2  -4   0   3    5   2   1   3   1   2   3   3   0   3   3   2   1   4  23   4  15   0   3  22  0.37 0.28
   83 F    -4  -5  -6  -6  -4  -5  -6  -6  -2   5   3  -5   2   3  -6  -3  -2  -4  -3   1    0   0   0   0   0   0   0   0   1  39  32   0   5  13   0   1   2   0   0   7  0.99 0.48
   84 H    -3  -1   0   3  -3  -3  -2  -5   4  -2  -3  -4  -3   3   4  -2  -3   3   3  -3    2   4   3  20   1   0   1   0  11   2   1   0   1  13  25   2   1   5   9   1  0.74 0.43
   85 F    -4  -6  -6  -6  -5  -6  -6  -6  -1   0   1  -6  -1   8  -6  -5  -3   1  -1  -4    1   0   0   0   0   0   0   0   2   4  12   0   1  74   0   0   2   2   0   0  1.98 0.77
   86 V     3  -2  -2   0  -3  -2  -2  -1  -3  -1  -2  -1  -1  -3  -3   3   2  -4   0   1   23   1   1   6   0   0   1   4   0   2   3   3   1   0   0  22  16   0   4  11  0.32 0.28
   87 R    -2   4   0   3  -4   0   3  -3  -2  -2  -1   1  -3  -3  -3  -1  -2  -3  -1  -3    2  26   3  18   0   3  24   1   0   2   6   5   0   1   1   4   1   0   2   1  0.54 0.31
   88 P    -2   0  -3  -1  -4  -2  -2  -3  -1  -1   0  -1  -3   3   6  -2  -1  -3   0  -1    2   5   1   4   0   1   2   2   2   3   8   3   0  12  41   3   3   0   4   4  0.76 0.36
   89 E    -1  -1   1   2  -3   1   2   0   1  -2  -2   0  -1  -2  -1   0  -1   6   1  -2    3   3   6  11   0   5  13   9   4   2   3   6   2   1   3   7   4  13   5   3  0.29 0.18
   90 M     0   2  -3  -2  -3   1  -1  -2  -1  -1   2  -2   5   1  -3  -1  -2  -2   1  -1   10  14   1   2   0   8   3   2   1   2  20   1  18   6   1   4   1   0   5   2  0.29 0.24
   91 K     0   4   1   0  -3   0   0  -1   1  -2  -1   2  -1  -1  -1   0  -1  -3  -2  -2    8  24   7   6   0   3   6   3   3   1   7  15   1   3   2   6   2   0   1   2  0.24 0.17
   92 G    -1  -1   0   1  -1   0   0   1  -2  -1  -2  -1   1  -2  -2   2   4  -3  -3  -2    4   2   3  10   1   3   6   9   0   3   4   2   3   1   1  14  31   0   1   1  0.31 0.24
   93 V    -1   1  -1  -2  -2   0   0  -1  -2   1   0   1  -1   0   2  -1  -1   0  -1   0    4  10   3   1   0   4   6   4   0  11  11   9   0   5  13   4   3   1   2   8  0.09 0.08
   94 N     1  -1   1   1  -2   1   2   1  -1  -2  -1   0  -1  -1   0   0   1  -3  -2  -1   11   2   7   9   0   7  14  10   1   2   5   5   1   3   3   6   9   0   1   3  0.12 0.09
   95 V     2  -1   0  -1  -3   1  -1   4  -2  -3  -1  -1  -1  -3  -1   0  -1  -3  -2  -1   23   3   3   3   0   6   4  31   0   1   5   3   2   1   2   5   2   0   1   5  0.33 0.21
   96 T     0   2  -1  -1  -3   2   2  -2  -2   0  -2   2   0  -2   0  -1   1  -3  -2   0    7  12   2   3   0  12  14   1   0   5   2  11   2   1   3   3  10   0   0   9  0.19 0.16
   97 D     0  -1   2   3  -3   1   1  -2  -1  -3  -2  -1  -2  -1  -1   1   2  -3  -1  -2    9   3  11  20   0   6  10   1   1   1   4   1   0   3   2   8  15   0   2   2  0.27 0.20
   98 L     0  -1  -2  -2  -1   1  -1  -2  -1   1   2  -1   1  -1   0  -1   0  -2   0   1    9   3   1   1   1  10   3   1   2   9  26   4   4   1   4   4   5   0   3   7  0.11 0.11
   99 V     0  -1   1   0  -1   1   0   0  -1   0   0  -1   0  -2  -2   0   2  -3  -2   0    8   1   7   4   1   7   6   8   1   6   7   2   3   1   1   6  20   0   1   9  0.10 0.11
  100 Q     1  -1   0   0  -2   2   2   3  -1  -2  -2  -1  -1  -2  -2   0   0  -2   0  -1   11   2   3   4   0   9  18  22   1   1   4   1   2   1   1   6   5   0   4   4  0.22 0.15
  101 Q     0   1  -1  -1  -2   3   2   0  -1   0  -1  -1   2  -2  -2   0  -1   1  -1  -1    6   7   2   1   0  17  14   9   1   7   6   2   7   1   1   6   3   2   2   4  0.14 0.14
  102 R    -1   2   0   2  -2   0   0  -2  -1   0   0  -1   1  -2  -1   0   1   0  -1   0    1  16   3  16   0   4   5   3   1   4   9   2   4   1   2   6  10   1   2   9  0.12 0.12
  103 M     1   0  -1  -2  -1  -1  -2  -1  -2   0   1  -1   2   1   0   0   0  -2   1   1   18   5   3   2   1   1   1   3   0   5  13   3   7   6   4   7   6   0   5  10  0.07 0.10
  104 F     0  -2  -2  -2  -3  -3  -3   1  -1  -2   1  -3  -2   3  -1   1   4   0   1  -2    6   2   0   1   0   0   1   9   1   1  14   1   0  17   3   9  27   1   4   2  0.32 0.27
  105 A     5  -2   0  -2   0  -2  -1   3  -4  -4  -4  -3  -4  -5  -1   0  -3  -5  -4  -1   48   1   5   2   2   2   3  23   0   0   0   0   0   0   3   6   0   0   0   4  0.71 0.43
  106 L    -3  -4  -2  -3  -4  -2  -4  -4  -4   1   4  -2   0   0  -3  -4   0   7   0   0    1   0   2   2   0   2   1   1   0   8  45   2   1   3   1   1   6  18   3   4  0.81 0.41
  107 G    -1  -1   0   1  -1  -1  -1   4  -1  -3  -3  -1  -3  -4   1  -1  -1  -4  -3   1    4   2   5   8   1   2   4  38   1   1   1   4   0   0   7   4   2   0   0  16  0.43 0.27
  108 T    -1  -3  -1  -3   0  -2   0  -1  -4  -2  -1  -3   3  -4  -1   0   6  -4  -2  -2    3   0   2   0   2   1   6   6   0   1   6   0  10   0   2   4  51   0   1   2  0.73 0.47
  109 V     2  -1  -1  -1  -2  -1   0   2  -2   0   0   0   0  -1  -2   0   0  -3   0   1   19   2   2   2   0   2   7  15   0   4   8   5   3   3   0   7   5   0   4  11  0.09 0.11
  110 G    -1  -2   3   3  -4  -1   0   3  -1  -3  -1  -2  -3  -4   0  -1  -2   0  -4  -2    5   2  13  21   0   2   4  28   1   1   7   1   0   0   4   4   1   1   0   3  0.43 0.27
  111 L    -1  -2  -1  -2  -3   0  -2   0  -3   3   1  -2   1   0  -1  -2   0  -3  -1   2    4   2   3   2   0   4   2   9   0  18  14   1   5   4   3   1   7   0   2  18  0.14 0.16
  112 T    -1   1   1   3  -4   3   1  -2  -2  -1  -3   0  -2  -4  -1   1   1  -5  -4  -1    3   7   5  21   0  17   7   2   0   3   1   3   1   0   2  10  11   0   0   6  0.35 0.28
  113 T    -1  -2   3   2  -4   1  -2  -2   1  -4  -4  -1  -4  -3  -4   3   4  -5  -2  -3    2   1  13  11   0   6   1   1   3   0   1   2   0   1   0  28  26   0   1   1  0.61 0.43
  114 C     0  -5  -5  -4   1  -4  -5  -5  -2   2   3  -5   0   5  -3  -4  -3   1   0   1    9   0   0   1   3   0   0   0   1  12  30   0   2  28   1   0   0   2   2   8  0.67 0.38
  115 E    -1  -1   0  -1  -3   3   1  -3  -3   0  -1   0  -1  -4  -3   1   4  -4  -1   0    3   3   5   3   0  16   7   1   0   5   6   6   1   0   0   8  28   0   2   8  0.32 0.30
  116 I    -3  -5  -6  -6  -1  -5  -4  -6  -5   4   4  -5   0   1  -5  -5  -3  -1  -2   3    1   0   0   0   1   0   1   0   0  27  44   0   2   4   0   0   0   1   1  17  0.93 0.46
  117 K    -4   0  -2   0  -6   3   6  -5   0  -5  -3   2  -4  -4  -4  -2  -3  -5  -1  -2    0   5   1   4   0  14  52   0   2   0   2  12   0   1   0   2   1   0   2   3  1.02 0.57
  118 F    -2  -5  -3  -6  -4  -3  -5  -4  -5   4   1  -5   1   3  -5  -4  -3  -4  -2   5    1   0   1   0   0   1   0   1   0  20  14   0   2  13   0   0   0   0   1  44  0.92 0.48
  119 D    -1   0   1   4  -4   1   2  -2  -2  -4  -4   3  -3  -2  -2  -1   2  -5  -1  -3    3   4   6  27   0   5  13   3   0   0   0  19   0   2   1   2  13   0   3   1  0.48 0.32
  120 I    -1  -2  -2  -2   0  -4  -5  -4  -5   6   2  -4   2   2  -5  -4  -2  -4  -3   2    4   2   2   2   2   0   0   1   0  50  14   0   4   7   0   0   2   0   0   9  0.73 0.40
  121 D     2  -1  -1   4  -3  -2  -1   1   0  -3  -2   2  -3  -4  -2   0  -1  -4  -1  -1   25   2   2  24   0   0   0  12   2   0   3  17   0   0   2   4   2   0   2   4  0.37 0.28
  122 E     3  -3   0   0  -3   0   1   2  -1  -2  -4  -1  -3  -4   1   1   0  -4  -4  -2   35   0   4   4   0   4   8  16   2   2   0   3   0   0   6  10   6   0   0   1  0.38 0.28
  123 A     2  -3  -1   1  -3  -1  -2   4  -3  -1  -2  -1  -3  -4  -3   1   2  -4  -4  -1   17   0   2   8   0   3   1  32   0   4   5   3   0   0   0  10  12   0   0   3  0.40 0.28
  124 A     4  -1   0  -3  -3  -1  -3   1  -3   0  -2  -2  -2  -4   0   0   1  -4  -3   1   39   4   4   0   0   2   0   9   0   4   3   1   0   0   5   4  10   0   0  13  0.35 0.29
  125 A     1  -1  -1   0  -3  -1  -1  -1  -1  -2  -1  -1   0  -2   2   1   3  -4  -3   1   10   2   3   4   0   3   4   5   2   0   4   2   2   2  10   8  26   0   0  15  0.22 0.22
  126 G     3  -3   1  -1  -3  -1  -1   1   0  -2  -2  -2  -2  -1   1   1   1  -4  -3  -1   32   0   9   3   0   1   2   8   2   2   3   0   0   3   8  12   9   0   0   5  0.28 0.24
  127 P     0  -4  -2  -1  -4  -1  -2  -2  -4  -1  -1  -3  -4  -5   7   0  -1  -5  -2  -1    9   0   1   4   0   2   2   3   0   3   5   0   0   0  52   8   3   0   2   5  1.08 0.49
  128 K     0   0   0   0  -3   0   0  -1  -3   0  -1   0  -1  -3  -2   1   4  -4  -1   1    6   4   3   4   0   4   7   4   0   4   4   7   2   0   1   8  30   0   2  11  0.24 0.23
  129 L    -2  -5  -6  -6  -4  -5  -6  -2  -6   4   5  -5   2   0  -2  -5  -4  -5  -4   1    2   0   0   0   0   0   0   3   0  26  50   0   4   3   2   0   0   0   0   8  0.97 0.47
  130 S    -1   1   0   2  -4   1   1  -1  -2  -2  -2   1  -1  -4  -3   1   2  -4  -2   0    4   8   3  13   0   5  11   3   0   1   3  10   2   0   0  12  14   0   1   7  0.22 0.20
  131 A     3  -4  -3  -4   3  -3  -3   1  -4   1   0  -3   1  -3   0  -1   1  -4  -4   1   34   0   0   0   6   0   0   9   0   8  10   0   4   0   4   3   9   0   0  10  0.39 0.29
  132 I    -2   1  -1  -2  -1  -1  -1  -4   3   0  -2  -1   0   1   0  -1   0   6   4   0    2   8   2   2   1   2   3   0   7   5   2   4   2   6   5   6   7  13  16   6  0.38 0.25
  133 A     5  -2  -3  -2   0   0  -2   2  -1  -3  -4  -1  -1  -4  -1   1  -1  -4  -2   0   47   2   0   2   2   4   2  13   2   0   0   2   2   0   3   8   2   0   2   7  0.53 0.36
  134 Q    -1   0  -2   0  -4   2   3  -4  -1   0   0  -1  -1   1  -2  -1  -1   0   2   1    5   6   1   4   0   9  20   0   1   6  10   2   1   5   2   3   3   1   9  11  0.18 0.20
  135 K    -1   1   0  -1  -2   3  -1  -4  -1   0  -1   1  -1  -2  -3  -1   1   0   1   2    5   7   3   3   1  16   3   0   1   5   5  10   1   1   1   2  12   1   5  19  0.22 0.25
  136 S     0   0   0   1  -4   0  -1   1  -1  -2  -1  -1  -3   0  -1   3   1  -4   1  -2    5   5   4  10   0   4   2  11   1   2   6   3   0   4   2  28   7   0   4   2  0.22 0.25
  137 V     1   0   1   3  -4   0   0  -1  -3  -2  -2  -2   0  -2   4  -1  -2   1  -4   0   13   4   8  16   0   4   5   4   0   2   4   1   2   2  18   4   1   2   0   9  0.30 0.27
  138 G     3  -1   2  -2  -5  -1  -1   3  -1  -5  -4  -2  -1  -5   4   0  -2  -6  -5  -3   22   3  10   2   0   3   3  22   2   0   1   1   1   0  21   6   2   0   0   2  0.60 0.41
  139 T     1   2   1   1  -4   3  -1   1  -3  -3  -3   1  -3  -5   0   0   1  -5  -2  -2   13  10   7   7   0  15   2  11   0   1   1   8   0   0   3   8  11   0   1   2  0.28 0.27
  140 A     2   0   1  -2  -4  -1  -3   0  -4  -3  -1   1   1   0   4  -1  -1  -5  -4   0   18   5   6   2   0   2   0   8   0   1   5   9   4   4  24   4   3   0   0   6  0.38 0.30
  141 P    -1  -2   2  -1  -4   1   0   2  -3  -1   0  -2   0   0   3  -1  -1  -4  -3  -1    5   2  12   3   0   6   6  19   0   3  10   1   2   4  16   4   4   0   0   4  0.25 0.23
  142 S     0   3  -1  -3  -4  -1  -1   3  -1  -2  -1  -1   0  -1   2  -1  -1   0  -2  -1    7  21   2   1   0   2   3  25   1   1   8   2   2   3   9   3   4   1   1   3  0.30 0.26
  143 W    -2  -1   0  -3  -3   1  -2  -2   2   3   1  -2   0   2  -1  -2  -2   2   1   1    3   3   6   0   0   7   2   2   5  19  12   2   3  10   3   1   2   3   5  12  0.20 0.20
  144 L    -1   1  -4  -4   0  -3  -4  -3  -1   4   2  -1   1   1   0  -2  -2  -4  -1   2    3   9   0   0   2   0   0   2   1  28  17   4   4   7   6   3   2   0   1  11  0.36 0.27
  145 T    -1   2  -1  -3  -2   0  -1  -2   1   0   0   2   2   0  -1  -1   1   1  -1   0    4  14   3   0   1   3   4   3   4   5   6  15   6   5   3   2  10   2   1   8  0.13 0.16
  146 M    -3   2  -3  -4  -4  -2  -2  -5   1   4   0   3   2   1  -1  -3  -1   1   0   1    1  11   1   0   0   1   1   0   3  24   7  18   6   5   4   0   4   2   2   8  0.36 0.30
  147 R    -2   3  -2  -2  -3   0   0  -3   2   2   0   0  -1  -1   0  -2   1   0   0   1    2  17   1   1   0   3   8   2   5  14   9   6   1   2   4   2   8   1   4  12  0.15 0.18
  148 R    -2   5  -2  -2  -5   1  -1  -5  -2  -2  -2   3  -2  -2  -2  -1   0   0  -1  -1    3  39   2   2   0   6   3   0   1   2   3  18   1   2   1   4   5   2   2   4  0.66 0.43
  149 N    -1   1   0   0  -4   2   0  -3   2  -1  -1   0  -2   1   0   0   0   1   3  -1    3   7   5   4   0  11   7   0   6   3   7   6   0   6   4   8   7   1  13   3  0.18 0.19
  150 F    -1  -2   1  -3  -4   1  -1  -2   2  -1  -1  -2  -1   3   2   0   2  -3   2   0    3   1   9   0   0   8   3   3   5   3   7   1   1  12  10   6  13   0   8   8  0.20 0.22
  151 F    -1   0  -2  -2  -3   1  -1  -2   2   2  -1  -2   1   1   0  -1   0  -3   3   1    5   7   1   1   0   9   3   3   6  16   5   0   4   7   4   3   6   0  11   9  0.18 0.21
  152 K    -1  -1   2   0  -3   1  -1  -1  -1  -1  -2   0  -1  -2   2   1   3  -4  -1  -1    4   3  10   6   0   8   4   4   1   4   3   4   2   1   9  11  19   0   3   4  0.19 0.20
  153 Q     3  -2   1  -3  -3   0  -2  -2   0   1  -3  -3   0   0   2   1   1  -4  -1   1   28   2   7   0   0   4   1   2   2   9   1   0   2   4   9   8  10   0   2   8  0.27 0.28
  154 L     2  -3  -1  -2  -1   0  -2   2  -2   0  -1  -3  -2  -1   2   1   0  -4   0  -1   23   0   3   2   1   4   2  15   1   6   7   0   0   3  11  10   6   0   3   4  0.22 0.22
  155 N     3  -3   2  -4  -4  -1  -2   2  -4  -3  -3  -2  -1  -5  -2   1   0  -5  -4   3   29   1   9   0   0   2   2  13   0   0   1   1   1   0   2  12   6   0   0  20  0.46 0.38
  156 N     4  -4  -1  -1  -4  -1  -2   1  -4   0  -4  -3  -4  -1  -3   2   3  -5  -4  -2   33   0   3   3   0   3   2   9   0   5   0   1   0   3   1  18  19   0   0   1  0.56 0.44
  157 G    -1  -6  -5  -3  -6  -6  -6   7  -6  -7  -4  -6  -3  -7  -2  -3   0  -7  -7  -7    5   0   0   1   0   0   0  81   0   0   2   0   1   0   3   1   6   0   0   0  1.94 0.86
  158 T     0   0   0   1  -3   1   2  -2  -2   0  -2   0  -2  -2   0   0   1  -2  -1   1    9   4   3   7   0   5  19   3   0   6   3   7   0   1   3   5  11   1   2  11  0.14 0.17
  159 T    -1  -2   4  -1  -4   0  -2  -2   2  -1  -1  -1  -1   3  -2  -1   1   1   1   0    6   2  23   3   0   4   1   3   6   2   5   3   1  14   2   3   8   2   4   7  0.29 0.27
  160 E    -1  -1   1   3  -5   1   4  -2  -1  -3  -4  -1  -1  -3   1  -1   2  -5  -4  -1    4   2   7  17   0   5  28   2   1   1   0   3   2   1   6   4  12   0   0   4  0.45 0.33
  161 I    -3  -4  -2  -3  -4  -1  -1  -4  -2   4   0  -3  -2   4  -2  -3   0  -1   2   2    0   0   2   1   0   2   4   1   1  28   8   1   0  17   2   1   5   1   7  17  0.47 0.32
  162 A     0  -2   2   3  -4   1  -1  -3   2  -1  -2  -1  -1  -3   0   1   2   5  -1  -1    7   2  10  19   0   5   2   0   4   4   2   2   1   0   4  11  13   8   2   3  0.33 0.28
  163 D    -2  -3   4   4  -4  -1  -1  -3  -3  -2  -3   0  -1   1  -4   1   2   2  -1  -4    2   0  20  25   0   3   2   1   0   2   2   6   2   7   0   9  14   3   2   0  0.51 0.36
  164 L    -2  -4  -2  -5  -4  -3  -5  -5  -5   4   4  -2   2   3  -5  -3   0   0  -3   0    3   0   2   0   0   1   0   0   0  22  40   3   4  12   0   1   5   1   0   5  0.67 0.39
  165 P    -2  -1   0  -2  -5  -1  -1  -3  -4  -2  -3  -1  -5  -3   7  -3   0  -6  -3  -2    2   4   4   2   0   3   5   2   0   2   2   3   0   1  59   1   5   0   1   3  1.36 0.63
  166 R    -1   3   1  -1  -3  -1  -1  -2  -1  -1  -1   2   0   1  -1   0   0  -1   0  -2    4  23   8   3   0   2   2   2   1   3   8  15   2   7   3   7   6   1   3   2  0.22 0.20
  167 P     0   0   1   1  -3  -1   1   4  -3  -2  -4  -2  -3  -2   2   0   0  -4  -2  -2    5   6   6   7   0   1   9  32   0   2   1   1   0   1  10   7   7   0   1   2  0.38 0.25
  168 V     1   0   2   1  -3  -1  -2  -1  -2  -1   0   0   0  -1   3   0   0  -3  -2   0   14   4  11  10   0   1   1   5   0   2   9   7   3   3  14   4   5   0   0   5  0.17 0.15
  169 G     0   0   2  -1  -4   0  -2   4  -1  -2  -2  -1  -3  -4  -2   1  -1  -4  -1  -4    8   5  11   3   0   4   2  38   1   2   5   2   0   0   2   9   3   0   3   0  0.46 0.30
  170 Y     1   2   0   0  -3   1  -1   0   0  -2  -2   0  -2  -1   2   1   0  -3   0  -2   10  11   5   5   0   9   3   9   2   2   4   4   0   2  11  10   6   0   5   2  0.15 0.14
  171 R     1   2   1  -2  -3   1  -1  -2   0   0   0  -1  -1   1  -2   1   0   0   1  -1   11  14   7   2   0   8   1   2   2   6  12   1   1   6   1  11   5   1   5   4  0.09 0.14
  172 I    -4  -5  -6  -6   0  -5  -6  -6  -5   6   3  -5   3   0  -6  -5  -4  -5   1   2    0   0   0   0   2   0   0   0   0  49  22   0   7   3   0   0   0   0   4  12  1.17 0.56
  173 A     0   4   1  -3   0   2  -1  -3   1  -3   0   3   1  -4  -4  -1   0  -4  -1  -1    8  22   6   0   2   8   2   1   4   0  10  19   3   0   0   3   6   0   3   4  0.33 0.29
  174 A     3   6  -4  -3  -5   1  -3   1  -4  -5  -4   0  -4  -6  -5  -1  -2  -6  -5  -3   25  47   0   1   0   5   0   9   0   0   1   4   0   0   0   4   2   0   0   2  1.05 0.60
  175 I     0  -5  -3  -4  -1  -2  -5  -5  -5   4   3  -5   5   1  -5  -3  -3   1  -1   1    7   0   1   1   1   2   0   0   0  27  25   0  14   7   0   2   0   2   1  10  0.68 0.40
  176 H    -4  -3  -4  -2  -1  -4  -1  -2   9  -1  -3  -5  -1   3  -6  -5  -4   3   3  -3    1   1   0   3   1   0   4   3  51   3   2   0   2  13   0   0   1   4   9   2  1.61 0.74
  177 I    -2  -5  -5  -5   0  -4  -3  -5  -1   3   2  -3   4   6  -5  -3  -3  -3  -1   0    3   0   0   0   2   0   2   0   2  20  19   2  10  33   0   1   1   0   1   4  0.85 0.45
  178 K    -1  -1   0   1  -4   0   0  -3   1  -1  -2   3   0   4  -4   0   0   0   0  -1    4   1   3   7   0   3   5   2   4   4   3  21   2  22   0   6   7   1   2   3  0.28 0.26
  179 A     2  -2   0   0  -1  -1  -1   1   2  -2  -3   0  -1  -4  -2   3   2  -4  -1  -2   16   0   5   4   1   2   3   9   5   2   1   7   1   0   1  23  14   0   2   3  0.27 0.26
  180 A     2  -2   2   3  -4  -3  -2   3  -4  -5  -4  -3  -4  -5  -1   1   0  -5  -5  -3   22   2  10  18   0   0   2  25   0   0   1   0   0   0   3  10   6   0   0   2  0.56 0.39
  181 G     0  -2   4   4  -1   0  -1   0  -1  -3  -3   1  -4  -5  -3   1   1  -5  -3  -3    8   1  19  24   1   4   2   6   1   1   3  10   0   0   1   9   7   0   1   1  0.44 0.32
  182 V    -3  -6  -6  -7  -2  -6  -6  -7  -6   7   0  -6   2  -1  -6  -5  -2  -6  -1   4    2   0   0   0   1   0   0   0   0  57   6   0   5   2   0   0   2   0   2  23  1.37 0.62
  183 D    -1  -1   2   3  -4   1   1   0  -3  -3  -4   1  -4  -5  -3   2   3  -5  -4  -2    3   2   8  15   0   6   9   6   0   1   1   8   0   0   0  18  21   0   0   2  0.43 0.33
  184 A     0   2   1   2  -4   0   1   0   2  -4  -4   3  -4  -4  -1   1  -1  -5  -1  -3    6  11   7  11   0   3   8   9   5   0   0  21   0   0   2  11   2   0   2   2  0.35 0.26
  185 V     0  -5  -5  -6  -1  -5  -5  -4  -5   3   3  -5   1   0  -5  -3  -2  -5  -4   4    8   0   0   0   1   0   0   1   0  19  27   0   2   3   0   1   2   0   0  36  0.81 0.44
  186 E    -2   2  -3   0  -6   0   5  -5  -3  -2  -3   3  -4  -5  -4  -2   1   1  -5  -2    2  12   0   3   0   3  42   0   0   3   3  16   0   0   0   2   9   2   0   2  0.76 0.48
  187 F    -1  -5  -6  -6  -1  -5  -5  -6  -6   5   2  -5   0  -1  -3  -4  -3  -5  -2   5    6   0   0   0   1   0   0   0   0  31  18   0   2   2   1   1   1   0   1  36  0.95 0.48
  188 Q    -3   2  -3  -2  -5   1   3  -3   1  -3  -1   4  -1  -3  -4  -2  -1   2   0  -1    0  11   0   1   0   6  21   1   3   1   7  33   1   1   0   2   3   3   3   4  0.57 0.40
  189 I     0   5  -3  -4  -5   0  -3  -5  -3   0   0   2   1  -2  -4  -2  -1  -1  -2   1    8  39   1   0   0   3   0   0   0   5   9  11   3   1   0   2   3   1   1  13  0.60 0.40
  190 D    -3  -5   5   7  -7  -4  -1   0  -4  -7  -7  -2  -3  -7  -5  -3  -2  -7  -6  -6    1   0  30  54   0   0   3   6   0   0   0   2   1   0   0   0   2   0   0   0  1.63 0.74
  191 G    -1  -1   2   2  -5   2   0   5  -2  -5  -5  -1  -2  -2  -4   0  -1  -5  -1  -5    4   3  11  10   0  11   4  40   1   0   0   3   1   2   0   5   3   0   2   0  0.65 0.39
  192 T     0   1   0  -1  -3   0   0  -2  -1   1   0   0  -1   0  -3   0   1  -3   2   1    6   8   6   2   0   4   5   1   1   7   9   5   1   4   0   5  12   0   8  16  0.09 0.13
  193 K    -1   0   0   0  -4   0   2  -4  -3   1  -2   2  -2  -4  -1  -2   2  -4  -2   2    5   4   3   5   0   4  15   0   0  11   2  12   0   0   2   1  18   0   1  16  0.26 0.26
  194 W     0  -1  -3  -4  -3  -2   1  -5  -4   4   1  -2   2  -1  -4  -3  -1   1  -1   3    9   4   1   0   0   1  10   0   0  28  13   2   5   2   0   0   3   2   2  20  0.42 0.31
  195 R    -3   0  -4  -5  -2  -2  -2  -2   3   1  -1  -3  -2   5  -5  -2  -2   5   4   0    1   6   0   0   1   1   2   3   8   9   6   1   0  27   0   2   3   8  14   8  0.64 0.37
  196 D    -2  -1   2   4  -6   0   5  -3  -3  -6  -6   1  -5  -6  -3  -2  -3  -6  -5  -6    2   3   9  26   0   3  42   1   0   0   0   9   0   0   1   2   1   0   0   0  1.06 0.56
  197 L     1  -1   0   0   0   0   0   0  -1  -1   0   0   1   1   0   0   0  -2  -1  -1   19   3   3   4   2   4   6   6   1   3   7   6   6   7   3   6   7   0   1   4  0.04 0.07
  198 L    -1   1  -1   1  -2  -1  -1  -1  -1   1   1  -1   0  -2  -1   1   1  -2  -1   1    3   9   2   8   0   2   2   5   2   9  18   1   2   1   3  10  12   0   2   9  0.07 0.10
  199 K     0   1   0   1  -2  -1   0  -2  -1  -2  -2   1  -3  -3   2   1   3  -4  -1  -2    7   8   5  10   1   1   5   2   2   2   3  10   0   1  10  10  21   0   2   1  0.25 0.22
  200 K     2   3   0   1  -2   1   0  -2  -1  -2  -2   3  -3  -4  -3  -1   0  -5  -4  -1   16  15   3   8   1   6   6   1   1   1   4  24   0   0   1   2   4   0   0   5  0.34 0.28
  201 A     2  -1  -2   2  -3  -1   0   0   0   0  -1  -2  -2  -1  -3   0   1  -2  -2   1   25   4   0  13   0   2   6   6   3   5   5   0   0   2   0   5   8   1   1  13  0.18 0.21
  202 D    -1   0   0   2  -3   2   1  -2  -2   2   2  -2  -1  -2  -3  -2  -1  -1  -1   0    5   4   4  13   0  10  10   2   1  13  22   1   1   1   0   1   2   1   3   7  0.18 0.20
  203 N     1  -1   5   0  -4   1  -1  -1   1   0   0  -1   0  -4  -2  -2  -2  -5  -1  -2   14   3  35   5   0   6   4   3   4   6   9   2   3   0   1   1   1   0   2   2  0.43 0.34
  204 D     0   2   3   3  -4   1   2  -3   1  -4  -3   0  -3  -1  -3   0  -1  -4  -2  -2    9  10  14  19   0   6  17   0   3   0   3   5   0   3   0   5   3   0   1   2  0.39 0.27
  205 Y     0   0  -3  -1  -4  -1   0  -2   1  -1   0  -1   2   4  -4  -2  -3   0   4  -2   11   6   0   4   0   3   6   2   3   2   7   4   6  22   0   1   1   1  18   2  0.40 0.30
  206 I    -1   0  -1   0  -3   0  -2  -3  -1   3   2  -2   2   0  -3  -2  -1   0   0   1    4   5   3   6   0   5   2   1   1  21  25   1   5   4   1   2   2   1   4   6  0.20 0.19
  207 L     0  -2  -1  -3   1   5   0  -4   0  -3   3   0   0  -3  -4  -2  -1  -4   0  -1    8   1   3   0   3  30   5   0   2   0  27   6   1   0   0   2   3   0   3   4  0.49 0.39
  208 E     1   1   0   1  -4   1   1  -1   0  -2  -4   3  -3  -3  -1   0   1  -1  -3  -2   12   9   4   7   0   6   8   4   2   3   0  22   0   1   2   6  11   1   0   3  0.25 0.22
  209 Q     0   3   0   2  -2   1   2  -2   0  -2  -2  -1   0  -2  -3  -1   0   0  -1  -1    8  22   4  14   1   8  13   2   2   2   2   1   3   1   0   3   5   1   2   6  0.28 0.25
  210 Y     1   0   2  -1  -2  -1  -3   1   2  -2  -3  -2  -3   1  -3   0  -1   0   4  -2   14   7  13   3   1   3   0  13   6   2   2   1   0   5   1   7   2   1  18   2  0.31 0.28
  211 G    -1   1   0   1  -5   0   0   5  -1  -5  -5   1  -4  -5  -3  -2  -2  -5  -5  -1    3   8   4   7   0   3   7  47   1   0   0   9   0   0   1   1   2   0   0   6  0.72 0.41
  212 K    -3   5  -3  -1  -3  -2  -3  -2  -3  -2   0   3   1   0  -5  -3  -1  -1  -1  -1    1  41   0   4   1   1   0   3   0   2  11  16   4   5   0   0   4   1   2   5  0.66 0.43
  213 A     1  -3   2   0  -3  -2   0  -3  -3  -1  -3  -1  -1  -1  -2   0   3  -4  -2   3   12   0   9   5   0   1   5   1   0   2   0   4   2   3   2   7  18   0   1  28  0.30 0.29
  214 V     1  -5  -5  -5  -5   0  -4  -5  -2  -2  -2  -4  -2  -5   7  -2  -4   3  -2   0   11   0   0   0   0   4   0   0   1   3   5   0   1   0  60   3   0   4   1   6  1.55 0.70
  215 L    -3  -3  -2  -2  -6   8  -2  -5  -4   0  -1  -3  -4  -6   0  -2  -1  -6  -3   1    2   0   1   2   0  64   0   0   0   5   6   0   0   0   5   3   3   0   1   9  1.39 0.76
  216 D     4  -4  -1   2  -4  -2  -2  -2  -4  -4  -5  -2  -4  -3   1   3   2  -5  -5  -2   38   0   2  14   0   1   2   1   0   0   0   1   0   1   6  20  13   0   0   2  0.67 0.46
  217 N    -1  -3   3   2  -5  -2  -2   6  -4  -6  -6  -2  -5  -1  -5  -1  -4  -5  -5  -5    5   1  12  13   0   2   2  57   0   0   0   3   0   3   0   3   0   0   0   0  1.13 0.54
  218 T    -2  -2  -2  -3   0  -2  -3  -4   1   0   0  -1   2   1  -4  -1   0   6   5   2    2   2   2   1   2   2   1   0   4   3   9   4   6   5   0   4   5  11  22  16  0.53 0.33
  219 Y    -3  -3  -4  -4   1  -2  -3  -5   0  -2   0  -4  -1   6  -5  -2   2   2   5  -2    2   1   0   1   3   2   1   0   2   2  10   0   1  32   0   2  13   3  22   3  0.87 0.46
  220 T    -1  -4  -2  -3   1  -3  -4  -5   7   0  -1  -4  -2  -3  -3   1   2  -5  -1   3    6   0   1   1   3   0   0   0  29   5   6   0   1   1   1  10  14   0   1  22  0.74 0.46
  221 I    -2  -5  -5  -3  -4  -4  -5  -5  -4   3   2  -5   1   4  -5  -4  -2  -3   2   3    3   0   0   1   0   0   0   0   0  19  22   0   4  19   0   0   2   0   7  22  0.71 0.38
  222 D    -3  -1  -1   7  -2  -2  -2  -5  -4  -4  -3  -4  -5  -6  -1   0  -4  -7  -6  -1    1   4   2  71   1   1   0   0   0   1   2   0   0   0   3   6   0   0   0   6  1.58 0.71
  223 F    -2  -4  -4  -5  -5  -5  -5  -4  -2  -4  -2  -4   0   7   4  -4  -2   4   1  -3    3   1   1   0   0   0   0   2   1   0   2   1   2  50  23   0   2   6   3   1  1.43 0.63
  224 M     0  -2  -3   2   0  -3  -2  -3  -3   3   1  -2   1  -1  -2  -1   2  -4  -3   2    7   2   0  13   2   0   0   1   0  19  14   2   4   1   2   3  15   0   0  14  0.25 0.22
  225 L     0   1  -2  -1  -2   1   0  -1  -1   0   1  -1   2  -1   1  -1  -1  -3   0   1   10   9   0   2   0   9   7   4   1   5  14   2   7   1   6   3   3   0   4  11  0.08 0.12
  226 E    -1   1  -1   3  -2  -1   2  -3   1  -2  -1   0  -1  -1  -1   1   1  -4   0  -3    3  10   2  21   1   2  15   1   3   1   7   4   1   3   3   9  10   0   4   0  0.25 0.22
  227 G    -2   0   4  -1  -5  -2  -1   6   1  -6  -6  -4  -5  -1  -5  -2  -2  -5  -5  -5    1   4  18   3   0   1   3  57   3   0   0   0   0   3   0   1   3   0   0   0  1.15 0.54
  228 D    -2   2   3   3  -4  -1  -1  -1  -1  -3  -2  -2  -2   4  -2  -1  -2  -1   1  -2    2  12  14  21   0   2   3   4   1   1   4   0   1  20   2   4   2   1   5   2  0.40 0.30
  229 V     0   1  -1  -3  -3   1  -1   1  -1   1   1  -2   2  -1   1  -1  -1  -3   1   1   10   9   3   0   0   9   2  10   1  11  12   0   6   2   7   3   1   0   5   8  0.10 0.15
  230 Y     0   0   0  -1  -3  -1   0   1  -2   0   0   1   0  -1  -1   2   0  -1   1  -2    8   6   4   3   0   2   4  10   0   7  11   9   2   3   2  18   4   1   5   0  0.07 0.13
  231 Q     0  -3   2   4  -5   2   1   3   0  -5  -3   0  -1  -5  -4  -1  -1  -5  -4  -4    7   0  12  22   0  11   8  20   3   0   2   5   2   0   0   4   4   0   0   0  0.50 0.33
  232 S     3   0   0   3  -3   0   0   0  -1  -2  -2  -2   2  -2  -2   0  -1   0  -2  -1   26   5   4  17   0   3   6   7   1   1   2   0   7   2   1   7   3   1   1   3  0.24 0.24
  233 V     0   0  -4  -2  -3  -1  -3  -4  -4   2   3  -3   3   1  -1  -2  -1   1  -1   1    9   5   0   2   0   2   0   1   0  12  29   1  10   5   2   3   3   2   2  11  0.31 0.25
  234 L    -1   0  -1   1  -3  -2  -1  -2  -3   0   1   0   1   3   1   0  -1  -3  -1   1    5   4   3   9   0   1   3   1   0   4  17   6   4  14   8   7   3   0   1   9  0.11 0.14
  235 L    -1  -3   1   0  -2   1  -1  -3  -2  -1   2  -1   2  -2   3   0   2   1  -3  -1    3   0   8   5   1   7   3   0   1   2  20   3   7   1  14   5  15   2   0   4  0.24 0.23
  236 D     0  -1   0   2  -3  -1  -2  -1  -3  -1  -1  -1   0  -4  -1   0   5  -4  -2  -1    7   3   3  11   0   3   1   5   0   3   7   2   3   0   3   5  40   0   1   3  0.44 0.33
  237 Q     2   2  -1  -1  -3   2  -1   1  -1  -2  -1   0   1  -1   0   0  -1  -3   1  -1   20  11   3   2   0  10   3  11   1   2   4   6   4   2   3   5   2   0   5   5  0.13 0.15
  238 M     1   0   3   0  -2   0  -2   3   2  -2  -2  -1  -2  -4  -2   0  -1  -4  -1  -2   15   6  15   5   1   4   0  27   5   2   3   2   1   0   2   4   3   0   2   2  0.34 0.24
  239 I     2  -1  -1  -2  -3   0  -2  -1  -3   2   0  -1   0  -3   0   0  -2  -1  -2   3   16   2   2   2   0   4   2   3   0  10   7   4   2   0   4   7   1   1   1  30  0.22 0.22
  240 Q    -1   1   2   0  -4   4   0  -2   1  -2  -2   2  -3  -2  -2   2   0   0  -3  -4    4   7  12   4   0  24   4   2   3   3   3  11   0   2   1  15   4   1   0   0  0.39 0.31
  241 D    -1  -2   2   5  -4   2   3  -2  -1  -4  -3  -1  -3  -3  -1   1   0  -4  -4  -2    4   0   8  30   0   9  18   2   1   0   2   2   0   1   2  11   4   0   0   3  0.53 0.32
  242 L    -3  -5  -5  -6  -4  -4  -5  -6  -1  -1   4  -5   3   6  -6  -5  -1  -3  -2  -1    2   0   0   0   0   1   0   0   1   1  45   0   8  34   0   0   3   0   0   2  1.18 0.56
  243 R    -1   5   0   0  -5   2   2  -3  -3  -1  -2   2  -3  -2  -2  -2  -1  -5  -4  -3    4  36   3   5   0   9  12   1   0   4   5  12   0   2   1   1   3   0   0   2  0.56 0.36
  244 L    -2  -5  -6  -6  -2  -3  -6  -6  -2   2   3  -5  -1   6  -6  -5  -3   1   1   1    3   0   0   0   1   1   0   0   1  10  33   0   1  34   0   0   1   2   3   9  0.97 0.48
  245 K    -2   3   2   1  -4  -1   1  -3  -1  -2  -2   3  -3  -2  -2  -1   1  -5  -2  -1    2  18  10   8   0   1   9   1   1   3   4  24   0   2   1   3   9   0   1   3  0.36 0.28
  246 I    -2  -5  -5  -5   0  -3  -5  -3  -2   3   3  -4   1   2   1  -4  -2  -1  -1   3    3   0   0   0   2   1   0   2   1  19  31   0   3   7   6   0   2   1   1  21  0.55 0.34
  247 D    -3  -2   1   4  -5  -1   3  -3   2  -5  -5   1  -4  -2  -4  -1   4  -5   0  -3    0   1   6  20   0   1  19   1   4   0   0   8   0   2   0   2  31   0   3   1  0.70 0.46
  248 S    -1  -4  -4  -4   2  -3  -4  -3  -2  -1   0  -1   5   3  -4   1   2   1  -2   1    5   0   0   0   5   0   0   1   1   2   9   4  19  14   0  13  16   2   0  10  0.46 0.36
  249 T     2  -3   0   1  -4  -2   0  -1  -4  -4  -4   1  -4  -5   0   3   4  -5  -4  -3   15   0   3   9   0   1   4   5   0   0   0   7   0   0   4  26  24   0   0   1  0.53 0.40
  250 M     4  -3   1   1  -4   0   0   2  -3  -4  -4  -1  -2  -4  -3   0   1  -5   0  -2   40   0   6   7   0   4   5  14   0   0   0   3   1   0   1   4  11   0   3   2  0.48 0.37
  251 D     5  -4  -1  -2  -4  -2  -3  -1  -4  -4  -5  -3  -2  -5   1   1   0  -6  -5  -1   61   0   3   2   0   1   1   5   0   0   0   1   1   0   7   9   6   0   0   3  0.93 0.55
  252 E     0  -2   2   2  -4   1   0   4  -2  -5  -4  -2  -2  -5  -2  -1   1  -5  -5  -3    9   1   8  13   0   8   4  35   1   0   1   1   1   0   2   2  12   0   0   1  0.55 0.35
  253 Q     1  -3   3   1  -4   1  -3   0  -2  -4  -4  -2  -4  -5   1   2   4  -5  -4  -3   14   0  15   7   0   5   0   5   1   0   1   1   0   0   6  13  30   0   0   1  0.57 0.42
  254 A     1  -5  -3  -5  -4  -5  -5  -4  -5   5   0  -5   1   4  -5  -2  -1  -4  -1   3   11   0   1   0   0   0   0   1   0  33   5   0   3  16   0   3   3   0   2  22  0.70 0.41
  255 E    -1   1   1   3  -4  -1   1  -2  -3  -4  -3  -1  -3  -2   2  -1   3  -4   1  -1    4  10   8  17   0   2   9   2   0   0   1   3   0   1  12   2  19   0   6   4  0.37 0.30
  256 I     0  -4  -5  -5  -1  -3  -5  -5  -5   4   2  -4   4  -1  -5  -2   0  -5  -2   3   10   0   0   0   1   1   0   0   0  26  15   0  12   1   0   2   7   0   1  24  0.65 0.38
  257 I    -4  -3  -6  -6  -2  -3  -4  -6  -4   4   3  -5   1   0  -5  -5  -4  -3   4   3    0   1   0   0   1   1   1   0   0  21  33   0   3   3   0   0   0   0  17  19  0.85 0.45
  258 V     0  -3  -2  -3   2  -4  -4  -5  -1   2   0  -4   0   0  -4  -1   2   0   0   5    7   1   1   1   4   0   0   0   2   9   5   0   2   3   0   3  16   1   4  41  0.54 0.37
  259 E    -5  -4  -4   1  -8   0   7  -6   1  -7  -7  -3  -6  -3  -5  -2  -5  -7  -6  -6    0   0   0   6   0   3  85   0   3   0   0   0   0   1   0   2   0   0   0   0  2.08 0.89
  260 Y    -2  -1  -1  -4   0   0  -2  -2   0  -3  -2  -2  -1   1  -4   1   2  -2   6   0    3   3   3   0   2   4   2   3   2   0   3   1   1   5   0  12  13   0  35   8  0.57 0.38
  261 M    -2  -5  -5  -6  -4  -5  -5  -6  -2   4   4  -5   1   2  -5  -4  -2  -4  -1   2    2   0   0   0   0   0   0   0   1  29  40   0   3   7   0   0   2   0   2  14  0.84 0.41
  262 G    -1  -4   0   5  -5  -1   2   4  -3  -5  -5  -2  -5  -5  -4  -1   1  -5  -5  -5    4   0   3  37   0   1  11  32   0   0   0   1   0   0   0   2  10   0   0   0  0.89 0.42
  263 V    -1  -2   0  -3  -2   1  -2  -1  -3   1   2  -2  -1  -2  -3   1   2  -4  -3   3    2   2   4   0   0   9   0   3   0   5  19   0   0   0   0  11  19   0   0  26  0.25 0.21
  264 W    -2  -3  -1  -4  -3  -3  -3  -4   3   0   0  -3  -1   1  -4  -3  -1   6   4   4    0   0   4   0   0   0   0   0  11   0   8   0   0   4   0   0   3  13  17  40  0.63 0.25
  265 S     4   2   0   1  -2  -1   1  -2  -2  -3  -3  -1  -2  -4  -2   1  -1  -4  -3  -1   46  13   4  10   0   0  12   0   0   0   0   0   0   0   0  11   0   0   0   4  0.40 0.20
  266 R    -2   5  -2  -3  -4  -1  -2  -3  -2  -4  -4   0  -3  -4   6  -2   0  -4  -3  -3    0  40   0   0   0   0   0   0   0   0   0   0   0   0  54   0   6   0   0   0  1.33 0.24
  267 N    -1  -1   2   3  -3   0   2   3  -1  -4  -4  -1  -3  -3  -2   1  -1  -4  -3  -3    0   0  14  28   0   0  14  31   0   0   0   0   0   0   0  14   0   0   0   0  0.46 0.04
  268 G    -1   2  -1  -2  -2  -1  -1   2   0  -1   0   0  -1   0  -2   1  -1  -1   3  -1    0  21   0   0   0   0   0  20   0   0  20   0   0   0   0  19   0   0  20   0  0.15 0.02
  269 F    -3  -3  -3  -4  -3  -4  -4  -4  -2   0   0  -4   0   7  -4  -3  -2   1   3  -1    0   0   0   0   0   0   0   0   0   0   0   0   0 100   0   0   0   0   0   0  0.91 0.05

                      K         Lambda
Standard Ungapped    0.1363     0.3200
Standard Gapped      0.0416     0.2670
PSI Ungapped         0.1359     0.3172
PSI Gapped           0.0416     0.2670
