
Last position-specific scoring matrix computed, weighted observed percentages rounded down, information per position, and relative weight of gapless real matches to pseudocounts
            A   R   N   D   C   Q   E   G   H   I   L   K   M   F   P   S   T   W   Y   V   A   R   N   D   C   Q   E   G   H   I   L   K   M   F   P   S   T   W   Y   V
    1 M    -1  -2  -3  -4  -2  -1  -3  -4  -2   2   3  -2   6   0  -3  -2  -1  -2  -1   1    0   0   0   0   0   0   0   0   0  15  26   0  59   0   0   0   0   0   0   0  0.46 0.06
    2 L     0  -2  -3  -4  -1  -2  -3  -3  -3   1   4  -3   2   0  -3  -2  -1  -2  -1   0   13   0   0   0   0   0   0   0   0   0  87   0   0   0   0   0   0   0   0   0  0.44 0.04
    3 E    -1   0  -1   1  -4   2   6  -3   0  -4  -3   0  -2  -4  -2  -1  -1  -3  -3  -3    0   0   0   0   0   0 100   0   0   0   0   0   0   0   0   0   0   0   0   0  0.93 0.07
    4 A     0  -2  -3  -3  -2  -2  -2  -3   1  -1  -1  -2  -1   2  -3  -2  -2   1   7   0   13   0   0   0   0   0   0   0   0   0   0   0   0   0   0   0   0   0  75  13  0.71 0.06
    5 N    -2  -1   7   1  -3   0  -1  -1   0  -4  -4  -1  -3  -4  -3   0   0  -4  -3  -3    0   0 100   0   0   0   0   0   0   0   0   0   0   0   0   0   0   0   0   0  0.99 0.08
    6 V    -1  -3  -4  -4  -1  -3  -3  -4  -3   3   4  -3   2   0  -3  -3  -1  -2  -1   2    0   0   0   0   0   0   0   0   0  25  63   0   0   0   0   0   0   0   0  13  0.43 0.03
    7 Y    -2  -2  -3  -4  -3  -2  -3  -4   1  -2  -2  -2  -1   3  -4  -2  -2   2   8  -2    0   0   0   0   0   0   0   0   0   0   0   0   0   0   0   0   0   0 100   0  1.22 0.09
    8 D    -2  -2   1   7  -4  -1   1  -2  -2  -4  -4  -1  -4  -4  -2  -1  -1  -5  -4  -4    0   0   0 100   0   0   0   0   0   0   0   0   0   0   0   0   0   0   0   0  1.16 0.07
    9 N    -2  -1   7   1  -3   0  -1  -1   0  -4  -4  -1  -3  -4  -3   0   0  -4  -3  -3    0   0 100   0   0   0   0   0   0   0   0   0   0   0   0   0   0   0   0   0  0.99 0.08
   10 F    -3  -3  -4  -4  -3  -4  -4  -4  -2  -1   0  -4   0   7  -4  -3  -3   1   3  -1    0   0   0   0   0   0   0   0   0   0   0   0   0 100   0   0   0   0   0   0  1.04 0.08
   11 N    -2  -1   7   1  -3   0  -1  -1   0  -4  -4  -1  -3  -4  -3   0   0  -4  -3  -3    0   0 100   0   0   0   0   0   0   0   0   0   0   0   0   0   0   0   0   0  0.99 0.08
   12 P    -1  -3  -3  -2  -3  -2  -2  -3  -3  -3  -3  -1  -3  -4   8  -1  -2  -4  -4  -3    0   0   0   0   0   0   0   0   0   0   0   0   0   0 100   0   0   0   0   0  2.22 0.08
   13 N    -2  -1   7   1  -3   0  -1  -1   0  -4  -4  -1  -3  -4  -3   0   0  -4  -3  -3    0   0 100   0   0   0   0   0   0   0   0   0   0   0   0   0   0   0   0   0  0.99 0.08
   14 Y    -1  -1  -2  -2  -2  -1   1  -3  -1   2   0   1   0   0  -2  -1   1  -2   2   2    0   0   0   0   0   0  13   0   0  20   0  15   0   0   0   0  12   0  13  27  0.11 0.02
   15 Y    -2  -2  -3  -4  -2  -1  -3  -3   0   0   1  -2   5   2  -3  -2  -2   1   5   0    0   0   0   0   0   0   0   0   0   0  13   0  39   0   0   0   0   0  48   0  0.54 0.06
   16 N     1   1   3   2  -2   1   2  -1   0  -3  -3   0  -2  -3  -1   1   0  -3  -2  -2   14  12  20   9   0   0  26   0   0   0   0   0   0   0   0  19   0   0   0   0  0.32 0.02
   17 I    -1   1  -2  -3  -2   1  -1  -3  -1   2   1  -1   0   3  -3  -2  -1  -1   2   1    0  13   0   0   0  13   0   0   0  20   9   0   0  19   0   0   0   0  12  14  0.16 0.02
   18 S     2  -1   0   3  -2   0   0  -1  -2  -2   0   1  -1  -2  -1   1   0  -3  -2  -1   33   0   0  25   0   0   0   0   0   0  11  13   0   0   0  18   0   0   0   0  0.21 0.02
   19 D    -1  -1   2   3  -2   0   0  -2  -1  -2  -2   1  -2  -1  -2   0   2  -2   2  -2    0   0  14  29   0   0   0   0   0   0   0  13   0   0   0   0  30   0  13   0  0.31 0.03
   20 F    -2  -2  -2  -2  -3  -1   1  -3   4   1   0  -2  -1   3   2  -2  -2  -1   1   0    0   0   0   0   0   0  13   0  19  25   0   0   0  29  14   0   0   0   0   0  0.26 0.03
   21 S     2  -1   0  -1  -2   2   1  -1  -1  -2  -2   0  -1  -3   2   3   1  -3  -2  -2   19   0   0   0   0  13  12   0   0   0   0   0   0   0  11  36   9   0   0   0  0.34 0.03
   22 M     1  -2  -2  -1  -2   0   1  -2  -2   0   1  -1   1  -1   2   0   1  -3  -2   1   14   0   0   0   0   0  19   0   0   0  20   0   9   0  12   0  13   0   0  13  0.15 0.02
   23 P     1  -2  -1  -1  -2  -1  -1  -1  -2  -3  -3  -1  -2  -3   6   2   0  -4  -3  -2   19   0   0   0   0   0   0   0   0   0   0   0   0   0  57  25   0   0   0   0  1.06 0.05
   24 N     0  -1   4   2  -2   0   0  -1  -1  -3  -3  -1  -2  -3   2   2   1  -4  -2  -2    0   0  32  11   0   0   0   0   0   0   0   0   0   0  12  35  10   0   0   0  0.43 0.03
   25 G     0  -2   2  -1  -3  -2  -2   5  -2  -2  -3  -2  -2  -3  -2   0  -1  -3  -3   0    0   0  19   0   0   0   0  67   0   0   0   0   0   0   0   0   0   0   0  14  0.64 0.04
   26 K     2  -1   1  -1  -2   0  -1  -1  -1   0  -2   1  -1  -2   3   1   0  -3  -2  -1   30   0  13   0   0   0   0   0   0  13   0  18   0   0  14  11   0   0   0   0  0.22 0.02
   27 K    -1  -1  -1  -2  -2  -1  -1   1   2   0  -1   1  -1  -2   3  -1   1  -3  -1   1    0   0   0   0   0   0   0  11  12   0   0  18   0   0  19   0  14   0   0  26  0.22 0.02
   28 E    -1   0  -1   1  -2   0   1  -2  -1   0  -1   1  -1   1  -1   0   0  -2   0   1    1   1   1  10   0   1  10   1   0   1   1  19   0  12   1  12   1   0   0  28  0.06 0.01
   29 K     0   0  -1  -1  -2   0   0  -1  -1  -1   0   2  -1  -2   4   0  -1  -2  -2  -1   13   1   1   1   0   1   1   1   0   1  15  33   0   1  26   1   1   0   1   1  0.34 0.02
   30 R    -1   5   0  -1  -2   1   0  -2  -1  -2  -2   1  -1  -2  -1   1  -1  -2  -2  -2    1  70   1   1   0   1   1   1   0   1   2   1   0   1   1  14   1   0   1   1  0.51 0.04
   31 G     0  -2  -1  -1  -2  -1  -1   4  -2  -3  -3  -1  -2  -3   4   0  -1  -2  -2  -2    1   1   1   1   0   1   1  57   0   1   2   1   0   1  27   1   1   0   1   1  0.72 0.03
   32 L    -2  -3  -3  -4  -2  -2  -3  -4  -1   2   3  -3   1   1  -3  -3  -1   0   4   1    0   0   0   0   0   0   0   0   0  24  51   0   0   0   0   0   0   0  25   0  0.38 0.04
   33 P    -1  -3  -2   1  -3  -2  -1  -2  -2  -3  -3  -1  -3  -4   8  -1  -2  -4  -3  -3    0   0   0  13   0   0   0   0   0   0   0   0   0   0  87   0   0   0   0   0  1.85 0.07
   34 I     0   0   2  -1  -2   2   0  -2  -1   2  -1   2   0  -2  -2   0  -1  -3  -2   0   12   0  19   0   0  13   0   0   0  31   0  26   0   0   0   0   0   0   0   0  0.13 0.03
   35 P    -1  -3  -3  -2  -3  -2  -2  -3  -3  -3  -3  -1  -3  -4   8  -1  -2  -4  -4  -3    0   0   0   0   0   0   0   0   0   0   0   0   0   0 100   0   0   0   0   0  2.22 0.08
   36 K    -1   2  -1  -1  -4   1   0  -2  -1  -3  -3   6  -2  -4  -1  -1  -1  -3  -2  -3    0   0   0   0   0   0   0   0   0   0   0 100   0   0   0   0   0   0   0   0  0.73 0.07
   37 A     5  -2  -2  -2  -1  -1  -1   0  -2  -2  -2  -1  -1  -3  -1   1   0  -3  -2  -1  100   0   0   0   0   0   0   0   0   0   0   0   0   0   0   0   0   0   0   0  0.57 0.06
   38 R    -2   6  -1  -2  -4   1  -1  -3  -1  -4  -3   2  -2  -3  -3  -1  -2  -3  -2  -3    0 100   0   0   0   0   0   0   0   0   0   0   0   0   0   0   0   0   0   0  0.99 0.07
   39 C     0  -3  -1  -2   4  -2  -3   5  -3  -3  -3  -2  -2  -3  -2   0   0  -3  -3  -2    0   0   0   0  18   0   0  71   0   0   0   0   0   0   0   0  11   0   0   0  0.78 0.05
   40 Q    -1  -1  -2  -2  -2   3  -1  -3  -2   2   0  -1   0  -2  -2  -1  -1  -3  -2   3    0   0   0   0   0  29   0   0   0  13   0   0   0   0   0   0   0   0   0  58  0.28 0.04
   41 V     1  -3  -3  -3  -1  -2  -3  -3  -3   3   2  -2   1  -1  -3  -2  -1  -3  -1   3   14   0   0   0   0   0   0   0   0  30  26   0   0   0   0   0   0   0   0  29  0.28 0.02
   42 I    -1  -2  -3  -4  -2  -2  -3  -4  -3   2   3  -2   4   0  -3  -2  -1  -2  -1   2    0   0   0   0   0   0   0   0   0  18  36   0  33   0   0   0   0   0   0  13  0.37 0.04
   43 N    -2  -1   5   4  -3   0   2  -1   0  -4  -4   0  -3  -4  -2   0  -1  -4  -3  -3    0   0  51  38   0   0  11   0   0   0   0   0   0   0   0   0   0   0   0   0  0.70 0.05
   44 Y    -2  -2  -3  -4  -3  -2  -3  -4   1  -2  -1  -2  -1   4  -4  -2  -2   2   7  -2    0   0   0   0   0   0   0   0   0   0   0   0   0  13   0   0   0   0  87   0  1.08 0.08
   45 E    -1   0  -1   1  -4   2   6  -3   0  -4  -3   0  -2  -4  -2  -1  -1  -3  -3  -3    0   0   0   0   0   0 100   0   0   0   0   0   0   0   0   0   0   0   0   0  0.93 0.07
   46 L    -1  -3  -4  -4   4  -3  -3  -4  -3   1   4  -3   1   0  -3  -2  -1  -2  -1   1    0   0   0   0  13   0   0   0   0   0  74   0   0   0   0   0   0   0   0  13  0.44 0.04
   47 W    -3  -3  -4  -5  -3  -3  -4  -3  -3  -2  -1  -4  -2   4  -4  -3  -3  11   2  -3    0   0   0   0   0   0   0   0   0   0   0   0   0  25   0   0   0  75   0   0  2.05 0.09
   48 E    -1   0   0   0  -4   6   3  -2   0  -3  -3   1  -1  -4  -2   0  -1  -3  -2  -3    0   0   0   0   0  82  18   0   0   0   0   0   0   0   0   0   0   0   0   0  0.80 0.07
   49 T     0  -2   0  -1  -1  -1  -1  -2  -2  -1  -2  -1  -1  -3  -2   1   6  -3  -2   0    0   0   0   0   0   0   0   0   0   0   0   0   0   0   0   0 100   0   0   0  0.70 0.07
   50 G     0  -3  -1  -2  -3  -2  -3   6  -2  -4  -4  -2  -3  -4  -3  -1  -2  -3  -4  -4    0   0   0   0   0   0   0 100   0   0   0   0   0   0   0   0   0   0   0   0  1.22 0.06
   51 Y    -2  -2  -3  -4  -3  -2  -3  -4   1  -2  -1  -2  -1   4  -4  -2  -2   2   7  -2    0   0   0   0   0   0   0   0   0   0   0   0   0  13   0   0   0   0  87   0  1.08 0.08
   52 L    -1   1  -1   0  -3   1   3  -2  -1  -2   0   3  -1  -2  -2  -1  -1  -3  -2  -2    0   0   0   0   0   0  38   0   0   0  18  44   0   0   0   0   0   0   0   0  0.35 0.04
   53 Y    -2  -2  -2  -3  -3  -2  -2  -3   1  -1  -1  -2  -1   4  -3  -1   1   1   6  -1    0   0   0   0   0   0   0   0   0   0   0   0   0  25   0   0  14   0  61   0  0.72 0.06
   54 T     0  -2   0  -1  -1  -1  -1  -2  -2  -1  -2  -1  -1  -3  -2   1   6  -3  -2   0    0   0   0   0   0   0   0   0   0   0   0   0   0   0   0   0 100   0   0   0  0.70 0.07
   55 S     1  -1   0  -1  -1   0  -1  -1  -1  -3  -3  -1  -2  -3  -1   5   1  -3  -2  -2    0   0   0   0   0   0   0   0   0   0   0   0   0   0   0 100   0   0   0   0  0.63 0.07
   56 S     0  -1   0  -1  -2   0  -1  -1  -1  -2  -2   1  -2  -1  -1   3   2  -2   2  -2    0   0   0   0   0   0   0   0   0   0   0  13   0   0   0  61  12   0  14   0  0.33 0.04
   57 A     3  -2  -1  -2  -1  -1  -1   3  -2  -2  -2  -1  -2  -3  -1   1   0  -3  -2  -1   56   0   0   0   0   0   0  30   0   0   0   0   0   0   0  13   0   0   0   0  0.45 0.04
   58 T     0  -2  -1  -2  -1  -1  -2  -2  -2   0  -1  -1  -1  -2  -2   1   5  -3  -2   2    0   0   0   0   0   0   0   0   0   0   0   0   0   0   0   0  75   0   0  25  0.45 0.06
   59 L    -2  -3  -4  -4  -2  -3  -3  -4  -3   2   3  -3   1   3  -3  -3  -1  -1   0   1    0   0   0   0   0   0   0   0   0   9  57   0   0  24   0   0   0   0   0  10  0.40 0.03
   60 T     1  -1   0  -1  -1  -1  -1  -1  -2  -2  -2  -1  -1  -3  -1   3   4  -3  -2  -1   11   0   0   0   0   0   0   0   0   0   0   0   0   0   0  33  56   0   0   0  0.44 0.05
   61 V     0  -2  -1  -2  -1  -1  -1  -2  -2   0   0  -1   2  -2  -2   1   4  -3  -2   1    0   0   0   0   0   0   0   0   0   0   0   0  13   0   0  11  58   0   0  18  0.32 0.04
   62 S    -1   0   2   3  -3   1   3  -1  -1  -3  -3   1  -2  -3  -1   1   0  -3  -2  -3    0   0  13  19   0   0  36   0   0   0   0  14   0   0   0  18   0   0   0   0  0.44 0.03
   63 V     2  -3  -3  -3  -1  -2  -2  -2  -3   3   0  -2   0  -1  -2  -1   0  -3  -2   3   25   0   0   0   0   0   0   0   0  21   0   0   0   0   0   0   0   0   0  54  0.29 0.04
   64 E    -1   0   2   3  -4   1   4  -2   0  -4  -3   1  -2  -4  -2   0  -1  -4  -2  -3    0   0  13  14   0   0  61   0   0   0   0  12   0   0   0   0   0   0   0   0  0.60 0.04
   65 V    -1  -3  -3  -4  -1  -3  -3  -4  -4   2   1  -3   0  -1  -3  -2   0  -3  -2   5    0   0   0   0   0   0   0   0   0   0   0   0   0   0   0   0   0   0   0 100  0.53 0.06
   66 G     0  -3  -1  -2  -3  -2  -3   6  -2  -4  -4  -2  -3  -4  -3  -1  -2  -3  -4  -4    0   0   0   0   0   0   0 100   0   0   0   0   0   0   0   0   0   0   0   0  1.22 0.06
   67 D    -2  -2   1   7  -4  -1   1  -2  -2  -4  -4  -1  -4  -4  -2  -1  -1  -5  -4  -4    0   0   0 100   0   0   0   0   0   0   0   0   0   0   0   0   0   0   0   0  1.16 0.07
   68 I    -1  -3  -4  -4  -1  -3  -3  -4  -4   4   1  -3   1  -1  -3  -2  -1  -3  -2   3    0   0   0   0   0   0   0   0   0  65   0   0   0   0   0   0   0   0   0  35  0.47 0.05
   69 V    -1  -3  -3  -4  -1  -3  -3  -4  -4   3   1  -3   1  -1  -3  -2   0  -3  -2   4    0   0   0   0   0   0   0   0   0  30   0   0   0   0   0   0   0   0   0  70  0.46 0.05
   70 Q    -1   0   0   1  -4   4   5  -2   0  -4  -3   1  -2  -4  -2   0  -1  -3  -2  -3    0   0   0   0   0  32  68   0   0   0   0   0   0   0   0   0   0   0   0   0  0.75 0.06
   71 I    -1  -3  -3  -4  -1  -3  -3  -4  -3   4   2  -3   1   0  -3  -2  -1  -3  -2   3    0   0   0   0   0   0   0   0   0  54  13   0   0   0   0   0   0   0   0  33  0.42 0.04
   72 L    -2  -3  -4  -4  -2  -3  -3  -4  -3   1   5  -3   2   0  -3  -3  -2  -2  -1   1    0   0   0   0   0   0   0   0   0   0 100   0   0   0   0   0   0   0   0   0  0.60 0.05
   73 F    -1  -2  -1  -2  -2  -1  -2  -2   4  -1   0  -1   0   2  -2   0   3  -2   0  -1    0   0   0   0   0   0   0   0  19   0  14   0   0  18   0   0  49   0   0   0  0.27 0.04
   74 P    -1  -2  -1   1  -2  -1  -1  -2  -2   1  -1  -1  -1  -2   5   0   2  -3  -2   0    0   0   0  14   0   0   0   0   0  24   0   0   0   0  37   0  25   0   0   0  0.56 0.04
   75 E    -1   0  -1   1  -4   3   5  -3   0  -4  -3   1  -2  -4  -2   0  -1  -3  -2  -3    0   0   0   0   0  12  88   0   0   0   0   0   0   0   0   0   0   0   0   0  0.84 0.06
   76 V    -1  -2   3   3  -2  -1  -1  -2  -1   0   1  -1  -1  -2   3  -1  -1  -3  -2   1    0   0  24  25   0   0   0   0   0   0  19   0   0   0  14   0   0   0   0  18  0.26 0.03
   77 V     1  -2   4  -1  -2  -1  -1  -2  -1   1  -1  -1  -1  -2  -2   0   0  -3  -2   3   14   0  38   0   0   0   0   0   0   0   0   0   0   0   0   0   0   0   0  48  0.24 0.04
   78 P     0  -1  -1  -1  -3   2  -1  -2  -2  -3  -3  -1  -2  -4   6   2   0  -4  -3  -3    0   0   0   0   0  14   0   0   0   0   0   0   0   0  61  25   0   0   0   0  1.16 0.05
   79 I    -1  -3  -3  -4  -1  -2  -3  -4  -2   3   2  -3   2   0  -3  -2  -1  -2   1   2    0   0   0   0   0   0   0   0   0  31  25   0  11   0   0   0   0   0  10  23  0.30 0.02
   80 E     2  -1   2   0  -2   0   3  -1  -1  -3  -3   0  -2  -3  -1   2   0  -3  -2  -2   36   0  14   0   0   0  31   0   0   0   0   0   0   0   0  19   0   0   0   0  0.32 0.03
   81 E     0  -1   2   3  -2   2   2  -2  -1  -1  -2   0  -1  -3  -2   0   1  -3  -2   0   10   0  13  23   0  12  18   0   0   0   0   0   0   0   0   0  11   0   0  13  0.25 0.02
   82 A     1  -1   3   0  -1  -1  -1  -1  -1  -2  -2  -1  -1  -3  -1   2   3  -3  -2  -1   18   0  27   0   0   0   0   0   0   0   0   0   0   0   0  13  42   0   0   0  0.35 0.04
   83 L    -1  -2  -2  -2  -2   1  -1  -3  -2   0   2  -1   0  -1   5  -1   0  -3  -2  -1    0   0   0   0   0  10   0   0   0   0  45   0   0   0  36   0   9   0   0   0  0.55 0.04
   84 G     0  -2   2   3  -2  -1   0   2  -1  -1  -2  -1  -1  -3  -2   1   1  -3  -2   0    0   0  13  23   0   0   0  18   0   0   0   0   0   0   0  14  13   0   0  19  0.22 0.02
   85 K    -1   0  -2  -2  -2  -1  -1  -3  -2   0   1   2   0   2   3  -1   1  -2   0   0    0   0   0   0   0   0   0   0   0  11  13  30   0  19  14   0  13   0   0   0  0.18 0.02
   86 K    -1   3   2   2  -3   0   0  -2  -1  -3  -3   2  -2  -3  -2   0   2  -3  -2  -2    0  23  19  13   0   0   0   0   0   0   0  22   0   0   0   0  23   0   0   0  0.33 0.03
   87 K    -1   1  -1   2  -3   0   1  -2  -1   1  -1   3  -1  -2  -2  -1  -1  -3  -2   0    0   0   0  14   0   0  11   0   0  25   0  50   0   0   0   0   0   0   0   0  0.25 0.04
   88 K     0   2   0   2  -3   1   2  -2  -1  -3  -3   3  -2  -3  -1   2   0  -3  -2  -3    0  13   0  11   0   0  14   0   0   0   0  37   0   0   0  25   0   0   0   0  0.36 0.03
   89 L    -2  -1   1  -2  -2   1  -1  -3  -1   0   3   1   1   0  -2  -1  -1  -1   2   0    0   0  13   0   0  12   0   0   0   0  50  14   0   0   0   0   0   0  11   0  0.16 0.03
   90 N     0   1   2   0  -2   0   0  -1  -1  -3  -3   3  -2  -3   2   2   0  -3  -2  -2    0   0  18   0   0   0   0   0   0   0   0  39   0   0  11  32   0   0   0   0  0.39 0.04
   91 L    -1  -1  -2  -2  -2  -1   1  -2  -2   1   3  -1   1   2  -2  -2  -1  -1   0   0    1   1   1   1   0   1  16   1   0   1  56   1   0  14   1   1   1   0   1   1  0.18 0.02
   92 D     0  -1   1   2  -1   0   0  -1   3  -2  -2   0  -1  -2  -1   2   0  -2  -1  -2    2   2   1  20   1   1   2   2  15   2   3   2   1   1   2  38   2   0   1   2  0.22 0.02
   93 M    -1  -2  -2  -3  -1  -1  -2  -3  -2   3   2  -2   4   0  -2  -2  -1  -2  -1   1    1   1   1   1   0   1   1   1   0  28  24   1  37   1   1   1   1   0   0   1  0.28 0.03
   94 V    -2  -3  -4  -4  -2  -3  -3  -3  -3   1   1  -3   0   3  -4  -3  -2   8   1   1    0   0   0   0   0   0   0   0   0  11  14   0   0  19   0   0   0  38   0  18  0.82 0.05
   95 Y    -2  -2  -3  -4  -3  -2  -3  -4   1  -2  -2  -2  -2   3  -4  -2  -2   2   8  -2    0   0   0   0   0   0   0   0   0   0   0   0   0   0   0   0   0   0 100   0  1.22 0.09
   96 L    -1  -3  -3  -4  -1  -3  -3  -4  -3   3   3  -3   1   0  -3  -2  -1  -2  -1   3    0   0   0   0   0   0   0   0   0  13  48   0   0   0   0   0   0   0   0  39  0.38 0.03
   97 V    -1  -3  -3  -4  -1  -3  -3  -4  -4   4   1  -3   1  -1  -3  -2  -1  -3  -2   4    0   0   0   0   0   0   0   0   0  38   0   0   0   0   0   0   0   0   0  62  0.45 0.04
   98 T    -1  -1  -1  -1  -1  -1  -1  -2  -2   0  -1   1  -1  -2  -2   1   5  -3  -2   0    0   0   0   0   0   0   0   0   0  10   0  14   0   0   0   0  76   0   0   0  0.42 0.05
   99 D     1  -2   0   4  -2  -1   0  -1  -2  -2  -3  -1  -2  -3  -1   2   2  -4  -3  -2   13   0   0  44   0   0   0   0   0   0   0   0   0   0   0  19  25   0   0   0  0.42 0.04
  100 V    -1  -1  -3  -3  -2  -2  -2  -3  -3   3   1   1   0  -1  -2  -2  -1  -3  -2   3    0   0   0   0   0   0   0   0   0  39   0  19   0   0   0   0   0   0   0  42  0.27 0.04
  101 D    -2  -2   1   7  -4  -1   1  -2  -2  -4  -4  -1  -4  -4  -2  -1  -1  -5  -4  -4    0   0   0 100   0   0   0   0   0   0   0   0   0   0   0   0   0   0   0   0  1.16 0.07
  102 E    -1  -1   0   4  -4   1   5  -2  -1  -4  -3   0  -3  -4  -2   0  -1  -4  -3  -3    0   0   0  26   0   0  74   0   0   0   0   0   0   0   0   0   0   0   0   0  0.79 0.06
  103 S    -1  -1   4   3  -2   0   0  -1  -1  -3  -3  -1  -2  -3  -2   2   1  -4  -2  -2    0   0  35  24   0   0   0   0   0   0   0   0   0   0   0  32   9   0   0   0  0.48 0.04
  104 N    -2  -1   6   1  -3  -1  -1   2   0  -4  -4  -1  -3  -4  -3   0  -1  -4  -3  -3    0   0  85   0   0   0   0  15   0   0   0   0   0   0   0   0   0   0   0   0  0.84 0.07
  105 K    -1   4  -1  -1  -4   2   1  -2  -1  -3  -3   5  -2  -3  -2  -1  -1  -3  -2  -3    0  24   0   0   0  12   0   0   0   0   0  64   0   0   0   0   0   0   0   0  0.60 0.05
  106 A     3  -2  -2  -3   4  -2  -2  -1  -3   2   0  -2   0  -2  -2   0   0  -3  -2   2   49   0   0   0  12   0   0   0   0  15   0   0   0   0   0   0   0   0   0  24  0.26 0.04
  107 T     0  -2  -1  -2  -1  -1  -1  -2  -2   0  -1  -1  -1  -2  -2   2   5  -3  -2   1    0   0   0   0   0   0   0   0   0   0   0   0   0   0   0  15  68   0   0  17  0.43 0.05
  108 L    -2  -2  -4  -4  -2  -2  -3  -4  -3   1   4  -3   3   0  -3  -3  -1  -2  -1   1    0   0   0   0   0   0   0   0   0   0  87   0  13   0   0   0   0   0   0   0  0.55 0.05
  109 K    -1   1   0  -1  -3   5   1  -2   0  -3  -3   4  -1  -4  -2  -1  -1  -3  -2  -3    0   0   0   0   0  53   0   0   0   0   0  47   0   0   0   0   0   0   0   0  0.64 0.07
  110 N    -2  -1   7   1  -3   0  -1  -1   0  -4  -4  -1  -3  -4  -3   0  -1  -4  -3  -3    0   0 100   0   0   0   0   0   0   0   0   0   0   0   0   0   0   0   0   0  1.03 0.09
  111 Y    -2  -2  -3  -4  -3  -2  -3  -4   1  -2  -2  -2  -2   3  -4  -2  -2   2   8  -2    0   0   0   0   0   0   0   0   0   0   0   0   0   0   0   0   0   0 100   0  1.27 0.10
  112 F    -2  -3  -3  -4  -3  -3  -3  -4  -1   0   0  -3   0   6  -4  -3  -2   1   4   1    0   0   0   0   0   0   0   0   0   0   0   0   0  70   0   0   0   0  15  15  0.72 0.06
  113 W    -3  -3  -5  -5  -3  -3  -4  -3  -3  -3  -2  -4  -2   0  -5  -4  -3  12   2  -4    0   0   0   0   0   0   0   0   0   0   0   0   0   0   0   0   0 100   0   0  2.89 0.13
  114 A     3  -2  -2  -2  -2  -1  -1  -1   3  -2  -2  -1  -1   0  -2   0  -1   0   4  -1   55   0   0   0   0   0   0   0  12   0   0   0   0   0   0   0   0   0  33   0  0.40 0.05
  115 M     2  -2  -3  -3  -2  -1  -2  -2  -2   0   1  -2   7  -1  -3  -1  -1  -2  -2   0   27   0   0   0   0   0   0   0   0   0   0   0  73   0   0   0   0   0   0   0  0.54 0.11
  116 I    -2  -4  -4  -4  -2  -3  -4  -4  -4   6   1  -3   1  -1  -3  -3  -1  -3  -2   2    0   0   0   0   0   0   0   0   0 100   0   0   0   0   0   0   0   0   0   0  0.69 0.10
  117 E    -2  -1   0   4  -4   1   5  -2  -1  -4  -4   0  -3  -4  -2  -1  -1  -4  -3  -3    0   0   0  27   0   0  73   0   0   0   0   0   0   0   0   0   0   0   0   0  0.85 0.09
  118 S     0  -2  -1  -1  -3  -2  -2   6  -2  -4  -4  -2  -3  -3  -2   2  -1  -3  -3  -3    0   0   0   0   0   0   0  78   0   0   0   0   0   0   0  22   0   0   0   0  0.92 0.08
  119 L    -1  -2   1  -2   3  -2  -2   1  -2   0   2  -2   0  -1  -2   1   0  -3  -2   1    0   0  10   0  11   0   0  14   0   0  35   0   0   0   0  18   0   0   0  12  0.13 0.03
  120 D     1  -1   0   3  -2   0   3  -1  -1  -3  -3   0  -2  -3  -1   2   0  -3  -2  -2   14   0   0  22   0   0  35   0   0   0   0   0   0   0   0  29   0   0   0   0  0.43 0.05
  121 V    -1  -3  -3  -4  -2  -3  -3  -4  -1   3   0  -3   0   3  -3  -2  -1   0   4   3    0   0   0   0   0   0   0   0   0  23   0   0   0  19   0   0   0   0  22  36  0.38 0.05
  122 P    -1  -3  -3  -2  -4  -2  -2  -3  -3  -3  -4  -2  -3  -4   8  -1  -2  -4  -4  -3    0   0   0   0   0   0   0   0   0   0   0   0   0   0 100   0   0   0   0   0  2.30 0.13
  123 N     1  -2   3  -1  -1  -1  -1  -2  -2   1  -1  -1  -1  -2  -2   0   3  -3  -2   1   11   0  22   0   0   0   0   0   0  12   0   0   0   0   0   0  40   0   0  14  0.24 0.05
  124 A     2   0  -1  -1  -1   1   0  -1  -1  -2  -2   2  -1  -3  -1   2   2  -3  -2  -1   31   0   0   0   0  11   0   0   0   0   0  18   0   0   0  12  27   0   0   0  0.28 0.04
  125 I     1  -1   1  -1  -2   2   1  -2  -1   1  -1   0   1  -2  -2   1   0  -3  -2   0   13   0   9   0   0  21  11   0   0  22   0   0  10   0   0  14   0   0   0   0  0.13 0.04
  126 T     0  -2  -3  -3  -2  -2  -3  -3  -3   2   3  -2   1   2  -3  -1   1  -2   0   1    8   0   0   0   0   0   0   0   0  18  48   0   0  12   0   0  14   0   0   0  0.26 0.04
  127 K    -1   1   2  -1  -3   0   0  -2   0  -3  -3   4  -2  -1  -2   0   0  -1   3  -2    0   0  14   0   0   0   0   0   0   0   0  57   0   0   0   0   8   0  20   0  0.39 0.07
  128 T     0  -1   0  -1  -2   1  -1   4  -2  -3  -3   0  -2  -3  -2   1   2  -3  -2  -2    0   0   0   0   0  13   0  43   0   0   0   8   0   0   0  10  26   0   0   0  0.42 0.05
  129 T    -1  -2  -1  -2  -2  -1  -2  -2  -1  -2  -2  -1  -1  -1   3   0   4  -1   3  -1    0   0   0   0   0   0   0   0   0   0   0   0   0   0  14   0  65   0  20   0  0.53 0.08
  130 N     3  -1   4  -1  -1  -1  -1  -1  -1  -1  -2  -1  -1  -3  -2   0   1  -3  -2   1   41   0  35   0   0   0   0   0   0   0   0   0   0   0   0   0  10   0   0  14  0.28 0.05
  131 F     1   1   0  -1  -2   2   0   2  -1  -3  -2   0  -1   0  -2   2   0  -2  -1  -2   11  10   0   0   0  21   0  22   0   0   0   0   0   7   0  29   0   0   0   0  0.26 0.04
  132 A     2  -1  -1  -1  -2   2  -1   3  -1  -2  -2  -1  -1  -3  -2   0   2  -3  -2  -1   28   0   0   0   0  21   0  30   0   0   0   0   0   0   0   0  20   0   0   0  0.35 0.05
  133 I     1  -3  -3  -3  -1  -2  -3  -3  -3   3   1  -2   2   1  -3  -1  -1  -2  -1   2   19   0   0   0   0   0   0   0   0  38   7   0  12   9   0   0   0   0   0  14  0.23 0.04
  134 I    -2  -3  -4  -4  -2  -3  -3  -4  -3   3   2  -3   1   4  -4  -3  -2   6   1   1    0   0   0   0   0   0   0   0   0  35  22   0   0  25   0   0   0  18   0   0  0.54 0.06
  135 D    -1  -2   2   2  -2  -1  -1  -2  -1   0  -1  -1  -1  -2  -2   1   3  -3  -2   1    0   0  19  14   0   0   0   0   0  10   0   0   0   0   0  12  32   0   0  13  0.23 0.04
  136 Y    -1   1   2  -1  -2  -1  -1  -2  -1   1  -1  -1  -1   0  -2   1   1  -2   2   1    0  10  17   0   0   0   0   0   0  20   0   0   0   0   0  12  15   0  15  11  0.12 0.04
  137 L    -2  -3  -3  -4  -2  -2  -3  -4  -3   3   3  -3   4   0  -3  -3  -1  -2  -2   1    0   0   0   0   0   0   0   0   0  25  48   0  27   0   0   0   0   0   0   0  0.47 0.07
  138 I     0  -2  -2  -3  -1  -2  -2  -3  -3   2   2  -2   4  -1  -2  -1   2  -2  -2   1   10   0   0   0   0   0   0   0   0  25  15   0  29   0   0   0  21   0   0   0  0.25 0.06
  139 D    -1  -2   0   5  -3  -1   0   2  -2  -3  -3  -1  -3  -3  -2   1   1  -4  -3  -3    0   0   0  51   0   0   0  20   0   0   0   0   0   0   0  17  12   0   0   0  0.55 0.07
  140 P     1  -2   3  -1  -2  -1  -1  -1  -1  -3  -3  -1  -2  -3   5   1   1  -4  -3  -2   15   0  24   0   0   0   0   0   0   0   0   0   0   0  42  10  10   0   0   0  0.76 0.07
  141 N     1   3   3  -1  -2   0  -1   1  -1  -2  -1   0  -1  -3  -2   0   1  -3  -2  -2   17  26  25   0   0   0   0  10   0   0  10   0   0   0   0   0  12   0   0   0  0.22 0.05
  142 K    -1   1  -1  -2  -2   1  -1  -2  -1   1   1   1   0  -1  -2   0  -1  -2   1   1    0  10   0   0   0  11   0   0   0  10  15  15   0   0   0  12   0   0  10  17  0.09 0.03
  143 N     0   0   3  -1  -2   0  -1  -2  -1  -1   0   2  -1  -2   2   0   1  -3  -2   0    8   0  25   0   0   0   0   0   0   0  11  23   0   0  10   0   9   0   0  15  0.16 0.04
  144 N    -1   0   2   2  -3   5   1  -2   0  -3  -3   0  -2  -4  -2   1  -1  -3  -2  -3    0   0  15  15   0  54   0   0   0   0   0   0   0   0   0  17   0   0   0   0  0.55 0.09
  145 L    -2  -3  -2   1  -2  -2  -2   1  -3   1   4  -2   1  -1  -3  -2  -2  -2  -2   0    0   0   0  11   0   0   0  15   0   0  74   0   0   0   0   0   0   0   0   0  0.34 0.07
  146 M     1  -2  -3  -4  -2  -1  -3  -3  -2   1   1  -2   7  -1  -3  -2  -1  -2  -2   2   15   0   0   0   0   0   0   0   0   0   0   0  68   0   0   0   0   0   0  17  0.53 0.12
  147 S     1  -2  -1  -2  -1  -1  -2  -2  -1   0   1  -1   0  -1  -2   2   2  -2   2   1    9   0   0   0   0   0   0   0   0   0  21   0   0   0   0  23  25   0  10  12  0.16 0.04
  148 Y    -3  -2  -2  -4  -3  -2  -2  -3   4  -3  -2  -3  -2   2  -4  -2  -3   8   6  -3    0   0   0   0   0   0   0   0  17   0   0   0   0   0   0   0   0  31  52   0  1.28 0.12
  149 G    -1  -2   0   3  -3  -1   1   4  -2  -3  -2  -1   2  -3  -2  -1  -2  -3  -3  -3    0   0   0  21   0   0  10  54   0   0   0   0  15   0   0   0   0   0   0   0  0.54 0.07
  150 Y    -2   1  -2  -3  -3   1  -1  -3   1  -2  -2  -1  -1   3  -3   0  -2   1   6  -2    0  11   0   0   0  10   0   0   0   0   0   0   0  10   0  10   0   0  59   0  0.63 0.09
  151 F    -1  -2   2  -2  -2  -1  -2   1  -1   1   0  -2   3   2  -3  -1   0  -1   2   0    0   0  18   0   0   0   0  15   0  11   0   0  21  15   0   0   9   0  12   0  0.16 0.05
  152 F     2  -2  -1  -2  -1  -1  -2   1  -1  -1  -1  -1  -1   2  -2   0   3  -1   2  -1   35   0   0   0   0   0   0   8   0   0   0   0   0  15   0   0  32   0  10   0  0.25 0.06
  153 N    -2  -1   6   3  -3  -1   0  -1   0  -4  -4  -1  -3  -4  -3   0  -1  -5  -3  -4    0   0  85  15   0   0   0   0   0   0   0   0   0   0   0   0   0   0   0   0  0.99 0.12
  154 S     0  -2  -1   1  -2  -1  -1   1  -2  -3  -3  -2  -2  -1  -2   3   0   8   0  -3    0   0   0   9   0   0   0  10   0   0   0   0   0   0   0  49   0  32   0   0  0.78 0.10
  155 S     0   0   1   2  -3   2   3  -1  -1  -3  -3   1  -2  -3  -1   2   0  -3  -2  -3    0   0   8  10   0  12  31   0   0   0   0   9   0   0   0  29   0   0   0   0  0.41 0.05
  156 I    -1  -1  -1  -1  -2   2   2  -2  -1   2   1   0   0  -1  -1   0   0  -2  -1   0    1   1   1   1   0  13  22   1   0  29  13   1   0   1   1  13   1   0   0   1  0.11 0.03
  157 F    -1  -2   1  -1  -2  -1  -2  -2  -1   0   1  -1   2   3  -2  -1   2  -1   1   0    1   1  13   1   0   1   1   1   0   1  13   1  13  29   1   1  22   0   0   1  0.16 0.04
  158 A     1   0   4   0  -2   0   0  -1   0  -2  -2   1  -2  -3  -1   1   0  -3  -2  -2   17   1  46   1   0   1   1   1   0   1   1  13   0   1   1  13   1   0   0   1  0.34 0.05
  159 G     1  -2   1  -2  -2   1  -1   1  -2   0   2  -1   0  -1  -2  -1  -1  -3  -2   1   15   0  12   0   0  12   0  16   0   0  32   0   0   0   0   0   0   0   0  12  0.11 0.03
  160 K    -1   0   2  -1  -2   0   1   1  -1  -1  -2   2  -1  -3  -2   0   2  -3  -2   0    0   0  12   0   0   0  11  12   0   0   0  31   0   0   0   0  23   0   0  12  0.20 0.04
  161 A     1  -3  -3  -3  -1  -2  -3  -3  -3   3   2  -2   3   0  -3  -2  -1  -3  -2   1   16   0   0   0   0   0   0   0   0  47  25   0  12   0   0   0   0   0   0   0  0.31 0.05
  162 T    -1   3  -1  -1  -3   1   0  -2  -1  -3  -3   5  -2  -3  -2   0   1  -3  -2  -2    0  12   0   0   0   0   0   0   0   0   0  71   0   0   0   0  16   0   0   0  0.56 0.08
  163 I    -2  -3  -4  -4  -2  -3  -3  -4  -2   1   1  -3   0   4  -4  -3  -2   7   3   0    0   0   0   0   0   0   0   0   0  16  15   0   0  32   0   0   0  25  12   0  0.73 0.07
  164 N    -2  -1   7   1  -3  -1  -1  -1   0  -4  -4  -1  -3  -4  -3   0  -1  -4  -3  -4    0   0 100   0   0   0   0   0   0   0   0   0   0   0   0   0   0   0   0   0  1.12 0.13
  165 R    -2   4  -2  -3  -3   0  -1  -3  -1   1   1   0   2   2  -3  -2  -1  -2  -1   0    0  51   0   0   0   0   0   0   0  15  12   0  11  12   0   0   0   0   0   0  0.33 0.06
  166 K    -1   2  -1  -1  -4   1   2  -2  -1  -3  -3   5  -2  -4  -2  -1  -1  -4  -2  -3    0   0   0   0   0   0  11   0   0   0   0  89   0   0   0   0   0   0   0   0  0.73 0.10
  167 A     4  -2  -1  -2  -1  -1  -1   0  -2  -2  -2  -1  -1  -3  -1   2   0  -3  -2  -1   76   0   0   0   0   0   0   0   0   0   0   0   0   0   0  24   0   0   0   0  0.51 0.08
  168 E    -2  -1   0   5  -4   1   4  -2  -1  -4  -4   0  -3  -4  -2  -1  -1  -4  -3  -3    0   0   0  55   0   0  45   0   0   0   0   0   0   0   0   0   0   0   0   0  0.86 0.09
  169 T     0  -2   0  -1  -1  -1  -1  -2  -2  -1  -2  -1  -1  -3  -2   2   5  -3  -2  -1    0   0   0   0   0   0   0   0   0   0   0   0   0   0   0  11  89   0   0   0  0.68 0.11
  170 S     0  -2  -1   1  -1  -1  -1  -2  -2   1  -1  -1  -1  -2  -2   1   2  -3  -2   3    0   0   0  12   0   0   0   0   0   0   0   0   0   0   0  19  26   0   0  43  0.22 0.06
  171 S    -1  -1   0   3  -3   1   4  -2  -1  -3  -3   0  -2  -3  -1   2   1  -4  -3  -2    0   0   0  26   0   0  43   0   0   0   0   0   0   0   0  19  12   0   0   0  0.51 0.06
  172 A     3  -2  -2  -2  -1  -1  -2  -1  -1   1   0  -1   2  -1  -2   1   0  -2   2   1   40   0   0   0   0   0   0   0   0  10   0   0  12   0   0  15   0   0  11  12  0.17 0.04
  173 H    -1   0  -1  -1  -3   0   0  -2   4  -3  -3   3  -2  -3   4   0   2  -3  -1  -2    0   0   0   0   0   0   0   0  19   0   0  32   0   0  23   0  26   0   0   0  0.49 0.07
  174 D    -1  -1   2   3  -3   1   4  -2  -1  -3  -3   0  -2  -3  -2   2   0  -4  -2  -3    0   0  12  19   0   0  43   0   0   0   0   0   0   0   0  26   0   0   0   0  0.51 0.06
  175 V    -1  -3  -3  -4  -1  -2  -3  -4  -3   3   2  -3   3  -1  -3  -2  -1  -3  -1   3    0   0   0   0   0   0   0   0   0  23  20   0  12   0   0   0   0   0   0  45  0.38 0.05
  176 A     5  -2  -2  -2  -1  -1  -1   0  -2  -2  -2  -1  -1  -3  -1   1  -1  -3  -2  -1  100   0   0   0   0   0   0   0   0   0   0   0   0   0   0   0   0   0   0   0  0.64 0.11
  177 K    -1   1  -1  -1  -3   1   0  -2  -1  -3  -3   5  -2  -3  -2   0   2  -3  -2  -2    0   0   0   0   0   0   0   0   0   0   0  79   0   0   0   0  21   0   0   0  0.57 0.09
  178 R     0   2   2   4  -3   0   0  -1  -1  -3  -3   2  -2  -3  -2   1  -1  -4  -2  -3   11  19  12  34   0   0   0   0   0   0   0  15   0   0   0  10   0   0   0   0  0.37 0.04
  179 I    -1  -3  -3  -4  -1  -2  -3  -4  -3   3   3  -3   3   0  -3  -3  -1  -2  -1   2    0   0   0   0   0   0   0   0   0  30  43   0  12   0   0   0   0   0   0  15  0.40 0.05
  180 F    -3  -3  -4  -4  -3  -4  -4  -4  -2  -1   0  -4  -1   7  -4  -3  -3   0   3  -1    0   0   0   0   0   0   0   0   0   0   0   0   0 100   0   0   0   0   0   0  1.17 0.13
  181 S     2   2   0  -1  -2   0   0  -1  -1  -3  -3   2  -2  -3  -1   3   0  -3  -2  -2   23  12   0   0   0   0   0   0   0   0   0  15   0   0   0  51   0   0   0   0  0.35 0.06
  182 K     2   3  -1  -2  -2   0   0  -2  -1  -1  -2   3  -1  -3  -2   0  -1  -3  -2   0   26  22   0   0   0   0   0   0   0   0   0  40   0   0   0   0   0   0   0  12  0.31 0.05
  183 V    -1  -3  -4  -4  -1  -3  -3  -4  -3   3   3  -3   1   0  -3  -3  -1  -3  -1   3    0   0   0   0   0   0   0   0   0  22  48   0   0   0   0   0   0   0   0  30  0.41 0.05
  184 Q    -1   3   2  -1  -3   4   1  -2   0  -3  -3   3  -1  -4  -2   0  -1  -3  -2  -3    0  23  12   0   0  39   0   0   0   0   0  26   0   0   0   0   0   0   0   0  0.54 0.07
  185 F    -1  -2  -2  -3  -2   1  -2  -3  -2   1   2  -2   1   4  -3  -1   1  -1   1   1    0   0   0   0   0  11   0   0   0  12  20   0   0  30   0   0  12   0   0  15  0.21 0.04
  186 Q    -1   0  -1  -1  -4   6   2  -2   0  -4  -3   1  -1  -4  -2  -1  -1  -3  -2  -3    0   0   0   0   0  90  10   0   0   0   0   0   0   0   0   0   0   0   0   0  0.94 0.13
  187 P    -1  -3  -3  -2  -4  -2  -2  -3  -3  -3  -4  -2  -3  -4   8  -1  -2  -4  -4  -3    0   0   0   0   0   0   0   0   0   0   0   0   0   0 100   0   0   0   0   0  2.30 0.14
  188 T    -1  -2  -2  -3  -2  -2  -2  -3  -1   2   0  -2   0   3  -3   0   2  -1   3   1    0   0   0   0   0   0   0   0   0  22   0   0   0  23   0  12  19   0  15  10  0.22 0.04
  189 T     1  -2  -1  -2  -1  -1  -2  -2  -2   0  -1  -1  -1  -2   2   0   4  -3  -2   2   12   0   0   0   0   0   0   0   0   0   0   0   0   0  12   0  51   0   0  26  0.35 0.06
  190 T    -2   1  -2  -3  -2  -1  -2  -3  -1  -1  -1  -1  -1   4  -3  -1   2   0   4  -1    0  15   0   0   0   0   0   0   0   0   0   0   0  33   0   0  30   0  22   0  0.38 0.07
  191 I     1  -2  -2  -2  -2  -2  -2  -2  -1   2   0  -2   0   0  -2   1   1  -1   4   0   11   0   0   0   0   0   0   0   0  30   0   0   0   0   0  20  12   0  26   0  0.20 0.05
  192 Q    -2   2   2   1  -3   3   0  -2   3  -3  -3   0  -2  -1  -2  -1  -1   5   2  -3    0  12  15  12   0  30   0   0  10   0   0   0   0   0   0   0   0  11  10   0  0.42 0.06
  193 H    -2   1   2   4  -3   0   0  -2   4  -2   0   0  -1  -2  -2  -1  -1  -3  -1  -2    1  12  11  34   0   0   1   1  19   1  16   1   0   0   1   1   1   0   0   1  0.28 0.04
  194 A     1   1  -1  -2  -1  -1  -1  -1  -1   0   1   0   0  -1  -1   0   1  -2  -1   1   21  13   1   1   0   1   1   2   1   1  22   1   1   1   1   2  16   0   1  13  0.07 0.02
  195 P     0  -1  -1   0  -2   0   2  -1  -1  -1  -1   0  -1   1   1   1   0   5   0  -1    3   2   2   2   1   2  26   3   1   2   3   2   1  11   9  15   2  11   1   2  0.21 0.02
  196 S     0  -1   1  -1  -2   1   0   2   0  -2  -2   0  -2  -1  -1   2   0  -1   2  -2    1   1  11   1   0  12   1  23   0   1   1   1   0   1   1  31   1   0  12   1  0.24 0.03
  197 E    -1  -1  -1   1  -2   0   2  -2  -1   0   1  -1   3   2  -2  -1   1  -1  -1  -1    1   1   1  12   0   1  20   1   0   1  11   1  23  12   1   1  11   0   0   1  0.12 0.03
  198 T     0   0  -1  -1  -2   0  -1   2  -2   0  -1   2   1  -2   2   0   1  -2  -2  -1    1   1   1   1   0   1   1  24   0   7   1  21  12   1  12   1  13   0   0   1  0.19 0.03
  199 D    -1   1   0   3  -2  -1   0  -2  -2   2  -1  -1  -1  -2  -2   0  -1  -3  -2   1    1  11   1  31   0   1   1   1   0  24   1   1   0   1   1  11   1   0   0  12  0.15 0.03
  200 P    -1  -2  -1  -1  -2  -1  -1   1  -2  -3  -3  -1  -2  -3   7   1  -1  -3  -3  -2    1   1   1   1   0   1   1  13   0   1   1   1   0   1  63  13   1   0   0   1  1.15 0.07
  201 R    -1   4  -1  -1  -4   3   2   2  -1  -4  -3   1  -2  -3  -2  -1  -1  -3  -2  -3    0  42   0   0   0  26  12  20   0   0   0   0   0   0   0   0   0   0   0   0  0.50 0.07
  202 N    -1  -1   5   2  -2   0   0  -1   0  -1  -2  -1  -2  -2  -2   0   0  -3  -2   0    2   1  57  13   0   1   1   2   0   1   2   1   0   1   1   1   1   0   1  13  0.41 0.05
  203 L    -1   1   1  -1  -2   0  -1   1  -1  -1   1   1   0  -1  -1   0   1  -2  -1  -1    2  13  13   1   0   1   1  13   0   1  21  16   0   1   1   1  13   0   1   1  0.09 0.02
  204 L    -2  -3  -4  -4  -2  -3  -3  -4  -3   4   3  -3   1   0  -3  -3  -1  -2  -2   2    0   0   0   0   0   0   0   0   0  48  52   0   0   0   0   0   0   0   0   0  0.49 0.07
  205 F    -1  -1  -2  -1  -3   1   2  -3  -1   0  -1  -1  -1   4  -3  -1  -1  -1   3   1    0   0   0   0   0  10  26   0   0   0   0   0   0  30   0   0   0   0  12  21  0.26 0.05
  206 I    -1  -2  -3  -3  -2   1  -2  -4  -3   4   2  -2   2  -1  -3  -2  -1  -3  -2   3    0   0   0   0   0  10   0   0   0  45  12   0  12   0   0   0   0   0   0  21  0.31 0.05
  207 N     1  -2   3   2  -3  -1  -1   4  -1  -4  -4  -1  -3  -3  -2   0  -1  -3  -3  -3   12   0  30  15   0   0   0  43   0   0   0   0   0   0   0   0   0   0   0   0  0.55 0.06
  208 F    -2  -3  -3  -4  -2  -2  -3  -4  -2   2   3  -3   3   3  -3  -3  -2   0   3   0    0   0   0   0   0   0   0   0   0  11  44   0  12  19   0   0   0   0  15   0  0.38 0.05
  209 A     1  -2  -2  -3   3  -2  -2   1  -3   0   1  -2   0  -1  -2   0   1  -3  -2   2   19   0   0   0  12   0   0  15   0   0  20   0   0   0   0   0  12   0   0  23  0.16 0.03
  210 S     0  -1   2  -1  -2  -1  -1   3  -1  -3  -3  -1  -2  -3  -2   3   2  -3  -2  -2    0   0  12   0   0   0   0  26   0   0   0   0   0   0   0  42  20   0   0   0  0.41 0.06
  211 R    -2   5   2   4  -4   0   0  -2  -1  -4  -3   1  -2  -4  -2  -1  -1  -4  -3  -3    0  57  10  33   0   0   0   0   0   0   0   0   0   0   0   0   0   0   0   0  0.65 0.08
  212 N     0  -1   1   1  -3   1   4  -2  -1  -3  -3   0  -2  -3  -1   2   1  -3  -2  -2    0   0   7   0   0   0  55   0   0   0   0   0   0   0   0  27  12   0   0   0  0.50 0.07
  213 W    -3  -3  -3  -4  -2  -2  -3  -3  -2  -3  -2  -3  -2   0  -3  -3  -2  11   1  -3    1   1   1   1   0   1   1   1   0   1   1   1   0   1   1   1   1  86   0   1  2.31 0.14
  214 N    -1  -1   2   1  -2  -1  -1  -2  -1   1  -1   1  -1  -2  -2   0   1  -3  -2   1    1   1  19  12   0   1   1   1   0  12   1  11   0   1   1   1  11   0   0  24  0.10 0.02
  215 R    -2   6   2  -1  -4   0  -1  -3  -1  -4  -3   2  -2  -3  -3  -1  -1  -3  -2  -3    0  85  15   0   0   0   0   0   0   0   0   0   0   0   0   0   0   0   0   0  0.88 0.11
  216 K    -1   0   2  -1  -2   3   0  -2  -1  -1  -2   2  -1  -3  -2   1   1  -3  -2   0    0   0  12   0   0  32   0   0   0   0   0  21   0   0   0  12  12   0   0  12  0.27 0.05
  217 R     0   3  -1   0  -3   2   3  -2  -1  -3  -2   1  -2  -3   2   0   1  -3  -2  -2   12  29   0   0   0  10  26   0   0   0   0   0   0   0  11   0  12   0   0   0  0.38 0.05
  218 I    -1   0  -2  -2  -2   0  -1  -3  -2   2   0   3   2   1  -2  -1  -1  -2  -1   1    0   0   0   0   0   0   0   0   0  35   0  42  11  12   0   0   0   0   0   0  0.16 0.03
  219 T     0  -1   0   0  -2   2   2  -2  -1   0  -1   0  -1  -2  -1   2   3  -3  -2  -1    0   0   0   0   0  11  20   0   0  11   0   0   0   0   0  22  35   0   0   0  0.26 0.03
  220 T    -1  -2  -1  -2  -1  -1  -2  -2  -2   2   0  -1   0  -2  -2   0   4  -3  -2   1    0   0   0   0   0   0   0   0   0  31   0   0   0   0   0   0  69   0   0   0  0.38 0.05
  221 R    -2   6  -1  -2  -4   1   0  -3  -1  -3  -2   2   1  -3  -2  -1  -1  -3  -2  -2    0  80   0   0   0   0   0   0   0   0   0  10  10   0   0   0   0   0   0   0  0.72 0.06
  222 V    -1  -3  -4  -4  -1  -3  -3  -4  -4   4   2  -3   1  -1  -3  -2  -1  -3  -2   3    0   0   0   0   0   0   0   0   0  61  10   0   0   0   0   0   0   0   0  29  0.44 0.04
  223 D    -2  -2   2   6  -4  -1   1  -2  -1  -4  -4  -1  -3  -4  -2  -1  -1  -5  -3  -4    0   0  10  90   0   0   0   0   0   0   0   0   0   0   0   0   0   0   0   0  1.04 0.06
  224 I    -2  -1  -1   1  -3   0   3  -3  -1   1  -1  -1  -1   2  -2  -1  -1  -1   2   0    0   0   0  10   0   0  41   0   0  21   0   0   0  18   0   0   0   0  10   0  0.24 0.03
  225 K     1   1  -1  -1  -2   1   0  -2  -1  -1   0   4  -1  -2  -1   0  -1  -3  -2   0   20   0   0   0   0   8   0   0   0   0  10  52   0   0   0   0   0   0   0  10  0.23 0.03
  226 Q    -1   0   0  -1  -3   6   1  -2   0  -2   0   1   0  -3  -2   1  -1  -2  -2  -2    0   0   0   0   0  80   0   0   0   0  10   0   0   0   0  10   0   0   0   0  0.60 0.06
  227 S     0   0   5   0  -2   0   0  -1   0  -3  -3   1  -2  -3  -2   2   0  -4  -2  -2   10   0  58   0   0   0   0   0   0   0   0  10   0   0   0  21   0   0   0   0  0.50 0.04
  228 V    -1  -3  -3  -2  -2  -2  -2  -3  -3   0  -1  -2  -1  -3   6  -1  -1  -4  -2   2    0   0   0   0   0   0   0   0   0   0   0   0   0   0  58   0   0   0   0  42  1.03 0.05
  229 T     3  -2  -1  -2  -1  -1  -1  -1  -2  -1   0  -1  -1  -2  -1   2   2  -3  -2   0   54   0   0   0   0   0   0   0   0   0  10   0   0   0   0  21  16   0   0   0  0.29 0.03
  230 M    -1  -2  -3  -3  -2  -2  -2  -4  -3   4   2   0   2  -1  -3  -2  -1  -3  -2   3    0   0   0   0   0   0   0   0   0  49  10  10   8   0   0   0   0   0   0  24  0.29 0.03
  231 D    -1  -1   0   2  -4   1   6  -2  -1  -4  -3   0  -3  -4  -2  -1  -1  -3  -3  -3    0   0   0   8   0   0  92   0   0   0   0   0   0   0   0   0   0   0   0   0  0.87 0.06
  232 T    -1   0   0  -1  -2   1   0  -2   2  -2  -2   2  -1  -1  -2   1   3  -2   2  -1    0   0   0   0   0   8   0   0  10   0   0  19   0   0   0  10  42   0  10   0  0.26 0.03
  233 E    -1  -1  -1   1  -3   1   5  -3  -1   0  -1   0  -1  -3  -2  -1  -1  -3  -2   1    0   0   0   0   0   0  71   0   0  10   0   0   0   0   0   0   0   0   0  20  0.45 0.05
  234 T     0  -2  -1  -2  -1  -2  -2  -3  -3   2   0  -2   0  -2  -2   0   4  -3  -2   2    0   0   0   0   0   0   0   0   0  11   0   0   0   0   0   0  60   0   0  29  0.35 0.04
  235 I    -1  -3  -2   1  -2  -2  -2  -3  -3   3   1  -2   1  -1  -3  -2   1  -3  -2   2    0   0   0  11   0   0   0   0   0  51  10   0   0   0   0   0  10   0   0  18  0.25 0.03
  236 V     1  -2  -2  -3  -1  -2  -2  -3  -3   2   0  -2   0  -1  -2  -1   2  -3  -2   4   10   0   0   0   0   0   0   0   0  10   0   0   0   0   0   0  19   0   0  61  0.28 0.04
  237 E    -1   0   0   2  -4   2   5  -2  -1  -3  -3   0  -2  -4  -1   0   1  -3  -2  -2    0   0   0   8   0  10  71   0   0   0   0   0   0   0   0   0  10   0   0   0  0.65 0.05
  238 R    -2   6  -1  -2  -4   1  -1  -3  -1  -4  -3   2  -2  -3  -3  -1  -2  -3  -2  -3    0 100   0   0   0   0   0   0   0   0   0   0   0   0   0   0   0   0   0   0  0.99 0.07
  239 S     1  -1   0  -1  -1   0  -1  -1  -1  -3  -3  -1  -2  -3  -1   5   1  -3  -2  -2    0   0   0   0   0   0   0   0   0   0   0   0   0   0   0 100   0   0   0   0  0.63 0.07
  240 A     1   0   5   0  -2   1   0  -1   0  -3  -3   1  -2  -3  -2   0   0  -4  -2  -2   25   0  57   0   0   9   0   0   0   0   0   9   0   0   0   0   0   0   0   0  0.45 0.04
  241 Y    -2  -2  -3  -4  -3  -2  -3  -4   1  -2  -1  -2  -1   3  -4  -2  -2   2   7  -2    0   0   0   0   0   0   0   0   0   0   0   0   0   9   0   0   0   0  91   0  1.12 0.08
  242 N    -2  -1   7   1  -3   0  -1  -1   0  -4  -4  -1  -3  -4  -3   0   0  -4  -3  -3    0   0 100   0   0   0   0   0   0   0   0   0   0   0   0   0   0   0   0   0  1.00 0.08
  243 F    -2  -2  -3  -4  -3  -2  -3  -3   0  -1   0  -3   2   5  -4  -2  -2   1   6  -1    0   0   0   0   0   0   0   0   0   0   0   0  10  43   0   0   0   0  47   0  0.76 0.05
  244 A     2  -2  -3  -3   3  -2  -2  -2  -3   2   2  -2   1  -1  -2  -1  -1  -2  -2   1   33   0   0   0   9   0   0   0   0  19  31   0   0   0   0   0   0   0   0   7  0.21 0.02
  245 V    -1  -1   4   1  -2  -1  -1  -2  -1   0  -1   0  -1  -2  -2   1   0  -4  -2   2    0   0  38   7   0   0   0   0   0   0   0   9   0   0   0  11   0   0   0  35  0.22 0.03
  246 V     2  -2  -3  -3  -1  -2  -2  -2  -3   2   0  -2   0  -1  -2  -1   0  -3  -2   3   31   0   0   0   0   0   0   0   0   9   0   0   0   0   0   0   0   0   0  60  0.29 0.04
  247 F    -2  -3  -3  -4  -3  -2  -3  -4   0  -1  -1  -3  -1   5  -4  -2  -2   1   6  -1    0   0   0   0   0   0   0   0   0   0   0   0   0  42   0   0   0   0  58   0  0.91 0.06
  248 V    -1  -3  -3  -4  -1  -3  -3  -4  -4   4   1  -3   1  -1  -3  -2  -1  -3  -2   4    0   0   0   0   0   0   0   0   0  41   0   0   0   0   0   0   0   0   0  59  0.45 0.04
  249 K    -1   2  -1  -1  -4   1   0  -2  -1  -3  -3   6  -2  -4  -1  -1  -1  -3  -2  -3    0   0   0   0   0   0   0   0   0   0   0 100   0   0   0   0   0   0   0   0  0.73 0.07
  250 N    -1  -1   4   2  -2   0   0  -1   0  -1  -2   0  -1  -2  -1   1   1  -3  -2   0    2   1  47  10   0   1   1   1   0   1   2   1   0   1   1   8  11   0   1  10  0.30 0.02
  251 K     1   0   0  -1  -1   0   0  -1  -1  -2  -2   2  -1  -2   2   1   1  -2  -2  -1   18   1   1   1   0   1   1   2   0   1   2  30   0   1  10  17  11   0   1   1  0.21 0.01
  252 A     1  -1   2   1  -2   0   1  -1  -1  -2  -1  -1  -1  -2   2   2   1  -3  -2  -1   17   0  15   7   0   0  12   0   0   0  10   0   0   0  10  20   9   0   0   0  0.21 0.02
  253 T     1  -1   2   2  -2   1   0  -1  -1  -2  -2  -1  -1  -3  -1   1   3  -3  -2  -1   18   0  10  20   0  11   0   0   0   0   0   0   0   0   0   0  41   0   0   0  0.30 0.03
  254 D    -1  -2   0   4  -3   0   2   4  -2  -4  -4  -1  -3  -4  -2   0  -1  -4  -3  -3    0   0   0  43   0   0  16  41   0   0   0   0   0   0   0   0   0   0   0   0  0.64 0.04
  255 D     0   1   0   3  -3   1   0  -2   2  -2  -1   1  -1  -2  -2   0   0  -3  -2  -2   10   9   0  35   0   9   0   0   9   0  11   7   0   0   0   0  10   0   0   0  0.23 0.02
  256 Y    -2  -2  -3  -4  -3  -2  -3  -4   1  -2  -2  -2  -2   3  -4  -2  -2   2   8  -2    0   0   0   0   0   0   0   0   0   0   0   0   0   0   0   0   0   0 100   0  1.23 0.09
  257 T    -1  -2   1   1  -3  -1  -1   1  -2  -1  -2  -1  -2  -3   6   0   1  -4  -3  -1    0   0  11  10   0   0   0  10   0   6   0   0   0   0  44   0  12   0   0   6  0.67 0.03
  258 D     0  -1   0   3  -2   0   1  -1  -1  -3  -3  -1  -2  -3   2   2   2  -3  -2  -2    0   0   0  25   0   0  10   0   0   0   0   0   0   0  11  36  18   0   0   0  0.40 0.03
  259 P    -1   1   1  -2  -3  -1  -1  -2   0  -2  -2   1  -2   0   4   0   1   5   3  -2    0   9   9   0   0   0   0   0   0   0   0   9   0   0  25   7  10  11  20   0  0.46 0.03
  260 P    -1  -2  -1  -1  -3   1  -1   1  -2  -3  -3  -1  -2  -4   6   1  -1  -4  -3  -3    0   0   0   0   0  11   0  10   0   0   0   0   0   0  61  18   0   0   0   0  1.14 0.05
  261 K    -1   1   2  -1  -3   2   0  -2  -1  -1  -2   4  -1  -3  -2   0  -1  -3  -2  -2    0   0  11   0   0  10   0   0   0   9   0  70   0   0   0   0   0   0   0   0  0.43 0.05
  262 M    -1  -1  -1   0  -2   2  -1   0  -1   1   1  -1   3  -1  -2  -1   1  -2  -2   0    0   0   0   9   0  20   0   9   0  10  11   0  25   0   0   0  17   0   0   0  0.12 0.03
  263 Y    -2  -2  -3  -4  -3  -2  -3  -4   1  -2  -2  -2  -2   3  -4  -2  -2   2   8  -2    0   0   0   0   0   0   0   0   0   0   0   0   0   0   0   0   0   0 100   0  1.23 0.09
  264 I     0  -2  -1  -2  -1  -1  -1  -2  -2   0  -1  -1  -1  -2  -2   1   5  -3  -2   0    0   0   0   0   0   0   0   0   0   6   0   0   0   0   0   0  94   0   0   0  0.61 0.07
  265 A     1  -2  -3  -3  -1  -2  -2  -2  -3   3   2  -2   2  -1  -2  -1  -1  -2  -2   2   25   0   0   0   0   0   0   0   0  36  20   0  10   0   0   0   0   0   0   9  0.22 0.02
  266 K    -2   0   4   4  -3   0   1  -1  -1  -3  -4   2  -3  -4  -2   0  -1  -4  -3  -3    0   0  35  40   0   0   0   0   0   0   0  25   0   0   0   0   0   0   0   0  0.58 0.04
  267 N    -2  -2   4   6  -4  -1   1  -1  -1  -4  -4  -1  -3  -4  -2   0  -1  -5  -3  -4    0   0  33  67   0   0   0   0   0   0   0   0   0   0   0   0   0   0   0   0  0.86 0.05
  268 N    -1   0   5   2  -3   2   0  -1   0  -3  -3   1  -2  -3  -2   1   0  -4  -2  -3    0   0  53  10   0  11   0   0   0   0   0  10   0   0   0  16   0   0   0   0  0.50 0.04
  269 G    -1  -2   4   2  -3  -1  -1   4  -1  -4  -4  -1  -3  -4  -2   0  -1  -3  -3  -3    0   0  31  18   0   0   0  51   0   0   0   0   0   0   0   0   0   0   0   0  0.65 0.04
  270 D    -1   1   4   3  -3   0   1   0  -1  -2  -3   0  -2  -3  -2   0  -1  -4  -2  -1    0  11  37  25   0   0  10   7   0   0   0   0   0   0   0   0   0   0   0   9  0.37 0.03
  271 V    -1  -3  -3  -4  -1  -3  -3  -4  -3   2   2  -3   1  -1  -3  -2  -1  -3  -1   4    0   0   0   0   0   0   0   0   0   6  28   0   0   0   0   0   0   0   0  66  0.40 0.04
  272 I    -1  -3  -3  -4  -1  -3  -3  -4  -4   3   1  -3   1  -1  -3  -2   0  -3  -2   4    0   0   0   0   0   0   0   0   0  25   0   0   0   0   0   0   0   0   0  75  0.47 0.05
  273 D     0  -1   2   6  -3   0   1  -1  -1  -3  -4   0  -3  -4  -2   0  -1  -4  -3  -3    9   0  10  72   0   0   0   0   0   0   0   9   0   0   0   0   0   0   0   0  0.73 0.05
  274 Y    -1  -2  -3  -4  -2  -2  -3  -4  -1   1   3  -2   4   1  -3  -2  -1   0   4   1    0   0   0   0   0   0   0   0   0   0  37   0  28   0   0   0   0   0  25  10  0.35 0.04
  275 S     0   1   2   2  -2   0   1  -1  -1  -3  -3   1  -2  -3  -1   3   0  -3  -2  -2    0  10   9  17   0   0  10   0   0   0   0  11   0   0   0  43   0   0   0   0  0.34 0.03
  276 T     0   0   4   0  -2   0  -1  -1  -1  -2  -3   1  -2  -3  -2   2   3  -3  -2  -2    0   0  36   0   0   0   0   0   0   0   0  11   0   0   0  20  34   0   0   0  0.39 0.04
  277 Y    -2  -2  -3  -4  -3  -2  -3  -4   1  -2  -2  -2  -2   3  -4  -2  -2   2   8  -2    0   0   0   0   0   0   0   0   0   0   0   0   0   0   0   0   0   0 100   0  1.23 0.09
  278 H    -1   2   0   1  -3   1   0  -2   4  -2  -2   2  -1  -3  -2   0   2  -3  -1  -2    0  10   0   9   0   9   0   0  25   0   0  20   0   0   0   0  27   0   0   0  0.31 0.03
  279 G     0  -3  -1  -2  -3  -2  -2   6  -2  -4  -4  -2  -3  -4   2  -1  -2  -3  -3  -4    0   0   0   0   0   0   0  91   0   0   0   0   0   0   9   0   0   0   0   0  1.08 0.05
  280 D    -2  -2   1   6  -3  -1   1  -2  -2  -1  -3  -1  -2  -3  -2   0   0  -4  -3  -2    0   0   0  82   0   0   0   0   0   9   0   0   0   0   0   0   9   0   0   0  0.79 0.06
  281 G     0  -3  -1  -2  -3  -2  -3   6  -3  -3  -1  -2  -2  -3  -3  -1  -2  -3  -3  -3    0   0   0   0   0   0   0  91   0   0   9   0   0   0   0   0   0   0   0   0  0.98 0.05
  282 T     0  -1   1  -1  -2  -1  -1  -2   4  -1  -1  -1  -1  -2  -2   2   3  -3  -1  -1    0   0   9   0   0   0   0   0  19   0   9   0   0   0   0  21  42   0   0   0  0.29 0.03
  283 D    -2  -2   2   6  -4   0   2  -2  -1  -4  -4  -1  -3  -4  -2   0  -1  -5  -3  -4    0   0   9  80   0   0  10   0   0   0   0   0   0   0   0   0   0   0   0   0  0.93 0.05
  284 L    -2  -3  -4  -4  -2  -3  -3  -4  -3   1   5  -3   2   0  -3  -3  -2  -2  -1   1    0   0   0   0   0   0   0   0   0   0 100   0   0   0   0   0   0   0   0   0  0.60 0.05
  285 P    -1  -3  -3  -2  -3  -2  -2  -3  -3  -3  -3  -2  -3  -4   8  -1  -2  -4  -4  -3    0   0   0   0   0   0   0   0   0   0   0   0   0   0 100   0   0   0   0   0  2.23 0.08
  286 D    -1   0   0   3  -3   1   4   0  -1  -3  -3   2  -2  -3  -1   1  -1  -3  -2  -3    0   0   0  18   0   0  43   7   0   0   0  20   0   0   0  11   0   0   0   0  0.45 0.03
  287 V    -1   0  -1  -2  -2   5   0  -3  -1   0   0   0   2  -2  -2  -1  -1  -3  -2   2    0   0   0   0   0  55   0   0   0   0   0   0  11   0   0   0   0   0   0  34  0.34 0.05
  288 R    -2   6  -1  -2  -4   1  -1  -3  -1  -4  -3   2  -2  -3  -3  -1  -2  -3  -2  -3    0 100   0   0   0   0   0   0   0   0   0   0   0   0   0   0   0   0   0   0  1.00 0.07
  289 T    -1  -2  -2  -3  -1  -2  -2  -3  -3   3   2  -2   1  -1  -2  -1   3  -3  -2   2    0   0   0   0   0   0   0   0   0  30  20   0   0   0   0   0  37   0   0  14  0.26 0.03
  290 A     2  -2  -2  -3  -1  -2  -2  -2  -3   2   0  -2   2  -1  -2  -1   1  -3  -2   3   25   0   0   0   0   0   0   0   0  18   0   0  10   0   0   0  11   0   0  36  0.20 0.03
  291 K    -1   2  -1  -1  -4   1   0  -2  -1  -3  -3   6  -2  -4  -1  -1  -1  -3  -2  -3    0   0   0   0   0   0   0   0   0   0   0 100   0   0   0   0   0   0   0   0  0.73 0.07
  292 T     0  -1   0  -1  -1  -1  -1  -2  -2  -1  -2  -1  -1  -3  -1   2   5  -3  -2  -1    0   0   0   0   0   0   0   0   0   0   0   0   0   0   0  10  90   0   0   0  0.62 0.06
  293 L    -1  -2  -2  -3  -2   1  -2  -3  -2   1   3  -2   3   0  -3   0  -1  -2  -1   1    0   0   0   0   0  10   0   0   0   0  53   0  16   0   0  10   0   0   0  11  0.25 0.03
  294 F    -3  -3  -4  -4  -3  -4  -4  -4  -2  -1   0  -4   0   7  -4  -3  -3   1   3  -1    0   0   0   0   0   0   0   0   0   0   0   0   0 100   0   0   0   0   0   0  1.05 0.07
  295 Y    -2  -2  -3  -4  -3  -2  -3  -4   1  -2  -1  -2  -1   4  -4  -2  -2   2   7  -2    0   0   0   0   0   0   0   0   0   0   0   0   0  10   0   0   0   0  90   0  1.11 0.08
  296 D    -2  -2   1   7  -4  -1   1  -2  -2  -4  -4  -1  -4  -4  -2  -1  -1  -5  -4  -4    0   0   0 100   0   0   0   0   0   0   0   0   0   0   0   0   0   0   0   0  1.16 0.07
  297 R    -1   3   0   1  -3   1   4  -2   0  -3  -2   2  -2  -3  -1   0  -1  -3  -2  -2    1  25   1   1   0   0  56   1   0   1   1  10   0   0   1   1   1   0   0   1  0.50 0.03
  298 D    -1   0   0   3  -2   2   2  -1   0  -2  -2   0  -1  -2  -1   0  -1  -2  -1  -2    3   2   2  27   1  19  21   3   1   2   4   2   1   2   2   3   2   1   1   3  0.28 0.01
  299 D     0   0   0   2  -1   0   2   0   0  -1  -1   0  -1  -1   0   0   0  -1  -1  -1    6   4   3  17   1   3  17   6   2   4   7   4   2   3   4   5   4   1   2   5  0.09 0.00
  300 H     0   0   0   2  -1   0   0  -1   4  -1  -1   0  -1  -1   0   0   0  -1   0  -1    5   3   3  15   1   3   4   5  26   3   6   4   1   2   3   5   4   1   2   4  0.13 0.01
  301 G     0  -1   0   0  -1   0   0   4  -1  -1  -1   0  -1  -1   0   0   0  -1  -1  -1    5   3   3   3   1   3   4  41   1   3   6   4   1   2   3   5   4   1   2   4  0.20 0.00
  302 N     0   0   3   0  -1   0   0   0   0   0  -1   0   0  -1   0   0   0  -1  -1   0    5   3  28   3   1   3   4   5   1   3   6   4   1   2   3   5   4   1   2  15  0.07 0.00
  303 P     1  -1  -1  -1  -1  -1  -1  -1  -1  -1  -1  -1  -1  -2   5   0   0  -2  -1   0   22   2   2   2   1   2   2   3   1   2   3   2   1   1  38   3   2   0   1  11  0.50 0.01
  304 P     0  -2  -2  -2  -3  -2  -1  -2  -2  -3  -3  -1  -2  -4   7  -1   1  -4  -3  -2   10   0   0   0   0   0   0   0   0   0   0   0   0   0  79   0  11   0   0   0  1.58 0.06
  305 E    -1  -1   0   4  -2   0   1  -2  -2  -2  -3  -1  -2  -3  -1   1   3  -3  -2  -2    0   0   0  39   0   0   6   0   0   0   0   0   0   0   0  10  44   0   0   0  0.46 0.04
  306 L     0  -1   1   2  -2  -1  -1  -2  -1   0   1  -1   3  -1  -2   0   0  -2  -2   0   11   1  11  18   0   0   1   1   0   1  17   1  28   0   1   1   8   0   0   1  0.12 0.02
  307 S     3  -2  -1  -1  -1  -1  -1   2  -2  -2  -3  -1  -2  -3   2   2   0  -3  -2  -2   36   0   0   0   0   0   0  21   0   0   0   0   0   0  10  33   0   0   0   0  0.39 0.03
  308 T    -1   0   0   0  -3   4   4  -2   0  -3  -2   0  -1  -3  -1   0   2  -3  -2  -2    0   0   0   0   0  37  38   0   0   0   0   0   0   0   0   0  25   0   0   0  0.50 0.04
  309 I    -2  -3  -4  -4  -2  -3  -4  -4  -4   5   2  -3   1   0  -3  -3  -1  -3  -2   2    0   0   0   0   0   0   0   0   0  90  10   0   0   0   0   0   0   0   0   0  0.54 0.06
  310 K    -1   3  -1  -1  -4   1   0  -2  -1  -3  -3   5  -2  -4  -2  -1  -1  -3  -2  -3    0  11   0   0   0   0   0   0   0   0   0  89   0   0   0   0   0   0   0   0  0.68 0.06
  311 V     3  -2  -1  -2  -1  -1  -1  -1  -2  -1  -1  -1  -1   2  -2   2   0  -2   0   0   40   0   0   0   0   0   0   0   0   0   0   0   0  20   0  34   0   0   0   6  0.24 0.03
  312 E    -1   0  -1   1  -4   2   5  -3  -1  -3  -1   0  -1  -3  -2  -1  -1  -3  -2  -2    0   0   0   0   0  10  80   0   0   0  10   0   0   0   0   0   0   0   0   0  0.66 0.05
  313 I    -1  -3  -4  -4  -1  -3  -3  -4  -4   5   1  -3   1  -1  -3  -3  -1  -3  -2   3    0   0   0   0   0   0   0   0   0  80   0   0   0   0   0   0   0   0   0  20  0.51 0.05
  314 S     1  -1   0  -1  -1  -1  -1  -1  -2  -1  -1  -1   2  -2  -1   3   3  -3  -2  -1    9   0   0   0   0   0   0   0   0   0   0   0  18   0   0  46  27   0   0   0  0.30 0.04
  315 P    -1  -1  -2  -2  -3   1   0  -2  -2  -3  -3   2  -2  -4   7  -1  -1  -4  -3  -3    0   0   0   0   0  11   0   0   0   0   0  20   0   0  69   0   0   0   0   0  1.36 0.06
  316 S     0  -1   1   4  -2   0   0  -1  -1  -3  -3  -1  -2  -3  -1   3   0  -4  -3  -3    0   0   0  46   0   0   0   0   0   0   0   0   0   0   0  54   0   0   0   0  0.57 0.05
  317 T     0  -1   0  -1  -1  -1  -1  -1  -2  -2  -2  -1  -1  -3  -1   3   4  -3  -2  -1    0   0   0   0   0   0   0   0   0   0   0   0   0   0   0  40  60   0   0   0  0.50 0.05
  318 I    -1  -2  -2  -3  -1  -2  -2  -3  -3   3   0  -2   0   1  -2  -1   2  -2  -1   3    0   0   0   0   0   0   0   0   0  25   0   0   0  11   0   0  29   0   0  35  0.25 0.03
  319 V    -1  -3  -3  -4  -1  -3  -3  -4  -4   4   1  -3   1  -1  -3  -2  -1  -3  -2   4    0   0   0   0   0   0   0   0   0  38   0   0   0   0   0   0   0   0   0  62  0.45 0.04
  320 T     1  -1   1  -1  -1  -1  -1  -1  -2   0  -1  -1  -1  -2  -1   3   2  -3  -2   1   10   0   7   0   0   0   0   0   0  10   0   0   0   0   0  38  25   0   0  10  0.23 0.03
  321 R    -2   3   5   0  -3   0   0  -1   0  -3  -3   3  -2  -3  -2   0  -1  -4  -2  -3    0  25  50   0   0   0   0   0   0   0   0  25   0   0   0   0   0   0   0   0  0.54 0.04
  322 L    -2  -3  -4  -4  -2  -3  -3  -4  -3   4   3  -3   1   0  -3  -3  -1  -2  -1   2    0   0   0   0   0   0   0   0   0  55  45   0   0   0   0   0   0   0   0   0  0.45 0.04
  323 I    -2  -3  -3  -4  -2  -2  -3  -4   0   2   0  -3   0   4  -3  -2  -2   1   6   0    0   0   0   0   0   0   0   0   0  25   0   0   0  20   0   0   0   0  56   0  0.64 0.05
  324 F    -3  -3  -4  -4  -3  -4  -4  -4  -2  -1   0  -4   0   7  -4  -3  -3   1   3  -1    0   0   0   0   0   0   0   0   0   0   0   0   0 100   0   0   0   0   0   0  1.05 0.07
  325 N    -2  -1   7   1  -3   0  -1  -1   0  -4  -4  -1  -3  -4  -3   0   0  -4  -3  -3    0   0 100   0   0   0   0   0   0   0   0   0   0   0   0   0   0   0   0   0  1.00 0.08
  326 Q    -1   1   1  -1  -3   6   1  -2   0  -3  -3   1  -1  -4  -2   0  -1  -3  -2  -3    0   0   9   0   0  91   0   0   0   0   0   0   0   0   0   0   0   0   0   0  0.83 0.08
  327 N    -1  -1   5   2  -3  -1  -1  -1   3   1  -2  -1  -1  -2  -2   1   0  -4  -2  -1    0   0  50  10   0   0   0   0  10  19   0   0   0   0   0  11   0   0   0   0  0.35 0.04
  328 E    -1   0   1   0  -3   2   3  -2  -1  -3  -3   1  -2  -4   4   1  -1  -3  -2  -3    0   0  10   0   0   7  36   0   0   0   0   9   0   0  28  10   0   0   0   0  0.60 0.03
  329 L    -2  -2  -3  -4  -2  -2  -3  -4  -3   1   4   0   2   1  -3  -2  -1  -2  -1   0    0   0   0   0   0   0   0   0   0   0  84  10   0   6   0   0   0   0   0   0  0.41 0.04
  330 L    -1   1  -2  -2  -2   1  -1  -3   0   0   2  -1   3   1  -3   0  -1   0   4  -1    0  10   0   0   0  11   0   0   0   0  25   0  20   0   0  10   0   0  25   0  0.19 0.03
  331 P    -1  -1  -2  -1  -3   0   2  -2  -2  -3  -3   1  -3  -4   7  -1  -1  -4  -3  -3    0   0   0   0   0   0  20   0   0   0   0  10   0   0  70   0   0   0   0   0  1.40 0.06
  332 L    -2  -3  -4  -4  -2  -3  -3  -4  -3   2   4  -3   2   0  -3  -3  -1  -2  -1   1    0   0   0   0   0   0   0   0   0   9  91   0   0   0   0   0   0   0   0   0  0.55 0.05
  333 Y    -1  -1  -2  -2  -3   3   0  -3   1  -1  -1  -1  -1   1  -3  -1  -1   0   5   1    0   0   0   0   0  34   0   0   0   0   0   0   0   0   0   0   0   0  46  20  0.43 0.05
  334 V    -1  -3  -3  -4  -1  -3  -3  -4  -4   2   1  -3   1  -1  -3  -2   0  -3  -2   5    0   0   0   0   0   0   0   0   0   0  10   0   0   0   0   0   0   0   0  90  0.47 0.05
  335 N    -2  -1   7   1  -3   0  -1  -1   0  -4  -4  -1  -3  -4  -3   0   0  -4  -3  -3    0   0 100   0   0   0   0   0   0   0   0   0   0   0   0   0   0   0   0   0  1.00 0.08
  336 D    -2  -2   1   7  -4  -1   1  -2  -2  -4  -4  -1  -4  -4  -2  -1  -1  -5  -4  -4    0   0   0 100   0   0   0   0   0   0   0   0   0   0   0   0   0   0   0   0  1.16 0.07
  337 L    -2   1  -3  -4  -2  -2  -3  -4  -3   1   4  -2   2   0  -3  -3  -2  -2  -1   0    0  11   0   0   0   0   0   0   0   0  89   0   0   0   0   0   0   0   0   0  0.46 0.05
  338 V     1  -3  -3  -3  -1  -2  -3  -3  -3   2   0  -2   0  -1  -3  -2   0  -3  -2   5   10   0   0   0   0   0   0   0   0   0   0   0   0   0   0   0   0   0   0  90  0.43 0.05
  339 D    -1   1   2   4  -4   2   2  -2  -1  -3  -3   2  -2  -4  -2   0  -1  -4  -2  -3    0  10  11  34   0  10  18   0   0   0   0  16   0   0   0   0   0   0   0   0  0.48 0.03
  340 I    -1  -3  -3  -4  -1  -3  -3  -4  -3   4   2  -3   2   0  -3  -2  -1  -3  -1   3    0   0   0   0   0   0   0   0   0  51  21   0  10   0   0   0   0   0   0  19  0.38 0.03
  341 W    -3  -3  -4  -5  -3  -2  -3  -3  -2  -3  -2  -3  -2   1  -4  -3  -3  11   4  -3    0   0   0   0   0   0   0   0   0   0   0   0   0   0   0   0   0  80  20   0  2.24 0.09
  342 Y    -2  -2  -3  -4  -3  -2  -3  -4   1  -2  -2  -2  -2   3  -4  -2  -2   2   8  -2    0   0   0   0   0   0   0   0   0   0   0   0   0   0   0   0   0   0 100   0  1.23 0.09
  343 E    -1   0   3   4  -4   1   3  -2  -1  -3  -3   2  -2  -4  -2   0  -1  -4  -3  -3    0   0  17  33   0   0  23   0   0   0   0  27   0   0   0   0   0   0   0   0  0.51 0.03
  344 G     0  -3  -1   1  -3  -2  -2   6  -2  -4  -4  -2  -3  -4  -2  -1  -2  -3  -4  -4    0   0   0  10   0   0   0  90   0   0   0   0   0   0   0   0   0   0   0   0  1.04 0.05
  345 K    -1   2  -1  -1  -2   0   1  -2  -1   0  -2   3  -1  -3  -2   0   3  -3  -2  -1    0  10   0   0   0   0  10   0   0   9   0  35   0   0   0   0  37   0   0   0  0.27 0.03
  346 L     0   1   1  -1  -2   0   0  -2  -1   0   2   1   0  -1  -2   0   0  -3  -2   0    7   9  10   0   0   0   9   0   0   0  34  10   0   0   0  11   0   0   0   9  0.08 0.01
  347 Y    -2  -2  -3  -4  -3  -2  -3  -4   1  -2  -1  -2  -1   4  -4  -2  -2   2   7  -2    0   0   0   0   0   0   0   0   0   0   0   0   0  10   0   0   0   0  90   0  1.11 0.08
  348 S     0   1   3   0  -2   0   1  -1   3  -3  -3   0  -2  -3  -2   2   1  -3  -1  -2    0   9  28   0   0   0  10   0  10   0   0   0   0   0   0  32  11   0   0   0  0.33 0.03
  349 G     0  -3  -1  -2  -3  -2  -3   6  -2  -4  -4  -2  -3  -4  -3  -1  -2  -3  -4  -4    0   0   0   0   0   0   0 100   0   0   0   0   0   0   0   0   0   0   0   0  1.22 0.06
  350 Y    -2  -2  -1  -3  -3  -1  -2  -3   6  -2  -2  -2  -2   2  -3  -2  -2   1   6  -2    0   0   0   0   0   0   0   0  37   0   0   0   0   0   0   0   0   0  63   0  0.92 0.07
  351 I    -2  -3  -4  -4  -2  -3  -4  -4  -4   5   1  -3   1  -1  -3  -3  -1  -3  -2   2    0   0   0   0   0   0   0   0   0 100   0   0   0   0   0   0   0   0   0   0  0.60 0.06
  352 A     5  -2  -2  -2  -1  -1  -1   0  -2  -2  -2  -1  -1  -3  -1   1   0  -3  -2  -1  100   0   0   0   0   0   0   0   0   0   0   0   0   0   0   0   0   0   0   0  0.57 0.06
  353 D    -2  -2   1   7  -4  -1   1  -2  -2  -4  -4  -1  -4  -4  -2  -1  -1  -5  -4  -4    0   0   0 100   0   0   0   0   0   0   0   0   0   0   0   0   0   0   0   0  1.16 0.07
  354 R    -2   6  -1  -2  -4   0  -1  -3  -1  -2  -2   2  -1  -3  -3  -1  -1  -3  -2  -1    0  91   0   0   0   0   0   0   0   0   0   0   0   0   0   0   0   0   0   9  0.80 0.06
  355 V     0  -3   0  -3   7  -2  -3  -2  -3   0  -1  -2  -1  -2  -3  -1  -1  -3  -2   2   10   0   9   0  47   0   0   0   0   0   0   0   0   0   0   0   0   0   0  35  0.55 0.05
  356 K    -2  -1  -2  -3  -3  -2  -2  -3  -1  -1   0   2  -1   6  -3  -2  -2   0   2  -2    0   0   0   0   0   0   0   0   0   0   0  25   0  75   0   0   0   0   0   0  0.61 0.06
  357 T     0  -2   0  -1  -1  -1  -1  -2  -2  -1  -1  -1  -1   1  -2   2   5  -2  -1  -1    0   0   0   0   0   0   0   0   0   0   0   0   0  10   0  11  79   0   0   0  0.48 0.06
  358 E    -1   0   0   2  -3   3   4  -2  -1  -3  -3   0  -2  -3   2   1   1  -3  -2  -2    0   0   0  11   0  17  44   0   0   0   0   0   0   0  10   9   9   0   0   0  0.48 0.03
  359 F     0  -2   1  -2  -2  -2  -2   2  -1  -1  -1  -2  -1   3  -2   1  -1  -1   2   0   10   0   9   0   0   0   0  17   0   0   0   0   0  25   0  18   0   0  11  10  0.17 0.02
  360 N    -1  -1   4   0  -2   0   1   2  -1  -2  -3  -1  -2  -3  -2   0   2  -3  -2  -1    0   0  44   0   0   0  10  18   0   0   0   0   0   0   0   0  21   0   0   7  0.35 0.03
  361 D    -2  -1   1   6  -4   0   3  -2  -1  -4  -4  -1  -3  -4  -2  -1  -1  -4  -3  -3    0   0   0  72   0   0  28   0   0   0   0   0   0   0   0   0   0   0   0   0  0.89 0.05
  362 R    -2   6  -1  -2  -4   1  -1  -3  -1  -4  -3   2  -2  -3  -3  -1  -2  -3  -2  -3    0 100   0   0   0   0   0   0   0   0   0   0   0   0   0   0   0   0   0   0  1.00 0.07
  363 L    -2  -3  -4  -4  -2  -3  -3  -4  -3   1   5  -3   2   0  -3  -3  -2  -2  -1   1    0   0   0   0   0   0   0   0   0   0 100   0   0   0   0   0   0   0   0   0  0.60 0.05
  364 I    -1  -2  -3  -3  -1  -2  -3  -4  -3   2   3  -2   1   0  -3  -2   1  -2  -1   1    0   0   0   0   0   0   0   0   0  25  58   0   0   0   0   0  18   0   0   0  0.33 0.03
  365 F    -3  -3  -4  -4  -3  -4  -4  -4  -2  -1   0  -4   0   7  -4  -3  -3   1   3  -1    0   0   0   0   0   0   0   0   0   0   0   0   0 100   0   0   0   0   0   0  1.05 0.07
  366 V    -1  -3  -3  -4  -1  -2  -3  -4  -3   3   1  -3   2  -1  -3  -2   0  -3  -2   4    0   0   0   0   0   0   0   0   0  10   0   0   9   0   0   0   0   0   0  82  0.44 0.05
  367 E    -1  -1  -1   1  -4   2   6  -3  -1  -4  -3   0  -2  -4  -2  -1  -1  -3  -3  -3    0   0   0   0   0   0 100   0   0   0   0   0   0   0   0   0   0   0   0   0  0.94 0.07
  368 S     1   1   0  -1  -2  -1  -1   4  -1  -3  -3   0  -2  -3  -1   2   0  -2  -2  -2   11  12   0   1   0   0   1  45   0   0   1   1   0   0   0  25   1   0   0   1  0.41 0.02
  369 G     0  -3  -1  -1  -3  -2  -2   6  -2  -4  -4  -2  -3  -3  -2   0  -2  -3  -3  -3    0   0   0   0   0   0   0 100   0   0   0   0   0   0   0   0   0   0   0   0  1.10 0.02
  370 D    -2  -1   1   5  -4   3   2  -2  -1  -3  -3   0  -2  -4  -2   0  -1  -4  -3  -3    0   0   0  75   0  25   0   0   0   0   0   0   0   0   0   0   0   0   0   0  0.73 0.01
  371 K    -1   4   0  -1  -3   1   1  -2  -1  -3  -2   4  -1  -3  -1   0  -1  -3  -2  -2    0  34   0   0   0   0   0   0   0   0   0  66   0   0   0   0   0   0   0   0  0.53 0.00
  372 P    -1  -2  -2  -2  -3  -1  -1  -2  -2  -3  -3  -1  -3  -4   8  -1  -1  -4  -3  -2    0   0   0   0   0   0   0   0   0   0   0   0   0   0 100   0   0   0   0   0  2.03 0.00
  373 N    -2   0   6   1  -3   0   0   0   1  -3  -4   0  -2  -3  -2   1   0  -4  -2  -3    0   0 100   0   0   0   0   0   0   0   0   0   0   0   0   0   0   0   0   0  0.72 0.00
  374 V     0  -3  -3  -3  -1  -2  -3  -3  -3   3   1  -2   1  -1  -2  -2   0  -3  -1   4    0   0   0   0   0   0   0   0   0   0   0   0   0   0   0   0   0   0   0 100  0.34 0.00
  375 I    -1  -3  -3  -3  -1  -3  -3  -4  -3   4   2  -3   1   0  -3  -2  -1  -3  -1   3    0   0   0   0   0   0   0   0   0 100   0   0   0   0   0   0   0   0   0   0  0.38 0.00

                      K         Lambda
Standard Ungapped    0.1344     0.3169
Standard Gapped      0.0410     0.2670
PSI Ungapped         0.1344     0.3169
PSI Gapped           0.0410     0.2670
