
Last position-specific scoring matrix computed, weighted observed percentages rounded down, information per position, and relative weight of gapless real matches to pseudocounts
            A   R   N   D   C   Q   E   G   H   I   L   K   M   F   P   S   T   W   Y   V   A   R   N   D   C   Q   E   G   H   I   L   K   M   F   P   S   T   W   Y   V
    1 M    -5  -5  -6  -7  -5  -4  -6  -7  -5  -3  -2  -5  11  -4  -6  -5  -4  -5  -5  -3    0   0   0   0   0   0   0   0   0   0   0   0 100   0   0   0   0   0   0   0  3.34 1.08
    2 S     2   0   1  -3  -1  -2  -2   0  -3  -4  -4   1  -3  -5  -3   4   2  -5  -4  -3   17   5   7   0   1   0   0   6   0   0   0   7   0   0   0  39  16   0   0   0  0.60 0.40
    3 K    -1   3   1  -3  -5  -1   1  -2  -3  -5  -5   6  -4  -5  -4  -1   0  -5  -2  -5    4  14   6   0   0   0   8   3   0   0   0  57   0   0   0   2   5   0   2   0  0.99 0.52
    4 K    -2   4   2  -1  -5   0  -1  -2  -3  -5  -4   4  -3  -4  -2   0   1   1   0  -4    2  21   9   2   0   3   2   2   0   0   0  36   0   0   2   6  11   2   3   0  0.63 0.39
    5 K    -3   3   3  -1  -5   0   0  -2  -2  -4  -3   4  -3  -4  -1   0  -2  -4   1  -4    0  16  18   2   0   2   6   2   0   0   2  35   0   0   3   6   2   0   5   0  0.61 0.38
    6 G     0   0   3  -1  -3   1  -1   0  -2  -1  -2   2  -2  -3   0   1   0   0   1  -1    5   5  15   2   0   9   0   9   0   4   4  17   0   0   3  11   6   2   5   4  0.17 0.18
    7 K    -1   3   1  -2  -4   1  -1  -1  -2  -3  -2   4  -3  -3   2  -1  -1  -4  -1  -1    5  21   6   0   0   6   2   5   0   0   2  27   0   1  10   4   3   0   2   5  0.40 0.28
    8 T     0   1   0  -1  -3   1  -1  -1  -2  -2  -2   2  -2  -3  -2   1   3  -3   0   0    7   8   3   2   0   7   2   4   0   2   3  15   0   0   0  10  25   0   4   7  0.25 0.22
    9 P     2   1  -1  -1  -3  -1  -1  -1  -3  -1  -3   0  -3  -4   4  -1   2  -4  -3  -2   18   8   3   3   0   2   4   4   0   3   2   6   0   0  25   3  17   0   0   2  0.45 0.28
   10 Q     1   0  -2   0  -3   4   0  -2   0  -1  -2   1   2  -3  -2   0   0   1  -2   0   15   5   0   4   0  28   4   2   2   3   1  10   6   0   1   5   5   2   1   6  0.33 0.27
   11 P     0  -1   0  -3  -3  -1  -2  -3  -1  -2  -1   1  -3  -2   5   1   2  -4  -2  -1    8   3   4   0   0   2   0   0   1   2   8  12   0   2  32   9  13   0   1   3  0.54 0.32
   12 A     1  -1   1   0  -2   1   0   0   1  -1  -2   0  -1  -1   0   2   0  -3  -2   0   14   1   6   6   0   9   5   5   5   3   3   5   2   4   4  16   5   0   0   6  0.11 0.12
   13 A     1   0   2   1  -3   1   0  -1  -1   0  -2   1  -2  -3   0   1   1  -4  -3  -1   16   4  12   7   0   6   5   4   1   6   3  10   0   0   4  12   8   0   0   2  0.17 0.16
   14 K    -1   0   0  -1  -3   2   0  -1   0   0  -1   3  -2  -2   0   1   0  -4  -3   0    4   4   5   3   0  10   6   4   2   5   5  23   0   2   5  12   4   0   0   7  0.17 0.18
   15 T     1  -1   0   0  -3   1   0  -3   0   0  -2   0  -1  -3   1   1   2  -4  -3   1   14   1   4   4   0   8   4   0   3   6   2   7   1   0   8  10  15   0   0  11  0.17 0.19
   16 M     1   0   0   0  -3   1   1  -1   0  -1  -1   1   1  -3  -2   0   2  -4  -3   1   10   5   4   6   0   7   8   3   2   2   6   8   5   0   1   3  14   0   0  15  0.10 0.14
   17 T     0   0   1   1  -3   1   0  -1   0  -2  -1   1  -1   0   1   0   2  -3  -1  -1   10   3   7   8   0   6   3   3   2   1   6  10   1   6   7   7  16   0   2   3  0.12 0.14
   18 A     2  -1   0   0  -3   0   1   0  -2  -3  -2   2  -1  -2   0   1   1  -4  -3  -1   17   2   4   5   0   4   9   5   0   0   3  19   1   1   3  11  12   0   0   3  0.21 0.20
   19 S     2  -1   0   0  -3   2   0   0  -1  -3  -3   0  -1   1   1   2   1  -4  -2  -2   17   2   5   4   0   9   4   6   1   0   0   5   2   7   6  19  10   0   0   2  0.22 0.23
   20 G     0  -1   2   1  -3   1   0   0  -1  -2  -1   0   0  -2   1   1   2  -4  -3  -2   10   2  12   7   0   9   3   7   1   2   5   5   4   2   7   7  15   0   0   2  0.16 0.17
   21 P     1  -2   1  -1  -3   1  -1   0   0  -1  -2   1  -3  -2   4   1   1   2  -3  -2   11   1   7   2   0   6   2   7   2   3   3   9   0   1  19   8  12   3   0   2  0.28 0.23
   22 K     0   1   0   1  -3   1   1   0   1  -2  -1   2  -2  -3   1   1   0  -3  -1  -1    6   8   3   7   0   7   9   5   3   0   6  14   0   0   7  15   4   0   2   5  0.15 0.14
   23 M     1  -3  -1  -2  -3   0  -2   0  -3   2   0  -2   4  -1   0  -1   0  -3  -3   1   14   0   2   1   0   6   1   8   0  16   8   1  15   2   4   4   7   0   0  11  0.20 0.22
   24 E    -1   1   0   0  -3   2   3  -3   0  -1  -1   1  -1  -2  -1   1   1  -3  -1  -1    4   9   3   3   0   9  20   0   2   4   5   8   1   1   3  15   8   0   2   5  0.20 0.19
   25 A     3  -2  -1  -3   0  -1  -3   1  -2   0  -1  -2   2   1  -3   1   0  -3  -1   2   31   1   3   0   2   2   0   8   1   5   2   1   6   6   0   9   4   0   2  15  0.24 0.24
   26 F    -4   0  -5  -5  -4  -4  -5  -5  -4   2  -1  -4   0   7  -2  -1  -2   0   1  -1    0   5   0   0   0   0   0   0   0  12   5   0   2  56   2   6   2   1   3   4  1.16 0.55
   27 T    -1   0   1   0  -3   1   1  -3  -2  -2  -3   0  -3  -4   0   3   3  -4  -2  -1    3   4   7   4   0   7  11   0   0   1   2   6   0   0   4  22  20   0   1   6  0.31 0.29
   28 F    -3  -3  -5  -5  -5  -2  -3  -3  -4   1   0  -5  -3   7   0  -2  -4   3   2   0    2   2   0   0   0   2   2   2   0   8   6   0   0  54   4   2   0   3   6   5  1.14 0.57
   29 G    -2  -3   1   2  -4  -1   0   5   1  -2  -3  -1  -1   0  -2   0  -2  -4  -4  -4    2   0   6  11   0   2   8  42   3   3   2   2   2   5   2   9   2   0   0   0  0.56 0.37
   30 E     0   0   1   4  -4   0   2   0   1  -2  -2  -1  -1  -4  -2   1  -1  -4  -2  -2    6   5   7  26   0   2  16   8   3   2   3   3   1   0   1   9   3   0   2   2  0.34 0.26
   31 P    -1  -2  -3   0  -4   1   0  -2   0  -2  -4  -3  -4  -4   7  -3  -2   1   0  -2    6   2   0   6   0   7   5   3   2   3   1   1   0   0  52   1   2   2   3   2  1.15 0.54
   32 V    -1  -2  -2   0   0  -1   3  -1   1  -1  -2   0  -1   2  -3   0  -1  -3   2   1    4   0   0   4   2   2  26   4   3   3   3   5   1   8   0   5   3   0  10  15  0.23 0.25
   33 P    -1   1  -3   0  -4  -1   0   1  -3  -1  -2  -3   0  -4   5   0   0   1  -4  -3    4   8   0   4   0   3   5  10   0   5   5   0   3   0  36   8   5   2   0   1  0.63 0.39
   34 V     0  -1  -3  -1   0  -1   0  -2  -3   2   0  -1   2   0  -1   0  -1  -3  -2   3    7   4   0   3   2   2   7   3   0  12   5   3   6   4   2   6   3   0   0  30  0.20 0.21
   35 L    -1   0   0   1  -3   0   1  -1   0   0   1  -1   1   0   0   0   0  -2   0  -1    4   4   4   7   0   3   9   4   3   5  19   3   5   5   5   6   4   0   4   4  0.05 0.09
   36 D     0  -2   1   2   2   0   0   1   1  -1  -3   1   0  -4   1   1   1  -4  -3  -1    8   0   6  13   6   4   5   9   3   4   0   8   3   0   7   8  10   0   0   5  0.17 0.19
   37 R    -1   3   1   0  -4   0   1   1  -2  -2  -2   1  -2  -2   0   1   0   0  -2  -2    5  19   7   6   0   2   8  12   1   3   3   7   1   1   5   9   7   2   1   2  0.21 0.21
   38 R     0   3   2   0  -4   0  -1   1   2  -1  -2   1  -2  -1  -1   1  -1  -4  -1  -3   10  20  10   5   0   3   2  10   5   3   2   6   1   3   3  12   2   0   2   1  0.24 0.24
   39 D     0  -1   0   3   0   1   2  -1  -3  -2  -1   0  -3  -3  -1  -1   1   3  -2  -2    7   2   4  22   2   6  12   5   0   3   6   7   0   0   2   3  12   5   1   2  0.27 0.24
   40 I    -2  -2  -1   0  -3  -1  -2  -3  -2   3   2  -3   1   1  -2  -2  -1   3   1   1    3   2   3   5   0   3   2   2   1  21  20   0   4   7   2   3   4   5   5   7  0.26 0.22
   41 L    -1  -1  -1  -2  -3  -1   0  -1  -1   1   1   0   1   2   0  -1   0  -1   2   0    5   4   3   2   0   2   7   4   1   7  19   5   3   8   5   5   6   1   8   5  0.06 0.10
   42 D    -2  -1   3   5  -5   0   1   0   2  -5  -4  -2   0  -2  -2   0  -2  -5  -2  -5    3   3  11  40   0   4   7   7   5   0   2   2   3   2   2   7   2   0   1   0  0.73 0.47
   43 Y    -3  -2   2  -1  -2  -4  -2  -2   0  -4  -1  -1   1   1  -1  -1  -1   4   7  -4    1   2   8   4   1   0   2   3   2   0   5   3   4   5   3   4   4   6  41   0  0.95 0.59
   44 V    -1   0  -2  -2   0  -3  -3  -1  -2   2   2  -1   2   0  -1  -2   0   1  -1   2    6   5   2   2   2   0   1   6   1  14  18   4   6   5   3   1   4   2   2  16  0.16 0.17
   45 E    -1   0   0   0  -3  -1   4   2  -1  -3  -3  -2  -4  -2  -3  -2  -2   3   2  -3    6   4   4   5   1   2  34  15   1   2   2   2   0   1   1   2   3   4   8   2  0.51 0.41
   46 C     0  -3   1  -1   5  -2  -3  -3  -3   0  -1  -3  -2   2   0  -1  -1   3   2   2    8   1   8   3  14   2   0   2   0   6   5   1   0   7   5   5   3   4   8  18  0.32 0.27
   47 I     0  -2   1   1  -3  -1  -2   1   0  -1  -1  -2   0   1  -2  -1  -1   5   2   1    8   2   7  11   0   3   2   9   2   3   4   1   3   8   2   3   4  10   8  10  0.21 0.21
   48 S     0   0   1   1  -3   1   0   1   1  -1  -1   1  -1  -1  -2   1   0   2   1  -1    9   5   7   8   0   6   4   9   3   3   5   9   1   2   1   9   6   3   6   5  0.07 0.09
   49 N    -1  -2   4   2  -2  -1   0  -1  -1  -2  -2   1   0   0  -4   0   0   2   2  -1    4   1  25  11   1   2   5   4   1   2   3   8   3   3   0   4   7   4   7   4  0.29 0.28
   50 G     0  -1   1   1  -4  -1  -1   4  -3  -2  -1  -1  -3  -3  -1   0  -2   2   0  -2    6   3   8   8   0   3   4  34   0   3   7   4   0   0   2   5   1   3   4   3  0.34 0.29
   51 R    -2   2   1   3  -1   0   1   1  -1  -2  -2   1  -3   0   0  -1  -1  -4  -1  -3    2  15   7  20   1   5   9  12   1   3   3   6   0   4   4   3   2   0   2   0  0.27 0.25
   52 W    -1  -5  -1  -5   1  -4  -2  -2   1   0   0  -2  -4   0  -1  -3  -3   8   6  -1    5   0   4   0   3   0   2   4   3   5   9   2   0   3   3   2   1  24  25   4  0.99 0.58
   53 Y    -2  -2  -1  -4  -4   1  -2  -3   1   3  -1  -2  -1   1  -4  -4  -2   4   6   0    2   2   4   0   0   7   2   2   3  16   5   2   2   5   0   0   2   5  34   6  0.69 0.46
   54 E    -2   0   1   1  -4   1   2   0   0  -2  -2   1   1  -1  -1   0   0   2   0  -1    2   5   7   6   0   7  19   7   2   2   2   9   4   3   3   5   7   3   4   5  0.16 0.18
   55 P     0   0   1   0  -3  -1  -1  -1   0  -2  -1  -1  -3  -3   5   0   0   2  -1  -1    7   7   6   6   0   2   4   4   2   2   6   2   0   0  27   5   5   3   2   4  0.33 0.27
   56 P     0   0   1  -1   1   0  -1  -1  -3  -3  -2  -1  -3   0   5   0   0   2   0  -3    7   4   6   3   3   3   3   3   0   0   4   3   0   5  29   8   6   3   4   0  0.39 0.29
   57 V     0   1   1  -2  -2   1  -1  -2  -1   0   0   0   1   1   1   0   0  -2   1   0    7   7   7   0   0   7   0   0   0   7   7   7   7   7   7   7   7   0   7   7  0.07 0.11
   58 S     0  -1   2   3  -3  -2   0   0   2  -3  -4  -1  -3   0   1   2   0  -3   0  -2    5   3  11  18   0   0   4   5   5   0   1   3   0   4   6  22   5   0   4   3  0.30 0.27
   59 F     0   0   0   0  -3   1   0  -3   2   0  -1   0   1   1   0   0   0   3   1   0    6   6   5   6   0   5   6   0   5   6   6   6   5   5   6   6   6   5   5   6  0.08 0.12
   60 T     0   0   0   1   0   1   1  -1   1  -1  -1   0   0  -1  -1   0   1   2   1  -1    8   5   4   8   3   8   8   5   3   3   5   5   3   3   4   6   8   3   5   3  0.07 0.09
   61 G    -1   0   0   0   2   0   0  -1   2   0  -1   0   1   0  -3   0   0   3   1   0    5   5   5   5   5   5   5   5   5   5   5   5   5   5   0   5   5   5   5   5  0.06 0.10
   62 L    -2  -1   0  -7   2   0  -6  -7   1   1   4  -1   1   0  -1  -1  -1  -7  -6   1    4   3   4   0   3   4   0   0   3   8  37   3   3   3   4   6   4   0   0   9  0.56 0.33
   63 A    -1   0   0   0   2   0   0  -1   2   0  -1   0   2   1   0  -1   0   3   1  -1    5   5   5   5   5   5   5   5   5   5   5   5   5   5   5   5   5   5   5   5  0.08 0.08
   64 K    -1   0   0   0  -3   0   0  -1   1   0  -1   0   1   0   0   0   0   3   1   0    5   5   5   5   0   5   5   5   5   5   5   5   5   5   5   5   5   5   5   5  0.06 0.08
   65 S     0  -1  -1  -3   1  -2  -1  -1  -3   1   2  -1   2   1  -3   0   1   2   0   1    8   4   3   0   3   0   3   3   0   7  21   4   6   6   0   9   8   3   4   8  0.12 0.16
   66 L     0   0   0  -2  -3   1   0   0   2   0  -1   0   1   1   0   0   0   3   1   0    6   6   5   0   0   5   6   6   5   6   6   6   5   5   6   6   6   5   5   6  0.07 0.11
   67 R    -1   3   3   1  -5   0   1  -2   2  -3  -3   1  -4  -2  -5   0  -1  -5   2  -3    4  18  14   7   0   3  10   3   4   2   2   7   0   2   0   8   4   0   8   2  0.38 0.30
   68 A     2   0   0  -2   0   1  -1   0   0  -1   0  -1   1  -1  -1   1   0   1   0   0   17   4   6   2   2   9   3   5   2   3   8   3   4   2   3   9   7   2   4   6  0.07 0.12
   69 A     1   0   4   0   1  -1  -1  -1   0  -1  -2  -1  -3  -1  -1   1   1   2   0  -1   12   4  20   6   3   3   3   4   3   3   4   3   0   3   3  10   8   3   3   3  0.19 0.20
   70 V     0   0   1   0   2   1   0   0  -2   0  -1  -1  -1   0   1   0   0  -3  -2   0    7   7   7   7   7   7   7   7   0   7   7   0   0   7   7   7   7   0   0   7  0.05 0.10
   71 H    -2  -2  -1  -1  -1   1  -1  -3   5   0  -1  -1   0   1  -3  -1   1   2   4  -1    2   2   2   4   1   6   4   1  16   6   7   3   2   7   1   5   9   3  16   4  0.39 0.30
   72 H    -3   0   3  -3  -6  -1  -2  -2   9  -2   0  -1  -5  -5  -6  -3  -3  -6  -2  -2    2   4  11   1   0   2   2   3  49   3  10   3   0   0   0   2   2   0   1   4  1.51 0.74
   73 S     1   1   0   0  -1   2   0   2   0  -2  -2   0  -1  -2  -1   1  -2  -4  -1  -2   11  10   4   4   1  10   6  16   2   2   4   6   1   2   2  14   1   0   2   2  0.18 0.19
   74 S     1   2  -1  -1  -4   0  -1   1  -3  -3  -2  -1  -3  -4   0   3   1  -5  -4  -2   14  14   3   2   0   4   3   9   0   2   4   4   0   0   5  26   7   0   0   2  0.34 0.31
   75 P     2  -2  -4  -4   5  -1  -1  -1  -4   3  -1  -1  -3  -4   3  -1  -2   1  -4   0   21   3   0   0  12   3   3   4   0  17   6   3   0   0  13   4   2   2   0   5  0.44 0.34
   76 I    -1  -5  -2   0   2  -4  -2  -3  -5   5   2  -4   1  -1  -1  -2  -2  -5  -4   2    4   0   2   6   4   0   3   2   0  30  23   0   3   2   4   2   2   0   0  11  0.52 0.35
   77 Y    -1   0   2   1   0   0   1  -2   3  -1  -1   1   0  -1   1  -1  -1  -3   1  -1    5   5  10   7   2   4   9   3   7   3   5   8   2   3   6   4   3   0   6   6  0.08 0.13
   78 V     1  -1   0   1   1   0   0  -1   0  -1  -1   0   1   0  -1   0   0  -3   1   0   12   3   4  10   4   3   6   4   3   4   5   5   5   5   3   8   5   0   5   7  0.04 0.08
   79 K     0   0   0   0  -2   1   0   0   1   0  -1   0   1   0   1   0   0  -2   1   0    6   6   5   6   0   5   6   6   5   6   6   6   5   5   6   6   6   0   5   6  0.03 0.06
   80 R     1   1   0   0   1   0   0  -1   2   0  -1   0   0  -1   0   0   0  -3   0   0   11   9   3   5   3   4   4   3   6   5   5   7   3   3   5   6   6   0   3   8  0.04 0.07
   81 N     0   0   4   1   0   0   0  -1   0  -2  -1   0   0  -2  -1   0   0  -4  -1  -2    8   6  26   6   2   5   6   4   2   2   5   5   2   2   3   6   6   0   3   3  0.26 0.27
   82 I    -1   0   0   0   1   0   0  -1   2   0  -1   0   2   1  -1   0  -1  -2   3  -1    5   5   4   6   3   5   6   4   5   5   6   5   7   7   3   5   3   0  12   4  0.08 0.13
   83 L    -1   0   0   0  -3   0   0  -1   1   0  -1   0   1   0   0   0   0   3   1   0    5   5   5   5   0   5   5   5   5   5   5   5   5   5   5   5   5   5   5   5  0.06 0.08
   84 A     0   0   0   0   2   0   0  -1  -2   0  -1   0   1   0   0   0   0   3   1   0    5   5   5   5   5   5   5   5   0   5   5   5   5   5   5   5   5   5   5   5  0.05 0.08
   85 S     0   0   0   0   2   0   0   0  -1   0   0   0   1   0   1   0   0  -2   1   0    6   6   5   6   5   5   6   6   0   6   6   6   5   5   6   6   6   0   5   6  0.03 0.06
   86 T    -1   0   0   0   2   0   0  -1   2   0  -1   0   2   1   0  -1   0   4   1  -1    5   5   5   5   5   5   5   5   5   5   5   5   5   5   5   5   5   5   5   5  0.09 0.08
   87 F    -1  -2  -1   0   0  -2  -1   2   0   0  -1  -2   0   4  -2  -1  -1   3   3  -1    6   2   3   6   2   2   4  14   3   5   7   2   3  17   2   3   3   4   9   4  0.22 0.21
   88 I    -1   0   0   0  -3   1   0  -1   0   1   0   0   1   0   0  -1   0   2   0   0    4   5   5   4   0   6   8   4   3  10  12   7   4   3   4   4   4   3   4   7  0.03 0.06
   89 P     0   0   0   0   2   0   0  -1   1   0  -1   0   1   0   0   0   0  -2   1   0    5   5   5   5   5   5   5   5   5   5   5   5   5   5   5   5   5   0   5   5  0.03 0.05
   90 H    -1   0   2   0  -3   1   0   0   3  -1  -2   1   0  -1   1   1   0  -3   0  -1    4   3  13   5   0   6   5   6   8   3   4   8   3   3   8   9   6   0   4   3  0.13 0.16
   91 P     0   0   0   0  -3   1   0   0   2   0  -1   0   1  -2   0   0   0   3   1   0    6   6   5   6   0   5   6   6   5   6   6   6   5   0   6   6   6   5   5   6  0.07 0.10
   92 W    -2  -1   2   0   1  -1   0   1   1  -1   0   0   3   1  -2  -1  -1   5   1  -2    3   3   9   5   3   3   6   9   3   4   9   5   7   5   3   4   4   8   5   4  0.21 0.17
   93 L     0   0   0   0   2   0   0  -1  -2   0  -1   0   1   0   0   0   0   3   1   0    5   5   5   5   5   5   5   5   0   5   5   5   5   5   5   5   5   5   5   5  0.05 0.08
   94 S     0  -1   1   2  -1  -1   0  -1   0  -2  -2  -1  -1  -2   2   3   2  -5  -4  -3    6   3   5  11   2   2   5   3   2   2   4   4   2   2  10  23  14   0   0   2  0.31 0.31
   95 Q     0   2   0  -1  -4   1  -1   0   1  -2  -1   1   1   0  -1   0  -1   1   1  -1    9  14   4   3   0   8   3   6   4   2   4  10   4   5   3   7   2   2   5   3  0.13 0.16
   96 Q     0   1   0   1  -4   3   2  -2   1  -2  -2   0   1   0  -1  -1   0   1   1  -1    7   7   4   7   0  14  14   2   3   2   3   4   4   5   3   4   5   2   5   6  0.16 0.19
   97 D    -1  -1   1   1   0   0   0  -2   0   0   0  -1   1   2  -3   0   0   2   1   0    4   3   8   9   3   3   7   3   3   5   6   3   5  11   0   5   6   3   4   9  0.07 0.10
   98 F     0  -2  -2  -3   2   1  -2  -3   2   0   0   0   2   1   1   0   0   4   1   0    7   0   0   0   6   7   0   0   6   7   7   7   6   6   7   7   7   6   6   7  0.15 0.17
   99 S    -1   3  -1  -1  -2   0   2  -2  -1  -2  -2   2   1   0  -3  -1  -1   4   2  -2    4  15   3   3   1   4  17   3   1   3   4  11   3   4   1   5   4   6   6   2  0.31 0.30
  100 R     1   3   0  -2  -1   2   2  -1  -1  -3  -3   2  -1  -2  -3   0  -1  -1   0  -3   14  15   5   1   2   8  14   5   1   1   2  15   1   1   1   5   4   1   3   2  0.30 0.30
  101 F     0  -2  -2  -4   2  -2  -3  -3  -1   2   2  -4   3   2  -3  -2   1   4   0   0   10   2   2   0   4   1   2   2   1  10  19   0   8  10   1   3   9   5   3   6  0.29 0.27
  102 V     1  -1  -2  -2   2  -1  -2  -1  -1   2   0  -2   2  -1  -3  -1   1   0   0   2   13   3   2   2   4   3   2   4   2  11  10   2   5   2   0   5   9   2   3  18  0.14 0.18
  103 L     0  -1  -1  -1  -3   1   0  -2   0   0   1   0   2   0  -3   0   0   3   1   0    8   3   3   2   0   9   5   3   3   6  12   4   8   5   0   6   6   5   4   6  0.09 0.15
  104 D    -1  -1   1   4   1   0  -1  -1   1  -1  -2  -1   0  -1  -4   1   1   2   0  -2    5   3   6  25   3   5   3   4   3   3   3   3   3   3   0   9  10   3   4   3  0.27 0.28
  105 F    -1   0   0   0   2   0   0  -1   1   0  -1   0   1   0  -3   0   0   3   1   0    5   5   5   5   5   5   5   5   5   5   5   5   5   5   0   5   5   5   5   5  0.03 0.10
  106 L    -1   0   0   0   1  -1   1  -1   0   0   2  -1   1  -1  -4  -1  -2   4   0   0    5   4   5   4   3   2  12   4   2   6  23   4   4   3   0   3   2   6   4   5  0.16 0.17
  107 V    -1  -2  -2  -2   1  -1  -1  -2  -1   1   2  -2   1  -1  -2  -1   1   2  -1   2    4   2   2   2   3   3   5   3   2   7  25   2   4   3   2   4   8   3   2  16  0.20 0.18
  108 F    -2  -1   0  -2   1  -1  -2  -2   1  -1   0  -2   0   5  -5  -1   0   2   2  -1    4   3   5   3   3   3   3   3   3   4  10   3   3  27   0   4   7   3   8   4  0.37 0.27
  109 G     0   1   1   1  -2   1   1   0   2  -1  -1   1   1  -2  -2   0   0  -3  -2   0    7   7   7   7   0   7   7   7   7   0   7   7   7   0   0   7   7   0   0   7  0.09 0.10
  110 N    -2  -2   5   2  -1  -1   0   1   1  -3  -4  -2   0  -1  -5  -1   0   3   0  -3    3   2  32  12   2   2   6   9   3   2   2   2   3   3   0   3   5   4   4   1  0.60 0.41
  111 A     2  -1  -1  -1   2  -3  -1   2   0  -1  -1  -1   1   1  -1   0  -1   3   1  -1   20   3   3   3   4   0   3  16   3   4   4   4   4   6   3   5   3   5   4   5  0.16 0.17
  112 F     0   0   0  -2   2  -2  -2   0   2   0   0  -2  -1   1   1   0   0   4   1   0    7   7   7   0   6   0   0   7   6   7   7   0   0   6   7   7   7   6   6   7  0.11 0.14
  113 L     0   0   0   0   2   0  -2   0  -2   0  -1  -2   1   1   0   0   0   3   1   0    6   6   5   6   5   5   0   6   0   6   6   0   5   5   6   6   6   5   5   6  0.03 0.14
  114 E    -3  -1  -2  -2  -7   3   5  -5   1  -2   1  -1  -2  -2  -6  -3  -3   0   2  -1    3   3   2   2   0  11  35   1   4   3  14   3   1   2   0   2   2   1   8   4  0.67 0.52
  115 K    -1   2  -2  -2  -2  -1  -2  -3  -2   3   0   3  -1  -3  -2  -2  -2   0  -3   3    6  10   2   3   1   2   2   2   1  18  10  16   1   1   2   2   2   1   1  17  0.34 0.28
  116 R    -1   1  -2   0  -1  -1   0  -2   0   3   0  -1  -1  -1  -2  -1  -1  -5   0   3    4   9   2   5   1   2   6   3   2  15   6   4   1   3   1   5   4   0   3  23  0.21 0.21
  117 Y    -2   5  -2  -1  -2  -1  -1   0   0  -4  -3   1  -2  -1  -1  -1   0   3   2  -3    4  31   2   4   1   3   4   7   2   1   3   7   1   3   4   4   7   4   7   2  0.49 0.39
  118 S    -1  -1   5   3  -1  -1  -2   0  -1  -3  -3  -1  -5  -2  -2   1   0  -6  -2  -3    5   3  27  18   2   2   2   8   2   2   2   4   0   2   2  12   5   0   2   2  0.56 0.43
  119 T     0   2   0   0  -1   0   0   1   0  -1  -1   1   1  -1   0  -1  -1   1  -1  -1    6  11   5   6   2   4   7  13   2   3   4  10   4   2   5   4   4   3   3   4  0.08 0.11
  120 T     0   1   1   1  -3   0   0   0   0   0  -1   0   0   0   1   0   0   1   0  -1    7   7   6  10   0   4   4   6   3   5   7   8   3   4   6   5   4   3   3   5  0.04 0.05
  121 G    -1   0   0   0  -3   0   0  -1   1   0  -1   0   1   0   0   0   0   3   1   0    5   5   5   5   0   5   5   5   5   5   5   5   5   5   5   5   5   5   5   5  0.06 0.08
  122 K    -1   1   0   0  -4   1   2   0   0  -1  -2   2  -1  -1  -1   0   0   1   1  -1    3   8   4   6   0   8  13   7   2   3   3  11   2   3   3   7   7   2   5   5  0.13 0.16
  123 V    -2  -1  -1  -2  -6  -1  -2  -2   1   2   0  -2   2   0   3  -2  -1   2   0   2    4   3   3   3   0   3   3   4   3  12  10   3   4   4  15   4   4   3   4  12  0.23 0.18
  124 I    -1   0   0   0   2   0   0  -1   2   0  -1   0   2   1   0  -1   0   4   1  -1    5   5   5   5   5   5   5   5   5   5   5   5   5   5   5   5   5   5   5   5  0.09 0.08
  125 R     0   2  -1  -1  -1   0   2   0   0  -3  -3   0  -1  -1   1   0  -2   3   0  -1    8  12   3   4   2   4  13   8   3   2   3   7   2   3   7   8   2   3   4   4  0.17 0.18
  126 L    -2  -2  -2  -2   1  -1  -2  -3   0   1   4  -2   2   0  -1  -3  -1   2   2   1    3   3   3   3   2   3   3   3   2   8  32   3   4   4   3   3   3   3   6   8  0.36 0.24
  127 E    -2   1   0   0  -7   2   2  -2   3   0  -2   2   1   0  -2  -1  -2   3   1   0    3   6   5   5   0   8  11   4   7   5   3  10   4   4   3   5   3   4   5   6  0.21 0.18
  128 T    -2   0   1  -2   1  -1  -2  -2   5   0  -3  -6   0  -1   4   0  -1   3   0  -1    4   5   6   3   3   3   3   3  13   5   3   0   3   3  20   6   4   4   3   5  0.50 0.36
  129 S    -1   0   0   0   2   0   0  -1   2   0  -1   0   2   1   0  -1   0   4   1  -1    5   5   5   5   5   5   5   5   5   5   5   5   5   5   5   5   5   5   5   5  0.09 0.08
  130 P    -1   0   0   0   2   0   0  -1   2   0  -1   0   2   1   0  -1   0   4   1  -1    5   5   5   5   5   5   5   5   5   5   5   5   5   5   5   5   5   5   5   5  0.09 0.08
  131 A     1  -1   0  -1   1  -1  -2  -1   1  -1  -2  -1   2  -1   2   1  -1   2   0   1   12   3   5   4   3   3   3   5   3   4   4   3   5   3  10  10   4   3   3  12  0.13 0.14
  132 K    -2   1   0   1  -5   1   0  -3   3   0  -1   2   1  -2  -1  -1   0   2  -1   0    3   6   4   7   0   7   7   2   7   4   6  16   3   1   3   4   6   3   2   8  0.16 0.19
  133 Y    -1   1   1  -2  -1   0  -1  -3   0   1  -1   0   0   0   0   0   2   2   3   0    4   8   7   2   1   3   4   2   2   8   4   6   3   3   4   6  12   3  11   8  0.13 0.17
  134 T    -2  -5   0  -2   1  -2  -2  -2   0   2   0  -2   5  -1  -2  -2   1   1  -1   3    3   0   4   2   3   2   2   4   2  13   6   2  14   3   3   3  11   2   2  20  0.36 0.31
  135 R    -2   4  -1   0  -7   0   0  -2   2  -1  -3   1  -6   0   2  -1  -1   2   0  -2    3  23   3   5   0   4   6   3   4   3   4   7   0   4  10   5   5   3   4   3  0.39 0.30
  136 R    -1   0   0   0   2   0   0  -1   2   0  -1   0   2   1   0  -1   0   4   1  -1    5   5   5   5   5   5   5   5   5   5   5   5   5   5   5   5   5   5   5   5  0.09 0.08
  137 G    -1   0   0   0   2   0   0  -1   2   0  -1   0   2   1   0  -1   0   4   1  -1    5   5   5   5   5   5   5   5   5   5   5   5   5   5   5   5   5   5   5   5  0.09 0.08
  138 V    -1   1   0   0   1   0   0  -1   0   0  -1   2   0   0   0  -1  -1   2   0   0    5   7   5   5   3   4   6   4   2   5   7  12   3   4   6   5   4   3   3   7  0.05 0.06
  139 E    -1   0   0   0   2   0   0  -1   2   0  -1   0   2   1   0  -1   0   4   1  -1    5   5   5   5   5   5   5   5   5   5   5   5   5   5   5   5   5   5   5   5  0.09 0.08
  140 E    -1   0   0   0   0  -1   0   1  -1   1   0   0   0   0   1  -1  -1   1   0  -1    5   6   4   6   2   3   7  11   2  11   9   6   2   3   7   3   3   2   4   4  0.05 0.05
  141 D    -1   0   0   0   2   0   0  -1   2   0  -1   0   2   0   0  -1   0   3   1  -1    5   5   5   5   5   5   5   5   5   5   5   5   5   5   5   5   5   5   5   5  0.03 0.09
  142 V    -1   0   0   0   2   0   0  -1   2   0  -1   0   2   1   0  -1   0   4   1  -1    5   5   5   5   5   5   5   5   5   5   5   5   5   5   5   5   5   5   5   5  0.09 0.08
  143 Y    -1   0   0   0  -3   0   0  -1   1   0  -1   0   1   0   0   0   0   3   1   0    5   5   5   5   0   5   5   5   5   5   5   5   5   5   5   5   5   5   5   5  0.06 0.08
  144 W    -2   1  -2  -2   1   0   0  -2   0   0  -2  -1   1   1  -2  -2   0   5   5   1    4   7   2   2   3   4   6   4   2   6   5   3   3   5   2   3   5   8  16   8  0.35 0.28
  145 W    -2   0  -1  -2   1   1  -1  -3   2   0   0  -1   1   1  -2  -2  -1   3   5   1    3   4   3   3   2   6   5   3   4   6   8   4   3   6   3   3   3   4  17   8  0.32 0.23
  146 V    -1   0   0   0   2   0   0  -1   2   0  -1   0   2   1   0  -1   0   4   1  -1    5   5   5   5   5   5   5   5   5   5   5   5   5   5   5   5   5   5   5   5  0.09 0.08
  147 P    -2   1   1   0   1   1   0  -2   1   0  -2   0   0  -1   2   0   1   2   1  -1    4   7   6   5   2   7   5   4   3   6   4   5   3   3  11   6   7   2   4   4  0.11 0.12
  148 S    -1   0   0   0  -3   0   0  -1   1   0  -1   0   1   0   0   0   0   3   1   0    5   5   5   5   0   5   5   5   5   5   5   5   5   5   5   5   5   5   5   5  0.06 0.08
  149 F    -2   0   0   1  -1   0  -1   2   0  -1  -2  -1  -1   1  -2  -1  -1   6   1  -2    3   5   4   8   2   5   4  19   3   3   5   4   2   5   2   4   4  10   5   3  0.26 0.24
  150 N     0   0   1   0  -3   0   0   2   1  -1  -2   0   0  -1  -1   0   0   2   0  -1    6   5   8   5   0   5   7  17   3   3   4   6   3   3   3   6   6   3   4   4  0.09 0.11
  151 E     0   0   0   0   2   0   0  -1   1   0  -1   0   1   0   0   0   0  -2   1   0    5   5   5   5   5   5   5   5   5   5   5   5   5   5   5   5   5   0   5   5  0.03 0.05
  152 P    -1   0   0   1  -1   0   1  -2   0   0  -2   1   0  -2   2   0   1   0   0  -1    5   5   4   7   1   5   9   3   2   6   4   8   2   2  12   6   9   1   4   4  0.13 0.15
  153 T    -1   0   0   0   0   0   0  -3   2   2  -1   1   0   0   0  -2   1   2   1   1    4   6   4   5   2   5   5   2   5  10   7   7   2   4   5   2  10   3   5   8  0.10 0.10
  154 A    -1   0   0   0   1   1   1  -1   0   0  -2   0   2  -1   0  -1  -1   2   0   0    6   6   4   6   3   7  11   6   3   6   4   7   5   3   4   3   4   3   3   7  0.08 0.09
  155 F    -1   0   0   0   2   0   0  -1   2   0  -1   0   2   1   0  -1   0   4   1  -1    5   5   5   5   5   5   5   5   5   5   5   5   5   5   5   5   5   5   5   5  0.09 0.08
  156 A     0   1   0   1  -4   0   1  -1   0  -2  -2   1   0  -2   3   0   1   0  -1  -1    7   9   3   8   0   4  10   5   2   2   3   8   2   1  14   6   8   1   2   4  0.16 0.17
  157 P     2  -1  -1   0  -1   1   0  -2   0  -2  -2   1  -1  -2   4  -1  -1   0  -1  -1   20   4   3   5   1   5   5   2   2   2   4   8   1   2  20   5   3   1   2   5  0.30 0.26
  158 G    -1   0   1   1  -3   1   1   2   1  -2  -2   1  -3  -1   0   1   0   1  -1  -2    4   5   7   8   0   5  10  15   5   2   3  10   0   2   3   9   5   2   2   3  0.15 0.14
  159 S    -1   0   1   1   0   1   3   0   0  -1  -2  -1   0  -1   0   0   0  -4   0  -1    4   5   5   9   3   5  21   8   3   3   3   3   3   3   5   5   6   0   3   4  0.15 0.16
  160 V     0   0  -2  -2   2   0  -2   0  -2   0   0  -1   1   1   1   0   0  -2   1   0    7   7   0   0   7   7   0   7   0   7   7   0   7   7   7   7   7   0   7   7  0.07 0.12
  161 F    -3  -5  -9  -6   1  -5  -6  -6  -3   5   3  -5   0   4  -5  -5  -6   2   0   2    3   1   0   1   2   1   1   1   1  28  26   1   2  14   1   1   1   3   4  11  1.06 0.56
  162 H    -5  -2  -3  -5  -1   0  -4  -7  10  -4  -6 -10  -2   2  -5  -5  -6   4   3  -2    1   2   2   1   1   5   1   1  54   1   1   0   1   8   1   1   1   4  10   3  2.35 1.19
  163 L    -4  -5  -5  -2  -2  -4  -5  -3  -1   4   2  -5  -1   5  -9  -4  -3   1   2   1    2   1   1   3   1   1   1   3   1  20  20   1   1  22   0   2   2   2   7  10  0.90 0.50
  164 L    -2   4  -2  -4  -1  -2  -4  -4   0  -2  -4   5   3  -2   0  -2  -2  -1  -2  -3    4  21   2   1   2   2   1   2   2   3   2  33   6   2   6   3   3   1   2   2  0.88 0.57
  165 E    -2   0   2   1  -3   1   1   1  -1  -1   0  -1   0   0   0  -1  -1   0   1  -2    4   5  10   7   1   5  10  11   2   3  11   4   3   4   5   4   4   1   5   2  0.12 0.13
  166 P    -3  -4   0  -2  -1  -3  -2  -2   1  -1  -2  -3   1   3   4  -2  -3   1   6  -3    3   1   4   2   1   2   3   4   3   4   5   2   3  11  20   3   2   2  23   2  0.77 0.51
  167 D    -2   0   3   4   2  -2  -2  -1   2  -4  -3  -2  -1  -2  -1   2   1   0  -2  -3    4   5  12  19   4   2   3   5   4   1   3   3   2   2   3  15   8   1   1   3  0.42 0.33
  168 I    -2  -3  -3  -3  -1  -2  -3  -3  -1   0  -1  -3   0  -1   6   0  -2   0  -1  -1    4   2   2   2   1   2   2   3   1   5   6   2   2   3  42   6   3   1   3   5  0.88 0.61
  169 N    -1   1   2   1   0   0  -1   2   0  -2  -1   0   0   0  -1   0  -1   1   0  -1    4   8   9   7   2   4   4  15   2   2   7   5   3   3   3   7   4   2   4   4  0.10 0.10
  170 Q    -2  -1   2   2   1   2  -2   1   1  -2  -2  -1   1   0  -2   1  -1   2   0  -2    4   3  10  12   3  10   3   9   4   3   4   4   3   4   3  11   3   2   3   3  0.21 0.20
  171 E    -1   0   0   0   2   0   0  -1   2   0  -1   0   2   1   0  -1   0   4   1  -1    5   5   5   5   5   5   5   5   5   5   5   5   5   5   5   5   5   5   5   5  0.09 0.08
  172 L    -2   0  -1  -2   1  -1  -2  -3   2   2   0  -2   1   2  -2  -2  -1   3   4   0    3   5   3   3   2   3   3   3   4  11   8   3   3   9   3   3   3   4  15   7  0.31 0.24
  173 Y    -3  -1  -2   2  -1  -2  -1  -3   0  -1  -2  -2   1   2  -6  -1  -2   2   7  -2    2   4   2  10   1   2   5   2   2   3   3   3   3   7   0   6   2   3  36   3  0.85 0.54
  174 G    -1  -3  -3  -3   0  -2  -4   6  -1  -3  -4  -3   0  -3   0  -1  -3  -7  -2  -4    5   1   1   1   2   2   1  62   2   2   2   1   2   1   5   4   2   0   1   1  1.26 0.73
  175 L    -2  -2  -1  -2   1  -1  -1  -3   0   1   3  -2   3   1   1  -2  -2   2   0   0    3   3   3   3   3   3   4   3   3   6  26   3   7   6   6   4   3   3   3   7  0.28 0.18
  176 P    -1  -1  -1  -2   2  -1  -2  -1  -8  -1  -3  -2   1  -8   5   3  -1  -8  -8   0    5   3   3   3   3   3   3   5   0   3   3   3   3   0  26  21   4   0   0   7  0.61 0.43
  177 E     0   0   0   0   2   0   0  -1  -2   0  -1   0   1   0   0   0   0   3   1   0    5   5   5   5   5   5   5   5   0   5   5   5   5   5   5   5   5   5   5   5  0.05 0.08
  178 Y    -2  -1  -2  -3  -5  -2  -5  -6  -1   3   2  -3   1   0  -3  -2  -2   5   5   1    3   3   2   2   0   2   0   0   2  16  19   2   3   3   2   3   3   7  19   8  0.60 0.41
  179 L     1   0  -1  -1   1   1   1  -1   1   0  -1   0   1  -1  -1   0   0   2   0  -1   12   4   3   4   2   7   9   4   3   6   7   4   3   3   3   8   6   3   3   4  0.06 0.07
  180 S     3  -1  -1  -2   1   0  -2   1   1   0  -2  -2   1  -1   1   1  -1  -6   0  -1   20   4   3   3   3   4   3  11   3   4   4   3   3   3   6  10   4   0   4   5  0.17 0.17
  181 A     4  -5  -1  -5   3  -1  -2   0   0   0  -1  -4   1  -1  -1   0  -2  -5  -1   0   38   0   3   0   5   3   3   8   2   5   6   0   3   3   3   6   3   0   2   6  0.45 0.38
  182 L     1   1   0  -1   1  -1  -1  -1   0   1   1   0   2   0  -1  -1  -1   2   0  -1   12   8   4   3   3   3   4   4   2   9  13   5   6   4   3   4   3   3   3   5  0.08 0.07
  183 N    -1   1   2   0   1   1   1  -1   1  -1  -1   0   0  -1   0  -1   0   2   0  -1    5   8  12   4   3   7   8   6   3   4   5   7   3   3   5   4   6   3   3   4  0.10 0.10
  184 S     1   0   0  -1  -3   0   0  -1   1  -1  -2  -1   1   0  -1   2   0   5   2   0   10   4   3   3   0   4   6   3   3   4   3   3   5   3   3  16   6   8   6   6  0.16 0.18
  185 A     0   0  -2  -2   2   1   0   0  -2   0   0  -1   1   1  -3   0   0   4   1   0    7   7   0   0   6   7   7   7   0   7   7   0   6   6   0   7   7   6   6   7  0.10 0.14
  186 W     0  -1   0   2  -1   0   1   1  -1   0   0  -1   0  -1  -3   0   0   1  -1  -1    8   2   3  12   1   4  13  12   1   5  11   4   3   3   0   5   5   2   2   3  0.08 0.12
  187 L     0  -1  -1  -2   0   0  -1   0   0   1   2  -1   2  -1  -3   0   1   1  -2   0    6   3   3   2   2   5   3   9   2   7  22   3   6   3   0   6  12   2   0   5  0.10 0.16
  188 N     0  -1   2   4  -4  -1   1   0   2  -2  -2  -1   0  -1  -3   0  -1   1   0  -2    9   3   8  23   0   3   8   8   5   2   3   2   3   2   0   8   4   2   3   3  0.26 0.26
  189 E    -1   1   2   0  -1   1   1  -1   1   0   0   0   0  -1  -3   0   0   1   0  -1    3   9  11   4   2   6   9   3   3   7  10   6   3   3   0   6   4   2   3   3  0.06 0.11
  190 S     3  -1   1   0   0   0   1  -2   1  -2  -2   0   0  -1  -3   1  -1   1   1  -2   24   3   6   5   2   4  11   3   3   2   3   6   2   3   0  12   2   2   6   2  0.21 0.25
  191 A     4  -2  -2  -5  -2  -2  -4  -2  -3   3  -1  -3   3  -5  -5   0  -1  -6  -3   0   40   2   2   0   1   1   1   3   1  18   6   1   8   0   0   7   3   0   1   5  0.68 0.50
  192 T     1   1   0   1  -3   2   2  -1  -1  -2  -2   0  -1  -3  -1   1   2  -2  -4  -2   11   6   3   8   0   8  12   5   1   2   4   4   1   1   2  12  14   0   0   2  0.19 0.23
  193 L    -1   1   2   2  -4   1   3  -2  -1   0   0   1  -1  -2  -4  -1   0  -5  -2  -1    5   7   9  10   0   5  19   2   1   5  12   9   2   1   0   3   5   0   1   3  0.22 0.22
  194 F    -3  -3  -2  -6  -3  -2  -6  -5   3  -2  -1  -4   0   6  -6  -3  -2   6   6  -3    2   1   2   0   1   2   0   1   6   3   5   1   2  35   0   3   2   9  22   2  1.32 0.69
  195 R     0   3   5  -2  -2   1  -1  -1   3  -2  -2  -1  -1  -3  -4   0  -1  -1  -1  -2    7  14  27   2   1   7   3   5   8   2   4   3   2   1   0   6   4   1   2   3  0.45 0.36
  196 R     0   3   0  -2  -2   0  -1  -2  -1   1   1   2   0  -1  -3   0  -1   1   1  -1   10  16   5   2   1   4   3   3   1   8  15  12   2   2   0   6   2   2   4   3  0.14 0.17
  197 K     1   3   3   0  -1   0   0  -1   0  -2  -3   2  -1  -2  -4   1   0   0  -1  -2   10  14  17   4   1   3   4   4   2   2   2  13   1   1   0   9   4   2   2   2  0.27 0.25
  198 Y    -3  -3   1  -3  -1  -2  -2  -2   1  -1   0  -3   0   6  -5  -1  -1   1   4  -2    2   1   8   2   1   2   2   3   3   3   9   2   3  29   0   4   4   2  16   2  0.66 0.40
  199 Y    -3  -5  -3  -3  -1  -3  -5  -6   0   2   1  -5   1   6  -6  -3  -2   2   4   0    2   0   2   2   1   2   0   0   2  12  12   0   3  36   0   2   2   3  13   5  0.97 0.51
  200 E    -1   1   1   2   0   3   1  -2   0  -2  -2   3  -1  -2  -4  -1  -1  -1  -2  -2    6   8   7  10   2  12  11   3   2   3   3  19   1   1   0   4   3   1   1   2  0.28 0.25
  201 N    -3  -1   8  -1  -7   1  -5  -2   0  -3  -7  -1  -6  -7  -6  -1  -1  -7  -2  -7    2   3  65   2   0   5   0   3   2   2   0   4   0   0   0   5   4   0   2   0  1.76 0.90
  202 G     0   0   2   0  -5   0  -3   5   1  -4  -4   0   0  -2  -5   0  -2  -6  -2  -5    6   6   8   4   0   4   2  45   3   1   2   5   2   2   0   7   2   0   2   0  0.75 0.46
  203 A     2  -1  -1  -1   1  -1  -3   0   0  -1  -1  -1   1   2   1   0   0   2   0  -1   23   4   3   3   3   3   0   8   3   3   5   3   4   9   7   6   4   3   3   4  0.13 0.19
  204 H    -1   0   0  -1  -4   0  -1  -2   5   0  -1  -1   1   1   1   0   0   2   0   0    4   6   5   3   0   4   3   3  16   5   6   4   5   5   7   6   6   3   3   7  0.19 0.22
  205 A     1  -2  -1  -5   0  -1  -4  -1   0   0  -2  -1   1  -1   5   0  -1  -6  -5   0   10   2   3   0   2   2   0   5   2   5   4   4   4   3  35   8   4   0   0   6  0.62 0.46
  206 G    -1   1   0   0  -7   0  -2   3   1  -2  -3  -1   1   0   2   1  -1  -7   0  -6    5   7   5   6   0   5   3  20   3   3   3   4   3   4  10  11   4   0   3   0  0.28 0.24
  207 Y    -1  -2  -1  -2   1  -1  -2   2   1  -1  -1  -1   3   2   0  -1   0   2   2  -1    4   3   3   3   3   3   3  16   3   4   7   4   7   8   5   5   5   3   8   4  0.19 0.15
  208 I     1  -2  -4  -4   0  -1  -4   0   0   3   0  -2   2  -1  -2  -2  -1   1  -1   2   13   2   0   0   2   2   0   6   3  22   9   2   5   3   2   3   2   2   2  18  0.29 0.27
  209 M     0  -1   1  -1  -2   1   0  -2  -1   0   0   0   1   1  -2   0   0  -2   1   0    7   0   7   0   0   7   7   0   0   7   7   7   7   7   0   7   7   0   7   7  0.02 0.11
  210 Y    -1   0   0  -1   0   0   0  -2   0   0  -1   0   0   1  -1   1   0  -3   4   1    4   5   4   3   2   4   5   2   2   7   5   7   2   5   3  10   6   0  14  10  0.12 0.15
  211 V    -1   0   0   0   2   0   0  -1   2   0  -1   0   2   1   0  -1   0   4   1  -1    5   5   5   5   5   5   5   5   5   5   5   5   5   5   5   5   5   5   5   5  0.09 0.08
  212 T     0  -1   1   0  -6  -1   1   0   2  -1  -3   0   1   0   2   0   2  -6   0  -2    7   4   6   5   0   3   8   6   5   3   3   6   3   4  11   7  14   0   3   3  0.18 0.18
  213 D    -1  -2   3   4  -5   0   1   3   0  -3  -4  -1  -2  -3  -1  -1  -1  -1  -2  -3    5   2  12  22   0   4   7  22   2   1   1   4   1   1   3   4   3   1   1   2  0.47 0.37
  214 A     1   0   0   1  -4   0   0   3   0  -2  -3   0  -1  -2   2   0   0  -5  -2  -1   12   5   4   6   0   5   5  23   2   2   2   5   1   1  10   7   5   0   1   4  0.25 0.24
  215 V    -1   0   0   0  -3   0   0  -1   1   0  -1   0   1   0   0   0   0   3   1   0    5   5   5   5   0   5   5   5   5   5   5   5   5   5   5   5   5   5   5   5  0.06 0.08
  216 Q    -1  -1   0  -1  -3   0   0  -1   0   0   1  -1   1   0   1   0   0   2   0   0    4   3   4   4   0   5   5   4   3   6  19   4   5   4   8   6   5   3   3   6  0.06 0.10
  217 D    -1  -1   1   4  -5   0   0  -1   0  -2  -3  -1  -1  -5   0   2   2   0  -4  -3    5   3   8  22   0   4   5   5   3   2   2   4   2   0   5  15  12   2   0   2  0.35 0.33
  218 R     0   0  -1   2  -4   2   2  -2  -3  -2  -2   0  -1  -2   2   0   0   1  -2  -1    7   4   3  12   0   9  17   3   0   2   3   6   1   2  11   5   6   2   2   4  0.25 0.25
  219 N     0  -2  -1   3  -5   1   4  -1  -1  -3  -4   0  -1  -3  -1   0   0  -6  -3  -3    9   2   2  16   0   7  31   4   1   2   2   6   1   1   3   5   5   0   1   2  0.50 0.42
  220 D     0  -1  -1   3  -4   2   2  -2  -1  -1  -1   0   0   0  -2   0   0   0   0  -1    7   3   2  19   0  11  13   2   1   3   5   5   2   4   1   6   5   1   3   5  0.23 0.24
  221 I     0   1  -1  -1  -3   1   1  -2  -1   0  -1   1   1   0  -2  -1   0   1   0   1    9   8   3   2   0   6  12   1   1   7   6  11   4   4   1   3   4   2   4  11  0.10 0.15
  222 E     0   3   1   3  -5   2   2  -2  -1  -3  -3   2  -1  -2  -3  -1   0  -5  -2  -3    7  14   6  14   0   8  16   2   1   2   3  13   1   2   1   3   5   0   1   1  0.36 0.33
  223 M     1   2  -1   0  -4   1   2  -2  -1   0   0   1   0  -1  -2  -1  -1   0  -1  -1   13  13   3   6   0   6  12   2   2   7   9   7   3   3   1   3   2   1   2   4  0.12 0.16
  224 L    -1   0  -3  -2  -1  -1  -2  -3  -4   3   3   0   2   1  -2  -1  -1   0   0   1    4   5   1   2   1   3   3   2   0  18  26   5   4   6   1   4   4   1   3   7  0.23 0.23
  225 R    -1   3  -1   0  -2   1   2  -3  -1  -1  -2   4   0  -2  -4  -2  -1   1  -1  -2    4  19   3   4   1   6  14   1   1   5   4  22   3   1   0   3   3   2   2   2  0.43 0.37
  226 E    -1   0   0   0  -3   0   0  -1   1   0  -1   0   1   0   0   0   0   3   1   0    5   5   5   5   0   5   5   5   5   5   5   5   5   5   5   5   5   5   5   5  0.06 0.08
  227 N     1   0   0   0  -4   2   0  -2   0  -1  -1   0   0   2  -2   0  -1   4   1  -1   13   6   4   5   0   9   6   3   2   4   6   7   3   9   1   6   3   7   4   3  0.14 0.17
  228 M    -1   0  -1  -1  -4   0   0  -2   0   1   1  -1   3   2  -4  -1  -1   4   0   0    4   5   4   4   0   4   6   3   2   9  14   4   9  10   0   4   3   7   2   7  0.17 0.19
  229 V     0   2   1   0   0   1   2  -2   0  -1  -1   2   0  -1  -3   0  -1   1   0  -1    6   9   6   5   2   7  14   3   3   3   5  14   2   3   0   6   3   2   3   3  0.15 0.17
  230 K     0   1   1   1  -4   1   1   0   0  -2  -2   1   0  -1  -3   1   0   1  -3  -2    9   9   8   9   0   8   9   7   2   3   3  11   2   3   0   9   5   2   0   2  0.17 0.19
  231 S     0   0   1   0  -3   1   0   0   2  -1  -1   0   0   0  -1   1   0   1   1  -1    9   4   6   4   0   6   6   6   7   3   6   4   2   5   2  11   6   2   6   4  0.07 0.10
  232 K     0   1   0  -1   0   1   0  -1   2   0  -1   1   0   0  -3   0   0   2   1  -1    6   8   5   3   3   7   4   5   6   5   6  11   3   5   0   5   7   3   4   5  0.06 0.09
  233 G    -1   0   0   0  -3   0   0  -1   1   0  -1   0   1   0   0   0   0   3   1   0    5   5   5   5   0   5   5   5   5   5   5   5   5   5   5   5   5   5   5   5  0.06 0.08
  234 R     0   0   0   0  -3   0   0   2   0  -1  -1   0   0  -1   0   1   0   1  -1   0   10   5   4   4   0   3   5  17   2   3   5   7   2   2   5   9   5   2   2   7  0.08 0.10
  235 N     0   0   0   0   2   0   0  -1   1   0  -1   0   1   0   0   0   0  -2   1   0    5   5   5   5   5   5   5   5   5   5   5   5   5   5   5   5   5   0   5   5  0.03 0.05
  236 N    -1   0   5  -1  -5   0  -1  -1   2  -2  -2   0   0  -1  -1   0   0   2   0  -2    5   5  32   3   0   3   3   4   5   3   3   5   3   3   4   6   5   3   3   4  0.40 0.36
  237 F     2   0  -1  -1  -3   0  -1   1   3  -1  -1   0   0   2  -1   0   0   1   0  -1   18   5   3   3   0   4   3   9   7   3   4   6   2  10   3   7   4   2   3   3  0.12 0.17
  238 K    -1   0   0   0  -3   0   0  -1   1   0  -1   0   1   0   0   0   0   3   1   0    5   5   5   5   0   5   5   5   5   5   5   5   5   5   5   5   5   5   5   5  0.06 0.08
  239 N     0   2   1  -2  -6  -2  -1   1   0  -3  -2   3  -1  -2  -1   1   2  -7  -2  -2    8   9   6   2   0   2   3  10   2   2   4  16   2   2   4  11  11   0   2   3  0.26 0.23
  240 L    -1  -1  -1  -1   1  -1  -1   0   0   1   0  -1   4   0   1  -1   0   2   0   1    5   4   3   4   3   3   4   7   3   6  10   4  10   4   7   5   6   3   3   9  0.09 0.08
  241 F    -1  -1   0  -1   1  -1  -1  -2   0   1   1  -1   2   2  -1  -2  -1   2   0   1    6   4   5   3   3   3   3   4   3   8  16   3   6   9   3   3   4   3   3   8  0.12 0.09
  242 L     1  -1  -2  -2   0  -2  -3  -3  -1   3   1  -2   2   0  -2  -1  -2   1   0   2   10   4   2   3   2   2   2   2   2  17  13   3   5   4   2   5   3   2   3  13  0.23 0.17
  243 Y    -1  -2   1  -2  -1  -1  -1   1   3   0   1  -3   2   0  -2  -2   1   1   2  -1    4   3   7   2   1   3   3  10   7   5  16   2   5   4   2   3   9   2   6   4  0.18 0.15
  244 A    -1   0   0   0   2   0   0  -1   2   0  -1   0   2   1   0  -1   0   4   1  -1    5   5   5   5   5   5   5   5   5   5   5   5   5   5   5   5   5   5   5   5  0.09 0.08
  245 P     0  -1   0  -1  -5  -2  -1   2  -1  -1  -2  -1  -1  -1   5   0   0  -5  -2  -1    6   4   5   3   0   2   4  13   2   3   3   3   1   3  28   6   5   0   1   4  0.42 0.36
  246 Q    -1  -1   2   3  -1  -1   0   3  -1  -2  -3  -1   2  -1   0   0  -1   0  -2  -2    5   3  10  14   2   3   6  20   1   2   3   4   5   2   4   6   3   1   1   3  0.25 0.23
  247 G     0  -1   1   1  -1  -1  -1   2  -3   0  -1  -1   0  -1  -1   0   1   1  -1   1   10   2   7   7   1   2   3  17   0   6   7   3   2   3   2   6   8   2   1   9  0.10 0.12
  248 K    -1   0   1   1  -4   0   1   0   0  -1   0   3  -1  -2  -1  -1   0   0  -3  -2    5   4   6   9   0   3   9   7   2   3  11  19   2   2   4   4   5   1   0   3  0.13 0.18
  249 A     0   0   0   1  -3   0   2  -1  -2  -1  -2   1   0   0   1   0   0   2   1  -1    6   3   5   9   0   4  16   5   0   3   4  10   3   3   7   6   4   4   5   4  0.12 0.14
  250 D     0   0   0   2  -3   1   1   0   0  -1  -1   1   0  -1   0   0   0  -3   0  -1    5   5   5  12   0   6   9   8   3   3   3  10   3   3   3   5   7   0   3   6  0.08 0.10
  251 G     0   0  -1   0  -1   0   0   3  -1  -2  -3   2  -1  -2   0   0   0   1  -1  -1    8   5   2   4   2   4   6  23   2   2   2  12   2   2   5   6   5   2   2   4  0.18 0.19
  252 I    -1   0   0   0   2  -2   0  -1   1   0  -1   0   1   0   0   0   0   3   1   0    5   5   5   5   5   0   5   5   5   5   5   5   5   5   5   5   5   5   5   5  0.05 0.09
  253 K     0   1   0   1  -4   2   2   0   1  -1  -2   2  -3  -1  -1   0   1  -4  -3  -1    6   6   4   9   0  10  12   6   3   3   4  13   0   4   3   6   8   0   0   4  0.17 0.18
  254 I    -1  -2  -2  -3  -4  -2  -2  -3  -1   3   1  -2   0   3  -2  -3  -1   4   2   2    4   2   2   2   0   2   3   2   1  18  11   2   2  13   2   2   3   7   6  14  0.37 0.28
  255 I     0   0   0   0   2   0   0  -1   1   0  -1   0   1   0   0   0   0  -2   1   0    5   5   5   5   5   5   5   5   5   5   5   5   5   5   5   5   5   0   5   5  0.03 0.05
  256 P    -1   0   0   0  -4   1   1  -1   1  -1  -2   1   0  -1   4  -1  -1  -4   0  -1    5   5   4   5   0   7   8   4   4   3   3   8   3   3  23   5   4   0   3   3  0.31 0.27
  257 L     0   0   0   0  -3   0   0   0  -2   0   0  -1   1   1   1   0   0   3   1   0    6   6   6   6   0   6   6   6   0   6   6   0   6   6   6   6   6   6   6   6  0.06 0.11
  258 S     0  -1   0   0   0   0   0   1   0   0  -1   0   1  -1   0   1   1  -3  -2   0    6   3   4   4   3   4   5  14   3   6   4   5   5   3   5  12   8   0   0   5  0.06 0.10
  259 E    -1   0   0   1   0   1   1  -1   0   0   1   0   1   0   0   0   0   1   0   0    4   3   4   7   2   6   9   5   3   6  16   4   5   3   4   4   7   2   3   5  0.02 0.05
  260 V     0  -1   2   0  -3  -1   0  -1   0   0  -1   0   0  -1   0   2   1   1  -1   0    5   2  11   6   0   2   6   4   2   7   5   4   2   3   5  15   9   2   2   6  0.08 0.14
  261 A     0  -1   0   2  -3   1   0  -1   1  -1  -1  -1   1   0   2   0   0  -4  -3  -1    9   3   5  11   0   6   4   5   4   5   7   3   5   4  12   7   5   0   0   4  0.12 0.14
  262 T    -1   0   0   0  -3   0   0  -1   1   0  -1   0   1   0   0   0   0   3   1   0    5   5   5   5   0   5   5   5   5   5   5   5   5   5   5   5   5   5   5   5  0.06 0.08
  263 K    -1   0   1   4  -5   1   2  -1   2  -1  -2   1  -4  -4  -1  -1  -1  -5   0  -1    5   4   5  25   0   7  11   4   4   3   4  10   0   0   3   4   4   0   3   4  0.35 0.29
  264 D     0  -1  -1   2  -3   0   0  -1  -3   0   0   0   3  -1  -1   0  -1   1   0  -1   10   2   2  13   0   5   5   4   0   4  11   7  12   2   2   8   3   2   3   3  0.12 0.18
  265 D     0   0   0   2  -4   3   2  -1   1  -2  -2  -1   0  -1  -1   1   0   1  -1  -2    8   6   3  12   0  18  11   4   3   2   4   2   2   2   3   8   4   2   3   2  0.22 0.25
  266 F     0  -2   0   0  -3   0  -2   0   2   0   0   0   1   1   1   0   0   3   1   0    6   0   6   6   0   6   0   6   6   6   6   6   6   6   6   6   6   6   6   6  0.08 0.13
  267 F    -1   0   0   0  -3   1   1  -1   0   1   1   0   1   0  -1   0   0   1  -1   0    3   5   3   4   0   8   9   3   3   9  17   4   4   4   2   7   6   2   2   5  0.05 0.10
  268 N     0   0   2   1  -4   1   3  -1   0  -2  -1   1   0   0  -1   0   0   1  -1  -2    6   5  11   8   0   5  19   4   2   2   6   7   2   4   3   5   5   2   2   3  0.16 0.19
  269 I    -1   0   0   0   2   0   0  -1   2   0  -1   0   1   0  -3   0   0   3   1   0    5   5   5   5   5   5   5   5   5   5   5   5   5   5   0   5   5   5   5   5  0.06 0.10
  270 K    -1   0   0   0   2   0   0  -1   2   0  -1   0   1   0  -3   0   0   3   1   0    5   5   5   5   5   5   5   5   5   5   5   5   5   5   0   5   5   5   5   5  0.06 0.10
  271 K    -1   1   2   1  -4   1   1  -1   1  -1  -2   2   0  -3   0   0   0  -4   0  -1    5   7  11   8   0   5  11   5   3   3   4  13   3   0   4   6   4   0   3   3  0.15 0.17
  272 A     0  -1   0   0   0   1   0  -2   1   0  -1   0   2   2  -4  -1   0   3   0   0    7   3   4   5   2   8   8   3   3   6   6   6   5  12   0   3   5   5   3   6  0.12 0.15
  273 S     0  -1   1  -1   2   1  -2  -2   0   1  -2  -2   0  -1  -1   1   2   2   0   0    9   4   7   3   5   6   3   4   3   8   4   3   3   3   3  11  12   2   3   5  0.14 0.14
  274 A    -1   3   0  -2   1   0   1  -2   0   0  -2   0   1   0  -6  -2   1   2  -1   0    6  16   4   3   3   4  11   3   3   5   4   6   3   4   0   3   8   3   3   6  0.18 0.19
  275 A    -1   1   0   3  -5   3   2  -2   0  -2  -3   0  -1  -5  -2  -1   1  -5  -2  -2    5   8   4  20   0  14  16   2   2   2   2   5   1   0   1   4   7   0   1   4  0.39 0.33
  276 D    -1   1   1   4  -5   1   4  -2   0  -2  -2   1  -2  -3  -4  -2  -1  -5  -2  -3    4   8   5  23   0   5  24   3   2   2   4   9   1   1   0   2   3   0   1   2  0.50 0.38
  277 L     0  -2  -2  -2   3   1   0   0  -2   0   0   0   2   1  -3   0   0  -2   1   0    7   0   0   0   7   7   7   7   0   7   7   7   7   7   0   7   7   0   7   7  0.07 0.13
  278 L     1  -1  -1  -4   2  -1  -3  -2   0   1   2  -1   3   0  -1  -1   0   2   0   0   11   4   3   0   5   3   0   3   3   7  25   3   8   3   3   4   7   3   3   3  0.17 0.18
  279 D     2   1  -1  -1   0   0   0  -1   0  -1  -1   0   0  -2   0   2   0  -4  -3   0   19  10   2   2   2   2   6   4   2   4   3   4   3   2   5  15   5   0   0   8  0.12 0.16
  280 A    -1   0   0   0   2   0   0  -1   2   0  -1   0   2   1   0  -1   0   4   1  -1    5   5   5   5   5   5   5   5   5   5   5   5   5   5   5   5   5   5   5   5  0.09 0.08
  281 H    -1   0   0  -4  -4   0  -3  -4   6  -1  -1  -3   1   4  -4  -1  -1   3   3  -3    4   4   5   0   0   5   0   0  25   4   6   0   4  18   0   4   4   4  11   0  0.70 0.42
  282 R     0   0   1   0   2   1   0   0   2  -2  -1   0   1   0   1   0   0  -2   1  -2    6   6   6   6   6   6   6   6   6   0   6   6   6   6   6   6   6   0   6   0  0.08 0.12
  283 I    -1  -1  -1  -4   2  -1  -3  -2  -3   2   0  -1   3   0  -4  -1  -1   4   0   3    4   3   3   0   4   3   0   4   0  10   7   4  11   3   0   3   4   7   3  24  0.25 0.28
  284 P    -1  -1   0   0  -4   1  -2  -3   1  -1  -2   0   0   0   5  -1   1   2   1  -1    6   4   4   4   0   6   0   0   3   5   3   5   3   4  28   5   9   3   5   3  0.40 0.32
  285 F     0   0  -1  -2   0  -1  -1  -1   1   0  -1   0   0  -2   5   0  -1  -4  -1  -2    9   6   2   2   2   2   4   4   3   6   5   6   2   2  29   9   2   0   2   3  0.39 0.30
  286 Q    -1   0   0   0  -3   0   0  -1   1   0  -1   0   1   0   0   0   0   3   1   0    5   5   5   5   0   5   5   5   5   5   5   5   5   5   5   5   5   5   5   5  0.06 0.08
  287 L     0   0   0   0  -3   1   0  -3   2   0   0   0   1   1  -3   0   0   3   1   0    6   6   6   6   0   6   6   0   6   6   6   6   6   6   0   6   6   6   6   6  0.09 0.13
  288 M     0   0   0  -2   2   0  -2   0   2   0   0  -2   1   1  -3   0   0   4   1   0    6   6   6   0   6   6   0   6   6   6   6   0   6   6   0   6   6   6   6   6  0.11 0.15
  289 G    -1  -1   0  -1   1   0   0   4   1  -1  -2  -1   0  -1  -1   0  -1  -4  -1  -1    4   3   3   3   3   4   6  35   4   3   3   3   3   3   3   6   3   0   3   4  0.34 0.26
  290 G    -1   0   0   0   2   0   0  -1   2   0  -1   0   2   1   0  -1   0   4   1  -1    5   5   5   5   5   5   5   5   5   5   5   5   5   5   5   5   5   5   5   5  0.09 0.08
  291 K     0   0   0   0   2   0   0  -1   1   0  -1   0   1   0   0   0   0  -2   1   0    5   5   5   5   5   5   5   5   5   5   5   5   5   5   5   5   5   0   5   5  0.03 0.05
  292 P     0   0  -1   0  -3   0   1   0   0   0  -2   0   0  -3   3   1   0  -4  -1  -1    8   4   3   5   0   5   9   8   2   6   3   5   2   0  16   9   7   0   3   4  0.18 0.17
  293 E     0   1   1   2   0   0   1   1   1  -2  -2   0  -1  -2   0   0   1  -3  -1  -1    6   7   5  11   2   4   8  11   4   2   3   6   2   2   4   7   9   0   2   3  0.10 0.11
  294 N     0  -2   3   0  -4   0   1   2   0  -1  -2  -1  -1  -2  -2   0   0  -4  -1  -1    9   2  18   5   0   4   9  17   2   3   3   3   2   2   2   7   4   0   3   3  0.24 0.24
  295 V     0   0   2   0  -3   0  -2   1   0  -2  -1   0   0  -2  -2   1   3   0  -1  -2    8   5   9   4   0   3   2  10   2   2   6   5   3   2   2  10  22   1   2   3  0.19 0.22
  296 G     1  -1   0  -1  -1  -2  -2   3  -1  -2   0   0  -1  -2  -1   2  -1  -1  -2  -2   14   4   4   2   1   2   2  25   1   2   9   5   2   2   2  15   4   1   2   3  0.26 0.23
  297 S    -1  -2   3  -2  -4  -1  -3   3  -4  -3  -3  -2  -1  -1  -2   2   2   3  -2  -2    4   2  13   2   0   3   1  23   0   1   2   3   1   3   2  17  13   4   1   3  0.44 0.35
  298 L    -1   0   0   0   2   0   0  -1   2   0  -1   0   2   1   0  -1   0   4   1  -1    5   5   5   5   5   5   5   5   5   5   5   5   5   5   5   5   5   5   5   5  0.09 0.08
  299 G     3  -1   1   0  -6   0  -1   2  -6  -1  -3  -1   1   0  -1   1   0  -7  -6  -2   19   3   7   6   0   4   4  15   0   3   4   3   3   4   4  11   6   0   0   3  0.27 0.23
  300 D    -1  -1   5   3  -5   0   2   0   0  -2  -3  -1  -1  -1  -4   0   0  -5  -1  -2    5   2  26  14   0   3  13   6   2   2   2   2   2   2   0   5   7   0   2   3  0.43 0.36
  301 I     0   0   0  -2  -2   1   0   0   2   0   0   0   1   1   1   0   0  -2   1   0    6   6   6   0   0   6   6   6   6   6   6   6   6   6   6   6   6   0   6   6  0.04 0.08
  302 E    -1   0   0   0   2   0   0  -1   2   0  -1   0   2   1   0  -1   0   4   1  -1    5   5   5   5   5   5   5   5   5   5   5   5   5   5   5   5   5   5   5   5  0.09 0.08
  303 K     0  -1   2   0  -6   1   3  -1   1  -1  -2   2   1  -6  -1  -1   0  -7  -6  -1    8   4   8   6   0   7  16   5   3   4   4  12   3   0   4   5   7   0   0   5  0.26 0.21
  304 V     4  -1   0  -1  -4   2  -1  -1   0  -1  -1  -1   1  -1  -4   0  -1  -4   0  -1   33   2   4   3   0  12   3   4   2   3   5   2   4   2   0   7   4   0   4   5  0.31 0.32
  305 A     1   1   1   1  -3   0   0  -1   0  -1  -1  -1   2   0  -2   0   1   1   1  -1   11   9   6   8   0   3   7   4   3   4   6   3   6   4   2   8   8   2   6   3  0.08 0.12
  306 K    -1   3  -1   0  -4   2   1  -3   0  -1   0   1   0  -2  -2  -1  -1  -4   0  -1    5  19   3   6   0   9  11   2   2   4   9  10   2   2   1   4   4   0   3   3  0.22 0.22
  307 V     1   0   0  -1   0   0  -1  -1   1   2   0  -1   1   0  -3   0   0   2   0   1   12   4   4   3   3   4   3   4   3  15  10   4   4   3   0   6   4   3   3   9  0.06 0.10
  308 F    -2  -1  -5  -2   1  -1  -2  -2   1  -1   0  -2   1   6  -5  -2  -1   3   4  -2    4   3   0   3   3   3   3   3   3   3   9   3   3  30   0   3   3   4  14   3  0.60 0.42
  309 V     0   0   0  -1   0   0   0  -1   1   0  -1   0   1   0  -4  -1  -1   5   3   0    8   6   4   3   2   4   5   4   3   5   6   5   4   4   0   3   3  10  12   8  0.22 0.21
  310 R    -1   2   2   0  -1   2   3  -2   0  -2  -2   1   0  -2  -2  -1   0  -5  -1  -2    4  10   9   4   1   9  22   2   2   3   3  10   3   2   1   4   6   0   2   3  0.27 0.28
  311 N    -2  -1   4   2  -1   1   0  -2   2  -2  -2  -1   0   0  -4  -1   1   0   2  -2    3   3  22  10   1   7   5   3   5   2   4   3   3   5   0   4  11   2   6   2  0.33 0.32
  312 E    -1  -3  -1  -2   0  -1   3  -2  -1  -1  -2  -2  -1  -2  -5  -1   4  -5   0   2    5   1   3   2   2   2  20   3   1   2   4   2   1   1   0   4  27   0   4  16  0.46 0.43
  313 L    -3  -3  -5  -3   0  -5  -4  -4  -6   5   2  -3   2   0  -5  -3  -1  -5  -2   3    2   1   0   2   2   0   1   1   0  35  21   1   5   3   0   2   4   0   1  18  0.78 0.48
  314 I     0   1  -1  -1  -2   2   1  -1  -1   2   0   1   1  -2  -2   0   0  -1   0   0    6  10   3   2   1   9   9   4   1  13   9   8   3   1   1   5   4   1   3   7  0.09 0.13
  315 P    -3  -4  -4  -2   3  -3  -4  -5  -2  -8  -8  -4  -3  -5   8  -2  -3  -1  -3  -4    3   1   1   3   5   2   1   1   1   0   0   1   1   1  73   3   1   1   1   1  2.21 1.17
  316 L    -1   0   0   0   2   0   0  -1   2   0  -1   0   2   1   0  -1   0   4   1  -1    5   5   5   5   5   5   5   5   5   5   5   5   5   5   5   5   5   5   5   5  0.09 0.08
  317 Q    -1   0  -2  -3   2   6  -3  -4   0   0   2  -2   2  -1  -3  -3  -2   2  -2  -1    6   5   2   2   3  28   2   2   2   6  16   3   4   3   2   2   2   2   2   5  0.59 0.42
  318 D    -1   3   2   1   0   1   2  -2   0  -2  -3   1   1  -6  -2  -1   0   1  -2  -1    5  13   9   7   2   7  12   3   2   3   3   8   3   0   2   6   7   2   2   4  0.25 0.22
  319 R    -1   4  -1  -1  -1   1  -2  -3  -1   2   1   1   2   0  -2  -2  -1   1   0  -1    5  19   3   4   1   5   3   2   2  10  11   9   5   3   2   3   4   2   3   4  0.25 0.19
  320 I    -4  -4  -3  -3  -1  -3  -4  -9  -8   5   3  -4   3   4  -9  -8  -3   5  -1   0    2   1   2   2   2   1   2   0   0  27  22   1   6  13   0   0   2   8   2   7  1.06 0.55
  321 R     1   1  -3   0   2   0   4  -4  -2  -1   1   0   0  -4  -7  -1  -3  -8  -3  -3   13   7   2   5   4   4  28   2   1   4  12   6   2   1   0   4   2   0   1   2  0.48 0.35
  322 E     1   1  -2   3  -6   3   4  -3   2  -4  -4   0  -1  -4  -3   1  -2  -1  -5  -4   10   6   2  15   0  12  24   3   4   1   2   4   1   1   1   9   2   1   0   1  0.54 0.43
  323 I    -2  -3  -6  -6  -5  -3  -4  -7  -1   4   4  -6   1   2  -6  -4  -3  -6  -1   2    4   2   0   0   0   1   1   0   2  25  34   0   3   8   0   2   2   0   2  13  0.90 0.48
  324 N    -2  -2   7  -2  -6  -1  -1  -3   0  -3  -1  -2   0   2  -4  -2  -2  -6  -1  -6    3   2  54   2   0   2   4   2   2   1   7   2   2   9   1   2   2   0   2   0  1.23 0.70
  325 G    -1   1   2   3  -2   0   3  -1   2  -3  -2   0  -1  -2  -2   0  -1  -5   0  -3    5   8  10  15   1   3  18   4   6   1   3   6   2   1   2   7   3   0   3   1  0.31 0.26
  326 W    -4   1  -1   0  -1   1   0  -3   0  -1  -2   1   1   1  -4  -2  -2   9   0  -2    1   8   3   5   1   6   6   2   3   4   4   9   3   6   1   4   3  26   3   3  0.81 0.50
  327 L     0  -6  -6  -3  -6  -3  -4  -5  -6   2   5  -4   1   1  -3  -4  -2  -6  -2  -1    7   0   0   2   0   1   1   1   0  11  57   1   3   6   2   1   2   0   2   3  1.02 0.58
  328 G    -1   0   0  -1  -4  -3  -2   5  -2  -2  -1  -1  -2   1   0  -1  -1  -4  -4  -3    6   7   5   3   0   0   3  40   1   2   8   3   1   7   5   4   3   0   0   2  0.48 0.34
  329 Q    -1   0   0   2  -2   2   2  -2  -2   0  -1   0   0  -1  -1  -1  -1  -1   0   0    4   5   4  11   1   8  18   3   1   7   7   7   2   3   2   3   4   1   3   6  0.14 0.15
  330 E    -2   0   0   2  -5   1   4  -1   0  -3  -3   2  -1  -3   0  -2   0  -5  -2  -2    2   5   4  11   0   5  32   4   3   2   2  10   2   1   5   3   6   0   1   3  0.47 0.36
  331 V    -1   0  -2   1  -2  -2  -1  -1   0   2   1  -1   0   0  -1  -1  -1  -1  -1   3    4   6   1   8   1   2   3   6   2  14  14   4   1   3   2   3   2   1   2  21  0.14 0.16
  332 I    -2  -4  -3  -3  -2  -4  -3  -4  -3   4   1  -4   1   4  -3  -3  -3   3  -2   3    3   1   1   1   1   1   2   1   1  27  11   1   3  18   2   2   1   5   1  18  0.70 0.42
  333 R    -2   5   0   0  -3   2   1   0   0  -4  -4   2  -2  -3  -3   0  -2   1  -2  -4    4  29   5   5   0   9   7   8   2   1   1  13   1   1   1   5   3   2   2   1  0.54 0.39
  334 F    -6  -2  -5  -4  -3  -7  -7  -5  -6   1  -1  -3  -3   8  -7  -7  -2  -2   0  -2    0   3   1   1   1   0   0   1   0   7   7   2   1  67   0   0   3   1   2   3  2.01 0.92
  335 K     0   2   3   1  -3  -1   2  -1  -2  -2  -2   4  -4  -4  -2  -3  -1  -6  -5  -3    7  11  16   8   1   2  11   5   1   2   4  24   0   1   2   1   3   0   0   2  0.49 0.38
  336 N    -3  -1   2   3  -2  -2   3  -1  -2  -4  -3   0  -5   0   4  -2  -2  -6  -2  -5    2   2  10  18   1   1  22   5   1   1   3   5   0   4  18   2   2   0   2   0  0.61 0.45
  337 Y    -4  -3   0  -4  -2  -5  -3  -5  -2   2  -2  -1  -2   3   1  -2  -2   2   7  -3    1   2   4   1   1   0   2   1   1  11   4   4   1  11   9   4   3   2  40   1  1.06 0.63
  338 S     0  -2   1   4  -2  -1   3  -2  -2  -4  -4   1  -4  -2  -4   2   1  -5   0  -4    9   1   6  21   1   2  20   2   1   1   1   7   0   2   0  13   8   0   3   1  0.47 0.38
  339 L    -2  -6  -6  -5  -5  -3  -6  -7  -6   4   5  -4   2   0  -3  -6  -3  -1  -4   2    3   0   0   1   0   1   0   0   0  19  50   1   4   4   1   0   1   1   0  13  1.06 0.57
  340 D    -1   0   2   4  -5   0   3  -2  -2  -2  -3   2  -4  -5  -3  -1   1  -5  -2  -2    4   4  11  25   0   3  19   2   1   3   2  11   0   0   1   2   9   0   2   3  0.48 0.36
  341 T    -2  -3  -3  -1  -4  -2   0  -2  -3  -1   1  -1  -1   4   0   0   3  -3   0   0    2   0   1   4   0   1   7   2   0   3  11   4   1  23   4   7  20   0   2   7  0.31 0.30
  342 D    -3  -1   3   5  -5  -2   2  -1   0  -4  -2   1  -4  -5  -1  -1  -1  -5  -2  -2    1   3  15  34   0   0  14   3   2   0   4   7   0   0   3   4   4   0   1   3  0.60 0.40
  343 N    -2  -1   5   5  -5  -3  -2   0  -3  -5  -3  -3  -4  -2  -4   2   0  -6  -4  -5    3   4  26  34   0   0   0   5   0   0   3   0   0   2   0  19   5   0   0   0  0.85 0.47
  344 D    -3  -3   0   6  -6   2   4  -4  -2  -5  -5  -2  -4  -5  -3  -2  -3  -6  -5  -5    0   0   3  55   0   8  34   0   0   0   0   0   0   0   0   0   0   0   0   0  1.33 0.44

                      K         Lambda
Standard Ungapped    0.1364     0.3189
Standard Gapped      0.0371     0.2670
PSI Ungapped         0.1211     0.3173
PSI Gapped           0.0371     0.2670
