
Last position-specific scoring matrix computed, weighted observed percentages rounded down, information per position, and relative weight of gapless real matches to pseudocounts
           A  R  N  D  C  Q  E  G  H  I  L  K  M  F  P  S  T  W  Y  V   A   R   N   D   C   Q   E   G   H   I   L   K   M   F   P   S   T   W   Y   V
    1 M   -2 -2 -3 -4 -2 -1 -3 -3 -2  3  1 -2  6  0 -3 -2 -1 -2 -2  1    0   0   0   0   0   0   0   0   0  31   0   0  69   0   0   0   0   0   0   0  0.58 0.09
    2 K   -1  1  0 -1 -3  3  1 -2 -1 -3 -3  4 -2 -3 -1  1 -1 -3 -2 -3    0   0   0   0   0  18   5   0   0   0   0  65   0   0   0  12   0   0   0   0  0.54 0.08
    3 V    0 -3 -3 -3 -1 -2 -3 -3 -3  2  2 -3  1 -1 -3 -2 -1 -3 -2  3   11   0   0   0   0   0   0   0   0   0  34   0   0   0   0   0   0   0   0  55  0.38 0.08
    4 T   -1 -2  0  2 -2 -1  2 -2 -2  1 -2 -1 -1 -3 -2  1  4 -3 -2 -1    0   0   0  14   0   0  17   0   0  14   0   0   0   0   0  11  45   0   0   0  0.34 0.09
    5 A    5 -2 -3 -3 -1 -2 -2 -1 -3  1 -2 -2 -2 -3  2  0 -1 -3 -3 -1   81   0   0   0   0   0   0   0   0  11   0   0   0   0   8   0   0   0   0   0  0.65 0.19
    6 N    0 -2  5  4 -4  1  1  0 -1 -4 -4 -1 -3 -4 -3 -1 -2 -5 -3 -4    7   0  44  31   0   7   5   5   0   0   0   0   0   0   0   0   0   0   0   0  0.80 0.22
    7 G   -1 -3 -2 -3 -4  1 -3  6 -3 -5 -5 -3 -4 -5 -3 -2 -3 -4 -4 -4    0   0   0   0   0   8   0  92   0   0   0   0   0   0   0   0   0   0   0   0  1.60 0.33
    8 K   -2  0  1 -2 -4  3  0 -3 -2 -3 -1  5 -2 -3 -2 -1  1 -4 -3 -3    0   0   6   0   0  18   0   0   0   0   9  55   0   0   0   0  12   0   0   0  0.61 0.23
    9 T   -1  2 -2 -2 -2  1 -2 -3  2  1 -1  0 -1 -3 -3 -1  4 -3 -2  2    0  13   0   0   0   6   0   0   6   6   0   3   0   0   0   0  41   0   0  25  0.38 0.19
   10 F   -1 -3 -4 -4 -3 -3 -4 -4 -2  1  0 -3  1  5 -4 -3 -2 -1  3  2    6   0   0   0   0   0   0   0   0   4   6   0   4  45   0   0   0   0  10  26  0.70 0.23
   11 N    0  0  0  2 -3 -1  2 -2 -2 -3 -3  1 -2 -4 -2  1  4 -4 -3 -2    6   5   1  12   0   0  19   0   0   0   0  10   0   0   0   9  39   0   0   0  0.46 0.21
   12 F    0 -3 -4 -4 -3 -3 -4 -4 -3  0  0 -3 -1  6 -4 -3 -2 -1  0  3    8   0   0   0   0   0   0   0   0   0   5   0   0  52   0   0   0   0   0  31  0.85 0.30
   13 P   -1 -4 -3  1 -5  1 -2 -4 -4 -5 -5 -3 -4 -5  7 -3 -3 -5 -5 -4    3   0   0   8   0   8   0   0   0   0   0   0   0   0  80   0   0   0   0   0  2.11 0.49
   14 D    1 -2  0  5 -4 -1  3 -2  0 -4 -4 -1 -3 -4 -2  0 -2 -4 -3 -3   14   0   3  52   0   0  19   0   3   0   0   0   0   0   0   6   0   0   0   0  0.83 0.28
   15 G   -2 -3  2  1 -4 -3 -3  6 -3 -4 -4 -3  1 -4 -3 -2 -3 -4 -4 -4    0   0  13   8   0   0   0  70   0   0   0   0   5   0   0   0   0   0   0   0  1.15 0.35
   16 T    2 -3  0 -3 -2 -2 -3 -3 -3  0  1 -2  2 -3 -3 -1  5 -4 -3 -1   19   0   5   0   0   0   0   0   0   4  13   0   8   0   0   0  52   0   0   0  0.60 0.32
   17 S    1 -3 -2  0 -3 -2 -2 -3 -3 -4 -4 -2 -3 -4  4  4  3 -5 -4 -3    8   0   0   6   0   0   0   0   0   0   0   0   0   0  22  37  27   0   0   0  0.82 0.41
   18 T   -1 -1  2  0 -4  1  1 -3 -2 -3 -4  0 -3 -4  5  0  2 -4 -4 -2    4   3  11   6   0   7   9   0   0   0   0   5   0   0  32   3  18   0   0   3  0.66 0.31
   19 E    0 -2  0  3 -5  0  5 -4 -3 -2 -4 -1  1 -5 -3 -2 -1 -5 -4 -4   10   0   3  17   0   3  55   0   0   3   0   2   4   0   0   0   2   0   0   0  0.94 0.48
   20 D   -2 -2  0  4 -5  5  1 -4 -2 -4 -4  1 -3 -5  0 -2  0 -5 -4 -2    2   0   4  31   0  39   6   0   0   0   0   7   0   0   3   0   5   0   0   3  0.92 0.49
   21 I    3 -3 -4 -4 -3 -1 -3 -3 -4  4  1 -1  3 -3 -3 -2 -2 -4 -3  2   35   0   0   0   0   3   0   0   0  27  10   5   8   0   0   0   0   0   0  13  0.54 0.36
   22 G    0 -1  0  1 -3  2  2  3 -2  0 -1 -1  0 -1 -3  0 -1 -3 -3 -2    5   2   3   9   0  10  18  24   0   7   7   0   3   2   0   6   3   0   0   0  0.23 0.19
   23 A    2  1  0 -1 -3  1  1  0 -2 -3 -2  0 -2 -3 -1  1  1 -3 -1 -2   25   8   5   3   0   6   9   7   0   0   2   4   0   0   3  12  12   0   3   2  0.23 0.21
   24 A    4 -1 -1 -1 -2 -2 -1 -1 -3 -1 -2 -1  2 -3 -1  0  1 -4  0  0   44   3   3   2   0   0   3   4   0   2   0   3   7   0   2   5  11   0   3   8  0.37 0.32
   25 V    1  1 -3 -3 -2 -1 -2 -3  0  4  1  0 -1 -1 -1 -1 -1  0 -2  1   12   9   0   0   0   2   0   0   2  31  13   7   0   2   3   3   3   2   0  10  0.25 0.23
   26 D   -1  0  0  5 -5  5  1 -3 -3 -4 -4 -1 -4 -5 -1 -1 -3  1 -4 -2    6   4   2  37   0  28   6   0   0   0   0   3   0   0   3   4   0   2   0   2  0.84 0.49
   27 E    0  0  1  2 -4  4  3  0 -2 -4 -4  0 -3 -4  1  0 -1 -4 -3 -4    9   5   5  12   0  21  23   6   0   0   0   3   0   0   6   7   3   0   0   0  0.48 0.33
   28 Y    0  0  0 -1 -4  0 -3  0  2 -3 -3 -1  1  4 -4 -1 -3  2  5 -3    8   7   4   3   0   4   0   6   4   0   1   2   3  20   0   3   0   2  30   0  0.63 0.38
   29 F   -1 -1 -3 -1 -3  0 -3 -4  1  1  1 -2  1  5 -4 -3 -3 -2  4  0    4   2   0   5   0   5   0   0   4   8  14   2   5  30   0   0   0   0  15   5  0.53 0.33
   30 A    4 -2 -1 -3 -3  0 -1 -1 -3 -4 -4 -1 -3 -4  1  2  1  1 -4 -3   52   2   2   0   0   4   4   3   0   0   0   3   0   0   7  13   8   2   0   0  0.67 0.47
   31 G    2 -1  0  0 -3  1 -1  3 -2 -3 -3  0 -3 -4  0  1  1 -4 -3 -2   23   3   4   6   0   6   3  23   0   0   0   4   0   0   5   8  11   0   0   2  0.33 0.26
   32 Q    0 -2 -1 -3 -4  5  1  0  0 -4 -3  0 -3 -3 -1 -1  0  1  3 -1    9   0   1   0   0  31   7   9   2   0   2   4   0   0   3   4   7   2  13   4  0.48 0.42
   33 A    3 -1 -1  0 -4  1 -1 -1 -3  0 -4 -1 -3 -2  4  1 -1 -4 -1 -2   27   2   2   6   0   6   4   3   0   6   0   2   0   1  23  13   2   0   2   1  0.48 0.37
   34 S    1  0 -1  0 -2  0  0 -2 -2  0 -1  0 -1  0  2  0  0 -3  0  1   16   5   3   6   0   4   4   2   0   7   3   6   0   4  10   7   7   0   3  13  0.10 0.14
   35 A    2  0  0  0 -3  4  0 -1  0 -4 -4  0 -3 -2  3  0 -1 -4 -3 -3   24   6   3   5   0  21   5   3   3   0   1   5   0   2  14   4   2   0   0   0  0.44 0.35
   36 A    1 -1 -2 -1 -3  4 -1  0 -2 -1 -2  1 -1 -1  1  0  0 -4 -3 -1   13   2   0   4   0  28   2   7   0   3   2   7   2   4   7   8   6   0   0   5  0.31 0.31
   37 E    1 -1  0  0 -3  1  0 -1 -2  0 -1  0  1  0  3  0  0 -3 -2  0   14   3   4   4   0   9   6   4   0   5   4   3   4   6  15   8   4   0   0   5  0.16 0.16
   38 T   -1 -1  0  1 -4  3 -1  1 -3 -2 -2 -1 -1 -1  1  1  3 -4 -3 -2    3   2   4   9   0  15   2  10   0   2   2   2   1   3   9   9  26   0   0   2  0.34 0.34
   39 Q    1 -1  0 -1 -4  5  1  1  0 -1 -2 -2 -2 -4  0  0  0  1 -3 -3   10   3   3   2   0  34   8  10   3   3   5   0   0   0   4   7   4   2   0   1  0.43 0.37
   40 P    0  0 -1  1 -3  2  1 -1 -2  0 -1 -1  0 -3  3  1  0  2 -2  0    9   4   2   7   0  10   8   4   0   5   4   2   2   0  15   9   5   3   0  10  0.18 0.18
   41 A    2 -1  1  0 -3  1  1  1 -2 -1 -1 -1 -1 -3  0  1  0 -3 -3 -1   19   2   8   6   0   7  10  11   0   4   5   2   2   0   4  12   6   0   0   2  0.16 0.17
   42 E    2 -2  1  0 -3  3  2 -1  0 -3 -1  0  0 -3  0  0 -1 -3  0 -1   18   0   7   3   0  18  14   5   2   0   6   4   3   0   3   4   3   0   4   3  0.25 0.27
   43 Q    0  0 -2  1 -3  2  1 -1 -2 -3 -2  0  0 -3  2  1  1 -4 -1 -1   10   5   0  10   0  14   7   5   0   0   4   4   3   0   9  11   9   0   2   5  0.21 0.23
   44 Q    1  0  0  0 -2  1  0  0  0  0  0  1  0  0  2 -1 -1 -3 -1  0   12   5   5   4   0   7   3   6   2   5   8  12   3   5   9   3   3   0   2   5  0.06 0.09
   45 E    2 -1  1  0 -3  2  2  0  0 -3 -2 -1  0 -1  2  0 -2 -4 -1 -2   21   3   9   4   0  10  13   7   2   0   4   3   3   2   9   5   0   0   2   3  0.22 0.24
   46 E    2  0  2 -1 -3  1  1  1  0 -3 -1  0  0 -3  1  0  0  1  0 -2   19   4  12   2   0   9   8   9   2   0   5   5   2   0   6   5   5   2   3   3  0.17 0.20
   47 P    0 -1 -2 -1 -3  1  0  0 -3 -1  0 -2  1  0  4  0  0 -3  0  0    8   2   0   3   0   8   4   6   0   2  11   0   4   4  22   6   7   0   3   7  0.26 0.22
   48 Q    2 -1  1  2 -3  3  1  0 -1 -3 -3 -1 -2 -3  0 -1  1 -4 -1 -2   21   2   8  11   0  20   7   6   1   1   2   2   0   0   5   0   9   0   3   2  0.30 0.28
   49 Q    0  2 -1 -2 -4  5  1 -2  0 -1 -2  1 -2 -4  1 -1  0 -4 -1 -2    7  11   2   0   0  35   8   3   2   5   3   7   0   0   7   4   4   0   2   2  0.49 0.37
   50 P    0 -2  1 -1 -3  2  2  0 -2 -2  0 -1 -1 -3  3  0  0 -4 -3 -1    8   0   6   2   0  14  14   8   0   2   9   1   2   0  19   7   6   0   0   3  0.32 0.26
   51 E    0  0 -1  1 -3  2  1  1 -2 -1 -1  0 -2 -3  0  0  0  1 -2  0    7   5   0   7   0  13  11  11   0   2   7   6   0   0   4   8   7   3   1   7  0.13 0.14
   52 Q    0 -1  0  0 -3  2  1 -1  0 -3 -1  0  1 -3  3  1  0 -4 -3 -3    9   3   4   5   0  12  11   4   2   0   5   3   5   0  20   9   7   0   0   0  0.32 0.24
   53 S    0 -1  1  0 -3  2  1  2 -2 -3 -4  0 -3 -4  2  2  0 -4 -3 -2    8   2   5   4   0   9   7  18   0   0   0   6   0   0   9  23   5   0   0   2  0.34 0.26
   54 L    1 -2  0 -2 -2 -1 -1  0 -2  1  2 -2 -1  2  0 -1  0  1 -1  1   12   0   6   0   0   3   4   7   0  11  21   0   0  11   5   2   5   2   0   8  0.12 0.15
   55 M    0  0 -2 -1 -2  1 -1  0 -2  0  2 -2  1  0 -1  0  1 -3 -2  0    9   5   0   3   0   8   3   7   0   3  26   0   4   4   2   8  10   0   0   7  0.10 0.16
   56 Q    1  1  1  0 -3  2  1  1  0 -3 -2  0  0 -3  1  0 -1 -3 -3 -1   10   7   6   6   0  16   7  13   2   0   3   5   4   0   6   8   2   0   0   3  0.19 0.17
   57 R    0  0 -1 -1 -3  3  0  1 -2 -1  0 -1  0 -1  3  0 -2 -1 -1 -1   10   4   2   3   0  17   6  13   0   3  10   1   2   3  14   6   0   1   2   4  0.19 0.19
   58 A    1  0 -2 -2 -2  0 -1  1 -1 -1  0  0  2 -2  0  0 -1  0 -2  1   18   6   0   0   0   4   3  14   1   2  12   5   7   0   5   7   2   2   1  11  0.11 0.15
   59 G    1 -1  0  0 -3  0  0  3 -2 -1 -1 -1  1  1 -1  1 -1 -1  0 -1   10   3   4   6   0   4   6  25   0   2   5   2   5   7   2  11   2   1   3   3  0.15 0.15
   60 D    0  1  1  4 -4  0  2 -1 -2 -3 -2  1 -2 -1  1 -2 -2 -4 -3 -2    8   8   5  31   0   3  15   4   0   0   4   8   1   3   6   0   0   0   0   2  0.44 0.30
   61 L    0 -2  0  0 -2 -1  0 -1 -2  0  1 -1  0 -1  1  0  0  2  0  0    9   0   5   4   0   0   7   5   0   6  21   3   2   2   8   5   7   3   3   8  0.07 0.10
   62 L    0 -2 -1 -1 -2 -1 -2  2 -3  1  1  0  0 -2  0 -1  1 -3 -2  1   10   0   1   3   0   3   1  17   0   7  17   6   2   0   5   2  11   0   0  15  0.13 0.15
   63 T    1 -1  1 -2 -3  0  1 -1 -2 -2 -1  0 -2  0  0  2  2 -3 -2 -1   13   2   9   0   0   4   9   4   0   0   5   3   0   4   5  18  19   0   1   3  0.21 0.23
   64 G    1 -4 -3  0 -4 -2 -2  4 -3 -1 -3 -2 -3 -1  3 -1 -3 -4  1 -3   11   0   0   7   0   1   2  42   0   3   2   1   0   3  17   3   0   0   5   1  0.67 0.41
   65 G    1 -3 -1 -2 -3 -2  1  3 -2  0  0 -2 -1  0 -2  0 -1 -3  0  1   13   0   3   1   0   0  11  23   0   4  11   0   1   5   1   8   3   0   3  13  0.17 0.19
   66 Q    1 -2 -1  0 -3  1  0  1 -2 -1 -1 -1  1 -3  2  1  0 -4 -3  1   17   0   3   5   0   7   4  11   0   3   6   1   6   0  11  11   3   0   0  10  0.17 0.18
   67 S    0  1  0  0 -3  0  2  0 -2 -1 -2  0 -2 -3  0  2  2 -3  0 -2    5  10   4   5   0   2  19   6   0   4   3   5   0   0   3  16  14   0   3   0  0.23 0.22
   68 A    3 -2 -2 -1 -3  0 -1 -1 -3 -1  0 -1  1  2 -1  0  2  0  0 -1   28   2   0   2   0   4   2   4   0   3   7   2   5  10   2   4  20   2   2   2  0.24 0.26
   69 G    1 -3 -2 -1 -3 -1  0  4 -3  0 -1 -1 -1 -3 -1  1  0 -4 -3 -1    9   0   0   3   0   2   5  43   0   5   5   3   2   0   3   9   5   0   0   5  0.47 0.30
   70 Q   -1  2  0  1 -3  2  1 -1  0 -3 -2  1  1 -3  1  1 -1 -4 -3 -2    4  14   2   8   0  12  11   5   2   0   4  11   4   0   7  10   2   0   0   2  0.25 0.21
   71 I    1 -1 -1 -1 -3 -1  1  2 -2 -1 -1 -2  0 -1  0  1  1 -3 -1  0   15   4   1   2   0   2  11  21   0   4   4   0   3   3   4   8   9   0   1   6  0.16 0.17
   72 A    2 -2 -3 -2 -3  0 -1 -2 -3  1  2 -1  1  0  2 -1 -1 -3 -1  1   25   1   0   1   0   4   2   1   0   6  21   3   4   4  10   1   3   0   2  10  0.22 0.22
   73 E    1  2 -2  0 -3  0  2 -1 -2 -1  0  0 -2 -3 -1  0  1 -4 -1 -1   16  12   0   5   0   3  20   3   0   2  12   5   0   0   2   4  10   0   1   5  0.17 0.21
   74 Q    0  1 -1  1 -4  4  2  1 -2 -2 -3 -1  1 -2 -1 -1 -2 -4  0 -2    6   7   1   8   0  30  14  11   0   2   2   2   5   2   2   4   0   0   3   2  0.42 0.35
   75 A    4 -2 -2 -3 -3 -1 -3  1 -3  0 -1 -2  3 -1 -1  1  0 -4 -3 -1   40   2   1   0   0   2   0  12   0   5   5   2   9   2   3   8   7   0   0   2  0.40 0.35
   76 G    2 -1  0 -1 -3  0 -1  4 -3 -1 -2 -2 -3 -3 -2 -1  0  0 -2 -1   19   3   3   3   0   4   3  39   0   4   5   0   0   0   2   3   5   1   2   3  0.44 0.31
   77 R    1  3  0  0 -3  0  0  0 -2  0 -1  1  0 -2 -1 -1  0 -4 -3  0   14  24   3   4   0   4   6   5   0   8   4   8   3   2   3   0   4   0   0   7  0.17 0.19
   78 G    1  0  2  0 -3  0 -1  4 -2 -1 -3  0 -1 -2  2 -1 -1 -4 -3 -3   10   5  11   3   0   3   3  33   0   6   2   7   1   2   9   3   2   0   0   0  0.35 0.25
   79 L    0 -3 -3 -2 -2 -2  0  0 -3  1  2 -2  0  0  0 -1  0 -3 -1  2   10   0   0   2   0   0   9   8   0   9  27   0   2   5   4   2   5   0   1  15  0.16 0.18
   80 V    3 -2 -1 -1 -2 -2  0  0 -3  0  0  0 -2 -3 -1  1  0 -4 -3  1   30   0   2   3   0   0   8   7   0   6  10   5   0   0   2   9   4   0   0  14  0.20 0.23
   81 N    0 -1  5  2 -4  2 -2  0 -1 -2 -2 -1 -1 -2 -1  0  0 -4 -3 -3    7   2  33  13   0  12   0   6   1   3   3   3   2   1   3   4   7   0   0   0  0.47 0.36
   82 I    2 -3 -3 -3 -2 -1 -2  0 -3  3  0 -3  1  0 -3  1 -1  1  0  0   23   0   0   0   0   2   2   7   0  27   8   0   4   4   0  10   3   2   3   4  0.27 0.26
   83 P    1 -3 -1 -1 -3 -3 -3  2 -1  0 -1 -1 -3 -3  5  0 -1 -4 -1 -1   14   0   2   2   0   0   0  19   1   7   7   3   0   0  30   6   2   0   2   3  0.55 0.34
   84 F    1  0  0 -1 -2  0  0 -1 -1 -1 -1 -1 -1  1  1  0  0  2  1  0   18   6   5   3   0   3   6   5   1   1   5   3   0   9   9   3   6   3   6   8  0.09 0.12
   85 D    0  0  1  2 -3  1  1  0 -2 -3 -2  1 -1  0  0  1  0 -3 -2 -2    9   4   8  13   0   7  12   9   0   0   3   8   1   4   3  11   4   0   0   2  0.17 0.15
   86 V    0 -1 -3 -3 -2  0  0 -1 -2  2  1 -2  3  0 -2 -1  1 -3  0  2    8   3   0   0   0   5   6   5   0  14  14   0   9   4   2   2   9   0   3  15  0.15 0.17
   87 L    2 -1 -1 -2 -2 -2 -1  1 -2  1  1 -1  1  1 -1  0  0 -3 -2 -1   24   3   3   0   0   0   3  12   0   8  16   3   5   6   2   5   7   0   0   2  0.13 0.17
   88 Q    0  1  2  2 -3  1  1  1 -2 -2 -2 -1 -1 -1 -1  1  1 -3 -3 -3    6   7  15  15   0   6   9  12   0   3   3   0   1   3   2   8   8   0   0   0  0.23 0.20
   89 G    2 -1  0 -1 -3 -2 -1  3 -3  0 -1 -1  0 -1  0  0  0 -3 -3 -1   22   2   5   3   0   0   3  25   0   5   6   2   3   3   3   7   7   0   0   2  0.23 0.21
   90 G    1 -1  0  0 -3 -1 -2  2 -3  0 -1 -2 -2  0  2 -1 -1 -3 -3  1   15   3   5   5   0   1   0  22   0   7   6   1   0   4  12   3   3   0   0  10  0.21 0.20
   91 A    2 -2 -1  1 -3  0  0  1 -2 -1 -2 -1 -1 -1 -2  0  1  2 -2  0   25   2   3   7   0   3   7  14   0   4   3   3   1   3   1   6   8   3   0   6  0.16 0.18
   92 S    1  0  1  3 -3  0  1  1 -2 -2 -3  0 -1 -4  1  2 -1 -4 -3 -3   11   4   5  17   0   4   9   9   0   2   2   4   2   0   5  21   3   0   0   0  0.29 0.25
   93 L    1 -1 -1 -2 -2  0  0  1  0  0  0 -1  1 -1 -2  1  1 -3  1  1   17   2   2   0   0   4   5   9   2   3  12   2   4   2   0  10   8   0   6  10  0.09 0.14
   94 I    1 -1  0 -2 -2  0 -1  2  2  1  0 -1  0 -1 -2  0  0  1  1  0   13   3   3   0   0   5   2  15   6   9  10   3   2   2   0   8   4   2   5   6  0.08 0.12
   95 N    1  1  3  1 -3  1  0 -1 -2 -1 -1  0 -2 -3 -1  1  0 -3 -3  0   14   8  17   7   0   6   4   3   0   4   5   6   0   0   3  13   3   0   0   7  0.17 0.17
   96 A    1 -1 -1  0 -3  0  0  1  0 -1 -2  0 -2 -1  0  1  0  4  1 -1   16   3   2   6   0   3   4  14   3   3   3   4   0   3   5  12   4   8   4   3  0.16 0.16
   97 I    0  1 -1  1 -2 -1  0  0 -2  0  0  0  1 -2  1  0  0 -3 -2  0    8   8   0   8   0   0   8   8   0   8   8   8   7   0   8   8   8   0   0   8  0.07 0.08
   98 S    1 -1 -1 -2 -3 -2 -2  3 -3 -1  0 -2 -2  0  0  0  1  0 -1  0   15   4   2   1   0   1   1  27   0   2  13   1   0   3   4   6  10   1   1   7  0.21 0.22
   99 Q    0  1  0  1 -3  3  0  1 -1 -3 -1  0  1 -1 -1  0 -1  0 -3 -1    8   7   4  10   0  18   2  14   1   0   6   4   6   3   2   8   1   1   0   5  0.18 0.23
  100 G    3  1  0 -1 -3  1  0  2 -3 -4 -4  1  0 -4 -1  0  1  0 -4 -3   28   7   3   2   0   6   4  19   0   0   0  10   3   0   2   6   8   1   0   0  0.36 0.32
  101 L    1  0 -1 -1 -2  0  0  0 -3  2  2 -1  1 -2 -3  0  0 -3 -2  1   11   5   2   3   0   3   5   7   0  12  23   2   4   1   0   7   4   0   0  12  0.12 0.16
  102 G    1 -2  0 -2 -4 -1 -1  5 -1 -2 -2 -1 -3  0 -2 -1  0 -4 -2 -4   12   2   3   2   0   2   3  49   2   2   3   3   0   5   2   3   6   0   1   0  0.63 0.41
  103 G    1  0 -1  0 -3  1  0  2 -2 -1  0  0  0 -2  0  0  0 -3 -1  0   11   4   1   5   0   7   5  21   0   2   9   6   3   0   3   4   7   0   2  10  0.11 0.14
  104 P    1 -1  0 -1 -3 -1 -2  1 -2  0 -1 -1 -1  0  3 -1 -1  1  2 -1   11   2   4   3   0   2   2  14   0   7   7   3   2   5  19   3   3   2   8   2  0.22 0.19
  105 K    0  0  1  1 -3  1  1  1 -2 -1 -1  1 -2 -3 -2  0  0  2 -1 -1    5   5   9   9   0   7   8  13   0   2   7   9   0   0   0   7   8   3   2   5  0.13 0.13
  106 V    1  0 -1 -2 -3 -2 -2  0 -3  2  1 -1  1 -2  0 -2 -1 -4 -2  3   12   6   3   1   0   0   2   6   0  15  13   4   4   0   4   2   3   0   1  26  0.20 0.22
  107 L    1  0  0  0 -2  0  0  2 -2  0  0 -1  1 -1 -1 -1 -1 -3  0  0   12   6   3   5   0   3   6  20   0   8  13   3   4   2   2   3   2   0   3   6  0.08 0.12
  108 D    0  0  1  4 -4  2  1  1  0 -1 -3 -1 -1 -2 -2  0  0 -4 -3 -3    8   5   5  27   0   9   6  13   2   4   2   3   1   2   2   7   5   0   0   0  0.31 0.26
  109 D    0 -2 -2  2 -3 -1  0  3 -3 -2  0 -1 -1 -2  3 -2 -1 -4 -1 -2    7   2   0  12   0   1   7  24   0   2  11   3   2   2  17   0   4   0   3   2  0.34 0.27
  110 V    2  0 -1 -1 -2  1 -1  0 -3  0 -1  0 -2 -3 -3  1  2 -4 -3  1   18   6   1   4   0   6   2   8   0   4   6   6   0   0   0   8  17   0   0  13  0.17 0.21
  111 Y    0  0  0 -1 -3 -1  0 -1 -1  0  0  0 -1  2 -1  0 -1 -2  4  0    7   7   5   2   0   2   5   6   0   4  11   4   0   8   3   6   3   0  18   7  0.12 0.16
  112 R    0  3  0 -1 -3  3  0 -1  0 -2 -1  0 -2 -1  1  0  1 -3 -1 -2    7  21   4   2   0  14   5   4   2   2   6   4   0   3   6   7   8   0   2   2  0.22 0.22
  113 P    1  0 -2  0 -3 -1  1 -1 -3  0 -2  0 -1 -2  4  0  0 -4 -3 -1   13   4   0   4   0   2   8   5   0   6   3   7   2   2  24   8   7   0   0   4  0.32 0.24
  114 V    2 -2 -1 -1 -2  0 -1  0 -3  1 -1 -1 -1 -2 -3  1  0 -3 -1  3   22   2   2   4   0   3   3   6   0   9   5   3   0   1   0  10   3   0   2  23  0.19 0.22
  115 D    0  1  0  2 -3  2  1  0 -2 -2 -1  0  2 -3  1  0  1 -3 -2 -2   10   7   3  12   0  11   9   6   0   0   5   3   8   0   8   5   9   0   1   2  0.18 0.20
  116 R    0  4  0 -2 -4  2  0 -1 -2 -2  1  1 -2 -2 -2 -1 -1 -3 -1 -2    6  34   4   1   0   8   5   5   0   2  14   6   0   2   1   3   3   0   2   2  0.36 0.30
  117 P    1 -3 -2 -2 -3  0 -2 -2 -3  0 -1 -1 -2 -1  5 -1  0 -3 -1  1   16   1   2   2   0   5   1   2   0   6   3   2   0   3  32   3   6   0   2  14  0.54 0.31
  118 T    1  0  0  0 -2  0 -1  1 -2 -1 -2 -1 -1 -3 -1  2  3 -3 -1 -1   14   6   4   4   0   4   3  11   0   3   3   1   2   0   2  16  21   0   2   4  0.19 0.19
  119 D    0 -1  0  3 -3  0  0  2 -2 -3 -2 -2 -2 -1  1  0  2 -3 -3 -1    9   2   4  18   0   3   4  21   0   0   2   0   0   3   6   6  16   0   0   4  0.29 0.23
  120 P    1  0 -1 -1 -3  2  0  0 -2 -2 -1  0  1 -3  4  0  1 -3 -3 -1   12   5   3   3   0  10   6   7   0   0   4   5   4   0  22   5  10   0   0   3  0.31 0.22
  121 Y    1 -1 -2 -2 -3  2 -1  0  0 -1  0 -1  2  0 -1 -1 -1  0  4 -1   18   2   0   2   0  12   2   7   2   2  11   3   6   3   2   2   4   1  18   3  0.20 0.24
  122 A    3  0  0  0 -2 -1  0  2 -2 -2 -1 -2 -1 -2 -1  1  0  0 -3 -1   35   6   3   4   0   2   5  15   0   0   4   0   2   1   2   8   7   1   0   3  0.26 0.24
  123 Q    1  2 -1 -1 -3  2  0  0 -2 -1  0  1  0 -1 -1  0  1 -3 -2 -1   12  12   2   3   0  14   2   8   0   2   9  11   2   3   1   3  14   0   0   2  0.15 0.18
  124 A    3 -2 -1 -1 -2 -2  1  0 -3  1  0 -1  2 -2 -1  0 -1 -3 -1  1   33   0   3   3   0   0   9   5   0   7   8   2   8   0   3   5   2   0   2   8  0.20 0.24
  125 G    1 -2  0  0 -3 -1 -3  4 -3 -1 -1  0 -3 -3  0 -2 -1 -4 -2 -2   13   2   6   5   0   2   0  42   0   4   8   6   0   0   4   0   4   0   2   2  0.45 0.31
  126 E    1  0 -2 -1 -3  0  2  1 -2 -2 -2  0  0 -2  2  0  0  1 -2  0   12   4   0   2   0   4  18  11   0   0   2   5   3   2  12   8   5   3   0   8  0.21 0.19
  127 S    0  1 -1 -1 -2  1  1  1 -2  0  0  0 -1 -1  0  0  0  2 -2  0    5   8   2   3   0   7  13  11   0   7  10   5   0   3   4   3   7   4   0   9  0.06 0.10
  128 I    2 -1 -2 -2 -2  0 -1  1 -3  2  1 -2  1  1  0 -1  0 -3 -2  1   21   2   0   2   0   6   2  10   0  15  12   0   6   6   4   3   4   0   0   9  0.12 0.16
  129 G    1  0 -1  0 -2  1 -1  2 -2  0 -1  0  1 -2 -2  1  0 -3 -2  0   12   6   0   6   0   8   0  20   0   4   7   4   4   0   0  14   4   0   0   8  0.14 0.14
  130 G    0  1  1  1 -2  1  1  0 -1 -2 -2  1  1  0  1  0  0 -3 -2  0    7   7   7   7   0   7   7   7   0   0   1   7   7   7   7   7   7   0   0   7  0.09 0.11
  131 Y    1 -2 -1 -1 -3  1 -1  1 -2  0 -1 -1 -1  1 -2  0  0 -2  3  0   15   1   2   3   0   8   2  12   0   6   6   3   1   7   1   4   7   0  16   6  0.15 0.20
  132 L    3 -2 -3 -2 -3 -3 -3 -1 -4  1  3 -2  1 -2 -2 -1 -1 -4 -1  0   26   2   0   2   0   0   0   5   0   8  35   2   3   0   2   5   3   0   1   6  0.35 0.32
  133 I    1 -2 -2 -2 -2 -1 -1  0 -3  1  1  0  0 -1  0  0  1 -3 -1  1   12   0   0   2   0   2   2   9   0  12  12   5   2   1   4   8  13   0   1  13  0.11 0.16
  134 P   -1  1 -1 -2 -4 -1 -1  0 -3 -1 -1 -1  0 -2  5  1  1 -1 -2 -2    4   8   3   1   0   2   3   8   0   3   8   3   3   1  29  10   9   1   2   1  0.42 0.30
  135 G    1 -1 -2 -2 -3 -1 -1  4 -3 -1 -2 -3  0 -4  3 -1 -1 -4 -2  1   14   3   1   2   0   3   3  34   0   3   3   0   3   0  14   2   4   0   1  10  0.43 0.33
  136 A    4 -3 -1 -1 -3 -1 -1  0 -3  0  1 -2  1 -1  1 -1 -2 -4 -1  0   42   0   2   3   0   2   3   6   0   4  12   1   4   3   8   3   0   0   1   4  0.36 0.35
  137 G    2 -1  0  0 -4 -2 -1  4 -3 -3 -3 -2 -4 -3 -2  0  1 -4 -2 -2   18   4   5   4   0   1   3  41   0   1   1   1   0   1   1   5  10   0   1   2  0.56 0.39
  138 V    1  2 -2 -1 -3  1 -1 -1 -2  1  0  0  0 -1 -3  0  0 -3 -2  1   17  15   1   3   0   7   3   5   0   8  12   4   2   2   0   7   6   0   0   9  0.11 0.17
  139 A    3 -3 -2 -3 -3  0  0  3 -3  0 -1 -2 -1 -2 -1  0 -1 -4 -3  1   36   0   1   0   0   4   5  21   0   5   6   2   1   1   3   4   3   0   0   9  0.39 0.34
  140 G    2  1 -1 -3 -3 -1 -2  4 -3 -2 -1  1 -1 -4 -3 -1 -1  0 -1 -2   22   8   2   0   0   1   2  37   0   3   5   8   1   0   0   2   3   1   2   2  0.49 0.36
  141 N    1  1  1  1 -3  0  1  1 -1 -2 -2  0 -1 -2 -1  0  1 -3 -2  0   12   9  10   7   0   4   8  12   1   1   3   3   1   1   2   5  10   0   1   9  0.11 0.13
  142 M    2  0 -1 -1 -3  2 -1  0 -2  0  1 -1  2 -1 -3  0 -1 -3 -1  0   20   4   3   2   0  11   2   5   0   5  16   3   9   3   0   6   2   0   2   6  0.12 0.19
  143 A    4 -1 -2 -3 -3 -2 -1  0 -3 -1 -1 -2  1 -1  0 -1  1 -4 -2  1   40   3   2   0   0   1   3   8   0   4   5   1   4   2   5   3   9   0   1   9  0.33 0.32
  144 I    2 -1 -2 -1 -3  0 -2  1 -3  1  0 -2  0  1  0 -1  0  0 -2  1   23   4   0   4   0   6   2  14   0  11   7   0   2   6   3   1   5   1   0  11  0.14 0.20
  145 G    1 -1 -1 -2 -4  1 -2  5 -3 -3 -2 -1 -1 -4 -1  0 -1 -4 -2 -2   12   4   2   2   0   7   1  47   0   1   4   4   1   0   2   6   4   0   1   2  0.62 0.41
  146 S    2 -2 -1 -1 -3  0  0  2 -3 -1 -2  0 -2 -4  1  2  0 -4 -2 -1   21   1   1   2   0   4   5  20   0   3   3   6   1   0   6  19   3   0   1   5  0.29 0.28
  147 V    1 -1 -2 -2 -2 -1  0  0 -3  1  1 -1  1 -1  0  0  0 -3 -1  2   16   4   1   1   0   1   5   6   0   8  13   2   5   2   4   8   7   0   1  17  0.10 0.15
  148 A    3 -2 -2 -1 -3 -2 -1  2 -3  0  0 -2 -1  0 -1  0  1 -3 -1  0   27   1   1   4   0   1   5  14   0   4  12   0   1   3   3   6  10   0   2   5  0.18 0.22
  149 E    1  0  0  1 -3  1  1  1 -1  0  1  0  0 -3 -1 -1 -1 -3 -2 -1   14   6   4   8   0   8  11  11   1   5  15   4   1   0   2   2   2   0   1   3  0.10 0.14
  150 A    3 -1  1 -1 -3  1 -1  0 -3  0 -2 -1 -3 -3 -1  1  0 -4  0 -1   38   4   6   2   0   6   3   7   0   5   3   2   0   0   2   9   5   0   4   2  0.31 0.31
  151 A    3 -1 -2 -2 -3  0  1  2 -3 -3 -1  0 -1 -2  0  1  0 -4 -1 -1   33   4   1   1   0   3   9  15   0   0   6   4   2   1   4   8   5   0   2   3  0.26 0.27
  152 N    0  1  3  0 -3  1  0  1 -1 -2 -2 -1 -3 -2  2  0 -1 -4 -1 -2    8   9  19   5   0   7   4  13   1   3   3   2   0   2  12   4   3   0   2   3  0.25 0.23
  153 Q    2  1 -1  0 -3  2  1  2 -2 -2 -2  0 -1 -3 -2  0  1 -3 -1 -2   18   8   1   4   0  12   8  18   0   2   4   5   1   0   1   4  10   0   2   1  0.22 0.22
  154 Q    2 -1 -1 -1 -3  0 -1  1 -3  0  0 -1  0 -3  0 -1  1 -3 -2  1   24   4   2   2   0   4   3  14   0   5   8   2   2   0   5   1   8   0   1  13  0.16 0.20
  155 G    2 -1 -3 -3 -4 -1  2  4 -1 -1 -2 -1 -3 -4 -2 -1 -1 -4 -2 -2   16   4   0   0   0   2  14  40   1   4   3   2   0   0   2   3   3   0   2   3  0.55 0.40
  156 D    1  1  0  3 -3  2  1  0 -2 -3 -2  0 -1 -4 -2  0  0 -4 -1 -2   11   7   4  21   0  11   8   7   0   0   4   5   2   0   2   7   7   0   2   2  0.26 0.24
  157 F    1 -1 -1 -2 -2  0 -1  1 -2  1  1 -1  0  2 -3 -1  1  0  0  0   14   4   2   2   0   5   3  12   0   8  14   3   2  11   0   1   9   1   4   7  0.08 0.13
  158 A    4 -1 -3 -2 -3 -1 -2  1 -1 -2 -1 -3 -1 -1 -2  1 -1 -4 -3  0   49   3   0   3   0   2   1  12   1   2   5   0   1   3   2   8   3   0   0   5  0.53 0.42
  159 G    1  0 -1 -1 -3  1  0  2 -2 -2 -2 -1  0 -1 -1  0  2 -1 -1 -1   16   5   2   2   0   7   7  22   0   2   4   2   3   2   2   6  14   1   2   3  0.20 0.22
  160 N    0 -1  3  1 -3  1  1  1 -1 -2 -3  0 -3 -2  0  1  0 -4 -2 -2    8   1  18   9   0   7  10  11   1   2   2   6   0   2   4  10   5   0   1   3  0.23 0.21
  161 V    1 -1 -1  0 -2 -1  0  1 -2  0  0 -1  0  0  0  1  0 -3 -2  1   17   4   2   4   0   0   7  12   0   4   9   1   3   4   4  13   6   0   0  10  0.09 0.14
  162 A    3 -1 -2 -1 -3  0 -1  1 -3 -1 -1 -1  0 -3 -1  0  1 -4 -1 -1   39   3   1   2   0   4   3  11   0   3   6   2   3   0   3   4   8   0   2   4  0.29 0.29
  163 K    1  1  0 -1 -2  1  0  1 -1  0  0  0  0 -1 -1  0  0 -2  0  0   11  11   3   3   0   6   6  10   0   6   8   7   2   2   2   6   7   0   4   6  0.05 0.07
  164 N   -1  0  1  2 -3  0  1  1 -2 -1 -1  0  1 -3  0  0  0  1 -2 -2    4   5  10  11   0   4  11  15   0   5   4   5   6   0   5   4   8   2   1   0  0.15 0.17
  165 A    2 -1 -1 -2 -3  0 -2  2 -3  0  0  0  0 -1  0 -1  0 -3 -1  0   25   2   2   2   0   5   0  20   0   5  10   4   3   3   5   2   5   0   2   7  0.18 0.21
  166 A    4 -3 -3  0 -3 -3 -1  2 -3 -1 -1 -1 -3 -3  0  0  0 -4 -1  0   39   0   0   4   0   0   3  18   0   3   5   2   0   0   6   5   4   0   3   6  0.41 0.34
  167 V    2 -1 -2 -1 -3 -1  0  2 -1  0 -1 -1  1 -1 -1  0  1  2 -2  0   20   2   0   4   0   3   6  18   2   7   5   3   4   3   3   3  11   3   0   4  0.14 0.17
  168 N    0 -1  3  1 -3  0  0  1 -2 -1 -1 -2 -1  0  0  1  0 -3 -1 -1    8   2  18  10   0   5   5  10   0   3   4   0   2   6   4  11   6   0   2   3  0.17 0.18
  169 L    1 -1 -2 -2 -2  0 -1  1 -3  1  1 -1  1 -1  0  0  0 -3 -2  1   18   2   0   2   0   4   2  10   0  10  15   3   3   2   5   5   5   0   0  13  0.11 0.14
  170 G    4 -2 -3 -4 -3 -1 -2  3 -4  0 -2 -1 -3 -1 -1 -1 -1 -4 -4  0   38   1   0   0   0   2   1  26   0   5   4   3   0   3   3   3   3   0   0   7  0.54 0.40
  171 A    2 -1 -1 -1 -3 -1 -1  2 -3 -1 -1 -1  0 -3  0 -1  2 -4 -2  1   20   2   2   2   0   2   4  21   0   4   6   4   3   0   3   3  14   0   1   9  0.22 0.23
  172 Q    0  0  1  0 -4  0  1  3  0 -4 -2  0 -1 -2  2  0 -1  0 -3 -2    7   5   6   4   0   5   9  24   2   0   4   5   2   1  12   7   3   2   0   2  0.28 0.24
  173 G    3 -1 -3 -2 -3 -3 -2  4 -4 -2 -1  0 -1 -2  1 -1 -2 -4 -2  0   25   3   0   2   0   0   2  30   0   2   6   5   1   1   8   4   2   0   1   8  0.42 0.34
  174 L    1 -3 -3 -2 -3 -2 -2  0 -3  2  2 -2  0 -1  0 -1  1 -3 -1  2   13   0   0   2   0   2   2   6   0  11  20   1   2   2   5   4   8   0   2  20  0.22 0.23
  175 L    1 -2 -2 -2 -3 -1 -2  1 -1  1  1 -3  1  1 -1 -1  0 -3 -1  1   13   1   2   2   0   2   2  14   1   9  18   0   4   8   3   3   4   0   1  12  0.15 0.18
  176 S    1  0  2  0 -3 -1 -1  2 -1 -2 -2  1 -1 -2 -1  1 -1 -3 -1 -1   15   6  10   6   0   2   2  18   1   1   4  11   1   2   3  10   3   0   2   3  0.17 0.18
  177 G    1  0  0  0 -3 -1 -2  4 -3 -2 -2 -2 -1 -4 -1 -1  0  0  0 -1   15   5   5   4   0   2   2  35   0   2   3   2   1   0   4   4   7   1   3   5  0.37 0.29
  178 A    2 -1 -2 -1 -2  0 -1  1 -3  1  0  0  0  0 -1  0 -1 -3 -2  1   28   2   0   2   0   4   4  10   0  11   7   5   2   4   3   4   3   0   0   9  0.15 0.19
  179 A    1  0 -1 -1 -2  0  0  1 -2  0  0  1  0  0  0  0  0 -3 -2  0   12   4   2   3   0   4   6  15   0   6   7  11   3   4   3   6   6   0   0   7  0.06 0.09
  180 K    0  1  1  0 -3  0  0  2  1 -1 -2  1  0  0  0  0  0 -3  0 -1    5   7   9   6   0   5   4  16   4   4   3   9   3   4   3   6   5   0   2   3  0.10 0.11
  181 L    0  0 -1  0 -2  1 -1  0 -1  0  0  0  1  1  1  0  0 -2  1  0    7   7   0   7   0   7   0   7   0   7   7   7   6   6   7   7   7   0   6   7  0.04 0.09
  182 V    1 -1 -1 -2 -2 -1 -1  2 -3  1  0 -1  0 -1 -1  0  0  0 -2  1   16   2   2   2   0   2   2  17   0  10  11   3   2   3   3   4   6   1   0  14  0.10 0.14
  183 G    1  0  0 -1 -3  1 -1  3 -2 -3 -2  1  1 -2  0  0  0 -3 -3 -1   11   5   6   2   0   8   2  27   0   0   3   8   5   2   5   5   5   0   0   6  0.24 0.22
  184 R    1  3 -1  0 -3 -1  0  1  0 -3 -1  1  0 -1  1  0  0  0 -1 -2   17  18   2   4   0   0   5  11   2   0   5   9   3   2   8   5   5   1   1   2  0.17 0.19
  185 G    2  1 -1 -1 -3 -1 -1  3 -3 -1  0  0 -2 -3  1  0  0 -3 -2  0   19   9   2   2   0   1   2  22   0   3   9   4   0   0   6   6   5   0   1   7  0.19 0.20
  186 I    0  0 -1 -1 -2 -1 -1 -1 -2  2  0  0  0  0  0  0  0 -3  1  2    8   5   2   3   0   2   4   4   0  18   8   5   3   2   4   8   4   0   5  16  0.07 0.12
  187 T    1  3  1 -1 -3  0  0  2 -2 -2 -2  0 -2 -3  0 -1  0 -4 -3 -2   13  21   8   2   0   5   7  17   0   3   3   3   0   0   5   3   8   0   0   2  0.25 0.24
  188 A    2  0 -2 -2 -3  0 -2  2 -3 -1 -1  0 -2 -1  2  0  0 -3  0 -1   26   7   1   1   0   4   1  17   0   3   5   4   0   2   9   7   4   0   4   5  0.22 0.23
  189 A    2 -1 -2 -2 -2 -1 -2  0 -2  1  0 -1  0  1 -2 -1  0 -3 -1  1   27   3   1   2   0   2   2   9   1   8  10   3   2   6   1   2   4   0   2  14  0.15 0.19
  190 R    0  3  0 -1 -3  1 -1 -2 -1 -2  0  2  0 -1  0  0  0 -3 -1 -1   10  17   4   2   0   5   3   1   1   2  10  17   2   2   5   8   5   0   1   5  0.17 0.19
  191 G    1 -1  2  0 -4  0 -1  4 -1 -4 -3 -1  0 -4  0 -1 -1 -4 -4 -2   10   3  13   4   0   5   3  40   2   0   2   2   3   0   4   4   3   0   0   3  0.54 0.37
  192 E    2  1  1  0 -3  1  0  0 -2 -1 -2  0  0 -2  1  0  0 -3 -3 -1   19  10   8   6   0   7   4   7   0   4   4   6   2   1   7   5   7   0   0   2  0.15 0.16
  193 I    1  0 -1 -1 -2 -1 -2 -1 -3  2  1 -1  1 -1  2  0  0 -1 -1  1   13   5   3   2   0   2   1   3   0  17  10   4   5   2   9   6   3   1   1  13  0.12 0.15
  194 A    2 -1  0  1 -3  1  1  1 -2 -2 -2  0 -2 -2  0  1  1 -4 -3  0   23   3   5   7   0   6   7   9   0   2   3   4   0   1   3  12   8   0   0   6  0.17 0.19
  195 P    0  0  0  0 -3  0 -1  1 -3 -1 -1  1 -1 -4  4  0  0 -4 -3 -1    6   4   6   5   0   5   4  12   0   3   5   8   1   0  27   5   5   0   0   5  0.39 0.26
  196 E    1  1  1  1 -3  1  3  0 -2 -2 -3  1 -3 -3  0  0  0 -4 -1 -2   15   7   6   6   0   4  23   7   0   2   1   9   0   1   4   4   6   0   3   3  0.24 0.23
  197 A    4 -1  0 -1 -3  0 -2  0 -3  0 -1 -1 -1 -2  0  0  0 -1 -3  1   40   4   3   3   0   4   1   8   0   4   4   3   1   1   4   5   4   1   0   9  0.29 0.28
  198 R    2  3  0 -1 -3  3 -1 -1 -1 -2 -2  2 -1 -4 -3  0  0 -4 -3 -2   22  16   4   2   0  15   3   4   1   2   2  11   1   0   0   6   7   0   0   2  0.35 0.31
  199 Q    2  1  1  1 -4  3  2  0 -2 -4 -4  0 -3 -2 -1  0 -1 -4 -3 -3   19   8   7   9   0  18  15   5   0   0   0   6   0   1   3   4   4   0   0   0  0.38 0.31
  200 L    2 -1 -1 -1 -2 -1 -1  0 -3  1  1 -1  0  0 -2  0  0 -3 -2  1   27   4   2   3   0   3   2   5   0   9  16   3   3   3   1   3   6   0   0  10  0.14 0.18
  201 I    1 -1 -1 -2 -3 -1 -1 -2 -3  3  2 -2  2  0 -2 -1 -1 -3 -1  2   11   3   3   1   0   3   4   3   0  21  19   1   6   3   1   3   3   0   2  13  0.20 0.20
  202 D    1  2  1  3 -4  1  2  0 -3 -4 -3  1 -3 -2 -3 -1  0 -4 -4 -2   16  11   5  20   0   8  13   7   0   0   1   7   0   2   0   3   4   0   0   2  0.36 0.30
  203 T    2  0  0  1 -3  0  0 -1  0 -1 -1 -1 -1  1 -1  0  0 -3 -1 -1   21   6   6  12   0   4   5   4   3   4   6   2   1   9   2   3   7   0   2   4  0.09 0.15
  204 A    3 -2 -1 -2 -3 -1 -2  1 -3 -1 -1 -2  1  2 -3  0  0 -3  1 -1   37   1   3   1   0   2   2  11   0   3   7   2   3   9   0   6   6   0   4   4  0.32 0.30
  205 E    0  2 -1  2 -4  2  3 -2 -2 -2 -2  1 -3 -4 -1  0  0 -4 -1 -2    9  10   2  10   0   9  23   3   0   2   4  10   0   0   3   7   4   0   2   2  0.31 0.27
  206 S    1  3  0  1 -4  2  1 -1 -2 -2 -1  2 -2 -4 -2  0  0 -4 -3 -2   13  18   5   7   0  11   9   4   0   2   5  11   0   0   1   6   5   0   0   3  0.27 0.24
  207 M    1  0  1 -1 -3  1  0  0  0 -1  0  0  1 -1  0  0  0 -3  1 -1   16   3   8   2   0  10   4   7   2   2  13   4   4   2   4   5   6   0   5   2  0.07 0.13
  208 G   -1 -1  3  2 -4 -1 -1  5 -3 -4 -5 -1 -1 -5 -2 -1 -2  0 -4 -2    5   3  16  10   0   2   4  42   0   0   0   3   2   0   1   2   2   1   0   3  0.71 0.43
  209 V    1 -1 -3 -1 -3 -3 -1 -2 -3  3  1 -3  1  0 -1 -1  0 -3 -1  3   14   3   0   3   0   0   3   3   0  19   9   0   3   3   2   2   6   0   1  27  0.29 0.25
  210 K    0  2 -3 -1 -4  0  0 -1 -3 -3 -3  1 -1 -4  5  0  1 -4 -4 -2    6  13   0   4   0   4   6   4   0   1   2   9   1   0  30   6  11   0   0   3  0.56 0.36
  211 P    1 -2 -1  0 -3 -1 -2  1 -3  0  1 -1  0 -1  4 -1  0 -4 -3  0   11   2   2   6   0   2   0  13   0   5  13   3   2   3  20   3   6   0   0   9  0.25 0.21
  212 M    0  0  0 -2 -3  0 -1 -2  1  0  0 -1  4  1  1  0  1 -3  0  0    7   5   5   2   0   4   3   2   4   4   6   2  15   8   6   6   9   0   3   8  0.12 0.17
  213 T    1 -1 -1  0 -3 -1 -2 -1 -3 -1 -1 -1 -2  0  0  0  4 -4 -1  1   12   3   3   4   0   3   0   4   0   3   5   4   0   5   5   6  30   0   2  11  0.26 0.28
  214 S    1 -2  0  1 -3  1  0  1 -2  0 -2  0  0 -3  0  2  1 -4 -3 -1   14   0   4   7   0   6   4  12   0   5   3   4   3   0   5  17   9   0   0   4  0.17 0.19
  215 D    0 -1  2  4 -4  1  1  0 -1 -1 -2  0 -1 -3  0  0 -1 -4 -1 -2    8   2   9  24   0   8   9   8   1   5   2   4   2   0   5   7   2   0   2   2  0.28 0.24
  216 M    1 -1 -1 -1 -2 -1 -1  0  0  1  0 -1  1  0  0  0  0 -3 -1  2   13   3   2   2   0   2   3   7   2   8   8   2   3   4   3   8   5   0   2  22  0.08 0.12
  217 I    1 -1 -1 -1 -2 -1  0  0 -2  0  1 -2  1  0 -1  0  1 -3 -1  1   11   4   3   2   0   1   6   8   0   5  16   1   4   4   3   9  12   0   1  11  0.07 0.12
  218 K    0  1  1 -1 -3  2  1  1 -2 -3 -1  1 -2 -3  3 -1  1 -3 -1 -3    7   7   6   3   0  13   8  10   0   1   6   7   0   1  17   4   8   0   2   1  0.29 0.23
  219 P    1  0  0  0 -3 -1  0 -1 -3 -3 -3 -1 -1 -4  5  1  0 -4 -3 -2   11   4   4   4   0   2   5   5   0   1   3   3   2   1  37   9   6   0   1   2  0.66 0.36
  220 G    0  1  2 -1 -3  1  0  3 -2 -2 -1  0 -2 -3  0  0  1 -4 -3 -1    8   8  10   3   0   7   6  22   0   2   6   4   0   0   3   6  10   0   0   3  0.22 0.20
  221 N    0  0  1  0 -3  1 -1  0 -1 -1 -2  0  0 -3  0  1  2 -3 -1 -1    9   3   7   6   0   7   2   8   1   2   3   5   3   0   3  13  19   0   1   4  0.17 0.19
  222 A    2  1  0 -2 -2 -1 -1 -1 -2  0  0 -1  0  1 -1  0  1  0 -1  0   19  11   6   1   0   2   3   4   0   4  10   2   3   7   2   7   9   1   1   7  0.08 0.13
  223 F    1 -1 -1 -2 -3 -3 -2  1 -3  1  1 -3  2  0  0  0  0 -3 -1  2   13   3   2   1   0   0   1  10   0   7  13   0   6   4   4   8   7   0   2  19  0.15 0.19
  224 T    1  0  0 -2 -4  1 -1  3 -1 -2 -2  0 -1 -4 -3  0  1 -4 -2 -1   12   6   3   1   0   6   3  29   1   1   4   5   2   0   0   7  12   0   1   5  0.32 0.28
  225 R    0  3  2  0 -4  1  1 -1 -1 -2 -2  3 -1 -4 -3  0 -1 -4 -1 -2    8  19  12   4   0   8   7   5   1   2   3  17   2   0   0   5   2   0   2   1  0.32 0.27
  226 S    1  0  0 -1 -3  1  0  0 -1 -1 -1  0  1  0  1  1  1  2 -2 -1   13   5   5   1   0   7   8   8   1   2   5   4   4   4   7   9  10   3   0   4  0.10 0.14
  227 L    3  0 -1 -2 -3 -1  1  0 -2  0  1 -2  1  0 -2  0 -1  0 -2  0   29   7   2   1   0   2   9   6   1   5  14   0   4   4   1   6   2   1   1   5  0.17 0.23
  228 M    0  0 -1  0 -4  4  1 -2 -1  0 -1  0  1 -2 -1  0  1 -2 -1  0    6   5   2   4   0  23   9   3   1   7   4   5   4   1   3   5  10   1   2   9  0.21 0.25
  229 Q    2  1  0 -1 -3  3  0 -1 -1 -2 -1 -1 -2 -2 -3  1  1 -4 -3 -1   23   7   5   3   0  18   4   5   2   1   6   3   1   1   0  12   8   0   0   3  0.28 0.30
  230 G    2  1 -1 -1 -3  0 -1  1 -2 -1  1 -1  0 -1 -2  0  1 -3  0 -1   20   7   2   2   0   5   3  10   0   3  17   3   3   2   1   6   9   0   3   3  0.10 0.16
  231 G    3  0 -1 -3 -3 -1  0  2 -3 -1  0 -1 -1 -1 -2  0  1 -4 -3  0   28   4   2   0   0   2   7  14   0   3  10   2   1   3   1   7   8   0   0   5  0.21 0.24
  232 E    0  0  1  0 -4  1  4 -2 -3 -4 -1  0 -1 -4  1 -1 -1 -4 -2 -1    8   4   7   3   0   7  39   2   0   0   6   4   1   0   7   4   3   0   1   4  0.49 0.39
  233 G    0  1  1 -1 -3  1  0  2  0 -1 -1  0 -1 -2 -1  0 -1 -3 -1  0    8  10   8   3   0   8   5  16   2   4   4   5   2   1   3   7   3   0   2   9  0.10 0.12
  234 A    1 -1 -2 -1 -4 -1 -3 -1 -4 -1 -1 -1 -1 -4  5  0  0 -5 -2  0   14   3   1   3   0   2   0   5   0   4   5   4   1   0  36   8   6   0   1   5  0.63 0.40
  235 L   -1 -1 -2 -3 -3 -2 -1 -2 -2  2  2 -3  0  3  0 -1 -1  0 -1  1    3   3   2   1   0   1   3   2   1  16  26   1   1  14   5   5   2   1   1  12  0.27 0.23
  236 L    3 -2 -2 -3 -2 -2 -2  1 -3  1  0  0  0  0 -1  1  0 -3 -3  1   28   1   1   0   0   1   1   9   0   8  10   5   2   5   2  13   6   0   0   8  0.21 0.23
  237 G   -1 -2  0 -2 -4 -1 -2  5 -4 -4 -4 -1 -1 -4  1  0 -1 -1 -3 -4    5   2   5   2   0   2   2  54   0   1   1   3   2   0   7   7   3   1   1   0  0.85 0.48
  238 T    1 -1  0 -2 -3 -2 -2  0 -3 -2 -2  0  0 -2 -2  1  5 -4 -2  0   10   3   4   2   0   1   2   6   0   1   3   5   3   2   1   8  41   0   1   7  0.46 0.38
  239 G    2 -1 -1 -1 -3  0 -1  4 -3 -2 -4 -1  0 -4  2  1 -1 -4 -4 -2   15   2   3   3   0   4   3  35   0   3   1   2   2   0  10  11   3   0   0   3  0.49 0.34
  240 G    2  0  0 -3 -3 -2 -2  3  0 -1 -2  0 -1 -3  0  0  0 -4 -2 -1   19   5   4   0   0   1   2  29   2   4   3   7   2   0   5   6   5   0   1   5  0.30 0.25
  241 K    1  1 -1 -1 -2  0 -1  0 -1  1  0  1  2  0  0 -1 -1 -3 -1  1   14   9   2   2   0   5   2   8   1  11   5   8   9   6   4   3   2   0   2   9  0.07 0.13
  242 R    0  6 -1 -1 -4  2 -1 -3 -3 -2 -4  1 -1 -4 -3 -1 -1 -5 -4 -1    7  50   2   3   0   9   4   1   0   2   1   7   2   0   1   3   3   0   0   5  0.87 0.52
  243 A    3  1  0  1 -3  1  1 -1 -1 -1 -2  0  0 -2 -1  0  0 -4 -1 -1   27   7   5   7   0   8   9   2   1   3   2   4   3   2   3   7   5   0   1   3  0.19 0.21
  244 E    3 -1  0 -1 -3 -1  0  0 -2  0 -2 -1  0 -4  0  0  1 -4 -4 -1   37   3   5   3   0   3   7   5   1   7   2   3   2   0   5   5   9   0   0   2  0.31 0.31
  245 Q    0  0 -1 -2 -5  6  1 -3 -1 -3 -1 -1 -2 -3 -4  0  0 -2 -1 -3   10   5   3   1   0  45   8   1   1   1   5   2   1   1   0   8   4   1   2   2  0.77 0.56
  246 Y    0  2 -1  0 -5  6  0 -3  0 -3 -2 -1  0 -1 -2  0 -1 -4 -1 -3    9  10   3   5   0  39   5   1   2   1   3   3   2   2   1   5   3   0   2   1  0.60 0.47
  247 A    2  0  0  1 -3  1  2  0 -1 -2 -2  0  0 -3 -2  0  0 -4 -2  0   20   6   4   8   0   6  18   6   1   2   3   6   2   0   1   3   6   0   1   7  0.19 0.21
  248 I    4 -2 -2 -1 -3  1  1  0 -3  1 -2  0  0 -4 -1 -1  0 -4 -4 -1   41   2   1   3   0   6   9   7   0   8   2   4   3   0   2   3   5   0   0   3  0.37 0.34
  249 R    1  4  0 -1 -3  0 -1 -1  0 -1 -1  0 -2  1 -2 -2 -2 -3 -1  0   11  34   4   4   0   3   3   5   3   3   7   3   1   7   1   1   2   0   1   6  0.33 0.29
  250 S   -1 -2  2  2 -4  2  2  0 -2 -1 -3  0 -2 -4 -3  1  0 -4 -4  0    4   1  11  15   0  12  15   7   0   5   2   6   1   0   0  10   4   0   0   7  0.31 0.28
  251 K    1  1  1  2 -4  3  2  0 -2 -3 -4  1 -2 -4 -3  0 -1 -4 -4 -2   12   9   6  11   0  18  12   6   0   1   0   9   1   0   0   8   3   0   0   3  0.37 0.30
  252 L    3 -1 -1 -3 -3 -2 -3 -2 -3  1  2 -2  0  0 -1 -1 -1 -4 -2  1   35   3   3   1   0   1   1   3   0   8  22   2   1   3   2   4   2   0   1   8  0.33 0.31
  253 L    3 -1 -4 -1 -3 -1 -2 -2 -2  1  0 -2  0  0 -4 -1 -1 -4 -1  3   29   3   0   3   0   2   1   2   1   7   8   2   2   3   0   3   2   0   2  30  0.39 0.35
  254 G    0  2  1  2 -4  2  1  0 -2 -3 -3  1 -1 -3 -1  1  1 -4 -2 -3    5  12   8  12   0  10  10   7   0   1   2   7   1   1   2  14   7   0   1   1  0.27 0.24
  255 D    0  3  2  3 -4  0  1  0 -3 -4 -3  2 -3 -5 -3  0  0 -5 -4 -4    7  18   9  20   0   3   8   7   0   0   2  12   0   0   0   8   7   0   0   0  0.44 0.33
  256 Y    0 -1 -3 -3 -3 -1 -3 -3 -3  1  2 -2  1  3 -2 -2  0 -1  1  2    8   3   0   1   0   2   0   1   0   9  23   1   3  15   2   2   5   1   5  19  0.31 0.25
  257 F    2 -2  1 -1 -2  0  0  1 -2  0 -1 -2 -1 -2 -1  0  1 -3 -2  0   25   1   9   3   0   3   5  11   0   6   6   1   2   1   3   6   7   0   1   9  0.14 0.18
  258 D    1  2  0  2 -4  2  2  0 -2 -4 -4  2 -3 -4 -2  0  0 -4 -2 -2   13  10   5  15   0   9  15   6   0   0   0  13   0   0   1   6   4   0   1   2  0.36 0.29
  259 R    0  2  1  0 -3  1  1  1 -2 -2 -2  1  0 -2 -1  1  0 -4 -3 -1    8  16   6   5   0   8   8  10   0   2   3   9   2   1   2   9   6   0   0   4  0.17 0.17
  260 V    1 -1 -3 -4 -3 -1 -3 -2 -1  0  1 -3  0  4 -4 -1 -1 -1  2  2   12   3   1   0   0   3   1   3   1   5  16   0   2  22   0   3   2   1   7  16  0.34 0.28
  261 G   -1 -1 -1  1 -4 -2  0  5 -1 -2 -4 -1 -4 -5  1 -1 -2 -5 -4 -3    4   4   2   8   0   2   7  51   1   2   2   4   0   0   6   4   2   0   0   1  0.74 0.44
  262 G    1  0  0  1 -3  1  2  1 -1 -2 -2  0 -1 -4  0  0 -1 -4 -3 -1   16   6   4   8   0   6  15  13   1   1   2   5   1   0   5   7   3   0   0   6  0.20 0.19
  263 Y    0 -1  0  0 -2  0  0 -1 -1  0  0 -1  0  0  2  0  1 -2  2  0    9   2   4   7   0   3   5   4   1   7   7   3   2   3  10   5   8   0  10   9  0.08 0.10
  264 N    2 -1  3  1 -3  0  0  0 -2 -2 -2 -1  0  0 -2  2  1 -4 -3 -2   17   4  15  10   0   3   5   6   0   2   4   2   2   4   1  15   9   0   0   2  0.23 0.24
  265 P    1 -1 -1  2 -4 -1 -1  1 -3 -2 -1 -2 -3 -2  4 -1  0 -4 -3 -2   16   4   2  12   0   2   4  12   0   2   6   1   0   1  25   3   7   0   1   2  0.42 0.32
  266 D    1 -2  1  3 -4  2  2 -1  0 -4 -4  0 -1 -4  0  0 -1 -4 -3 -1   16   1   8  17   0  11  17   4   3   0   0   4   1   0   5   6   2   0   0   4  0.36 0.30
  267 D    0  1  0  2 -3  3  1 -2 -2 -2 -2  0 -2 -2 -1  1  0 -4 -3  1    6   8   4  16   0  15  10   3   0   2   4   3   0   1   2   9   6   0   0  11  0.23 0.23
  268 I    1 -1 -2 -3 -3 -3 -1 -2 -2  3  1 -2  2 -1 -3 -1  1 -3 -3  3   15   3   1   1   0   0   3   3   1  17  12   2   7   3   0   3   8   0   0  21  0.27 0.24
  269 V    1  0 -2 -1 -2  0 -1  1 -2  1  1  0  1  0 -2 -1 -1 -3  0  1   13   7   0   4   0   5   2  10   0  11  13   6   4   3   1   2   3   0   3  13  0.06 0.12
  270 K    1  0  2  3 -4  2  2  0 -1 -3 -4  1 -2 -4 -1  1 -1 -4 -4 -3   11   4  11  15   0  11  13   6   1   1   0   9   1   0   2   8   4   0   0   1  0.34 0.28
  271 S    2  0 -1  2 -4  0  0  0 -3 -3 -2 -2 -2 -2 -3  3  0  1 -2 -2   17   6   1  13   0   5   6   6   0   1   4   1   1   2   0  32   4   2   1   2  0.39 0.37
  272 M    2 -2 -4 -3 -3 -3 -2 -1 -4  1  3 -3  2 -1 -2 -2 -1 -4 -1  1   23   3   0   1   0   0   2   5   0  10  36   0   4   1   1   2   3   0   1   7  0.39 0.33
  273 T    1  0  1  0 -3  2  0  0 -2 -1 -1  2 -2 -3 -2  0  1 -4 -2 -1   12   5   8   6   0  13   4   8   0   3   6  15   0   0   1   3  11   0   1   3  0.19 0.21
  274 S    2  2 -1  1 -3  1  1  0 -2 -2 -3  1 -1 -4 -2  1  1 -4 -3 -3   18  11   2   8   0   5  10   8   0   3   0  11   2   0   1  13   7   0   0   0  0.27 0.26
  275 T    1  1  1  0 -3  0 -1  1 -2 -1 -1  1  0 -1 -2  0  1  0 -1  0   12   7   7   5   0   4   2  12   0   2   6   8   2   3   0   8   9   1   2   7  0.08 0.11
  276 V    0  1 -1 -3 -3  1 -1 -1 -1  1  0  0  0 -1  0  0  1 -3 -1  1    9  11   3   0   0   8   1   3   2  12   8   4   2   3   3   6  10   0   2  13  0.09 0.14
  277 G    1 -1  1  1 -4  2  0  2 -3 -1 -3  1 -2 -4 -1  1 -1 -4 -4 -2   14   3   5  10   0  13   6  16   0   3   1  10   1   0   2  11   3   0   0   1  0.29 0.27
  278 G    1  2  0  1 -3  1  0  2 -1 -3 -3  1 -3 -1 -1  0  0  0 -3 -2   15  14   4   7   0   8   4  17   1   0   2   8   0   2   2   7   5   1   0   2  0.23 0.23
  279 R    1  1 -2 -1 -3 -1  0 -1 -1  1  0 -1  0  2 -2  0  0 -1  1  1   11  11   1   3   0   2   7   3   1  11   6   2   2  13   1   7   6   1   4   9  0.08 0.14
  280 K   -1  3 -1 -1 -4  0  1 -2 -3  1  0  3 -1 -1 -2 -1 -2 -4 -3  0    4  21   3   3   0   4   8   2   0  11   9  21   1   3   1   3   1   0   0   6  0.28 0.27
  281 N    0  0  1  3 -4  2  1 -1 -1 -2 -2  1 -3 -4 -2  1  0 -4 -2 -1    6   5   6  21   0  11  10   3   1   2   5   9   0   0   1  12   5   0   1   3  0.28 0.26
  282 A    4  0 -1 -1 -3  0  1 -2 -2 -1 -2  1 -2 -2 -2  0  0 -1 -3  0   38   6   3   2   0   3  10   1   1   4   2   9   1   1   1   6   5   1   0   7  0.34 0.33
  283 A    4 -2 -3 -4 -3  0 -1 -2 -1 -1 -1 -1 -1  1 -3  1 -1  1  1  1   42   1   0   0   0   3   3   2   1   3   6   2   1   6   0   9   4   2   5   9  0.41 0.37
  284 G    0  0  2  0 -4  0 -1  3 -1 -3 -4  1 -2 -1 -2  1  0  1 -1 -2    6   4  11   5   0   3   2  29   1   2   0  11   1   2   1  10   7   2   2   2  0.33 0.27
  285 A    0  2  2  1 -4  1  1  1 -1 -3 -2  1 -3 -2 -3  0  0 -4 -2 -3   10  12  13   9   0   6   8  11   1   0   4  11   0   2   0   5   5   0   1   1  0.25 0.22
  286 V    0  3 -1 -3 -3  1  0 -3 -3  1  2  0  2  0 -2 -1 -1 -3 -2  0    7  19   3   0   0   6   5   0   0   8  22   4   6   5   2   4   3   0   1   6  0.21 0.22
  287 R   -2  0 -2  0 -4 -2 -2 -2 -2  1  0  0 -1  0 -4  0 -2  2  6 -1    3   6   1   6   0   1   2   2   0   8   9   7   2   3   0   7   1   3  35   3  0.58 0.42
  288 D   -1 -1  4  4 -5  0  2  0 -3 -3 -4  0 -1 -5 -4  0 -1 -5 -2 -4    4   3  19  31   0   3  12   6   0   1   1   6   1   0   0   8   3   0   1   0  0.63 0.42
  289 E    1  2  1  2 -4  2  2 -1 -1 -4 -2  1 -3 -3 -1  0 -1 -4 -3 -3   13  12   8  13   0  11  12   3   1   0   4  10   0   1   3   7   2   0   0   0  0.31 0.27
  290 I    2 -2 -2 -3 -3 -1 -1 -3 -4  2  1 -3 -1 -1 -2 -2 -1 -4  0  3   17   2   2   1   0   3   4   2   0  14  13   1   0   2   1   1   3   0   4  30  0.34 0.31
  291 V    0  0 -1  1 -3  0  1  0 -2  1  0 -1 -1  0 -1  0  0 -1  2  0    7   6   2  10   0   5   8   7   0  13   8   2   0   4   2   5   5   1   9   6  0.05 0.11
  292 N    0  1  3  3 -4  1  1 -1 -2 -4 -4  2 -3 -5  0  1  0 -1 -4 -2    6   6  15  19   0   5   8   5   0   0   0  11   0   0   5  11   5   1   0   3  0.38 0.31
  293 R    1  1  0  0 -3  1  1  0 -2 -2  0  1  0 -2 -1  0  0 -3 -1 -1   13  11   3   5   0   9   9   6   0   1  13   9   2   1   3   7   4   0   2   3  0.10 0.14
  294 M    1 -2 -2 -4 -3 -1 -3 -2 -4  3  2 -2  4 -1 -4 -3  0 -4 -3  2   16   2   2   0   0   2   1   2   0  17  19   2  13   2   0   0   6   0   0  15  0.42 0.34
  295 G    1 -1  0  2 -3  1  0  3 -3 -2 -2  0 -3 -4  1  0 -1 -1 -4 -2   11   2   4  12   0   8   3  26   0   2   4   6   0   0   7   8   4   1   0   2  0.30 0.26
  296 S    1  1  2  1 -3  1  0  1 -1 -2 -1  1 -2 -2  1  0 -1 -4 -3 -1   11   7  12  11   0   7   3  12   1   2   5   8   0   1   6   4   3   0   0   4  0.16 0.17
  297 A    1 -1  0 -1 -3 -1  0  1 -1  0 -1  0  0 -2 -2  1  1 -4 -2  2   11   1   6   3   0   2   5  10   1   6   5   6   2   1   1  13   8   0   1  18  0.10 0.16
  298 P   -1  0  1 -1 -4  0 -1 -2  1 -2  0  1 -1 -2  4  0  1 -4 -3 -1    5   4   8   3   0   4   4   2   4   2   9   7   1   2  25   6   9   0   0   4  0.34 0.27
  299 V    0 -1 -1  1 -3 -1 -3 -3 -3  2 -1 -1  0 -1 -1 -1 -1 -4 -1  3    9   4   4   9   0   3   0   1   0  15   3   4   3   2   3   4   3   0   2  31  0.26 0.28
  300 G    1 -1  1  3 -3  1  0 -1 -2 -2 -3  0 -3 -3  3  2  0 -4 -3 -1   11   3   8  17   0   6   5   4   1   1   2   4   0   1  14  15   6   0   0   4  0.31 0.27
  301 T    0  1 -1 -1 -3  0 -1  0 -3  0  0 -1  1 -2  2  0  2  0 -1  0    5  10   2   4   0   3   2   6   0   4  11   1   4   0  10   8  16   1   2   9  0.13 0.18
  302 T    1  0  2  0 -3 -1 -1 -1 -2 -1 -1 -1  1 -2  2  0  2 -4 -2  0   10   5  14   5   0   2   4   4   0   2   5   2   4   1  11   7  15   0   1   9  0.19 0.22
  303 N    0  2  3  0 -4  1  0  0 -1 -3 -4  2  0 -2 -1  1  0 -4 -3 -1    6  11  18   4   0   6   5   5   1   1   0  14   2   2   3  13   6   0   0   4  0.28 0.27
  304 S    3 -1 -1 -1 -3  0 -2 -2 -1 -2 -1 -3  1 -1  1  0  3 -4 -1 -1   27   3   3   4   0   4   1   2   1   1   7   0   4   3   8   6  21   0   2   4  0.28 0.33
  305 I    1  1 -1 -3 -3  0 -1 -2  0  1  1  1  0 -1 -1 -1  1 -1  1  1   13   7   2   0   0   3   2   2   2  12  14   9   2   1   2   3   9   1   6  10  0.09 0.15
  306 N    1  1  1  0 -4  2  0 -1  0 -2 -2  2  0 -4  0  1  0 -4 -1 -3   11   8   8   6   0  12   6   3   2   2   4  17   3   0   3   9   6   0   2   0  0.23 0.24
  307 A    3 -1  1 -1 -3  1 -1 -2 -3 -2 -2  0 -1 -1 -3  1  2  0 -2  0   31   2   7   2   0   8   3   2   0   2   3   6   1   3   0   9  12   1   1   6  0.27 0.31
  308 I    0  0  0  0 -2  1  0  0 -1  0  0  0  1  1 -2  0  0 -2  1  0    6   6   6   6   0   6   6   6   0   6   6   6   6   6   0   6   6   0   6   6  0.03 0.07
  309 D    0  0  1  4 -4  2  1  0 -2 -1 -2 -1 -3 -4  0 -1  0 -4 -3 -1   10   5   8  26   0   9  10   5   0   3   5   3   0   0   3   2   5   0   0   5  0.30 0.26
  310 T    0  0  1  2 -3  1  1 -1  0 -2 -1  0  1 -2 -3  0  1 -4 -3 -1    9   4   9  15   0   7  12   5   2   2   4   5   5   2   0   6  11   0   0   3  0.19 0.19
  311 N    1 -1  0  0 -3  1  2 -1  0  0  0  0 -1 -1 -1  0 -1 -3 -1  0   16   2   5   5   0   5  18   4   2   7   9   6   1   2   2   7   2   0   1   5  0.10 0.14
  312 I   -1 -1 -1 -3 -3 -1 -3 -3 -3  4  2 -1  1  0 -1 -2 -1 -3  1  1    6   3   4   0   0   3   0   2   0  28  20   3   3   3   3   2   3   0   5  11  0.29 0.24
  313 A    3 -1  1  0 -2  0  0  0  0 -2 -2  0 -2 -3 -1  2  0 -3 -1 -1   28   2   6   6   0   3   5   5   2   2   4   6   0   0   2  15   5   0   2   4  0.20 0.21
  314 R    0  2  1  0 -3  1  3 -1  0 -3 -3  2  0 -4  0  0  0 -4 -3 -2    8  14   7   4   0   6  20   5   2   0   1  14   2   0   3   6   5   0   0   2  0.30 0.24
  315 L    0 -1 -1 -1 -3  0 -2 -2 -3  1  3 -1  1  1  0 -1  0  0  0  0   11   3   2   3   0   5   0   2   0   7  35   3   3   5   4   2   5   2   2   5  0.18 0.20
  316 E    0  1  1  1 -3  1  1  1 -2 -2 -2  0  0 -4  1  1  0 -4 -3 -2    8   7   5  10   0   9  11  10   0   2   2   6   2   0   8  12   6   0   0   2  0.21 0.19
  317 K    1  3  1  0 -3  0  1  0 -1 -2 -3  2 -2 -2 -2  0  0 -4 -2 -2   12  16   9   4   0   4  10   7   1   2   1  17   1   1   1   6   5   0   1   3  0.25 0.23
  318 L    1 -1 -1 -1 -2 -2 -2 -2 -3  0  2 -1  1  0  1  0  1  0 -1  0   13   3   3   3   0   0   2   3   0   5  26   2   4   4   8   5   9   1   2   6  0.13 0.17
  319 G    1 -2  1 -2 -3 -1 -1  3 -1 -2 -2 -1 -3 -2  2  0  0  0 -2 -1   15   2   6   2   0   2   3  28   1   2   4   2   0   2  11   7   7   1   1   3  0.32 0.26
  320 T    0  0  1  0 -3  1  1  2 -2 -2 -1  1  0 -3  0 -1  1 -4 -3 -1    9   3   8   5   0   8   7  16   0   2   5  12   3   0   4   2  10   0   0   3  0.17 0.19
  321 S    0 -1 -1  1 -3  0 -1  1 -2  0  0 -1  0 -1  0  2  0 -1 -1  1    7   2   1   8   0   3   3  10   0   6   8   3   2   3   5  19   6   1   2  12  0.08 0.14
  322 A    2 -1 -1 -1 -3  1  0  1 -1 -2 -2 -1  0 -1  3  0 -2 -4 -2  0   24   2   3   3   0   8   6   9   1   2   2   3   2   4  15   8   1   0   1   6  0.24 0.24
  323 D    0  0  2  3 -3 -1  1  1 -1 -2 -2  0 -1 -1 -1  0  0 -3 -1 -1    9   4  10  21   0   2   8  10   1   2   3   5   2   4   2   6   5   0   2   4  0.18 0.18
  324 Q    0  0  2  2 -3  2  0  0 -1 -1 -1  1 -1 -4  1  0  1 -4 -3 -2    7   4   9  11   0  14   4   5   1   3   5   9   1   0   8   7   8   0   0   2  0.20 0.21
  325 R    1  0  0 -1 -3  1  1 -1 -1 -2 -2  0 -1 -2  3  1  1 -4 -3 -1   17   6   4   3   0   5  10   5   2   2   3   6   1   1  17   9   8   0   0   3  0.24 0.22
  326 L    2 -1 -2 -3 -2 -1  0 -1 -1  1  1 -1  1 -1 -1  0  1 -3  0  1   19   2   0   0   0   2   5   5   2   7  18   3   4   2   2   7  10   0   3   9  0.11 0.16
  327 L    0 -1 -2  0 -2 -1 -1 -1 -3  3  2 -1  2 -1 -3 -1  0 -3 -1  1    6   3   1   5   0   3   4   4   0  19  19   3   7   2   0   4   6   0   2  12  0.16 0.18
  328 T    0  1  2  1 -3  0  1  0  0 -2 -2  1 -2 -2  1  1  0 -4 -3 -2    8   7  11   8   0   4  11   6   2   2   2  10   0   2   7  14   4   0   0   2  0.20 0.19
  329 A    1  1 -2  0 -3  2  2 -1 -1  0 -1  2  0 -2  0  0  0 -3 -2 -1   11   8   0   6   0  11  13   4   1   5   5  15   2   1   4   3   6   0   1   5  0.15 0.17
  330 L    0 -1 -4 -4 -3 -1 -3 -3 -4  2  4 -3  2  1 -4 -2  0  0 -2  1    8   4   0   0   0   3   0   2   0  11  43   0   5   6   0   3   5   1   0   8  0.44 0.32
  331 K    0  2  1  1 -4  3  1  0 -1 -2 -2  2 -2 -2 -2  0  0 -1 -3 -2    6  11   8   6   0  20  10   6   1   2   2  11   0   2   1   5   6   1   0   2  0.28 0.25
  332 N    2  1  2  1 -3  2  0 -1 -2 -2 -3  2 -3 -4  0  1  0 -4 -3 -3   18   7  10  10   0  12   3   3   0   2   2  12   0   0   5  10   5   0   0   0  0.29 0.27
  333 L    0 -2 -3 -2 -3 -3 -2 -2 -3  2  2 -2  1  2 -2 -2  0  1  2  1    7   1   0   2   0   0   2   2   0  15  23   2   3  10   2   2   5   2  10  11  0.26 0.22
  334 K    1  3  0 -1 -3  1  0 -1 -2  0  1  2  0 -2 -3 -1 -1 -3 -1 -1   12  20   3   2   0   5   5   4   0   5  14  15   2   1   0   4   2   0   1   4  0.18 0.19
  335 G    0  0  2  3 -3  1  1  1 -2 -2 -3  2 -3 -4 -1  0  0 -4 -2 -3    7   5  10  18   0   6  10  11   0   2   0  14   0   0   2   5   7   0   2   1  0.29 0.23
  336 E    2  0  1  4 -3  0  2 -1 -2 -3 -3 -1 -1 -3 -1 -1 -1 -4 -2 -1   18   6   7  25   0   3  16   4   0   0   1   2   2   1   2   2   4   0   1   3  0.37 0.29
  337 L   -1  0 -3 -3 -2 -1 -3 -3 -3  3  3 -2  1  1 -2 -2 -1 -1 -1  1    6   5   0   1   0   3   1   1   0  16  36   1   3   5   1   2   4   1   1  12  0.34 0.25
  338 N    1  0  2  0 -3  1  0  0 -2  0 -1  1 -2 -2 -1  1  2 -3 -3 -1   12   3  12   5   0   7   5   5   0   6   4  10   0   1   2   7  16   0   0   3  0.15 0.17
  339 S    1 -1  1  3 -3  1  0  2 -2 -3 -3  1 -2 -3  0  2 -1 -4 -3 -3   12   3   6  19   0   5   5  15   0   1   1   9   1   1   5  16   2   0   0   0  0.33 0.26
  340 G    1  0  1 -1 -3  1 -1  4 -3 -2 -4  1 -2 -4  0  0 -1 -4 -4 -3   15   5   8   2   0   7   3  35   0   2   0   8   1   0   4   4   4   0   0   0  0.45 0.31
  341 N    0  0  1  0 -3  1  0  1 -2 -1 -2  0  0 -3  2  0  1 -3 -1 -1    9   4   7   5   0   6   6  14   0   2   1   7   3   0  12   4  12   0   3   5  0.17 0.15
  342 V    1 -1  1 -1 -2  0 -2 -1 -2  1  2 -1  1 -1 -1  0 -1 -3 -1  1   11   4   8   2   0   5   0   5   0   8  24   3   5   1   2   6   2   0   1  12  0.10 0.15
  343 D    0 -2  1  3 -3 -2  0  0  0 -3 -1 -1 -3 -4  1  2  2 -4 -3 -2    5   2   8  17   0   0   5   8   2   0   6   3   0   0   7  20  16   0   0   1  0.32 0.28
  344 F   -1 -1 -2 -3 -3 -3 -4 -1 -2  0  2 -2  0  4 -4 -2 -1  2  4  1    4   4   1   1   0   0   0   4   0   5  18   2   2  24   0   2   3   3  18   9  0.50 0.33
  345 D    0 -1  0  3 -3  2  2  0 -2 -2 -3  2 -1 -2  0  1 -1 -3  0 -3   10   2   4  17   0   9  12   7   0   3   0  13   2   1   3  10   3   0   3   0  0.25 0.22
  346 L    1  0  0  1 -2  1  0  1 -1 -1  0  0  0 -2 -2  0  0 -3 -2 -1   16   6   4  12   0   7   6  10   1   4  11   4   3   0   0   3   6   0   1   4  0.09 0.12
  347 L    0 -3 -2 -1 -3 -1 -2 -4 -3  2  3 -1  3 -1 -1 -2 -1 -1 -1  1    9   0   1   3   0   2   3   0   0  10  38   3  11   1   3   1   4   1   2   8  0.35 0.28
  348 Q   -2  3  0  1 -4  1  1 -1 -1 -1 -2  3  0 -3 -3 -1 -2 -1 -2 -2    2  21   3   8   0   5   8   5   1   5   4  25   3   0   0   5   1   1   1   1  0.36 0.29
  349 Q    1  1  2  3 -4  3  1  0 -2 -2 -3  1  0 -4 -3 -1 -1 -4 -2 -1   14   8   9  17   0  15   9   6   0   2   2   7   3   0   0   2   3   0   1   3  0.29 0.26
  350 H    1  0 -1 -3 -3  0 -2 -2  0  1  3 -2  3  0 -3 -1 -1  2  0  0   13   4   4   0   0   3   2   2   3   9  31   2   9   3   0   3   3   3   3   3  0.21 0.22
  351 R   -1  7  0 -2 -5 -1 -2 -3 -3 -2 -2  1 -4 -4 -4 -1 -2  0  0 -4    4  63   4   2   0   1   2   2   0   3   3   6   0   0   0   4   2   1   3   0  1.20 0.64
  352 T   -1 -1 -1  0 -4  1 -1 -1 -3 -2 -2  1  1 -4 -3  2  4 -5 -4 -2    3   3   1   6   0   5   3   4   0   2   3   9   4   0   0  20  35   0   0   2  0.49 0.42
  353 A    1  2  0  1 -3  3  1 -2 -1 -2 -1  1 -2 -3 -1  1  0 -4 -2 -2   13  11   4  10   0  15   8   1   1   1   8  11   1   0   2   9   5   0   1   1  0.24 0.23
  354 F   -1 -2 -1 -2 -3 -3 -3 -2 -4  2  3 -3  1  3 -4 -2 -2  1  0  2    5   1   3   2   0   0   1   2   0  15  29   1   2  17   0   2   1   2   2  16  0.42 0.31
  355 R   -1  4  0 -2 -5 -1 -2  4 -2 -2 -1  0 -2 -4 -4 -2 -2 -5 -2 -4    4  30   5   1   0   2   2  37   1   3   6   4   1   0   0   1   1   0   1   0  0.70 0.45
  356 T   -1  0  0  3 -3  2  2  0 -1 -3 -1  1  0 -4 -3  1  0 -4 -3 -3    4   5   4  17   0  10  13   6   1   1   7  11   3   0   0  12   6   0   0   0  0.26 0.23
  357 N    1  0  0  2 -3  1  2 -1 -2 -1  0  1  0 -1 -2  0  0 -3 -2 -1   16   6   4  14   0   5  13   2   0   3   8  10   2   2   0   8   5   0   0   2  0.16 0.17
  358 V    0 -2 -4 -4 -1 -3 -2 -2 -3  3  2 -2  1  2 -4 -2 -1 -3  0  3   10   1   0   0   1   0   2   3   0  19  18   2   4   8   0   1   3   0   2  23  0.34 0.26
  359 Q    0  0  1  1 -3  1  0  1 -1  0  0  1  1  0 -1  0 -1 -3 -1 -1    7   4  10   8   0  10   6   9   0   5   8  11   5   4   2   4   2   0   1   2  0.08 0.11
  360 G    1  0  1  1 -3 -1  0  3 -2 -2 -3  1 -2 -4  0  1 -1 -4 -3 -3   13   6   5   8   0   1   5  25   0   2   2  12   1   0   5  10   2   0   0   0  0.31 0.23
  361 D    0  0  2  3 -3  1  1  0 -2 -2 -2  1 -2 -2  1  0 -1 -3  0 -2    7   5  10  18   0   5  10   7   0   2   4   8   1   1   6   8   3   0   4   1  0.20 0.18
  362 A    1  2  1  0 -3  0  0  0 -2 -1 -1  0  0  0  0  1  0 -1 -1 -1   14  15   6   3   0   4   5   5   0   3   5   5   3   4   4  13   4   1   2   3  0.10 0.14
  363 M    1  0  1 -1 -3 -1 -1  1 -2 -1  0 -1  2  1  0  1  0  1 -1 -1   12   8   6   2   0   1   2  14   0   2  11   1   8   7   4  10   6   2   1   2  0.09 0.14
  364 V    1  0  0 -1 -2  0 -1  1 -2 -1  0  0 -1 -2  1  1  0 -3 -1  1   14   7   3   2   0   5   4  11   0   3   9   4   0   1   6  10   5   0   2  16  0.09 0.13
  365 F    0  0  0  1 -2 -1 -1  0 -2  0  1  0  1  1 -1  0  0 -1  0  0    9   4   4  10   0   2   1   9   0   3  18   5   6   8   2   5   5   1   2   7  0.05 0.10
  366 P    0  0 -2  1 -4  0  0  0 -3 -2 -2  2  0 -2  4  1 -1 -4 -3 -3    8   5   1  10   0   3   6   6   0   2   3  14   3   2  20  14   3   0   0   1  0.35 0.28
  367 N    0  0  3  3 -4  0 -1  0 -2 -4 -4  1 -2 -4  0  1  1 -4 -1 -1    6   3  15  21   0   3   1   7   0   0   1   8   1   0   5  12  10   0   2   4  0.36 0.30
  368 Q    0  2  0 -1 -2  0  0 -2 -1  0  0  1  1 -1  0  0  0 -3 -1  1   11  13   5   2   0   4   6   2   0   6   7   8   6   2   4   5   8   0   1  10  0.07 0.11
  369 A    1 -1  0  1 -3 -1  1  1 -2 -2 -2 -1 -1 -2  1  2  0 -4 -2 -2   12   4   5   7   0   2  10  13   0   1   4   2   2   2   7  20   6   0   1   2  0.20 0.20
  370 K    0  2 -1  2 -4  3  2 -2 -2 -1 -3  1 -3 -4 -1 -1  0 -4 -1 -2    7  15   2  15   0  16  13   2   0   3   2   9   0   0   2   2   7   0   2   2  0.37 0.31
  371 A    2  2  0  0 -3  1 -1  1  0 -3 -2  1 -3 -4  0  0  0 -4 -1 -2   25  12   4   6   0   8   2   9   2   0   3  10   0   0   3   7   4   0   2   1  0.25 0.24
  372 A    3  1 -2 -1 -3  1  0  0 -2  0  0  1  0 -2 -3 -1  0 -1 -1  0   29   7   1   3   0   7   4   5   1   6  10  10   2   1   0   2   4   1   2   5  0.15 0.20
  373 T    0 -4 -3 -3 -3 -3 -2 -1 -3  1  3 -2  2  0 -4 -2 -1  2  2  0    9   0   1   2   0   0   2   4   0   8  40   1   4   3   0   2   3   3  10   7  0.40 0.31
  374 N   -1  2  2  1 -4  1 -1  1 -2 -4 -4  3 -3 -5 -3  0  0 -5 -4 -3    5  14  13   7   0   7   2  13   0   0   1  25   0   0   0   4   6   0   0   2  0.48 0.35
  375 M    0  4  1  0 -4  3  1 -1 -2 -3 -3  1  2 -4 -3  0 -1 -4 -2 -2    8  25   6   4   0  14   7   5   0   1   1   8   7   0   0   8   3   0   1   2  0.39 0.32
  376 V    0 -4 -5 -5 -4 -1 -4 -5 -5  3  4 -2  2 -2 -5 -3 -3 -4 -3  3    8   0   0   0   0   3   0   0   0  19  40   3   5   1   0   1   0   0   1  21  0.76 0.45
  377 E   -3  2 -2 -3 -5 -2  1 -3 -1 -2 -1  0 -1  0 -5 -2 -4  1  7 -2    2  11   1   1   0   2   9   2   1   2   6   5   1   2   0   2   0   1  50   2  1.10 0.62
  378 N    1  1  2  3 -4 -1  0  2 -3 -4 -4  1 -2 -3 -2  1  0 -5 -4 -3   12   7  10  16   0   1   4  20   0   0   0  10   1   1   1  10   7   0   0   1  0.37 0.29
  379 A    6 -2 -3 -3 -4 -1 -1 -2 -4 -5 -5 -2 -4 -3  1  1 -3 -6 -2 -3   69   2   1   1   0   2   4   2   0   0   0   1   0   1   8   7   0   0   1   1  1.14 0.68
  380 M    1 -2 -2 -3 -1 -2 -2 -3 -2  2  1 -2  2  0 -2 -1  1 -1  2  1   14   0   0   0   0   0   0   0   0  14  14   0  14   0   0   0  14   0  14  14  0.19 0.08
  381 T   -1  1 -1  1 -3 -2  1 -1 -3 -3 -3 -1 -3 -1 -1  2  4 -4 -1 -2    3   9   1   8   0   0   8   4   0   0   2   3   0   3   2  20  33   0   2   2  0.42 0.32
  382 R   -1  1  0  4 -4  2  2 -1  0 -4 -4  3 -3 -5 -3 -1  0 -5 -4 -3    5   8   4  27   0  10  12   3   2   0   1  19   0   0   0   4   5   0   0   1  0.54 0.32
  383 D   -1 -4 -2  7 -5 -3  0 -4 -1 -5 -5 -1 -5 -2 -2 -1 -1 -6 -5 -3    5   0   0  72   0   0   4   0   2   0   0   3   0   2   1   5   3   0   0   2  1.51 0.63
  384 L   -1 -3 -4 -4 -3  0 -4 -4 -4  3  3 -2  6 -1 -4 -3 -2 -4 -3  1    4   0   0   0   0   5   0   0   0  20  25   2  29   2   0   0   1   0   0   9  0.80 0.41
  385 R   -1  2  1  2 -3  1  2 -1  0 -2 -1  1  0 -1 -2  0  0 -3  0 -2    3  11   7  15   0   7  13   3   2   0   5  10   3   3   0   6   4   0   3   2  0.19 0.14
  386 N    1  0  2  2 -3  1  2  0 -2 -2 -1  1 -2 -4 -3  0 -1 -4 -3 -3   14   3  14  13   0   6  16   6   0   1   6  12   0   0   0   6   3   0   0   0  0.29 0.21
  387 A    3 -2  0 -1 -2  0 -1  0 -1 -1 -1 -2  1  1 -2  1  0  0 -1  0   31   0   4   4   0   3   2   5   1   3   5   0   5   8   0  10   7   2   2   7  0.18 0.19
  388 V    3 -3 -4 -4 -3 -3 -3 -1 -4  3  1 -2  1 -3 -3 -2  0 -4 -3  3   33   0   0   0   0   0   0   4   0  17  11   2   3   0   0   1   5   0   0  22  0.48 0.31
  389 G    3  1  0  0 -3  2  1  1 -2 -1 -2  0 -1 -2 -3  1  0 -3 -2 -2   30   6   5   4   0  10   7  10   0   3   1   5   2   2   0   8   5   0   1   1  0.24 0.21
  390 K    2  2  1  0 -3  2  1 -2 -2 -3 -3  3 -3 -4 -1  1 -1 -4 -3 -2   19  11   6   5   0  12   7   2   0   1   1  19   0   0   3  11   1   0   0   2  0.34 0.26
  391 S    1  0  1  0 -2  0  0  0  1 -1 -1  0  0  0 -2  1  0 -3  0 -1   17   3   6   4   0   5   7   5   3   3   5   7   3   4   0  15   6   0   3   4  0.09 0.14
  392 L    1 -1  0  0 -2  0 -1  2  0  0  0 -1  1  0 -2  0  0 -2  0  0   11   3   4   5   0   4   4  19   3   4  14   3   4   5   0   4   4   0   4   4  0.07 0.10
  393 G   -1  0  1  0 -4 -2  0  4 -3 -3 -2 -1  0  0 -1  0 -1 -4  0 -1    4   5   9   6   0   0   5  38   0   0   3   4   2   4   3   6   3   0   3   4  0.40 0.31
  394 P    1  0  0  0 -4 -1  0  0 -3 -1 -2  1  1 -1  5 -1  0 -4 -3 -1   11   4   3   5   0   2   7   6   0   3   3  10   4   3  28   2   4   0   0   4  0.41 0.30
  395 Q    1  1  2  2 -4  1  2  1  0 -2 -3  1 -3 -3 -1  0 -1 -4 -3 -3   11   7  10  16   0   5  16  12   2   2   2  10   0   1   2   4   1   0   0   0  0.30 0.25
  396 D    3 -3 -1  3 -3 -1  1  0 -3 -2 -1 -1 -1 -1 -3 -1  0 -4 -3  0   33   0   3  21   0   2  11   5   0   2   5   2   2   3   0   2   4   0   0   6  0.39 0.35
  397 A    2  1 -2 -2 -2 -1 -1 -2 -2  1  1  0  0  2 -3 -1  0 -2  1  0   24   8   0   2   0   1   3   2   0   7  16   6   1  10   0   3   4   0   5   6  0.15 0.19
  398 A    1  3  0  1 -3  1  0 -1 -2 -1 -2  1 -2 -3  0  0  0  2 -1 -2   15  18   4   8   0   8   3   5   0   3   4   7   0   0   4   7   7   4   2   2  0.19 0.19
  399 K    3  2  0  0 -3  2  0 -2 -2 -2  0  2 -2 -3 -3 -1  0 -4 -3 -1   30  11   3   6   0  10   3   1   0   1  10  12   0   0   0   3   4   0   0   3  0.28 0.28
  400 Y   -1 -3 -4 -4 -3 -3 -3 -1 -2 -1  1 -1  2  3 -4 -1 -3  7  4 -1    6   0   0   0   0   0   0   4   0   3  15   3   6  11   0   4   0  20  21   5  0.74 0.36
  401 L    0  2  0  0 -2  1  1  0 -1 -1 -1  2  0 -2 -2  0  0 -3  0 -1    9  15   5   6   0   6   6   7   0   3   4  14   3   0   0   6   8   0   3   3  0.13 0.11
  402 K    0  3  0  0 -3  1  1 -2  2 -1 -2  2 -2 -3 -2 -1  0  1 -2 -1   11  20   4   6   0   8   7   0   7   3   3  17   0   0   0   0   7   3   0   4  0.27 0.21
  403 S    5 -1 -3 -3 -2 -1  0 -1 -3 -1 -1 -1 -2 -3 -3  0 -2 -4 -3  0   61   2   0   0   0   3   4   3   0   4   7   4   0   0   0   6   0   0   0   5  0.59 0.38
  404 N    0  0  5  2 -3 -1 -1 -1  1 -2  0  0  0 -3 -3 -1 -1 -4 -3 -2    8   4  37  15   0   0   2   3   3   2  12   6   2   0   0   0   3   0   0   3  0.42 0.28
  405 S    2  1  1  0 -2  1  0 -1 -2 -2 -2  0 -2 -3 -2  1  0 -3  0  0   23  11   8   6   0   8   4   4   0   0   2   6   0   0   0  11   5   0   5   8  0.18 0.18
  406 D    1  0  0  0 -2  1  0 -2  0  0 -1  0  0  1 -2  0 -1 -2  2  0   14   5   4   7   0   8   3   0   3   6   6   8   3   7   0   6   3   0  10   7  0.08 0.12
  407 F    0  1  0 -1 -3 -1 -1 -3  0 -3  0 -1 -2  2 -4 -1  0  5  5 -2    7   7   5   4   0   2   2   0   2   0   8   2   0   8   0   4   5  10  31   2  0.55 0.38
  408 A    2  3  0 -1 -3  1  0  0  0 -2 -3  2 -1 -1 -2  1 -2 -3  0 -1   23  19   3   2   0   5   3   5   2   2   1  11   2   2   0   9   0   0   4   4  0.23 0.24
  409 N    0  0  2  2 -3  1  1  1  0 -1 -2  2 -1 -3 -1  0  0 -3 -3 -2    8   5  14  11   0   5   9   9   2   4   3  17   2   0   3   4   5   0   0   0  0.20 0.18
  410 I   -1  1 -1 -1 -3  1  1  0 -2  0  0 -1  2  1  0 -1  0 -2  0  0    2  12   2   2   0   6  13   9   0   4   8   0   8   9   4   3   6   0   3   9  0.08 0.15
  411 Y    1 -1 -1 -2 -2  0 -1  0 -1  0  0 -1  0  1 -3  0  0  2  2  1   18   3   3   0   0   3   2   7   1   5   7   3   3   8   0   5   7   3  10  10  0.11 0.15
  412 N    0  0  1  3 -3  2  2  0 -1 -2 -3  1 -3 -3 -1  0  0  0  0 -1    7   3   6  17   0   9  13   9   1   1   1   8   0   0   2   5   6   1   5   4  0.23 0.21
  413 K   -1  2 -1  2 -3  2  1 -1  1 -2 -1  2  1 -3  0 -1  0 -3 -1 -2    5  15   2  11   0   8  10   4   3   1   4  16   5   0   5   2   5   0   1   3  0.23 0.22
  414 V    0 -1  0 -1 -2 -1 -2 -1 -1  2  1 -1  1  1 -1 -1  0 -2  0  1   10   2   7   4   0   3   1   4   2  12  20   3   5   5   2   1   4   0   2  12  0.08 0.12
  415 L    0  1  1  1 -3  0  1  1 -2 -1  0  1  1 -1 -2  0  0 -3 -2 -1    6   7   8   9   0   5   8  10   0   5   8  10   4   2   0   8   7   0   1   2  0.09 0.11
  416 N    0  0  0  0 -2  1  0  0  1  0 -1  0  1 -2  1  0  0 -2  1  0    6   6   6   6   0   6   6   6   6   6   6   6   6   0   6   6   6   0   6   6  0.05 0.08
  417 K    1  0  0  0 -3  0  0  0 -2 -2 -2  2 -2  0 -1  1  2 -3  0  0   13   3   4   5   0   3   6   7   0   0   4  13   0   5   3   9  15   0   3   7  0.13 0.18
  418 R    0  3  0 -1 -3  0 -1  0  0  0 -1  1  0 -1 -1  0  0  1  0  0    6  24   6   2   0   3   3   6   2   5   5   7   2   2   3   5   5   2   3   9  0.14 0.17
  419 I   -1 -1 -2  0 -3  0 -1 -2 -1  3  3 -1  0  0 -2 -2 -1 -3 -2  1    4   3   2   6   0   4   3   4   1  19  30   3   1   3   1   2   3   0   0  11  0.23 0.21
  420 S    0  1 -1  2 -4  1  1  0  0 -2 -2  3 -2 -2  0 -1 -2 -4 -3 -1    7   7   2  11   0   8   8   9   2   2   4  24   1   1   5   4   1   0   0   4  0.24 0.23
  421 N    0  1  2 -1 -3  1  0 -1 -1 -1 -1  2 -2 -3  1  1  1 -4 -1 -3    8   9  12   3   0   5   4   4   1   4   6  18   0   0   8   9   8   0   2   0  0.21 0.22
  422 T    1 -3 -1  0 -3 -2 -1 -2 -3  2  1  0 -1 -1 -2 -1  0 -4 -2  3   15   0   4   5   0   1   3   3   0  12  11   8   1   2   1   3   6   0   1  25  0.19 0.22
  423 L    0 -3 -4 -2 -3 -3 -3  0 -4  3  4 -3  0  0 -2 -3 -1 -4 -2  1    8   1   0   3   0   1   1   9   0  16  42   1   1   4   1   0   3   0   1   6  0.44 0.33
  424 N    1  1  2  2 -3  1  0  2 -1 -4 -3  1  0 -4 -1  1  0 -4 -1 -3   12   9   9  11   0   7   4  16   1   0   0   9   3   0   2   8   6   0   2   1  0.26 0.23
  425 K    1  1  0  1 -4  0 -1  0 -1 -2 -2  4 -3 -4  0  1  0 -4 -3 -2   10   6   4   8   0   4   3   5   1   2   3  31   0   0   5  10   4   0   0   3  0.33 0.29
  426 A    2 -1 -1  1 -3 -1 -3  3 -3  1 -1 -1  1 -3 -3 -1 -1 -4 -3  0   22   3   3   7   0   2   0  27   0   8   6   3   5   0   0   3   3   0   0   5  0.31 0.27
  427 R    0  1  1  0 -2  0  0  1  1  0 -1  0  0 -1 -1  1  1 -2 -1 -1    7   7   6   6   0   4   4  12   4   6   7   6   3   2   2  11   8   0   1   2  0.06 0.06
  428 S    1  0  0  0 -3  1  1  1 -1 -1 -2  1  0 -1  0  1  1 -3 -1 -2   11   4   5   5   0   5   8  14   1   3   4  12   2   2   3   9   8   0   1   1  0.12 0.12
  429 E   -1  0  2  3 -3  1  1  0 -1 -1 -2  1 -2 -2  0  1 -1 -1 -2 -1    5   4  11  18   0   5  10   8   1   3   3   8   0   2   4  10   1   1   1   4  0.20 0.18
  430 Y    1  0  0  1 -2  0  1  0 -2  0  0  0  1 -1 -1  1  0 -3 -2  0   15   6   3  10   0   4   9   6   0   5  10   6   4   2   1   9   3   0   1   6  0.07 0.10
  431 T    0 -1 -1 -2 -3  0 -1  1 -3 -1 -1 -1 -1 -1  1  1  4 -3 -1  0    6   3   3   2   0   4   2  10   0   4   5   3   2   2   7  10  30   0   2   5  0.25 0.26
  432 P    0 -2 -1  2 -5 -1  0 -1 -4 -2 -3 -2 -4 -2  6 -1 -1 -5 -1 -3    7   1   3  12   0   2   5   4   0   2   2   1   0   2  46   4   3   0   2   2  0.97 0.54
  433 E    0 -2  0  1 -5  2  5 -4 -3 -4 -3  1 -4 -4 -1  0 -2 -5 -1 -1    8   1   4   8   0   8  43   0   0   0   2   7   0   0   2   6   2   0   3   4  0.67 0.46
  434 L    2  1 -1  0 -3  2  1 -1 -2  1  0  0 -1 -3 -3  0  0 -4 -3  1   21   7   2   6   0  10   7   2   0  10   8   6   1   0   0   5   5   0   0   9  0.15 0.19
  435 I    1 -4 -4 -5 -3 -1 -4 -4 -1  3  0 -2  0  1 -4 -2 -2  1  2  4   12   0   0   0   0   3   0   0   2  19   7   2   2   5   0   3   2   2   8  33  0.55 0.38
  436 N    1  0  3 -1 -3  0  0  0  0 -2 -1 -1  0  1 -3  0  0  2  1 -1   12   4  18   2   0   5   7   6   2   0   5   3   3   9   0   6   4   3   6   6  0.15 0.19
  437 T    0  2  3  0 -3  1  0  0 -2 -2 -3  2 -3 -4  0  1  1  1 -2 -2   10  10  14   5   0   8   4   6   0   3   0  12   0   0   4   9  11   2   1   1  0.25 0.23
  438 V    2 -1  0 -2 -3 -1 -3 -1 -1  0  1 -1  4  2 -3  0 -1  1  0  0   19   3   4   1   0   2   0   3   1   5  18   3  13   9   0   5   2   2   4   6  0.20 0.22
  439 V    1 -2 -4 -3 -3 -2 -1 -4 -4  2  2 -1  2  0 -2 -2 -1 -3  0  2   14   2   0   1   0   1   4   0   0  16  27   3   5   2   1   2   2   0   3  16  0.32 0.27
  440 F    0  2  0 -1 -3  1 -1 -1 -2 -1  0  2  1  2 -3  0  0 -3  0 -2    9  11   4   2   0   6   1   5   0   3   7  18   5  13   0   6   6   0   2   1  0.17 0.21
  441 S    1  0  1  0 -3  1  0  2 -3 -3 -3  1 -3 -3 -2  3  0 -4 -2 -2    9   4   5   5   0   7   6  14   0   1   1   7   0   1   1  30   5   0   1   2  0.34 0.31
  442 R    0  1  1 -1 -4 -1 -3  4  0 -4 -2  0  1 -2 -4 -1  1 -5 -4 -4    8   7   5   2   0   3   0  43   2   0   4   7   4   2   0   3   9   0   0   0  0.59 0.41
  443 K    0 -1  3  2 -4 -1  0  1 -1 -4 -4  3 -4 -5 -2  1  0 -5 -3 -3    9   2  19  10   0   2   5  11   1   0   0  19   0   0   1  12   6   0   1   1  0.43 0.33
  444 P    1  2 -1 -1 -4 -1 -2  2 -3 -3 -3  2 -3 -4  3 -1  0 -5 -4 -1   11  14   3   2   0   2   1  18   0   1   1  16   0   0  15   4   8   0   0   4  0.39 0.31
  445 S    2 -2  0  2 -4  1  0  2 -3 -2 -4 -1 -3 -5 -3  3  1 -5 -4 -2   17   2   3  14   0   6   5  13   0   2   0   2   0   0   0  24  10   0   0   2  0.42 0.35
  446 D    0  3 -1  3 -4  1  2  0 -1 -3 -2  1 -3 -3 -2 -1  0 -4 -2 -2    9  17   2  19   0   4  15   8   1   1   3  10   0   1   2   2   4   0   1   3  0.32 0.26
  447 I    1  1 -2 -4 -3 -1 -3 -2 -1  2  2 -3  1  2 -2 -2 -2 -3  0  1   16   8   1   0   0   2   0   2   1  12  26   0   3  10   2   2   1   0   3  11  0.27 0.25
  448 K    2  3  1  0 -4  0  0  0  0 -3 -2  2 -1 -4 -3  1  0 -4 -3 -2   19  21   6   4   0   4   4   7   3   1   2  12   2   0   0  10   4   0   0   1  0.31 0.27
  449 R    0  4  1 -2 -4  4 -1 -2 -1 -1 -2  2 -3 -4 -4 -1  1 -5 -2 -2    7  27   8   2   0  20   3   3   1   3   3  10   0   0   0   4   8   0   1   2  0.50 0.38
  450 I   -2 -1 -5 -3 -4 -4 -4 -5 -4  2  4 -4  3  3 -5 -2 -2 -4 -2  1    3   3   0   2   0   0   0   0   0  13  45   0   7  11   0   3   1   0   0  10  0.70 0.41
  451 W   -1  0  0 -3 -4 -2 -3 -3 -2  0  1  0  5  1 -4 -2 -1  3  4  0    6   5   5   1   0   1   0   1   1   5  11   7  21   5   0   2   3   4  16   5  0.42 0.34
  452 S    0  1  1  1 -3  1  1  0 -2  0 -2  1 -2 -3  1  0  1 -3 -2  0    8   8   8   8   0   8   8   8   0   8   0   8   0   0   8   8   8   0   0   8  0.14 0.10
  453 S    1  0  1 -2 -2  0  0  0  1 -1 -1  0  1  0 -2  1  0 -3  0  0   17   4   7   0   0   4   6   5   3   3   6   6   5   4   0  15   5   0   3   7  0.08 0.12
  454 L   -2 -2 -1 -5 -3 -2 -3 -2 -4  2  4 -2  2 -1 -3 -4 -2  3 -3  2    2   2   3   0   0   1   1   3   0   9  47   3   5   1   1   0   1   4   0  16  0.58 0.38
  455 D   -1 -1  1  4 -4 -1  1  1 -3 -4 -3  0 -2 -4  3  1  0 -5 -4 -4    3   4   8  25   0   2   7  10   0   0   2   5   1   0  16  10   7   0   0   0  0.47 0.31
  456 N    0  1  0  1 -4  1  2 -2 -2 -3 -2  1 -1 -4  3  0 -1 -4 -3 -2   10   7   4   9   0   7  16   2   0   0   5   9   1   0  19   8   1   0   0   1  0.39 0.27
  457 K    1 -1  0  2 -3  0  2  0  0 -1 -2  0  0 -2 -1 -1 -1 -4 -3  0   13   2   4  16   0   4  15   9   2   3   2   7   3   2   2   2   3   0   0   9  0.15 0.16
  458 G    0 -2 -2 -1 -4  0  1  5 -3 -4 -2 -1  0 -3  0 -1  0 -4 -4 -2    5   1   1   3   0   5  11  46   0   0   3   2   3   1   5   3   5   0   0   3  0.61 0.38
  459 K    1  4 -3 -2 -4  2 -1  0 -3 -3 -1  2 -1 -1 -1 -2 -3  4 -1 -1   11  27   0   2   0  13   2   8   0   1   6  15   1   2   2   0   0   6   1   4  0.46 0.36
  460 D    1 -1  1  3 -4  3  2  1 -2 -2 -4  0 -3 -4 -3  0 -2 -4  0 -3   14   3   6  21   0  14  14  10   0   2   0   5   0   0   0   7   0   0   3   1  0.43 0.33
  461 A    2 -1  1  1 -3  2  1 -1 -1 -2 -1  1  0  0 -1  0  0 -3 -1 -1   19   2   7   8   0  12  11   3   1   1   4   7   3   4   2   6   5   0   2   5  0.14 0.17
  462 M    2 -2 -2 -4 -3 -1 -3 -4 -4  1  2 -3  4 -1 -2 -1 -2  0 -1  3   23   2   2   0   0   3   1   0   0   6  17   0  14   2   2   4   0   1   2  22  0.40 0.33
  463 R    1  4 -3 -1 -4  2 -1 -1 -3 -2 -3  1 -1 -2 -2  0  1  2 -3  0   11  34   0   2   0   9   1   5   0   2   1   9   1   2   1   5   8   3   0   7  0.44 0.34
  464 A    3  0  0 -2 -3  0 -1  2 -3 -2 -2 -1 -1 -2 -2  1  0 -4  0 -2   36   4   5   1   0   5   3  15   0   2   2   3   1   2   1  12   3   0   3   1  0.34 0.29
  465 A    3 -3 -2  0 -3 -1  0  1 -3 -2 -3 -1  1 -2 -3  2  3 -4 -2 -2   28   0   0   4   0   2   7  11   0   1   0   2   4   1   0  14  20   0   1   2  0.39 0.33
  466 Y    0 -3 -3 -4 -3 -3 -2 -2 -3  3  1 -3  3  0 -2 -1  0 -3  2  2    6   0   0   0   0   0   3   4   0  22  15   0   9   3   2   3   5   0   7  20  0.35 0.26
  467 I    1 -3 -4 -4 -3 -3 -2 -2  0  4  2 -2  1  0 -4 -2 -1 -4 -2  2   14   0   0   0   0   0   2   2   3  31  19   2   3   3   0   2   1   0   0  17  0.44 0.29
  468 S    1  2  2  1 -3  2  1  2 -2 -3 -2  0 -3 -4 -1  1  0 -4 -3 -3   12  11  10   7   0  10   8  15   0   0   4   3   0   0   3  11   4   0   0   0  0.27 0.21
  469 K   -2  4  2  2 -4  1  1 -3 -1 -4 -4  3 -3 -4 -3  0  0 -5 -4 -4    1  25   9  13   0   5  11   1   1   0   0  19   0   0   0   8   6   0   0   0  0.58 0.35
  470 I    3 -3 -3 -2 -3 -2 -3 -2 -4  1  2 -2  4 -2 -3 -1 -1 -4 -2  1   31   0   0   2   0   1   0   2   0   9  23   1  15   0   0   3   3   0   1   8  0.44 0.33
  471 A    1 -2 -1 -2 -3 -1 -3  3 -3 -1  1 -3  1  3 -2 -1 -2 -3 -1  0   17   2   3   1   0   2   0  25   0   2  16   0   5  15   2   1   1   0   1   6  0.29 0.25
  472 E   -1  2  1  2 -4  1  3  1 -2 -4 -3  1 -3 -4 -1  0  0 -4 -4 -3    2  15   8  13   0   4  20  12   0   0   3   8   0   0   2   8   5   0   0   1  0.38 0.26
  473 K    1  1  0  1 -3  0  1  1 -2 -3 -3  3 -1 -4 -1  0  0 -4 -3 -2   16   5   4  10   0   3   7  12   0   0   1  27   2   0   2   4   5   0   0   3  0.30 0.24
  474 T    2 -1  0 -2 -3 -1 -1  1 -3 -1 -2 -1  0 -1 -2  2  1 -4 -1 -1   25   2   4   1   0   3   3  13   0   2   1   1   3   2   1  21  10   0   1   5  0.27 0.25
  475 G    1 -1  0  0 -3  0  0  3 -3 -3 -3 -1 -3 -4  1  0  1  0 -3  0   11   2   3   4   0   6   6  31   0   0   1   2   0   0   7   6  11   1   0   7  0.34 0.25
  476 D   -1  0  0  2 -3 -2 -1  3 -2 -1 -2  0 -2  3 -3 -1 -1  0 -1 -1    5   7   5  15   0   0   3  24   0   3   2   5   0  17   0   4   2   1   1   6  0.25 0.22
  477 S   -1 -1  1  0 -4 -3 -2 -1 -3 -5 -3 -1  0 -5 -3  6 -1 -5 -4 -4    2   2   6   4   0   0   1   4   0   0   2   3   2   0   0  72   1   0   0   0  1.16 0.64
  478 P    0 -2 -2 -3 -4 -3 -1 -2 -2 -3 -1 -2 -2  0  6 -1 -2 -5 -4  0    7   2   1   1   0   0   5   3   1   0   6   1   1   4  53   4   2   0   0   9  1.07 0.49
  479 A    2 -1  1  1 -3  2  2  0 -1 -2 -2  0 -1 -4 -2  1  1 -4 -3 -2   22   1   6   9   0  11  16   7   1   1   2   3   1   0   1  10   7   0   0   1  0.28 0.23
  480 K   -1  3  0 -1 -4  3  0 -3 -2 -3 -3  3  0 -4 -3  0  2 -1 -3 -1    3  17   3   3   0  14   4   1   0   1   1  23   3   0   0   6  16   1   0   4  0.44 0.32
  481 F   -3 -5 -5 -5 -5 -5 -5 -2 -4 -2 -1 -5  3  8 -5 -2 -2  1  1 -3    2   0   0   0   0   0   0   3   0   2   5   0   7  71   0   4   2   1   2   0  1.72 0.69
  482 I    1 -1 -4 -4 -3 -3 -3 -4 -4  2  3 -2  1  1 -4 -2 -1  1 -1  1   13   3   0   0   0   0   0   0   0  15  39   2   2   5   0   3   3   2   1  11  0.41 0.27
  483 T   -1  1  3  1 -3  0 -1  0 -2 -3 -2  0 -3 -4 -3  0  4 -4 -3 -2    4   8  16   7   0   5   3   9   0   0   3   5   0   0   0   7  33   0   0   1  0.44 0.33
  484 E   -1  1  4  1 -4  2  2 -1  1 -4 -2 -1 -1 -3 -3 -1 -1  2  0 -3    6   6  25   5   0  10  19   4   3   0   5   2   1   0   0   3   4   3   3   0  0.39 0.29
  485 V   -1 -4 -5 -5 -4 -2 -3 -5 -4  1  2 -4  2  1 -3 -4 -2  8  3  0    4   0   0   0   0   2   2   0   0   6  21   0   7   6   1   0   2  30   9   8  1.07 0.48
  486 N   -1  0  5  1 -4  1  1  1  0 -4 -4  1 -3 -2 -1  1 -1  0 -3 -4    5   4  34   8   0   6   8   9   1   0   0   9   0   1   3   8   2   1   0   0  0.50 0.32
  487 K   -1  4  1 -1 -4  0 -1  0 -2 -1 -2  4 -1 -4 -1 -1  0 -4 -2 -3    4  23   7   3   0   2   2   6   0   3   3  34   2   0   2   2   5   0   2   0  0.50 0.33
  488 L   -2 -2  0 -2 -3 -2 -3 -3 -3  2  3 -2  5  0 -2 -3 -1  0  1  0    2   2   6   3   0   1   0   2   0  16  30   2  19   2   1   0   3   1   6   5  0.43 0.30
  489 K    0  0  0  0 -3  1  0  0 -1 -2 -1  2 -1 -3  1  3 -1  0 -3 -3    8   5   5   4   0   7   6   5   1   1   5  14   1   0   8  27   1   1   0   1  0.25 0.22
  490 A    0  1  2  1 -3  0 -1 -1 -2 -3 -3  2 -2 -3  4  0  1 -3 -3 -3    9   6  10  10   0   4   2   3   0   1   1  13   0   1  21   5  11   0   0   1  0.39 0.23
  491 Q   -1  1  0 -1 -3  4  2 -1 -2 -1 -3  1 -1 -1 -1  0 -1 -3 -1 -2    4   9   4   2   0  30  15   5   0   3   2   8   2   3   2   5   2   0   2   2  0.39 0.27
  492 S    2 -2  0 -1 -2  0 -1  0 -2  0  0  0  1 -2 -2  1  1 -3 -2  0   28   1   5   3   0   4   1   7   0   5  10   8   4   1   1   7  12   0   0   4  0.16 0.16
  493 G    0  2  1  0 -3 -1 -1  2 -2 -2 -2  3 -1 -3 -1  0  0 -3 -3 -1    7  11   7   4   0   1   1  16   0   1   3  25   1   1   3   7   6   0   0   4  0.24 0.19
  494 G    0  0  0  1 -2  0  1  1  0 -1 -1  0 -1 -1  1  1  0 -2 -1 -1    6   4   5   8   0   5   9   9   2   3   5   8   1   2   7  13   6   0   2   5  0.09 0.06
  495 E    2  0  0  0 -2  1  2  0 -1 -2 -2  0 -1 -2  0  0  0 -2  0  0   19   5   5   5   0   4  19   7   0   1   3   5   2   1   5   3   4   0   4   7  0.14 0.13
  496 I    1 -1  0 -2 -2 -1 -2  0 -2  0  2  0  1  0  1 -1 -1 -2 -2  1   16   2   6   1   0   1   1   5   0   4  24   7   4   4   8   3   3   0   1   9  0.11 0.12
  497 Y    0  0 -2  0 -3 -2  0 -3 -2  0  1  1  1  4 -3 -1 -2  3  2  0    7   5   0   5   0   0   6   1   0   5  11  10   4  21   0   5   1   4   8   7  0.22 0.20
  498 N    0  0  1  1 -2  0  0  1  1 -1 -2  0  0 -2  0  1  0 -3  0 -1    8   6   9   9   0   4   5  11   3   5   1   6   3   0   3  11   6   0   3   4  0.10 0.10
  499 T    0  1  0 -1 -2  0 -1  0  0  0  0  0 -1  0 -2  0  1 -3 -2  1    7  10   5   3   0   4   3   8   2   7   6   6   0   5   0   5  14   0   0  15  0.06 0.11
  500 I    0 -2 -2 -3 -2 -2 -2 -1  1  1  1 -1  1  2 -1 -1  1  1  2  1   10   0   0   0   0   0   1   4   5  12  16   5   3  11   2   4   9   2   7   8  0.13 0.14
  501 F   -1  0 -3 -1 -3 -2 -3  0  1  0  0 -2  0  5  0  0 -1  1  1 -1    5   5   0   3   0   0   1   7   3   5   8   2   3  35   4   7   5   2   4   2  0.36 0.27
  502 S   -1  1  2  1 -3  1 -1  1 -2 -3 -2  2 -2 -1  1  1  0 -3  0 -2    4   8  13   7   0   6   1   9   0   0   3  17   0   2   8   9   6   0   4   2  0.22 0.20
  503 G    0 -2 -1 -2 -4  1 -1  4 -3 -4 -4 -1 -1 -2  2  0  0 -4 -2 -4    8   2   2   2   0   7   2  43   0   0   0   4   1   1  12   7   5   0   2   0  0.62 0.39
  504 R    0  2  0  1 -3  2  2  0 -2 -3 -2  0  0 -1  0  0  0 -3 -1 -2   10  11   3  10   0   9  16   6   0   0   4   5   3   3   4   7   6   0   1   2  0.18 0.17
  505 H   -1 -1  0  2 -3  1  2 -2  2 -2  0 -1  0  0 -1  0 -1 -3  1 -1    5   2   4  16   0   7  16   2   7   2   9   2   4   5   3   6   3   0   5   2  0.17 0.17
  506 M    1  3 -1 -2 -3 -1 -1  1  0 -1  0  1  2 -3 -1  0 -1 -3 -1 -1   12  23   2   0   0   1   4   9   2   3   8  11   8   0   3   5   2   0   3   4  0.20 0.20
  507 K    2  2  0  0 -3  2  1 -2 -2 -2 -3  3 -1 -4 -2  0 -2 -4 -3 -2   22  12   4   5   0  12  10   2   0   2   1  20   1   0   1   5   1   0   0   1  0.37 0.29
  508 E    0  0  0  2 -3  2  3  0 -1 -1 -1  0  0 -2 -2  0  0 -3  1 -2    7   3   3  12   0   9  22   6   1   4   5   5   3   1   0   7   4   0   5   2  0.19 0.17
  509 L    0 -3 -1 -4 -3 -3 -4 -4 -3  2  4 -4  3  1 -4 -3 -3 -3  1  1    7   0   3   0   0   0   0   0   0  13  48   0   8   5   0   0   0   0   6   6  0.62 0.35
  510 D   -1  0  1  4 -4  1  2 -1  0 -2 -3  1 -3 -4 -1 -1  0 -4 -3 -2    6   4   6  29   0   7  15   4   2   2   2  10   0   0   2   2   6   0   0   2  0.41 0.26
  511 A    1  0 -1  3 -3  0 -1  3 -2 -3 -3  1 -3 -4 -1  0 -2 -4 -1 -2   15   5   2  17   0   5   3  28   0   0   2  10   0   0   3   4   1   0   2   2  0.38 0.26
  512 L    0 -3 -4 -2 -3 -3 -2 -4 -4  2  4 -2  2  1 -2 -3 -1  2 -1  1    7   0   0   2   0   0   2   0   0  15  43   1   5   7   2   0   3   3   2   6  0.46 0.30
  513 H    2  2  0 -1 -2 -1 -2 -1  0  0  0  0  1 -1 -2  0  0 -3  0  0   24  12   3   2   0   1   0   4   2   6  12   5   4   1   0   6   6   0   4   6  0.11 0.15
  514 D   -2  2  1  3 -4  1  0 -3 -1 -2 -3  3 -1 -4 -3  0  1 -4 -3 -1    2  15   7  20   0   5   5   0   1   2   2  20   1   0   0   6   8   0   0   6  0.38 0.27
  515 V    1 -4 -4 -2 -3 -3 -4 -4 -3  1  1 -1  0  2 -1 -3 -1  1  4  3   11   0   0   3   0   0   0   0   0   7  14   3   2   9   3   0   2   2  17  28  0.43 0.32
  516 L    2 -3 -2 -4 -3 -2 -3 -1 -3  0  3 -3  2  0 -3  1 -1 -4 -3  1   23   0   2   0   0   1   0   5   0   5  32   0   7   3   0  11   2   0   0  10  0.34 0.29
  517 R   -1  1  2  3 -4  2  3 -1  0 -4 -4  1 -3 -2 -3  0 -1 -4 -3 -2    4   7  12  18   0   9  20   4   2   0   0   9   0   2   0   6   3   0   0   3  0.40 0.26
  518 Q    2  1  1  0 -3  1 -1  0  2 -1 -2  0 -2  0 -1  1  0 -3  0 -2   21   8   7   4   0   6   3   7   6   3   3   2   0   4   2  13   6   0   4   1  0.14 0.16
  519 T    0 -2 -2 -3 -3 -1 -3 -4 -3  2  0 -2  1 -1 -3  0  4 -4 -2  2    9   2   1   0   0   3   0   0   0  16   6   1   3   3   0   8  32   0   1  15  0.43 0.33
  520 A    0  4  0  1 -4  2  1 -1 -1 -4 -4  4 -3 -4 -3  0 -2 -4 -1 -3    9  24   4   7   0   8   6   4   1   0   0  28   0   0   0   5   1   0   3   0  0.51 0.32
  521 R    0  4  0  1 -4  3  1 -3  1 -4 -4  1 -1 -2 -3 -1 -2 -4 -1 -3    9  34   3   7   0  18   9   0   4   0   0   5   1   2   0   4   2   0   2   1  0.57 0.36
  522 S    4 -1 -1 -3 -2 -2 -2  0 -3  0  0 -2  0 -1 -3  1  0 -1 -1  0   41   3   2   0   0   0   0   7   0   7   8   2   2   3   0  14   5   1   2   4  0.32 0.27
  523 D    2  0  1  1 -3  1  0  2 -2 -3 -3  1 -3 -4 -3  1  0 -4 -3 -2   24   6   7   7   0   7   3  19   0   0   2   9   0   0   0  11   4   0   0   1  0.31 0.24
  524 S    0  2  1  1 -3  3  2 -1  0 -2 -2  2 -1 -2 -1  0  0 -4 -2 -2    7  13   5   6   0  15  12   4   2   3   2  13   2   1   2   6   6   0   1   1  0.25 0.20
  525 A    3 -1 -2 -2 -3  0 -1 -2 -1 -1  0 -1 -1  2 -3  2  0 -3  1  0   30   2   0   1   0   3   3   2   2   3   8   2   1  10   0  16   4   0   5   7  0.22 0.24
  526 N    2  0  3 -2 -3 -2 -1  2 -1 -2 -1 -1  1  0 -3  0 -1 -3 -2 -1   19   4  18   0   0   0   4  17   1   1   6   3   4   5   0   6   3   0   1   5  0.22 0.22
  527 V    0  1  3 -2 -3  0  0 -1 -1  0 -1  0 -1 -1  1  0  0 -3 -2  1    7   7  19   0   0   5   5   2   1   6   6   7   1   3   7   4   4   0   0  14  0.13 0.16
  528 V    1  0  2 -1 -3 -1 -2 -1  2 -1 -1 -1  1 -1  0  1  1 -1  0  0   12   5  15   3   0   2   0   2   5   2   3   3   6   3   4  10  12   1   2   9  0.12 0.16
  529 T   -1 -2  2 -2 -3 -1 -2 -1 -3 -3 -1  0 -2 -3  3  2  3 -4 -1 -1    4   1  12   0   0   2   0   4   0   0   8   5   0   0  18  18  19   0   2   5  0.39 0.31
  530 Q    0  2  2 -1 -3  2 -2  0 -1 -2 -2  0  0 -2  3  0  0 -4 -3 -1    9  12  13   2   0  10   0   7   1   2   4   5   2   1  17   5   7   0   0   3  0.28 0.22
  531 T    0 -2  1 -2 -3 -3 -2 -1 -1 -2 -2 -3  1 -3 -3  2  5  1 -4 -2    8   1   7   1   0   0   2   5   1   1   3   0   4   1   0  13  49   2   0   1  0.71 0.48
  532 G    1 -1 -1 -3 -4 -3 -2  6 -2 -1 -3 -3 -4 -5 -4  0 -1 -5 -4 -2   14   3   2   0   0   0   2  61   1   4   2   0   0   0   0   5   4   0   0   2  1.04 0.50
  533 Q    0  0  1 -1 -3  4  0 -1  2 -2 -1  0  2 -3 -3  0  1 -4 -1 -1    7   4   7   2   0  27   6   5   5   1   5   4   6   0   0   8   7   0   2   4  0.30 0.28
  534 A    1  2  0 -1 -3  3  0 -1 -2 -1 -1 -1  0 -3 -2  0  1 -4 -2  0   14  11   4   2   0  19   6   4   0   3   6   1   3   0   1   8   7   0   1   9  0.19 0.21
  535 L    0 -1  0 -2 -2 -1 -2  0 -2  1  2 -1  2  0 -1 -1  0  1 -1  1   11   2   7   2   0   2   0   6   0   7  23   3   8   4   3   4   5   2   2   8  0.09 0.13
  536 A    3 -3  0 -2 -3  0 -1  0 -3  2  0 -1  1  0 -2  0 -1 -3  0  0   33   0   5   1   0   4   3   5   0  13   6   2   5   3   1   8   3   0   3   4  0.22 0.23
  537 N    0 -2  3  0 -3  0 -1  3  1 -1 -1 -2  0 -2 -1  0  0 -4 -1 -1   10   1  22   4   0   4   2  25   3   3   5   0   4   1   3   4   4   0   2   4  0.31 0.24
  538 P    1 -2  0 -2 -3 -1 -1  1  0  0  0 -1  0  0  4 -1 -1  0 -2 -1   14   1   4   1   0   2   4  12   2   6   8   2   3   6  24   3   4   1   1   4  0.30 0.22
  539 V    2 -1 -2 -2 -2 -2 -2  1 -3  1  1 -2  1  1 -1  1  1 -3 -2  1   22   3   1   2   0   1   2  12   0   8  12   0   4   7   2   9   8   0   0   8  0.14 0.17
  540 R    0  0 -1 -2 -2 -1 -1  2 -1  2  1 -1  0  0 -2  0  0 -3 -1  1   10   7   2   1   0   2   2  16   1  14  14   1   1   3   1   8   7   0   1   8  0.09 0.12
  541 L    0 -2 -1 -2 -2 -1 -2  2 -3  1  1 -2  1  0 -2 -1  1 -3  0  1    6   2   2   2   0   3   2  16   0  10  20   1   5   4   2   1  11   0   2  11  0.13 0.15
  542 G    3 -2 -2 -2 -4 -3 -3  4 -4 -1 -3 -3 -3 -2 -1  0 -1 -4 -1 -2   29   1   1   2   0   0   0  42   0   3   2   0   0   1   2   7   4   0   2   2  0.73 0.44
  543 A    1 -1  0 -2 -2 -2 -2  3  0 -1  0 -1 -1 -1 -2  0  1 -3  0  1   17   4   4   1   0   0   0  23   2   3  10   3   1   2   1   6   9   0   4  10  0.17 0.18
  544 A    3 -1 -1 -2 -2 -1 -1  2 -3  0  0 -2  1  0 -2  0  0  0 -2  0   28   3   1   1   0   3   3  18   0   4   9   0   5   3   1   7   4   1   0   7  0.20 0.20
  545 I    0 -3 -3 -3 -2 -1 -3  1 -3  2  2 -2  1  1 -3  0  1 -3 -2  1   10   0   0   0   0   2   0  10   0  11  24   2   4   7   0   6  12   0   0  10  0.20 0.20
  546 P    2 -2  0 -1 -3 -1 -2  3  0 -1 -1  0 -1 -1 -1  1  0 -3 -3  0   23   1   5   2   0   3   0  24   2   4   6   6   1   2   3   9   3   0   0   6  0.22 0.20
  547 T    1 -2  1 -1 -2 -1 -1  1 -2 -1 -1 -2  0  0 -1  1  3 -3 -1  0   14   0   7   3   0   3   3  10   0   4   4   0   3   5   3   9  23   0   2   6  0.17 0.20
  548 L    1 -3  0 -3 -3 -2 -2  2 -2  0  1 -2  1  0  1  0 -1  1 -2 -1   15   0   6   0   0   1   2  21   1   8  14   2   6   4   8   6   2   2   0   4  0.17 0.18
  549 G    2 -3 -3 -2 -3 -2 -2  4 -1 -1 -1 -1 -3 -2  3  0 -1 -4 -3 -1   18   0   0   1   0   1   2  35   2   3   7   3   0   2  13   4   3   0   0   4  0.47 0.31
  550 K    2 -1 -1 -2 -2 -1 -1  1  0 -1  1  0  1  0  0  1  1 -3 -2  0   19   1   2   0   0   1   2   9   3   0  17   7   5   4   4   9  12   0   0   4  0.12 0.18
  551 S    2 -2  0 -3 -2 -2 -2  1 -1  0  0 -1  1  0  0  0  2 -3 -2  1   18   2   4   0   0   0   0  13   2   4  11   2   4   4   5   6  17   0   0  10  0.16 0.19
  552 L    2 -3 -2 -3 -3  0 -3  1 -3  2  1 -3  1  0 -3 -1  1  1 -2  1   20   0   2   0   0   6   0  11   0  13  18   0   3   3   0   2   8   2   0  11  0.22 0.23
  553 A    3 -3 -3 -3 -3 -2 -3  2 -3 -1 -1 -1 -1 -1  2  1  0 -4 -1  0   30   0   0   0   0   1   0  20   0   2   6   5   2   2   9   9   6   0   2   5  0.33 0.28
  554 A    2 -2 -2 -3 -3 -2 -3  2 -3  1 -1 -2 -2  0 -1  0  1 -4 -2  1   27   1   1   0   0   1   0  19   0  11   4   2   0   4   2   5   8   0   1  13  0.26 0.24
  555 E    2 -2 -2 -2 -2 -2  0  2 -3  0  1 -1 -1 -1 -2  0  0 -3 -1  1   28   2   0   1   0   0   7  15   0   6  13   3   0   3   1   4   7   0   2  10  0.18 0.20
  556 A    2 -1 -1 -2 -3 -3 -3  4 -3 -1 -1 -1 -2 -2 -1  0  0 -4 -3  1   23   2   3   2   0   0   0  35   0   2   5   3   0   2   2   4   7   0   0  10  0.41 0.30
  557 G    2 -2 -2 -2 -3 -2 -2  4 -3 -1 -2 -3 -1 -4 -1  1  1 -4 -4 -1   22   2   1   1   0   1   1  39   0   3   3   0   1   0   3  11   9   0   0   3  0.52 0.33
  558 Y    1 -2 -1 -1 -2  0  0  0 -2  1  0 -2  0  1  1  0  0 -2  1  0   16   1   3   1   0   6   5   6   0  10   9   0   3   6   7   5   8   0   8   7  0.07 0.11
  559 G    1 -1  0 -3 -4 -2 -1  4 -3 -3 -3  0 -3 -1  0 -1 -2  0  2 -3   13   3   6   0   0   0   3  43   0   1   2   7   0   3   4   3   1   1   8   1  0.52 0.33
  560 L    2 -3 -2 -3 -3 -3 -3  2 -3  0  2 -2  1 -2 -2 -1 -1  2 -1  1   18   0   2   0   0   0   0  19   0   5  25   2   3   0   1   4   2   4   1  13  0.27 0.23
  561 A    2 -3 -2 -3 -2 -3 -3  1 -3  2  1 -3  1  1 -3 -1  0 -3 -2  1   22   0   1   0   0   0   0  13   0  14  17   0   4   5   0   4   7   0   0  12  0.27 0.24
  562 M    3 -2 -1 -1 -3 -1 -3  3 -1 -3 -3 -1  0 -3 -1  2 -1 -4 -2 -2   36   1   2   2   0   2   0  25   1   1   1   4   4   1   2  14   2   0   1   2  0.50 0.35
  563 R    0  5 -2 -1 -5 -1 -2  0 -1 -4 -3  3 -1 -2 -4 -2  0 -1 -2 -4    8  44   1   3   0   1   0   7   1   0   1  23   1   1   0   1   5   1   1   0  0.80 0.46
  564 V    2 -2 -4 -3 -3 -2 -3 -1 -4  1  3 -3  3  0 -4 -1 -1 -1 -3  2   20   2   0   1   0   1   0   4   0   7  34   0   9   2   0   3   2   1   0  13  0.37 0.29
  565 Y   -1 -4 -5 -5 -4 -2 -4 -5 -3  0  3 -4  4  1 -5 -4 -2 -2  5  0    4   0   0   0   0   1   0   0   0   4  34   0  13   5   0   0   1   0  30   7  0.88 0.46
  566 E    2 -2 -1 -2 -3  1  3 -1 -3 -3 -2 -2 -1 -4 -1  0  3 -4 -3 -2   23   0   2   0   0   5  28   5   0   0   2   0   1   0   2   4  26   0   0   2  0.51 0.37
  567 S    0 -3  2 -1 -3 -2 -2 -2  1 -4 -3 -1 -2 -4 -2  5  2 -5 -4 -4    4   0  11   3   0   0   0   2   3   0   2   4   1   0   1  57  11   0   0   0  0.83 0.49
  568 K    1  0 -3 -1 -4  0  1 -1 -3 -4 -4  1 -1 -4  6 -1 -2 -4 -1 -3   14   5   0   3   0   5   9   5   0   0   0  11   1   0  40   4   0   0   2   0  0.81 0.37
  569 P    1  1  0 -2 -2  0 -1  0 -2 -1 -1  0  1 -2  3 -1  1  0 -2  0   17   9   3   0   0   5   3   6   0   2   4   5   4   2  18   2  10   1   0   8  0.22 0.16
  570 I    1 -3 -3 -3 -2 -3 -3  2 -3  1  0 -3  0  3 -3 -1  0  1 -1  2   12   0   0   0   0   0   0  17   0   8   6   0   2  20   0   3   5   2   0  22  0.31 0.23
  571 R    2  5 -2 -3 -3  0 -2 -2 -2 -2 -2  3 -1 -3 -3 -1 -1 -4 -3  0   21  35   0   0   0   3   1   2   0   1   3  17   2   0   0   2   2   0   0   9  0.53 0.31
  572 N   -1  4  5  2 -4  0 -1 -1 -2 -4 -4  2 -3 -4 -3  0 -1 -4 -3 -4    5  24  33  12   0   2   2   3   0   0   0  10   0   0   0   4   2   0   0   0  0.69 0.36
  573 M    3 -2 -3 -4 -3 -1 -2 -2 -3  1  1 -3  1  1 -3 -1 -1  7 -1 -1   28   2   0   0   0   2   1   2   0   8  19   0   4   7   0   3   4  18   0   0  0.53 0.30
  574 L   -1 -2 -4 -5 -3 -3 -4 -4 -4  2  4 -3  4 -2 -4 -3 -2 -3 -3  1    6   2   0   0   0   0   0   0   0   9  58   0  13   0   0   0   1   0   0   9  0.79 0.38
  575 L    2 -1 -3 -3 -2 -2 -2 -2 -3  1  3 -2  1 -1  0 -2  1 -3 -2  0   22   3   0   0   0   0   2   1   0   9  35   0   4   2   4   0  10   0   0   6  0.30 0.23
  576 R    1  4  1 -2 -4  0 -1 -2 -1 -4 -3  3 -3 -4 -3  0  0  1 -3 -3   17  32   6   1   0   2   2   1   1   0   0  26   0   0   0   4   4   2   0   0  0.59 0.33
  577 L    2 -2 -3 -3 -2 -2 -3 -1 -3  1  3 -3  3 -2 -3 -1  0  0 -1  0   23   2   0   0   0   1   0   5   0   9  37   0   9   0   0   4   4   1   1   3  0.34 0.25
  578 A    3 -2 -1 -2 -2 -1 -2  1 -2 -1 -3  0  0 -2  3  1  0 -4 -3 -1   37   0   2   1   0   2   0   8   1   4   0   7   3   1  14  12   4   0   0   4  0.37 0.26
  579 N    0  2  3  2 -3  2  0 -2 -2 -3 -3  2 -3 -4 -1  1 -1 -4 -3 -2    8  11  19  11   0   8   3   0   0   0   0  19   0   0   3  13   3   0   0   2  0.40 0.24
  580 T    1 -1  2 -1 -2  0 -1 -2 -2  0  1 -1 -1 -2 -2  1  3 -3 -1  0   12   2  10   2   0   3   2   0   0   4  13   3   0   1   0   9  29   0   2   7  0.22 0.21
  581 K    0  1 -1 -3 -4 -1 -2  0 -3 -2 -2  2 -3 -4  6 -2 -1 -4 -4  0    6   7   2   0   0   2   0   6   0   1   4  14   0   0  45   1   3   0   0   7  0.86 0.37
  582 P    1  1  0 -2 -3  0  0 -1 -2 -2 -2  2 -2 -3  3  1  0 -4 -3 -1   18  11   3   1   0   2   4   3   0   2   3  13   0   0  18  12   5   0   0   5  0.30 0.18
  583 G    0 -2  1  0 -3  0 -1  5 -3 -4 -3 -2 -3 -4 -1  0 -1  0 -2 -2    5   2   6   4   0   4   2  54   0   0   2   0   0   0   3   8   3   2   1   2  0.70 0.32
  584 T    1  1  0 -1 -3 -1 -2  0 -2 -1 -3 -1 -1 -4 -3  4  2 -4 -3 -2    9   9   4   3   0   1   0   5   0   3   1   2   2   0   0  42  16   0   0   2  0.45 0.32
  585 P    1 -2 -2 -2 -3  0 -1  0 -3 -3 -2  0 -3 -1  5 -1  1 -3  1 -3   13   1   1   1   0   4   3   6   0   0   4   4   0   3  38   3  12   0   6   0  0.66 0.33
  586 A    3  1 -1 -1 -3  1  1  0 -2 -1 -3  2 -1 -3 -2  0 -1 -4 -2 -1   41   6   1   2   0   6   9   6   0   3   0  13   2   0   0   4   3   0   1   4  0.34 0.26
  587 Y   -1  0 -2 -2 -3 -1 -1 -2  1  0  1 -2  2  3 -2 -2 -1  1  4  0    6   5   2   2   0   2   5   2   4   5  13   0   9  15   2   1   4   1  17   7  0.22 0.18
  588 E    1 -1  0  2 -3  0  2 -1 -2  1 -1  0  0 -2 -2  1 -1 -4 -3  0   14   2   4  13   0   2  20   2   0   9   5   3   3   1   0  12   2   0   0   8  0.18 0.17
  589 R   -1  3  2 -2 -4  3  0 -2  0 -4 -3  3 -1 -4 -3  0 -1  0 -3 -4    5  23   9   1   0  15   4   3   2   0   1  24   2   0   0   8   2   2   0   0  0.51 0.31
  590 A    3  1 -1 -3 -2 -1 -2  0 -1  0  1 -1  0 -2 -3  0 -1  2 -2  0   39  10   2   0   0   1   0   5   2   6  13   2   2   1   0   6   3   3   0   4  0.26 0.24
  591 L   -1 -3 -2 -4 -3 -2 -4 -3 -1  3  4 -2  2 -2 -4 -2 -2 -4 -3  1    6   0   2   0   0   2   0   1   2  17  53   1   6   0   0   1   0   0   0   8  0.62 0.34
  592 N    1  2  1  1 -3  1  1  0  0 -2 -2  2 -1 -2 -2  1  0 -3 -2 -2   15  12   6   6   0   6   7   4   2   2   3  13   1   2   0  16   4   0   0   0  0.19 0.16
  593 Q   -1  3  1  0 -3  2  2 -1 -2 -1 -1  0  0 -3 -1  0  0  1 -1 -2    4  21   7   3   0  13  14   3   0   3   7   4   4   0   1   4   6   2   2   2  0.23 0.19
  594 A    2  0 -3 -4 -2 -3 -2 -3 -3  3  1 -2  0 -2 -1 -2  1 -3 -1  2   26   5   0   0   0   0   1   0   0  25  16   0   2   0   2   0   9   0   2  13  0.34 0.25
  595 A    3 -2 -1 -1 -2  1  0 -2 -1  1 -1 -1  1 -3 -2  1  2 -4 -3  0   32   0   2   2   0   9   6   1   1   9   3   1   5   0   0  10  13   0   0   5  0.25 0.23
  596 T    0  2  1 -1 -3  2  1 -1 -2 -1 -3  3 -2 -4 -2  0  1 -4 -3 -1   10  11   8   1   0  12  11   5   0   5   0  22   0   0   0   3   9   0   0   4  0.28 0.20
  597 A    4 -1  0 -2 -2  0 -1 -2 -1  0 -1  1 -2 -1 -3  1  0 -4 -1  0   44   1   4   0   0   5   3   1   1   7   5   8   0   2   0   8   5   0   2   4  0.30 0.25
  598 V    2  0  0 -2 -2 -1 -1 -2 -2  1  1  0  1 -1 -2  0  0 -3 -2  2   21   4   7   0   0   2   2   0   0  10  17   4   3   1   0   6   4   0   0  17  0.14 0.14
  599 R    0  2  3 -1 -3  1  0  0 -1 -1 -2  0 -1 -3  0  0  2 -3 -1 -1    9  12  20   0   0   8   6   5   0   3   1   4   2   0   3   6  17   0   2   2  0.23 0.18
  600 P    2  0 -2 -3 -3  0 -1 -1 -3 -2 -4  0 -3 -4  5  2 -1 -4 -4 -1   22   6   0   0   0   3   2   3   0   2   0   6   0   0  35  17   1   0   0   4  0.71 0.32
  601 L    0 -1 -2 -3 -2 -2  0 -1 -3  1  2 -2  2 -2 -1 -1  2 -3 -1  2    7   4   0   0   0   0   6   4   0   8  22   0  10   0   2   4  15   0   1  17  0.18 0.16
  602 L    2 -1 -2 -1 -2 -2 -2  1 -3  1  1 -2  0  0  0  0  0 -3 -2  0   24   2   0   3   0   0   0  13   0  15  16   0   2   5   3   7   6   0   0   4  0.14 0.14
  603 A    3  0 -1 -2 -3  4  0  0 -2 -3 -2 -1 -2 -3 -1  0  0 -3  0 -1   33   5   1   0   0  32   2   6   0   0   2   0   0   0   2   7   4   0   4   2  0.47 0.30
  604 N    1  0  4  2 -3  0  0  2 -2 -4 -4  0 -3 -4 -2  1  1 -4 -3 -3   13   5  26  12   0   3   6  15   0   0   0   3   0   0   0  11   7   0   0   0  0.40 0.20
  605 E    3 -2  0  1 -3  2  5 -2 -2 -4 -4  0 -3 -4 -2 -1 -2 -4 -3 -2   31   0   3   5   0   8  46   0   0   0   0   3   0   0   0   2   0   0   0   2  0.69 0.33
  606 A    2  1 -2 -2 -2  1 -1 -2 -2  0  0  2 -1 -3 -2  1 -1 -3 -2  1   30   8   0   0   0   7   0   0   0   2   9  16   0   0   0  10   2   0   0  17  0.22 0.18
  607 T   -1  2 -1  0 -3  0  0 -2 -2 -2 -1  0 -2  1 -2  2  3 -3 -2 -2    0  13   0   6   0   5   6   0   0   0   5   5   0   9   0  25  25   0   0   0  0.27 0.18
  608 R   -2  3 -1 -1 -4  5  3 -3 -1 -4 -2  2 -2 -4 -2 -1 -2 -3 -3 -3    0  23   0   0   0  40  22   0   0   0   4  11   0   0   0   0   0   0   0   0  0.75 0.26
  609 Q   -2  0 -1 -1 -4  6  3 -3  0 -4 -3  2 -1 -4 -2 -1 -1 -3 -2 -3    0   0   0   0   0  72  17   0   0   0   0  12   0   0   0   0   0   0   0   0  0.90 0.17

                      K         Lambda
Standard Ungapped    0.1293     0.3121
Standard Gapped      0.0365     0.2670
PSI Ungapped         0.1193     0.3177
PSI Gapped           0.0365     0.2670
