
Last position-specific scoring matrix computed, weighted observed percentages rounded down, information per position, and relative weight of gapless real matches to pseudocounts
            A   R   N   D   C   Q   E   G   H   I   L   K   M   F   P   S   T   W   Y   V   A   R   N   D   C   Q   E   G   H   I   L   K   M   F   P   S   T   W   Y   V
    1 M    -5  -6  -6  -7  -6  -5  -6  -7  -6  -3  -2  -6  11  -4  -7  -6  -5  -6  -5  -3    0   0   0   0   0   0   0   0   0   0   0   0 100   0   0   0   0   0   0   0  3.57 1.17
    2 I     0  -2  -1   0  -3  -1  -1  -2  -3   3   1  -1   1  -2   0   0   0  -4  -3   1    7   1   3   6   0   3   5   1   0  28  16   4   4   0   4   6   4   0   0   9  0.19 0.19
    3 V    -2  -5  -4  -6  -4  -5  -5  -6  -5   6   2  -5   1  -2  -5  -4   0   0  -1   3    3   0   1   0   0   0   0   0   0  45  17   0   3   1   0   0   5   1   2  22  0.98 0.48
    4 T    -3  -2   5   1  -5  -2  -2  -2  -4  -5  -5  -2  -4  -2  -4   1   5  -6  -5  -3    0   2  33   6   0   1   2   2   0   0   0   2   0   2   0  10  40   0   0   1  1.09 0.61
    5 P     1   2   0  -2  -4   2  -2  -1  -2  -2  -4   0  -3  -4   4   1   1  -5  -4  -3   15  14   5   1   0   9   1   4   0   3   1   4   0   0  21  13   9   0   0   0  0.47 0.34
    6 A     3  -2  -1   1  -4   2   2   0  -1  -3  -4  -1  -2  -5   0   1   0  -5  -4  -2   30   1   2   7   0  12  15   7   1   1   0   2   1   0   4  11   5   0   0   2  0.40 0.32
    7 S     0  -2   4   0  -4   1  -1  -2   0  -2   0  -1  -2   1  -3   1   1   2  -1  -1    6   0  24   4   0   7   2   2   2   2  11   4   0   6   0  10  10   3   1   4  0.25 0.25
    8 I    -2  -3  -5  -5  -4  -2  -5  -5  -3   3   4  -4   3   1  -2  -3  -3  -4   0   1    2   2   0   0   0   2   0   0   1  16  50   0   6   5   2   2   1   0   3   7  0.76 0.43
    9 K     2   1   2   3  -4   2   1  -1  -1  -3  -2   0  -3  -3  -2   0  -1  -4  -2  -3   18  10  10  15   0  11   8   3   1   1   4   5   0   1   1   7   4   0   1   0  0.29 0.26
   10 A     4  -1   1  -1  -3   0  -1   0  -3  -2   0  -2  -2  -2  -2   0   0  -4  -4   0   39   3   8   3   0   5   4   7   0   1   8   1   1   1   1   7   7   0   0   6  0.33 0.31
   11 L     0  -5  -5  -5  -4  -4  -4  -4  -5   3   5  -3   2   2  -5  -4  -2  -4  -3   0    9   0   0   0   0   0   1   1   0  17  52   1   5   7   0   0   2   0   0   5  0.86 0.48
   12 M    -1   2   2   0  -4   0   1  -2  -2  -2  -1  -1  -2   3  -4   0   0   0   2  -2    4  11  12   5   0   5   9   3   0   1   6   1   1  17   0   7   7   1   9   1  0.26 0.25
   13 T     0   2  -2  -3  -3   0  -2  -2  -4   0  -1   2  -2  -2   0  -1   4  -5  -2   1    8  11   1   1   0   4   1   2   0   6   4  12   0   1   4   2  29   0   1  13  0.35 0.33
   14 S     1  -1   2  -1  -2  -1  -1   5  -4  -2  -3  -2  -1  -5  -4   2  -1  -5  -2  -2   13   3   8   3   1   2   3  40   0   2   2   1   2   0   0  14   3   0   2   2  0.58 0.39
   15 W    -1  -5  -5  -6  -2  -5  -4  -6  -4   2   3  -5   0   6  -5  -3  -3  -1   2   2    6   0   0   0   1   0   1   0   0  11  25   0   2  32   0   2   1   1   5  13  0.85 0.46
   16 R    -2   4   3   0  -5   2  -2  -4  -3  -3  -3   3  -2  -4  -4   1  -1  -2  -1  -3    1  22  17   4   0   9   1   1   0   2   2  22   1   0   0  12   3   1   2   1  0.61 0.43
   17 K     2  -1  -2   0  -4  -2  -1   0   0  -3  -1   2  -1  -2  -4   0   4  -5  -3   0   20   2   0   5   0   1   4   6   2   0   6  13   1   1   0   4  27   0   1   6  0.32 0.32
   18 D     2   0  -1   1  -3  -1   1  -2  -2   2   0  -1   0  -2  -3   0   1  -4  -2   0   19   5   3   7   0   2  10   2   0  15  11   4   2   1   0   5   7   0   1   7  0.13 0.17
   19 F    -3  -7  -7  -7  -6  -7  -7  -7  -5  -1   0  -5   0   8  -7  -5  -4   0   4  -1    2   0   0   0   0   0   0   0   0   2   7   1   2  68   0   1   1   1  10   4  2.04 0.88
   20 Q    -1   0   4   0  -4   3   0  -2  -2  -2   0  -1   0   2  -4   0   0  -4   0  -2    5   3  21   6   0  16   6   2   0   1   9   3   3   8   0   5   5   0   3   3  0.29 0.29
   21 G     1   0   3   2  -5   2   2   0  -3  -4  -4   2  -3  -5  -4   0  -1  -5  -4  -3   12   4  15  11   0  10  14   7   0   1   1  16   1   0   0   5   2   0   0   1  0.44 0.34
   22 G     4  -1  -2  -2  -4  -1  -1   4  -3  -2  -3  -2  -3  -3  -4  -1  -1  -1  -4  -2   40   4   1   2   0   2   4  29   1   2   2   2   0   1   0   4   3   1   0   2  0.67 0.47
   23 L    -3  -1  -3  -5  -3  -3  -3  -5  -2   0   3  -3   2   5  -5  -4  -2   2   5   0    1   3   1   0   1   1   1   0   0   4  29   1   6  21   0   1   2   2  20   4  0.79 0.46
   24 E     1   0   0   1  -4   1   3   0  -3  -3  -2   2  -2  -2  -1   0   0  -4  -3  -2   10   5   4   7   0   7  22   9   0   0   3  12   1   2   3   8   6   0   0   3  0.27 0.24
   25 D     2   1   0   0  -4   1   2   1  -2  -2  -2   0   0  -4  -3   0   1  -4  -2  -2   20   7   4   5   0   6  15  11   0   1   4   6   2   0   0   7   8   0   1   3  0.21 0.22
   26 A     3  -1  -3  -4  -3  -1   0  -1   0   0  -2  -2  -1  -1  -3  -1   2   0   2   1   33   4   0   0   0   2   5   4   2   4   3   2   1   2   1   2  14   1   8  10  0.33 0.32
   27 P     0  -1   0   0  -5   1   2  -2  -3  -3  -3   1  -4  -5   5  -1   1   1  -2  -3    7   2   4   4   0   8  15   2   0   1   2   9   0   0  26   5  11   2   1   2  0.54 0.38
   28 S     1  -2  -1   0  -4   0   1  -1  -2  -3  -3  -1  -2  -4   4   2   2  -5  -2  -2   10   1   2   6   0   4   8   4   1   1   3   3   1   0  20  18  13   0   1   3  0.40 0.32
   29 Q    -2  -1   0   1  -3   1   0  -1   0  -1   0   0   1   0   0  -1   1   5   0   0    2   2   4   7   0   8   5   4   3   4  11   5   5   4   4   4  12   9   2   6  0.15 0.17
   30 Y    -2  -2  -6  -7  -6  -5  -6  -5   1   0  -3  -2  -2   2  -6  -2  -2   9   6   1    4   2   0   0   0   0   0   1   3   6   1   3   1   8   0   3   2  28  29   8  1.54 0.74
   31 N    -1   0   1   2  -4   2   1  -1  -3  -4  -3   1  -1  -4   2   2   0  -5  -1  -2    3   5   6  13   0  12  10   4   0   0   1  10   2   0  11  16   4   0   2   2  0.35 0.29
   32 K    -2   4   0   1  -5   3   0  -2  -2  -3  -1   3  -1  -4  -1  -1  -1  -5  -4  -3    3  21   3   8   0  16   4   3   1   1   5  22   2   0   3   4   3   0   0   1  0.50 0.37
   33 I    -2  -5  -6  -6  -4  -3  -3  -6  -3   5   2  -5   1   4  -6  -5  -3   2   0   3    3   0   0   0   0   1   2   0   1  33  17   0   2  16   0   0   1   3   3  19  0.88 0.48
   34 A     5  -5  -5  -5   5  -4  -5  -3  -5  -3  -2  -4   0   2  -5   1   1  -5   0   0   47   0   0   0  12   0   0   1   0   1   3   0   3   8   0   8   8   0   3   6  0.89 0.56
   35 M    -1   0   2  -1  -4   0  -1  -2  -1  -3  -1  -1   5  -1  -4   0   3  -4  -1  -2    5   4  11   2   0   3   4   2   1   1   6   4  20   3   0   7  23   0   2   1  0.44 0.39
   36 V    -2   1  -2  -1  -4  -1   2  -3  -2   1   0  -1   1  -2  -1  -1   2  -4  -2   3    2   7   1   4   0   2  15   1   1   7   9   4   4   1   3   3  13   0   1  24  0.24 0.26
   37 V    -2  -1  -2  -3  -1  -2  -1  -3  -4   3   1  -2   0   2  -4  -3  -1  -4  -1   4    3   4   2   1   1   2   4   1   0  16  10   3   2   8   0   1   4   0   2  36  0.45 0.33
   38 N    -2  -2   2   2  -5   1  -2  -2  -2  -3  -3  -1  -5  -6   6   0   1  -6  -5  -3    3   2  10  10   0   7   2   3   1   1   2   4   0   0  37   7  10   0   0   1  0.82 0.51
   39 S    -1  -5  -2   0  -5  -4  -4  -2  -5  -3  -5  -3  -1  -6  -1   6   0  -6  -5  -1    4   0   1   5   0   0   0   3   0   1   0   1   1   0   3  69   4   0   0   5  1.31 0.76
   40 S    -1  -2   2   3  -4  -2   0   0  -3  -3  -3   1  -2  -5  -4   1   4  -5  -3  -3    5   2  11  17   0   1   4   7   0   1   2   7   1   0   0  12  26   0   1   1  0.49 0.39
   41 T     0  -1  -1  -1  -4   1  -2   2   0  -4  -3   1  -3  -1  -4   2   3  -5  -4  -2    8   3   2   2   0   8   2  19   2   0   1   9   0   3   0  15  22   0   0   2  0.40 0.35
   42 R     2   3  -1   1  -3   0   0   0   0  -1  -1   2   1  -2  -1   0  -1  -4  -2  -2   18  17   2   7   0   3   5   6   2   4   4  11   4   2   3   7   2   0   1   2  0.17 0.20
   43 S     0   0  -1   0  -3   1   1  -1  -1   0  -1  -1  -1   0  -3   1   2   0   1   0    9   6   1   5   0   7  10   4   1   7   3   3   1   4   0  14  14   1   5   6  0.11 0.17
   44 N    -4  -4   4  -1  -6   0   5  -3   1  -2  -3  -2  -5  -6  -5  -2   0  -6  -5  -1    0   0  22   2   0   3  47   2   3   2   3   2   0   0   0   3   5   0   0   4  1.02 0.62
   45 T    -2  -1   1   2  -4   1   2  -2   0  -1  -1   0  -1   0  -2  -1   2  -3   1   0    2   3   6  15   0   6  13   2   2   3   4   7   1   5   1   2  17   0   5   6  0.21 0.22
   46 Y    -3  -1  -2  -1  -5  -2  -4  -5   3  -1  -1  -2   2   3  -5  -4  -4   1   8  -3    2   4   2   3   0   2   0   0   7   4   4   2   4  11   0   0   0   2  48   2  1.33 0.69
   47 G     2  -1   0   0  -3  -1  -1   1   0  -2  -1  -1  -1  -2   4   0   1  -4  -1   0   16   2   3   5   0   3   2  10   2   2   5   3   2   2  20   7   7   0   2   6  0.25 0.22
   48 W    -2   0  -2  -2  -1  -2  -2   1  -4  -1  -2  -1   1   4  -2  -1  -3   9   1  -4    4   5   2   2   1   2   3  10   0   4   2   3   4  16   2   4   2  29   4   0  0.96 0.52
   49 L    -1  -1  -3  -1  -3  -3  -1  -2   1   1   3  -3   2   1   0   0   0  -3   0   0    5   4   0   5   0   0   4   4   3   8  32   0   6   5   5   7   5   0   3   5  0.20 0.21
   50 G     0   0   0   0  -3   1   0   0   1   0  -1   0   1   0   0   0   0   3  -1   0    6   6   5   6   0   5   6   6   5   6   6   6   5   5   6   6   6   5   0   6  0.06 0.09
   51 K     1   0   1   2  -3   2   1   1   0  -1  -2   0   1  -2  -1   1  -1  -4  -2  -2   11   4   5  12   0   9  11  11   3   4   3   5   4   2   3   9   3   0   1   2  0.14 0.16
   52 F     0  -3  -2  -4  -3  -1  -2  -2  -3   1   1  -2   2   4  -2   0   0   1   0   1    8   0   2   0   0   3   2   3   0  10  16   2   6  20   2   7   5   2   3   9  0.27 0.24
   53 P     0  -2  -1  -1  -5  -4  -4   1  -5  -1  -3  -2   0  -1   6   0   0  -6  -5  -4    8   3   3   3   0   0   0  11   0   3   3   3   3   3  45   7   5   0   0   0  0.97 0.56
   54 T    -1   1   0   0   0   1   1   2   0  -1  -1   0   0  -1  -1   0   0  -3  -1  -1    4   8   4   4   2   6   9  17   2   3   7   5   2   2   3   9   7   0   2   4  0.08 0.09
   55 L     0   0   0  -2  -3  -1   0   0   2   0   0   0   1   1   1   0   0   3   1   0    6   6   6   0   0   0   6   6   6   6   6   6   6   6   6   6   6   6   6   6  0.07 0.11
   56 K    -1   4  -1   0  -1   1   1  -1   0  -3  -3   1  -1  -4  -1   0   0  -4  -1   0    4  28   3   4   2   5   8   5   2   0   0   9   2   0   2   9   7   0   2   8  0.31 0.27
   57 E    -1   1  -2   0  -4   1   4  -1   1  -1  -2   2  -2  -1   0   0   0  -4  -3  -1    5   6   0   4   0   5  30   4   3   4   4  12   0   3   5   6   4   0   0   4  0.28 0.26
   58 W    -1   0  -1  -4  -3  -3  -1   0   1  -1   0   0   2   2  -4  -1  -1   8   1   0    3   4   3   0   0   0   3   7   3   4   7   5   7   9   0   4   4  24   4   6  0.57 0.35
   59 V     0   0  -1   1  -2   0   0   0  -2   0   0   1   0  -2   1   0   2  -3  -2   1    7   6   2   8   0   5   5   7   0   7   8   9   2   0   5   3  15   0   0  10  0.08 0.10
   60 G     0  -3   1   2  -4   0   1   4  -3  -5  -5  -1  -4  -5  -1   1   0  -5  -4  -4    6   0   6  13   0   5   8  41   0   0   0   3   0   0   3  10   5   0   0   0  0.64 0.37
   61 K     1  -1   0   3  -5   0   3   1   0  -1  -3  -1  -1  -2   0   0  -1  -5   0  -2   10   2   3  17   0   3  22   9   2   3   2   3   2   2   4   8   3   0   3   2  0.28 0.28
   62 R    -1   6  -1  -1  -6   0  -2  -4  -1  -2  -2   2   0  -1  -2  -2  -1  -6  -1  -1    6  44   3   3   0   4   2   1   2   3   3  11   2   3   2   2   3   0   2   4  0.73 0.51
   63 T    -1   0  -1  -1  -1   3   1  -2   0  -1  -2   0   0   0   1  -1   1  -4   0   2    3   4   3   2   1  14   8   2   2   3   3   7   2   4   9   4  10   0   3  16  0.17 0.22
   64 I     0  -1  -3   0  -3  -2  -1  -2   1   2   0  -1   1   1   0  -1  -1  -3   2   1   11   3   0   7   0   0   3   3   5  19   9   3   3   7   4   3   3   0   8  11  0.13 0.17
   65 Q     0   1   1   0  -4   2   0   0   2  -3  -2   2  -3  -1  -1   0   0  -4   0  -1   10   6   8   5   0   9   5   8   5   0   4  15   0   3   3   4   6   0   3   4  0.17 0.19
   66 Q    -1   0   1   1  -3   1   1   0   0  -1  -2   1   0  -1   0   0   0   2   0  -1    4   5   7   9   0   7  10   9   3   3   3   7   3   3   5   6   8   3   3   3  0.10 0.11
   67 M    -3  -2  -5  -3  -4  -2  -4  -3  -2   2   4  -3   3   2   1  -3  -2  -4  -3   1    2   2   0   2   0   2   0   2   1  13  41   1   7   8   7   2   2   0   0   8  0.56 0.38
   68 E     1   1   0   0  -3   1   1   0  -2  -2  -2   1  -1  -2  -1   2   0  -4  -1  -1   11   8   3   4   0   8   9   7   0   2   3  10   2   2   2  17   4   0   2   5  0.13 0.18
   69 A     1   0   0   1  -3   0   1   2  -2  -2  -2   0  -1  -2  -1   0   0   0  -3  -1   16   4   4   7   0   4  12  19   0   2   4   4   2   2   2   7   5   2   0   4  0.17 0.17
   70 H    -1   0   0   0  -3   1   0  -1   3  -1  -2   0  -1   1  -2   0   0   1   3  -1    5   4   4   6   0   8   6   5  10   4   3   6   2   5   2   6   5   2  14   4  0.16 0.18
   71 G     0   0   0   2  -3   0   0   2  -3  -3  -2   1   0  -4  -3   1   1  -4  -1   0    7   4   4  13   0   4   6  19   0   0   2   8   3   0   0  12   9   0   2   6  0.22 0.22
   72 Y    -2  -2  -4  -4  -4  -1  -1  -3   1   1   0  -2   1   4  -5  -2  -2   2   6  -1    3   2   0   0   0   3   5   2   3   7   8   3   3  18   0   2   3   2  31   4  0.73 0.45
   73 S    -1   1   0   0  -3   1   1  -1  -2  -1  -1   0   1  -1   0   1   2  -3   0  -1    4  10   4   4   0   5   9   3   0   4   4   5   4   3   3  10  18   0   5   5  0.12 0.13
   74 I     0  -2  -2  -2  -2   1  -1  -2  -1   1   1  -1   2   2  -2   0   1  -1   2   1   10   0   0   0   0   9   1   1   0  10  10   1   9   9   0  10  10   0   9  10  0.11 0.10
   75 A     0   0   0  -1   0   0   0  -1   2   0  -1   1   0  -2   0   0   1  -3   0   1    9   5   3   3   3   4   7   5   6   4   4  10   3   0   4   6  10   0   3  12  0.06 0.08
   76 N    -2  -1   6  -1  -1  -3  -1  -2   4   0  -2  -1  -4  -4   0  -2  -2  -5  -1  -2    3   2  45   3   2   0   4   2  10   6   3   3   0   0   6   2   2   0   2   3  0.79 0.49
   77 K     0   0  -1   0  -2   1   0   0   1   0  -1   0  -1   0   1   0   0  -2   1   0    6   6   0   6   0   6   6   6   6   6   6   6   0   6   6   6   6   0   6   6  0.01 0.08
   78 T    -1   1   0   1  -3   0   1  -1   1  -2   0   2  -2  -3   1   0   1  -3  -2  -1    5   7   4  10   0   4   9   4   5   0  11  16   0   0   6   4  10   0   0   5  0.14 0.16
   79 F    -2  -1  -5  -5  -5  -4  -5  -5   1  -4  -1  -2  -3   6  -5  -2  -2   8   6  -4    3   3   0   0   0   0   0   0   3   0   4   3   0  30   0   2   2  20  26   0  1.44 0.64
   80 E     0   0  -1   0  -4   0   4   2   0  -4  -3   0  -3  -4  -3  -1  -1   0  -1  -2    8   5   2   3   0   2  38  15   2   0   2   6   0   0   0   4   3   2   2   4  0.48 0.34
   81 G     1   0   0   0  -1   0   0   0   0   0   0   0   0  -1  -2   1   0   0  -1   0   15   6   5   6   1   4   3   8   2   6   8   8   2   1   0   9   5   1   1   6  0.04 0.06
   82 T     1  -2   1  -1  -3  -1  -1   2  -3   0  -2  -2  -1  -4  -3   1   4  -4  -3  -2   11   2   5   3   0   2   3  20   0   5   3   2   2   0   0   8  32   0   0   0  0.39 0.31
   83 V    -1  -3  -4  -4  -1  -2  -1  -4  -1   3   1  -3   0   3  -4  -1  -2   0   1   3    3   0   0   0   1   2   5   0   1  25  14   0   2  14   0   4   2   1   5  20  0.39 0.26
   84 G     1   1  -1   0  -3   1   2   1  -2  -2  -2   1   0  -3   0   1   0  -1  -1  -1   11   7   2   6   0   5  13  14   0   2   2  10   3   0   3   9   4   1   2   4  0.14 0.14
   85 I     0  -2  -2   0   3  -1   0  -3  -2   1   0   0   2   1  -2  -2  -1   4   2   0    8   0   0   8   8   0   8   1   0   8   8   8   8   8   0   1   0   8   8   8  0.15 0.14
   86 S    -1   1   0   0  -3   0   0  -1   2  -1  -1   0  -2   2   1   0   1  -2   0  -2    4   7   5   6   0   3   5   4   7   3   8   7   0  13   7   6  11   0   3   0  0.10 0.12
   87 R    -1   5  -1  -1  -4  -1   0  -3   0  -2  -1   2   0  -1  -4  -2  -3   0   1   0    6  41   2   2   0   2   7   2   2   2   5  11   2   3   0   2   0   1   4   6  0.54 0.38
   88 D    -2   1   3   4  -4   0   3  -3  -1  -3  -3   2  -2  -4  -2   0   0  -4  -2  -3    3   8  15  22   0   3  17   0   1   2   3  11   1   0   2   4   5   0   1   1  0.45 0.32
   89 D     0  -2   0   4  -4   1   1  -3   0  -2  -1   0   1  -2  -3  -1  -1   1  -2  -2   10   1   3  31   0   7  10   0   2   2   6   7   5   2   0   3   4   2   1   3  0.37 0.30
   90 F    -2  -2  -3  -4  -3  -2  -3  -4  -4   4   1  -2   2   2  -4  -3  -2   4   0   2    3   2   1   0   0   1   2   0   0  32  13   2   5   9   0   2   1   5   3  16  0.53 0.34
   91 E     0   3  -1   2  -4   1   4  -3  -1  -1  -3   0   0  -2  -3  -1  -2   0  -2  -2    8  19   2   9   0   4  32   0   1   4   2   5   2   2   0   3   2   2   1   2  0.47 0.35
   92 D    -2   2   2   6  -2  -1  -1  -4  -1  -5  -3  -2  -4   0  -4  -2  -1  -5   0  -5    3  12   7  52   1   2   2   0   1   0   2   2   0   4   0   2   3   0   4   0  0.98 0.55
   93 D    -2  -2   2   7  -7  -4   0   0  -1  -6  -7  -2  -6  -3  -2  -2  -4  -7  -6  -6    4   2   8  64   0   0   5   8   2   0   0   2   0   2   2   2   0   0   0   0  1.47 0.75
   94 N     0   1   2   1  -4   4   0  -2  -1  -3  -3   2  -2  -4  -1   1   0  -4  -4  -2    6   7   9   9   0  22   3   2   1   2   2  17   1   0   2  11   5   0   0   2  0.40 0.33
   95 L     0  -1  -2  -3  -3  -1  -2  -1   0   1   2  -1   0   1  -2  -1   1   1   3   0    7   3   2   0   0   2   1   5   3   9  21   2   2   7   2   3   8   2  15   5  0.19 0.20
   96 G     0  -1   0  -1  -4  -1  -1   5  -1  -4  -3  -1   0  -1   0   0  -1  -4  -1  -4    7   4   5   3   0   2   3  47   2   0   3   4   3   3   4   5   3   0   2   0  0.59 0.38
   97 I     0   0   0  -1  -2   2   0  -1  -2   1   0   0   1   0  -2   0   1  -3   0   1    7   6   3   3   0  11   5   5   0  10   9   7   4   3   0   5   9   0   3   9  0.05 0.10
   98 Y    -1  -1  -1  -2   1  -3  -3  -4   0   2   1  -1   1   2  -4  -3  -3   2   5   1    7   3   3   3   3   0   0   0   2  12  16   3   3  10   0   0   0   2  21   8  0.37 0.30
   99 A     0   0   0   0   2   0   0   0  -1   0   0   0   1   0   1   0   0  -2   1   0    6   6   5   6   5   5   6   6   0   6   6   6   5   5   6   6   6   0   5   6  0.03 0.06
  100 P     0   1   0   0  -4   2  -1  -1  -1   1  -1   0   0  -3   4  -1  -1  -4  -1  -1    6   7   5   4   0  10   2   4   2  10   6   6   3   0  20   5   3   0   2   5  0.25 0.21
  101 I     0   2  -1  -2  -3   1  -1  -2  -1   1   1   0   3   0  -2  -2  -1   2  -1   0    6  16   3   2   0   7   2   2   2   8  13   6  11   4   2   2   2   3   2   7  0.17 0.18
  102 F     2  -4  -4  -4  -3  -3  -4  -2  -4   3   0  -2   1   3   1   0   0  -4  -2   2   18   0   0   0   0   0   0   3   0  16   6   3   4  15   9   6   6   0   0  13  0.35 0.28
  103 Q     1   2   0   0  -3   3   2  -1  -2  -2  -2   1   1  -4  -3   1   0  -4  -1  -2   12  11   4   6   0  13  13   3   0   2   3   9   4   0   0  10   5   0   2   2  0.24 0.22
  104 E     1   0   0   1  -4   3   2   1  -3  -2  -1   0   2  -4  -3  -1  -1  -4  -4  -3   11   4   5   9   0  17  17  12   0   2   5   4   6   0   0   4   3   0   0   0  0.33 0.29
  105 M     0   0  -5  -6  -5  -1  -2  -3   0   1   3  -5   6   0  -6  -3  -2   2   0  -2    8   5   0   0   0   3   3   2   2   6  32   0  22   4   0   2   2   3   3   2  0.72 0.43
  106 G     3  -1  -1  -1  -6  -5  -2   5  -6  -6  -6  -5   1  -1   0  -1  -2  -6  -6   0   20   3   3   3   0   0   3  45   0   0   0   0   3   3   4   3   3   0   0   6  0.89 0.52
  107 R    -1   2   0   1  -4   2   1  -2   1  -1  -1   0   2   0  -1  -1  -1   2   1  -1    5  11   4   9   0  10  12   3   4   4   4   4   6   3   3   3   4   3   5   5  0.13 0.17
  108 S     0   0   0   0   2   0   0  -1   1   0  -1   0   1   0   0   0   0  -3   1   0    5   5   5   5   5   5   5   5   5   5   5   5   5   5   5   5   5   0   5   5  0.03 0.06
  109 A     4  -4  -2  -2   0  -4  -2  -1   0   0  -2  -4   2   0  -2   0   0   1  -1   1   40   0   2   2   2   0   2   5   2   5   4   0   5   4   2   7   6   2   2   8  0.43 0.39
  110 A     4   1   0  -2  -4   0  -1   0  -1  -1  -3   1   0  -2  -2  -1  -1   0  -4  -1   35   8   5   2   0   3   4   8   2   4   2  10   2   2   2   3   4   1   0   4  0.32 0.32
  111 V     0   2   1   1  -1   1   1  -1   0  -1   0   1   0  -2  -3  -1   0  -3   0  -1    7  16   6   7   1   7   9   4   2   5   8   7   3   2   0   3   5   0   4   4  0.12 0.15
  112 Q    -3  -3  -2  -2  -5  -2  -4  -3   8  -2   0  -2   1   4  -3  -2   0   3   1  -3    2   1   1   2   0   2   0   2  34   2  10   3   3  17   1   3   7   5   3   2  0.98 0.60
  113 P    -3  -1  -2  -2  -5  -2  -2  -3  -1  -1  -2   0  -1  -2   6  -3  -2   6   2  -1    2   3   2   2   0   2   3   2   1   4   4   5   1   2  39   1   3  11   7   5  0.93 0.59
  114 D     0  -2   3   5  -5   1   2  -1  -1  -5  -4  -3  -2  -5  -1  -1  -1   0  -5  -3    8   2  12  34   0   6  15   5   1   0   1   0   1   0   4   4   3   2   0   2  0.69 0.49
  115 E    -1   2  -1   1  -4   1   3  -3   0  -2  -2   2  -1  -2  -1   0   0  -4  -1  -1    5  10   3   9   0   6  22   1   3   2   3  13   1   2   2   5   5   0   3   4  0.28 0.26
  116 L    -1  -1  -1  -2   0   0  -1  -3   0   0   4  -2   2   0  -1  -2  -1  -3  -1   1    4   3   3   2   2   4   3   2   2   4  41   2   6   3   2   3   4   0   2   8  0.31 0.27
  117 I     2  -2  -4  -4   2  -3  -2  -2   0   2   0  -3   1   1  -4  -1   0   1   0   3   16   2   0   0   4   0   3   3   2  11   9   0   3   5   0   4   4   2   3  26  0.28 0.26
  118 F     0   0   0   0   2  -1   0   0  -2   0   0   0   1   1  -3   0   0   3   1   0    6   6   6   6   6   0   6   6   0   6   6   6   6   6   0   6   6   6   6   6  0.06 0.10
  119 K     1   0   0   2  -4   2   1   0  -2  -3  -2   1  -3  -3   0   0   0  -4   0  -1   11   6   5  13   0   9  11   8   0   0   4   8   0   0   5   6   7   0   4   4  0.19 0.18
  120 L     1  -1  -1  -4   0  -1  -3  -2   0   0   3  -1   1  -1  -1  -2  -1  -3   1   1   14   3   3   0   2   3   0   3   2   4  37   3   4   2   3   2   3   0   4   8  0.24 0.25
  121 L    -2  -1  -6  -6  -4  -5  -6  -6  -5   2   5  -5   3   2  -6  -5  -4   1   0   1    3   5   0   0   0   0   0   0   0  12  54   0   6   8   0   0   0   2   4   7  0.96 0.50
  122 K     1   0   3  -1  -1   0   1  -2  -2  -1   0   2  -1  -1  -1  -1   0  -4  -1   0   12   4  17   3   1   4   9   2   0   4   9  13   1   3   3   2   7   0   2   6  0.12 0.16
  123 D     2  -1   4   2  -4   0   0   0  -2  -2  -2   2  -1  -2  -2   1  -1  -4  -2  -3   17   3  22  10   0   5   4   5   0   3   3  12   1   2   1   8   3   0   1   0  0.31 0.26
  124 G     2  -4  -1  -4  -4  -4  -4   6   0  -5  -3  -4  -4  -5  -1  -2  -2  -5  -1  -4   16   0   3   0   0   0   0  62   2   0   3   0   0   0   3   3   2   0   3   1  1.21 0.55
  125 F    -1  -2  -2  -1  -4  -1   2  -2   2  -1  -2  -2  -2   5  -2  -2   0   1   1   0    6   2   1   3   0   2  13   3   5   3   3   2   0  33   2   2   7   1   4   7  0.43 0.30
  126 T     0  -1   1   0  -2   1   0   0   2   0  -1   0  -1   0   1   0   0  -3  -1   0    7   0   7   7   0   7   7   7   6   7   7   7   0   6   7   7   7   0   0   7  0.05 0.08
  127 Q     1   0   2   0  -3   1   0   0   0  -1  -1   0   0  -3   0   1   2  -4  -3  -1   12   5  10   4   0   6   6   8   2   3   4   6   3   0   3   7  17   0   0   3  0.14 0.16
  128 P     0   0   0   0  -3   0   0  -2   0  -1   0   1   0  -2   2  -1   1   1  -2   0    9   6   5   4   0   3   5   2   2   4  12  13   2   0  10   2  12   2   0   6  0.11 0.14
  129 C     0  -2  -2   0   2  -2  -2   0   2   0   0  -2   1   1   1   0   0   4   1   0    7   0   0   7   6   0   0   7   6   7   7   0   6   6   7   7   7   6   6   7  0.12 0.16
  130 Y     0   0  -2  -3   2   0  -2   0   2   0   0  -2   1   1   1   0   0   4   1   0    6   6   0   0   6   6   0   6   6   6   6   0   6   6   6   6   6   6   6   6  0.11 0.16
  131 D    -2   0   2   4  -3  -1   1   1  -2  -3  -1  -2  -3  -3   1  -1   2  -4  -3  -3    1   7   9  33   0   0   7  11   0   0   6   0   0   0   6   1  17   0   0   0  0.44 0.23
  132 G     0   1   1   1  -2  -1   0   0  -1   0  -2   0  -2  -1  -2   0   0   4   1   0    8   8   7   8   0   0   8   8   0   8   1   8   0   0   0   8   8   7   7   8  0.11 0.12
  133 Q    -1   1   1   0  -3   2   1  -1   1  -1  -2   2  -2  -1   1   0   0  -3   0  -1    4   8   7   3   0  12  12   4   4   3   4  12   0   3   7   4   4   0   3   5  0.15 0.14
  134 N     2   0   1  -1  -3   0  -1  -3   0  -1  -2  -1   0  -1   4   0   0  -3   2  -1   17   5   8   3   0   3   2   0   2   3   3   2   2   3  21   7   6   0   8   4  0.29 0.25
  135 F     0   1  -2  -3  -2  -1  -2  -3   2   1   1  -2   2   2  -3  -2  -1   5   2   1   10  10   0   0   0   0   1   1   9  10  10   1   9   9   0   1   1   9   9  10  0.21 0.13
  136 F     0  -2  -2   0   3  -1   0  -3   2   0   0   0  -1   1  -2  -1   0   4   2   0    8   0   0   8   7   0   8   1   7   8   8   8   0   7   0   1   8   7   7   8  0.13 0.14
  137 D     1  -1   1   3  -3   0   1   0   2  -3  -3  -1  -3  -1   0   3  -1  -3   0  -3   11   3   5  19   0   3   7   7   6   0   1   0   0   3   4  26   0   0   3   0  0.31 0.25
  138 K     0  -2   1   2  -3   1   1   0  -2  -1  -1   0   0  -3   1   0   2  -3  -3   0    8   0   8  16   0   7   7   5   0   4   4   5   3   0   6   5  14   0   0   6  0.16 0.16
  139 E     0   0   1   3  -3   0   1  -1   1  -1  -1   0  -2  -3  -2   1   1   2  -2  -1    9   4   7  21   0   4   8   4   4   4   5   4   0   0   0  10   8   3   0   4  0.18 0.16
  140 H    -1   0   0  -3  -4   0   0  -1   8  -2  -2  -1  -3  -1  -3   1  -1  -4   1  -3    5   5   4   0   0   3   6   4  44   3   3   3   0   3   0  10   4   0   3   0  0.82 0.46
  141 P     0   0   1   0  -2   1   0   0  -1   0  -1   0  -1  -2   1   0   0  -2   1   0    7   7   7   7   0   7   7   7   0   7   7   7   0   0   7   7   7   0   6   7  0.06 0.07
  142 V     0  -1   0  -1   1  -1   0  -1   0   1  -1  -2   1   0  -1   0   0   3   1   2    8   4   4   4   3   3   6   4   3   8   4   3   4   3   3   6   7   4   5  17  0.10 0.09
  143 Y     0  -1   2  -1  -3   0  -1   2   1  -1  -1   0   0   1   0   0  -1   1   2  -1    6   3  11   3   0   3   3  16   3   4   6   6   2   6   4   6   3   2   7   4  0.11 0.12
  144 P     0  -1   1   2  -3   0   0   0   0  -1  -2   0  -2  -1   2   0   0  -3   0   0    6   3   7  10   0   5   6   9   2   4   4   7   0   3   9   7   4   0   3  10  0.10 0.11
  145 N     0   0   0   0   2   0   0   0  -1   0  -1   0  -1   0   1   0   0  -2   1   0    6   6   6   6   6   6   6   6   0   6   6   6   0   6   6   6   6   0   6   6  0.03 0.06
  146 V     0  -1   0   1  -3   0   0   2   0  -1  -1   0   0  -1   0   0   1  -3   0   0    7   3   5  10   0   3   4  17   2   2   6   6   2   2   4   5  11   0   4   7  0.09 0.12
  147 D     0  -2   1   2  -3   1   0   2   0   0  -1  -1  -2   0   0   0   1  -3   0  -1    6   0   8  13   0   6   5  15   2   5   5   3   0   4   4   7   8   0   4   4  0.13 0.16
  148 G     0   0   0   1  -3   1   0   1   0  -1  -2   0   0   0   0   1   1   2  -2  -1    7   4   5   7   0   7   7   9   3   4   3   5   3   5   4  12   9   3   0   4  0.08 0.12
  149 T     0   0   1   0  -3   0   0   0   0  -1  -1   0   0  -1   0   1   2   2   0  -1    7   4   8   6   0   4   7   5   3   4   4   4   3   3   3  12  13   3   3   4  0.08 0.12
  150 G     0  -1   2   0   0   0  -1   3  -3  -1  -2  -1  -3   0  -1   1   0  -4   0  -1    5   3  10   4   2   5   4  23   0   3   3   3   0   4   3  11   7   0   3   5  0.18 0.20
  151 S     0   0   0   0   2   0   0   0  -1   0  -1   0  -1   0   1   0   0  -2   1   0    6   6   6   6   6   6   6   6   0   6   6   6   0   6   6   6   6   0   6   6  0.03 0.06
  152 A     1  -1   0   0  -2   0   0   0  -2   0  -1  -1   0   0   0   0   0   2   1   0   11   3   6   7   0   3   5   6   0   5   5   3   3   4   4   8   7   3   8   9  0.04 0.08
  153 V     0  -1   1   0   0   0  -1  -1  -2   0  -1   0   0  -1   0   2   2  -3   0   1    8   3   8   4   2   3   3   4   0   5   5   4   2   2   3  15  14   0   3  10  0.08 0.14
  154 N     0   0   1   0  -2   0  -1  -1   0  -1   0   0   0   0   0   1   1   2   0   0    7   4   8   5   0   5   3   4   2   3   9   5   3   5   3   9  12   3   3   6  0.05 0.09
  155 T     0  -1   0   0  -2   0  -1  -1   0   0   0  -1   1   0   0   0   1   1   0   1    8   3   6   5   0   4   2   4   2   3   9   4   4   4   5   8   8   2   4  14  0.03 0.08
  156 S     0   0   0   0  -2   1   0   0   1   0   0   0   1   0   1   0   0  -3  -1   0    6   6   6   6   0   6   6   6   6   6   6   6   6   6   6   6   6   0   0   6  0.04 0.07
  157 N     0   0   2   1  -3   0   0   0   1   0  -1   0   0   0   0   0   0   2   0   0    5   4  10   7   0   5   4   7   3   6   4   5   3   4   5   9   7   3   4   6  0.05 0.08
  158 I     0  -1   0   0   0   0   0  -1   0   0   0   0   0   0   0   0   0  -2   0   0    8   3   4   7   2   5   4   4   2   8   9   5   4   5   4   7   6   0   4   9  0.01 0.03
  159 V     1  -1   0   1  -2  -1  -1  -1  -2   0   0   0   0   0   0   1   1   1   0   0   11   3   5   8   0   2   3   4   0   5  11   4   3   4   4  10   8   2   4   9  0.04 0.07
  160 E     0  -1   2   1   0   0   0   0  -2  -1  -1   0   0  -1   0   0   1   1  -1  -1   10   3  14   7   2   3   4   6   0   4   6   4   3   3   4   8  10   2   2   4  0.08 0.11
  161 Q     0   0   0   1  -2   0   0  -1   1   0   0   0   1   0   1   0   0  -2   0   0    8   4   4  11   0   6   5   5   4   4   8   4   4   4   7   5   7   0   4   6  0.05 0.06
  162 D     0   0   0   0  -2   1   0   0  -1   0   0   0   1   0   1   0   0  -2   1   0    6   6   6   6   0   6   6   6   0   6   6   6   6   6   6   6   6   0   6   6  0.03 0.06
  163 S     0  -1   1   0   2   1   0   0  -1   0  -1   0  -1  -2   1   0   0  -2   1   0    7   0   7   7   6   7   7   7   0   7   7   7   0   0   7   7   7   0   6   7  0.06 0.09
  164 F     0   0   0   0  -3   0   0   2  -2  -1  -1   0  -2   0   0   0   0   2   1  -1    9   6   5   6   0   5   4  15   0   4   5   6   0   4   4   6   7   3   6   5  0.07 0.09
  165 S     0   0   0   0  -2   1   0   0   1   0  -1   0   1   0   1   0   0  -2   1   0    6   6   5   6   0   5   6   6   5   6   6   6   5   5   6   6   6   0   5   6  0.03 0.06
  166 G     0   1   0   0   0   0   0   2   0  -1  -1   0   0  -1   0   0   0  -3   0  -1    9   7   4   5   3   5   7  16   3   3   3   5   4   3   4   5   6   0   3   5  0.06 0.08
  167 L     2  -1   0   0   0   0   0   0   0   0  -2   0   1  -1   2   0   1  -4   0  -1   17   4   5   4   2   5   7   6   2   5   3   4   4   2  11   4  10   0   3   3  0.12 0.16
  168 P     0   0   0   0  -3   0   0   0  -2   0  -1   0   1   0   0   0   0   3   1   0    6   6   5   6   0   5   6   6   0   6   6   6   5   5   6   6   6   5   5   6  0.06 0.08
  169 F     0   0  -2   0  -2   0  -1   0  -2   0   0   0   1   1   1   0   0   3   1   0    6   6   0   6   0   6   0   6   0   6   6   6   6   6   6   6   6   6   6   6  0.07 0.12
  170 Y     0   0   0   0   2  -1   0   0   2   0  -1   0   1   1  -3   0   0   3   1   0    6   6   5   6   5   0   6   6   5   6   6   6   5   5   0   6   6   5   5   6  0.06 0.11
  171 L     0   0   0   0   2   0   0  -1   1   0  -1   0   1   0   0   0   0  -2   1   0    5   5   5   5   5   5   5   5   5   5   5   5   5   5   5   5   5   0   5   5  0.03 0.05
  172 L     0   0   0   0   2   1   0   0  -1   0   0   0   1   0  -2   0   0  -2   1   0    6   6   6   6   6   6   6   6   0   6   6   6   6   6   0   6   6   0   6   6  0.03 0.07
  173 D     0  -1   1   4   1  -1   0  -1   0  -1  -2   0  -3  -1   0  -1  -1   2   0  -1    7   3   5  29   4   3   4   4   3   3   4   5   0   3   4   5   3   3   3   5  0.29 0.26
  174 C     0   0   0   0   2   1   0   0   1   0   0   0   1   0  -2   0   0  -3  -1   0    6   6   6   6   6   6   6   6   6   6   6   6   6   6   0   6   6   0   0   6  0.03 0.08
  175 S     0   0   0   0  -2   1   0   0   1   0  -1   0   1   0   1   0   0  -2   1   0    6   6   5   6   0   5   6   6   5   6   6   6   5   5   6   6   6   0   5   6  0.03 0.06
  176 R     0   3   0  -1  -4   1  -1   1   0  -2  -1   2   1  -3  -1  -1  -1  -4  -1  -1    7  23   3   4   0   5   3   9   2   2   7  12   5   0   3   4   3   0   3   4  0.21 0.22
  177 A     1   0   0   0  -2   0   0   1   0   0  -1   0   0  -1   2   0   0  -3   1   0   13   4   4   5   0   3   7   9   3   6   3   6   3   3   9   5   4   0   5   7  0.06 0.08
  178 V     0   0   0   0  -2   1   0   0  -1   0   0   0   1   0   1   0   0  -2   1   0    6   6   6   6   0   6   6   6   0   6   6   6   6   6   6   6   6   0   6   6  0.03 0.06
  179 K     0   2   0  -1  -4   0  -1  -1   0  -1  -1   2   2  -3   0   0  -1   4   0  -1    6  14   5   3   0   4   4   4   3   4   4  14   8   0   5   6   3   6   4   3  0.19 0.21
  180 P     0   0   0   0   2   0   0  -1   1   0  -1   0   1   0   0   0   0  -2   1   0    5   5   5   5   5   5   5   5   5   5   5   5   5   5   5   5   5   0   5   5  0.03 0.05
  181 L     0   0  -1  -1  -3   0   0  -1  -2   1   2  -1   1   0   0  -1   0  -3   0   1    6   5   4   3   0   5   5   4   0  10  22   3   4   3   4   4   5   0   4   9  0.08 0.12
  182 I     0   0  -1   0  -2  -1   0   0  -1   0   0   0   1   1   1   0   0  -2   1   0    7   7   0   7   0   0   7   7   0   7   7   7   6   6   7   7   7   0   6   7  0.04 0.08
  183 F    -1   0  -1   1   0   0  -1  -2   0   0   1  -1   1   2  -4  -2  -1   4   2   0    4   5   2   8   2   4   4   2   2   5  18   2   3  11   0   3   4   7   9   5  0.19 0.19
  184 Q    -1   0   0   0  -4   5   0  -1  -3   0  -1   0   1  -1  -1  -1   0  -4   0  -1    5   3   4   4   0  32   4   6   0   5   5   6   4   3   3   4   5   0   3   4  0.35 0.35
  185 E     0   0   0   0  -3   1   0   0   2   0  -1   0   1  -2   0   0   0   3   1   0    6   6   5   6   0   5   6   6   5   6   6   6   5   0   6   6   6   5   5   6  0.07 0.10
  186 R     0   0   0   0  -2   1   0   0  -1   0   0   0   1   0   1   0   0  -2   1   0    6   6   6   6   0   6   6   6   0   6   6   6   6   6   6   6   6   0   6   6  0.03 0.06
  187 R    -2   3   0  -1  -1   2   1  -2  -3  -1  -1   2   0  -2   2  -1   1  -4  -1  -2    2  16   3   3   2   8   8   3   0   3   5  16   3   2  11   2   8   0   2   3  0.26 0.26
  188 K     1   0   0   2  -3   0   0   0  -2  -1  -2   2   0  -1   2  -1  -1  -4  -1   0   11   5   4  12   0   3   6   6   0   3   3  12   2   2  12   4   4   0   2   7  0.16 0.17
  189 P     0  -1  -1  -4  -4   1  -1  -2   1   0  -1  -1   1   2   4  -1  -1   2   2   0    6   3   3   0   0   6   4   3   3   5   6   4   4  11  20   3   3   3   7   6  0.29 0.26
  190 E     0   0   0   0  -3   0   0  -1   1   0  -1   0   1   0   0   0   0   3   1   0    5   5   5   5   0   5   5   5   5   5   5   5   5   5   5   5   5   5   5   5  0.06 0.08
  191 L     0   0   0   0  -2  -1   0  -2  -2   0   0   0   1   1   1   0   0   3   1   0    6   6   6   6   0   0   6   0   0   6   6   6   6   6   6   6   6   6   6   6  0.08 0.12
  192 V    -1  -1  -1  -1  -4   0   0  -2  -1   2   0  -1   0  -2  -4  -2   3   1  -3   3    5   4   3   3   0   4   5   3   2  10   7   3   2   2   0   2  17   2   0  26  0.29 0.28
  193 A     2   1   0  -2  -1   0  -1   0  -1  -1  -1  -1   1   0   0   2   0  -4  -1   0   20   7   4   2   1   4   4   6   2   3   4   1   5   4   4  15   4   0   2   7  0.12 0.18
  194 R    -1   1   2  -1  -4   2  -1  -2  -1   0   1   2   2  -1   0  -2  -1   1  -3  -1    4   8   9   3   0  12   2   3   2   6  14  12   7   2   5   2   3   2   0   5  0.17 0.21
  195 T    -1  -1   0   4  -4  -1   0  -1  -4   0  -2   0   0  -1   0  -1   3  -5  -4   0    5   4   5  22   0   3   4   5   0   5   3   5   3   2   4   3  19   0   0   8  0.30 0.29
  196 R     1   0   1   1   0   0   0   0   0  -1  -1   1   0  -1   0   0   0  -3   0  -1   12   5   8   8   3   4   4   6   3   5   6  10   3   3   4   5   4   0   5   3  0.04 0.07
  197 I     0   0   0   0   2   0   0  -1   1   0  -1   0   1   0   0   0   0   3  -2   0    5   5   5   5   5   5   5   5   5   5   5   5   5   5   5   5   5   5   0   5  0.05 0.09
  198 D     0   0   0   0   2   0   0   0   1   0  -1   0  -1   0   1   0   0  -2   1   0    6   6   5   6   5   5   6   6   5   6   6   6   0   5   6   6   6   0   5   6  0.03 0.06
  199 D     0   0   1   0   2   1   0   0  -1  -2  -1   0   1  -2   1   0   0  -2   1   0    6   6   6   6   6   6   6   6   0   0   6   6   6   0   6   6   6   0   6   6  0.06 0.11
  200 D     0   0   0   0  -2   1   0   0   1   0  -1   0   1   0   1   0   0  -2   1   0    6   6   5   6   0   5   6   6   5   6   6   6   5   5   6   6   6   0   5   6  0.03 0.06
  201 H     0   0   0   0  -2   1   0   0   1   0  -1   0   1   0   1   0   0  -2   1   0    6   6   5   6   0   5   6   6   5   6   6   6   5   5   6   6   6   0   5   6  0.03 0.06
  202 V     0  -2   0   0   2  -1  -2   0  -2   0   0   0   1   1   1   0   0  -2   1   0    7   0   7   7   6   0   0   7   0   7   7   7   6   6   7   7   7   0   6   7  0.05 0.10
  203 F    -1  -2  -2  -5  -5  -5  -2  -1  -1   0  -1  -1   2   7  -6  -5  -3   3   0  -1    4   2   2   0   0   0   2   6   2   5   5   4   6  50   0   0   2   3   3   3  1.10 0.59
  204 M    -1   0   0   0  -3   0   0  -2   2  -1   0   0   3   1  -1  -1   0   3   0  -1    5   4   5   6   0   3   7   3   5   4  10   6  11   7   3   4   8   4   3   3  0.09 0.14
  205 D     0   0   0   0   2   1   0   0   2  -2  -1   0   1   0   0   0   0  -2   1  -1    6   6   5   6   5   5   6   6   5   0   6   6   5   5   6   6   6   0   5   6  0.05 0.09
  206 N     0   1   1   1  -2  -1   0   0   2   0  -1   0  -1  -2   1   0   0  -3  -2   0    7   7   7   7   0   0   7   7   7   7   7   7   0   0   7   7   7   0   0   7  0.07 0.08
  207 E    -1   0   1   0  -3   2   2  -1   1  -1  -2   1   0  -3   2  -1   0  -4  -3   0    4   6   6   6   0   8  18   4   3   3   4  10   2   0   9   3   7   0   0   8  0.20 0.19
  208 F     0   0   0   0  -3   0   0  -1   1   0  -1   0   1   0   0   0   0   3   1   0    5   5   5   5   0   5   5   5   5   5   5   5   5   5   5   5   5   5   5   5  0.06 0.08
  209 L    -1   0   0   0   2   0   0  -1   2   0  -1   0   2   1   0  -1   0   3   1  -1    5   5   5   5   5   5   5   5   5   5   5   5   5   5   5   5   5   5   5   5  0.08 0.08
  210 F    -1  -1  -1  -1   1  -3  -2  -2   1  -1   0  -1   1   4  -1  -2  -1   4   4   0    5   3   4   3   3   0   3   4   3   3   9   3   3  16   3   3   3   7  16   6  0.33 0.26
  211 G     0   0   1   0  -3   1  -1   0   2  -2  -1   0   1   1  -3   0   0   4   1   0    6   6   6   6   0   6   0   6   6   0   6   6   6   6   0   6   6   6   6   6  0.09 0.14
  212 A     2  -1   0   0   1   0  -1   0  -2   0  -1   0   0  -1   0   0   0   1   0   1   19   3   5   6   3   3   3   7   0   6   4   5   3   3   4   5   6   3   3  10  0.05 0.10
  213 S    -1   0   0   0  -3   0   0  -1   1   0  -1   0   1   0   0   0   0   3   1  -1    5   5   5   5   0   5   5   5   5   5   5   5   5   5   5   5   5   5   5   5  0.02 0.09
  214 T     2  -1   0  -1   1  -1  -2   1   4  -2  -2  -1   0   0  -1   0   1   2   0  -1   17   3   4   3   3   3   3  10   9   3   4   4   2   4   3   7   9   2   3   4  0.19 0.17
  215 R     0   0   0   0   2  -1   0   0   1   0  -1   0   1   0   0   0   0  -2   1   0    6   6   5   6   5   0   6   6   5   6   6   6   5   5   6   6   6   0   5   6  0.03 0.07
  216 R     0   0   1   0   1  -1  -1   1   2  -1  -1  -1   1   1   0   0   0   2   2  -1    6   5   6   4   3   2   3  10   5   3   6   3   5   7   4   7   4   3   7   5  0.05 0.09
  217 A     1  -3   3  -1   1  -1  -1   0  -3   0  -1  -1   1   0  -1   0  -1   2   0   0   16   0  19   3   3   3   3   8   0   5   6   3   3   4   3   5   3   3   3   6  0.16 0.21
  218 A     0   0   0   0   2   0   0  -1  -2   0  -1   0   1   0   0   0   0   3   1   0    5   5   5   5   5   5   5   5   0   5   5   5   5   5   5   5   5   5   5   5  0.05 0.08
  219 G     0  -4   0   0   1  -1   0   4   1  -2  -1  -4  -4  -1  -1   0   0  -5  -1  -1    7   0   4   6   3   3   5  34   3   2   6   0   0   3   4   7   5   0   2   4  0.39 0.30
  220 Y     0  -1   0   0   1  -1   0  -1   1  -2  -2   0  -1   2   0   0  -1   1   3  -1    7   3   4   4   3   3   8   5   4   2   4   5   2  10   4   8   4   2  14   4  0.14 0.15
  221 G     0  -1   1   0  -3   1   0   0   2   0  -1   0  -1  -2   1   0   0   3   1   0    6   0   6   6   0   6   6   6   6   6   6   6   0   0   6   6   6   6   6   6  0.09 0.12
  222 F    -1  -1   1  -1  -3  -1  -1  -1   2  -1   0  -1   1   2  -1   0   0   1   1   0    5   3   9   3   0   3   2   4   6   3  12   3   5  13   2  10   5   2   4   6  0.09 0.14
  223 W     0   0   0   0   2   0  -2   0   2   0  -1   0  -2   1   0   0   0   3   1   0    6   6   5   6   5   5   0   6   5   6   6   6   0   5   6   6   6   5   5   6  0.06 0.11
  224 Q    -1   1   2   0  -4   2   0  -1   2  -1  -2   0   0  -1   1   0  -1   2   1  -1    5   8  12   4   0  10   4   4   6   5   4   4   3   3   6   7   4   3   5   3  0.14 0.17
  225 M     0   0   0   0   2   0   0  -1   1   0  -1   0   1   0   0   0   0  -2   1   0    5   5   5   5   5   5   5   5   5   5   5   5   5   5   5   5   5   0   5   5  0.03 0.05
  226 A     0   0   0   0   2   1   0   0   1   0   0   0   1   0  -2   0   0  -3  -1   0    6   6   6   6   6   6   6   6   6   6   6   6   6   6   0   6   6   0   0   6  0.03 0.08
  227 V    -1   0   0   0   2   0   0  -1   2   0  -1   0   2   1   0  -1   0   3   1  -1    5   5   5   5   5   5   5   5   5   5   5   5   5   5   5   5   5   5   5   5  0.09 0.08
  228 A     0   0   0   0   2   0   0   0  -1   0   0   0   1   0   1   0   0  -2   1   0    6   6   5   6   5   5   6   6   0   6   6   6   5   5   6   6   6   0   5   6  0.03 0.06
  229 V     0   0   0  -2   2   1   0   0  -1   0   0   0   1  -2   1   0   0  -2   1   0    6   6   6   0   6   6   6   6   0   6   6   6   6   0   6   6   6   0   6   6  0.05 0.10
  230 K     0   0   0   0  -3   0   0   0   1   0  -1   0  -1   0   0   0   0   3   1   0    6   6   5   6   0   5   6   6   5   6   6   6   0   5   6   6   6   5   5   6  0.06 0.08
  231 G     0   0   0   0  -2   1   0   0   2   0  -1   0   1  -2   1   0   0  -2   1   0    6   6   6   6   0   6   6   6   6   6   6   6   6   0   6   6   6   0   6   6  0.05 0.08
  232 D     0   0   1   0  -2   1   0   0  -1   0  -1   0  -1  -2   1   0   0  -2   1   0    7   7   7   7   0   7   7   7   0   7   7   7   0   0   7   7   7   0   6   7  0.06 0.07
  233 L    -1  -2  -1  -3   1  -1  -2  -1   0   1   3  -2   1   0   0  -1   1  -3  -2   0    4   0   4   0   4   4   0   4   4   7  39   0   4   5   4   4   8   0   0   4  0.20 0.17
  234 T     0  -1   1   1  -2   1   1   1  -1  -2  -2  -1  -2  -3   2   1   1  -3  -2   0   10   0   9  10   0   9  10  10   0   0   1   1   0   0  10  10  10   0   0  10  0.19 0.10
  235 L     1   0  -1   0  -3   1   0  -1   0   0  -1   0   0  -1   1   0   0   2   0   0   14   4   3   4   0   6   6   4   3   7   5   7   3   3   6   5   4   3   3   9  0.05 0.08
  236 D     0  -1   1   0  -2   1   0   0   2   0  -1   0  -1   1   1   0   0  -2   1   0    6   0   6   6   0   6   6   6   6   6   6   6   0   6   6   6   6   0   6   6  0.05 0.08
  237 N     1  -3   5  -1   0  -1  -1   1   0  -2  -3  -1   0  -2  -1   2   0  -4  -1  -2   12   0  28   3   2   2   2   9   2   2   2   2   2   2   2  16   6   0   2   3  0.37 0.30
  238 L    -1  -4  -4  -1  -3  -3  -3  -1   1   1   3  -4   2   3  -4  -3  -3   4   3   1    5   0   0   5   0   0   0   5   4   7  28   0   5  12   0   0   0   6  10  10  0.42 0.27
  239 W     0   0   0   0  -3   1   0   0   2   0   0   0   1   0  -2   0   0   3  -1   0    6   6   6   6   0   6   6   6   6   6   6   6   6   6   0   6   6   6   0   6  0.06 0.10
  240 K     1   0   1   1  -3   0   0  -1   0  -1  -1   1   0  -1   0   0   1  -3   0  -1   16   3   7   7   0   4   7   3   3   3   4  11   3   3   3   6   9   0   3   5  0.08 0.11
  241 G     0   0   0  -2   2  -1   0   0  -2   0   0  -1   1   1   1   0   0  -2   1   0    7   7   7   0   6   0   7   7   0   7   7   0   6   6   7   7   7   0   6   7  0.05 0.10
  242 W    -1   4  -3  -1   1   0   0  -4   1   0  -1   0   1   0  -3  -1  -1   4   2   0    4  24   0   3   3   3   6   0   3   7   6   4   4   4   0   3   3   7   7   6  0.27 0.27
  243 Q     0   0   0   0  -2   1   0   0   2   0   0   0   1   0  -2   0   0  -2   1   0    6   6   6   6   0   6   6   6   6   6   6   6   6   6   0   6   6   0   6   6  0.04 0.07
  244 L     3  -1  -1  -1  -1   1  -2  -2   1  -1   1   0   2  -1  -3  -1   0  -4  -2  -1   35   3   3   3   1   6   2   2   4   2  14   5   6   2   0   3   4   0   1   4  0.26 0.28
  245 M    -1  -5  -5  -6  -5  -4  -5  -3  -5   1   1  -5   9   2  -5  -5  -2   1  -1  -1    5   0   0   0   0   0   0   2   0   7  12   0  50  10   0   0   2   2   2   3  1.43 0.77
  246 R     0   4   0  -1  -1   1   0  -2  -1  -2  -1   0   2  -1  -3   0   0   0  -1  -2   10  26   4   2   1   6   5   3   1   2   5   5   8   2   0   5   6   1   2   2  0.23 0.26
  247 S     1   1   0   0  -1   1   0   1  -2  -2  -2   1   1  -3  -1   2   1  -4  -3  -2   10   6   5   4   2   8   5  10   0   1   4  12   5   0   2  15   8   0   0   2  0.16 0.18
  248 F    -2   0  -2  -4  -1   5  -2  -4  -1   0   1  -1   3   3  -2  -3  -1   3   1  -1    3   5   1   0   1  28   0   0   2   5  14   3   8  13   2   0   3   4   5   4  0.47 0.39
  249 E    -1   2  -1  -3  -1   0  -1  -4  -1  -2  -2   4  -1  -2  -2  -1   3  -4  -2   1    3  10   2   0   1   4   3   0   1   1   4  33   1   2   2   2  19   0   1   9  0.46 0.38
  250 G     0   0   3   4  -4  -1  -1   3  -1  -4  -3   0  -1  -4  -3   0  -1  -5  -2  -3    6   5  13  28   0   1   2  20   1   0   2   5   1   0   0   7   4   0   1   1  0.51 0.35
  251 D    -1  -1  -1   5  -4  -1   1  -1   1  -1  -1  -1  -2  -2   2   0  -1  -4  -1  -1    6   3   2  32   0   1   7   4   3   3   6   3   1   2  11   7   3   0   2   4  0.38 0.30
  252 G     0   1   3   3  -4   1   0   2  -1  -3  -3   0  -1  -2  -2   1  -1  -4  -1  -2    8   9  13  15   0   5   6  14   1   1   1   6   1   1   1   9   4   0   2   2  0.27 0.23
  253 G    -1  -3   0   0  -5  -2  -3   6  -2  -4  -4  -1  -2  -3  -5  -1  -3  -6  -5  -4    4   1   4   5   0   2   2  68   1   1   1   3   1   1   0   3   2   0   0   1  1.31 0.67
  254 K    -2   4   1   1  -4   1   2  -2   0  -3  -2   2  -1  -4  -2  -1   1  -4  -1  -2    3  22   7   8   0   4  16   2   2   1   5  12   2   0   1   4   9   0   2   2  0.36 0.30
  255 K    -1   0  -2  -2  -5  -1  -2  -4  -1   0  -1   1  -4  -2   6  -1   0  -2  -2   0    4   6   2   1   0   2   2   1   1   5   7   8   0   2  43   3   5   1   1   6  0.81 0.49
  256 L    -2  -3  -4  -4  -4  -5  -5  -5  -5   4   4  -4   4  -1  -4  -4  -3  -5   0   0    3   2   1   1   0   0   0   1   0  20  47   1  11   2   1   1   1   0   3   5  0.93 0.50
  257 G     0   0   5   1  -5  -1  -2   4  -1  -3  -3  -2  -1  -3  -2   0  -1  -1  -2  -3    7   4  26   7   0   2   2  28   1   1   3   2   2   1   2   5   3   1   1   1  0.55 0.37
  258 L    -1  -2  -3  -3  -2  -3  -4  -4  -3   5   2  -4   0   0  -3  -2  -1  -4  -1   3    4   2   1   1   1   1   1   1   0  32  17   0   2   3   1   3   4   0   2  24  0.65 0.38
  259 K    -1   3   1  -1  -2   1   0  -2  -3  -1  -2   2   2  -2  -2   0   2  -1  -3   1    5  19   6   2   1   6   5   2   0   3   2  11   8   1   2   7  12   1   0   9  0.24 0.24
  260 P     0  -5  -3  -2  -6  -5  -5  -1   1  -3  -3  -2  -2  -6   7  -3  -2   0  -2  -3    8   0   1   2   0   0   0   5   3   1   2   2   1   0  64   2   2   1   1   2  1.67 0.70
  261 T     0   1   2   2  -1  -1   0  -2  -1  -2  -2   1  -1  -2  -1   1   2   1  -3  -1    8   6  12  11   1   2   4   2   1   1   4  11   2   1   2  11  16   2   0   4  0.18 0.17
  262 H    -1  -1  -1  -2  -1  -1  -1  -3   3   0   1  -1   0   2  -3  -1   0   0   3   1    6   2   2   1   1   3   5   1   9   6  14   4   3  10   0   2   7   1  10   9  0.12 0.15
  263 I    -3  -6  -7  -7   1  -6  -6  -7  -6   2   5  -6   2  -1  -6  -6  -2  -5  -5   0    2   0   0   0   2   0   0   0   0  12  65   0   4   2   0   0   2   0   0   6  1.22 0.58
  264 V    -2  -5  -6  -6  -4  -5  -6  -6   0   2   3  -5   2   0  -6  -5  -2   2  -4   5    2   0   0   0   0   0   0   0   2  11  29   0   5   3   0   0   2   3   0  39  0.92 0.48
  265 V    -2  -6  -6  -7   3  -6  -6  -3  -1   1  -1  -6  -3  -1  -6  -3  -1  -6   0   6    2   0   0   0   5   0   0   2   2   7   3   0   0   2   0   2   3   0   3  69  1.43 0.64
  266 P    -2  -5  -3  -4  -7  -6  -4   3   1  -7  -7  -5  -7  -8   7  -1  -4  -8  -7  -5    3   1   1   1   0   0   1  23   3   0   0   0   0   0  62   5   1   0   0   1  1.96 0.85
  267 V     0  -3  -1  -3  -6  -3  -3  -4  -2  -2  -4  -3  -2  -6   7   0   2  -7  -6   0    9   2   3   1   0   1   2   1   1   2   1   1   1   0  51   6  11   0   0   8  1.25 0.62
  268 G     3  -3   0   2  -2   0   3   0  -2  -4  -3  -1  -3  -5  -3   2   0  -5  -3  -3   25   1   4  12   1   4  19   7   1   1   2   3   0   0   0  14   6   0   1   1  0.43 0.33
  269 L    -4  -2   3  -3  -5  -1  -4  -5   0  -2   5  -2   1  -4  -4  -4  -4  -6  -2  -3    1   2  15   2   0   3   1   1   3   0  65   2   2   0   1   0   1   0   2   0  1.12 0.60
  270 E    -1   2  -3  -1  -4   1   6  -4  -2  -4  -3   0  -2  -3  -5  -3  -2  -1  -1  -4    6  11   1   3   0   4  55   1   1   1   3   6   1   1   0   1   2   1   2   1  1.02 0.57
  271 K     0  -1  -1   0  -3   0   0   1  -2  -1  -2   0   0   1  -1   0   2   2  -1   0    9   2   3   5   0   4   7  10   1   2   3   5   3   7   3   7  19   3   1   7  0.12 0.15
  272 A     2   0  -2   0  -4   1   1  -3  -3  -1  -1   1  -1  -3  -1  -1   3  -5  -4   0   22   4   1   5   0   5  11   1   0   3   6  10   1   1   3   3  18   0   0   8  0.26 0.25
  273 A     7  -6  -6  -6  -5  -5  -5   0  -6  -6  -4  -5  -2   0  -5  -2  -3  -7  -2  -2   80   0   0   0   0   0   0   7   0   0   2   0   1   5   0   1   1   0   1   2  1.74 0.83
  274 E    -2   4   1   0  -2   1   3  -4  -1  -2   0   1   1  -1  -4  -2  -1  -1   0  -3    3  23   6   4   1   4  19   1   1   2  10   9   4   3   0   1   3   1   3   1  0.37 0.29
  275 Q     0   2  -1   0  -5   5   3  -3  -2  -2  -3   2  -2  -5  -4  -2   0  -5  -2  -1    7   9   2   6   0  25  18   1   0   2   2  14   1   0   0   2   6   0   1   4  0.54 0.38
  276 L    -1  -4  -6  -6  -4  -4  -4  -6  -1   4   4  -5   0  -1  -6  -4  -3  -1  -2   2    4   0   0   0   0   0   1   0   2  28  42   0   2   2   0   1   1   1   1  13  0.94 0.47
  277 L    -1  -5  -3  -6  -1  -3  -5  -6  -5   2   4  -4   2   1  -5  -4   0  -5  -2   3    4   0   1   0   1   1   0   0   0  12  44   1   5   6   0   1   5   0   1  17  0.77 0.41
  278 N     0  -1   4   0  -4   0   1   0   0  -3  -2   2  -1  -3  -3   0   1  -5  -3  -2    8   2  20   5   0   4  11   7   2   1   4  15   1   1   1   7   8   0   1   3  0.29 0.24
  279 R     3   0   1  -2  -3   0  -2  -3  -2  -4  -3   0  -3  -5  -3   4   1  -5  -4  -1   26   4   6   1   0   3   2   1   1   0   2   5   1   0   1  36   7   0   0   3  0.61 0.44
  280 E     1  -1   0   2  -4   2   3  -3  -3  -1  -3  -2   0  -4  -1   0   1  -5  -4  -2   13   2   4  13   0   9  22   1   0   4   2   1   3   0   3   8  11   0   0   3  0.36 0.30
  281 L    -1   1   0  -3  -2   0  -1  -2  -1   0   1   0  -1   0  -1   0   2  -1   2   0    5   7   5   0   1   4   3   3   1   5  17   6   1   3   2   5  17   1   8   6  0.11 0.15
  282 F    -1  -1  -1   0  -3  -2  -1  -2  -2   3   2   0   0  -1  -3  -2   0  -4  -1   2    5   4   3   7   0   1   3   2   1  23  18   6   2   1   1   1   6   0   2  14  0.23 0.20
  283 A     3  -2   1   1  -4   0  -1  -1  -3  -3  -4  -2  -3  -4   4   0   0  -5  -2   0   28   2   6   8   0   3   3   3   1   1   1   1   0   1  21   5   6   0   1   7  0.49 0.35
  284 D     2  -3   3   3  -4  -1   0   3  -2  -4  -4  -2  -3  -4  -1   0   0  -5  -3  -3   16   1  16  16   0   3   5  23   0   0   1   1   0   1   3   6   5   0   1   1  0.49 0.33
  285 G     1  -2   0  -1  -4  -1  -2   5  -3  -3  -3  -1  -2  -4  -3   1   3  -4  -4  -3   10   2   4   3   0   3   3  39   0   1   2   4   1   0   1   8  17   0   0   2  0.62 0.36
  286 N     2  -2   2   1  -3   0   1   1  -2  -3  -4   1  -3  -4  -1   1   2  -4  -3  -2   19   1  10   7   0   3   9  11   0   1   1   9   0   1   2  10  13   0   1   2  0.29 0.25
  287 T     2  -2   1   0  -3  -1   0   0  -1  -1  -2  -2  -2  -2  -1   1   3  -3  -2   0   15   1   8   6   0   2   5   6   1   3   3   2   1   2   2  12  25   0   1   6  0.27 0.23
  288 T     1  -1   4   1  -3   0  -1   1   0  -2  -2  -1  -1  -1   1   0   1   0  -2  -2   11   2  23   7   0   3   3  10   2   2   3   4   2   2   6   6   8   2   1   2  0.25 0.19
  289 V     1  -1   0   2  -2  -1   0  -1  -2   1  -1  -1  -1  -2  -2   0   1  -3  -2   2   12   2   4  14   0   3   6   4   1   7   4   4   1   1   1   5  12   0   1  19  0.16 0.15
  290 S     0  -1   0   0  -3  -2  -1   0  -1   1  -2   0  -1  -2   1   2   1  -3  -1   1    9   3   4   6   0   1   3   6   1   8   2   4   1   1   8  16  10   0   2  14  0.13 0.15
  291 N    -4  -4   9  -3  -7  -5  -5  -6  -5  -8  -8  -5  -7  -8  -3  -3  -4  -8  -5  -5    1   1  92   1   0   0   1   0   0   0   0   0   0   0   2   1   0   0   0   1  2.99 1.23
  292 E    -1  -2  -4  -4  -5  -3   0  -5  -4   1  -4  -3  -1  -3   6  -3   0  -1  -1   2    5   2   1   1   0   1   6   1   0   8   1   2   2   1  43   1   7   1   2  17  1.00 0.56
  293 M    -3  -3   1  -4  -2  -2  -5  -5   3   0   1  -5   1   4  -6  -3  -3   7   4   0    1   1   6   1   1   2   0   0   8   4  13   0   4  19   0   2   1  17  12   7  0.92 0.49
  294 K     2   2  -1  -3  -3   1  -2  -3   0  -1  -3   3   0   0  -2   0  -2  -2   3  -1   18  13   2   0   0   7   2   1   2   3   1  21   2   4   1   7   2   0  10   4  0.38 0.32
  295 G    -2  -1   3   1  -4  -1  -4   6  -3  -5  -5   0  -4  -5  -6  -2  -4  -4  -6  -6    3   4  16   9   0   2   1  53   1   0   1   6   0   0   0   3   1   0   0   0  1.17 0.62
  296 K     1   2  -1  -1  -4   0  -1  -2  -1  -1  -1   3   1  -1  -4   1   2  -1  -2  -1   11  10   3   3   0   3   2   2   1   3   5  21   4   2   0  12  14   1   1   3  0.25 0.25
  297 L     2  -5  -5  -6   0  -5  -4  -4  -5   0   3  -5   1   3  -3  -2  -2  -2   1   2   20   0   0   0   2   0   1   1   0   4  30   0   3  11   1   2   1   0   6  16  0.59 0.40
  298 Q    -2   0   0   2  -6   2   4  -4  -3  -4  -5   2  -4  -4  -3  -1   3  -6  -5  -3    2   6   4  10   0   9  29   1   0   1   0  15   0   1   1   4  17   0   0   1  0.68 0.47
  299 L    -3  -6  -6  -7  -5  -4  -6  -7  -3   2   4  -5  -1  -2   3  -4  -3  -6  -1   4    1   0   0   0   0   1   0   0   1  13  34   0   1   1  14   1   1   0   3  31  0.99 0.55
  300 V    -2  -3  -4  -5  -2  -2  -2  -6  -1   5   2  -3   1  -3  -6  -3  -3  -6  -3   4    2   1   1   0   1   2   3   0   2  31  19   1   3   1   0   1   0   0   1  30  0.88 0.49
  301 V    -1  -5  -5  -3  -1  -4  -1  -5  -6   0  -3  -3   0  -4  -3   0  -1  -7  -4   6    5   0   0   1   1   1   5   1   0   4   1   1   2   0   1   6   3   0   0  65  1.21 0.67
  302 A    -1  -4   2   2   2  -3   3  -4  -3  -2  -4  -3  -2  -4  -4   3   1   3  -2   0    5   0  10  12   4   0  21   0   0   2   1   0   1   0   0  23   9   4   1   6  0.54 0.43
  303 D     0  -2  -1   0  -7  -2  -2  -3   0  -6  -6  -4  -4  -7   7   0  -3  -3  -7  -5    9   2   3   6   0   2   3   2   2   0   1   1   0   0  61   6   1   0   0   0  1.63 0.82
  304 Y    -6   5  -4  -4  -5  -2   0  -4   1  -6  -2  -3  -5   2  -7  -5  -5   7   6  -5    0  31   1   1   0   2   7   2   3   0   3   0   0   7   0   0   0  17  26   0  1.47 0.75
  305 L    -6  -7  -8  -8  -6  -7  -8  -8  -7   2   6  -7   0  -4  -8  -7  -6  -6  -6  -3    0   0   0   0   0   0   0   0   0  11  88   0   2   0   0   0   0   0   0   0  2.12 0.92

                      K         Lambda
Standard Ungapped    0.1364     0.3187
Standard Gapped      0.0404     0.2670
PSI Ungapped         0.1319     0.3176
PSI Gapped           0.0404     0.2670
