
Last position-specific scoring matrix computed, weighted observed percentages rounded down, information per position, and relative weight of gapless real matches to pseudocounts
            A   R   N   D   C   Q   E   G   H   I   L   K   M   F   P   S   T   W   Y   V   A   R   N   D   C   Q   E   G   H   I   L   K   M   F   P   S   T   W   Y   V
    1 M    -2  -2  -3  -4  -2  -1  -3  -3  -2   0   1  -2   8  -1  -3  -2  -1  -2  -2   0    0   0   0   0   0   0   0   0   0   0   0   0 100   0   0   0   0   0   0   0  0.96 0.16
    2 I    -2  -3  -4  -4  -2  -3  -3  -4  -3   4   2  -3   3   2  -3  -3  -1  -2  -1   2    0   0   0   0   0   0   0   0   0  43  20   0  12  14   0   0   0   0   0  10  0.45 0.10
    3 D    -3  -3   1   7  -4  -1   0  -2  -2  -4  -5  -2  -4  -5   1  -1  -2  -5  -4  -4    0   0   4  88   0   0   0   0   0   0   0   0   0   0   7   0   0   0   0   0  1.31 0.21
    4 K    -2  -1  -2  -2  -2   0  -1  -3   1   1   1   1   0   0  -3  -1   1   4   3   0    0   0   0   0   0   6   0   0   4  14  12  17   3   0   0   0  14   9  18   4  0.21 0.08
    5 D    -1  -1   1   3  -4   3   4   0  -1  -4  -3   1  -2  -4  -2  -1  -1  -4  -3  -3    3   0   8  15   0  17  44   6   0   0   0   6   0   0   0   0   0   0   0   0  0.56 0.12
    6 Y    -2  -1  -2  -3  -3   2   0  -3   0  -1   1   0  -1   2  -3  -2  -2   3   5   0    0   0   0   0   0  13   6   0   0   0  15   8   0   4   0   0   0   5  42   6  0.46 0.13
    7 I     0  -3  -4  -4  -2  -3  -3  -4  -4   5   0  -3   0   1  -3  -2  -1  -3  -2   3   10   0   0   0   0   0   0   0   0  63   0   0   0   5   0   0   0   0   0  23  0.56 0.15
    8 A     0  -1   3   3  -4   0   4  -2  -1  -3  -3   1  -3  -3  -2   0  -1  -3   1  -3    7   0  24  18   0   0  37   0   0   0   0   7   0   0   0   0   0   0   7   0  0.50 0.12
    9 E     1  -1   1   0  -3   0   3   2  -1  -3  -3   1  -2  -3  -2   2   0  -3  -3  -2    9   0   6   0   0   0  34  17   0   0   0   7   0   0   0  22   5   0   0   0  0.36 0.09
   10 L    -2  -3  -4  -4  -2  -3  -3  -4  -3   2   3  -1   1   4  -4  -3  -2  -1   0   0    0   0   0   0   0   0   0   0   0  12  52   6   0  29   0   0   0   0   0   0  0.51 0.12
   11 K    -1   4   1  -1  -3   1   0  -2  -1  -1  -1   2  -1  -2  -2  -1  -1  -3   0   1    0  36  10   0   0   4   3   0   0   0   5  20   0   0   0   0   0   0   4  16  0.30 0.09
   12 A     1  -1   1   3  -2   1   3  -2  -1  -2  -1  -1  -2  -3  -2   0   0  -3  -2  -1   17   0   6  27   0   4  25   0   0   0   6   0   0   0   0   4   5   0   0   3  0.32 0.08
   13 L     0  -2  -2  -1  -2  -1   3  -2  -2   1   3  -1   0  -1  -2  -2  -1  -3  -2   0    6   0   0   0   0   0  30   3   0   8  49   0   0   0   0   0   0   0   0   0  0.27 0.10
   14 D     0  -1   1   1  -2   0   2   2  -1  -2  -1  -1  -1   0  -1   0  -1  -2  -1  -2    8   1   7   9   0   4  21  21   0   1   8   1   0   7   1   7   1   0   1   1  0.16 0.04
   15 D     0  -2   1   4  -2  -1   0  -1  -1  -2  -3  -1  -2  -3   3   1   1  -3  -2  -2    6   1   5  42   0   1   1   1   0   1   1   1   0   1  16   9  13   0   0   1  0.49 0.08
   16 N     1   1   0  -1  -2   1   1  -1  -1  -1   0   3  -1  -2  -1   0   0  -3  -2  -1   21   4   3   0   0   8   6   1   0   0  11  32   0   0   0   1   8   0   0   4  0.18 0.06
   17 K     0   3  -1  -2  -3   1   0  -2  -1  -3  -3   4  -2  -2   1   1   0  -3   1  -2   10  16   0   0   0   3   0   0   0   0   0  43   0   0   6  10   5   0   7   0  0.37 0.10
   18 E     0  -1  -1   2  -3   2   5   0   1  -3  -2   0  -2  -3  -2  -1   0  -3  -2  -3    7   0   0   7   0   9  58   9   3   0   3   0   0   0   0   0   5   0   0   0  0.53 0.12
   19 A     3  -2  -1   1  -2   0  -1   1  -2  -3  -3  -1  -2  -3  -2   3   0  -3  -3  -2   44   0   0   9   0   6   0   8   0   0   0   0   0   0   0  33   0   0   0   0  0.41 0.11
   20 K    -2   2  -1  -2  -4   0   0  -3  -2  -4  -4   6  -2  -4  -2  -1  -2  -4  -3  -3    0   4   0   0   0   0   0   0   0   0   0  96   0   0   0   0   0   0   0   0  1.08 0.22
   21 A     2  -2  -1   3  -2  -1   1   0  -2   0  -1   0  -1  -2  -2   0   0  -3  -2   0   30   0   0  23   0   0  11   6   0   8   4   3   0   0   0   4   5   0   0   6  0.19 0.06
   22 K     3   0  -2  -2  -2   0   1   0  -2  -2   0   2   1  -3  -2   0  -1  -3  -2  -1   45   0   0   0   0   0  10   5   0   0   8  26   7   0   0   0   0   0   0   0  0.26 0.10
   23 L    -2  -3  -4  -4  -2  -3  -4  -4  -4   2   4  -3   1   1  -4  -3  -2  -2  -1   1    0   0   0   0   0   0   0   0   0  17  79   0   0   5   0   0   0   0   0   0  0.67 0.14
   24 A     3  -1  -1   1  -2   2   1  -1   1  -1  -2  -1  -1  -3  -2   0  -1  -3  -2   0   46   0   0  11   0  19   8   0   4   3   0   0   0   0   0   0   0   0   0   8  0.28 0.10
   25 E     0  -1   0   4  -3   1   4  -2  -1  -3  -3   1  -2  -4  -2   0   0  -4  -3  -3    6   0   0  26   0   4  42   0   0   0   0  12   0   0   0   4   6   0   0   0  0.56 0.11
   26 Y    -3  -3  -3  -4  -4  -3  -3  -4   0  -2  -1  -3  -2   3  -4  -3  -3   1   8  -2    0   0   0   0   0   0   0   0   0   0   3   0   0   6   0   0   0   0  91   0  1.57 0.25
   27 A     5  -2  -2  -3   3  -2  -2   0  -3  -2  -2  -2  -2  -3  -2   0  -1  -3  -3  -1   90   0   0   0   7   0   0   3   0   0   0   0   0   0   0   0   0   0   0   0  0.77 0.19
   28 E     0   1  -1  -1  -3   3   3  -2  -1  -3  -2   4  -2  -3  -2   0  -1  -3  -2  -2    6   3   0   0   0  15  23   0   0   0   5  42   0   0   0   5   0   0   0   0  0.45 0.11
   29 Q    -1   0   1   0  -3   3   4  -1  -1  -3  -3   1  -2  -3  -2   0   2  -3  -2  -2    0   0   6   0   0  16  39   5   0   0   0  10   0   0   0   5  19   0   0   0  0.43 0.10
   30 F    -3  -3  -3  -4   2  -3  -3  -4   2  -1  -1  -2  -1   6  -4  -3  -3   3   4  -1    0   0   0   0   6   0   0   0   7   0   0   3   0  63   0   0   0   3  12   5  0.83 0.16
   31 G    -1  -2   3   3  -4  -1   1   4  -2  -4  -4  -1  -3  -4  -3  -1  -2  -4  -3  -4    0   0  17  22   0   0  10  51   0   0   0   0   0   0   0   0   0   0   0   0  0.72 0.12
   32 I    -1  -3  -4  -4  -2  -3  -3  -4  -3   4   2  -3   1   1  -3  -2  -1  -3  -1   3    5   0   0   0   0   0   0   0   0  43  14   0   0   9   0   0   0   0   0  29  0.43 0.10
   33 K    -1   1  -1   0  -3   0   2  -2  -2  -2  -3   5  -2  -3  -2   0   1  -4  -3  -1    0   0   0   3   0   0  12   0   0   0   0  62   0   0   0   3  12   0   0   7  0.50 0.14
   34 V    -2  -3  -4  -4  -2  -3  -3  -4  -4   3   4  -3   1  -1  -3  -3  -1  -3  -2   3    0   0   0   0   0   0   0   0   0  16  56   0   0   0   0   0   0   0   0  28  0.54 0.11
   35 K     0   1   1   0  -3   1   0  -2  -1  -3  -3   3  -2  -3   2   2  -1  -3  -2  -2    6   6   6   5   0   6   0   0   0   0   0  39   0   0  10  19   0   0   0   3  0.35 0.09
   36 K    -2   4  -1  -2  -4   0   0  -3  -1  -4  -3   5  -2  -4  -2  -1  -2  -4  -3  -3    0  31   0   0   0   0   0   0   0   0   0  69   0   0   0   0   0   0   0   0  0.91 0.18
   37 N     0   0   5   0  -2   1  -1  -1  -1  -3  -3  -1  -2  -3  -2   1   3  -4  -3  -2    6   5  44   0   0   6   0   0   0   0   0   0   0   0   0   9  31   0   0   0  0.52 0.13
   38 K    -2   1  -1  -2  -3   1   0  -3  -2  -2   1   5   2  -2  -2  -1   0  -3  -2  -2    0   3   0   0   0   3   0   0   0   0  17  62   9   0   0   0   6   0   0   0  0.45 0.14
   39 S     1  -1   0   1  -2  -1  -1  -1  -2  -3  -3   0  -2  -3  -2   4   2  -4  -3  -2    4   0   0   7   0   0   0   0   0   0   0   4   0   0   0  68  17   0   0   0  0.58 0.16
   40 F    -3  -3  -4  -4  -3   0  -3  -4  -2   1   0  -3  -1   7  -4  -3  -2   0   2   0    0   0   0   0   0   7   0   0   0   9   5   0   0  74   0   0   0   0   0   6  0.88 0.17
   41 D    -1  -2   0   5  -4   1   3  -2  -2  -1  -3  -1  -3  -4  -2  -1  -2  -4  -3  -3    3   0   0  58   0   6  25   0   0   7   0   0   0   0   0   0   0   0   0   0  0.78 0.15
   42 N    -1  -1   7   1  -3  -1  -1  -1  -1  -4  -4   0  -3  -4  -3   0   0  -5  -3  -3    5   0  79   6   0   0   0   0   0   0   0   3   0   0   0   3   4   0   0   0  0.97 0.19
   43 I    -2  -3  -4  -4  -2  -2  -3  -4  -3   2   2  -3   8  -1  -4  -3  -2  -3  -2   0    0   0   0   0   0   0   0   0   0   8  18   0  74   0   0   0   0   0   0   0  1.03 0.25
   44 V    -1  -3  -4  -4  -2  -3  -3  -4  -4   4   2  -3   2  -1  -3  -3  -1  -3  -2   4    0   0   0   0   0   0   0   0   0  30  13   0   9   0   0   0   0   0   0  49  0.54 0.13
   45 V     1   0   1  -1  -2   1   2  -2  -1   0  -1   2   1  -3  -2   0   0  -3  -2   0   19   0   8   0   0   6  19   0   0   4   0  19   8   0   0   4   3   0   0   9  0.17 0.07
   46 D    -2  -1   0   5  -4   1   1  -2  -2  -3  -3   2  -3   1  -2  -1  -1  -4  -2  -3    0   0   0  57   0   6   6   0   0   0   0  19   0   8   0   0   3   0   0   0  0.68 0.15
   47 I    -2  -2  -3  -4  -2  -2  -3  -4  -3   2   2   0   1   4  -3  -3  -2  -1   0   1    0   0   0   0   0   0   0   0   0  23  31   9   0  28   0   0   0   0   0   8  0.36 0.11
   48 E     0   0  -1   1  -3   0   3  -2  -1  -2   0   2   1  -2  -2  -1   0  -3  -2  -1    9   0   0   5   0   0  36   0   0   0  17  22   5   0   0   0   7   0   0   0  0.27 0.10
   49 E     2  -1  -1   3  -2   0   3  -2  -1  -1  -3   1  -2  -3  -2   1   1  -3  -3  -2   24   0   0  18   0   0  33   0   0   4   0   6   0   0   0   6   8   0   0   0  0.34 0.10
   50 A     2  -1  -1  -1  -2   1   3  -1   3  -2  -2  -1   1   0  -2  -1  -1  -2   2  -2   27   0   0   0   0   4  32   4  10   0   0   0   7   4   0   0   0   0  12   0  0.27 0.12
   51 L     0  -3  -3  -4  -2  -2  -3  -3  -3   2   3  -3   2   1  -3  -2   0  -2  -1   3    7   0   0   0   0   0   0   0   0   7  37   0   9   4   0   0   4   0   0  31  0.32 0.10
   52 Q     2   0   0   2  -2   0   1   0  -1  -3  -3   2  -2  -3   0   0   1  -3  -3  -2   25   0   3  16   0   3  11   5   0   0   0  23   0   0   3   0  12   0   0   0  0.26 0.09
   53 K     2   0   2   2  -2   0   2  -1  -1  -3  -3   2  -2  -3  -1   1   0  -3  -2  -2   32   0  11  11   0   0  15   0   0   0   0  19   0   0   0   6   3   0   0   0  0.28 0.10
   54 L    -2  -2  -2  -1  -2  -2  -2   0   1   1   3  -1   1   1  -3  -2  -2  -2   1   0    0   0   0   6   0   0   0   8   6   7  51   6   0   4   0   0   0   0   4   5  0.19 0.10
   55 A     3   1  -1  -2  -2  -1   1  -1   3  -1  -2  -1  -1  -2  -2   1  -1  -3  -1   1   45   7   0   0   0   0   9   1  11   0   1   0   0   0   0  10   0   0   0  12  0.26 0.12
   56 S     1  -1   1   1  -2   0   2   0  -1  -2  -2  -1  -2  -3   2   1   0  -3  -2   0   13   0  11  10   0   0  18   4   0   0   1   0   0   0  13  17   0   0   0  10  0.25 0.08
   57 E     1  -1  -1   2  -3   1   5  -2  -1  -1  -2   0  -2  -3  -1  -1  -1  -3  -2  -2   13   1   1   9   0   1  60   1   0   4   2   1   0   1   1   1   1   0   1   1  0.55 0.16
   58 P    -1   0  -1   1  -2  -1  -1   0  -2  -2  -2  -1   1  -3   6  -1  -1  -3  -2   0    1   7   1  11   0   1   1   9   0   1   2   1   6   1  47   1   1   0   1   8  0.75 0.14
   59 M     1  -1  -2  -1  -2   0   1  -2  -2   1   1   1   3  -1   1  -1   0  -2  -2   0   14   1   1   1   0   1  12   1   0  11  14  12  17   1   8   1   5   0   0   1  0.12 0.08
   60 P    -1  -2  -2   1  -3  -1   2  -3  -2  -3  -3  -1  -3  -4   7  -1  -2  -4  -3  -1    5   0   0   7   0   0  18   0   0   0   1   0   0   0  61   0   0   0   0   5  1.27 0.24
   61 E     0  -1   1   2  -3   2   4  -2  -1  -3  -3   1  -2  -3  -2  -1   0  -3   0  -3    7   0   7  12   0   7  47   0   0   0   1   6   0   0   0   0   6   0   4   0  0.48 0.15
   62 T    -1  -2   1   1  -2   0   0   1  -2   1   0  -1  -1  -2  -2   0   2  -3  -2   0    1   0  11   9   0   5   7  15   0  15   6   0   0   0   0   2  22   0   0   6  0.12 0.08
   63 D    -1   0   1   3  -3   0   4  -2  -1  -3  -3   2  -2  -3   1  -1  -1  -3  -2  -3    1   1   5  22   0   1  41   1   0   1   1  18   0   0   6   1   1   0   0   1  0.54 0.15
   64 G     1  -2  -1   1  -2  -1   1   4  -2  -2  -1  -1  -2   0   2  -1  -1  -2  -2  -2   11   1   1   7   0   1  14  37   0   1   8   1   0   6  10   1   1   0   0   1  0.31 0.10
   65 L    -1  -1  -2  -2  -2  -1   1  -2  -2   1   2   0   1   0  -2   0   0  -2  -1   1    1   1   1   1   0   1  13   1   0  12  28   7   4   5   1   7   6   0   0  13  0.10 0.06
   66 S     1  -1  -1  -1  -2  -1   1  -1  -2   0  -2  -1  -2  -2   1   3   2  -3  -2  -1    6   1   1   1   0   1  13   1   0   8   1   1   0   0   8  44  13   0   0   1  0.32 0.13
   67 I     0  -2  -2   1  -2  -2  -1  -3  -2   3   0   0   1  -2   1  -1   1  -3  -2   1    6   0   0  14   0   0   0   0   0  37   0   8   5   0   6   0  15   0   0   7  0.19 0.12
   68 K     1  -1   0  -1  -2  -1   1  -2  -2   0  -1   0  -1   0  -2   2   1  -3  -1   1    9   0   6   0   0   0  10   0   0   6   0   9   0   6   0  20  10   0   0  21  0.11 0.08
   69 D    -2  -2   1   5  -3  -1   2  -2  -2  -2  -3  -1  -2  -3  -2  -1   0  -4  -3   0    0   0   7  53   0   0  17   0   0   0   0   0   0   0   0   0   6   0   0  13  0.65 0.19
   70 L    -2  -2  -3  -3  -2   0   0  -4  -3   2   3  -2   2  -1   0  -2  -1  -3  -2   2    0   0   0   0   0   5   7   0   0   7  40   0   8   0   5   0   0   0   0  27  0.33 0.14
   71 I    -2  -3  -2   1  -2  -2  -2  -1  -3   4   0  -1   0  -2  -3   0   0  -3  -2   1    0   0   0  13   0   0   0   6   0  53   4   4   0   0   0   7   8   0   0   5  0.28 0.16
   72 D    -1   0   2   4  -3   2   1  -2  -1  -2  -1  -1  -2  -3   1  -1   0  -4  -3  -1    4   5  13  30   0  12  10   0   0   0   5   0   0   0   8   0   5   0   0   7  0.33 0.12
   73 A     2   1  -1  -1  -2   1   2  -1  -1  -2  -2   1  -1   0  -2   1  -1  -3  -2   0   30   6   0   0   0   7  17   0   0   0   0  12   0   5   0  13   0   0   0   8  0.21 0.11
   74 A     1  -1  -1   0  -2   1   0  -2  -2  -1   0  -1  -1   0   1   1   2  -2  -1   1   16   0   0   6   0   7   5   0   0   0   6   0   0   6   6  11  20   0   0  15  0.12 0.08
   75 D    -2  -2   0   5  -4   0   3   0  -2  -3  -3  -1  -3  -4   1  -1  -2  -4  -3  -3    1   1   1  51   0   1  28   6   0   1   1   1   0   0   6   1   1   0   0   1  0.79 0.21
   76 A     0  -1  -1   0  -2   1   1  -1   1  -1   0   1   1   0   2   0   0  -2  -1   0    4   1   1   4   0   5  12   5   5   1   7  12   5   5  10   5   7   0   0  13  0.08 0.05
   77 A     1   0   0  -2  -2  -1  -1  -2  -2   1   1   0   1  -2  -2   0   2  -3  -2   2   11   4   4   0   0   0   4   1   0   4  13   4   4   0   0   5  23   0   0  20  0.13 0.09
   78 E     1  -1  -1   3  -3   1   3  -2  -2   0  -3   0  -2  -3  -2   0   0  -4  -3  -2   17   0   0  25   0   3  32   0   0   8   0   5   0   0   0   4   5   0   0   0  0.43 0.18
   79 G    -1  -2   3   1   2  -2  -2   4  -2  -3  -2  -1  -2  -3   0   0  -2  -3   0  -2    0   0  18   6   6   0   0  43   0   0   4   5   0   0   4   5   0   0   4   4  0.45 0.17
   80 L    -1  -1  -2  -2  -2   0  -1  -1  -2   2   1   1   0   0   0  -1   1  -2  -1   2    1   1   1   1   0   5   1   6   0  14  14  13   0   5   5   1  12   0   0  19  0.08 0.07
   81 K    -1   1   2   0  -3   1   0   1  -1  -2  -2   3  -2  -3  -2   0   2  -3  -2  -1    0   5  12   5   0   4   5  10   0   0   4  29   0   0   0   4  17   0   0   4  0.24 0.13
   82 Y     0  -2   1   0  -2   1  -1  -1  -2   1   1  -1   0   0  -2   0   0  -2   0   2    7   0   9   7   0   9   0   4   0  10  15   0   0   4   0   4   6   0   3  22  0.07 0.07
   83 D     0  -3   0   4  -3  -2   0   0  -2  -1  -2  -2  -2   2  -3  -1  -1  -3  -2   1   12   0   3  40   0   0   4   8   0   0   0   0   0  12   0   0   4   0   0  18  0.38 0.19
   84 D    -1  -2   0   3  -3   0   2  -3  -2   0  -2   0  -2   1   3  -1   0  -3  -2  -1    3   0   3  25   0   4  18   0   0  10   0   5   0  10  15   0   4   0   0   3  0.34 0.15
   85 E    -2  -2   0   3  -4   0   5   0  -2  -2  -4   0  -3  -1   2  -1  -2  -4  -3  -3    0   0   4  16   0   0  51   8   0   3   0   3   0   4  11   0   0   0   0   0  0.65 0.25
   86 E    -1  -1  -2  -1  -3   0   4  -3  -2  -1  -2   1  -2  -3  -2   0   1  -3  -2   2    1   0   0   0   0   0  45   1   0   0   1  12   0   0   0   4   8   0   0  24  0.45 0.21
   87 V     1  -2   0  -2  -2  -1   0  -1  -2   0   0  -1   1  -2  -2   0   0  -3  -2   3   15   0   5   0   0   0   8   5   0   0   5   4   5   0   0   8   5   0   0  38  0.15 0.12
   88 N    -1   0   1   2  -3   3   3  -2  -1  -3  -2   2  -2  -3  -2  -1   1  -3  -2  -2    4   0   8  15   0  17  20   1   0   0   4  19   0   0   0   1   9   0   0   1  0.36 0.15
   89 P    -1  -2  -2   0  -3   1   1  -3  -2   2  -2  -1  -2  -3   5   0  -1  -3  -3   0    1   0   0   4   0   9  11   1   0  19   1   0   0   0  37  10   1   0   0   4  0.62 0.20
   90 E     0  -1   1   2  -3   2   4  -2  -1  -3  -3  -1  -2  -3  -2   1   1  -3  -2  -1    4   0   5   9   0   8  41   1   0   0   1   0   0   0   0  15   9   0   0   4  0.44 0.18
   91 A     2  -2  -1  -2  -1   0   0   0  -1   0   0  -1  -1  -1   2   0   1  -2   1   1   24   1   1   1   0   4   6   6   0   4  11   1   0   1  10   1  10   0   8  10  0.11 0.07
   92 A     0  -1  -1  -1  -2   0   0  -2  -2   1   0   1   0  -2   2   1   2  -2  -2   1    4   1   1   1   0   5   4   1   0  13   8  10   3   1  10  13  16   0   0  10  0.12 0.07
   93 L    -1  -1   1   0  -2   0   2  -2  -1  -1   1   0  -1  -1  -2  -1  -1   4   1   0    4   1  10   4   0   4  23   1   0   1  24   8   0   0   1   1   1   7   6   5  0.18 0.12
   94 L     0  -2  -2   0  -2  -1   0  -2  -2   0   2   0   0  -2  -2   0   2  -3  -2   1    9   0   0   5   0   0   5   1   0   0  32   7   0   0   0   5  21   0   0  11  0.16 0.12
   95 I    -1  -2  -2  -3  -2   0  -1  -3  -2   2   1   0   2   1   3  -2   0  -3  -1   2    0   0   0   0   0   5   3   0   0  17  16   7   6   6  15   0   5   0   0  18  0.23 0.11
   96 D    -1   0   0   5  -4   1   2  -2  -2  -4  -4   1  -3  -4  -2   1  -2  -5  -4  -4    5   3   0  51   0   4  12   0   0   0   0  10   0   0   0  15   0   0   0   0  0.76 0.26
   97 S     1  -2  -1   1  -2   1   2  -1  -2  -1  -3  -1  -2  -3  -2   3   1  -3  -3  -1   15   0   0   5   0   4  17   3   0   5   0   0   0   0   0  37   8   0   0   4  0.32 0.18
   98 P     0  -2  -2  -2  -3  -1   2  -3  -2  -3  -2  -2  -3   0   6   1  -1  -3  -3  -3    8   0   0   0   0   0  16   1   0   0   4   0   0   5  48  10   3   0   0   0  0.93 0.25
   99 I     0  -3  -3  -3  -2   0  -1  -3  -3   3   0  -2   0   0  -3  -2   1  -3  -2   3    5   0   0   0   0   5   6   0   0  28   5   0   0   5   0   0  11   0   0  35  0.34 0.18
  100 K     0  -1  -1  -1  -2   1   2  -2   1   0   0   1  -1  -2  -2   0   1  -3  -2   2    4   1   1   1   0   6  16   1   4   5   5  12   0   0   1   5  13   0   0  25  0.14 0.10
  101 S     0  -1   0   3  -3  -1   2   3  -2  -2  -3   1  -2  -3   1   0  -1  -3  -3  -1    5   0   4  22   0   0  15  24   0   0   1   9   0   0   8   3   1   0   0   7  0.32 0.13
  102 D    -1  -2  -1   3  -3   1   3   1  -2  -3  -2  -1  -2  -3   1   1   0  -4  -3  -3    3   0   0  23   0   5  24  12   0   0   4   0   0   0   8  12   8   0   0   0  0.38 0.16
  103 I     0  -1  -2  -2  -2   0   1  -3  -2   1   0   1  -1  -1   3  -1   1  -3  -2   1    7   0   0   0   0   5  13   0   0  10   7  12   0   4  16   0  10   0   0  15  0.19 0.11
  104 K    -1  -1   1   0  -2   0   0  -2  -2   0  -2   2  -1  -3   3   1   0  -3  -2   1    1   0   7   3   0   4   5   1   0   8   1  18   0   0  16  18   5   0   0  13  0.23 0.12
  105 I    -1  -2  -2  -1  -2  -1   0  -2  -2   2   1  -2   1  -2   0  -1   1  -3  -2   3    1   0   0   4   0   3   8   3   0  16   9   0   4   0   4   5   8   0   0  32  0.16 0.11
  106 E    -2  -1   0   2  -3   0   4  -3  -1   0  -1   0  -2  -2  -2  -1   2  -2   1  -1    1   0   4  10   0   0  36   1   0   8   7   5   0   0   0   1  17   0   7   1  0.31 0.17
  107 V    -1  -2   0  -1  -2  -2  -1  -3  -2   2   1  -2   0   1   0  -1   1  -2   1   3    4   0   5   4   0   0   4   1   0  11  13   0   0   6   4   1  10   0   5  32  0.14 0.10
  108 V     1  -2   0   0  -2  -1   0  -2  -2   2   0  -2   1  -2  -2   0   1  -3  -2   2   12   0   4   8   0   0   5   1   0  12   5   0   6   0   0   5  11   0   0  29  0.15 0.11
  109 E    -1  -1  -1   4  -3   2   3  -2  -1  -2  -3  -1  -2  -3   0   1  -1  -3  -3   0    1   1   0  32   0  10  23   1   0   1   1   1   0   0   3  14   1   0   0  11  0.45 0.18
  110 T     0  -1  -1  -1  -2   1   0  -2  -1   0  -1   0  -1   0  -2   1   3  -2   0   1    6   1   1   1   0   9   8   1   0   3   5   5   0   4   1   9  30   0   3  13  0.16 0.11
  111 D    -1  -1   1   4  -3   0   2  -2  -1  -2  -2   0  -2  -3   1   1   0  -3  -2   0    1   1   5  29   0   1  17   1   0   1   1   3   0   1   8  15   5   0   0   8  0.36 0.14
  112 K     0  -1   0   1  -2   1   1   0  -1  -1  -2   1  -2   0  -2   2  -1  -2   1  -1    6   1   3  11   0   7  12   5   0   4   1  11   0   4   1  20   1   0   7   3  0.14 0.09
  113 I     0  -1  -2   0  -2   0   0  -3  -2   2   0   1   0   0  -2  -1  -1  -3  -2   2    9   0   0   5   0   4   6   1   0  21   4  15   0   5   0   1   0   0   0  27  0.15 0.12
  114 P    -1  -1  -1   0  -3  -1   2   2  -2  -3  -3   2  -2  -4   4   0   0  -4  -3  -1    0   0   0   5   0   0  14  17   0   0   0  19   0   0  26   4   5   0   0   7  0.46 0.17
  115 E     1  -1   0   2  -3   1   3   0   0  -1  -2  -1  -2  -3  -2   1   0  -3  -2  -2   12   0   4  14   0   4  33   5   3   3   4   0   0   0   0  10   5   0   0   0  0.31 0.15
  116 N     0  -1   0   0  -2   2   1  -2  -1  -1   0   2  -1  -2  -2   0   1  -2   0   0    8   0   2   3   0  17  12   0   0   0   9  15   0   0   0   4  14   0   5   9  0.16 0.11
  117 T     1  -2   0   0  -2   0  -1  -2  -2   1   0   0  -1  -2   3   0   1  -3  -2   1   20   0   5   5   0   5   0   0   0   9   6   7   0   0  15   4  12   0   0  13  0.20 0.11
  118 D    -1  -2  -2   3  -3   0   2  -3  -2   1  -1   0  -2  -3   4  -1  -1  -4  -3  -1    4   0   0  20   0   4  13   0   0  13   4   7   0   0  28   0   3   0   0   4  0.49 0.18
  119 V    -1  -2  -2   2   2  -1   2  -3  -2   1   0  -1   1  -2   0  -1   0  -4  -3   2    0   0   0  13   6   0  19   0   0  10   5   4   4   0   4   0   8   0   0  27  0.21 0.15
  120 L    -1  -3  -2  -1  -2  -2  -2  -3  -3   2   0  -2  -1   0   2   0   2  -3  -2   3    3   0   0   5   0   0   0   0   0  14   2   0   0   4  10   9  19   0   0  34  0.31 0.18
  121 I     1  -2  -2  -2  -2   0   0  -2  -2   2   0   0  -1   0   1   0   1  -3  -2   2   13   0   0   0   0   5   9   0   0  16   4   7   0   4   6   7  12   0   0  17  0.12 0.10
  122 E     1  -1  -1   1  -3   1   2  -2  -2  -2  -1   0  -1  -3   3   0   1  -4  -3   0   15   0   0  10   0   6  21   0   0   0   7   4   0   0  14   4   9   0   0  10  0.26 0.13
  123 D     1  -1  -1   2  -3   1   3  -2  -2   0  -2   1  -2  -3   1  -1   1  -3  -3   0   12   0   0  16   0   6  23   0   0   7   0  10   0   0   8   0   8   0   0   8  0.26 0.13
  124 T     0  -2  -2  -2  -2   0   0  -3  -3   1   1   0   0  -2  -2  -1   3  -3  -2   2    8   0   0   0   0   4   7   0   0   9  12   5   0   0   0   0  28   0   0  25  0.23 0.15
  125 P    -1  -1   1   1  -2   0   0   0   1  -2  -2   1  -2  -3   3   1   3  -3  -2  -1    1   0   5   8   0   4   4   5   4   0   4  12   0   0  15   7  26   0   0   3  0.27 0.12
  126 F     0  -1   1  -2  -2  -1   0  -2   1   1   0  -1  -1   3   0   0  -1  -2   0   1   11   4  10   1   0   0   8   1   4   9   7   1   0  23   4   5   1   0   0  13  0.10 0.09
  127 V    -1  -2  -1   1  -2  -1   0  -2  -2   0   0   0  -1  -2   1   0   2  -3  -2   2    3   0   0  11   0   0   8   1   0   0   9   4   0   0   6   5  24   0   0  27  0.19 0.13
  128 E    -1  -1  -1   1  -3   2   3  -2   1  -3  -3   2  -2  -4   3  -1   2  -4  -3  -2    4   0   0  10   0  12  20   0   3   0   0  13   0   0  14   0  21   0   0   0  0.42 0.18
  129 E    -1  -2  -1   1  -3   0   3  -1  -1   0  -1  -1   1  -1   0  -1  -1  -2   2   1    4   0   0   9   0   0  32   5   0   5   5   1   5   0   5   1   3   0  10  14  0.19 0.13
  130 K    -1   0   2   2  -3   0   2  -2  -1   0  -1   3  -1  -3  -2  -1   1  -3  -2   0    4   0  10  11   0   0  18   1   0   7   5  25   0   0   0   1   9   0   0   6  0.21 0.12
  131 F     2  -2  -2  -3  -2   0  -1  -2  -2   0   0  -2   2   2   2   0  -1  -2  -1   2   21   0   0   0   0   6   4   0   0   3   9   0   9  12  10   8   0   0   0  18  0.18 0.13
  132 E     1  -1  -1   0  -2   1   3  -2  -2  -1  -2   1   1  -3   0   1   1  -3  -2   0   12   0   0   3   0   4  26   0   0   3   0   9   5   0   4   8  13   0   0  11  0.20 0.12
  133 Q     2  -1  -1  -1  -2   2   3   0  -2   0  -2  -1  -2  -3   0   1   1  -3  -2  -1   20   0   0   0   0  12  25   5   0   8   0   0   0   0   3  14  10   0   0   0  0.28 0.16
  134 A     0  -1  -2  -1  -2  -1   0  -2  -2   1  -2   2  -1  -3   4   0   0  -4  -3   1    8   0   0   3   0   0   5   0   0  12   0  17   0   0  26   7   4   0   0  16  0.37 0.15
  135 V     1  -2  -1  -2  -2  -2  -1  -2  -3   2   1  -1   0  -2  -2  -1   1  -3  -2   3   16   0   3   0   0   0   4   1   0  12  10   3   0   0   0   1  12   0   0  35  0.22 0.13
  136 A     2  -1   0  -1  -2  -1  -1  -1   1   0  -1   1  -1  -2  -1   2   2  -3  -2  -1   26   1   4   1   0   1   1   1   4   8   5  11   0   0   1  18  17   0   0   1  0.20 0.12
  137 E     0  -1   1   2  -2   2   2  -2  -1  -2  -2   1  -2  -3   3   1   1  -3  -2  -1    4   1   6  11   0  16  12   1   0   1   1   7   0   0  14   9  12   0   0   4  0.31 0.11
  138 I     0  -2  -1   0  -2  -1   1   1   1   2  -1  -1  -1   0  -2   1   0  -3  -1   1    9   0   0   4   0   0  13  10   4  24   1   0   0   4   0  13   4   0   0  11  0.10 0.10
  139 I     0   0   1   1  -2   0   0   0  -1   1   0  -1  -1   0   0  -1   0  -2  -1   1    9   4  12   7   0   5   8   6   0  14   8   0   0   6   5   1   4   0   0  10  0.04 0.05
  140 E    -1  -1   1   2  -3   0   4  -1  -2  -2  -3   0  -2  -3   2   0   0  -3  -3   0    1   0   5  15   0   0  37   5   0   0   1   4   0   0   9   6   4   0   0  10  0.39 0.17
  141 S     1   0   1   1  -2   1   1   2  -1  -3  -3   0  -2  -3   1   2   0  -3  -2  -2   18   5   7   6   0   5   8  15   0   1   1   5   0   0   5  17   6   0   0   1  0.21 0.08
  142 E    -1   0   0   1  -3   0   4  -1  -1  -2  -2   1  -2  -3   0  -1   0  -3  -2   0    1   4   5   6   0   1  42   5   0   1   1  11   0   1   5   1   5   0   0  11  0.36 0.16
  143 K     1   0   0  -1   1   0   0  -2  -1  -1  -1   1  -1  -2   0   0   1  -2   0   0   17   5   3   1   5   0   8   1   0   1   6  16   0   0   4   5  14   0   4  10  0.10 0.08
  144 P     0  -2  -1   2  -3  -1   1   0  -2  -3  -2   1  -2  -3   5   0  -1  -3  -3  -2    6   1   1  16   0   1   9   6   0   1   5   8   0   1  34   9   1   0   0   1  0.57 0.16
  145 S     0  -1  -1   1  -2   0   1  -1  -1   0   0   1   0  -1   0   0  -1  -2   0   0    9   1   1  13   0   1   9   5   0   5  14  11   3   1   4   8   1   0   5   8  0.05 0.04
  146 V     0  -1  -2  -1  -2  -1  -1  -2  -2   1   1   0   2  -1  -2   0  -1  -2   0   2    8   1   1   4   0   1   1   1   0  10  17  10   7   1   1  10   1   0   5  22  0.10 0.08
  147 F     1  -2   0  -1  -2  -2  -2  -2   1   1   0  -2  -1   4   0  -1   0  -1   3   1   13   1   4   4   0   0   1   1   5   9   5   1   0  24   5   1   5   0  12   9  0.18 0.11
  148 T    -1  -1  -1   0   2   0   1  -2   1   0  -1  -1  -1  -2   3   1   0   2   0   0    1   1   0   4   6   3  12   1   5   5   5   3   0   0  15  13   6   3   5  12  0.16 0.08
  149 L    -2  -3  -3   1  -3  -2   0  -4   1   1   4  -3   0   1  -3  -3  -2   4  -1   0    0   0   0  10   0   0   7   0   5   5  56   0   0   4   0   0   0   6   0   3  0.42 0.20
  150 P    -2  -3  -3  -3  -4  -2  -2  -1  -3  -3   1   0  -2  -3   7  -2  -2  -4  -3  -3    1   0   0   0   0   0   0   6   0   0  17   5   0   0  67   1   0   0   0   0  1.47 0.34
  151 E    -2  -1   2   2  -4   0   3  -2  -2  -3  -3   2  -3  -4   3  -1   0  -4  -3  -1    0   0  10  12   0   0  30   0   0   0   0  20   0   0  14   0   6   0   0   5  0.48 0.19
  152 N    -2  -2   4   4   0  -2  -1   3  -2  -4  -4  -2  -3  -4  -2   0  -2  -4  -3  -3    1   0  23  34   3   0   1  29   0   0   1   1   0   0   0   4   1   0   0   1  0.68 0.22
  153 F    -3  -3  -3  -3  -3  -3   1  -4  -2  -2  -1  -3  -2   7  -4  -3  -3  -1   4  -2    1   0   0   1   0   0  10   1   0   0   1   1   0  69   0   1   1   0  13   1  1.20 0.34
  154 S     0   2  -1  -2  -2  -1  -1  -2  -2  -2   0   1  -1  -2  -2   3   1  -3   0  -1    5  15   0   1   0   0   1   1   0   0  11   9   0   0   0  39   8   0   3   5  0.26 0.16
  155 P    -2  -3  -3  -3  -4  -3  -3  -3  -3  -4  -4  -3  -4  -4   8  -2  -3  -4  -4  -4    1   0   0   1   0   0   1   1   0   0   1   1   0   0  91   1   1   0   0   1  2.41 0.47
  156 N    -1  -1   1  -2   3  -1  -1  -1   2  -2  -2   1  -2  -2  -2   0   4  -2   2  -2    1   0   5   1   8   0   1   4   7   0   1  14   0   0   0   5  40   0  10   1  0.38 0.20
  157 L    -2  -3  -3  -3  -2  -3  -3  -3  -2   3   2  -3   1   3  -3  -1  -1  -2   1   2    1   0   0   1   0   0   1   1   0  26  16   1   4  20   0   6   1   0   4  19  0.34 0.14
  158 Q    -1   0   2  -1   2   1   1  -2   3   0   0  -1   0  -2  -2   1  -1  -2   1   1    1   5  14   1   6   5   9   1  13   4   7   1   4   0   0  11   1   0   5  14  0.12 0.10
  159 L    -2  -3  -4  -4  -3  -2  -3  -4  -3   0   4  -1   4  -1   3  -3  -2  -3  -2  -1    0   0   0   0   0   0   0   0   0   0  58   3  17   0  18   0   0   0   0   0  0.72 0.27
  160 I    -2  -3  -3  -4  -2  -3  -3  -4  -3   4   3  -3   5  -1   0  -3   0  -3  -2   1    0   0   0   0   0   0   0   0   0  32  26   0  25   0   5   0   5   0   0   4  0.55 0.23
  161 G    -1  -3  -2   0  -4  -3  -3   6   2  -5  -4  -3  -4  -4  -1  -2  -3   3  -3  -4    0   0   0   5   0   0   0  77   7   0   0   0   0   0   3   0   0   5   0   0  1.22 0.33
  162 K     0   4   0   0  -3   0  -1   0   1  -3  -3   2  -2  -3   3   0  -1  -3   0  -3    5  30   4   5   0   0   0   5   5   0   0  17   0   0  18   6   0   0   4   0  0.42 0.10
  163 N     1   0   1  -1  -2  -1  -2   3   2  -1  -2  -1  -2  -2  -2   1   1  -3   0  -1    9   5  11   0   0   0   0  32   8   5   0   0   0   0   0   9  11   0   5   6  0.25 0.08
  164 L    -1   1   2  -1  -3   1   1  -2  -1  -3  -2   0  -2  -3   5   1   0  -3   0  -3    0   8  11   0   0   5  11   0   0   0   3   4   0   0  32  17   3   0   5   0  0.54 0.11
  165 G     2  -2   0  -2  -2   0  -2   5  -2  -4  -4  -2  -3  -4  -2   1  -1  -3  -3  -3   24   0   4   0   0   5   0  52   0   0   0   0   0   0   0  14   0   0   0   0  0.68 0.14
  166 F    -3  -3  -3  -4  -4  -3  -3  -4   3  -2  -2  -3  -2   5  -4  -3  -3   1   7  -2    0   0   0   0   0   0   0   0   7   0   0   0   0  25   0   0   0   0  68   0  1.44 0.25
  167 C     0  -3  -3  -4   4  -2  -3  -3  -1   2   1  -3  -1   0  -3  -2   0  -1   4   2   11   0   0   0  12   0   0   0   0  17   9   0   0   0   0   0   7   0  29  15  0.36 0.11
  168 T    -2  -2   4  -1  -3  -1  -2  -2   1  -3  -3  -2  -2  -2   2   0   3   6  -1  -2    0   0  27   0   0   0   0   0   5   0   0   0   0   0  11   5  34  17   0   0  0.69 0.17
  169 V    -1  -3  -4  -4   6  -3  -4  -4  -4   2   3  -3   0  -1  -4  -2  -2  -3  -2   2    4   0   0   0  24   0   0   0   0  10  49   0   0   0   0   0   0   0   0  13  0.61 0.14
  170 P    -1  -3   0  -2  -3  -2  -2   2  -3  -4  -4  -2  -3  -4   7   1  -2  -4  -4  -3    0   0   5   0   0   0   0  19   0   0   0   0   0   0  61  16   0   0   0   0  1.34 0.20
  171 W    -4  -4  -4  -5  -4  -3  -4  -4  -1  -3  -2  -4  -2   3  -5  -4  -3  10   6  -3    0   0   0   0   0   0   0   0   0   0   0   0   0  10   0   0   0  46  43   0  2.01 0.28
  172 W    -4  -5  -6  -6  -4  -4  -5  -4  -4  -4  -3  -5  -3  -1  -6  -5  -4  12   0  -5    0   0   0   0   0   0   0   0   0   0   0   0   0   0   0   0   0 100   0   0  3.76 0.45
  173 I    -2  -4  -4  -4  -2  -4  -4  -5  -4   5   0  -4   0  -1  -4  -3  -1  -4  -2   4    0   0   0   0   0   0   0   0   0  68   0   0   0   0   0   0   0   0   0  32  0.85 0.20
  174 Y    -2  -2   1  -3  -3  -2  -2  -3   4   0   1  -2   3   1  -4  -2  -2   4   5  -1    0   0   8   0   0   0   0   0  16   6  13   0  16   4   0   0   0   7  30   0  0.51 0.15
  175 Q    -3  -2   0   7  -5   1   1  -3  -2  -4  -5   0  -4  -5  -3  -1  -2  -5  -4  -4    0   0   0  84   0   7   6   0   0   0   0   3   0   0   0   0   0   0   0   0  1.32 0.24
  176 W    -1  -3  -4  -3  -4  -2   2  -4  -3  -4  -3  -3  -3   2  -4  -3  -3  11   0  -4    5   0   0   0   0   0  18   0   0   0   0   0   0   9   0   0   0  69   0   0  2.20 0.32
  177 I    -2  -4  -4  -4  -2  -4  -4  -5  -4   6   1  -4   3  -1  -4  -3  -2  -4  -2   1    0   0   0   0   0   0   0   0   0  89   0   0  11   0   0   0   0   0   0   0  1.03 0.25
  178 A     0   0  -1  -1  -2   4   1  -2  -1  -1   0   2  -1  -2  -2   0   0  -3  -2   0    5   0   0   0   0  31  11   0   0   0  13  16   0   0   0   3   7   0   0  12  0.25 0.10
  179 E     0   0   2   0  -3   3   4  -2  -1  -4  -3   2  -2  -4  -2   1  -1  -3  -3  -3    7   0  10   0   0  23  39   0   0   0   0  15   0   0   0   7   0   0   0   0  0.55 0.14
  180 T    -2  -2   5  -1  -3   0  -1   3   2  -4  -4  -1  -3  -4  -3   0   2  -4  -3  -3    0   0  48   0   0   5   0  25   7   0   0   0   0   0   0   0  15   0   0   0  0.67 0.17
  181 P    -2   2  -2  -2  -4   1   1  -3  -2  -4  -4   3  -3  -4   6  -1  -2  -4  -3  -3    0  10   0   0   0   5  12   0   0   0   0  23   0   0  50   0   0   0   0   0  1.09 0.18
  182 D    -1  -2   2   6  -4   0   2  -2  -2  -4  -4  -1  -3  -4  -2  -1   0  -5  -3  -3    7   0  12  61   0   4  10   0   0   0   0   0   0   0   0   0   7   0   0   0  0.83 0.17
  183 W    -4  -5  -6  -6  -4  -4  -5  -4  -4  -4  -3  -5  -3  -1  -6  -5  -4  12   0  -5    0   0   0   0   0   0   0   0   0   0   0   0   0   0   0   0   0 100   0   0  3.76 0.45
  184 K    -2   2  -1  -2  -4   0   0  -3   0  -3  -3   5   0  -3   0   0  -2  -3   0  -3    0   7   0   0   0   0   0   0   2   0   0  72   4   0   4   6   0   0   5   0  0.71 0.20
  185 S     1  -1  -1   1  -2   0   1  -2  -2   0  -2   0  -1  -3  -2   2   3   2  -2  -1    9   0   0   7   0   3  11   0   0   9   0   8   0   0   0  21  27   4   0   0  0.24 0.09
  186 H    -1   2   2   3  -3   0   2  -2   1  -1  -3   2  -2  -3  -2  -1  -1  -3   0  -2    5  10  12  21   0   0  15   0   3   8   0  22   0   0   0   0   0   0   4   0  0.30 0.09
  187 P    -1  -3  -2   1  -3  -2  -2  -3  -3   2  -1  -2  -1  -3   6  -2   0  -4  -3   0    3   0   0   9   0   0   0   0   0  25   1   0   0   0  48   0   5   0   0   5  0.85 0.15
  188 T     0  -1   2   2  -2  -1   1  -2   2  -2  -2  -1   0  -2   2   0   1  -3   0   0    9   0  11  19   0   0   7   0   8   0   1   0   5   0  12   0  13   0   4   7  0.22 0.07
  189 S     1   0   2   2  -2   1   2  -1  -1  -3  -3   0  -2  -3  -2   2   0  -3  -2  -2   10   4  12  15   0   9  12   0   0   0   0   4   0   0   0  28   4   0   0   0  0.32 0.08
  190 F    -1  -3  -2  -1   5  -2  -2  -3   1   1  -1  -2  -1   4  -3   1  -1  -1   3  -1    0   0   0   5  22   0   0   0   4  10   0   0   0  24   0  19   0   0  13   0  0.38 0.12
  191 E     0  -2  -2  -1  -3  -1   2  -3   1  -3  -3   1  -3  -4   6  -1   1  -4  -3  -3    9   0   0   0   0   0  17   0   4   0   0  10   0   0  48   0  12   0   0   0  0.94 0.16
  192 H    -2   2   1   1  -3   0   0  -2   6  -3  -3  -1  -2  -1   0  -1  -2   4   3  -3    1  17   9  10   0   0   4   1  30   0   1   1   0   0   5   1   1   7  12   1  0.48 0.12
  193 A     2  -2  -2  -2   2  -1   0   0  -1  -2  -2  -1  -2   1   3  -1  -1   2   3   0   23   0   0   0   7   0   8   7   0   0   0   4   0   4  15   0   0   3  19   7  0.26 0.11
  194 S    -1   0  -1  -2  -3   1   0  -2   3  -2   0   2  -1  -1   0   1  -1  -1   4  -1    0   4   0   0   0   7   3   0  11   0   9  18   0   0   4  19   0   0  21   4  0.24 0.13
  195 A     1  -2   0   4   1  -1   1   1   4  -2  -3  -1  -2  -3  -2  -1  -1  -3  -2  -2   19   1   1  31   5   0   8  11  17   1   1   1   0   0   1   1   1   0   0   3  0.34 0.12
  196 H    -1   2  -1  -2  -3   0  -1  -2   5   1  -1   2  -1  -1  -2   0  -1  -2   1   0    1  16   1   1   0   0   1   1  27  13   5  16   0   0   1   8   1   0   4   5  0.28 0.12
  197 Q     0   1   1   2  -2   2   1  -1  -1  -2  -2   2  -2  -2   0   0  -1  -2   1  -2    9   8   7  18   0  10   5   1   0   1   1  19   0   1   5   1   1   0  10   1  0.22 0.08
  198 T    -1  -2  -1   0  -2  -2  -1  -2  -2   1   0  -2   0   2  -2   0   3  -2  -1   1    1   1   1   8   0   1   1   1   0   7  10   1   0  14   1   1  39   0   1  13  0.21 0.11
  199 L    -2  -3  -3  -3  -2  -2  -3  -3  -3   2   4  -3   1  -1  -3  -3  -1  -2  -2   2    1   1   1   1   0   0   1   1   0   9  67   1   0   0   1   1   1   0   0  16  0.52 0.16
  200 F     0   0  -1  -2  -2   1  -1  -2  -1   0   0   3  -1   1  -2  -1  -1  -1   3  -1   12   1   1   1   0  10   1   1   0   7  11  31   0   5   1   1   1   0  17   1  0.19 0.11
  201 S     0  -1   0   1  -2  -1  -1  -1  -2  -2  -3   1  -2  -3  -1   4   3  -3  -2  -2    1   1   1   7   0   0   1   1   0   1   1  10   0   0   1  51  23   0   0   1  0.46 0.17
  202 L    -2  -3  -4  -4  -2  -2  -3  -4  -3   2   4  -3   4   0  -3  -3  -1  -2  -2   2    0   0   0   0   0   0   0   0   0   9  55   0  22   0   0   0   0   0   0  14  0.56 0.12
  203 I     0  -3  -3  -3  -2  -2  -3  -3  -3   3   2  -2   3  -1  -3  -2   1  -3  -2   2    8   0   0   0   0   0   0   0   0  32  30   0  10   0   0   0   9   0   0  10  0.33 0.09
  204 Y    -2  -2  -2  -3  -3  -2  -2  -3   2  -2  -2  -1  -2   2  -3  -2   0   3   7  -2    1   1   0   1   0   0   1   1   5   1   1   5   0   4   1   1   8   3  66   1  0.89 0.16
  205 Y     0  -2  -3  -3  -3  -2  -2  -3   0  -2  -2  -2   1   2  -3  -2  -2   1   7  -2   10   1   0   1   0   0   1   1   0   1   1   1   5   3   1   1   1   0  73   1  1.00 0.18
  206 I    -2  -3  -3  -3  -2  -3  -3  -4  -3   5   1  -3   0  -1   1  -2  -1  -3  -2   2    1   1   0   1   0   0   1   1   0  78   1   1   0   0   8   1   1   0   0   6  0.61 0.14
  207 N     0   2   2   1  -3   2   2  -2  -1  -3  -3   3  -2  -4  -2   0  -1  -3  -2  -3    9   7  12   9   0  11  16   0   0   0   0  36   0   0   0   0   0   0   0   0  0.42 0.09
  208 R    -2   4  -1   2  -3   1   0  -3  -1   0  -2   2  -1  -3  -2  -1  -1  -4  -2   0    0  43   0  15   0   5   0   0   0   8   0  17   0   0   0   0   0   0   0  12  0.42 0.11
  209 D     0  -2   2   5  -3   0   1  -2   1  -3  -3  -1  -3  -2  -2   0  -1  -2   3  -3    9   0  11  51   0   4   3   0   4   0   0   0   0   0   0   3   0   0  15   0  0.58 0.13
  210 G    -1  -2  -1  -2  -3  -2  -2   5  -2  -4  -4  -1  -3  -3   2   0  -2  -3  -3  -3    1   0   0   0   0   0   0  74   0   0   1   4   0   0  12   4   0   0   0   0  0.95 0.14
  211 S    -1   0   0   1  -2   2   2  -2  -1  -3  -2   2  -2  -1  -1   2   0  -2   0  -2    1   0   0  10   0  15  16   1   0   0   1  18   0   3   0  26   4   0   5   0  0.27 0.07
  212 V    -1  -3  -3  -3   4  -3  -3  -3  -3   2   0  -3   0   1  -3  -2  -1  -3  -1   5    1   0   0   0  14   0   0   1   0   3   1   0   0   7   0   1   0   0   0  69  0.53 0.14
  213 L    -1   2  -1   2  -2   1   0  -2  -1  -1   1   1   1  -2  -2  -1   1  -2  -2   0    4  17   0  16   0   7   0   1   0   0  24   6   6   0   0   1  14   0   0   3  0.13 0.05
  214 I    -1  -3  -4  -4  -2  -3  -3  -4  -4   4   1  -3   3  -1  -3  -3  -1  -3  -2   4    0   0   0   0   0   0   0   0   0  34   4   0   9   0   0   0   0   0   0  52  0.58 0.14
  215 R    -2   6  -1  -2  -4   4   0  -3  -1  -4  -3   1  -2  -4  -3  -1  -2  -3  -3  -3    0  68   0   0   0  32   0   0   0   0   0   0   0   0   0   0   0   0   0   0  1.05 0.20
  216 E    -2  -1  -1   0  -5   1   6  -3  -1  -4  -4   0  -3  -4  -2  -1  -2  -4  -3  -4    0   0   0   0   0   0 100   0   0   0   0   0   0   0   0   0   0   0   0   0  1.34 0.24
  217 T     0  -2   0  -1  -2  -1  -1  -2  -2  -2  -3  -1  -2  -3  -2   4   4  -4  -3  -2    0   0   0   0   0   0   0   0   0   0   0   0   0   0   0  55  45   0   0   0  0.72 0.18
  218 R    -2   7  -1  -3  -5   0  -1  -3  -1  -4  -3   2  -2  -4  -3  -2  -2  -4  -3  -4    0  94   0   0   0   0   0   0   0   0   0   6   0   0   0   0   0   0   0   0  1.35 0.23
  219 N    -3  -2   7   0  -4  -1  -1  -2   2  -4  -5  -1  -3  -4  -3  -1  -1  -5  -3  -4    0   0  94   0   0   0   0   0   6   0   0   0   0   0   0   0   0   0   0   0  1.39 0.25
  220 S     0  -2  -1  -1  -2  -1  -2   4  -2  -4  -4  -1  -3  -4  -2   4   0  -4  -3  -3    0   0   0   0   0   0   0  39   0   0   0   0   0   0   0  61   0   0   0   0  0.76 0.17
  221 S    -1   4  -1  -1  -3   2   1  -2  -1  -3  -3   1  -2  -2  -2   2  -1  -2   2  -3    0  39   0   0   0  15   8   0   0   0   0   4   0   0   0  24   0   0  10   0  0.46 0.11
  222 F    -3  -3  -4  -4  -3  -4  -4  -4  -2   3   0  -4   0   6  -4  -3  -2   0   4   0    0   0   0   0   0   0   0   0   0  28   0   0   0  57   0   0   0   0  16   0  0.84 0.15
  223 V    -1  -2  -2  -1  -2  -2  -1  -3   4   3  -1  -2  -1   0  -3  -2  -1  -1   4   2    3   0   0   4   0   0   3   0  21  26   0   0   0   0   0   0   0   0  20  23  0.33 0.10
  224 T    -1   0  -1   0  -2  -1  -1  -3   1   1  -1   2  -1  -2  -2   0   3  -3  -2   1    0   3   0   4   0   0   0   0   6  12   0  21   0   0   0   0  36   0   0  18  0.21 0.08
  225 L    -2  -3  -4  -4  -2  -3  -4  -4  -3   3   4  -3   1   3  -4  -3  -2  -2   0   1    0   0   0   0   0   0   0   0   0  21  59   0   0  20   0   0   0   0   0   0  0.51 0.08
  226 K    -1   2   0   0  -3   1   2  -2  -1  -3  -3   5  -2  -3  -1   0  -1  -3  -2  -3    0   0   0   0   0   0  18   0   0   0   0  82   0   0   0   0   0   0   0   0  0.58 0.04

                      K         Lambda
Standard Ungapped    0.1322     0.3130
Standard Gapped      0.0384     0.2670
PSI Ungapped         0.1255     0.3172
PSI Gapped           0.0384     0.2670
