
Last position-specific scoring matrix computed, weighted observed percentages rounded down, information per position, and relative weight of gapless real matches to pseudocounts
            A   R   N   D   C   Q   E   G   H   I   L   K   M   F   P   S   T   W   Y   V   A   R   N   D   C   Q   E   G   H   I   L   K   M   F   P   S   T   W   Y   V
    1 M    -3  -4  -4  -5  -4  -3  -4  -5  -4  -1   0  -3  10  -2  -5  -4  -3  -4  -3  -1    0   0   0   0   0   0   0   0   0   0   0   0 100   0   0   0   0   0   0   0  2.19 0.54
    2 S     2  -2  -1  -2  -2  -2  -2  -2  -3  -2  -2  -2  -2  -3   3   3   3  -4  -3  -2   18   1   0   0   0   0   0   0   0   0   4   0   0   0  15  32  30   0   0   1  0.55 0.23
    3 K    -3  -2   1   6  -4  -1   2  -3  -2  -2  -2   0  -3  -4  -3   0   0  -5  -4  -3    0   0   5  61   0   0  14   0   0   3   4   5   0   0   0   4   4   0   0   0  0.91 0.28
    4 I    -1  -3  -1  -3  -2  -2  -3  -3  -3   5   2  -3   0  -1  -2  -1   1  -3  -2   2    5   0   4   0   0   2   0   0   0  49  16   0   1   0   1   3   8   0   0   8  0.39 0.18
    5 I    -1  -2   0   0  -2  -2  -1  -3  -2   1   0  -2   4  -2  -2   1   3  -3   0   1    3   0   4   4   0   0   4   1   0  10   5   0  19   0   0   8  29   0   3   7  0.28 0.19
    6 P     3  -2   0  -2  -1   0  -2  -2  -2  -2  -3  -2  -2  -2   5   0   2  -3  -1  -1   31   0   4   2   1   4   1   1   0   0   1   1   0   2  28   3  16   0   2   3  0.55 0.22
    7 N    -3  -2   7   2  -4   0  -2  -2  -2  -4  -3  -2  -3  -1  -3   1   0  -4  -3  -4    0   0  61  12   0   4   0   0   0   0   3   0   0   3   0   9   5   0   0   0  1.02 0.37
    8 I    -1  -3  -3  -4  -2  -3  -3  -4  -3   4   0  -3   0   1  -3  -1   0  -3   2   4    2   0   0   0   0   0   0   0   0  29   3   0   1   4   0   4   6   0   8  40  0.52 0.24
    9 V     0  -3   0  -3  -2  -2  -3  -3  -3   1   2  -2   1  -2   2  -1   0  -3  -2   3    9   0   5   0   0   1   1   1   0   6  23   0   4   0  11   3   5   0   0  30  0.28 0.18
   10 V    -2  -4  -4  -4  -3  -4  -4  -3  -4   4   1  -3  -1  -2  -4  -2  -2  -4  -3   5    0   0   0   0   0   0   0   2   0  26  11   2   0   0   0   3   0   0   0  53  0.85 0.38
   11 S     0   0   0  -1  -2   1  -1   0   0  -2  -1   0  -2  -1  -2   3   2  -3  -2  -1    7   4   4   2   0   5   3   6   2   2   4   5   0   4   1  33  12   0   0   5  0.22 0.19
   12 M    -1  -2   3  -2  -3   1  -2  -2  -2   1   1  -2   5   0  -1   0   0  -3  -2   0    3   0  18   0   0   6   0   1   0  10  11   0  25   3   3   9   3   0   1   4  0.34 0.27
   13 P    -2  -4  -4  -2  -5  -1  -3  -4  -4  -5  -5  -3  -5  -6   8  -2  -2  -6  -5  -5    2   0   0   2   0   3   0   0   0   0   0   0   0   0  85   2   2   0   0   0  2.38 0.70
   14 T     0  -1  -1  -1  -3  -2  -1  -3  -2   0  -2  -2  -1   3  -1   3  -1  -2   3   0    7   4   2   3   0   0   4   0   0   6   1   1   1  14   3  32   1   0  15   7  0.30 0.26
   15 Q    -1   0   0   1  -4   4   2  -2   0  -4  -3   0  -1  -4   3   0   0  -4  -3  -3    4   3   4   6   0  30  15   2   1   0   2   4   2   0  14   5   4   0   0   1  0.49 0.28
   16 L    -2  -2  -3  -4  -3   0  -3  -4  -3   1   2  -3   2   2   2  -2  -2  -3   2   2    1   2   1   0   0   7   0   0   0   7  28   0   6   8   9   2   0   0   7  21  0.34 0.24
   17 F    -4  -5  -5  -6  -4  -5  -5  -5   0   2   0  -5  -2   7  -6  -2  -4   3   2  -1    0   0   0   0   0   0   0   0   3  12   6   0   0  64   0   4   0   4   6   2  1.42 0.54
   18 T     0  -3   1  -3  -3  -1  -2  -3  -3  -1  -1  -2  -1   0   1   1   5  -4  -2  -1    8   0   7   0   0   2   0   0   0   3   6   0   1   4   7   8  49   0   1   2  0.54 0.34
   19 L    -1  -1   1   3  -3  -1  -1  -2  -3   0   2  -2   4   1  -3  -1  -1  -3  -1   0    4   3   6  23   0   3   2   2   0   5  19   0  17   5   0   2   2   0   2   6  0.27 0.23
   20 R     2   0  -1   0  -3  -2  -2   0  -3  -1   0  -2  -2  -2   5   0  -1  -4  -3  -1   22   5   2   6   0   0   0   6   0   4   9   0   0   1  30   7   2   0   0   4  0.48 0.26
   21 R    -1   4   2   2  -4  -1   0  -2   1  -3  -3   0  -3  -3  -1   0   1  -3   1  -3    3  31   9  14   0   1   5   2   4   0   2   2   0   0   3   6   9   0   8   1  0.38 0.25
   22 K     0   1   0   0  -3   2   1  -1  -2  -3  -2   2  -2  -1  -2   3   1  -3  -2  -2    4   6   2   4   0   8   7   4   0   0   3  14   0   3   0  34   7   0   0   2  0.31 0.22
   23 F    -2  -1  -3  -4  -4  -4  -4   4  -3  -3  -1  -4  -3   7  -2  -2  -3  -2  -1  -3    2   5   0   0   0   0   0  33   0   0   4   0   0  49   2   3   0   0   0   0  1.05 0.46
   24 Q     0   1   1   0  -3   1   1  -1  -2  -3  -2   3  -2  -3  -2   1   0   5  -2  -3    7   7   8   3   0   6   6   4   0   0   3  28   0   0   0  10   3  11   0   0  0.35 0.20
   25 A     3   0  -2  -2  -2   1  -1   1  -2   0  -2  -1   1  -3   2   0   0  -3  -3   0   34   7   0   0   0   9   0   9   0   5   1   0   5   0  10   7   5   0   0   7  0.24 0.18
   26 C     0  -2   1   1   3  -2  -2   0  -2   1   0  -2   2  -1  -3   0   1  -2   1   0    8   0   8   8   8   0   0   8   0   8   8   0   8   0   0   8   8   0   8   8  0.10 0.13
   27 S     0  -1   1   1  -3   1   1  -2  -1   0  -2   0  -1   1   1   0   1  -2   1   0    8   0   8   8   0   8   8   0   0   8   0   8   0   8   8   8   8   0   8   8  0.11 0.13
   28 N    -1  -2   6   1  -4  -1   0   3  -1  -5  -4  -1  -4  -5  -4  -1  -2  -5  -4  -5    3   1  60   5   0   2   5  21   1   0   1   1   0   0   0   0   0   0   0   0  1.05 0.33
   29 G     0  -4  -3  -3  -4  -4  -4   7  -4  -2  -5  -4  -4  -1  -4  -2  -4  -4  -4  -4    5   0   0   0   0   0   0  89   0   3   0   0   0   3   0   0   0   0   0   0  1.67 0.40
   30 K    -1   1   0  -2  -4   1   0  -1   0  -3  -2   4  -2  -1  -3   0  -1  -3   3  -3    3   6   3   0   0   6   3   4   1   0   3  44   0   3   0   8   3   0  13   0  0.43 0.20
   31 I    -1  -4  -5  -5  -3  -4  -2  -5  -5   6   1  -4   1   0  -4  -4  -2  -4  -3   3    3   0   0   0   0   0   3   0   0  65   6   0   2   3   0   0   0   0   0  18  0.92 0.30
   32 Y    -4  -4  -4  -5  -5  -4  -4  -5   0  -4  -3  -4  -3   4  -5  -2  -4   5   9  -4    0   0   0   0   0   0   0   0   1   0   0   0   0  12   0   3   0   7  77   0  2.02 0.48
   33 I    -2  -5  -5  -5   0  -5  -5  -5  -5   6   0  -5  -1   1  -5  -4  -2  -4  -3   3    1   0   0   0   2   0   0   0   0  65   4   0   0   6   0   0   0   0   0  21  1.09 0.35
   34 G    -2  -5  -3  -4  -5  -4  -4   7  -4  -6  -6  -4  -5  -6  -4   0  -4  -5  -5  -6    0   0   0   0   0   0   0  94   0   0   0   0   0   0   0   6   0   0   0   0  1.99 0.48
   35 K     0   0   0  -2  -3   2   2  -3  -2  -1   0   4  -2  -3  -3  -1   1  -4  -2   0    5   1   5   0   0   9  14   0   0   3   9  36   0   0   0   2   8   0   1   6  0.33 0.19
   36 S     1  -3  -2  -4  -3  -2  -3  -4  -4   4  -1  -2   0  -2   4  -1  -1  -4  -1   2   12   0   2   0   0   2   0   0   0  36   1   1   1   0  25   3   2   0   3  13  0.58 0.24
   37 N    -3  -3   3   6  -5  -2   0   2  -3  -5  -5  -3  -5  -5  -4  -1  -1  -5  -1  -5    0   0  16  56   0   0   2  19   0   0   0   0   0   0   0   2   3   0   3   0  1.10 0.37
   38 T     0   0  -2  -1   0   1  -1  -1  -2  -2   0   1  -1  -3  -3   1   4  -3  -1  -2    8   5   0   2   3   7   2   3   0   0  11  12   1   0   0   7  38   0   3   0  0.31 0.21
   39 D    -1  -4   2   7  -5  -3  -1  -3  -3  -5  -5  -3  -5  -5  -1  -1  -3  -6  -1  -3    5   0  11  75   0   0   0   0   0   0   0   0   0   0   2   2   0   0   3   2  1.47 0.46
   40 P     1  -5  -5  -4  -5  -4  -4  -5  -5  -5  -5  -4  -5  -6   8  -3  -4  -6  -6  -5   11   0   0   0   0   0   0   0   0   0   0   0   0   0  89   0   0   0   0   0  2.60 0.62
   41 T    -1  -2  -2  -2  -2   2   0  -3  -2   0   0   0   0  -2  -2   1   3  -3  -1   2    3   0   0   0   0  16   6   1   0   6   6   3   2   0   0   9  25   0   2  19  0.24 0.17
   42 I    -1  -1   3   0  -2   0  -1  -2  -1   2   0  -1  -1  -1   0  -1   0  -3  -1   1    3   3  23   3   0   6   1   1   1  21   8   3   0   2   4   2   5   0   1  11  0.16 0.12
   43 P     1  -2  -2  -2  -3   0   1  -2   0  -1  -2   1  -2  -3   5   0   0  -3  -2  -1   16   0   0   1   0   4  10   1   3   4   4   8   0   0  31   8   6   0   0   4  0.48 0.20
   44 T     1   0   2   1  -3   1   2  -1  -1   0  -2   0  -2  -3   1   1   0  -3  -2  -1   11   3  12   7   0   5  21   4   0   7   1   4   0   0   6   9   7   0   0   3  0.20 0.12
   45 N    -2   0   6  -1  -4   0   0  -2  -1  -4  -4  -1  -3   0   1   0   0  -4  -3  -4    1   5  59   0   0   4   5   1   0   0   1   0   0   4   7   5   4   0   0   1  0.87 0.37
   46 Q    -1   4  -2  -3  -4   6  -1  -3  -2  -4  -3  -1  -3  -4   3  -2  -3  -4  -2  -4    3  21   0   1   0  52   1   1   0   1   3   1   0   0  14   1   1   0   1   1  1.06 0.42
   47 I    -2  -3  -4  -4  -3  -3  -4  -4  -4   6   1   0  -1  -1  -4  -3   1  -4  -3   2    1   0   0   0   0   1   0   0   0  55  11   8   0   2   0   0   9   0   0  11  0.70 0.31
   48 Q    -1   2  -1   2  -4   5  -1  -4  -3  -3  -4  -1  -3  -5   4  -2   2  -5  -4  -3    6  10   2  10   0  33   1   0   0   1   0   1   0   0  19   1  15   0   0   1  0.70 0.36
   49 V    -1  -5  -5  -6  -3  -5  -5  -6  -5   3  -1  -5  -2   2  -5  -4  -3  -5  -3   6    5   0   0   0   0   0   0   0   0  12   2   0   0   8   0   0   0   0   0  74  1.30 0.51
   50 Y    -2  -2  -1  -5  -1  -4  -5  -5  -2  -4  -4  -4  -4   3  -1  -3  -2  -1   8  -2    3   2   3   0   1   0   0   0   0   0   0   0   0  10   4   2   3   0  69   3  1.71 0.60
   51 I    -1  -3  -3  -4  -3  -2  -2  -2  -3   3   2  -3   0   1  -4  -1  -1   5   2   2    3   0   0   0   0   1   3   3   0  20  20   1   1   5   0   4   4   9   7  18  0.34 0.19
   52 E    -2   1  -1   2  -4   1   4  -3  -1  -1  -1   1   1   0  -3  -1  -2   0  -2  -1    2   8   1  13   0   5  32   1   1   5   7  11   4   4   0   1   0   1   0   3  0.33 0.20
   53 N    -2   3   5   2  -2   2  -1  -2  -1  -1  -3   0  -3  -4  -3   0  -2   2  -3  -3    2  15  39  11   1   9   2   2   0   4   2   4   0   0   1   4   0   3   0   2  0.61 0.31
   54 E     2  -3  -1   2  -4   0   5  -1  -3  -4  -4  -2   1  -4  -3  -1  -2  -4  -4  -1   19   0   2   9   0   1  50   5   0   0   0   0   4   0   0   2   1   0   0   4  0.73 0.37
   55 D    -1  -2   2   6  -2  -1   0   0  -2  -4  -2   0  -3  -4  -3   0  -1  -4  -4  -3    5   0   9  48   1   2   4   7   0   0   4   4   0   0   0   7   4   0   0   1  0.69 0.29
   56 G     0  -4   0  -1  -4  -1  -3   6  -4  -5  -5  -2  -4  -5  -4  -2   1  -4  -2  -4    6   0   5   2   0   3   0  70   0   0   0   2   0   0   0   0   8   0   1   0  1.24 0.43
   57 S    -1  -2  -1   1  -3   0  -1   0  -3  -3   0   0   0  -1  -3   3   3  -4  -2  -2    3   1   2   7   0   4   2   6   0   0   8   4   3   2   0  33  23   0   0   1  0.36 0.26
   58 T     0   0  -2  -3  -2  -1   0  -3   5  -1   0  -1  -1  -1  -2   0   3  -3   1   0    8   4   0   0   1   1   6   0  19   2  10   2   0   1   1   6  23   0   6   9  0.32 0.23
   59 V    -1  -1  -1  -3  -3  -2  -3  -4  -3   3   0  -3   2  -1   0  -2   1  -4   0   4    5   3   3   1   0   1   0   0   0  23   3   0   6   1   5   1  12   0   3  32  0.40 0.25
   60 P     0  -2  -2  -2  -4   3  -1  -4  -3  -3  -2  -1  -3  -5   6   0  -2  -5  -4  -3    7   1   1   1   0  16   3   0   0   1   5   2   0   0  50   8   1   0   0   2  1.13 0.43
   61 V     2  -3  -2  -4  -1  -3  -3  -1  -4   3   2  -3   1  -2  -3  -2  -1  -4  -3   4   19   0   2   0   1   0   0   4   0  16  16   0   3   0   0   0   2   0   0  35  0.46 0.25
   62 A     2  -2   0   0   1  -1  -1  -1  -2  -3  -2  -1  -1  -3   3   2   1  -4  -2  -1   23   0   4   6   4   2   2   2   0   0   4   3   1   1  16  19   9   0   1   3  0.32 0.19
   63 Q    -2  -1   0  -2  -4   7   0  -3   2  -3  -3  -1  -2  -4  -3   0   1  -3   0  -1    0   0   4   0   0  66   0   0   4   0   0   0   0   0   0   6   9   0   4   5  1.01 0.41
   64 P    -2  -3   1  -2  -4  -2  -2  -3  -3  -4  -4  -1  -3  -4   7   0   0  -4  -4  -3    1   0   7   1   0   0   1   1   0   0   1   4   0   0  70   5   7   0   0   1  1.62 0.39
   65 I    -2  -3  -3  -3  -2  -1  -3  -4  -3   4   3  -3   1   0  -3  -3  -2  -2   1   2    1   0   0   1   0   4   1   1   0  38  30   1   2   2   1   1   1   0   5  13  0.46 0.19
   66 M    -1   1   0  -1  -2  -1  -1  -2  -1   2   0   0   0  -1   1  -1   1  -2   1   0    4  12   4   4   0   2   1   2   0  20  10   4   2   1   7   3  11   0   9   3  0.08 0.09
   67 I    -1  -2   0  -2  -2  -2  -2  -2   1   3   1  -2   0   0  -3   0   3  -3  -2   1    1   0   5   0   0   0   0   2   5  30  16   0   0   3   0   8  24   0   0   3  0.27 0.18
   68 N    -2  -1   5   2  -3   1  -1   1  -1  -3  -3  -1  -3  -3   0   1  -1  -3  -3  -3    1   2  40  14   0   8   1  11   0   1   1   1   0   0   3  13   1   0   0   1  0.55 0.22
   69 H     2  -1   1  -2  -2   0  -1  -1  -1   0  -1  -1  -1  -3   0   2   1  -3  -2   0   29   1   8   0   0   3   3   1   1   6   4   3   1   0   4  20  11   0   0   4  0.21 0.14
   70 A     2  -2   0   0  -2  -1   0   3  -2  -1  -3   0  -2  -3  -2   2   0  -3  -3  -2   25   0   3   4   0   0   6  26   0   4   0   7   0   0   0  15   7   0   0   1  0.31 0.16
   71 G    -1   0   0  -1  -4  -3  -3   6  -3  -5  -5  -3  -4  -5  -4   0  -2  -4  -5  -5    3   8   3   2   0   0   0  78   0   0   0   0   0   0   0   4   2   0   0   0  1.28 0.38
   72 F     0   0  -2  -4  -3  -2  -3   0   0  -1   0  -1  -1   3  -4  -1  -1  -1   6   0    9   7   2   0   0   1   0   7   1   2   8   3   1  11   0   3   4   0  34   7  0.40 0.22
   73 P     1  -3  -3  -3  -2  -3  -3  -3  -4   0  -1  -1  -1   0   6   0  -1  -4  -3   0   12   0   0   0   1   0   0   0   0   7   6   3   1   5  45   8   4   0   0   7  0.85 0.33
   74 V    -1  -1  -1  -3  -1   0  -2  -4  -2   1  -1  -2   0  -3  -3   0   1  -1  -2   5    3   3   3   1   1   4   1   0   1   3   4   2   2   0   0   9  11   1   1  52  0.44 0.28
   75 Y    -1   1   1  -2  -3  -2  -3  -2   1  -1   0  -1  -2   2  -3   0  -2   0   5  -1    4  11   8   1   0   0   0   3   4   4  11   2   0   8   0   6   0   1  32   4  0.40 0.24
   76 N    -1  -2   3   0  -2   1   0  -1   1   1  -1  -1  -1  -2   2   1   0  -3  -2   0    4   0  18   4   0   8   5   4   4  12   4   0   0   0  10  10   4   0   0  10  0.16 0.15
   77 G     0  -2  -1   0  -3   1   0   4   2  -3  -3   0  -3  -3  -2   0   0   3  -2  -1    7   0   0   5   0   6   7  38   6   0   1   6   0   0   0   7   6   5   0   5  0.40 0.23
   78 Q     0   1   2   0  -3   4   0  -1   1  -4  -3   0  -1  -4  -3   2   2  -4  -3  -2    5   8  12   5   0  24   4   4   3   0   0   2   2   0   0  16  12   0   0   2  0.40 0.30
   79 I     0  -3   0  -1  -3  -3  -3  -1  -3   2  -1  -2   0  -1   5  -1  -1  -4  -1   1    6   0   5   3   0   0   0   6   0  16   5   2   3   2  31   5   2   0   2  12  0.49 0.29
   80 A     2  -3  -3  -3   0  -1  -3   1  -3   2  -1  -2   0  -3   0  -1   0  -4  -3   3   26   0   0   0   2   3   0  10   0  13   4   2   2   0   5   3   5   0   0  23  0.27 0.24
   81 K     0   1   0  -1  -1   3   0  -2  -2  -2  -2   4  -1  -4  -1  -1   1   2  -1  -2   10   7   3   2   1  14   4   1   0   2   2  33   1   0   2   2   8   3   2   2  0.37 0.30
   82 F    -2  -4  -1  -4  -3  -1  -2  -3  -4   2   2  -4   1   5   0  -3  -2  -3  -1   0    3   0   4   0   0   4   3   2   0  16  25   0   3  27   5   0   2   0   0   6  0.46 0.32
   83 V    -2  -1  -3  -3  -3  -3  -4  -5  -3   2   1  -4  -1   2  -1  -3  -1   5   3   3    2   3   1   2   0   1   0   0   0  14  11   0   1   8   4   1   2   8  11  31  0.48 0.30
   84 T     0  -3   0  -1  -3  -3  -3  -2  -3   0  -1  -2   1  -3  -3  -1   5  -4  -3   3    9   0   6   3   0   0   0   2   0   4   4   2   3   0   0   3  41   0   0  22  0.53 0.35
   85 V     0  -1   0   1  -2   0   0  -1  -2   1   0   0  -1  -2  -1   1   0  -3  -2   1    7   2   4  10   0   3   6   4   0  10   9   7   0   0   2  11   5   0   0  17  0.06 0.08
   86 E     0  -1   0   1  -3   3   2   2  -2  -2  -3   1  -1  -3   0   1   0  -3  -1  -2    5   2   2   7   0  17  12  16   0   3   1   8   2   0   5   9   6   0   2   2  0.22 0.16
   87 S     0  -1   3   1   0   0   0   3   0  -4  -4  -1  -3  -4   1   0   0  -4  -3  -3    7   2  18   6   3   3   8  29   2   0   1   2   0   0   6   7   4   0   0   1  0.38 0.20
   88 H    -1  -2  -2  -3   0   1  -1  -2   6  -3  -2  -2  -2   3  -3   1   0  -2   5  -3    4   0   0   0   2   6   4   3  24   0   3   0   0  10   0  10   5   0  28   1  0.70 0.35
   89 S     1  -2  -2  -2  -1  -1  -2  -2  -2   2   1  -2   0   2  -2   1   0  -1   0   1   15   1   1   1   0   1   1   1   0  15  16   1   0  15   1  15   1   0   0  15  0.09 0.04
   90 M    -1  -4  -4  -5  -4   0  -2  -5  -4   3   2  -4   7   1  -4  -1  -3  -4   0   1    4   0   0   0   0   4   2   0   0  14  15   0  38   4   0   4   0   0   3  10  0.82 0.40
   91 A     4   1  -3  -1  -3   0  -1  -3  -3  -3   0   1  -1  -3  -3   0   1   2  -3  -1   40   9   0   3   0   3   3   0   0   0  11   7   1   0   0   5  10   4   0   3  0.37 0.28
   92 V    -3  -4  -5  -5  -3  -4  -4  -5  -5   4   1  -4  -2  -3  -4  -4   0  -5  -3   6    1   0   0   0   0   0   0   1   0  19   9   0   0   0   0   0   5   0   0  62  1.14 0.46
   93 Y    -2   1  -1  -2  -4   1   0  -3   2  -1   0   0   0   2  -4  -3   0  -2   6  -2    2   9   2   2   0   8   5   2   4   3  10   5   2   6   0   0   6   0  31   2  0.49 0.33
   94 D     0  -2   3   6  -6  -1  -1  -4   0  -2  -6  -4  -5  -1  -1  -1  -1  -7  -5  -2    7   2  13  53   0   2   2   0   2   3   0   0   0   3   2   5   3   0   0   3  1.07 0.53
   95 S     2   1  -1  -1   0   0   0  -1   0  -3  -2   2   0  -4  -1   2  -1   2  -1  -2   19   7   2   2   2   4   5   3   2   0   3  16   2   0   2  20   3   3   2   2  0.25 0.24
   96 D    -1   0   2   0   0  -1  -1  -1   2  -3   0   1  -2   1  -4  -1   0  -2   4  -2    4   6  13   6   2   2   2   4   5   0  12   9   0   6   0   4   5   0  18   2  0.23 0.23
   97 G    -1  -4   3   1  -5   0  -3   5   1  -5  -2  -1   0  -5  -5   0  -1  -6  -5  -5    4   0  15   7   0   4   0  47   4   0   4   4   3   0   0   5   4   0   0   0  0.84 0.46
   98 A     1   0   1  -1   0   1   0   0   1  -1  -2   0  -2  -1  -3   1   0  -3  -2   1   15   6   7   3   2   8   5   6   4   3   0   5   0   3   0  10   6   0   0  16  0.10 0.16
   99 Q     0   0  -1   0  -4   4   0   0   1  -3   0  -1   0   0  -3   0   0  -4  -2  -1    5   5   2   4   0  30   4   8   4   0  12   2   3   6   0   7   5   0   0   3  0.26 0.29
  100 Q     0  -1  -1   0   2   1   0   0   2   0   0   0   1  -2   1   0   0  -3  -2   0    7   0   0   7   6   7   7   7   6   7   7   7   6   0   7   7   7   0   0   7  0.07 0.11
  101 F    -3  -1  -3   1  -3  -2  -1  -4   2   0   0  -3  -2   5  -4  -1   0   4   3  -1    0   4   0   8   0   0   5   0   5   5  10   0   0  27   0   5   7   5  13   5  0.40 0.28
  102 Y     0   1   1  -1  -2   1   0   0   2   0   0   0  -1   1  -2   0   0  -2   1   0    7   7   7   0   0   7   7   7   6   7   7   7   0   6   0   7   7   0   6   7  0.05 0.08
  103 F    -1  -3   0   0  -3  -3  -3  -2  -3   1   0  -1  -2   5  -4  -1   0   4   2   0    6   0   6   7   0   0   0   3   0  10   6   4   0  29   0   5   6   7   6   4  0.36 0.28
  104 A     0   0   1   0   2   1   0   0   2   0  -1   0  -1  -2   1   0   0  -3  -2   0    6   6   6   6   6   6   6   6   6   6   6   6   0   0   6   6   6   0   0   6  0.07 0.08
  105 D     0   1   1   1  -2   0   1   0  -1  -1  -1   1  -1  -2   1   1   1  -3  -2   0    8   8   8   8   0   0   8   8   0   0   8   8   0   0   8   8   8   0   0   8  0.11 0.08
  106 I     1   0   0   0   2   1  -1   1  -2   0   0  -1   1  -1  -2  -1   0  -3   0   1   13   4   5   5   5   7   3  10   0   7   6   3   5   3   0   3   3   0   3  14  0.05 0.09
  107 L     0   0   0   0  -2   1   0   0   2   0   0   0   1   0  -2   0   0  -2   1   0    6   6   6   6   0   6   6   6   6   6   6   6   6   6   0   6   6   0   6   6  0.04 0.07
  108 K    -1   1   2   0  -3   2   1   0   1   0  -3   2   0  -3   0   0   0  -3   0  -2    5   5  11   5   0   8   6   7   4   6   1  19   3   0   4   5   6   0   3   0  0.19 0.20
  109 Y     0  -2   0   0   2   0   0  -1   2   0  -1  -2   1   1   0   0   0   3   1   0    6   0   5   6   5   5   6   6   5   6   6   0   5   5   6   6   6   5   5   6  0.08 0.13
  110 G     0  -1   1   0  -2   1   0   0  -1   0   0   0  -1   1   1   0   0  -2   1   0    7   0   7   7   0   7   7   7   0   7   7   7   0   6   7   7   7   0   6   7  0.05 0.07
  111 P     0   0   0   0  -3  -1   0   0   1   0  -1   0   1   0   1   0   0   3  -1   0    6   6   6   6   0   0   6   6   6   6   6   6   6   6   6   6   6   6   0   6  0.06 0.10
  112 N     1  -4   2   5  -5  -1   0   0  -1  -2  -3  -2   0  -5  -1   0  -2  -5  -1  -1   12   0   8  40   0   2   4   6   2   2   2   2   2   0   3   6   1   0   3   4  0.65 0.46
  113 R    -2   1   1  -2  -6   7   0  -2   0  -3  -4  -2  -1  -2  -5   1  -1   0  -2  -2    2   7   8   1   0  46   4   2   2   2   2   2   1   2   0  10   3   1   1   3  0.93 0.65
  114 F    -1  -4  -2  -2  -4  -1  -4  -2  -4   1   3  -2   1   5  -2  -1  -2   1   0  -1    5   0   2   2   0   2   0   3   0   8  26   3   4  26   2   5   2   2   3   4  0.48 0.35
  115 K     0   2   0  -1  -3   0   0   1  -2  -1  -1   1   0  -1  -1   1   0   1   0  -1    6  12   5   3   0   4   7  10   0   4   7  10   2   3   2  11   4   2   3   5  0.07 0.10
  116 E     0  -1   1   0  -3   1   0   0   1   0  -1   0   0  -1   1   0   1  -3  -1   0    9   2   8   5   0   8   4   9   3   7   6   5   2   3   5   8   9   0   2   5  0.06 0.08
  117 Q    -1   1   0   0  -3   2   0  -1   1  -1  -1   0   0   0   0   0  -1   3   1   0    6   9   4   6   0  10   7   6   5   5   4   4   3   3   5   5   4   5   6   6  0.09 0.12
  118 A     0   0   0   0  -2   0  -1   0  -1   0   0   0   1   1   1   0   0  -2   1   0    6   6   6   6   0   6   0   6   0   6   6   6   6   6   6   6   6   0   6   6  0.04 0.08
  119 A     1   0   0   1  -3   0   1   0  -2  -1  -1   0   0  -1   0   1   0  -3  -1  -1   13   6   4   7   0   3   7   8   0   4   4   7   2   3   4  16   5   0   2   3  0.09 0.12
  120 Q     0   0   0   0  -2   1   0   0   1   0  -1   0   1   0   1   0   0  -2   1   0    6   6   5   6   0   5   6   6   5   6   6   6   5   5   6   6   6   0   5   6  0.03 0.06
  121 Y     0   0   0   0  -3   0   0   0   2   0  -1   0  -1   0   0   0   0   3   1   0    6   6   5   6   0   5   6   6   5   6   6   6   0   5   6   6   6   5   5   6  0.06 0.08
  122 I     0   0   1   0  -2  -1   0   0   2   0   0   0   1   1  -2   0   0  -2   1   0    6   6   6   6   0   0   6   6   6   6   6   6   6   6   0   6   6   0   6   6  0.03 0.08
  123 A     0   0   0   0  -2   1   0   0  -1   0   0   0   1   0   1   0   0  -2   1   0    6   6   6   6   0   6   6   6   0   6   6   6   6   6   6   6   6   0   6   6  0.03 0.06
  124 Y    -1   0   0  -1  -3   0  -1   0   0   0   0  -1   0   1   1   0   0   2   2   0    3   4   5   4   0   4   4   9   3   6   9   4   3   5   7   7   4   4   9   8  0.06 0.08
  125 I     0   0   0   0  -2   1   0   0  -1   0   0   0   1   0   1   0   0  -2   1   0    6   6   6   6   0   6   6   6   0   6   6   6   6   6   6   6   6   0   6   6  0.03 0.06
  126 E     0   0   0   0   2   0   0  -1   1   0  -1   0   1   0   0   0   0  -2   1   0    5   5   5   5   5   5   5   5   5   5   5   5   5   5   5   5   5   0   5   5  0.03 0.05
  127 K     0   0   0   0  -3   0   0   0   0  -1  -1   1  -1  -1   2   1   0  -3   1  -1    6   3   5   6   0   5   4   7   2   5   5  10   2   3  11  10   7   0   6   4  0.10 0.12
  128 L     0  -1   0   0  -3   0  -1   0   1   0   1  -1   0   1   1   0   1   1   1   0    5   3   5   4   0   4   2   6   4   8  13   4   2   6   6   4   9   2   6   6  0.03 0.07
  129 K     0   0   0   0  -3   0   0  -1   1   0   0   0   0   0   0   1   0   1   1   0    6   5   5   5   0   5   5   5   4   5   8   4   4   3   4  12   5   3   6   6  0.04 0.07
  130 G     0   0   0   0  -2   1   0   0   1   0  -1   0   1   0   1   0   0  -2   1   0    6   6   5   6   0   5   6   6   5   6   6   6   5   5   6   6   6   0   5   6  0.03 0.06
  131 T    -1   0   0   0  -3   0   0  -1   1   0  -1   0   1   0   0   0   0   3   1   0    5   5   5   5   0   5   5   5   5   5   5   5   5   5   5   5   5   5   5   5  0.06 0.08
  132 T     0   0   0   0  -2   0   0   1   0   0   0   0   1  -1  -1   0   1   1  -1   1    6   5   6   5   0   4   4  10   2   8   6   5   4   2   3   6   9   2   2  11  0.02 0.06
  133 T     0  -1   0   0   0   0  -1   0   0   0   0   0  -1   0   0   1   0   1   1   0    9   3   4   5   3   3   4   7   3   4   9   4   0   5   5  10   6   3   7   6  0.03 0.05
  134 Q    -1   2   0   0  -3   1   0   0   1  -1  -1   0   0   0  -1   0   0   2   1  -1    4  13   5   6   0   8   5   8   3   4   4   6   3   4   3   6   5   3   6   4  0.09 0.12
  135 T     0  -2   0   0  -3   0   0   0   2   0  -1   0   1   1   0   0   0   3   1   0    6   0   5   6   0   5   6   6   5   6   6   6   5   5   6   6   6   5   5   6  0.07 0.11
  136 T     0   0   0   0   2   0   0   0  -1   0   0   0   1   0   1   0   0  -2   1   0    6   6   5   6   5   5   6   6   0   6   6   6   5   5   6   6   6   0   5   6  0.03 0.06
  137 G     0  -1   1   0   0   0  -1   2   2   0   0  -1   0  -1   0   0  -1  -3   0   0    6   3   7   5   3   6   4  17   6   6   7   3   3   3   3   5   3   0   3   7  0.06 0.09
  138 D     0   0   0   0   2   0   0  -1   1   0  -1   0   1   0   0   0   0  -2   1   0    5   5   5   5   5   5   5   5   5   5   5   5   5   5   5   5   5   0   5   5  0.03 0.05
  139 S    -1   0   0   0  -3   0   0  -1   1   0  -1   0   1   0   0   0   0   3   1   0    5   5   5   5   0   5   5   5   5   5   5   5   5   5   5   5   5   5   5   5  0.06 0.08
  140 T     0   0   0   0  -3   0   0   0  -2   0  -1   0   1   0   0   0   0   3   1   0    6   6   5   6   0   5   6   6   0   6   6   6   5   5   6   6   6   5   5   6  0.06 0.08
  141 T     0   0   1   1  -2   0   0   0   0   0   0   0  -1   0   0   0   1  -2   0   0    8   3   7   8   0   6   4   7   3   7   9   4   0   4   4   8   8   0   3   7  0.03 0.06
  142 D    -1   0   0   0  -3   0   0  -1   1   0  -1   0   1   0   0   0   0   3   1   0    5   5   5   5   0   5   5   5   5   5   5   5   5   5   5   5   5   5   5   5  0.06 0.08
  143 V    -1   0   0   0   2   0   0  -1   2   0  -1   0   2   1   0  -1   0   3   1  -1    5   5   5   5   5   5   5   5   5   5   5   5   5   5   5   5   5   5   5   5  0.08 0.08
  144 M    -1   0   0   0   2   0   0  -1   2   0  -1   0   2   1   0  -1   0   3   1  -1    5   5   5   5   5   5   5   5   5   5   5   5   5   5   5   5   5   5   5   5  0.08 0.08
  145 S     0   0   0   0   2   0   0  -1   1   0  -1   0  -2   0   0   0   0   3   1  -1    5   5   5   5   5   5   5   5   5   5   5   5   0   5   5   5   5   5   5   5  0.06 0.08
  146 Q     0  -1   1   0   0   1   0   0   1   1  -1   0   0   0   0   0   0   2   0   0    6   3   7   5   3   7   4   7   3   9   6   5   3   4   4   5   8   3   4   7  0.02 0.04
  147 K     0   0   1   1  -3   1   0  -1   1   0   0   1   0  -1   0   0   0   1   0   0    6   6   6   8   0   5   6   4   3   7   7   9   2   3   5   4   6   3   3   6  0.04 0.06
  148 A     0   0   0   0  -2   1   0   0   1   0  -1   0   1   0   1   0   0  -2   1   0    6   6   5   6   0   5   6   6   5   6   6   6   5   5   6   6   6   0   5   6  0.03 0.06
  149 C     1  -2   0   0   1   0  -1   0   0   0   0  -1   0   0  -1   0   1  -2   1   0   12   0   6   5   3   4   3   8   2   6  10   3   3   4   2   5  11   0   5   8  0.03 0.08
  150 T     0   0   0   0  -2   1   0   0   1   0  -1   0   1   0   1   0   0  -2   1   0    6   6   5   6   0   5   6   6   5   6   6   6   5   5   6   6   6   0   5   6  0.03 0.06
  151 D    -1   0   0   0   2   0   0  -1   2   0  -1   0   2   1   0  -1   0   3   1  -1    5   5   5   5   5   5   5   5   5   5   5   5   5   5   5   5   5   5   5   5  0.07 0.08
  152 T     0  -1   0   1  -4   0   0   0   1   0   0   0   0   0  -1   0   1   2   1   0    6   3   4   8   0   4   6   8   3   5   8   4   3   3   3   8   9   3   5   6  0.04 0.06
  153 F     0   0   0   0   2   0   0  -1   1   0  -1   0   1   0   0   0   0  -2   1   0    5   5   5   5   5   5   5   5   5   5   5   5   5   5   5   5   5   0   5   5  0.03 0.05
  154 A     2  -1   1   1  -3   0  -1  -1   1  -1  -1  -1   0  -1  -1   0   0  -4   1   0   21   4   7   7   0   4   4   4   4   3   6   4   3   3   3   6   7   0   5   7  0.10 0.14
  155 E     0   0   0   0   0   0   0   0   1   1  -1   0   0   0   0  -1   0   1   2   0    8   4   6   6   2   3   6   7   3  11   5   5   2   3   5   3   6   2   8   4  0.03 0.06
  156 K     0   0   0   1  -3   0   0   0   0   0   0   1   0   0   0  -1   0   2   0   0    7   7   4   7   0   3   4   7   3   9   7   9   2   4   4   4   7   4   2   7  0.03 0.05
  157 N     0   0   0   0  -2   1   0   0   1   0  -1   0  -1   0   1   0   0  -2   1   0    6   6   6   6   0   6   6   6   6   6   6   6   0   6   6   6   6   0   6   6  0.04 0.06
  158 S    -1   0   0   0   2   0   0  -1   2   0  -1   0   2   0   0  -1   0   3   1  -1    5   5   5   5   5   5   5   5   5   5   5   5   5   5   5   5   5   5   5   5  0.07 0.08
  159 K     0  -1   1  -1   1   0   0   0  -4   0  -1   0   0   0  -1   1   2   2   0  -1    6   4   6   3   3   3   6   8   0   5   6   5   3   4   3  11  12   3   3   5  0.08 0.11
  160 E    -1   0   0   0  -3   0   0  -1   1   0  -1   0   1   0   0   0   0   3   1   0    5   5   5   5   0   5   5   5   5   5   5   5   5   5   5   5   5   5   5   5  0.06 0.08
  161 P    -1   0   0   0  -3   0   0  -1   1   0  -1   0   1   0   0   0   0   3   1   0    5   5   5   5   0   5   5   5   5   5   5   5   5   5   5   5   5   5   5   5  0.06 0.08
  162 L     0   0   0   0  -3   0   0   0  -2   0  -1   0   1   0   0   0   0   3   1   0    6   6   5   6   0   5   6   6   0   6   6   6   5   5   6   6   6   5   5   6  0.06 0.08
  163 K     0   0   0   0   2   0   0  -1   1   0  -1   0   1   0   0   0   0  -2   1   0    5   5   5   5   5   5   5   5   5   5   5   5   5   5   5   5   5   0   5   5  0.03 0.05
  164 A     1  -1   0   0  -3   0   0   0   1   0  -1   0   0  -1   0   0   0  -3   0   0   17   3   4   5   0   5   4   6   4   4   4   4   3   3   5   8   7   0   4   8  0.06 0.11
  165 G     0  -2   0   0  -2   1   0   0  -2   0  -1   0  -1   1   1   0   0   3   1   0    6   0   6   6   0   6   6   6   0   6   6   6   0   6   6   6   6   6   6   6  0.07 0.10
  166 R    -1   0   0   0  -3   0   0  -1   1   0  -1   0   1   0   0   0   0   3   1   0    5   5   5   5   0   5   5   5   5   5   5   5   5   5   5   5   5   5   5   5  0.06 0.08
  167 L    -1   0   0   0   2   0   0  -1   2   0  -1   0   2   0   0  -1   0   3   1  -1    5   5   5   5   5   5   5   5   5   5   5   5   5   5   5   5   5   5   5   5  0.07 0.08
  168 N    -1   0   0   0   2   0   0  -1   2   0  -1   0   2   0   0  -1   0   3   1  -1    5   5   5   5   5   5   5   5   5   5   5   5   5   5   5   5   5   5   5   5  0.07 0.08
  169 L    -1   0   0   0   2   0   0  -1   2   0  -1   0   2   0   0  -1   0   3   1  -1    5   5   5   5   5   5   5   5   5   5   5   5   5   5   5   5   5   5   5   5  0.07 0.08
  170 E    -1   0   0   0  -4   0  -1   0   2   0  -1   1   0   1   0   0   0   2   1   0    5   5   5   5   0   4   4   8   5   6   7   8   3   7   5   5   4   3   4   5  0.05 0.06
  171 S    -1   0   0   0   2   0   0  -1   2   0  -1   0   2   0   0  -1   0   3   1  -1    5   5   5   5   5   5   5   5   5   5   5   5   5   5   5   5   5   5   5   5  0.07 0.08
  172 S     0   0   0   0  -3   0   0   0  -2   0  -1   0   1   0   0   0   0   3   1   0    6   6   5   6   0   5   6   6   0   6   6   6   5   5   6   6   6   5   5   6  0.06 0.08
  173 N     0   0   1   0   1  -1  -1   0   1  -1  -2  -1   0  -1   0   0   2   2   1  -1    9   6   7   6   3   3   3   7   3   4   4   4   3   3   4   8  12   3   5   5  0.07 0.08
  174 G     1  -1   1   0  -4  -1  -1   3   1  -1  -2  -1  -3  -1   1   0  -1  -4   0  -1   11   3   8   5   0   3   3  25   4   4   3   4   0   2   6   8   4   0   4   4  0.22 0.21
  175 D    -1   0   1   3   0   0   0   0   1   0  -1   1  -1   1  -1  -1  -1   2   0   0    6   4   6  16   2   3   6   6   3   6   5   7   1   5   3   4   3   3   3   6  0.10 0.10
  176 T     0   0   0   0  -3  -1  -1   2  -1  -1  -1   0   0  -1   1   1   1   1   0  -1    9   6   4   4   0   3   3  15   2   4   7   4   2   3   7  10   9   2   3   4  0.08 0.10
  177 I    -1   0   0   0  -3   0   0  -1   1   0  -1   0   1   0   0   0   0   3   1   0    5   5   5   5   0   5   5   5   5   5   5   5   5   5   5   5   5   5   5   5  0.06 0.08
  178 F     0   0   0   0   2   0   0  -1   1   0  -1   0  -2   0   0   0   0   3   1  -1    5   5   5   5   5   5   5   5   5   5   5   5   0   5   5   5   5   5   5   5  0.06 0.08
  179 N    -1  -1   1   0   1   0  -1  -1   1   0   0   0   0   0  -1   0   1   2   2  -1    5   4   9   4   3   5   4   5   3   6   9   5   3   4   4   7   8   3   7   5  0.05 0.07
  180 L    -1   0   0   0   2   0  -2  -1   2   0  -1   0   1   0   0   0   0   3   1   0    5   5   5   5   5   5   0   5   5   5   5   5   5   5   5   5   5   5   5   5  0.06 0.11
  181 G     0   0   0   0  -3  -1   0   0   2   0  -1   0   1   1   0   0   0   3   1   0    6   6   5   6   0   0   6   6   5   6   6   6   5   5   6   6   6   5   5   6  0.06 0.09
  182 G    -1   0   0   0   2   0   0  -1   2   0  -1   0   1   0   0  -1   0   3   1  -1    5   5   5   5   5   5   5   5   5   5   5   5   5   5   5   5   5   5   5   5  0.07 0.08
  183 T    -1   0   0   0   2   0   0  -1   2   0  -1   0   1   0   0  -1   0   3   1  -1    5   5   5   5   5   5   5   5   5   5   5   5   5   5   5   5   5   5   5   5  0.07 0.08
  184 D     0   0   3   1  -5   0   0  -1   1  -1  -2   1   1   0   0   0   0  -5   0  -1    7   5  14   7   0   4   5   5   3   4   4   8   4   4   5   7   5   0   4   5  0.14 0.14
  185 G     0  -1  -1   1   0  -1  -2   4   0   0  -2  -1   0  -1  -1  -1   0   1   0   0    6   3   3   8   2   2   2  27   2   6   5   3   2   2   3   5   5   2   3   6  0.24 0.20
  186 S     0   0   0   0  -3   0   0   0   2   0  -1   0  -1   0   0   0   0   3   1   0    6   6   5   6   0   5   6   6   5   6   6   6   0   5   6   6   6   5   5   6  0.06 0.08
  187 A     0   0   0   0  -3   0   0   0   2   0  -1   0  -1   0   0   0   0   3   1   0    6   6   5   6   0   5   6   6   5   6   6   6   0   5   6   6   6   5   5   6  0.06 0.08
  188 G     0   1   0   0   1   0   0   2  -2  -1  -2   0  -2  -1  -1   0   1   2   0  -1    8   8   5   5   3   4   5  20   0   4   3   4   0   3   3   6   9   3   3   6  0.11 0.14
  189 S     0   0   0   0   0   0  -1   1   1   0  -1   0   0   0  -1   1   0   2   3   0    6   6   4   5   2   3   3  10   3   6   3   4   2   3   3  12   5   3  12   5  0.07 0.12
  190 E     0  -1   0   2   1   0   0  -2   1   0  -1  -1  -1  -1  -1   0   0   1   2   0    6   3   4  13   3   3   6   3   3   6   6   3   2   2   3   8   6   2   7   8  0.09 0.10
  191 F    -1  -1   0  -1   1   0  -1  -1   0   0   1  -1  -1   3  -1  -1  -1   2   2   0    5   4   4   3   3   5   3   4   3   5  15   3   0  15   4   4   4   3   6   5  0.10 0.14
  192 A     0   0   0   0   2   0   0  -1   1   0  -1   0  -2   0   0   0   0   3   1  -1    5   5   5   5   5   5   5   5   5   5   5   5   0   5   5   5   5   5   5   5  0.06 0.08
  193 Y     0   0   0   0   2   0   0  -1   1   0  -1   0  -2   0   0   0   0   3   1  -1    5   5   5   5   5   5   5   5   5   5   5   5   0   5   5   5   5   5   5   5  0.06 0.08
  194 V     1   0   0   0  -3   0  -1  -1   0   0   0   0   1   0  -1   0   0   2   1   1   11   4   4   4   0   4   3   5   3   5   8   6   3   3   3   5   6   3   5  14  0.04 0.07
  195 K     0   2   0   0   0   0  -1   0   0   0  -1   1   0  -1   0   0   0   2   0  -1    7  11   5   5   3   4   3   6   3   6   5   9   3   3   4   8   6   3   3   3  0.06 0.07
  196 N    -1  -1   4   2  -1   1  -2   1   1  -1  -3   0  -4  -2  -2   1   0   1   1  -1    4   4  18  11   2   6   2  12   3   4   2   6   0   2   2   9   4   2   5   4  0.24 0.24
  197 S     0   0   0   0  -3   0   0   0  -2   0  -1   0   1   0   0   0   0   3   1   0    6   6   5   6   0   5   6   6   0   6   6   6   5   5   6   6   6   5   5   6  0.06 0.08
  198 K     0   1   1   1   0   0   0   0   1  -1  -1   0  -2  -2   0   0   0   2   0  -1    9   7   6   9   3   5   4   8   4   4   6   7   0   0   5   6   7   3   3   4  0.06 0.08
  199 R     0   0   0   0   2   0   0  -1   1   0  -1   0   1   0   0   0   0  -2   1   0    5   5   5   5   5   5   5   5   5   5   5   5   5   5   5   5   5   0   5   5  0.03 0.05
  200 T    -1  -1   0   0   1  -1  -1   0   1   0   0  -1   0   1   0   0   1   4   1   0    5   3   5   6   3   3   3   7   3   5  10   3   3   7   4   7   8   6   4   6  0.08 0.08
  201 Q    -1   0   0   0   2   0   0  -1   2   0  -1   0   1   0   0  -1   0   3   1  -1    5   5   5   5   5   5   5   5   5   5   5   5   5   5   5   5   5   5   5   5  0.07 0.08
  202 I     0   0   0   0  -3   1   0   0  -2   0   0   0   1   0   1   0   0   3  -1   0    6   6   6   6   0   6   6   6   0   6   6   6   6   6   6   6   6   6   0   6  0.06 0.09
  203 Y     0   0   0  -1   0   0  -1  -1   2   0  -1   0   0   1  -1  -1   0   2   2   1    9   5   5   4   3   3   4   5   5   5   6   5   3   5   3   4   5   3   8  12  0.05 0.06
  204 D    -1   0   0   0   2   0   0  -1   2   0  -1   0   1   0   0  -1   0   3   1  -1    5   5   5   5   5   5   5   5   5   5   5   5   5   5   5   5   5   5   5   5  0.07 0.08
  205 T     0  -1   3   0   1   0  -1   1   0  -1  -1  -1   0  -1  -1   1   1   2   0  -1    7   4  13   4   3   4   4  12   3   3   5   4   3   3   3   9   8   2   3   5  0.10 0.12
  206 A    -1   0   0   0   2   0   0  -1   2   0  -1   0   1   0   0  -1   0   3   1  -1    5   5   5   5   5   5   5   5   5   5   5   5   5   5   5   5   5   5   5   5  0.07 0.08
  207 T     1   0   0  -1  -1   0  -1   0  -4   0  -2  -1   1  -1  -1   1   3  -5  -1  -2   12   4   5   4   1   4   4   7   0   6   4   3   3   3   3  12  22   0   2   2  0.22 0.25
  208 Q     0   0   3   0  -1   0  -1  -1   1   1  -1  -1  -1   0  -1   0   0   1   1   0    7   4  14   6   1   4   4   4   4   9   5   3   2   3   2   9   6   2   4   7  0.08 0.11
  209 T     0   0   1   0  -3   1   0   0   0   0  -1   1   0   0  -1   0   1   1   0   0   10   3   7   4   0   6   4   7   3   5   4   9   3   3   3   6  10   3   4   7  0.05 0.08
  210 T     0   0   0   0  -3   0   0   0  -2   0  -1   0   1   0   0   0   0   3   1   0    6   6   5   6   0   5   6   6   0   6   6   6   5   5   6   6   6   5   5   6  0.06 0.08
  211 L     0   0   0   0  -3   0   0   0  -2   0  -1   0   1   0   0   0   0   3   1   0    6   6   5   6   0   5   6   6   0   6   6   6   5   5   6   6   6   5   5   6  0.06 0.08
  212 L    -1   0   0   0   2   0   0  -1   2   0  -1   0   1   0   0  -1   0   3   1  -1    5   5   5   5   5   5   5   5   5   5   5   5   5   5   5   5   5   5   5   5  0.07 0.08
  213 F     0   0   0   0   2   0   0   0   1   0  -1   0   1   0  -2   0   0  -2   1   0    6   6   5   6   5   5   6   6   5   6   6   6   5   5   0   6   6   0   5   6  0.03 0.07
  214 P     0   0   0   0   2   0   0  -1   1   0  -1   0  -2   0   0   0   0   3   1  -1    5   5   5   5   5   5   5   5   5   5   5   5   0   5   5   5   5   5   5   5  0.06 0.08
  215 Q     0   0   0   0  -3   0   0   0  -2   0  -1   0   1   0   0   0   0   3   1   0    6   6   5   6   0   5   6   6   0   6   6   6   5   5   6   6   6   5   5   6  0.06 0.08
  216 K     0   1   0   0   1   0  -1  -1   1  -1  -1   2   0   1   1   0   0   2   0  -1   10   6   5   5   3   3   4   6   3   4   4  12   3   7   6   6   5   3   3   3  0.07 0.07
  217 N     0   0   0   0  -3   1   0   0   2   0  -1   0   1  -2   0   0   0   3   1   0    6   6   5   6   0   5   6   6   5   6   6   6   5   0   6   6   6   5   5   6  0.07 0.10
  218 G     0   0   0   0  -3   0  -1   0   2   0  -1   0   1   0   1   0   0   3  -1   0    6   6   6   6   0   6   0   6   6   6   6   6   6   6   6   6   6   6   0   6  0.06 0.11
  219 T    -1   0   0   0  -3   0   0  -1   1   0  -1   0   1   0   0   0   0   3   1   0    5   5   5   5   0   5   5   5   5   5   5   5   5   5   5   5   5   5   5   5  0.06 0.08
  220 L     0  -1  -1  -1   1   0  -1   0   1   0   0  -2   0   1  -1   0   0   3   2   0    8   3   3   4   3   4   3   6   4   6  10   0   3   5   3   6   7   4  10   9  0.06 0.11
  221 A     0   0   0   0  -2   1   0   0   1   0  -1   0   1   0   1   0   0  -2   1   0    6   6   5   6   0   5   6   6   5   6   6   6   5   5   6   6   6   0   5   6  0.03 0.06
  222 V     0  -1  -1  -1   0  -1  -1  -2   0   1   1  -1   0   0   2   0   1   2  -2   1    8   3   2   3   2   3   3   3   2   9  12   3   2   4  10   5  10   3   0  12  0.10 0.12
  223 E     0   0   2   1   0   0  -1  -2   1  -1  -2   1   0  -1  -1   0   1   2  -1   0    8   6  10   7   3   5   4   3   3   4   4   8   3   3   3   8   7   3   3   6  0.08 0.09
  224 E     0   0   0   0  -3   1   0   0   1   0  -1   0   1   0   0   0   0   3  -1   0    6   6   5   6   0   5   6   6   5   6   6   6   5   5   6   6   6   5   0   6  0.06 0.09
  225 D     0   0   0   2   0   1   1   0   1  -1  -2   0  -2  -1   0   0   0  -3   0  -1    8   3   4  14   3   8   7   7   3   4   3   4   0   3   5   8   7   0   3   5  0.09 0.12
  226 T    -1   0   0   0  -3   0   0  -1   1   0  -1   0   1   0   0   0   0   3   1   0    5   5   5   5   0   5   5   5   5   5   5   5   5   5   5   5   5   5   5   5  0.06 0.08
  227 Y    -1  -2  -1  -1   1  -1  -2  -2   2   1  -1  -1   0   2  -4  -1   0   5   4   0    4   2   3   3   3   2   3   3   5   9   5   5   3   8   0   5   6   8  17   7  0.33 0.27
  228 T    -1   0   0   0   2   0   0  -1   2   0  -1   0   2   1   0  -1   0   3   1  -1    5   5   5   5   5   5   5   5   5   5   5   5   5   5   5   5   5   5   5   5  0.08 0.08
  229 K    -1   1   2   1  -3   1  -1   0   1  -1  -2   1  -2   0   0   0   0   2   0  -1    4   8  12   7   0   5   3   8   3   4   4  11   0   5   4   5   5   3   4   4  0.10 0.13
  230 T     0   0   0   0   2   0   0  -1  -2   0  -1   0   1   0   0   0   0   3   1   0    5   5   5   5   5   5   5   5   0   5   5   5   5   5   5   5   5   5   5   5  0.05 0.08
  231 E     0   0   0   1  -4   1   2   0   1  -1  -2   0  -3  -1   1  -1   0   2   0  -2    6   6   5  10   0   7  17   8   3   3   4   4   0   2   6   4   5   3   3   3  0.16 0.18
  232 V     0   0  -1  -1   0   0  -1  -1  -2   1   1  -1   0   0   0   0   0   2   0   1    7   5   3   3   3   3   3   5   0  10  13   4   3   5   3   7   5   3   4  10  0.02 0.05
  233 D     0   0   0   0  -2   1   0   0  -1   0   0   0   1   0   1   0   0  -2   1   0    6   6   6   6   0   6   6   6   0   6   6   6   6   6   6   6   6   0   6   6  0.03 0.06
  234 A     0   0   0   0  -2   1   0   0   1   0  -1   0   1   0   1   0   0  -2   1   0    6   6   5   6   0   5   6   6   5   6   6   6   5   5   6   6   6   0   5   6  0.03 0.06
  235 K    -1   0   0   0   2   0   0  -1   2   0  -1   0   2   1   0  -1   0   3   1  -1    5   5   5   5   5   5   5   5   5   5   5   5   5   5   5   5   5   5   5   5  0.08 0.08
  236 I    -1  -1  -1  -1  -3   0  -1  -1   1   1   0   0   0   1  -1  -1   0   2   2   1    5   3   3   3   0   3   3   5   3  10  10   5   3   7   3   5   7   3   9   9  0.04 0.08
  237 N    -1   0   0   0  -3   0   0  -1   1   0  -1   0   1   0   0   0   0   3   1   0    5   5   5   5   0   5   5   5   5   5   5   5   5   5   5   5   5   5   5   5  0.06 0.08
  238 S     0   0   0   0   2   0   0  -1   1   0  -1   0   1   0   0   0   0  -2   1   0    5   5   5   5   5   5   5   5   5   5   5   5   5   5   5   5   5   0   5   5  0.03 0.05
  239 V     0   0   0   0  -3   0   0   0  -2   0  -1   0   1   0   0   0   0   3   1   0    6   6   5   6   0   5   6   6   0   6   6   6   5   5   6   6   6   5   5   6  0.06 0.08
  240 K     0   0   1   1  -5   1  -1   2  -1  -3  -4   3   0  -1   0   0   0  -1  -2  -3    6   5   6   8   0   6   4  16   1   2   1  19   2   3   4   6   7   1   1   2  0.25 0.24
  241 W    -1  -3   4  -1  -6   0  -1  -3  -1  -2  -3  -2   0   4  -4   0  -1   6  -1  -3    6   2  23   3   0   4   5   2   1   2   2   2   2  19   1   6   3  11   2   2  0.71 0.50
  242 T     1  -3  -1  -2  -5  -1  -3  -1  -2   0  -2  -2  -1  -1  -2   2   5  -6  -2  -2   11   1   3   3   0   2   2   5   1   6   4   3   2   2   2  16  33   0   1   3  0.53 0.45
  243 T     3  -2   1  -1   0   0  -1   0  -1  -2  -2  -3  -1  -1  -3   2   1  -1  -2  -2   28   2   7   3   2   4   3   8   2   2   4   1   1   3   1  16   7   1   1   3  0.32 0.31
  244 N     0  -2   2  -1  -4  -1  -1   0   1  -1   1  -1  -1   0  -2   3  -1   0  -1  -1    6   2   8   4   0   3   3   6   3   4  13   4   1   4   2  25   3   2   2   4  0.18 0.23
  245 K    -1   1   0  -2  -4   0  -2   0  -1  -1   2   3   0   0  -1  -1   0   1  -3   0    3   6   4   2   0   3   2   8   2   3  20  19   2   4   3   5   5   2   0   7  0.16 0.19
  246 L     2   0   0   1   1   1  -1   1  -5  -1  -2  -1   0   0  -1   1   0  -6   0  -1   17   5   4   8   3   5   4  10   0   3   4   4   3   4   3  11   5   0   3   4  0.14 0.14
  247 E    -1   0   0   0   2   0   0  -1   2   0  -1   0   2   1   0  -1   0   4   1  -1    5   5   5   5   5   5   5   5   5   5   5   5   5   5   5   5   5   5   5   5  0.09 0.08
  248 N     0   0   0   0  -3   1   0   0   2   0  -2   0   1   1   0   0   0   3   1   0    6   6   5   6   0   5   6   6   5   6   0   6   5   5   6   6   6   5   5   6  0.08 0.12
  249 G     0   1   1   1  -3   1   0   0  -1  -2  -1   0  -2  -2   1   0  -1   4   1  -1    7   7   7   7   0   7   7   7   0   0   7   7   0   0   7   7   0   7   7   7  0.12 0.12
  250 W     0   1  -1   0   3   1  -1   0   2  -2  -2  -1   1   1  -3   0   0   4   2  -2    8   8   0   8   7   7   0   8   7   0   1   0   7   7   0   8   8   7   7   0  0.18 0.19
  251 M     0  -1  -3  -1   1   1  -1  -1   2  -1  -1  -1   0   2  -3   0   0   5   3  -1    9   3   0   3   3   9   4   3   6   4   4   3   3   8   0   7   7   9   9   4  0.22 0.20
  252 K    -1   3   0  -3   0   2  -1  -2  -3  -1  -1   4   1  -1  -1  -1   0  -4   0  -2    3  14   4   0   2  10   3   3   0   3   6  29   5   3   2   3   5   0   3   2  0.34 0.30
  253 D    -2  -1   0   3   3  -1  -1  -4  -3   0   2   0   0   1  -4  -1   1   1  -3  -2    2   3   4  17   7   2   3   0   0   5  25   7   3   8   0   4   8   2   0   0  0.26 0.26
  254 P    -1  -3  -1  -2  -5  -1  -2   2   0  -2  -1  -2  -4  -2   6   0  -1   0  -4  -3    5   1   3   2   0   3   3  16   2   3   6   1   0   2  40   7   4   1   0   1  0.78 0.46
  255 N     1  -1   3   2  -3  -1   0   0   0  -2  -2  -1  -2   0   0   2   0  -3   0  -1   11   3  15  13   0   2   4   5   2   2   3   3   0   4   4  16   5   0   3   5  0.17 0.17
  256 T     0  -1   0   0   1  -1   0   1  -2  -1  -1   0   0  -2   2   0   2  -3   0   0    8   3   3   6   4   0   4  12   0   3   4   5   3   0  10   6  15   0   4   8  0.11 0.12
  257 G     0  -1   1   1   3  -1   1   1  -1  -2  -2   0  -2   1   2   1   1  -3  -2  -2    9   0   9   9   8   0   9   9   0   0   1   9   0   9   9   9   9   0   0   1  0.16 0.11
  258 I    -1  -1  -3   0   1  -2  -1  -3  -3   2   2  -1   2   0  -1  -1   0   2   0   1    4   3   0   7   3   0   3   0   0  19  22   3   5   3   3   3   5   3   3   8  0.16 0.15
  259 I    -1  -1  -2  -2  -4  -4  -2  -3  -5   6   0  -4   2  -1  -2  -2  -1  -5  -4   2    5   3   2   2   0   0   3   2   0  52   7   0   4   2   2   3   2   0   0  10  0.68 0.41
  260 I    -1   1  -1  -1  -3   1   0  -3   0   2   1   0   2   0  -3  -1   0  -3   1   1    3   9   3   2   0   7   5   0   2  18  13   5   6   3   0   3   8   0   7   8  0.12 0.15
  261 Q    -2  -2   0  -1  -5   7  -1  -5   0  -4  -1   0   2  -5  -4  -2  -2  -5  -4  -1    3   0   4   3   0  59   2   0   2   0   6   4   6   0   0   2   2   0   0   5  1.14 0.63
  262 W    -3  -1  -2  -6  -1  -4  -5  -3  -1  -1  -4  -5  -1   1  -6  -1  -3  11   2  -2    2   4   2   0   1   0   0   2   2   4   0   0   2   6   0   5   1  60   5   3  2.27 0.77
  263 G     0  -4  -1   0  -1  -3  -4   6  -4  -2  -3  -3   0  -2  -1  -1  -2  -4  -1  -3    7   0   2   5   2   0   0  63   0   3   1   0   3   2   3   3   1   0   3   2  0.94 0.44
  264 S     0   1  -1  -1  -1   0   0  -1   0   0  -2   0   0  -1  -1   2   1   0   1   0    9   7   2   2   1   4   6   3   1   5   2   6   2   3   2  20   8   1   7   8  0.09 0.13
  265 V     1  -2  -2  -3  -3  -1  -1   0  -1   1   1  -2  -1   0  -3   0   2  -1  -1   2   11   1   1   0   0   3   3   9   1   8  12   1   1   4   0   7  15   1   2  21  0.16 0.19
  266 Y     1  -1   2   1  -4  -1   0   1   0  -2  -2  -1  -1  -2   2   1   1   0  -1  -2   12   4  10   7   0   2   4  12   2   2   3   3   2   2  12   9   8   1   2   3  0.19 0.21
  267 K     1   0   0  -2  -3   0  -1   1  -1  -1  -1   0   0  -1  -1   0   1   2   0   1   11   6   5   2   0   5   4  13   2   4   3   5   2   3   2   8   8   3   4  11  0.07 0.11
  268 T     0  -2   1   0  -4   0  -1   2   0   0  -2  -1  -3  -2  -1   2   2  -4  -1   0    7   2   8   4   0   3   3  17   2   5   3   4   0   2   3  14  13   0   2   8  0.18 0.21
  269 D     0  -2   3   1  -4   1   0   1   0  -2  -3   0  -1  -4  -1   2   0   3   0  -2    7   2  16   8   0   6   6  10   2   2   2   4   2   0   2  15   7   5   3   2  0.27 0.28
  270 R    -1   0   2   2  -4   0   0   2  -1  -2  -3  -1  -3  -2   0   1   1   0   0  -2    5   6  12  12   0   4   6  17   2   2   2   2   0   2   5  11   8   2   3   2  0.22 0.23
  271 S     0  -2   0   2  -4   0   0   2  -1  -2  -2  -2  -1  -1  -2   1   2   0   0   0    9   2   5  10   0   5   6  14   1   2   4   2   1   2   2  12  14   2   3   6  0.16 0.20
  272 R    -1   1   1   0  -4   1   1  -1  -1  -2  -3  -1  -2  -3  -1   0   3   0   2  -1    6   9   8   5   0   7   8   4   1   2   2   2   1   1   4   8  21   1   6   5  0.24 0.28
  273 K    -2  -1   1  -3   0  -2  -3  -3  -2   3  -1  -2  -1   0  -2  -3   1  -1  -1   4    2   3   7   1   2   2   1   2   1  18   5   2   1   5   2   2   8   1   2  34  0.53 0.40
  274 L    -2  -2   4  -2  -5  -1  -3  -4  -1   1  -2  -1  -1  -1  -3   0   4  -1   2   0    3   2  19   2   0   2   1   1   1   8   3   4   1   3   1   8  28   1   7   5  0.50 0.43
  275 F    -7  -3  -8  -9  -8  -8  -8  -8  -7  -6   0  -8  -1   9  -4  -8  -7   2   3  -4    0   1   0   0   0   0   0   0   0   0  10   0   1  73   1   0   0   2   8   1  2.57 1.15
  276 P    -4  -7  -1  -4  -8  -7  -4  -7  -7  -3  -6  -4  -7  -8   8  -3  -3  -8  -8  -4    2   0   3   1   0   0   1   0   0   2   1   1   0   0  83   2   2   0   0   1  2.70 1.24
  277 M    -3  -1  -6  -7  -5  -4  -4  -7  -2   7  -1  -2   3  -2  -6  -3  -1  -6  -5   3    2   4   0   0   0   1   1   0   1  53   5   3   6   2   0   2   4   0   0  15  1.28 0.64
  278 A     5  -2  -3  -5  -5  -1  -1  -2  -1  -3  -4  -2  -1  -6   4   0   1  -6  -3  -2   42   2   1   0   0   2   4   2   2   1   1   2   1   0  20   7   8   0   1   3  0.82 0.54
  279 F    -4  -9  -9 -10  -9  -9  -9  -9  -7  -1  -6  -9  -6   9 -10  -8  -8  -5   0  -7    2   0   0   0   0   0   0   0   0   3   0   0   0  93   0   0   0   0   2   0  3.47 1.26
  280 P    -4  -2  -3  -6  -7  -6  -6  -4  -3  -4  -7  -1  -7  -7   8   0  -2  -7   0  -6    1   2   1   0   0   0   0   1   1   1   0   3   0   0  75   6   3   0   3   0  2.28 0.97
  281 N    -3  -1   7  -2  -6  -2  -1  -2   2  -6  -6  -1  -5  -6  -5   1   2  -6  -2  -3    2   4  48   2   0   2   4   2   4   0   0   3   0   0   0  11  13   0   2   2  1.19 0.61
  282 T     4   1  -1  -2  -4   0   0   0  -1  -2  -3   1  -1  -2  -3  -1   1  -1   1  -1   33   7   3   2   0   5   6   6   1   2   1   7   1   2   1   3   8   1   6   4  0.31 0.28
  283 L    -1  -7  -5  -4  10  -4  -6  -3  -6  -2   0  -6  -3   0  -1  -4  -2  -6   0   2    5   0   1   1  51   1   0   2   0   2   9   0   1   3   3   1   2   0   3  14  1.77 0.75
  284 A    -1  -1  -4  -5   0  -5  -4  -2  -2  -1   3  -4   0   5  -5  -3   0   1   2   0    6   4   1   0   2   0   1   4   1   3  30   1   2  25   0   2   6   2   5   7  0.60 0.36
  285 G     1  -2   3  -3   0  -1  -3   1   2  -3  -3  -3   0   0  -3   3  -1   0   0  -1   13   2  13   0   2   2   1  11   6   1   1   1   2   5   1  26   2   1   4   5  0.37 0.32
  286 M     0  -3  -5  -2  -1  -3  -4  -3  -5   3   0  -4   2  -2  -4  -2  -1  -5  -1   5    8   1   0   3   1   1   0   2   0  14   9   0   5   1   1   2   4   0   2  44  0.74 0.41
  287 G     0  -2   0  -1  -1   3  -2   1   0   0   0  -2   1   0  -1   0   0  -2  -1   1    6   2   3   3   1  16   2  14   2   6   8   2   3   4   2   8   6   1   1  11  0.12 0.14
  288 L     1  -3  -3  -4   0  -3  -3  -1  -3   2   1  -4   2  -1  -1  -1  -1  -2  -3   4   11   1   1   0   2   1   1   5   1  12  15   0   5   3   3   6   3   0   1  29  0.38 0.26
  289 A     2  -3   0  -3   0  -2  -3   0  -3  -1  -2  -3  -2  -4  -1   3   4   0  -4   0   15   1   4   1   2   2   1   6   1   3   5   1   1   1   3  18  30   2   0   6  0.51 0.37
  290 N     0  -1   2   1   2   0   0  -1   0  -1  -1  -1  -1  -3   0   2   1  -1  -1  -1    7   3  11   7   4   3   4   4   3   4   5   2   2   1   5  17  10   1   2   5  0.14 0.15
  291 F     0  -1   0   0  -1  -1  -1   0  -1   1   0   0   0   2   1   0   0   0   2   0    7   2   4   5   1   3   2   7   1  10   7   5   2  10   9   5   6   1   8   6  0.07 0.08
  292 N    -1  -1   3   1  -2   0   0   1   1  -1  -2  -2  -1  -2  -1   1   1   0   0  -2    4   3  15   9   1   4   5  13   3   5   3   2   1   1   3  12   9   1   3   2  0.19 0.18
  293 Y     1  -1   1   0  -4  -2  -2   2  -2  -2  -2  -2  -2  -3  -1   2   1  -1   1  -1   14   3   8   5   0   2   2  17   1   2   4   2   1   1   3  15   7   1   6   5  0.20 0.20
  294 D     1  -1   2   0  -4   2  -2   1  -2  -2  -2   0  -2  -3   2   1   1   0  -2  -1   11   3  12   5   0   9   1  12   1   2   3   5   1   1  10   9   8   1   2   6  0.20 0.20
  295 D     1  -1   1   2  -3   0  -1   1   0  -1  -2  -2  -1  -2   0   2   1  -1  -2  -1   12   3   6  12   0   4   3  11   2   5   4   1   2   1   4  15   9   1   1   3  0.17 0.17
  296 T     0  -2   4   0  -4  -1  -1   0  -1  -3  -3  -2  -1  -1  -1   2   2   1  -1  -1    9   2  18   6   0   3   3   8   1   2   2   2   1   3   4  17  13   2   2   5  0.30 0.27
  297 L     0  -2   1  -1  -4  -1  -2   3  -3  -1  -1  -2   0   0  -1   1   1   1   2  -1    6   2   6   3   0   2   2  26   0   3   5   2   2   4   3   9  11   2   8   4  0.27 0.23
  298 S     1  -2   2   0  -4  -2  -1   1  -2  -1  -3  -2  -1   0  -2   3   2  -2  -1  -1   11   1   8   5   0   2   3   9   1   4   2   2   1   4   2  24  12   1   3   5  0.25 0.25
  299 E     1  -1   2   2  -2   0   0   2   1  -2  -2  -2  -2  -4  -2   1   0  -2   0  -1   11   3  11  11   1   4   6  17   3   2   3   1   1   0   2   9   5   0   3   5  0.21 0.19
  300 M     1  -2   0   0  -1  -2  -2  -1  -2   1   0  -2   1   0  -1   1   1  -3   0   1   10   1   5   7   1   1   2   5   1  11   8   2   4   3   3  10   9   0   4  12  0.08 0.11
  301 Y     0  -2   0  -1  -1  -1  -2   1  -1   1  -1  -2   0   0  -3   0   0   2   4   2    6   2   4   4   1   2   2  11   1   8   6   1   3   3   1   9   6   2  14  14  0.17 0.17
  302 A     1  -2   1  -1  -1   0  -1   0  -2   1  -2  -2  -1   0  -1   1   2   0  -1   0   15   1   8   4   1   4   3   7   1   8   3   2   2   5   3  12  13   1   2   7  0.13 0.16
  303 P     2  -2  -1  -1  -1  -2  -2  -1  -2   1  -1  -1  -1   0   2  -1  -1   1   1   2   18   1   3   4   1   2   1   5   1   8   6   3   1   4  10   4   4   2   4  16  0.16 0.17
  304 N     0  -1   3  -1   0   0  -2   2   1  -2  -2  -1  -1   0  -2   2   0   1   2  -1    6   3  13   3   2   5   2  14   4   2   3   3   1   3   1  14   7   2   7   5  0.17 0.19
  305 I     1  -3  -2  -2   1  -3  -3   1  -3   2   0  -3   1  -1  -1  -1   1   0   0   2   15   1   2   2   3   1   1  11   0  11   8   1   3   3   4   5   9   1   3  17  0.19 0.18
  306 M     0  -1   0  -1  -2   0  -1   1  -2   1  -1  -1   0   1  -2   1   2   0   1   0    6   3   6   3   1   4   3  10   1   8   6   2   3   6   2  10  15   1   6   5  0.09 0.13
  307 S     0  -3   3   1  -4  -2  -2   1  -3  -1  -2  -1  -3  -2   1   3   1   0  -2  -1    7   1  14   9   0   1   2  13   0   3   4   3   1   2   6  20   7   1   1   4  0.29 0.27
  308 A     1   1  -2  -3  -2  -1  -2  -1  -2   2   0   1   0   0  -1   0   0  -1  -1   2   13   8   1   1   1   3   2   5   1  12   9   8   3   4   3   6   4   1   2  14  0.10 0.12
  309 D    -2  -2   4   2  -6  -3  -2  -1  -3  -5  -5  -2  -3  -1  -2   3   3   0   1  -4    3   2  18   9   0   1   2   5   1   1   1   2   1   3   2  24  18   1   5   1  0.61 0.46
  310 K     0   2   4  -1  -4   1  -1  -2  -3  -3  -2   2  -3  -1  -2   1   2  -3  -3  -1    9  10  17   2   0   7   3   3   1   1   5  12   1   2   2   9  12   0   1   4  0.32 0.28
  311 V     0  -3   1  -1  -5  -1  -2  -1  -3  -1  -2  -3  -1   0  -4   3   4   1  -3  -1    7   1   6   3   0   3   2   4   1   3   4   2   2   4   1  25  26   2   1   4  0.52 0.42
  312 G    -2  -1  -1  -4  -6   2  -3   5  -4  -1  -2   0  -3  -2  -4   2   1  -2  -2  -3    3   4   3   1   0   9   1  37   0   4   4   5   0   2   1  13   9   1   1   2  0.61 0.42
  313 F    -1  -4  -1  -4   0  -2  -4  -3  -4   0  -2  -3   2   7  -5  -2   0  -1   0   0    5   1   4   1   2   2   1   2   0   4   4   2   4  48   1   3   6   1   3   6  1.15 0.59
  314 K    -1   0   2  -1  -1   0  -1  -2  -2  -2  -3   0  -2  -1  -3   2   4  -1  -1   0    5   4  11   4   1   3   3   3   1   3   3   5   1   3   1  14  27   1   2   5  0.36 0.31
  315 M     1  -2  -2  -3   2  -2  -3  -1  -3   2   1  -2   2   1  -1   0   0   0  -2   2   14   2   2   1   5   1   1   4   1  12  12   2   4   5   4   7   5   1   1  16  0.20 0.17
  316 R     1   3  -1  -1  -1   1   0  -2   1   0  -1   0  -1  -1  -2   0   1  -2   1   0   11  16   3   3   1   5   5   3   3   6   5   5   1   3   2   7   9   1   4   7  0.11 0.12
  317 Q    -1   0   1  -2   1   1  -1   1   0  -1  -1   0   0   1  -1  -1   1   0   2   0    5   4   6   2   3   9   3  11   2   4   7   5   2   7   2   5   8   1   8   8  0.07 0.09
  318 S     0   1   1   2   0   1  -1  -1  -2  -1  -2   0  -1  -1  -2   2   2   1  -2  -1    8   9   5  10   2   7   3   5   1   3   4   5   2   3   1  14  12   2   1   4  0.14 0.14
  319 L     1  -1   1  -1   0   0  -2   0  -1  -1   0   0  -1   0  -2   1   0   3   1  -1   11   3   8   4   2   3   2   9   2   2   8   6   2   4   2  12   6   5   5   5  0.08 0.10
  320 V     0  -2   0  -1  -3  -1  -3   0  -1   1  -1  -2   0   0  -2   1   3   0  -1   2    8   2   5   3   0   2   1   8   1   7   7   2   2   3   2  13  17   2   3  13  0.18 0.17
  321 T     1  -1   0   0  -2  -1  -2   0  -1   0   0  -1  -2   0  -1   1   3   0  -1   1   11   3   4   5   1   2   3   8   1   5   8   3   1   4   2  10  18   1   2   9  0.12 0.14
  322 D     0  -1   4   1  -1  -1   0   1   0  -2  -2  -1  -2  -1  -1   1   0  -2  -1  -2    7   3  18   9   1   3   5  12   2   3   4   3   1   3   3  10   6   1   2   3  0.21 0.17
  323 G     0  -2   1  -1  -4   0  -2   5   0  -2  -4  -2  -1  -3  -2   0  -1  -2  -1  -1    7   3   7   3   0   5   2  40   2   2   2   2   1   2   2   8   5   1   2   4  0.58 0.34
  324 Y     1  -2  -1  -2  -1  -3  -2   0  -1  -1  -2  -3  -2   3  -2   2   0   4   4   0   11   2   3   2   1   1   3   9   1   3   4   1   1  12   3  13   6   6  12   6  0.30 0.22
  325 K     0  -1   4  -1  -4   0  -3   0  -3  -1  -3  -1  -2  -2  -1   2   2  -1  -3  -1    8   4  19   4   0   4   1   9   0   3   3   3   1   2   3  15  14   1   1   5  0.34 0.26
  326 D     2  -2   3   0  -3   0  -1   1  -1  -1  -2  -2  -2  -2   0   0   1  -1   1   1   15   2  13   5   0   4   4   9   2   3   4   2   1   2   4   6   8   1   6   9  0.15 0.15
  327 S     0   0   1   1  -2   2   0   0  -2  -1  -2  -1  -1  -1   0   2   1  -1  -1  -1    8   4   6   9   1   8   5   9   1   3   5   2   1   2   5  15   8   1   2   4  0.13 0.13
  328 P     1  -2  -1   0  -2   1  -1   1  -2  -1  -2  -2  -2  -2   3   2   1   0  -2   0   13   2   3   4   1   6   3  10   1   4   3   2   1   2  15  14   8   2   1   6  0.23 0.19
  329 L     1   0   2   0  -2  -1  -1   2  -2  -1  -1  -2  -1   0   0   0   1  -1   1  -1   11   4   9   5   1   2   4  15   1   3   6   2   1   5   5   7   9   1   5   4  0.10 0.10
  330 T     1   0   0  -1   0   0  -1   0  -1   0  -1  -1  -1   0  -1   1   1   1   0   1   12   4   5   3   2   4   3   9   1   5   6   2   2   3   3  11   9   2   3  12  0.06 0.07
  331 D    -1   0   1   1  -2  -1  -1   3  -1  -1  -2   0  -2  -2   2   1   1  -2   0  -2    6   4   8   8   1   2   3  19   1   4   3   5   1   2   9  10   7   1   3   3  0.19 0.15
  332 M     1  -4  -4  -4   2  -3  -3  -1  -4   3   0  -4   1   3  -3  -2  -1  -4   0   4   11   1   1   1   4   1   2   5   0  16   7   1   3  12   2   4   3   0   3  24  0.49 0.28
  333 R    -1   3   2  -2   0   0  -3  -3   1  -3  -2  -2   0   3  -4   0  -1   0   5  -3    5  13   9   2   2   5   1   2   4   1   4   2   3  13   1   7   3   1  19   2  0.51 0.34
  334 W    -9  -9  -9  -9  -9  -8  -9  -9  -8  -3  -6  -9  -4   1  -9  -9  -9  12   4  -3    0   0   0   0   0   0   0   0   0   2   1   0   0   6   0   0   0  72  14   3  4.06 1.68
  335 I    -7  -1  -8  -8  -4  -3  -1  -9  -3   5   1  -5   2   6  -8  -5  -6   2   0  -1    0   4   0   0   0   2   5   0   1  28  14   1   5  30   0   1   0   2   3   4  1.25 0.64
  336 A     7  -9  -9 -10  -1  -9  -9  -6  -9  -9  -9  -9  -9 -10  -9  -3  -6 -10 -10  -2   93   0   0   0   1   0   0   0   0   0   0   0   0   0   0   2   0   0   0   3  2.78 1.35
  337 I    -7  -4 -10 -10  -8  -9  -7 -10 -10   8  -1  -4   0   0 -10  -7  -3   0  -8   2    0   1   0   0   0   0   0   0   0  69   5   1   3   4   0   0   2   1   0  13  2.16 0.98
  338 G    -8 -10  -8  -9 -11 -10 -10   8 -10 -12 -12 -10 -11 -11 -10  -8 -10 -11 -11 -11    0   0   0   0   0   0   0 100   0   0   0   0   0   0   0   0   0   0   0   0  3.40 1.48
  339 W    -9  -9  -9 -10  -9  -8  -9 -10  -5  -8  -8  -9  -8   3 -10  -9  -9   6  10  -8    0   0   0   0   0   0   0   0   0   0   0   0   0   9   0   0   0  11  79   0  3.56 1.45

                      K         Lambda
Standard Ungapped    0.1303     0.3145
Standard Gapped      0.0390     0.2670
PSI Ungapped         0.1274     0.3180
PSI Gapped           0.0390     0.2670
