
Last position-specific scoring matrix computed, weighted observed percentages rounded down, information per position, and relative weight of gapless real matches to pseudocounts
            A   R   N   D   C   Q   E   G   H   I   L   K   M   F   P   S   T   W   Y   V   A   R   N   D   C   Q   E   G   H   I   L   K   M   F   P   S   T   W   Y   V
    1 M    -3  -4  -5  -6  -4  -3  -4  -5  -4   0   0  -4  10  -2  -5  -4  -3  -4  -3  -1    0   0   0   0   0   0   0   0   0   4   0   0  96   0   0   0   0   0   0   0  2.21 0.51
    2 A     0   0   4  -1  -3   3   0  -2  -2  -4  -4   3  -3  -4  -3   3   1  -4  -3  -3    5   3  22   0   0  14   3   0   0   0   0  18   0   0   0  28   6   0   0   0  0.55 0.26
    3 D    -3   0   3   1  -4  -1   1  -4   1  -4  -4   1  -4  -5  -4   1   5  -5  -4  -4    0   5  16   9   0   2   8   0   4   0   0  10   0   0   0   9  39   0   0   0  0.69 0.37
    4 L    -4  -5  -2  -6  -4  -4  -4  -6  -5   3   3  -3   7   4  -6  -5  -2  -4   1  -1    0   0   2   0   0   0   1   0   0  15  25   1  33  14   0   0   2   0   4   3  1.06 0.50
    5 Q    -2   0   3   2  -3   1   4  -3   1  -3  -4   2  -2  -3   0   0  -1  -5  -1  -4    3   4  15  10   1   7  26   1   3   2   1  13   1   1   5   6   2   0   2   0  0.47 0.30
    6 Q    -1  -1   1   2  -5   3   5  -3  -3  -5  -4   0  -4  -5  -4  -1   1  -5  -3  -3    4   2   6  13   0  11  41   1   0   0   2   6   0   0   0   3  10   0   1   1  0.76 0.43
    7 L    -3  -3  -6  -6   0  -5  -6  -6  -3   2   5  -2   1  -1  -6  -4  -3  -5   0   0    2   1   0   0   2   0   0   0   1  10  67   2   3   2   0   1   1   0   4   4  1.07 0.50
    8 I    -2  -3   0  -4  -1   2   0  -5  -2   5  -1  -1  -2   1  -4  -2   1  -4   1   2    2   1   5   0   1  12   5   0   1  34   2   3   0   5   0   2  10   0   5  13  0.47 0.34
    9 K    -1   0   2   1  -3   3   3  -1   0  -3  -4   2  -2  -4   0  -1   0  -5  -2  -3    4   3  11   8   0  13  21   4   2   1   0  15   1   1   5   3   5   0   2   2  0.40 0.28
   10 N    -2   1   3  -1  -5   1  -1  -3  -1  -2   1   5   0  -4  -4  -1  -2  -5   0  -3    3   8  13   2   0   6   3   1   1   2  16  34   3   0   0   3   1   0   3   1  0.50 0.34
   11 I    -4  -6  -7  -7  -5  -6  -7  -7  -7   6  -1  -6  -1  -1  -6  -6  -1  -6  -2   5    0   0   0   0   0   0   0   0   0  44   4   0   1   2   0   0   4   0   1  43  1.53 0.63
   12 E    -1   1   0   0  -3   2   3  -3  -1   3  -1   2  -2  -4  -4  -1  -1  -5  -3  -1    3   9   4   4   0   8  22   1   2  19   5  12   1   0   0   3   3   0   1   4  0.32 0.26
   13 Q     0  -1   2   2  -5   4   2  -1  -1  -3  -3   1  -1  -5  -4  -1   0  -5  -2  -1    6   3   8  12   0  24  14   4   1   1   3  10   1   0   0   3   4   0   1   4  0.43 0.30
   14 W    -8  -2  -9 -10  -8  -7  -8  -8  -8  -8  -3  -8  -1  -1  -9  -8  -8  13   0  -8    0   3   0   0   0   0   0   0   0   0   3   0   1   3   0   0   0  87   2   0  4.44 1.38
   15 A     5  -4  -4  -4  -4  -4  -2   0   4   0  -3  -2  -4   1  -4   2  -3  -5  -1  -2   47   0   0   1   0   0   2   6   9   6   1   1   0   7   0  15   0   0   2   2  0.73 0.46
   16 E    -1   0  -2   1  -3   1   3  -2   2   1  -3   3  -1  -2  -3   0   0  -4  -1  -1    4   5   1   7   0   6  19   2   5  10   2  21   1   2   0   5   5   0   2   3  0.28 0.24
   17 D     0  -3   0   5  -6   2   4  -3  -2  -3  -6   0  -5  -2  -4  -2  -4  -6  -5  -3    9   1   3  35   0   8  29   1   1   1   0   5   0   2   0   2   0   0   0   2  0.93 0.49
   18 R    -5   7  -4  -5  -6   0  -4  -6   1  -4  -4   4  -5  -2  -5  -2  -5  -6  -2  -3    0  61   0   0   0   3   0   0   3   1   1  21   0   2   0   3   0   0   1   2  1.61 0.70
   19 N    -3  -3   5   2  -6  -1  -1   5   0  -7  -7  -1  -6  -6  -5  -3  -3  -6  -6  -6    1   1  32  11   0   3   3  41   2   0   0   4   0   0   0   1   1   0   0   0  1.20 0.57
   20 L    -3  -5  -6  -6  -5  -2  -6  -6   0   5   5  -5  -2   0  -6  -5  -3   1  -2  -1    2   0   0   0   0   2   0   0   2  30  51   0   0   4   0   0   1   2   1   3  1.13 0.53
   21 V     0  -1   0   0  -2  -2  -1  -2   0   3   1  -1  -1   1  -1  -1   1  -2   0   1    6   3   4   5   0   1   4   2   3  19  16   3   0   5   2   3   8   0   3  12  0.10 0.10
   22 E    -2  -1   3   4  -5   1   2  -1   3  -4  -5   2  -4  -5  -1  -1  -1  -5   0  -3    2   2  17  22   0   4  13   3   8   1   0  12   0   0   3   4   3   0   3   2  0.55 0.35
   23 D    -2  -1   2  -2  -4   1   0   3   0  -1  -4   2  -3   0  -1   0   1   0   0  -2    2   3  11   1   0   6   6  22   2   4   1  17   0   5   3   5   8   2   3   2  0.27 0.24
   24 S     2  -3  -1  -1   0   1  -1   2   1  -4  -3  -2  -3  -1  -2   3  -1   1  -1  -2   19   0   2   4   2   6   3  17   4   0   1   2   0   3   2  26   2   2   2   3  0.35 0.29
   25 T    -4  -1   4   4  -2  -1   0  -3  -4  -3  -3  -1  -5  -1  -2   0   4  -6  -3  -3    0   3  18  26   1   2   4   1   0   2   3   3   0   2   2   6  24   0   1   1  0.70 0.42
   26 P     1  -3  -3  -1  -2  -2  -1  -3  -4   1   0  -3  -3  -2   5   1   1   1  -3  -1   11   1   1   4   1   1   3   2   0   9  11   1   0   2  30   9   8   2   1   4  0.48 0.30
   27 Q    -1   0   1   1  -2   1   2  -2   0   0  -1   2  -1   0  -1  -1   0  -1   0  -1    5   3   7   8   1   7  13   1   3   6   6  15   1   5   2   3   5   1   4   3  0.12 0.13
   28 K     1   0   1   0  -4  -1  -2   0  -2   0  -3   4  -1  -2  -1   0   1   0  -4  -1   12   5   6   6   0   2   1   7   1   6   1  26   2   2   3   7   9   1   0   3  0.23 0.22
   29 Q    -4  -2  -5  -5  -7   8   2  -4   1  -7  -2  -4  -1  -7  -6  -5  -3  -7  -6  -4    1   2   0   0   0  72  10   1   3   0   5   0   2   0   0   0   1   0   0   1  2.08 0.90
   30 F     1  -2  -4  -4   1  -2  -4  -2  -3   1   1  -2   3   4  -4  -1   0   2   2   1   11   1   0   0   4   1   0   3   0   6  13   2   8  19   0   5   6   2   8  10  0.31 0.22
   31 I    -2  -1  -3  -1  -1  -1  -2  -3  -4   2   4  -1   4  -2  -3  -3   0  -4  -2   0    2   3   1   3   1   2   3   1   0  10  41   4  14   1   1   1   6   0   1   5  0.46 0.29
   32 K    -2   0   1  -4  -6  -1  -3  -3   2  -5  -3   7   0  -2  -4  -3  -4  -6  -2  -5    3   2   6   0   0   1   0   1   5   0   2  71   3   2   0   0   0   0   2   0  1.36 0.58
   33 L    -2  -5  -5  -6   0  -2  -5  -2  -5   1   5  -5   2   1  -5  -1   1  -5  -4   0    4   0   0   0   2   2   0   3   0   6  56   0   5   4   0   4   9   0   0   5  0.79 0.38
   34 M     0  -1   0  -1  -1   0  -1  -2   0   2   0  -1   2   1  -3  -1   1   0   1   1    8   3   4   2   1   6   3   3   2  14   9   2   6   8   0   4   8   1   4  12  0.08 0.09
   35 E     1  -4  -1  -3  -6   0   7  -5  -4  -3  -6  -1  -5  -7  -5   1  -1  -7  -6  -3   11   0   3   0   0   2  64   0   0   2   0   2   0   0   0  10   3   0   0   2  1.34 0.59
   36 E    -5  -4   0  -3  -8  -3   7  -6  -5  -8  -7   1  -6  -8  -6  -1   0  -7  -7  -7    0   0   4   0   0   0  81   0   0   0   0   6   0   0   0   4   5   0   0   0  2.06 0.78
   37 F     0  -4   0  -2   4   0  -4  -2  -1   1   0  -3   2   3  -4  -1  -1   0   0   3    7   0   5   2  10   5   0   2   1   5   9   1   6  12   0   4   3   1   2  25  0.30 0.21
   38 G     0  -5  -1  -1  -1  -2  -3   6  -1  -3  -4  -1  -5  -1  -5  -1  -2  -6  -2  -3    8   0   2   4   1   2   1  60   1   2   2   5   0   3   0   4   2   0   1   2  1.00 0.42
   39 E    -4  -3   0  -2  -7   0   7  -6  -4  -6  -2   2  -5  -7  -5  -4  -4  -6  -6  -6    0   0   4   0   0   3  78   0   0   0   5  10   0   0   0   0   0   0   0   0  1.74 0.62
   40 L    -2  -5  -6  -6  -4  -5  -5  -6  -5   2   5  -5   1   1  -5  -3  -2  -4   0   1    3   0   0   0   0   0   0   0   0   9  67   0   3   5   0   2   2   0   3   8  1.03 0.39
   41 C     3  -1  -1  -3   4  -1  -2  -1  -1   1  -2  -1   0  -1  -3   2   1   0   0  -1   24   3   3   1  10   3   1   3   1   9   2   4   2   3   0  14   7   1   4   4  0.23 0.21
   42 S     1   0   0   2  -2   1   2  -1   1  -1  -1   1  -1  -4  -2   1   1  -4  -2  -2   11   5   4  12   1   6  15   4   3   3   6   8   1   0   1   9   9   0   1   1  0.18 0.15
   43 G     5  -2   0  -2   0  -3  -1   1   2  -2  -3  -3  -3  -1  -4   0  -3  -5  -1  -2   50   2   4   2   2   0   4  11   6   2   2   0   0   2   0   7   0   0   2   3  0.60 0.45
   44 V    -2  -1  -4  -4   1  -3  -2  -4   1   4   2  -1   2   1  -4  -3  -1   2   2   2    3   4   0   0   4   0   3   0   4  25  17   5   4   6   0   0   3   3   7  12  0.32 0.27
   45 A     1   0   1  -1   1   0  -1  -1   1   1   0   0   0   0  -2   0   0  -2   0   1   15   4   7   3   4   5   4   3   4   8  12   4   3   3   0   6   4   0   3  10  0.03 0.07
   46 K    -2   2   1   1  -4   2   1  -1   1  -2  -2   3  -3  -3  -1   0  -1  -4   0  -1    0  11   7   9   0  10   7   4   3   2   3  23   0   0   3   5   3   0   3   4  0.27 0.24
   47 N    -2  -1   4   3  -1   0   0   3   2  -4  -5   1  -4  -2  -3   0  -2  -5  -3  -4    2   4  21  15   1   3   6  21   5   1   0   8   0   2   1   7   1   0   1   1  0.50 0.37
   48 K    -1   1   4   5  -6   0  -1  -3   0  -6  -4   2  -2  -6  -1  -1  -4   0  -3  -4    4   6  23  29   0   3   3   2   2   0   1  15   1   0   3   5   0   2   1   1  0.75 0.49
   49 P    -1   2   0   1  -4   0   1  -2   2   0  -1   2   0  -1   1  -1  -1  -4  -1  -1    4  14   3   9   0   4  10   2   7   5   6  14   3   2   7   2   2   0   2   4  0.18 0.18
   50 D     1  -2   0   4  -2   1   3  -1  -1  -1  -2   0  -1  -2  -1   0  -2  -1  -3  -2   10   1   4  21   1   5  25   4   1   3   3   6   1   1   2   5   2   1   1   3  0.36 0.30
   51 V     1   0   0   1   0   1   3   0   0  -2   0   1   0  -3  -3  -1  -1  -4  -1  -1   11   3   3   7   2   6  19   8   2   2  12   8   3   0   0   4   3   0   2   4  0.14 0.18
   52 I    -2  -2  -5  -2   3  -2   0  -3  -5   5   2  -4   1   1  -5  -3  -1  -5  -1   2    2   2   0   2   5   1   8   2   0  31  18   0   4   5   0   1   4   0   2  13  0.51 0.36
   53 K    -1   2  -4  -2  -5   1   0  -5  -1   3  -2   5   0  -1  -2  -2  -2  -5  -4   0    5  10   0   2   0   5   7   0   1  18   4  34   2   2   1   2   2   0   0   5  0.53 0.42
   54 D    -5  -3  -1   7  -7  -4   1  -5  -5  -1  -5   0  -2  -7  -5  -1  -2  -8  -6  -6    0   1   2  74   0   0   7   0   0   4   1   5   1   0   0   4   3   0   0   0  1.75 0.68
   55 S     4  -4  -3   1  -1  -3   2   2  -4  -3  -5  -3  -4  -5  -4   3  -2  -5  -2  -4   31   0   0   8   1   0  17  17   0   1   0   0   0   0   0  21   1   0   2   0  0.65 0.40
   56 I    -3  -6  -6  -2  -4  -5  -6  -6  -6   6   2  -5   2  -1  -6  -5  -1  -5  -2   3    1   0   0   3   0   0   0   0   0  52  19   0   4   2   0   0   3   0   1  15  1.11 0.48
   57 G    -2  -6  -4  -5   1  -5  -5   7  -5  -7  -6  -5  -6  -6  -5  -4  -5  -6  -6  -6    2   0   0   0   3   0   0  91   0   0   0   0   0   0   0   0   0   0   0   0  2.27 0.76
   58 D    -5  -5   0   8  -6  -4  -1  -3  -1  -6  -7  -4  -6  -6  -5  -2  -4  -7  -6  -6    0   0   4  84   0   0   3   2   2   0   0   0   0   0   0   3   0   0   0   0  2.22 0.77
   59 C    -1  -4  -4  -5   5  -2  -4  -4  -5   4   0  -4   4  -1  -5  -1   1  -4  -1   3    4   1   0   0  12   1   0   1   0  27   8   0  11   1   0   6   8   0   2  17  0.60 0.33
   60 F    -2  -4  -3  -5  -2   0  -4  -4  -1   2   3  -4   3   4  -5  -3  -1  -3   2   1    3   0   1   0   1   4   0   1   2  11  31   0   7  20   0   1   4   0   6   8  0.53 0.29
   61 V    -4  -6  -6  -7  -4  -6  -6  -7  -6   3  -2  -4   0   2  -6  -5  -1  -5   0   7    0   0   0   0   0   0   0   0   0  13   0   1   2   8   0   0   3   0   3  71  1.51 0.63
   62 V    -1  -5  -2  -5   2  -1  -2  -5  -5   0  -1  -4   0  -2  -5  -3   3  -1   1   5    5   0   2   0   4   2   2   0   0   4   4   0   1   2   0   0  22   1   5  46  0.75 0.43
   63 M    -2  -5  -6  -6   2  -5  -4  -4  -5   2   5  -5   5  -3  -6  -2  -2  -5  -4  -1    4   0   0   0   4   0   1   1   0   9  61   0  13   0   0   3   2   0   0   2  1.04 0.48
   64 V    -1  -4  -1  -4  -2  -5  -5  -4  -5   5  -1  -5   0  -2  -5  -3   3  -5  -4   3    6   1   3   1   1   0   0   1   0  42   2   0   1   1   0   1  19   0   0  21  0.87 0.44
   65 I    -2  -3   4  -2   2  -2  -4   0  -4   5  -1  -4   1  -4  -5  -2  -3  -5  -4   2    2   1  19   2   4   2   0   7   0  42   2   0   3   0   0   3   0   0   0  14  0.74 0.41
   66 L    -1  -4  -5  -5  -4  -1  -3  -4  -1   3   4  -4   3   1  -5  -3  -3  -3   2   0    4   0   0   0   0   3   1   1   1  21  40   1   7   6   0   2   0   0   8   4  0.61 0.33
   67 A     4  -3   0  -4   7  -4  -4  -2   0  -2  -1  -3   1  -4  -4   1  -2  -5  -2  -3   37   1   4   0  28   0   1   2   3   2   5   1   4   0   0   9   2   0   2   1  0.92 0.46
   68 K     1   1   2  -1  -4   2   2  -3   3  -2   0   1   2  -3  -3  -1  -1  -4  -1  -2   11   9  12   2   0  11  13   0   7   1  10   8   6   0   0   3   3   0   2   1  0.23 0.20
   69 Q    -4   2  -2  -3  -2   6   0  -4   0  -1   0  -1   4  -1  -5  -2  -3  -2  -2  -3    0   9   1   0   1  44   4   1   2   4  10   3  13   3   0   2   1   0   1   1  0.86 0.49
   70 N    -1   1   2  -1  -1   1   0  -2   2   0   1   0   2  -2  -3   0   0  -2  -1  -1    4   8  11   2   1   8   5   2   5   4  19   6   8   0   0   6   5   1   2   1  0.13 0.16
   71 H    -3  -2   4   2  -3   0  -1   5  -2  -5  -5   0  -5  -4  -4  -1  -2  -5  -1  -5    0   1  23  13   1   3   3  41   0   0   1   6   0   1   0   2   2   0   2   0  0.87 0.43
   72 I    -2  -2  -4  -4  -2  -3  -3  -3  -1   4   3  -3   2   2  -4  -3  -1  -1   2   2    3   2   0   0   1   1   1   2   2  25  26   1   5   9   0   1   2   1   6  11  0.43 0.24
   73 D    -2  -2   3   5  -4  -1   1  -1   0  -2  -4   0  -3  -4  -1   1   1  -4  -3  -3    2   1  12  37   0   2   8   4   3   2   1   5   0   1   2   9  10   0   0   1  0.60 0.30
   74 S     0  -2  -1  -2   0  -1   0  -2  -1   1   2   0   1   0   2   0  -1  -2  -1   0   10   1   2   2   2   1   6   1   1  11  21   5   3   3  11   7   3   0   2   7  0.11 0.09
   75 V     0  -1   0   1  -2   0   1  -1  -1   0   0   0  -1  -1  -1   0   1  -2  -1   1    8   3   4  10   0   4  11   5   1   5   9   6   1   3   3   4  10   0   2  12  0.04 0.05
   76 L     0  -1   0   0  -1   0   0  -1   0   0   1   0   0   1  -1   0   0   1   1   0    7   3   4   6   1   2   5   4   2   6  14   6   3   9   2   8   5   3   6   4  0.02 0.02
   77 E     0   0   0   0   1   0   2  -1   0   0  -1   0  -1  -1   0   0   0   0   0   0    7   4   5   6   4   4  16   5   3   6   6   4   2   2   3   9   4   1   4   6  0.05 0.03
   78 K     0   0   0   0  -1   0   0  -1   0   0   0   1   0   1  -1   0   0   0   0   0    8   3   3   5   1   2   7   4   2   8  11  12   3   7   3   9   5   2   2   6  0.01 0.02
   79 I     0  -1   0   0   1  -1  -1  -1   0   2   1  -1   0   1  -1   0   0  -1   1   1    5   3   4   5   3   3   2   3   3  20  13   3   2   5   3   6   5   1   5   7  0.04 0.05
   80 S     0  -1   1   2  -3   0   4  -2  -1  -1  -2   0  -2  -1  -2   0  -1  -1  -1  -1    8   3   7  14   0   4  27   3   1   3   4   5   1   3   2   7   3   1   2   3  0.27 0.19
   81 D    -1  -1  -2   3   8  -2   0  -3  -1  -2  -2   0  -3  -4  -1  -1   0  -4  -1  -2    4   3   2  17  31   2   7   2   1   2   5   5   0   1   3   5   6   0   2   3  0.73 0.35
   82 L     0  -1  -3  -2   0  -2  -1  -3   0   2   3  -2   0   1  -2  -2  -1  -1  -1   1    7   3   1   3   2   1   5   2   3  13  31   2   1   6   1   3   3   1   2  12  0.22 0.16
   83 D     0   0   2   2  -2   2   2  -1  -1  -2  -1   0   0  -2  -1   0  -1  -3  -1  -1    8   4  12  14   1   8  15   4   1   2   5   4   3   1   3   5   2   0   2   5  0.19 0.15
   84 S     1   0   0   0   0   1   0   0   1   0   0   0   0  -1  -1   0   0  -2   0   0   11   3   5   6   2   8   5   6   4   5   9   6   2   2   1   9   6   0   3   6  0.03 0.04
   85 S     4   1   1  -3  -1  -2   0   0   1  -2  -2   0  -1  -1  -1   0   0  -4  -2  -1   37   9   6   1   1   0   5   5   3   3   2   6   1   3   3   7   4   0   1   3  0.30 0.25
   86 F    -1  -3  -4  -1  -4  -3  -2  -4  -1  -1  -1  -2   0   3  -2  -1   0   5   6  -1    4   1   1   3   0   1   3   1   1   4   6   3   2  13   2   5   7   7  31   5  0.66 0.35
   87 E    -1   1   3   3   0   0   2   0   0  -1  -2   0  -1  -2  -3  -1   0  -1  -1  -2    4   6  13  16   2   3  16   6   2   4   4   6   1   1   1   3   5   1   2   3  0.22 0.16
   88 K    -1   1  -2   1  -4   1   3  -3  -1  -1  -1   2  -2  -3  -1  -1   0   2   1  -1    4   7   1   6   0   7  24   1   1   4   6  15   0   0   3   3   5   3   5   5  0.27 0.21
   89 I    -3  -1  -1  -2   1  -1  -1  -3  -4   6   0  -3  -1   0   0  -3   0  -4   0   0    1   4   3   3   2   3   4   2   0  45   7   1   1   3   5   1   6   0   4   5  0.56 0.34
   90 S     0  -2   1   0  -1  -1  -1  -2  -1  -3  -3   5  -3  -2  -1   2   0  -4   0  -3    8   1   6   6   1   2   3   3   1   1   2  37   0   2   2  15   6   0   3   1  0.47 0.32
   91 D    -2  -2   2   5  -2  -2   1  -1  -2  -4  -3   0  -1  -4  -1  -1   1   0  -1  -2    2   2  10  38   1   0  10   5   1   1   3   6   1   0   4   4   8   1   2   2  0.60 0.34
   92 L    -2   5  -1   1  -1   0  -1  -3  -3   0   1   0  -1   0  -3  -1  -1  -4  -1  -1    2  35   3   7   1   3   4   2   0   5  15   4   1   4   1   4   3   0   2   5  0.41 0.29
   93 N    -1   0   3   1  -4   0   0  -1   4  -4  -3   4  -2  -4  -2  -1   0   0  -1  -3    3   3  13   8   0   3   6   4  10   1   3  29   1   0   2   4   5   2   2   2  0.42 0.28
   94 S    -1  -1   0   2  -2  -1  -1   4  -3  -3  -2   0  -3  -2   0   0  -1  -3  -1  -1    5   3   3  13   1   2   3  34   0   1   5   5   0   2   4   8   4   0   3   4  0.36 0.23
   95 F    -1  -1  -1  -1  -3  -1  -1  -2   1   1   0   4   0   2  -2  -1  -1   1   1  -1    3   1   3   4   0   1   4   2   4  10   8  29   3   8   2   4   4   2   6   4  0.21 0.19
   96 Q     0   1   1   0  -1   0   0  -1   2  -2  -1   1   1   0   0   0   0  -1   1  -1    8   9  10   4   1   4   6   5   6   2   4  10   4   6   4   6   5   1   4   3  0.07 0.07
   97 H     0   0   2   0  -3   0   1  -1   4  -1  -1  -1  -1  -1   0   0  -1  -1   1   0    9   6  10   5   0   3  11   4  12   4   4   2   1   2   4   7   2   1   5   6  0.12 0.11
   98 V     0   0   0  -1  -1   0   0  -1  -1   0   0   1   0   1  -1   0   0   0   1   0    7   6   4   3   1   3   3   5   1   8  10  10   1   6   3  11   3   1   6   8  0.01 0.04
   99 F    -1  -1  -1   1  -1  -1  -1   1   1   0   0  -1   1   3  -1  -1  -1  -2   0  -1    5   3   2   8   1   2   4  11   5   7  11   4   4  17   3   5   3   0   3   1  0.08 0.10
  100 E     0  -1   2   1   1   2   1   0   0  -1  -1   0  -2  -1  -1   0   1  -3  -2  -1    6   3  10   9   4  10  11   6   2   3   7   4   0   2   3   6  10   0   1   4  0.10 0.10
  101 L     0  -1   0  -1   1  -1  -1  -1   2   0   1   1   0   0  -2   0   0   2   1  -1    6   1   5   4   3   3   3   4   6   4  20  11   3   5   1   6   4   4   5   3  0.06 0.09
  102 G     0  -1  -1   0   0   0   0   1   0  -1  -2   1  -1   1   0   1   0  -2   1  -1    7   2   2   5   2   2   6  11   2   3   3  11   1   7   5  16   3   0   5   5  0.08 0.09
  103 V     0  -1  -1  -2  -1  -1  -1  -2  -1   2   1  -1   1   1   1  -1   0   0   0   2    5   2   3   2   1   1   3   3   1  13  13   4   3   7   7   5   5   1   2  17  0.08 0.08
  104 E    -1   0   1   2  -3   1   2  -3   1  -1  -2   2  -1  -1  -2  -1  -1   0   1   0    5   4   7  14   0   6  15   1   3   3   3  14   1   2   2   4   3   1   5   8  0.20 0.16
  105 E     0   0   0   0  -1   1   2  -2   0  -2  -1   1  -1  -1   0   0   0   0   1  -1    8   4   5   5   1   7  18   2   2   2   7   8   1   2   3   7   6   1   5   4  0.11 0.11
  106 I     0   0   1   0   0   0   0   0   2   0   0  -1   1   0  -1   0   0   2   1  -1    6   4   8   4   3   5   4   7   6   5  11   2   4   3   3   7   6   3   6   4  0.03 0.05
  107 I     0  -1  -2  -1   1  -3  -2  -3  -3   2   2  -2   1   1  -3  -1  -2   1   3   1    8   3   1   4   3   0   2   2   0  16  22   2   3   5   0   5   1   2  12   7  0.24 0.19
  108 V     0   0  -2  -2  -1  -2  -2   0  -3   2   2  -1   1   1  -1  -2   0  -3   0   0    9   5   2   2   1   1   2   8   0  11  25   2   3   7   3   2   6   0   4   6  0.12 0.13
  109 E    -1   1  -1   1   0   1   2  -2   2  -1  -2   1   0   0  -3   1  -1   0  -1  -2    4   9   2  10   2   6  17   2   6   5   3  11   3   5   0  10   2   1   1   2  0.19 0.17
  110 T     1  -3  -2   0  -3   0  -1  -2  -1   2   2  -3   2   0  -1   0   0  -3   0   0   15   0   1   5   0   4   3   2   1  11  26   0   5   3   3   6   5   0   3   7  0.18 0.18
  111 V     1  -3   1  -1  -3  -1  -2   0  -2   1   0  -1   2   1  -2   1   1   1   1   0   11   0   9   2   0   2   2   9   0   9   8   2   6   6   1  12   9   2   4   6  0.10 0.13
  112 V     0   2   1   0  -1   0  -1   0   1   0  -1   1  -1   0  -2   0  -1   0   0   0    8  12   7   4   1   3   3   7   4   6   4  11   2   6   1   7   3   1   4   7  0.05 0.08
  113 S     0   1   1   0  -1   0   1  -1   2   0   0   0   1   0  -3   1   0   0   0  -1    5   7   7   5   1   4   8   3   6   5   9   5   4   4   0  12   5   1   4   4  0.06 0.08
  114 L    -2  -3  -1  -3   0  -1  -4  -4   1   4   3  -2   1   1  -2  -2  -1  -4  -3   2    3   1   3   1   2   4   0   0   4  25  25   2   3   6   2   3   3   0   0  11  0.38 0.25
  115 G     0  -4   0  -1  -1  -3  -2   5  -4  -4  -2  -1  -4  -2  -2   2  -3   0   0  -1    6   0   5   4   1   0   2  43   0   0   4   4   0   2   2  15   1   1   3   5  0.60 0.35
  116 M    -1   1   1   2  -3   2   1  -2   1  -1   0   2   2  -1  -3   0  -2  -3   0  -1    6   8   6  11   0  10   7   2   4   2   9  13   6   2   0   6   1   0   3   3  0.16 0.16
  117 L    -2  -1  -2  -2   1  -1  -3  -4  -2   2   3  -3   2   2  -4  -2  -2  -3   0   1    3   4   2   3   3   3   1   1   1  14  35   1   4   8   1   3   2   0   3  11  0.38 0.24
  118 A     3  -2   0   0   0  -2  -1  -1  -3  -2  -1  -3   1   1  -3   2   0  -4  -3   0   28   2   5   4   2   1   5   4   0   1   4   1   4   8   0  20   4   0   0   7  0.29 0.26
  119 S     0  -1   1   2  -3   1   1   1   1  -2  -1  -1  -1  -2  -3   2   0  -3   0  -2    9   3   8  11   0   5   9  13   3   2   5   1   2   1   0  16   5   0   4   1  0.18 0.17
  120 E     0   0   0   3  -1   1   2   0  -1  -1  -3  -1  -3  -1  -1   1  -1  -4  -2  -1   10   5   4  21   1   6  13   7   1   3   1   3   0   3   2  10   2   0   1   5  0.23 0.19
  121 L    -2  -2  -4  -1  -3  -1  -1  -4  -1   5   2   0   0   1  -4  -2  -1  -3   1   0    3   2   0   4   0   2   4   1   2  34  20   6   1   5   0   2   4   0   5   4  0.42 0.28
  122 M     1   0   0  -1   0  -1  -1  -1  -1   1   1   0   1   0  -2   0   0  -3  -2   0   15   4   4   4   2   1   3   4   1  11  17   7   5   4   1   5   7   0   1   4  0.06 0.09
  123 G     0   1   1   1   0   0  -1   2   0  -1  -2   2  -2  -1   0   0  -1   2   0  -2    6   9   7   7   2   3   3  14   3   4   3  14   0   4   4   6   3   3   3   3  0.11 0.10
  124 P    -1  -1   2   1  -3  -1   0   2   0  -1  -1   2  -2  -1   0   1   1  -3  -1  -2    5   2  12   7   0   2   4  14   3   3   5  14   0   3   4   8   8   0   2   2  0.14 0.12
  125 N    -1   1   3   1  -3   1   1   0  -1   0  -2   1  -2  -1   0  -1  -1   0  -1  -1    3   7  15   9   0   5  11   7   1   6   2  11   1   3   4   4   2   1   2   5  0.15 0.12
  126 L    -1   0   2  -1   0   0  -1   1   1   0   0  -1   0   0   0   0   1  -2   1   0    5   6  12   1   2   3   4  10   4   4  12   1   3   3   4   6   9   0   5   7  0.04 0.07
  127 E     0   1   3   1  -3   0   1  -2   1  -1  -1   0  -2  -2  -1   0  -1  -3   0  -1    6   9  18   9   0   4  12   3   4   4   5   4   1   2   2   6   4   0   4   5  0.17 0.13
  128 M    -1   0   0  -1   1   0  -1  -1   0   1   1   0   1   0   0  -1   0  -2  -1   0    5   3   5   4   3   5   4   5   3  14  13   9   5   4   3   3   5   0   1   6  0.02 0.05
  129 P    -1   1   1   2  -1   1   1   0  -2  -1  -2   1  -1  -3   1   0   0  -3  -1  -2    5   8   5  15   2   5   9   6   0   3   4   8   1   1   8   7   6   0   2   3  0.15 0.10
  130 P    -1   0   0   1   0   0   0  -2   1   1   0   0   0   0   0   0   1   0   1  -1    5   4   4  10   2   4   6   3   3  12   6   5   3   4   4   7   8   1   7   1  0.04 0.07
  131 Q    -1   0   1   2  -1   1   1  -2   0   0   0   1  -1  -2  -1   0  -1  -2   1  -1    5   6   6  14   1   7   7   1   2   7  10   9   1   1   2   7   3   0   6   4  0.09 0.10
  132 V     0  -2  -2  -2  -1  -1   0  -1  -1   3   1  -2   1  -1  -1   0   1  -3  -1   1    7   1   1   2   1   2   7   4   2  20  14   2   3   2   3   7   9   0   2  12  0.13 0.13
  133 D    -2   0   0   3  -1   1   3  -1   0  -3  -2   1  -1  -1   0   1  -2  -3   0  -3    2   3   5  20   2   7  17   4   2   1   3   7   2   3   5  10   2   0   3   2  0.29 0.21
  134 A     1   0   1   1  -2  -2  -1   0   0   0  -1  -1  -1   1  -2   0   0   1   3   0   12   6   6  11   0   1   2   6   2   7   7   3   1   5   2   6   5   2  12   5  0.08 0.10
  135 I    -1  -1   1   0   2  -1   0  -2   3   1   0  -1   0   1  -2   0   0  -2   1   0    3   2   7   6   6   2   6   2   8  13  10   2   1   6   1   9   6   0   4   6  0.08 0.10
  136 F    -1  -5  -5  -3   0  -4  -5  -4  -5   5   3  -4   2   1  -5  -1  -1  -4  -1   2    4   0   0   1   2   0   0   2   0  37  23   0   5   5   0   5   3   0   1  10  0.69 0.38
  137 G     1   0   1  -1  -3  -1   0   3   0   0  -2   0   0  -2  -3   1  -1   0   0  -1   10   6   7   3   0   2   5  26   2   6   3   4   3   1   0  11   3   1   3   5  0.19 0.17
  138 W    -1   0   2   0  -1   0   1  -1   1  -1  -1   0   0   0  -3   0  -1   5   2  -1    5   5  14   5   1   3  12   4   3   3   7   5   3   4   1   5   3   8   8   3  0.17 0.15
  139 P     0  -2  -3  -2   0  -2  -1  -2  -3   2   2  -3   3   1  -2   0   0  -3   0   2    9   2   1   2   2   1   3   3   0  13  19   1   9   7   1   6   7   0   3  12  0.19 0.16
  140 C    -1  -3  -1  -4   2  -1  -3  -3   1   2   2  -2   2   1  -3  -3   0   2  -2   2    5   1   3   1   4   2   1   2   4  13  25   2   5   5   1   1   6   3   0  16  0.30 0.20
  141 L     1   0   1   0  -1  -1   0  -1   0   1   0   0   1  -1  -2   0   0  -2   1  -1   11   4   9   4   2   1   8   5   2  10  10   7   4   1   1   5   6   0   6   3  0.03 0.07
  142 S    -1   0   2  -1   1  -1   1  -2   2   0  -1  -1  -1   2  -4   0  -1   0   4  -1    4   4  10   2   3   3   8   2   6   6   4   3   1   8   0   8   4   1  19   4  0.23 0.21
  143 L    -1  -7  -8  -8  -6  -6  -7  -8  -7   1   6  -7   0  -4  -7  -6  -5  -6  -6  -2    6   0   0   0   0   0   0   0   0   5  85   0   1   0   0   0   0   0   0   1  1.88 0.85
  144 K    -1  -2   2   1   1   1   0  -3   2   0  -1   0   2   0  -3   0   2  -3   1  -2    5   1  13   7   4   7   5   1   6   6   5   5   6   4   0   6  12   0   5   2  0.16 0.19
  145 L     1   0   0   1   1   0   0   0   0   0   0   0   0   0  -2   1   0  -3  -1  -1   11   5   3  10   3   4   5   8   2   6   9   7   3   5   0  10   5   0   1   3  0.04 0.07
  146 I    -2  -6  -7  -7  -5  -6  -7  -7  -7   6   3  -6  -1   0  -6  -6  -1  -6  -5   3    3   0   0   0   0   0   0   0   0  42  30   0   1   4   0   0   4   0   0  16  1.20 0.58
  147 S     6  -3  -5  -6   5  -5  -3  -3  -6  -6  -4  -5  -5  -3  -5   2   1  -7  -6  -5   59   2   0   0  11   0   1   1   0   0   2   0   0   1   0  16   7   0   0   0  1.33 0.72
  148 R    -1   0   3   0  -4   0   1  -2   2  -1  -1   3   0  -2  -4  -1   0  -4   0  -1    4   5  15   4   0   4  11   3   5   5   5  18   2   1   0   3   7   0   4   5  0.21 0.21
  149 K     1   1   1  -1  -4   0   2  -3   2   0   0   1   1   1  -4   0  -2  -3   2  -1   13   7   7   2   0   3  13   0   5   5   9   8   4   5   0   6   0   0   8   5  0.15 0.19
  150 Y    -3  -3   1  -5   0  -1  -1  -6   3  -1   1  -1   1   2  -6  -5  -5  -3   7  -2    2   1   8   0   2   3   5   0   6   3  16   3   3   8   0   0   0   0  37   2  0.90 0.52
  151 N    -4  -1   4   4   0  -2   0   4  -2  -6  -4   0  -5  -6  -5  -1  -4   0   0  -6    0   4  19  21   3   1   5  31   1   0   2   6   0   0   0   4   0   2   3   0  0.78 0.47
  152 L    -4  -5  -5  -6  -5  -2  -5  -6  -2  -2   4  -3   1   2  -6  -1   2   0   4  -1    0   0   0   0   0   2   0   0   1   1  42   1   4   9   0   6  16   1  13   4  0.79 0.48
  153 M    -4  -2   4   5  -6  -4  -1  -4  -5  -4  -6  -2  -1  -7  -5   2   4  -7  -6  -5    0   2  16  29   0   0   4   1   0   1   0   2   2   0   0  16  29   0   0   0  1.05 0.61
  154 L    -3  -6  -6  -4  -2  -5  -4  -7  -6   2   5  -4   0   4  -1  -5  -1  -5  -3   0    2   0   0   1   1   0   1   0   0  11  49   1   2  18   4   0   3   0   0   5  0.91 0.49
  155 T    -3   1  -1   0  -5   1   4  -3   0  -1  -2   0  -1  -2  -4  -2   2  -5   0   0    1   8   2   5   0   7  33   2   2   3   3   6   1   2   0   2  12   0   3   8  0.42 0.33
  156 D    -1  -4  -1   4  -7   2   6  -4  -1  -6  -3  -1  -5  -7  -5  -2   0  -7  -6  -6    6   0   2  20   0  10  46   1   1   0   3   2   0   0   0   3   5   0   0   0  1.08 0.60
  157 C    -1  -9  -8  -9  12  -8  -9  -8  -9  -7  -7  -8  -7  -8  -8  -4  -1  -8  -8  -6    6   0   0   0  90   0   0   0   0   0   0   0   0   0   0   1   4   0   0   0  4.03 1.36
  158 V    -2  -6  -6  -7  -5  -6  -6  -7  -5   2   4  -6   1   4  -6  -5  -3  -4   1   4    3   0   0   0   0   0   0   0   0  10  37   0   3  17   0   0   1   0   5  24  0.97 0.49
  159 Q    -1   1   1   0  -6   3   5  -4  -3  -4  -4   1  -5  -6  -5   1  -2  -6  -5  -4    5   8   7   4   0  15  37   1   0   1   1   7   0   0   0  10   1   0   0   1  0.75 0.47
  160 A     1  -3  -4  -4  -4  -1   0  -4   3   2   2  -1   1   0  -4   0  -1  -3   2   1   11   0   0   0   0   2   6   0   8  14  20   4   3   3   0   8   3   0   9  10  0.28 0.24
  161 A     7  -6  -6  -6  -5  -5  -5  -5  -6  -6  -6  -5  -6  -2  -6   1  -4  -7  -6  -5   88   0   0   0   0   0   0   0   0   0   0   0   0   2   0  10   0   0   0   0  2.10 0.93
  162 L    -7  -7  -8  -9  -8  -7  -7  -8  -4  -6  -3  -7  -6   2  -8  -7  -7   8   9  -6    0   0   0   0   0   0   0   0   0   0   3   0   0   6   0   0   0  19  72   0  3.07 1.12
  163 G    -5  -4   9  -2  -6  -3  -4   1  -3  -7  -7  -4  -6  -7  -5  -3  -3  -7  -6  -6    0   0  92   0   0   0   0   8   0   0   0   0   0   0   0   0   0   0   0   0  2.40 0.79

                      K         Lambda
Standard Ungapped    0.1362     0.3192
Standard Gapped      0.0416     0.2670
PSI Ungapped         0.1360     0.3176
PSI Gapped           0.0416     0.2670
