
Last position-specific scoring matrix computed, weighted observed percentages rounded down, information per position, and relative weight of gapless real matches to pseudocounts
            A   R   N   D   C   Q   E   G   H   I   L   K   M   F   P   S   T   W   Y   V   A   R   N   D   C   Q   E   G   H   I   L   K   M   F   P   S   T   W   Y   V
    1 M    -1  -2  -3  -3  -1  -1  -3  -3  -2   3   2  -2   5   0  -3  -2  -1  -2  -1   2    0   0   0   0   0   0   0   0   0  41   0   0  59   0   0   0   0   0   0   0  0.30 0.01
    2 K    -1   2   0  -1  -3   1   1  -2  -1  -3  -3   5  -2  -3  -1   0  -1  -3  -2  -3    0   0   0   0   0   0   0   0   0   0   0 100   0   0   0   0   0   0   0   0  0.56 0.02
    3 K    -1   3  -1  -2  -2   0   0  -2  -1   1  -1   3  -1  -2  -2   0   1  -3  -2   0    0  25   0   0   0   0   0   0   0  23   0  32   0   0   0   0  19   0   0   0  0.22 0.02
    4 M    -1  -2  -3  -4  -2  -2  -3  -4  -2   3   2  -2   3   0  -3  -2  -1  -1   2   2    0   0   0   0   0   0   0   0   0  23  26   0  21   0   0   0   0   0  14  17  0.30 0.04
    5 F    -2  -3  -4  -4  -2  -3  -4  -4  -2   1   2  -3   0   6  -4  -3  -2   0   2   0    0   0   0   0   0   0   0   0   0  10  24   0   0  66   0   0   0   0   0   0  0.63 0.06
    6 M     0  -2  -2  -2  -1  -1  -2   1  -2   1   0  -2   4  -1  -2   1   1  -3  -2   1    8   0   0   0   0   0   0  12   0   9   0   0  32   0   0  12  13   0   0  14  0.15 0.04
    7 A     3  -2  -2  -3  -1  -1  -2  -1  -1   0   1  -2   0   0  -2   0   1  -1   2   0   48   0   0   0   0   0   0   0   0   0  25   0   0   0   0   0  13   0  14   0  0.21 0.05
    8 V     0  -3  -3  -4  -2  -3  -3  -3  -3   1   2  -3   1   3  -3  -2  -1  -1   0   2    9   0   0   0   0   0   0   0   0   0  35   0   0  26   0   0   0   0   0  30  0.29 0.04
    9 L     0  -2  -3  -3  -1  -2  -2  -3  -2   2   2  -2   1   3  -3   0  -1  -2   0   1   14   0   0   0   0   0   0   0   0  14  31   0   0  20   0   9   0   0   0  12  0.19 0.03
   10 F    -1  -3  -3  -3  -2  -3  -3  -3  -2   1   1  -3   0   5  -3   0  -1  -1   1   1    0   0   0   0   0   0   0   0   0  12   9   0   0  51   0  14   0   0   0  14  0.36 0.05
   11 A     3  -2  -1  -2  -1  -1  -1   1  -2  -1  -1  -1   2  -2  -1   2   1  -3  -2  -1   40   0   0   0   0   0   0  12   0   0   0   0  14   0   0  22  12   0   0   0  0.26 0.05
   12 L    -1  -2  -1  -2   4  -2  -2   1  -2   0   2  -2   0   1  -2   1   2  -2  -1  -1    0   0   0   0  13   0   0  14   0   0  30   0   0   9   0  12  22   0   0   0  0.16 0.03
   13 A     2  -2  -2  -2  -2  -2  -2   1  -2  -1  -1  -2  -1   4  -2   1  -1  -1   0   0   35   0   0   0   0   0   0  13   0   0   0   0   0  31   0  14   0   0   0   7  0.23 0.04
   14 S     2  -2   0   1  -1  -1  -1  -1  -2  -1   0  -1  -1  -2  -1   3   2  -3  -2  -1   27   0   0  12   0   0   0   0   0   0  12   0   0   0   0  36  14   0   0   0  0.23 0.04
   15 V     2  -2  -1  -2  -1  -1  -1  -1  -2   0  -1  -1  -1   2  -2   3   1  -2  -1   1   21   0   0   0   0   0   0   0   0   0   0   0   0  14   0  39   8   0   0  18  0.20 0.04
   16 N     2  -1   2  -1  -2  -1  -1  -1  -1  -2  -2  -1  -2  -1   3   2   1  -2   2  -1   24   0  18   0   0   0   0   0   0   0   0   0   0   0  14  18  14   0  13   0  0.28 0.04
   17 A     4  -1   1  -2  -1  -1  -1  -1  -2   1  -1   1  -1  -2  -2   0   0  -3  -2   0   62   0  12   0   0   0   0   0   0  14   0  12   0   0   0   0   0   0   0   0  0.25 0.06
   18 M     2  -1  -2  -3  -1  -1  -2  -2  -2   0   2   1   3  -1  -2  -1  -1  -2  -2   0   29   0   0   0   0   0   0   0   0   0  40  14  18   0   0   0   0   0   0   0  0.18 0.04
   19 A     3  -1  -1  -1  -1  -1   1  -1  -1  -2  -2  -1  -1   1  -1   2   1  -2  -1  -1   46   0   0   0   0   0  11   0   0   0   0   0   0  11   0  26   7   0   0   0  0.25 0.04
   20 A     3  -1  -1  -2  -1   1  -1  -1  -2  -2  -2  -1  -2  -3   4   1   0  -3  -2  -1   49   0   0   0   0  11   0   0   0   0   0   0   0   0  27  13   0   0   0   0  0.53 0.04
   21 D    -1   0   1   4  -2   0   0   1  -1  -2  -3   0  -2  -3  -1   1   1  -3  -2  -2    1   8   1  45   0   1   1  13   0   1   1   1   0   1   1  12  12   0   0   1  0.36 0.03
   22 C    -1  -4  -3  -4  10  -4  -4  -3  -4  -2  -2  -4  -2  -3  -4  -1  -1  -3  -3  -1    0   0   0   0 100   0   0   0   0   0   0   0   0   0   0   0   0   0   0   0  1.73 0.12
   23 A     2   1  -2  -2   4  -1  -2  -2  -2   0  -1  -1  -1  -2  -2   1   0  -3  -2   2   29  14   0   0  13   0   0   0   0   0   0   0   0   0   0  13   0   0   0  32  0.18 0.03
   24 K    -1  -1  -1  -1  -2  -1  -1  -2  -2  -2  -2   2  -2  -3   4   0   4  -3  -2  -1    0   0   0   0   0   0   0   0   0   0   0  18   0   0  27   0  55   0   0   0  0.58 0.06
   25 G     0  -3  -1  -2  -3  -2  -3   6  -3  -4  -4  -2  -3  -4  -3  -1  -2  -3  -4  -4    0   0   0   0   0   0   0 100   0   0   0   0   0   0   0   0   0   0   0   0  1.23 0.08
   26 K    -1   2   1  -1  -2   0  -1  -2  -1   0   0   2   0   2  -2  -1   0  -2  -1   0    0  13  11   0   0   0   0   0   0   0  11  31   0  14   0   0   8   0   0  13  0.12 0.02
   27 I    -2  -3  -4  -4  -2  -3  -4  -4  -4   5   1  -3   1  -1  -3  -3  -1  -3  -2   3    0   0   0   0   0   0   0   0   0  87   0   0   0   0   0   0   0   0   0  13  0.55 0.07
   28 E    -1   0   0   0  -2   1   4  -2  -1  -2  -2   1  -2  -3  -1   1   3  -3  -2  -2    0   0   0   0   0   0  45   0   0   0   0  13   0   0   0   8  34   0   0   0  0.41 0.05
   29 F    -2  -1   1  -2  -3  -1  -2  -2   1  -2  -1   1  -1   3  -3   0  -1   1   6  -2    0   0  11   0   0   0   0   0   0   0   0  13   0  18   0  11   0   0  48   0  0.45 0.05
   30 S     0  -2  -2  -2  -1  -2  -2  -3  -2   2   0  -2   0   3  -2   1   1  -2   0   2    0   0   0   0   0   0   0   0   0  13   0   0   0  22   0  18  13   0   0  34  0.18 0.03
   31 K    -1   4   2  -1  -3   1   0  -2  -1  -3  -3   4  -2  -3  -2   0   1  -3  -2  -2    0  27  11   0   0   0   0   0   0   0   0  49   0   0   0   0  13   0   0   0  0.45 0.05
   32 Y    -2  -2  -3  -4  -3  -2  -3  -4   1  -2  -1  -3  -1   4  -4  -2  -2   2   8  -2    0   0   0   0   0   0   0   0   0   0   0   0   0  14   0   0   0   0  86   0  1.09 0.09
   33 N    -2  -1   6   1  -3   0   3  -1   0  -4  -4   0  -3  -4  -2   0  -1  -4  -3  -3    0   0  73   0   0   0  27   0   0   0   0   0   0   0   0   0   0   0   0   0  0.74 0.07
   34 E    -1  -1   2   3  -3   0   3  -1  -1  -3  -3   0  -2  -3  -1   2   1  -4  -2  -2    0   0  13  23   0   0  32   0   0   0   0   0   0   0   0  19  13   0   0   0  0.42 0.03
   35 D    -2  -2   2   6  -4  -1   1   1  -1  -4  -4  -1  -4  -4  -2  -1  -1  -5  -4  -4    0   0   6  83   0   0   0  11   0   0   0   0   0   0   0   0   0   0   0   0  0.91 0.07
   36 D    -2   0   4   4  -4   0   3  -1   0  -4  -4   1  -3  -4  -2   0  -1  -4  -3  -3    0   0  32  31   0   0  23   0   0   0   0  14   0   0   0   0   0   0   0   0  0.55 0.04
   37 T     1  -2  -1  -1  -1  -1  -1  -1  -2   1  -1  -1  -1  -2  -1   2   4  -3  -2   0   13   0   0   0   0   0   0   0   0  14   0   0   0   0   0  22  51   0   0   0  0.32 0.05
   38 F    -2  -2  -3  -3  -2  -2  -2  -3  -2   2   2   0   2   4  -3  -2  -1  -1   1   1    0   0   0   0   0   0   0   0   0  22  26  13   8  31   0   0   0   0   0   0  0.25 0.03
   39 T     1  -1   0  -1  -1  -1  -1  -1  -2  -2  -2  -1  -1  -3  -1   3   4  -3  -2  -1   14   0   0   0   0   0   0   0   0   0   0   0   0   0   0  42  44   0   0   0  0.42 0.05
   40 V    -1  -3  -4  -4  -1  -3  -3  -4  -4   4   1  -3   1  -1  -3  -2  -1  -3  -2   4    0   0   0   0   0   0   0   0   0  51   0   0   0   0   0   0   0   0   0  49  0.46 0.05
   41 K    -1   1  -1  -1  -3   0   0  -2  -1   0  -2   4  -1  -3  -2   1   1  -3  -2  -1    0   0   0   0   0   0   0   0   0  13   0  66   0   0   0  11  11   0   0   0  0.33 0.05
   42 V    -1  -3  -4  -4  -1  -3  -3  -4  -3   3   2  -3   1  -1  -3  -2  -1  -3  -1   4    0   0   0   0   0   0   0   0   0  13  27   0   0   0   0   0   0   0   0  60  0.39 0.04
   43 D     0  -2   0   4  -3  -1   0   4  -2  -4  -4  -1  -3  -4  -2   1  -1  -4  -3  -3    6   0   0  43   0   0   0  38   0   0   0   0   0   0   0  13   0   0   0   0  0.57 0.04
   44 G    -1  -1   3   4  -4   0   0   3  -1  -4  -4   2  -3  -4  -2   0  -1  -4  -3  -3    0   0  24  35   0   0   0  23   0   0   0  18   0   0   0   0   0   0   0   0  0.52 0.08
   45 K     0   1   1  -1  -3   0  -1   1   2  -3  -2   2  -2  -1  -2   0   0  -1   3  -2   11   7  10   0   0   0   0  14   7   0   0  23   0   0   0   0   9   0  18   0  0.20 0.05
   46 E    -2  -1   4   4  -4   1   4  -2  -1  -4  -4   0  -3  -4  -2   0  -1  -4  -3  -3    0   0  29  23   0   0  47   0   0   0   0   0   0   0   0   0   0   0   0   0  0.69 0.10
   47 Y    -2  -2   1  -2  -2  -2  -2  -3   3   0   3  -2   1   0  -3  -2  -1  -1   3   0    0   0  13   0   0   0   0   0  13   0  57   0   0   0   0   0   0   0  16   0  0.28 0.04
   48 W    -3  -3  -3  -4  -3  -2  -3  -4   0  -2  -1  -3  -1   4  -4  -3  -2   7   7  -2    0   0   0   0   0   0   0   0   0   0   0   0   0  26   0   0   0  16  58   0  1.03 0.07
   49 T    -1  -2  -1  -2  -1  -1  -1  -2  -2  -1  -2  -1  -1  -3  -2   1   6  -3  -2  -1    0   0   0   0   0   0   0   0   0   0   0   0   0   0   0   0 100   0   0   0  0.74 0.09
   50 S    -2   3   3   4  -3   0   1  -2  -1  -4  -4   0  -3  -4  -2   1  -1  -4  -3  -3    0  25  22  45   0   0   0   0   0   0   0   0   0   0   0   8   0   0   0   0  0.56 0.05
   51 R    -2   5   2  -1  -4   1   0  -2   3  -4  -3   2  -2  -3  -2  -1  -1  -3  -2  -3    0  66  13   0   0   0   0   0  10   0   0  11   0   0   0   0   0   0   0   0  0.65 0.06
   52 W     0  -2  -2  -2  -3  -1   1  -2  -2  -3  -3  -2  -2  -1   2   0  -2  10   1  -3   11   0   0   0   0   0  13   0   0   0   0   0   0   0  13  10   0  53   0   0  1.20 0.07
   53 N     0   2   5   0  -3   0  -1  -1   4  -3  -3   0  -2  -3  -2   0  -1  -4  -2  -3   11  13  63   0   0   0   0   0  13   0   0   0   0   0   0   0   0   0   0   0  0.56 0.06
   54 L    -2  -3  -4  -4  -2  -3  -3  -4  -3   1   5  -3   2   0  -3  -3  -2  -2  -1   0    0   0   0   0   0   0   0   0   0   0 100   0   0   0   0   0   0   0   0   0  0.63 0.06
   55 Q    -1   2  -1  -1  -3   5   2  -3   0  -2   0   0   0   2  -2  -1  -1  -2  -1  -2    0  12   0   0   0  51  11   0   0   0  13   0   0  13   0   0   0   0   0   0  0.36 0.05
   56 P    -1  -1   1  -1  -3   2  -1  -2  -1  -3  -3  -1  -2  -4   7   1  -1  -4  -3  -3    0   0  12   0   0  13   0   0   0   0   0   0   0   0  61  14   0   0   0   0  1.16 0.06
   57 L    -2  -3  -3  -3  -2  -2  -3  -4  -1   1   2  -3   1   3   2  -2  -2   0   4   0    0   0   0   0   0   0   0   0   0  11  39   0   0  13  13   0   0   0  23   0  0.36 0.03
   58 L    -2  -3  -4  -4  -2  -3  -3  -4  -3   1   5  -3   2   0  -3  -3  -2  -2  -1   0    0   0   0   0   0   0   0   0   0   0 100   0   0   0   0   0   0   0   0   0  0.63 0.06
   59 Q    -2  -2  -2  -3  -2   1  -2  -3  -2   1   1  -2   0   5  -3  -1   1  -1   1   0    0   0   0   0   0  16   0   0   0  13  14   0   0  44   0   0  13   0   0   0  0.28 0.04
   60 S     0  -1   2   2  -2  -1  -1   1  -1  -2  -2  -1   1  -1  -2   3   0  -2   2  -2    0   0  12  13   0   0   0  10   0   0   0   0  11   0   0  41   0   0  13   0  0.23 0.04
   61 A     5  -2  -2  -2  -1  -1  -1   0  -2  -2  -2  -1  -1  -3  -1   2   0  -3  -2  -1   89   0   0   0   0   0   0   0   0   0   0   0   0   0   0  11   0   0   0   0  0.53 0.06
   62 Q    -2  -1  -2  -2  -3   4   0  -3   1  -2  -2  -1  -1   3  -3  -1  -2   1   6  -2    0   0   0   0   0  43   0   0   0   0   0   0   0  11   0   0   0   0  46   0  0.61 0.07
   63 L     1  -2  -2  -3  -1  -2  -2  -2  -3   2   2  -2   2  -1  -2  -1   1  -3  -2   2   23   0   0   0   0   0   0   0   0  25  16   0  11   0   0   0  13   0   0  12  0.18 0.02
   64 T    -1   1  -1  -2  -1  -1  -2  -3  -2   1   1  -1   0  -1  -2   0   3  -3  -2   2    0  13   0   0   0   0   0   0   0   0  23   0   0   0   0   0  40   0   0  23  0.21 0.04
   65 G     0   1  -1  -2  -3   1  -1   5  -2  -4  -4  -1  -3  -4  -2  -1  -2  -3  -3  -3    0  13   0   0   0  12   0  75   0   0   0   0   0   0   0   0   0   0   0   0  0.80 0.05
   66 M    -1   0   0   2  -2   0   2  -2  -1  -1  -1   2   4  -2  -2   1   0  -3  -2  -1    0   0   0  13   0   0  13   0   0   0   0  23  30   0   0  20   0   0   0   0  0.21 0.04
   67 T    -1   2   2   0  -2   0   1  -2  -1  -2  -2   1  -1  -3  -2   1   4  -3  -2  -1    0  11  13   0   0   0  12   0   0   0   0  13   0   0   0   0  50   0   0   0  0.34 0.04
   68 V    -1  -3  -4  -4  -1  -3  -3  -4  -4   2   0  -3   0  -1  -3  -2   0  -3  -2   5    0   0   0   0   0   0   0   0   0   0   0   0   0   0   0   0   0   0   0 100  0.57 0.07
   69 T     0  -1   0   0  -2   0   3  -2  -1  -2  -2   0  -2  -3  -1   2   4  -3  -2  -1    0   0   0   0   0   0  32   0   0   0   0   0   0   0   0  12  56   0   0   0  0.45 0.05
   70 I    -2  -3  -4  -4  -2  -3  -4  -4  -4   5   3  -3   1   0  -3  -3  -1  -3  -2   2    0   0   0   0   0   0   0   0   0  73  27   0   0   0   0   0   0   0   0   0  0.50 0.06
   71 K    -2   2  -1  -2  -3   0   0  -2   5   0  -2   3  -1  -1  -2  -1  -1  -2   2  -2    0  10   0   0   0   0   0   0  27  11   0  40   0   0   0   0   0   0  12   0  0.34 0.04
   72 S     0  -2   0  -1  -1  -1  -1  -2  -2  -1  -2  -1  -1  -3  -2   2   5  -3  -2  -1    0   0   0   0   0   0   0   0   0   0   0   0   0   0   0  16  84   0   0   0  0.61 0.07
   73 S    -1  -1   5   1  -3   0   2  -1   0  -3  -3   0  -2  -3  -2   2   0  -4  -2  -3    0   0  47   0   0   0  23   0   0   0   0   0   0   0   0  30   0   0   0   0  0.52 0.05
   74 T     2  -1   0  -1  -1   0   1  -1  -1  -2  -2  -1  -1  -3  -1   3   3  -3  -2  -1   25   0   0   0   0   0  12   0   0   0   0   0   0   0   0  36  27   0   0   0  0.34 0.04
   75 C    -1  -4  -3  -4  10  -4  -4  -3  -4  -2  -2  -4  -2  -3  -4  -2  -2  -3  -3  -1    0   0   0   0 100   0   0   0   0   0   0   0   0   0   0   0   0   0   0   0  1.79 0.11
   76 E     0   2   0   2  -2   0   1  -2   3  -3  -2   0  -2  -1  -2   1   1  -2   2  -2    8  23   0  13   0   0   8   0  14   0   0   0   0   0   0  10  13   0  11   0  0.22 0.02
   77 S     0  -1   5   0  -2   1   0  -1   0  -3  -3   0  -2  -3  -2   3   0  -4  -2  -3    0   0  48   0   0  10   0   0   0   0   0   0   0   0   0  43   0   0   0   0  0.53 0.06
   78 G     0  -3  -1  -2  -3  -2  -3   6  -3  -4  -4  -2  -3  -4  -3  -1  -2  -3  -4  -4    0   0   0   0   0   0   0 100   0   0   0   0   0   0   0   0   0   0   0   0  1.25 0.07
   79 S     0  -2   0  -1  -3  -1  -1   5   5  -4  -4  -1  -3  -3  -2   1  -1  -3  -1  -3    0   0   0   0   0   0   0  57  27   0   0   0   0   0   0  16   0   0   0   0  0.67 0.05
   80 G     0  -3  -1  -2  -3  -2  -3   6  -3  -4  -4  -2  -3  -4  -3  -1  -2  -3  -4  -4    0   0   0   0   0   0   0 100   0   0   0   0   0   0   0   0   0   0   0   0  1.25 0.07
   81 F    -3  -3  -4  -4  -3  -4  -4  -4  -2  -1   0  -4   0   7  -4  -3  -3   1   3  -1    0   0   0   0   0   0   0   0   0   0   0   0   0 100   0   0   0   0   0   0  1.11 0.09
   82 A     4  -2  -1  -2  -1  -1  -1   2  -2  -2  -2  -1  -2  -3  -1   2   0  -3  -2  -1   75   0   0   0   0   0   0  11   0   0   0   0   0   0   0  14   0   0   0   0  0.45 0.05
   83 E     0  -1   0   0  -3   2   4  -2  -1  -2  -2   0  -2  -3  -2   2   0  -3  -2   0    0   0   0   0   0  11  50   0   0   0   0   0   0   0   0  27   0   0   0  12  0.40 0.05
   84 V    -1  -3  -3  -4  -2  -3  -3  -4  -3   2   0  -3   0   4  -3  -2  -1  -2   0   4    0   0   0   0   0   0   0   0   0   0   0   0   0  27   0   0   0   0   0  73  0.43 0.06
   85 Q     0   1   1  -1  -2   2   0  -2  -1   1  -1   0  -1  -2  -2   2   1  -3  -2   0    0  11  11   0   0  16   0   0   0  14   0   0   0   0   0  25  13   0   0  10  0.16 0.03
   86 F    -2  -3  -4  -4  -2  -3  -4  -4  -2   0   2  -3   1   6  -4  -3  -2   0   2  -1    0   0   0   0   0   0   0   0   0   0  29   0   0  71   0   0   0   0   0   0  0.67 0.05
   87 N    -1   4   4   0  -3   1   0  -2   0  -3  -3   3  -2  -3  -2   0  -1  -4  -2  -3    0  31  32   0   0   0   0   0   0   0   0  37   0   0   0   0   0   0   0   0  0.51 0.04
   88 N    -2  -1   6   1  -3   0   0  -1   1  -4  -4   0  -2  -3  -2   1   0  -4  -2  -3    0   0 100   0   0   0   0   0   0   0   0   0   0   0   0   0   0   0   0   0  0.78 0.02
   89 D    -2  -2   1   6  -3   0   1  -1  -1  -3  -4  -1  -3  -3  -1   0  -1  -4  -3  -3    0   0   0   0   0   0   0   0   0   0   0   0   0   0   0   0   0   0   0   0  0.00     0.00

                      K         Lambda
Standard Ungapped    0.1266     0.3165
Standard Gapped      0.0414     0.2670
PSI Ungapped         0.1353     0.3182
PSI Gapped           0.0414     0.2670
