
Last position-specific scoring matrix computed, weighted observed percentages rounded down, information per position, and relative weight of gapless real matches to pseudocounts
           A  R  N  D  C  Q  E  G  H  I  L  K  M  F  P  S  T  W  Y  V   A   R   N   D   C   Q   E   G   H   I   L   K   M   F   P   S   T   W   Y   V
    1 M   -1 -2 -3 -3 -1 -1 -2 -3 -2  2  2 -2  5  0 -3 -2 -1 -2 -1  2    0   0   0   0   0   0   0   0   0   0   0   0  68   0   0   0   0   0   0  32  0.32 0.02
    2 F   -2 -3 -3 -4 -2 -3 -3 -4 -1  2  1 -3  0  5 -4 -3 -2  0  4  1    0   0   0   0   0   0   0   0   0  32   0   0   0  53   0   0   0   0  14   0  0.53 0.05
    3 M   -1 -2 -3 -3 -1 -2 -3 -3 -3  3  1 -2  3 -1 -3 -1  1 -3 -2  3    0   0   0   0   0   0   0   0   0  35   0   0  22   0   0   0  14   0   0  28  0.28 0.04
    4 T    1 -1  0 -1 -1 -1 -1 -1 -1 -2 -2 -1 -1 -3 -1  4  3 -3 -2 -1    0   0   0   0   0   0   0   0   0   0   0   0   0   0   0  64  36   0   0   0  0.48 0.06
    5 T    2 -1  0 -1 -1 -1 -1 -1 -2 -2 -2 -1 -1 -3 -1  3  3 -3 -2 -1   14   0   0   0   0   0   0   0   0   0   0   0   0   0   0  50  36   0   0   0  0.41 0.05
    6 Y   -2 -3 -3 -4 -3 -3 -3 -4  0 -1 -1 -3 -1  5 -4 -2 -2  1  6 -1    0   0   0   0   0   0   0   0   0   0   0   0   0  46   0   0   0   0  54   0  0.88 0.07
    7 F   -2 -2 -3 -4 -3 -2 -3 -4  1 -1 -1 -3 -1  5 -4 -2 -2  2  7 -1    0   0   0   0   0   0   0   0   0   0   0   0   0  36   0   0   0   0  64   0  0.91 0.07
    8 D   -2 -1  5  5 -4  0  1 -1  0 -4 -4 -1 -3 -4 -2  0 -1 -4 -3 -3    0   0  46  54   0   0   0   0   0   0   0   0   0   0   0   0   0   0   0   0  0.79 0.06
    9 T    0 -2  0 -1 -2 -1 -1  2 -2 -2 -2 -1 -1  2 -2  3  2 -2 -1 -2    0   0   0   0   0   0   0  17   0   0   0   0   0  14   0  47  22   0   0   0  0.28 0.04
   10 R   -1  5 -1 -1 -4  1  0 -2 -1 -3 -3  4 -2 -3 -2 -1 -1 -3 -2 -3    0  54   0   0   0   0   0   0   0   0   0  46   0   0   0   0   0   0   0   0  0.67 0.06
   11 K   -1  1 -1 -1 -3  3  0 -2  0 -2 -2  4 -1 -1 -2  0  1 -1  3 -2    0   0   0   0   0  18   0   0   0   0   0  50   0   0   0   0  14   0  17   0  0.34 0.05
   12 N   -1  3  4  0 -3  0  0 -2  0 -2 -2  3  2 -3 -2  0 -1 -3 -2 -2    0  18  36   0   0   0   0   0   0   0   0  31  14   0   0   0   0   0   0   0  0.35 0.04
   13 F   -1  3 -1 -2 -3  0 -1 -3 -1 -1 -1  3 -1  3 -2 -1 -1 -2  0  1    0  29   0   0   0   0   0   0   0   0   0  31   0  22   0   0   0   0   0  18  0.24 0.04
   14 C    3 -2 -2 -3  5 -2 -2 -1 -2 -1 -1 -2 -1 -2  3  0 -1 -3 -2  1   50   0   0   0  22   0   0   0   0   0   0   0   0   0  14   0   0   0   0  14  0.40 0.04
   15 E   -1 -1 -1  3 -3  1  5 -3 -1 -2  0  0 -1 -3 -2 -1 -1 -3 -2 -2    0   0   0  14   0   0  67   0   0   0  18   0   0   0   0   0   0   0   0   0  0.50 0.05
   16 V    0 -1  0 -1 -1 -1 -1 -2  3  0 -1 -1 -1 -2 -2  2  3 -3 -1  1    0   0   0   0   0   0   0   0  14   0   0   0   0   0   0  18  46   0   0  22  0.26 0.04
   17 V    0 -3 -2 -3 -1 -2 -2 -3 -3  3  1 -2  0 -1 -2  1  0 -3 -2  3    0   0   0   0   0   0   0   0   0  43   0   0   0   0   0  18   0   0   0  39  0.27 0.04
   18 F   -2 -3 -3 -4 -2 -3 -3 -4 -3  3  1 -3  1  4 -3 -3 -1 -1  1  2    0   0   0   0   0   0   0   0   0  46   0   0   0  36   0   0   0   0   0  18  0.40 0.04
   19 S    1 -1  0 -1 -1  0 -1 -1 -1 -2 -3 -1 -2 -3 -1  4  2 -3 -2 -2    0   0   0   0   0   0   0   0   0   0   0   0   0   0   0  83  17   0   0   0  0.52 0.07
   20 K   -1  0  0  2 -2  0  0 -1 -1  0 -1  2 -1 -2  3  0  0 -2 -1  1    2   1   1  16   1   1   2   2   1   1   3  23   1   1  19   2   2   0   1  20  0.21 0.01
   21 A    1 -1  2 -1 -1 -1 -1 -1 -1  1 -1 -1  0 -1 -1  0  1 -2 -1  0   24   1  20   2   1   1   2   2   1  19   3   2   1   1   1   2  16   0   1   2  0.09 0.01
   22 P   -1  3 -1 -2 -3 -1 -1  3 -2 -4 -3  0 -2 -4  4 -1 -2 -3 -3 -3    0  31   0   0   0   0   0  39   0   0   0   0   0   0  30   0   0   0   0   0  0.69 0.05
   23 K    1  2  0  2 -2  0  0 -1 -1  0 -1  2 -1 -2 -1  0 -1 -2 -2  1   16  15   1  15   0   1   1   1   0   1   2  23   0   1   1   1   1   0   1  19  0.12 0.02
   24 D    0 -1  0  3 -2  2  0  1 -1  0 -1  0 -1 -2 -1  1  0 -2 -2 -1    1   1   1  23   0  15   1  15   0  15   2   1   0   1   1  19   1   0   1   1  0.15 0.02
   25 L    0 -1 -1 -2 -1 -1 -1 -2 -2  1  2 -1  1 -1 -1  1  1 -2 -1  2    1   1   1   1   0   1   1   1   0   1  27   1   0   1   1  19  15   0   1  26  0.11 0.02
   26 P   -1 -1 -1 -1 -3  0  2  1 -1 -3 -3 -1 -2 -3  6 -1 -1 -3 -2 -2    1   1   1   1   0   1  19  16   0   1   2   1   0   1  51   1   1   0   1   1  0.87 0.04
   27 A    2 -1 -1 -2 -1 -1 -1 -1 -2 -1 -1  1 -1 -2  3  1  0 -3 -2  1   36   0   0   0   0   0   0   0   0   0   0  14   0   0  17  14   0   0   0  18  0.28 0.03
   28 H   -2 -1  4  4 -3  0  0 -1  3 -3 -3 -1 -2 -3 -2  0  1 -4 -2 -3    0   0  32  42   0   0   0   0  12   0   0   0   0   0   0   0  14   0   0   0  0.54 0.05
   29 L   -1  0  0  2 -2  0  0 -1 -1  1  0  2  0 -2 -1  1  0 -2 -2  0    1   1   1  19   0   1   1   1   0  15  13  25   0   1   1  18   1   0   0   1  0.10 0.02
   30 Q   -1  0  2  0 -3  3  2 -2  0 -2 -2  0 -1 -1  3  0 -1 -1  3 -2    1   1  18   1   0  22  15   1   0   1   1   1   0   1  15   1   1   0  19   1  0.31 0.03
   31 L   -1 -1 -1  2 -3  0  3 -2  0 -2  0  0 -1  0  2 -1 -1 -1  3 -2    1   1   1  15   0   1  34   1   0   1  13   1   0   1  11   1   1   0  18   1  0.25 0.02
   32 T    0 -2 -1 -1 -1 -1 -1 -2 -2  2  0 -1  0 -1 -1  1  3 -2 -1  1    1   1   1   1   0   1   1   1   0  33   1   1   0   1   1  18  37   0   0   1  0.18 0.03
   33 S   -1  1 -1  0 -2  1  3 -2 -1  1  1  1  0 -2 -2  0 -1 -3 -2  0    0  10   0   0   0   0  31   0   0  14  18  14   0   0   0  12   0   0   0   0  0.16 0.02
   34 E   -1 -1  2  3 -3  1  4 -2  0 -3 -3  0 -2 -3 -1  1  0 -4 -2 -3    0   0  14  18   0   0  50   0   0   0   0   0   0   0   0  17   0   0   0   0  0.53 0.04
   35 S    0 -1  0  2 -2  0  1  3 -1 -3 -3 -1 -2 -3 -2  3  0 -3 -3 -3    0   0   0  17   0   0  14  29   0   0   0   0   0   0   0  40   0   0   0   0  0.40 0.04
   36 I   -1 -3 -3 -3 -1 -2 -3 -3 -3  3  1 -2  3 -1 -3 -2  0 -3 -1  3    0   0   0   0   0   0   0   0   0  27   0   0  24   0   0   0   0   0   0  49  0.32 0.02
   37 K   -1  3 -1 -1 -3  1  0 -2 -1  0 -1  4 -1 -2 -2 -1 -1 -3 -2 -1    0  16   0   0   0   0   0   0   0  19   0  65   0   0   0   0   0   0   0   0  0.34 0.03
   38 N    2  0  2  2 -2  0  0 -1 -1 -2 -2  2 -2 -3 -1  1  0 -3 -2 -1   46   0  12  19   0   0   0   0   0   0   0  23   0   0   0   0   0   0   0   0  0.26 0.02
   39 Y   -2 -2 -2 -1 -3  0  2 -3  1 -2 -2 -1 -1  2 -3 -2 -2  1  7 -2    0   0   0   0   0   0  23   0   0   0   0   0   0   0   0   0   0   0  77   0  0.69 0.04
   40 V   -1 -3 -3 -3 -1 -3 -3 -4 -4  4  1 -3  1 -1 -3 -2 -1 -3 -1  3    0   0   0   0   0   0   0   0   0  67   0   0   0   0   0   0   0   0   0  33  0.40 0.02
   41 D   -2 -1  2  6 -4  0  2 -1 -1 -3 -4 -1 -3 -4 -2  0 -1 -4 -3 -3    0   0  13  72   0   0  14   0   0   0   0   0   0   0   0   0   0   0   0   0  0.78 0.02
   42 V    0  3  0 -1 -2  0  0 -2 -1 -1 -2  2 -1 -3 -2  2  0 -3 -2  0    0  31   0   0   0   0   0   0   0   0   0  22   0   0   0  32   0   0   0  15  0.25 0.01
   43 V   -1 -2 -3 -3 -2 -2 -3 -4  0  2  0 -2  0  2 -3 -2 -1  1  5  2    0   0   0   0   0   0   0   0   0  17   0   0   0   0   0   0   0   0  50  33  0.41 0.02
   44 C   -1 -3 -3 -4  8 -3 -4 -3 -3  0 -1 -3 -1 -2 -3 -1 -1 -3 -2  2    0   0   0   0  68   0   0   0   0   0   0   0   0   0   0   0   0   0   0  32  0.84 0.03
   45 P   -1 -2 -2 -2 -3 -2 -1 -2 -3 -3 -3 -1 -3 -4  8 -1 -1 -4 -3 -3    0   0   0   0   0   0   0   0   0   0   0   0   0   0 100   0   0   0   0   0  2.12 0.04
   46 L    2 -2 -2 -1 -2 -1  1 -2 -2  0  0 -1  0 -2  4  0 -1 -3 -2  1   31   0   0   0   0   0  17   0   0   0  15   0   0   0  22   0   0   0   0  14  0.28 0.01
   47 E   -1  0  0  1 -4  2  5 -2  0 -3 -3  2 -2 -4 -1  0 -1 -3 -2 -3    0   0   0   0   0   0  83   0   0   0   0  17   0   0   0   0   0   0   0   0  0.68 0.02
   48 F   -2 -2 -2  1 -3 -2 -2 -3  0 -1 -1 -2 -1  5 -3 -2 -2  1  5 -1    0   0   0  17   0   0   0   0   0   0   0   0   0  52   0   0   0   0  31   0  0.54 0.02
   49 R   -2  6 -1 -2 -4  1  0 -3  0 -3 -2  2 -2 -3 -2 -1 -1 -3 -2 -3    0 100   0   0   0   0   0   0   0   0   0   0   0   0   0   0   0   0   0   0  0.85 0.03
   50 T   -1 -2 -2 -3 -1 -1 -2 -3 -2  1  1 -1  6 -1 -2  0  3 -2 -1  0    0   0   0   0   0   0   0   0   0   0   0   0  67   0   0   0  33   0   0   0  0.32 0.03
   51 V   -1 -2 -3 -2 -1 -1  1 -3 -3  2  0 -2  0 -1 -2 -2  0 -3 -2  4    0   0   0   0   0   0  17   0   0  12   0   0   0   0   0   0   0   0   0  71  0.25 0.02
   52 N   -2  0  5  3 -3  0  0 -1  0 -3 -4  2 -2 -3 -2  0  0 -4 -2 -3    0   0  60  22   0   0   0   0   0   0   0  17   0   0   0   0   0   0   0   0  0.57 0.02
   53 G    0 -3 -1 -2 -3 -2 -2  6 -2 -4 -4 -2 -3 -3 -2  0 -2 -3 -3 -4    0   0   0   0   0   0   0 100   0   0   0   0   0   0   0   0   0   0   0   0  1.12 0.03
   54 R   -1  3  2 -2 -2 -1 -1 -2 -1  1 -1  0  0 -2 -2 -1  0 -3 -2  2    0  33  17   0   0   0   0   0   0   0   0   0   0   0   0   0   0   0   0  50  0.19 0.02
   55 D   -2 -2  1  6 -4 -1  1 -2 -1 -4 -4 -1 -3 -4 -2  0 -1 -5 -3 -4    0   0   0 100   0   0   0   0   0   0   0   0   0   0   0   0   0   0   0   0  1.03 0.03
   56 T    1 -1  0 -1 -1  0 -1 -1 -1 -2 -2  0 -1 -3 -1  4  3 -3 -2 -1    0   0   0   0   0   0   0   0   0   0   0   0   0   0   0  67  33   0   0   0  0.43 0.02
   57 L   -2 -2 -4 -4 -1 -2 -3 -4 -3  2  4 -3  2  0 -3 -3 -1 -2 -1  1    0   0   0   0   0   0   0   0   0   0 100   0   0   0   0   0   0   0   0   0  0.52 0.02
   58 A    1  0  2  0 -1  0  0 -1 -1 -3 -3  1 -2 -3 -1  3  1 -3 -2 -2   15   0  14   0   0   0   0   0   0   0   0  17   0   0   0  53   0   0   0   0  0.32 0.01
   59 I   -2 -3 -4 -3 -1 -3 -4 -4 -4  5  1 -3  1  0 -3 -3 -1 -3 -2  3    0   0   0   0   0   0   0   0   0 100   0   0   0   0   0   0   0   0   0   0  0.47 0.03
   60 T   -1 -2  3 -1 -2 -1 -2 -2 -2  3  0 -2  0 -1 -2  0  2 -3 -2  1    0   0  27   0   0   0   0   0   0  52   0   0   0   0   0   0  21   0   0   0  0.18 0.02
   61 K   -1  0 -2 -2 -2  0 -1 -3 -2  1  1  3  0 -1 -2 -1 -1  6 -1  1    0   0   0   0   0   0   0   0   0  14  16  40   0   0   0   0   0  17   0  13  0.26 0.01
   62 L   -1 -3 -4 -4 -1 -3 -3 -4 -3  3  3 -3  1  0 -3 -2 -1 -2 -1  2    0   0   0   0   0   0   0   0   0  43  40   0   0   0   0   0   0   0   0  17  0.36 0.01
   63 N   -2 -1  5  4 -3  2  1 -1  0 -3 -3  0 -2 -4 -2  0 -1 -4 -2 -3    0   0  48  33   0  19   0   0   0   0   0   0   0   0   0   0   0   0   0   0  0.58 0.02
   64 R    3  2 -1 -1 -1  0 -1  2 -1 -2 -2  0 -2 -3 -1  1  0 -3 -2 -1   43  21   0   0   0   0   0  19   0   0   0   0   0   0   0  17   0   0   0   0  0.29 0.01
   65 E   -1  1  0  1 -4  2  4 -2  0 -3 -3  3 -2 -3 -1  0 -1 -3 -2 -3    0   0   0   0   0   0  57   0   0   0   0  43   0   0   0   0   0   0   0   0  0.55 0.02
   66 I   -1 -3 -3 -3 -1 -3 -3 -4 -3  4  1 -3  1  0 -3 -2 -1 -3 -1  3    0   0   0   0   0   0   0   0   0  71   0   0   0   0   0   0   0   0   0  29  0.38 0.01
   67 D    0 -1  0  4 -3  1  4 -1 -1 -3 -3  0 -2 -3 -1  2  0 -3 -2 -3    0   0   0  28   0   0  42   0   0   0   0   0   0   0   0  29   0   0   0   0  0.49 0.01
   68 I   -1 -3 -4 -3 -1 -3 -3 -4 -4  5  2 -3  1  0 -3 -3 -1 -3 -2  3    0   0   0   0   0   0   0   0   0 100   0   0   0   0   0   0   0   0   0   0  0.43 0.01
   69 D   -2  0  4  3 -3  3  1 -1  0 -3 -3  0 -2 -3 -2  0 -1 -3 -2 -3    0   0  42  28   0  29   0   0   0   0   0   0   0   0   0   0   0   0   0   0  0.52 0.01
   70 P    1 -1  3  0 -2  0  2 -1 -1 -3 -3  0 -2 -3  4  0 -1 -3 -2 -2   21   0  29   0   0   0  21   0   0   0   0   0   0   0  28   0   0   0   0   0  0.52 0.01
   71 S    0 -1  0 -1 -1  0  0 -1  5 -2 -2 -1 -1 -2 -1  2  3 -3  0 -1    0   0   0   0   0   0   0   0  29   0   0   0   0   0   0  28  42   0   0   0  0.35 0.01
   72 I   -1 -3 -3 -3 -1 -2 -3 -3 -3  3  1 -2  3 -1 -3 -2  0 -3 -1  3    0   0   0   0   0   0   0   0   0  28   0   0  21   0   0   0   0   0   0  50  0.31 0.01
   73 A    2 -2 -2 -2 -2 -1 -1 -1 -2 -2 -2 -1 -2 -3  6  0 -1 -3 -3 -1   41   0   0   0   0   0   0   0   0   0   0   0   0   0  59   0   0   0   0   0  1.05 0.00
   74 R    0  4  0 -1 -1  1  0 -1  0 -1 -1  1 -1 -1  0  0  0 -1 -1 -1    5  44   3   3   1   3   4   4   1   3   5   3   1   2   3   4   3   1   2   4  0.18 0.00
   75 E    0  0  0  1 -1  1  3 -1  0 -1 -1  0 -1 -1  0  0  0 -1 -1 -1    5   3   3   3   1   3  45   4   1   3   5   3   1   2   3   4   3   1   2   4  0.19 0.00
   76 I   -1 -3 -3 -3 -1 -3 -3 -4 -3  4  2 -3  1  0 -3 -3 -1 -3 -1  3    0   0   0   0   0   0   0   0   0 100   0   0   0   0   0   0   0   0   0   0  0.40 0.01
   77 N    0 -2  4  0 -3 -1 -1  5 -1 -4 -4 -1 -3 -3 -2  0 -1 -3 -3 -3    0   0  41   0   0   0   0  59   0   0   0   0   0   0   0   0   0   0   0   0  0.66 0.00
   78 I   -2 -2 -3 -3 -2 -2 -3 -4  1  2  0 -2  0  2 -3 -2 -1  1  6  1    0   0   0   0   0   0   0   0   0  41   0   0   0   0   0   0   0   0  59   0  0.44 0.00
   79 S    1 -1  1  0 -1  0  0  0 -1 -3 -3  0 -2 -3 -1  4  1 -3 -2 -2    0   0   0   0   0   0   0   0   0   0   0   0   0   0   0 100   0   0   0   0  0.46 0.01
   80 D   -2 -2  1  6 -4  0  2 -1 -1 -3 -4 -1 -3 -4 -2  0 -1 -5 -3 -3    0   0   0 100   0   0   0   0   0   0   0   0   0   0   0   0   0   0   0   0  0.94 0.01
   81 I    0 -2 -1 -2 -2 -2 -2  3 -2  2  0 -2  0 -1 -2  1  0 -3 -2  1    0   0   0   0   0   0   0  30   0  41   0   0   0   0   0  29   0   0   0   0  0.18 0.00
   82 G   -1 -2  1  5 -3 -1  1  4 -2 -4 -4 -1 -3 -4 -2  0 -1 -4 -3 -3    0   0   0  59   0   0   0  41   0   0   0   0   0   0   0   0   0   0   0   0  0.67 0.00
   83 G    0 -2  0 -1 -3 -2 -2  6 -2 -4 -4 -2 -3 -3 -2  0 -2 -3 -3 -3    0   0   0   0   0   0   0 100   0   0   0   0   0   0   0   0   0   0   0   0  1.05 0.01
   84 G    1 -1  0 -1 -2 -1 -1  4 -1 -3 -3 -1 -2 -3 -1  3  1 -3 -2 -2    0   0   0   0   0   0   0  41   0   0   0   0   0   0   0  59   0   0   0   0  0.48 0.00
   85 N   -2 -1  6  1 -3  0  0  0  1 -3 -4  0 -2 -3 -2  1  0 -4 -2 -3    0   0 100   0   0   0   0   0   0   0   0   0   0   0   0   0   0   0   0   0  0.74 0.01
   86 V    3 -2 -2 -2 -1 -1 -2 -1 -2  1  0 -1  0 -2 -1  0  0 -3 -2  2   59   0   0   0   0   0   0   0   0   0   0   0   0   0   0   0   0   0   0  41  0.23 0.00
   87 K   -1  2  0 -1 -3  1  1 -2 -1 -3 -3  5 -1 -3 -1  0 -1 -3 -2 -2    0   0   0   0   0   0   0   0   0   0   0 100   0   0   0   0   0   0   0   0  0.53 0.01
   88 S    1 -1  1  0 -1  0  0  0 -1 -2 -2  0 -1 -2 -1  4  1 -3 -2 -2    0   0   0   0   0   0   0   0   0   0   0   0   0   0   0   0   0   0   0   0  0.00     0.00
   89 H   -2  0  1 -1 -3  0  0 -2  7 -3 -3 -1 -2 -1 -2 -1 -2 -2  2 -3    0   0   0   0   0   0   0   0   0   0   0   0   0   0   0   0   0   0   0   0  0.00     0.00
   90 G    0 -2  0 -1 -2 -2 -2  5 -2 -4 -4 -2 -3 -3 -2  0 -2 -2 -3 -3    0   0   0   0   0   0   0   0   0   0   0   0   0   0   0   0   0   0   0   0  0.00     0.00
   91 F   -2 -3 -3 -3 -2 -3 -3 -3 -1  0  0 -3  0  6 -4 -2 -2  1  3 -1    0   0   0   0   0   0   0   0   0   0   0   0   0   0   0   0   0   0   0   0  0.00     0.00
   92 Q   -1  1  0  0 -3  5  2 -2  0 -3 -2  1  0 -3 -1  0 -1 -2 -1 -2    0   0   0   0   0   0   0   0   0   0   0   0   0   0   0   0   0   0   0   0  0.00     0.00
   93 M   -1 -1 -2 -3 -1  0 -2 -3 -2  1  2 -1  5  0 -2 -1 -1 -1 -1  1    0   0   0   0   0   0   0   0   0   0   0   0   0   0   0   0   0   0   0   0  0.00     0.00
   94 R   -1  5  0 -2 -3  1  0 -2  0 -3 -2  2 -1 -3 -2 -1 -1 -3 -2 -2    0   0   0   0   0   0   0   0   0   0   0   0   0   0   0   0   0   0   0   0  0.00     0.00
   95 F   -2 -3 -3 -3 -2 -3 -3 -3 -1  0  0 -3  0  6 -4 -2 -2  1  3 -1    0   0   0   0   0   0   0   0   0   0   0   0   0   0   0   0   0   0   0   0  0.00     0.00

                      K         Lambda
Standard Ungapped    0.1385     0.3228
Standard Gapped      0.0409     0.2670
PSI Ungapped         0.1336     0.3166
PSI Gapped           0.0409     0.2670
