
Last position-specific scoring matrix computed, weighted observed percentages rounded down, information per position, and relative weight of gapless real matches to pseudocounts
            A   R   N   D   C   Q   E   G   H   I   L   K   M   F   P   S   T   W   Y   V   A   R   N   D   C   Q   E   G   H   I   L   K   M   F   P   S   T   W   Y   V
    1 M    -3  -4  -4  -5  -4  -3  -4  -5  -4  -1   1  -4  10  -2  -5  -4  -3  -4  -3  -1    0   0   0   0   0   0   0   0   0   0   5   0  95   0   0   0   0   0   0   0  2.02 0.50
    2 S     2   0   1  -2  -2  -1  -1  -2  -2  -1  -1   2  -1  -3  -1   3   2  -4  -3  -1   17   4   8   0   0   0   0   0   0   2   4  17   2   0   2  27  14   0   0   3  0.24 0.13
    3 I    -4  -5  -3  -3  -4  -4  -5  -6  -5   3   1  -3   9  -1  -6  -5  -1  -5  -4   0    0   0   1   1   0   0   0   0   0  13  10   2  63   2   0   0   4   0   0   4  1.66 0.64
    4 R    -3   2   3   0  -5   0   2  -4   2   0  -3   4  -3  -3  -4  -1  -1  -5  -3  -2    0  12  18   3   0   2  17   0   6   6   1  27   0   1   0   4   3   0   0   2  0.52 0.30
    5 I    -4  -6  -6  -6  -4  -6  -6  -7  -6   7   2  -6   0  -2  -6  -5  -4  -5  -2   3    0   0   0   0   0   0   0   0   0  68  14   0   1   1   0   0   0   0   1  15  1.52 0.57
    6 E    -2   1   0   2  -2   3   2  -3   0  -2  -3   3  -2  -2   2  -1   0  -4   0  -1    1   8   3  11   1  13  11   0   2   2   1  21   1   1  10   2   5   0   4   4  0.32 0.23
    7 I    -4  -5  -6  -6   0  -5  -6  -6  -6   6   3  -5  -1  -2  -6  -5  -2  -5  -4   2    0   0   0   0   2   0   0   0   0  53  31   0   0   1   0   0   1   0   0  11  1.26 0.51
    8 G    -2  -4   4   3  -5  -1   0   4  -3  -4  -5  -2  -4  -5  -4   0   0  -5  -3  -5    1   0  20  18   0   2   5  37   0   1   1   2   0   0   0   7   7   0   1   0  0.79 0.39
    9 E    -2  -1   2   5  -4  -1   3   0   0  -4  -4   1  -4  -4  -1  -2  -3  -4  -4  -4    3   2   8  35   0   2  24   7   3   1   1   8   0   0   3   2   1   0   0   1  0.72 0.33
   10 R    -3   2   4   2  -5   1   0  -2   1  -5  -5   4  -4  -4  -4  -1  -1  -5   0  -3    0   8  18  12   0   4   6   3   3   0   0  33   0   0   0   3   4   0   3   1  0.62 0.34
   11 Y    -6  -2  -6  -7  -6  -6  -6  -7  -1  -3  -1  -6  -1   2  -7  -6  -3   6   9  -4    0   2   0   0   0   0   0   0   1   1   5   0   1   6   0   0   2   9  70   1  2.31 0.83
   12 V     0   3  -3  -4   0  -1  -2  -2  -3   1  -1   1   0   1  -4  -1   0  -3   2   2    8  21   0   0   2   2   1   2   0   7   3  11   2   7   0   3   6   0   7  20  0.26 0.22
   13 V    -4  -6  -7  -7   1  -6  -6  -7  -6   7   3  -6   0  -1  -6  -6  -4  -6  -4   2    0   0   0   0   3   0   0   0   0  60  21   0   1   2   0   0   0   0   0  12  1.44 0.57
   14 T    -1   0  -2   0  -4  -2   3  -3  -2  -1  -2   0  -2  -3  -4  -1   5  -1  -2   0    4   4   1   4   0   1  19   1   1   3   2   5   1   1   0   3  42   1   2   6  0.56 0.38
   15 S     0  -2  -1  -3  -4  -3  -3   1   0  -1  -2   0  -2  -4  -4   5   2  -5  -1  -2    6   1   2   0   0   0   0   9   2   3   5   4   1   0   0  49  13   0   2   3  0.65 0.42
   16 D    -3  -5   1   8  -7  -4  -2  -2  -5  -6  -7  -2  -6  -7  -5   0  -1  -8  -7  -3    2   0   6  76   0   0   0   4   0   0   0   2   0   0   0   5   3   0   0   2  1.84 0.72
   17 S     1   2   1   1  -2   1   2   0  -2  -3  -4   1  -3  -5   1   2   0  -5  -4  -3   10  10   6   7   1   7  14   7   0   1   0  10   0   0   8  15   5   0   0   1  0.30 0.21
   18 F    -3   2   2  -4  -5  -1  -3  -2   4  -2   2  -2   3   1  -4  -3  -2  -3   5  -2    1  10  11   0   0   2   1   3  10   1  18   1   8   5   1   1   2   0  23   1  0.59 0.38
   19 Q    -5   0   6   0   2   5  -2  -1  -1  -7  -7  -2  -5  -7  -5  -1  -1  -7  -6  -6    0   4  44   5   5  26   2   4   1   0   0   1   0   0   0   3   3   0   0   0  1.30 0.64
   20 F    -5  -5  -6  -6  -5  -1  -6  -6   0   1   0  -5   0   6  -6  -5  -3   6   5   2    0   0   0   0   0   3   0   0   2   9   6   0   2  35   0   0   2  12  17  12  1.22 0.54
   21 I    -2  -5  -3  -3   0  -2  -5  -6  -6   6  -2  -3   1  -4  -6  -2   3  -1  -1   2    3   0   1   1   2   2   0   0   0  50   0   1   4   0   0   2  16   1   2  12  1.00 0.54
   22 L    -2  -6  -7  -7  -5  -1  -6  -7  -6   4   5  -6  -2  -3  -6  -6  -4  -6  -5   3    3   0   0   0   0   3   0   0   0  20  58   0   0   0   0   0   0   0   0  17  1.27 0.60
   23 H    -1   1   4  -1  -1   2   1  -1   1  -3  -1   1  -1  -3  -3   0  -2  -3   2  -2    4   7  21   2   1  11   8   4   3   1   6   9   2   0   0   7   1   0   9   3  0.29 0.25
   24 E    -4   1  -2  -3  -5   3   5  -5   0   1  -3   4  -4  -5  -4  -1  -2  -5  -4  -3    0   8   1   0   0  11  37   0   2   8   2  22   0   0   0   4   3   0   0   2  0.79 0.47
   25 K    -2   4  -2  -3   0   0  -1  -4  -1  -1  -1   5  -3  -4  -2  -2   0  -5   0   0    2  20   1   1   2   2   2   0   1   4   7  38   0   0   2   2   5   0   3   6  0.59 0.37
   26 K    -2   3   0  -3  -2   0  -1  -1   3  -1  -3   3   0  -1  -1   0  -1  -3   3   0    1  17   3   0   1   3   3   4   7   3   1  22   3   2   2   5   4   0  10   9  0.30 0.25
   27 R    -1   0  -1  -1  -3   0   0  -2   0   2  -1   2   1  -1   0  -1   1  -3   1   1    3   5   2   2   0   3   6   3   2  14   3  16   3   3   4   2  11   0   4  12  0.12 0.17
   28 A     0   0   1   0  -3   0   0   0   0   0  -1   0  -1  -1   0   0   0   1   1   1   10   6   6   5   0   5   3   7   2   6   3   8   0   2   3   6   6   2   5  14  0.04 0.09
   29 E     0   1   1   1   2   1   0   0  -1  -1   0   0   1  -2  -2  -1   0  -2   1   0    7   7   7   7   7   7   7   7   0   0   7   7   7   0   0   0   7   0   7   7  0.07 0.12
   30 S    -1  -1   1   3  -4   1   2  -2   1  -2  -4   2  -3  -3   2   1   0  -5  -4  -3    3   1   7  15   0   5  16   2   3   3   1  15   0   1  10  11   5   0   0   1  0.37 0.30
   31 G     0   0   0  -1  -4  -3  -2   5  -4  -5  -5   2  -4  -5  -3   1   1  -5  -2  -3    5   4   3   3   0   0   1  44   0   0   0  11   0   0   1  13  10   0   1   2  0.71 0.44
   32 K    -2   0   1   1  -5  -1   3  -2  -3  -3  -3   5  -4  -5  -2   0  -1  -5  -4  -3    2   3   5   8   0   1  16   3   0   2   2  42   0   0   2   8   3   0   0   1  0.66 0.45
   33 N    -1   0   3   1  -3  -1   1   1   0  -2  -3   1  -3  -4   1   1   1  -4  -1  -2    4   4  18   7   0   1   8  12   3   2   2   8   0   0   8   9   8   0   2   3  0.23 0.20
   34 A     1  -1   1  -1  -1  -1   1   0  -1   0  -1   1  -2  -1   2   0   1  -3  -1  -1   14   1   9   3   1   1  10   8   1   6   4   9   0   3  10   3  10   0   3   4  0.11 0.14
   35 G    -1  -2   1  -2  -4   0   0   5  -2  -2  -4   1  -4  -2   0  -2  -2  -1  -3  -2    4   2   6   1   0   4   6  48   1   2   1   9   0   2   5   2   3   1   1   3  0.66 0.41
   36 Q    -2  -1  -1   0  -4   2   3  -2  -1  -1  -4   3  -2  -1  -2  -1   0   3   2  -2    2   1   3   4   0   9  21   2   1   4   0  22   1   3   2   3   7   4   7   3  0.36 0.32
   37 E    -2  -1  -2   2  -5   0   5  -2  -1   0  -3   0  -4   0   1  -2  -1  -5  -3   0    2   2   1  11   0   3  44   3   1   6   1   4   0   4   6   2   3   0   1   7  0.61 0.44
   38 W    -1   2   0  -1  -3   0   0  -2   0   0  -2   0  -2  -1  -2   0   1   5   3   0    5  13   3   2   0   4   5   3   2   6   2   6   0   2   1   8   8   8  13   6  0.21 0.21
   39 L    -4  -1  -4  -2  -4  -1   0  -5  -3   0   2  -1  -1   3  -4  -2  -1   8   4  -2    1   4   0   2   0   2   8   1   0   5  18   4   1  11   0   3   3  20  14   2  0.72 0.42
   40 A    -1   2  -1   0  -1   0   1  -3   0  -2  -3   4  -2  -4  -3   0   1  -4  -2   1    5  12   2   6   2   3   7   1   2   2   0  29   1   0   0   6  10   0   1  12  0.36 0.31
   41 V     0   0   2   1  -3  -1   0  -2  -1   0  -2  -1  -2  -2   2   0   2  -4  -3   1   10   6  10  10   0   2   4   1   2   6   2   2   0   2  12   5  14   0   0  12  0.19 0.21
   42 V    -2  -4  -4  -3   0  -2  -1  -3   1   5   1   0   0  -2  -4  -3   0   1  -3   3    1   0   0   1   2   1   4   2   3  32  11   6   2   1   0   1   6   2   0  23  0.48 0.34
   43 G     2  -2  -2  -4  -1  -4  -4   6  -2  -5  -3  -1  -4  -4  -4  -1  -1   2   0  -4   18   2   1   0   2   0   0  53   1   0   3   3   0   0   0   5   4   3   3   0  0.95 0.49
   44 Y    -6  -6  -6  -7  -1  -3  -6  -7   2  -5  -4  -6  -5   4  -7  -4  -6   3   9  -3    0   0   0   0   1   1   0   0   4   0   1   0   0  15   0   1   0   4  71   1  2.45 0.98
   45 Y    -6  -6  -6  -7   3  -6  -6  -4   5  -5  -4  -6  -5   5  -3  -6  -6  -3   8  -3    0   0   0   0   6   0   0   1  11   0   1   0   0  19   2   0   0   0  57   2  2.10 0.88
   46 P     0   0  -1  -4  -1   0  -3   2  -1  -5  -4  -1  -4  -5   5   3   1  -1  -5  -4    5   5   3   0   1   3   1  15   1   0   2   3   0   0  31  20   9   1   0   0  0.72 0.44
   47 K    -3  -1   4   1  -5  -2  -3  -2  -1  -5  -5   2  -4  -4  -4   3   4  -6  -5  -4    1   2  18   9   0   1   0   2   1   0   0  11   0   1   0  21  32   0   0   0  0.80 0.52
   48 L    -4  -4  -6  -6  -2  -5  -3  -6  -6   4   4  -5   1   2  -2  -5  -4  -5  -3   2    0   1   0   0   1   0   2   0   0  22  46   0   2  10   2   0   0   0   0  14  0.97 0.49
   49 S     0   1   1   2  -4   0   4  -2   0  -2  -3   0  -2  -3   0   1  -1  -5  -2  -2    7   7   6   9   0   3  28   3   2   3   1   6   1   1   4  13   3   0   1   3  0.33 0.27
   50 Q     1   0   0  -1  -2   4   0   0   3  -3  -3   1   0  -2  -1   2   0  -1  -2  -3   10   4   4   2   1  20   5   8   8   1   2   7   3   2   2  14   5   1   1   1  0.29 0.27
   51 L     5  -5  -5  -4   2  -5  -5  -4  -6  -2   3  -5  -1  -1  -5  -3  -2  -6  -5   0   51   0   0   1   5   0   0   0   0   1  30   0   1   2   0   1   2   0   0   6  1.00 0.57
   52 V    -1  -5  -5  -6   4  -5  -5  -4  -2   3   3  -5   0   1  -5  -3  -1  -4  -1   3    6   0   0   0   9   0   0   1   1  19  34   0   1   5   0   1   3   0   2  20  0.71 0.39
   53 S    -3   1   3   1  -2   1   1  -3   2  -2  -2   3  -2  -3  -4   0  -1  -5  -2  -1    1   7  17   6   1   5  11   1   5   2   4  24   1   1   0   6   2   0   1   4  0.39 0.29
   54 G     1   1  -1   1  -4  -1   0   2   1  -2  -4   1  -3   1  -3   1  -1   2   0  -3   16   9   2   8   0   1   5  18   4   2   0   9   0   7   0  12   2   3   3   1  0.24 0.22
   55 L    -2  -5  -6  -7  -2  -5  -6  -6  -5   3   4  -5   2   3  -6  -5  -4  -4   3   1    2   0   0   0   1   0   0   0   0  17  46   0   5  10   0   0   0   0  12   8  0.98 0.48
   56 M    -1  -1  -4  -5   1  -3  -3  -2  -4   3   2  -2   3   1  -2  -3  -1  -4  -1   3    5   4   0   0   3   1   1   3   0  22  20   2   7   5   2   1   3   0   1  21  0.38 0.26
   57 H    -2   3   3   2  -5   1   1  -4   4  -3  -3   2   1  -3  -3  -1  -1  -5  -3  -3    2  14  16  13   0   6   8   0  11   2   2  12   5   1   1   2   4   0   0   1  0.48 0.32
   58 H    -3   4  -1  -2  -5   1   0  -4   3  -2   2   3   2  -3  -3  -3  -3  -4   0  -3    2  22   3   2   0   6   5   0   9   1  19  18   6   1   0   0   1   0   3   1  0.48 0.34
   59 D    -1   1   0   2  -2   1   3  -1   2  -3  -3   2   0  -4  -2   0  -1  -2  -1  -1    5   6   4  10   1   6  24   4   5   1   1  13   3   0   1   5   3   1   2   5  0.27 0.22
   60 I    -1  -4  -5  -4  -2  -3  -4  -4  -5   5   2  -4   2  -1  -5  -3  -2  -5  -3   3    4   1   0   1   1   1   1   2   0  39  20   1   4   2   0   1   2   0   0  21  0.80 0.43
   61 L    -2   4   2  -2  -4  -1  -2  -2   0   0   1   2   1  -2  -2  -1  -2  -4  -1  -2    3  29   9   2   0   2   0   3   2   5  18  12   5   1   1   3   2   0   2   2  0.38 0.30
   62 T    -1   1   1   3  -2   1   3   0   0  -2   0   0  -1  -4  -3   0   1  -4  -3  -1    4   7   7  15   1   6  18   6   2   2   9   3   1   0   0   6   8   0   0   4  0.22 0.20
   63 G     0  -1   0   1   0  -1   0   0  -2  -4  -4  -1  -1  -5  -4   5   1  -5  -2  -2    5   2   5   7   2   2   4   7   1   1   1   3   1   0   0  46   8   0   1   3  0.56 0.42
   64 S    -2  -2   0   5  -6   2   3   0  -1  -4  -6   0  -2  -6  -3  -1   0  -6  -5  -4    2   2   4  37   0   7  23   6   1   1   0   5   1   0   1   2   6   0   0   1  0.80 0.46
   65 A     4  -4  -2  -2   1  -3  -2  -3  -4   2   0  -2   0  -2  -2  -1   0  -4  -2   2   35   0   2   2   2   1   1   0   0  15   7   3   2   2   1   4   6   0   1  16  0.39 0.31
   66 K     0   0   1   1  -2   2   2  -2  -3  -1  -2   2  -1  -4  -3   0   2  -4  -2  -1    6   4   6   8   1  10  15   1   0   5   3  14   1   0   0   4  18   0   1   3  0.27 0.25
   67 S    -2  -3   1   2  -2  -3   0  -1  -4  -3  -5  -1  -4  -5  -4   4   4  -6  -5  -3    2   1   7  13   1   0   4   5   0   1   0   3   0   0   0  33  29   0   0   1  0.75 0.50
   68 F    -3  -5  -6  -7  -4  -5  -6  -7  -6   3   4  -6   2   4  -6  -5  -3  -1  -3   2    2   0   0   0   0   0   0   0   0  19  47   0   4  15   0   0   1   1   0  12  1.05 0.51
   69 A     0   0   0   1  -1   3   3  -2   0  -2  -2   2   0  -4  -2   1   0  -5  -3  -2    9   4   4   6   1  14  17   2   2   2   3  15   3   0   1   9   6   0   0   2  0.29 0.24
   70 D    -1  -2  -2   3  -5   3   5  -1  -1  -3  -3  -1  -2  -6  -4  -1   0  -6  -5  -3    6   1   1  15   0  14  41   5   1   1   2   3   1   0   0   3   5   0   0   2  0.75 0.46
   71 L    -1  -5  -6  -6  -2  -5  -6  -6  -5   3   5  -4   3  -1  -6  -5  -4   0   2   1    4   0   0   0   1   0   0   0   0  13  55   1   6   1   0   0   0   1   7  10  0.98 0.50
   72 N     0  -1  -2  -2  -1   0   1  -2   0   2   1   0   1  -2  -3   0  -2  -4  -1   1    7   3   1   2   1   4  11   2   2  15  18   8   3   0   0   6   1   0   2  13  0.14 0.17
   73 V     0   0   1   3  -4   2   3  -1  -1  -2  -3   2  -2  -4  -3   0   0  -5  -2  -2    9   3   6  15   0   9  18   3   1   2   2  15   1   0   0   7   4   0   2   3  0.31 0.25
   74 Q     0   1  -1   1  -4   1   3  -4   2  -2  -1   2  -1  -2  -3  -2  -2  -4   0   0    8   7   2   9   0   5  22   0   5   1   8  16   1   2   0   1   1   0   4   6  0.27 0.24
   75 V    -3  -6  -6  -6  -2  -1  -6  -6  -2   6   2  -5   0  -2  -6  -4  -2  -1  -4   3    2   0   0   0   1   3   0   0   1  51  18   0   2   1   0   1   2   1   0  18  1.12 0.54
   76 E     0   1   1   2  -3   2   4  -2   1  -3  -4   3  -1  -5  -4  -1  -1  -5  -4  -4    6   7   5  14   0   8  25   2   3   1   1  19   1   0   0   4   3   0   0   1  0.50 0.34
   77 Q     0   2   1   1  -4   1   3  -1   0  -3  -2   1  -3  -3  -3   1   0  -4  -2  -2    8  14   7   7   0   5  21   5   2   1   3   8   0   1   0   9   5   0   1   2  0.30 0.24
   78 L     0  -5  -5  -5   0  -5  -4  -5  -5   5   3  -3   0   2  -5  -3   1  -4  -2   2    9   0   0   0   2   0   1   0   0  35  24   1   1   7   0   1   7   0   1  10  0.68 0.39
   79 S     0   1  -1  -1  -2  -1   2   0   1  -1  -2   2  -2  -1  -3   1   0  -4   0  -1    9   8   3   1   1   1  16   8   3   3   4  18   1   2   0  10   5   0   3   5  0.17 0.18
   80 K     0   2   1   1  -4   2   2  -3  -1  -3  -2   3   0  -3  -3   0   1  -4  -2  -2    8  11   8   7   0   8  11   1   1   1   4  20   3   1   0   6   7   0   1   1  0.29 0.24
   81 R    -1   2  -2   0  -4   1   3  -3   1  -2   0   1  -1  -2  -3  -1   1   0  -1  -3    3  12   1   5   0   7  25   1   3   3  12  10   2   1   0   4   8   2   2   0  0.29 0.25
   82 C    -4  -6  -6  -6   6  -6  -6  -7  -6   6   2  -6  -1   1  -6  -4  -4  -5  -4   0    1   0   0   0  17   0   0   0   0  52  18   0   1   6   0   1   0   0   0   3  1.39 0.61
   83 S     1   0   1   0  -1   0   3  -2   1   0  -1   0  -1  -2  -2   1   0  -4  -2   0   10   5   6   5   1   3  24   2   5   5   5   6   1   1   1  10   3   0   1   6  0.17 0.17
   84 E     1   0   0   1  -2   2   3  -2   0  -3  -3   2  -2  -5  -2   1  -1  -5  -4  -2   10   4   5   9   1  11  22   2   2   1   2  14   0   0   1  11   2   0   0   3  0.36 0.27
   85 A     4  -2  -2  -3  -3  -1  -1  -1  -4  -2  -2   1  -1  -2  -2   0   0  -5  -2   1   45   1   2   1   0   2   3   4   0   2   3  11   2   1   1   7   4   0   1  10  0.43 0.34
   86 F    -2  -4  -6  -6  -4  -5  -5  -6  -5   3   4  -5   1   4  -5  -3  -2  -1  -2   3    3   1   0   0   0   0   0   0   0  19  35   0   2  19   0   1   1   1   0  18  0.82 0.41
   87 G    -1   1   4   1  -5  -1   1   0   1  -5  -4   4  -4  -5  -4   0   1  -5  -4  -4    5   6  21   7   0   2   7   8   3   0   1  27   0   0   0   4  10   0   0   0  0.53 0.34
   88 S     0   0   0   1  -2   2   2  -1  -2  -2  -3   2  -3  -4  -1   1   1  -4  -3  -1    7   5   3   7   1  11  16   4   0   1   1  16   0   0   1  13   8   0   0   4  0.28 0.21
   89 Y     0  -2  -4  -4  -3  -3  -4  -4   2   2   2  -3   0   3   0  -2  -2  -3   1   2    9   1   0   0   0   0   0   0   7  16  26   0   1  14   4   1   0   0   5  15  0.38 0.23
   90 G    -1  -1   2   0  -4   0  -2   3  -2  -4  -4   3  -3  -1  -1   3  -2  -4  -3  -3    0   0  11   5   0   3   0  21   0   0   0  27   0   3   3  25   0   0   0   2  0.47 0.27
   91 R    -2   4  -1  -1  -5   2   2  -3  -1  -4  -4   5  -3  -4  -2  -1  -2  -4  -3  -4    0  26   0   0   0   6  16   0   0   0   0  52   0   0   0   0   0   0   0   0  0.82 0.22

                      K         Lambda
Standard Ungapped    0.1326     0.3177
Standard Gapped      0.0492     0.2670
PSI Ungapped         0.1608     0.3175
PSI Gapped           0.0492     0.2670
