
Last position-specific scoring matrix computed, weighted observed percentages rounded down, information per position, and relative weight of gapless real matches to pseudocounts
            A   R   N   D   C   Q   E   G   H   I   L   K   M   F   P   S   T   W   Y   V   A   R   N   D   C   Q   E   G   H   I   L   K   M   F   P   S   T   W   Y   V
    1 M    -7  -7  -8  -9  -7  -6  -8  -9  -7  -4  -4  -7  11  -6  -8  -7  -6  -7  -7  -5    0   0   0   0   0   0   0   0   0   0   0   0 100   0   0   0   0   0   0   0  4.23 1.38
    2 A     4  -5  -3  -4  -3  -5  -4   2  -5  -1  -4  -5  -5  -3   2   2   1  -6  -2  -4   37   0   1   0   0   0   1  17   0   3   1   0   0   1  12  16   8   0   1   0  0.78 0.49
    3 V    -5  -8  -5  -5  -2  -6  -7  -6  -5   7   1  -8  -3  -4  -5  -5  -3  -8  -4   3    1   0   1   1   1   0   0   1   0  63  11   0   0   0   1   1   2   0   0  16  1.80 0.78
    4 Y    -3  -1   0  -3  -3  -2  -1  -5   3   1  -2  -1  -3   0  -5  -1   3   3   5  -2    1   3   5   2   1   2   5   0   6   9   3   4   1   4   0   5  20   3  23   3  0.60 0.40
    5 V     0  -6  -5  -7   1  -4  -6   0  -4   3   4  -6   0   2  -6  -4  -3   0  -1   1    9   0   0   0   3   1   0   7   0  14  40   0   2  10   0   1   1   2   2  10  0.75 0.42
    6 V    -5  -2  -5  -7  -3  -3  -7  -7   1   5   0  -5   0   3  -7  -6  -2  -2   5   3    0   2   0   0   1   1   0   0   4  34   8   0   2  11   0   0   2   1  17  16  1.10 0.54
    7 T    -2  -6  -3  -3   3  -2   0  -6   0  -1  -2  -4   1  -1  -6   0   6  -3  -1   1    2   0   1   1   5   2   6   0   3   4   3   1   3   3   0   8  46   0   3   9  0.90 0.55
    8 G    -1  -9  -7  -8  -9  -8  -9   8  -9 -10 -10  -8  -9 -10  -2  -4  -8  -9 -10  -9    5   0   0   0   0   0   0  92   0   0   0   0   0   0   2   1   0   0   0   0  2.80 1.16
    9 K     0   0   0  -2  -3   0  -1  -1  -1   0   1   2   0  -2   1  -1   1  -5  -2   1    7   6   4   1   0   5   3   4   2   4  13  15   3   2   6   4  10   0   1  12  0.12 0.15
   10 L    -3   0  -1  -7  -7   1  -4  -6  -4  -1   0  -1   2   0   7  -5  -4  -2  -2  -3    3   5   4   0   0   6   1   0   0   3   8   4   4   4  51   1   1   1   1   2  1.27 0.70
   11 G    -6   2  -7  -5  -3  -8  -8   7  -8 -10  -9  -7  -9  -9  -8  -5  -8  -9  -9  -9    0  10   0   1   1   0   0  87   0   0   0   0   0   0   0   1   0   0   0   0  2.67 1.13
   12 A     2  -4   0  -4  -1  -2  -2   0   2  -6  -6  -2  -2  -5  -6   5   0   0  -6  -4   18   1   5   1   1   2   3   7   4   0   0   2   1   0   0  46   6   2   0   1  0.96 0.60
   13 G    -5  -6  -7  -8  -3  -5  -9   7  -8 -10  -5  -6  -9  -4  -9  -4  -8  -9   0 -10    1   0   0   0   1   0   0  90   0   0   1   0   0   1   0   1   0   0   3   0  2.70 1.15
   14 K    -8  -5  -8  -8 -11  -6  -7  -9  -8 -10 -10   9  -9 -11  -8  -8  -8 -11  -9 -10    0   0   0   0   0   0   0   0   0   0   0 100   0   0   0   0   0   0   0   0  3.52 1.53
   15 T    -4  -8  -3  -7  -8  -7  -7  -2  -8  -8  -6  -7  -8  -9  -8   5   7  -9  -8  -7    1   0   1   0   0   0   0   3   0   0   1   0   0   0   0  40  54   0   0   0  2.13 1.18
   16 L     0  -6  -4  -5   0  -3  -6  -5  -1   0   4  -4  -1   0  -7   0  -1  -2   6  -2    8   0   1   1   2   2   0   1   1   5  36   1   2   3   0   8   4   0  23   2  0.85 0.54
   17 V    -1  -2   0  -3   0  -3   0  -2   3  -1   1  -2   0   3  -5   1   0   2   4  -2    4   2   5   1   2   1   7   4   7   3  12   3   2  12   0  10   7   3  13   3  0.29 0.26
   18 A     5  -4  -4  -7   3  -3  -4  -2  -6  -2   0  -6   5  -4  -6  -1   2  -7  -2   1   41   1   1   0   5   1   1   4   0   2   8   0  13   1   0   4  11   0   1   8  0.90 0.60
   19 V     0  -6  -4  -5   0  -4  -6  -6  -4   2   0  -5   2  -2  -6  -2   1  -2  -2   5    8   0   1   1   2   1   0   0   1  11   9   1   5   2   0   4   9   1   1  43  0.92 0.55
   20 S     0   2   0   1  -2   1   1  -2   0  -3  -3   2   0  -1  -4   1  -2   2   3  -3    9  10   3   7   1   5   9   4   2   2   2  14   2   3   0  11   2   3  10   2  0.26 0.25
   21 R    -3   1  -1   1  -3   0   2  -4   1   0   1   1   2   0  -4  -3  -1   1   0   0    2   7   3   8   1   4  12   1   3   6  15  10   6   5   1   1   3   2   4   6  0.19 0.18
   22 I     2  -4  -4  -6  -1  -6  -4  -2  -6   5   2  -6   3  -2  -6  -4  -3  -6  -3   2   17   1   1   0   1   0   1   4   0  31  16   0   7   2   0   1   1   0   1  13  0.85 0.51
   23 Q    -1   2  -3  -1  -1   0  -1  -5   0   2   2   0   1   0  -3  -2  -2   1   3   0    5  11   1   4   2   3   4   0   2  10  19   6   3   4   1   3   2   2  11   5  0.22 0.20
   24 R    -2   1   0   3  -6   2   2  -3   0  -2  -2   3   0  -2   2  -1  -1   0  -1  -4    4   7   4  14   0   8  12   2   2   2   4  15   2   2   9   3   4   1   2   1  0.33 0.29
   25 T     2  -1   0  -1  -2   0   0  -3   3  -2   0   0  -2   1  -4  -2  -3   4   4  -2   19   4   4   3   1   4   7   2   6   2   8   6   1   5   1   4   2   5  15   3  0.40 0.28
   26 L    -1  -3  -3  -2   1  -1  -3  -4   1   1   4  -2   1   1  -4  -3  -3   1   3   0    6   1   1   2   3   3   2   2   4   7  36   3   3   6   1   2   2   2  10   6  0.46 0.32
   27 A     0   2   0   0  -1   0   1  -2  -1  -1  -2   4  -1  -2  -3  -1  -1  -1   0  -1    9  12   4   4   1   5   9   4   1   3   4  24   2   2   1   5   3   1   3   4  0.29 0.26
   28 K     0   2   0   2  -5   1   2  -2   0  -3  -3   4  -1  -3  -3  -1  -2   1   0  -3    8  10   5  10   0   5  13   2   2   1   2  25   1   1   1   4   2   2   3   1  0.42 0.34
   29 G    -2  -1   1   0  -5  -2  -2   5   0  -3  -4   1  -2  -2  -2  -2  -3  -1   3  -4    2   4   7   5   0   1   3  42   2   2   2   9   1   2   2   3   2   1   9   1  0.71 0.48
   30 G    -1   5   0  -2  -1  -1  -2  -1   0  -1  -2   3  -2  -2   1  -2  -2   0  -2  -2    4  30   4   2   2   3   2   6   2   3   4  17   1   2   7   3   2   1   2   3  0.49 0.38
   31 I    -2   3   1  -2  -1   0  -1  -2   1   0  -2   2   0  -2   2  -1   0  -1   0   0    3  17   8   2   1   4   3   3   3   5   4  12   2   2  11   3   5   1   4   7  0.22 0.22
   32 V    -2  -3  -3  -5   1  -3  -3  -5  -2   4   0  -3  -3  -1  -3  -3  -2   0   0   6    2   2   2   1   3   1   2   1   1  18   8   2   0   2   1   2   2   1   3  47  0.96 0.54
   33 A     1  -2  -4  -1   1  -2  -2  -3   0   2  -1  -1  -1   1  -2  -3  -2   2   5   1   14   2   1   3   3   2   2   2   3  13   6   5   1   6   2   2   2   3  18  12  0.36 0.27
   34 T     2  -1  -2  -3   1  -2  -1  -2   0   0  -3  -1  -3  -2  -3   2   5  -1  -2   0   14   3   2   2   3   1   4   3   2   5   3   3   0   2   1  12  33   1   1   5  0.48 0.38
   35 N    -3  -1   5   0  -4   0  -1  -1   1   0  -1   0   1  -3   0  -1  -1  -4   1   0    1   4  33   5   0   3   3   4   3   6   5   5   3   0   4   5   4   0   5   6  0.39 0.33
   36 L    -2   0   0   0   2   0  -2  -1   2   0  -1   0   1   1   0   0   0   3   1   0    0   6   5   6   5   5   0   6   5   6   6   6   5   5   6   6   6   5   5   6  0.08 0.14
   37 N     0   0   0   0   2   0   0  -1   1   0  -1   0   1   0   0   0   0  -2   1   0    5   5   5   5   5   5   5   5   5   5   5   5   5   5   5   5   5   0   5   5  0.03 0.05
   38 L    -5  -1  -3  -3  -1  -3  -4  -1  -2   4   4  -3   1   1  -6  -3  -2  -1  -1   1    1   3   2   2   1   2   2   5   1  18  34   2   3   6   1   2   3   1   2   9  0.66 0.35
   39 K    -3   1   4   1  -1  -1  -1  -2   0  -2  -2   2  -1   2  -2  -2   0   1   2   0    2   6  16   8   1   3   4   4   2   3   4  10   2   9   3   3   5   2   8   7  0.29 0.22
   40 L    -1  -1  -1   0   0  -1   0  -1   1   1   1  -1   1   1   1  -2   0   0   2   1    4   3   3   6   2   2   5   5   4   7  14   4   4   7   6   3   5   2   7   9  0.08 0.07
   41 H    -1  -2  -1   4   0  -1   3  -2   2  -1  -3   0  -1  -1   0  -1  -1  -6   0  -2    5   2   3  19   2   3  18   4   5   4   3   7   2   3   5   6   4   0   3   3  0.34 0.27
   42 H     0   0   2  -1  -1  -1   1   1   3  -2  -3   2  -1  -1  -1  -1  -2   2   2  -2    7   5   8   4   2   2   9  11   6   3   3  13   2   3   4   4   2   3   7   3  0.20 0.17
   43 F    -1   0   0   0   2   0   0  -1   2   0  -1   0   2   1   0  -1   0   4   1  -1    5   5   5   5   5   5   5   5   5   5   5   5   5   5   5   5   5   5   5   5  0.09 0.08
   44 P     0   0  -1   1   3  -1   0  -2   0   0  -1   1   0   0   3  -1  -1  -5  -1  -1    9   6   3   7   5   2   6   4   2   5   6   7   2   4  14   5   4   0   3   5  0.14 0.13
   45 Q     0   0   0   2  -1   1   2  -1   0  -1  -1   2  -1  -1   1  -1  -1  -1  -2  -3    7   5   4   9   2   6  14   6   2   3   6  10   2   3   7   4   4   1   2   2  0.14 0.14
   46 V    -1   0  -1  -1   0  -1  -1  -2   0   1   1   0  -1   1   0  -2  -1   0   3   1    4   5   3   4   2   3   4   3   2   6  16   6   2   6   4   3   5   1  10  10  0.12 0.09
   47 G     0   0   0   1   1  -1  -1   1   1   0   0   0   0   1   0  -1   0   0  -1  -1    6   4   5   7   4   2   5  13   3   5   8   7   2   6   4   4   7   1   2   4  0.05 0.04
   48 R    -2   2  -1   0  -1  -1   1   0   0   0  -1   2  -2  -1   1  -1  -1  -1   0  -1    4  12   3   4   1   2   8   8   3   5   7  13   1   3   8   5   3   1   3   4  0.13 0.12
   49 Y    -1   0  -1   1  -1   0   1  -1   2   0  -1   1  -1   1   1  -1  -1   2   1  -1    4   6   3   7   1   4   8   4   5   6   6  10   2   5   7   5   3   3   6   5  0.09 0.08
   50 A     0   0   0   1  -1   0   1   0   2  -1  -1   1  -1  -1   1   0   0   1   1  -1    8   5   5   8   1   4   8   6   4   4   7   9   1   2   6   5   5   2   4   4  0.06 0.06
   51 K    -1   0   0   0   0   0   0  -2   2  -1  -1   3   0  -1   2   0  -1   0   0  -1    5   6   5   5   2   3   5   3   5   4   7  16   2   3   9   7   3   1   4   5  0.12 0.12
   52 Q    -1   1   1   1  -1   1   1   0   0   0  -1   1  -1   0   0   0   0   0   0  -1    5   7   6   9   1   6   7   7   2   5   6   8   2   4   4   6   6   2   3   4  0.05 0.05
   53 C     0  -1   0   1   1  -1   0  -1   0   0   0   0   0   0  -1   0   1   1   0   0    9   3   5   8   4   2   5   5   2   8   9   6   3   4   3   5   8   2   4   6  0.01 0.02
   54 R    -2   3   0   0  -1  -1   1  -1   0  -1  -1   0  -1   1   1   0  -1   0   1  -1    3  15   5   4   1   2   8   6   2   4   6   7   2   5   9   6   4   1   5   4  0.14 0.14
   55 V    -1  -1  -2   0   0  -1  -1  -2  -1   2   1  -2   0   2   0  -1  -2   3   1   2    5   4   2   5   2   2   5   3   1  11  13   3   2   8   4   4   2   4   5  14  0.17 0.12
   56 M    -2   0  -1   0   0  -1   0  -2   0   2   1  -2   0   1  -1  -1   0   2   3   1    3   5   3   5   2   3   6   4   2  12  12   3   2   6   3   4   5   3  10   8  0.14 0.11
   57 R    -2   3   0   0  -2   0   1   0   2   1  -2   1  -1  -1  -2  -1  -1   1   1   0    4  16   5   6   1   4   8   6   5   7   3   7   1   3   2   4   4   2   5   6  0.17 0.14
   58 I    -2  -2  -1   0  -1  -1  -1  -2  -1   3   2  -1   0   2  -1  -2  -2   1   2   1    3   2   3   6   1   3   5   3   1  14  16   5   2   7   3   3   3   2   6  11  0.20 0.14
   59 A    -1  -1   2   1   0   0   0  -1   2  -1  -1  -1   0   0   3   0   0   2  -1  -1    5   3   8   7   2   4   6   5   4   4   6   4   2   4  15   6   6   3   2   4  0.16 0.16
   60 D    -1   0   0   2   1   0   0   0   1   0  -1  -1   0   0   1  -1   0   1   0  -1    5   5   5  12   3   3   7   7   4   5   5   4   2   4   6   5   6   2   4   5  0.06 0.06
   61 K    -1   0   0   0   2   0   0  -1   2   0  -1   0   2   1   0  -1   0   4   1  -1    5   5   5   5   5   5   5   5   5   5   5   5   5   5   5   5   5   5   5   5  0.09 0.08
   62 P    -2   0  -2  -1   0   0   2  -3   1   1  -1  -1   0   1   3  -2  -1   2  -1   0    4   5   2   4   2   5  13   3   3   7   5   3   3   6  16   4   4   3   3   6  0.23 0.20
   63 T    -2   0   0   0   1   0   1  -1   0   0   0   0   0   0  -1   0   2   2   0   0    3   5   5   6   3   4   8   5   2   4   8   6   3   5   3   7  12   3   4   5  0.05 0.07
   64 L     0   0   0  -1   0   0  -1  -2   1   1   0  -1   0   0   1  -1  -1   3   0   1    7   5   4   4   2   5   4   3   4   8  11   4   3   4   8   5   3   5   3   9  0.08 0.07
   65 E    -1  -1  -1   3   0   0   2  -2   1  -1  -2   1  -3   0   0  -1  -1  -2  -1  -1    6   4   3  17   2   5  15   3   3   3   5   7   1   4   5   5   5   1   3   5  0.21 0.19
   66 D    -3  -2  -1   6  -7  -2   2  -1   0  -2  -1  -2  -2   0  -1  -1  -2   1   0  -3    2   2   3  35   0   2  11   6   2   3   6   3   1   5   3   5   3   2   4   2  0.67 0.45
   67 L    -3  -4  -2   0  -2  -1  -2  -2  -1   1   3  -3   1   3  -2  -3  -3   6   0   0    2   1   2   5   1   3   3   4   2   8  27   2   4  11   2   2   2   9   3   6  0.53 0.33
   68 E    -2  -1   0   2  -1   1   2  -2   1   0  -2   0   1   1  -1  -1  -1   3   2  -1    3   4   5  10   1   5  13   3   3   6   5   7   3   6   3   5   3   4   7   4  0.16 0.15
   69 A     1   0   1   1  -1   1   1  -1   2  -2  -2   0   0   0   0   0  -1   1   0  -1   12   4   7   8   1   7   8   4   5   2   5   6   2   3   5   7   4   2   3   5  0.10 0.11
   70 I    -2  -2  -1   0   1  -1  -1  -3  -1   2   2  -3   2   3  -2  -3  -1   2   2   1    4   2   3   6   2   3   4   2   2  10  21   2   4  11   3   2   4   3   6   9  0.28 0.18
   71 G     0  -1   0   1   0   0  -1   2   0  -2  -3   0   0  -1   2   0   0   2   1  -2    7   4   4   8   2   5   4  14   3   2   3   6   2   3  11   7   5   2   5   3  0.15 0.15
   72 R    -1   2   0   1   0   0  -1  -3   1  -1  -1   1   1   1   1   0   0   1   0  -1    4   9   5   7   2   5   5   2   3   4   7   9   3   5   8   7   6   2   3   5  0.08 0.09
   73 G    -1   0   0   0   2   0   0  -1   2   0  -1   0   2   1   0  -1   0   4   1  -1    5   5   5   5   5   5   5   5   5   5   5   5   5   5   5   5   5   5   5   5  0.09 0.08
   74 N    -1   0   2   2   1  -1   1  -2   3  -2  -1   0   0   1  -1  -1  -1   1   1  -1    4   5  11  10   3   3   8   3   6   2   6   6   3   6   3   5   3   2   5   5  0.16 0.13
   75 L    -2  -1  -1   1   0   0   1  -1   3  -1  -1   0   0   2   2  -2  -2   5  -1  -1    3   3   3   9   2   4   8   5   6   4   7   5   3   9  10   3   3   7   2   5  0.24 0.19
   76 S    -2   1   0   0   0  -1   1  -1   2  -1  -2   1   0   1  -1  -1   0   7   0  -2    4   6   5   6   2   3   8   5   4   4   4   8   2   5   4   6   5  14   3   4  0.35 0.26
   77 Y    -2   0   0   1   0  -1   0  -2   2  -1  -2   0   0   2   0  -1  -1   3   3  -1    4   5   5   8   2   3   7   4   5   3   4   5   3   7   5   5   3   4  11   5  0.18 0.15
   78 D    -1   0   0   0   2   0   0  -1   2   0  -1   0   2   1   0  -1   0   4   1  -1    5   5   5   5   5   5   5   5   5   5   5   5   5   5   5   5   5   5   5   5  0.09 0.08
   79 E    -1   1   0   1   3  -1   3  -2   0  -1  -1   1   0   1  -2  -1  -1   0  -1   0    4   7   4   8   6   2  16   3   2   3   7   9   3   5   2   4   3   1   2   7  0.17 0.15
   80 S    -1  -1   0   1   1   0   1   0   1  -1  -2   0   0  -1   3  -1   0   2   0  -1    5   3   4   7   3   4  10   7   3   4   5   5   3   3  15   5   5   3   3   5  0.14 0.14
   81 K     0   0   0   0   2   0   0  -1   1   0  -1   0   1   0   0   0   0  -2   1   0    5   5   5   5   5   5   5   5   5   5   5   5   5   5   5   5   5   0   5   5  0.03 0.05
   82 N    -2  -1   4   1  -2   1   0   3   0  -2  -3  -1  -4   1  -1  -1  -1  -4  -1  -3    3   3  22   6   1   6   6  23   2   2   2   3   0   7   3   4   3   0   3   2  0.38 0.29
   83 G     2  -2   0   0   2  -2  -2   2  -1  -1  -2  -2  -1  -1  -1   2   0  -4  -2  -1   21   1   4   4   5   1   2  19   1   3   2   1   1   2   2  17   6   0   1   5  0.25 0.23
   84 L    -1  -2  -2  -2   0  -2  -2  -2   0   2   2  -2   2   1  -4  -1  -1   2   0   2    3   2   2   2   2   1   2   2   2  14  23   2   4   6   0   4   3   3   2  19  0.24 0.20
   85 I    -1  -2  -3  -4   1  -1  -3  -2   0   3   2  -3   2   2  -3  -2  -1   2   0   2    5   3   0   0   3   3   0   3   2  25  16   0   5   9   0   0   3   3   3  16  0.28 0.22
   86 V     0  -3  -3  -3   2  -3  -3  -1   1   2   1  -3   1   2  -3  -1   0   2   1   3    6   0   0   0   5   0   0   4   4  14  11   0   5   9   0   4   4   4   4  25  0.25 0.20
   87 L    -1  -3  -3  -1   1  -3  -3  -1   0   3   1  -1   2   1  -1  -1  -2   3   1   1    4   0   0   3   3   0   0   4   3  28  15   3   8   4   3   4   0   4   5   7  0.22 0.21
   88 D    -2  -3   1   6  -4  -2   1  -1  -3  -3   0  -2   0  -4  -3  -1  -3  -5  -4  -4    4   0   6  58   0   0   9   3   0   0  10   0   3   0   0   4   0   0   0   0  0.95 0.35
   89 E    -3   1   2   2  -5  -1   6  -4  -2  -5  -5  -2  -4  -5  -3  -2  -3  -5  -4  -4    1   6  10   8   0   0  69   1   0   0   1   0   0   0   0   1   0   0   0   1  1.28 0.45
   90 C     4  -2  -4  -4   5  -4  -4  -2  -1   2  -1  -4   0  -1  -4  -1  -1   0   0   2   32   2   0   0  13   0   0   3   2  11   5   0   3   3   0   4   3   1   4  14  0.52 0.32
   91 G    -1  -1  -1   0  -5   5  -2   1   5  -2  -2  -2  -2  -3  -3  -1  -2   3   0  -2    4   2   2   6   0  34   1  11  14   2   4   1   1   1   1   5   1   4   3   3  0.68 0.41
   92 T    -1   1   1   0   1   0   0  -1   1   0   0   1   1   1  -4  -1   0  -4   1   0    4   8   6   5   3   5   5   5   3   7  10   7   4   5   0   5   6   0   5   8  0.07 0.07
   93 W    -1  -1  -1  -1   1   0  -2  -2   2   1   0  -1   1   3  -1  -1  -1   5   2   0    5   3   3   4   3   4   3   3   4   9   8   4   4  11   3   4   4   8   6   7  0.24 0.16
   94 F    -2  -3  -5  -3   0  -2  -3  -3  -1   0   1  -2   1   6  -2  -5  -3   6   3  -2    4   2   0   2   2   2   2   2   2   4  14   2   4  34   2   0   2  10   9   2  0.88 0.52
   95 N    -1   1   4   2  -5  -1   0   0   1  -5  -3  -2  -1  -2   4   0  -2  -5  -4  -3    4   7  19  12   0   2   5   7   4   0   2   2   2   2  20   7   2   0   0   2  0.51 0.39
   96 S     1  -2   1  -1   0  -1  -2  -2  -1  -2  -3   0  -1   0   3   3   0   0   0  -1   12   2   7   3   2   3   2   3   2   2   3   5   1   4  12  24   6   1   3   4  0.27 0.28
   97 R    -3   7  -1  -3  -2  -1  -1   0   0  -3  -3   0  -1  -3  -3  -4  -1  -2  -2  -4    3  50   3   2   1   3   4   6   2   2   4   6   2   2   2   2   5   1   1   1  1.18 0.63
   98 N     0   0   2   4  -2  -1   0   0   0  -4  -3   1  -1  -2   0   1   0  -5  -2  -3    8   6   8  18   1   3   6   8   2   1   3   8   2   2   5  10   6   0   2   2  0.26 0.20
   99 W    -1  -1   1  -3  -1   0  -2  -1  -2  -2  -2   0   0   3  -1   1  -1   7   2  -3    6   3   6   2   1   5   3   5   1   3   5   6   2  11   4  12   4  14   5   3  0.43 0.26
  100 S     0   1   1  -2  -3   2  -2   2  -2  -2  -2   2   2  -3   0   1   0  -5  -1  -2    8   6   8   2   1   9   1  13   1   2   4  15   5   1   5  11   4   0   2   2  0.23 0.24
  101 D     0   1   2   3  -3   0  -1   1   0  -3  -3   2  -1  -3  -2   2   0  -5  -3  -3    7   7   8  14   1   4   3  12   2   1   2  11   2   1   2  15   6   0   1   2  0.28 0.26
  102 K    -1   1   1  -1  -5   0   0  -1  -2  -2  -3   5  -1   0   0   1   0  -1  -2  -2    5   6   6   3   0   4   5   5   1   2   3  31   2   5   4   8   5   1   1   2  0.38 0.33
  103 S     0   0   0   2  -2   0   1   0   0   0  -1   0  -1  -2   1   1   0  -4  -2   0    9   4   4  11   1   3   9   6   2   5   6   4   1   2   8  10   7   0   1   6  0.09 0.11
  104 R    -2   3   3   0  -5  -1   0  -4   1  -2  -2   0  -2  -3   3  -1  -1  -2  -1   1    3  19  12   4   0   3   5   1   3   2   4   5   1   1  17   4   4   0   2   9  0.41 0.34
  105 Q    -1   1   0   1  -5   1   1  -3  -1  -2  -1   2   1  -3   3  -1  -1  -2  -4  -1    5   7   5   7   0   6  10   1   1   3   6  14   3   1  17   3   3   1   0   4  0.32 0.28
  106 P    -1   0   0   0   2   0   0  -1   2   0  -1   0   2   1   0  -1   0   4   1  -1    5   5   5   5   5   5   5   5   5   5   5   5   5   5   5   5   5   5   5   5  0.09 0.08
  107 V    -1  -1  -1  -1   1  -1  -2  -2   2   1   1  -2   3   2  -2  -2  -1   5   1   1    5   3   4   4   3   3   3   3   5   7  13   3   6   8   3   4   4   7   4   8  0.21 0.15
  108 I    -1  -2  -1  -3   0  -2  -1  -3  -1   4   2   0   1   0  -3  -1  -1   0   0   2    5   2   3   2   2   2   4   3   1  19  16   6   3   4   1   5   4   1   3  15  0.28 0.18
  109 D     0   0   1   2  -7   2   2  -3   0  -3  -4   1  -1  -2  -3   2   0   1   0  -3    9   5   6   9   0   8  14   2   2   2   2   9   2   2   2  13   6   2   4   2  0.28 0.27
  110 W     1  -1  -3  -2  -1  -2  -1  -4   0  -2   0  -1   0   5  -4  -3  -3   7   2  -3   10   3   1   3   1   2   4   2   2   3   8   4   2  24   1   2   2  14   6   2  0.79 0.47
  111 F    -2  -9  -4  -9  -1  -4  -5  -5  -8   2   4  -5   2   6  -9  -5  -3   1   0  -1    4   0   1   0   2   1   1   1   0   9  37   1   5  25   0   1   2   2   3   5  1.14 0.60
  112 L     2   1   0  -1  -1   0   2  -3  -2  -1  -1  -1  -1  -2  -4   1   2  -7  -2  -1   15   7   4   3   2   4  13   2   1   4   6   4   2   2   1  12  12   0   1   4  0.22 0.22
  113 H    -4  -2  -3  -3  -3   5   2  -5   3  -1  -1   0   3  -1  -6  -4   2   1   1  -1    1   3   1   1   1  22  12   1   8   4   6   6   7   3   0   1  14   2   5   4  0.59 0.47
  114 A    -1  -1  -2  -8   2   0  -5  -5   9  -1  -1  -4   0  -4  -5   1  -3  -8  -2  -2    5   3   2   0   4   4   1   1  50   4   6   1   2   1   1   9   2   0   1   3  1.70 0.92
  115 R    -4   8  -7  -8  -9  -6  -4   1  -7  -3  -8  -3  -8  -9  -8  -4  -8  -9  -8  -8    2  82   0   0   0   0   1   9   0   2   0   2   0   0   0   2   0   0   0   0  2.74 1.27
  116 K    -5  -2  -3  -7  -8  -2  -3  -3  10  -8  -8   5  -7  -8  -8  -4  -7  -8  -3  -5    1   2   1   0   0   2   2   3  54   0   0  31   0   0   0   1   0   0   1   1  2.55 1.13
  117 L    -2   3  -1  -2  -1   0  -2  -4   2  -1   1   1   2   2  -6  -2  -1   1   4  -4    3  17   3   3   1   5   3   2   5   3  11   8   5  10   0   2   4   2  14   1  0.42 0.31
  118 G    -1   1   3  -2  -3  -3  -3   6   2  -4  -3   0  -4  -2  -5  -2  -4  -4  -3  -5    4   6  12   2   1   1   2  50   4   1   3   5   0   2   1   3   1   0   1   1  0.98 0.54
  119 W    -2  -2  -2  -3   3  -1  -3  -4   2   2   0  -1   1   2  -3  -2  -2   6   2   0    3   2   2   2   7   3   1   1   6  15   9   5   4   9   1   2   2  13   6   7  0.43 0.28
  120 D    -3  -1   2   6  -2  -1   1  -4   2  -2  -4  -1  -1  -3  -5  -1  -1  -2  -2  -3    2   4   8  47   1   2   9   1   5   3   1   3   2   1   0   4   4   1   1   2  0.90 0.51
  121 V    -1  -6  -6  -7  -1  -3  -6  -4  -2   5   2  -6   2   3  -3  -5  -3  -1  -4   3    5   0   0   0   1   1   0   1   1  36  18   0   5  10   1   0   1   1   0  17  0.91 0.47
  122 I     0  -2  -2  -2  -1  -3  -3  -2   0   3   1  -3   1   2  -4  -1  -2   3   4   1    8   1   1   2   1   0   1   3   2  20  10   0   3   9   0   5   2   3  16  12  0.32 0.25
  123 F    -1  -3  -4  -4   1  -2  -4  -1  -3   1   3  -3   2   3  -4  -2  -1   5   3   0    4   0   0   0   4   2   0   5   0   9  30   0   6  11   0   2   2   8  10   5  0.42 0.26
  124 I    -1  -3  -1  -2   1  -1  -3  -2  -3   3   0  -3   2   0  -3   0   3  -3   1   1    3   0   3   2   3   2   0   2   0  23   6   0   6   4   0   6  22   0   5  10  0.28 0.25
  125 I     1   0  -1  -2   1  -1  -1  -1  -1   0  -1  -2   1  -1  -1   1   3  -3  -1   1   14   5   2   2   3   2   2   5   1   6   2   0   4   2   2  13  25   0   2   9  0.19 0.20
  126 Q    -4  -1  -3  -3  -5   7  -2  -4   1  -2  -3  -1  -3  -4   0  -2  -1  -4   1  -2    1   3   0   0   0  65   0   1   3   3   3   3   0   0   6   3   3   0   5   3  1.36 0.69
  127 D     0   1   2   2  -1   0  -1  -1   4  -2  -2  -1  -1   0  -3   1  -1   0   0  -1    5  10  10  12   1   4   3   3  11   2   3   3   2   4   0  14   3   1   3   6  0.18 0.18
  128 I    -1  -2  -3   0  -2  -2  -1  -3  -1   2   1  -2   0   3   3  -1  -2   2   1   0    4   2   1   6   1   1   3   2   2  12  13   3   3  13  16   4   2   3   5   6  0.27 0.21
  129 S     0   2   1   2  -4   0   1   1  -1  -3  -2   1   1  -3  -1   1   0  -2  -2  -3    6  12   5  13   0   3   9  10   2   1   3   8   4   1   2  12   6   1   1   1  0.22 0.20
  130 L    -1   0   0   0   2   0   0  -1   1   0  -1   0   1   0  -3   0   0   3   1   0    5   5   5   5   5   5   5   5   5   5   5   5   5   5   0   5   5   5   5   5  0.03 0.10
  131 M    -1  -4   0  -1   3   0  -4  -5  -5   4   2  -4   2   0  -5  -1   0  -5  -4   2    5   0   4   4   7   4   0   0   0  21  18   0   5   4   0   4   4   0   0  17  0.46 0.30
  132 D    -1  -2   0   6   2  -1  -1  -2   4  -2  -1  -2  -1  -1  -1  -1  -2  -6  -1  -2    4   3   5  40   4   2   3   2   9   2   5   2   2   2   4   3   2   0   2   3  0.66 0.43
  133 K     0   1   0   0  -1   0  -1  -2   0   0  -2   3  -1  -4   2   1  -1   0  -2  -1    8   8   4   5   2   3   2   2   3   5   3  22   2   0   9  10   4   1   1   6  0.21 0.22
  134 Q     0   1   1   1  -4   3   0  -2   2  -2  -2   0  -1   2  -1   0  -1   1   0  -2    6   7   8   7   0  14   5   3   6   2   3   7   2   9   4   6   4   2   3   2  0.16 0.19
  135 A    -1  -5  -5  -5   0  -5  -3  -4  -5   5   2  -5   1   3  -2  -3  -2   2  -1   3    6   0   0   0   2   0   2   2   0  31  15   0   3  10   2   2   2   3   2  19  0.70 0.41
  136 R    -3   7  -3  -5  -2  -1  -4  -6  -1   0  -1   0   0  -3  -3  -3  -3  -1   1  -1    3  57   1   0   1   3   0   0   1   5   5   4   2   1   1   2   2   1   4   5  1.23 0.68
  137 E    -1   3   1   2  -2   0   1   0   0  -3  -2   2  -1  -2  -2  -1  -2   0  -2  -3    6  19   6  12   1   4   9   6   2   1   4  14   1   1   1   4   2   1   1   2  0.30 0.24
  138 A     1   0  -1  -2  -1   1  -2  -1  -1   0   2  -1   2   0  -2   0   0   0  -1   0   11   6   3   2   2   8   2   5   1   4  22   2   5   4   2   9   5   1   1   6  0.10 0.13
  139 L    -1  -3  -4  -5   3  -3  -4  -4  -2   3   3  -3   2   0  -3  -3   1  -2  -2   3    4   1   1   0   5   1   1   1   1  14  25   1   4   4   1   2  10   1   1  21  0.51 0.34
  140 A     1  -2   1  -1   2   0   0   2  -1   1  -2  -1  -2  -1  -2   0   0  -2  -2   1   14   1   6   4   5   3   7  17   1  10   2   4   1   2   1   5   7   1   1   9  0.15 0.16
  141 E    -2   1  -1   2  -3   1   5  -2   0  -2  -3   0  -2  -3  -3  -1   0  -5  -1  -2    3   8   2  11   1   7  33   3   2   2   3   6   1   1   1   4   7   0   2   2  0.52 0.40
  142 H    -2   1  -1  -3  -1  -1  -3  -2   7  -1  -1  -1   0   1  -4  -3   0   2   4  -2    4   6   3   2   1   3   2   3  28   3   7   4   3   5   1   2   6   3  12   3  0.76 0.47
  143 V    -1  -2  -2  -3   0  -2  -1  -4   2   3   0  -2   0   2  -3  -3   1   0   1   2    4   3   2   1   2   2   5   1   6  18   8   3   2   8   1   1  10   1   6  15  0.29 0.22
  144 V    -1   0   0   0   2   0   0  -1   2   0  -1   0   2   1   0  -1   0   4   1  -1    5   5   5   5   5   5   5   5   5   5   5   5   5   5   5   5   5   5   5   5  0.09 0.08
  145 Y    -2   1   0  -2   2  -1  -1  -3   4   0  -2  -1   1   2  -1  -2   0   4   2   1    4   8   4   3   4   3   4   3   8   5   5   4   3   8   3   3   5   5   6  11  0.23 0.17
  146 C    -1  -2  -2  -2   7  -2  -2  -3   4   0  -2   0   1   1  -3  -2   1   1   0   1    5   2   2   2  18   2   3   2  10   5   4   5   3   6   2   4   7   2   3  11  0.56 0.34
  147 R    -3   6  -1  -3  -7  -1  -2  -3   1  -1  -2   2  -1  -1  -3  -2   0   1   1  -1    2  33   4   2   0   3   3   2   3   4   4  13   2   3   2   4   6   2   4   4  0.68 0.44
  148 R    -1   5   2   0   0  -1  -3  -4   2  -3  -3   4  -1  -3   0  -1  -1  -7  -2  -3    5  25  10   5   2   2   2   2   4   2   3  19   1   1   5   5   4   0   1   2  0.62 0.41
  149 L    -1  -2  -1  -3  -1  -2  -3  -3  -1   0   3  -2   3   3  -2   0  -1   4   1   1    5   3   3   2   1   2   2   2   2   4  22   3   6  11   2   8   5   5   5   8  0.32 0.21
  150 D    -2  -1   2   3  -2   0  -1   2  -1  -3  -4   2  -5   1  -2   1   0   1  -1  -3    4   3  11  15   1   4   4  12   2   2   2  14   0   6   2   9   5   2   2   2  0.34 0.25
  151 K    -1   3   1  -5  -2  -2  -1   1  -1  -1  -2   3   1  -1  -3   0  -1   0   0  -2    6  16   6   1   1   2   4  10   2   3   4  19   4   3   2   6   4   1   3   4  0.33 0.23
  152 L    -1   0   0   0   2   0   0  -1   2   0  -1   0   2   1   0  -1   0   4   1  -1    5   5   5   5   5   5   5   5   5   5   5   5   5   5   5   5   5   5   5   5  0.09 0.08
  153 N    -1   2   1   0   1   0   0   0   1   0  -2   1   1   0   0   0   0  -4   0  -1    4  10   7   4   3   4   5   8   3   7   3   9   4   4   5   6   6   0   4   4  0.08 0.08
  154 I    -1  -1  -1  -2   0  -1  -2  -2   0   3   0  -1   1   2  -2  -2  -1   4   1   1    6   4   3   2   2   3   3   4   2  17  10   4   4   7   2   4   3   5   5  10  0.23 0.14
  155 P     0  -2  -1  -2  -1   1   0   1  -1  -2  -2   1   0   1   4  -1  -1   1  -1  -2    7   3   3   3   1   5   6  11   2   2   5   7   3   6  20   4   4   2   3   3  0.26 0.22
  156 I    -1  -1   0  -1  -1   0  -1   0  -1   1   0  -1   1   2  -2  -1   0   2   1   1    4   4   4   3   1   5   4   8   2  10  10   4   4   8   2   5   5   2   5  11  0.07 0.06
  157 I    -2   0  -2  -2   1  -1  -3  -2  -1   3   1   0   0   4  -5  -1  -2   2   1   1    3   4   2   2   2   3   2   3   1  15  14   6   2  15   0   5   3   2   5  10  0.33 0.19
  158 G    -1   1   0  -1  -1  -1  -1   2   1  -3  -2  -2  -2   0  -1   0   0   3   3  -2    6   9   5   4   1   3   4  17   3   1   5   3   1   4   4   8   6   4  11   3  0.24 0.20
  159 G    -2   1   0   1  -2  -1   1  -1   1  -2  -3   2  -1   1  -1   0   0   5   1  -3    4   7   4   6   1   3   8   6   3   2   3  13   1   5   4   8   6   8   4   2  0.24 0.20
  160 L     0  -1  -1  -2  -1  -1  -1  -4  -2   2   1  -2   0   3  -1  -2  -1   4   2   1    9   4   3   2   1   3   4   2   1  10  14   3   2  11   4   4   4   5   7   8  0.25 0.16
  161 I    -1   0  -2  -1  -1  -1   0  -3  -1   2   0  -1   1   1  -3   0   0   3   3   1    5   6   2   4   1   2   5   3   1  10  11   4   4   6   1   7   6   4   9   9  0.16 0.12
  162 S    -1   2  -1   0  -1   1   0   1   1  -2  -2   2  -1  -2  -3   0   0   3   0  -1    6  12   3   6   1   5   7   9   3   3   4  12   2   1   1   7   7   4   3   5  0.17 0.15
  163 V    -1   0   0   0   2   0   0  -1   2   0  -1   0   2   1   0  -1   0   4   1  -1    5   5   5   5   5   5   5   5   5   5   5   5   5   5   5   5   5   5   5   5  0.09 0.08
  164 L    -1   0  -1  -1   2   0  -1  -1   0   1   1  -1   1   2   0  -1  -1   2   1   0    5   5   3   3   5   5   4   4   2   8  12   3   3   9   5   3   5   3   6   6  0.09 0.07
  165 S     0   0   0  -1   1  -1   0   0   0  -1  -1   0   0   1  -1   0   2   2   1  -1    7   6   5   3   3   3   7   7   2   4   5   6   2   7   3   5  13   3   4   4  0.07 0.08
  166 G     0  -1   1   1   0   0  -1   2   0  -2  -1   0   0   1   1   0  -1   0   0  -2    6   3   6   8   2   4   5  18   2   2   6   5   2   5   6   7   4   2   4   3  0.12 0.12
  167 G    -1   0   0   1   0   0   0   2  -1  -1  -2   1  -1   0   0   0  -1   1   0  -1    5   6   4   8   2   5   5  15   2   4   4  10   2   4   5   7   4   2   4   4  0.10 0.10
  168 R    -1   3   2   1   0   1   0  -1   0  -2  -3   2  -1   0   2  -1   0   2   0  -2    5  13   9   6   2   5   6   5   2   2   3  10   2   4   9   5   5   3   3   3  0.19 0.17
  169 L    -1   0  -1   0  -1  -1   0   0   0   0   1   0   1   1  -2   0   0   2   1   0    6   5   3   5   1   2   5   6   3   6  16   5   3   5   2   6   5   3   5   8  0.04 0.04
  170 P    -2   2  -1  -2  -1  -1  -1   1  -1  -3  -3   3  -1   2   2  -1   0  -5   2  -3    4  11   3   3   1   3   4  10   2   2   3  16   2   8  10   5   5   0   7   2  0.30 0.23
  171 L    -3  -1  -2  -2  -2  -3  -1  -3  -2   1   3  -1   2   2   1  -2  -1   3   0   2    3   4   3   2   1   1   4   3   1   6  23   4   5   9   6   3   4   4   3  11  0.28 0.18
  172 P     1  -2  -2   1   0  -1  -1  -3  -2  -1  -3  -1   1   0   5  -1  -1  -5   0  -1    9   2   2   9   2   3   5   2   1   4   3   4   3   4  30   5   5   0   3   4  0.53 0.37
  173 K    -1   3   0   0  -2  -1   0  -3   2  -2  -3   5  -2  -3  -3   0  -1  -2  -3  -2    5  13   5   5   1   3   5   2   4   3   3  32   1   1   2   7   3   1   1   4  0.57 0.35
  174 V    -1   0  -1  -1  -1  -1   0  -1  -2   1   0   0   1   2  -2   0   1   2   0   1    5   4   3   3   2   3   5   5   1   7   9   6   4   8   2   8   8   3   3  12  0.06 0.05
  175 H    -2   1   1  -2  -1  -2  -1  -3   7  -2  -3   1  -2   1  -3  -1  -2  -1   4  -1    5   8   6   3   2   2   4   3  22   3   3   7   1   6   2   4   3   1  12   4  0.66 0.36
  176 F    -2   2  -2  -2  -2   0  -2  -3  -1   1  -1   0   2   3  -2   0   0   1   2   2    4   9   2   3   1   4   3   2   2   7   5   7   5  12   3   6   7   2   6  12  0.20 0.14
  177 G     3  -1  -1  -2   2  -1  -1   2  -2   0  -2  -2   0  -2  -2  -1  -1  -1   2   0   22   3   3   2   4   3   4  17   1   5   4   2   2   2   2   5   4   1   7   6  0.29 0.20
  178 I     0  -1   0  -1   0  -1   0  -1  -2   2  -1   2  -1  -2   0   0   1  -2   0   1    6   3   5   4   2   2   5   4   1  10   6  11   2   1   5   8   9   1   3  12  0.10 0.09
  179 V    -1  -2  -2  -1  -2  -1  -2  -3  -5   2  -1   0   1   0  -3  -2   0   2   2   4    5   3   2   4   1   3   3   2   0  11   6   6   3   4   2   4   6   3   7  25  0.36 0.22
  180 K    -3   4  -2  -1  -5   0   0  -2  -2  -3  -3   4  -2   0   1  -1   1  -5   3  -3    3  17   2   4   0   4   6   4   1   1   3  20   1   3   6   5   7   0   9   2  0.45 0.31
  181 Y    -1   0   1   0  -2  -1   0  -3   2  -2  -1   0   0  -1  -5  -1   0   2   6  -4    7   4   6   5   1   3   6   3   4   2   6   5   2   3   1   6   5   2  28   2  0.60 0.36
  182 G    -2   0  -1  -2  -1  -1  -2   4  -1  -2  -2   0  -4  -2  -2   0  -1   5   2  -3    4   5   3   3   1   3   3  32   1   2   4   7   0   2   3   6   4   6   6   2  0.51 0.31
  183 D     0  -1   0   2   1   0  -1  -2  -1  -1  -1   2  -1  -1  -2   1   1   1   2   0    7   4   4  10   3   4   5   4   2   3   5  11   1   2   2   9   9   2   7   7  0.12 0.11
  184 N    -1   1   1   0  -2   0   0   1   1  -2  -2   1   0  -3  -1   2   1  -5  -1  -2    4   6   7   6   1   5   5  12   4   3   4   8   2   1   3  15   7   0   2   3  0.16 0.15
  185 P     1   0  -1   0  -5   1   0   0   1  -2  -2   2   0  -2   2   0   0  -2  -1  -1   10   5   4   4   0   7   6   7   3   2   4  12   2   2  11   8   5   1   2   5  0.14 0.15
  186 Q    -1   0   0   0   2   0   0  -1   2   0  -1   0   2   1   0  -1   0   4   1  -1    5   5   5   5   5   5   5   5   5   5   5   5   5   5   5   5   5   5   5   5  0.09 0.08
  187 S    -1   0   0   0  -3   0   0  -1   1   0  -1   0   1   0   0   0   0   3   1   0    5   5   5   5   0   5   5   5   5   5   5   5   5   5   5   5   5   5   5   5  0.06 0.08
  188 L    -1   1   0  -1  -3   0   0  -1   1   0   0   1   1   0   1   0   0   2   0   0    4   7   4   3   0   3   6   5   5   7   6   9   5   5   6   5   4   3   4  10  0.04 0.07
  189 T     0   1   0  -1   1   0   0  -1   1   0  -1   1   0  -1   1   0   0   0  -1   0    8   7   6   3   3   3   5   4   4   4   7  10   2   2   6   6   7   1   2  10  0.04 0.06
  190 V     0  -1  -1  -1   0   0  -1   0   0   0   0   0   0   0  -1   0   0   0   1   1   10   3   3   3   2   3   4   8   2   6   7   7   2   3   2   6   5   1   7  14  0.03 0.06
  191 D    -1   0   1   3  -5   0   2  -2   1  -2  -3   1   0  -1  -2   1   0   0  -2  -2    4   4   6  19   0   4  15   3   3   3   3  10   3   3   2   9   5   2   1   3  0.27 0.25
  192 K    -3   4  -2  -3  -5   0   0  -3   0  -2  -3   3  -1   0   1   0   2  -5  -1  -1    2  22   2   1   0   3   7   2   2   2   2  16   1   5   6   7  12   0   3   4  0.43 0.36
  193 W    -2   2  -2  -2  -1  -2   0  -3  -1   0  -2   1   0   3  -2  -2   0   7   1  -2    3  13   2   2   1   2   7   2   2   7   4   9   2  11   3   3   6  17   4   3  0.55 0.39
  194 I    -2  -1  -2  -3  -4  -2  -1  -3   0   2  -1  -1   1   3  -3  -1   1   5   2   1    4   4   2   1   0   2   4   2   2  12   6   4   3  12   1   6  10   9   7  10  0.33 0.27
  195 Y    -2   0  -2  -5   0  -2  -3  -4  -1   0  -1  -2  -1   5  -2  -2  -1   3   6  -2    4   5   2   0   2   2   2   1   1   6   5   3   1  22   3   3   4   3  28   2  0.86 0.53
  196 T    -1   3  -1   0  -2   0  -1   0   0  -1  -2   1  -1   1   1   0   0   1   2  -2    4  18   3   5   1   3   4   6   2   4   4   8   1   5   6   7   5   2   9   3  0.18 0.17
  197 G     0   2  -1   0  -1  -1  -1   2  -1  -1  -1   0  -3  -2   3   0   0  -4  -2  -3    8  11   3   4   1   2   4  17   1   3   6   7   0   2  15   6   5   0   2   2  0.23 0.21
  198 T    -1   0   1   1  -5  -1  -1  -3  -1  -4  -2   5  -1  -2   1   1   0  -5   1  -3    6   4   5   6   0   2   3   1   1   1   3  32   2   2   7  10   7   0   5   2  0.46 0.38
  199 D    -2   0   0   4  -5   1   2  -2   0  -4  -3   3  -3  -3   0   0  -2   3  -1  -4    3   5   4  20   0   6  14   3   2   1   3  16   1   1   5   7   2   5   2   1  0.46 0.36
  200 L    -2  -4  -4  -4  -2  -6  -4  -7  -5   2   3  -3  -1   3  -5  -2  -2  -1   5   3    3   1   1   1   1   0   1   0   0  10  25   1   2  10   1   4   2   1  21  16  0.77 0.50
  201 Y     0   0   0   0   2   1   0   0   2  -2  -1   0   1   1  -3   0   0   3   1  -1    6   6   5   6   5   5   6   6   5   0   6   6   5   5   0   6   6   5   5   6  0.08 0.13
  202 A    -1   2   2   1  -3   1   0   0   1  -3  -2   1   0  -1   0   0   0  -3   0  -1    5  12  11   7   0   5   6   8   3   0   4   8   3   3   4   6   7   0   3   3  0.12 0.14
  203 A     1  -1  -1  -3   4  -1  -2  -2   1  -1   1  -1   1   0  -1   0  -1   1   0  -1   15   3   3   0  12   2   2   3   3   3  19   3   4   4   2   8   3   2   4   4  0.19 0.21
  204 Y    -3  -5  -2  -2  -6  -5  -2  -6   2  -5  -2   0   0   1  -6  -2  -2   2   8  -3    3   0   2   2   0   0   3   0   4   0   4   6   2   4   0   3   2   2  60   2  1.73 0.86
  205 D     0   0   3   5  -5   0  -1  -1  -1  -2  -3   1  -4  -2  -1  -1  -1   0  -1  -3    7   5  12  35   0   4   3   4   1   3   2   7   0   2   3   3   4   1   2   2  0.52 0.37
  206 T    -2  -2   0  -2   0  -1  -4  -2  -1  -1  -4  -1  -1  -2  -2   3   5  -5  -4  -1    2   2   4   2   2   2   0   3   1   3   1   3   2   2   2  25  39   0   0   4  0.75 0.54
  207 K     0   1   1  -1  -1  -1   0  -1   2  -1  -1   1   0   0   0   1   0  -2   2  -1    9   8   7   2   1   2   5   4   6   4   4  11   2   5   3   9   7   0   7   2  0.08 0.12
  208 Q     0  -1  -2  -2  -2   4   3  -1   0  -2  -3   2   0   0  -2  -1   1  -4  -1  -3    8   2   1   1   1  21  18   5   2   2   2  11   2   4   2   4  10   0   2   1  0.37 0.33
  209 I    -1   0  -2  -1  -1   1  -1  -2  -1   2   1   1   2  -1  -3   0   0  -3  -1   1    3   4   1   4   2   6   4   2   2  15  15  10   5   2   0   7   6   0   2  12  0.11 0.14
  210 F    -2  -2  -2  -3  -4  -2  -2  -2   4   1  -1  -4  -1   7  -2  -2  -2  -3   1   0    3   2   2   2   0   1   2   3  10   9   4   1   1  43   2   3   2   0   3   7  0.89 0.49
  211 T    -1   0   0   0  -3   0   0  -1   1   0  -1   0   1   0   0   0   0   3   1   0    5   5   5   5   0   5   5   5   5   5   5   5   5   5   5   5   5   5   5   5  0.06 0.08
  212 S     0   0   1   2  -3   0   1   0   2  -1  -1   1   0   0   1   0   0  -3   0  -1    6   3   5  11   0   4  10   7   5   3   4   8   3   4   6   6   6   0   3   4  0.09 0.10
  213 D    -1  -1   2   3  -4   0   1   2   0  -2  -2   1  -3  -1  -1   0   0   1  -1  -2    4   3   9  17   0   4   8  15   3   3   3   7   0   3   3   6   5   2   2   3  0.19 0.19
  214 R     0   0   0   1  -1   0   0   0   0   0  -1   0   2   1  -1   0   0   2   3  -1    6   5   3   7   1   3   7   7   2   6   3   7   6   5   3   6   4   3  11   4  0.07 0.11
  215 E    -1   1   0   3   0   0   3  -2  -3  -2  -2   2   0  -2   2  -1  -1   1   0  -2    5   7   3  15   2   3  19   3   0   2   3  11   3   2   9   3   3   2   3   4  0.28 0.27
  216 L     0   0  -1  -1  -3   0   0  -1   2   0   1  -1   2   1  -2   0  -1  -2   1   0    6   4   2   3   0   3   6   5   6   6  17   4   6   7   2   6   3   0   5   8  0.07 0.10
  217 S     0   1   0  -1  -1   0   1   0   0   0  -1   1  -1  -1   0   0   0   1   0   0    9   7   3   3   1   5   9   8   3   7   3   9   1   2   3   6   5   2   4   8  0.04 0.06
  218 P     1  -2  -1  -1  -1  -2  -1   3  -1  -2  -2  -2  -2  -2   4   0  -3   1  -1  -2   13   3   3   3   1   2   4  25   2   3   4   2   1   2  19   6   2   2   2   4  0.43 0.33
  219 P     0  -1   0  -1  -3  -1  -2  -1  -3  -1   0   1   1  -1   2   1   2   1   0   1    6   3   4   3   0   3   2   5   0   3   9   9   3   2   9   9  13   2   4  10  0.11 0.15
  220 F    -1  -2  -2  -4  -1  -1  -3  -2   4   1  -1   0   1   4  -2  -1  -2   2   5  -1    6   2   2   1   1   2   2   3   9   8   5   6   3  15   2   4   2   3  19   4  0.43 0.30
  221 C     0  -1  -2  -1   3   1  -1  -2  -3  -1   0  -1   0   0  -1   3   2  -3  -1  -1    7   3   1   4   7   6   3   2   0   2   9   4   2   5   3  24  12   0   2   4  0.22 0.24
  222 P    -1  -2  -3   1  -3  -1  -1   0   0   1   1  -1   3   1   0  -2  -1   1   2   2    3   2   1   8   0   2   3   7   2   6  15   3   8   5   4   2   4   2   9  15  0.13 0.16
  223 V    -1  -1  -2  -2  -1  -1  -2  -3  -3   2   4  -2   0   0  -3  -1  -2   1  -2   2    4   3   2   2   1   3   2   2   0   9  38   3   2   3   1   4   2   2   1  15  0.37 0.27
  224 S     0   0  -1  -1  -3  -1  -1  -3  -1  -2  -1  -1  -1  -2   5   2  -1   1  -1  -1    8   4   3   3   0   2   4   2   1   2   7   4   1   1  28  18   4   2   3   4  0.45 0.33
  225 P     0  -2  -3  -3  -4  -1  -1  -1   1   0  -1  -1   1   0   5   0  -1  -1  -3   1    8   2   1   1   0   2   3   4   3   4   5   4   3   4  34   7   3   1   0   9  0.54 0.36
  226 Y    -3   0  -2  -2   0  -2  -2  -1   0  -3  -1  -1  -2   2  -1  -1  -2   8   5  -1    2   4   2   2   2   1   2   4   2   1   6   5   1   7   3   5   2  24  18   5  0.87 0.48
  227 Y    -1  -2  -1  -1  -4   0  -3  -3   5   0   0   0   0   0  -1  -1  -1   2   5  -1    6   2   2   4   0   4   1   2  13   6  11   6   2   4   3   4   3   3  20   4  0.36 0.29
  228 T     0  -1  -1  -2  -3   0  -2  -2  -3   1   1  -1   1   1   0   0   2  -3  -1   2    7   3   2   2   0   4   2   3   0   9  18   2   3   5   4   5  14   0   2  14  0.13 0.16
  229 H     0   0  -2  -1  -1   0  -1  -2   4  -1  -1   2  -1   1  -2  -1  -1  -3   4   0    8   5   1   3   2   4   4   2  11   4   7  15   1   5   1   3   4   0  14   8  0.23 0.23
  230 G     0  -1  -1  -1  -4   0  -1   5  -2  -3  -2  -1   0  -1  -3   1  -2   0  -2  -3    6   4   2   3   0   4   3  44   1   1   5   4   2   3   1   9   3   1   1   2  0.56 0.38
  231 I    -1   4  -1  -2   1   0  -2  -2  -3   0   0   1   2  -1  -2  -1   0   2  -1   1    5  24   3   2   3   4   2   2   0   7   8   7   6   2   2   4   4   3   2  10  0.24 0.23
  232 F     0  -3  -1  -1  -4  -1  -1  -1   1  -1   0  -2   0   3   0  -1  -1   1   6  -2    6   1   2   3   0   3   4   4   3   4   8   2   3  12   5   5   4   2  27   2  0.44 0.33
  233 A     0  -1  -1  -1  -2   0  -1   0  -1   0   0   0   0   0   1   1   1  -1  -1   0    9   3   3   3   0   3   3   8   1   6  12   6   3   5   6  11  10   1   1   7  0.04 0.06
  234 V     0   0  -1   0  -2  -1  -1   0  -2   0   1   0  -1   0   1   0   1   0  -2   1    6   5   3   4   0   2   3   8   1   5  13   6   1   3   7   8   8   1   1  16  0.05 0.09
  235 K     0   0  -1  -2  -1  -1   0  -1  -2  -1  -1   2  -1  -1   3   1   0   1   0   0    7   4   2   1   1   2   5   5   1   3   5  16   2   2  15  11   5   2   4   7  0.18 0.20
  236 R    -1   2  -1  -2  -1   0   0  -2   1  -1   0   2   0   0  -1   0   0   3   0   0    5  14   3   2   2   2   4   3   3   4   8  14   3   5   3   8   5   4   4   6  0.11 0.14
  237 D    -1  -1   1   2   0   0   0   0  -1   0   0   0  -2   0   0   0   1   0  -1   0    4   2   7  15   2   4   5   6   1   5   8   5   0   4   5   8  11   1   2   6  0.08 0.11
  238 A     0  -1  -2  -2  -4  -3  -2  -1   1   0   1  -2   0   3  -1  -1   0   7   0   0    8   3   2   3   0   1   3   4   3   4  14   3   3  11   4   5   6  15   2   8  0.33 0.26
  239 K     0   2   0  -1  -2   0   0   1  -1  -1  -1   2  -1   1  -1   1  -1   0  -2   0    9  10   3   4   1   4   6  10   1   4   5  14   1   6   2   9   3   2   1   6  0.08 0.11
  240 Y    -1   1   2  -1  -2   0  -1  -1   1  -2  -1   0  -2   3  -3   0  -2   5   0  -2    5   7  10   4   1   5   3   5   3   2   6   7   1  16   1   7   2  10   3   3  0.30 0.25
  241 Y     0  -2  -1  -2  -1  -2  -2  -2  -1   2  -1  -1  -1   4  -3  -1  -2   5   3   1    9   2   3   3   1   1   2   3   1  10   6   5   1  17   1   5   2   8   9  10  0.33 0.24
  242 M     0   1  -1  -2  -3   0  -2   0  -2   0   1   0   3   0   0   0   0  -3  -1   1    7   7   3   1   0   3   2   6   1   4  15   5  10   4   4   9   4   0   2  12  0.10 0.14
  243 R     0   3   1   0  -4   0  -1  -1   1  -3  -1   3  -2  -2   1  -1  -2  -1  -1  -1    7  19   7   5   0   5   4   4   3   1   6  16   1   2   8   4   2   1   2   4  0.26 0.24
  244 M     0  -1   0  -1  -3   0  -1  -2  -1   1   1   0   2   0  -1   1  -1   0   0   0   10   3   4   3   0   4   3   3   1  10  15   6   6   4   3  14   3   1   2   6  0.07 0.11
  245 T     1   0  -1   0  -2  -2  -2  -2  -2  -1  -1   2  -1   0   1   0   3  -4  -1  -1   10   4   3   6   1   0   2   3   1   4   7  11   2   4   6   8  22   0   2   4  0.18 0.22
  246 K     0   2  -1  -3   0   1   0  -3  -1  -3  -2   5  -2  -1  -1   0  -1  -1  -1  -2    7  11   3   1   2   7   4   2   1   1   5  32   1   3   3   8   3   1   2   3  0.41 0.33
  247 I     1   0  -3  -2  -1  -2  -4  -2  -2   4   0  -1  -1  -1   2  -2   0  -4  -3   2   11   6   1   2   1   2   1   3   1  23   7   3   1   2  11   2   7   0   1  15  0.34 0.27
  248 Y     0  -1   0  -1  -3  -1   0   0   1   0   0   0   1   1   0   0  -1   2   2  -1    9   3   5   2   0   2   7   7   4   5   9   7   5   6   4   7   3   4   8   5  0.06 0.08
  249 F    -1  -2  -1  -1  -4  -2  -1   0  -2   0   0  -1   0   4   1  -3  -1   6   0   0    6   2   3   3   0   1   4   7   1   4  10   5   2  20   8   1   3  10   2   7  0.34 0.26
  250 K     0   0  -1  -1  -4  -1  -1   0  -3   0   0   4  -2  -1   2  -1   0  -4  -1  -2    7   5   2   4   0   2   3   6   0   5   9  28   1   3   9   5   5   0   2   3  0.27 0.25
  251 K     0   3  -2  -2  -4   0  -1  -2  -1  -1  -1   3   0  -2   3  -1  -1  -1   0   0    7  14   2   1   0   3   3   3   1   4   7  16   2   1  16   4   4   1   3   7  0.29 0.25
  252 M     0  -1  -1  -2  -3  -1  -1  -1  -1   1   0   0   1   3  -1  -1   0   2   1   1    7   4   3   2   0   2   3   5   1  11  10   6   4  13   2   5   4   3   4  11  0.09 0.11
  253 N     1   0   1  -1  -2  -1  -1   2   0  -1  -1   0  -3  -2   1   2   0   0  -2  -1   11   4   7   2   1   2   4  13   2   4   5   7   0   2   6  16   6   2   1   3  0.13 0.16
  254 R     0   2  -2  -3  -1   1  -2  -1  -1   1   0   2   0   0   0   0  -1  -1  -3   1    9  11   2   0   1   6   2   5   2   7  10  12   3   4   4   7   3   1   0  13  0.10 0.15
  255 V     0  -3  -4  -4  -5  -1  -3  -3  -3   2   1  -1  -2   3   4  -2  -4  -2  -2   2    9   1   1   1   0   3   1   2   1  11  11   5   1  12  23   3   0   1   1  15  0.53 0.39
  256 W     1  -4  -3  -3  -3  -1  -3  -1  -1   0   1  -2   0   2   0   1   1   4   0   1   14   0   0   1   0   2   1   5   1   5  12   3   2  11   5   9  10   6   3  10  0.21 0.22
  257 L     1  -2  -2  -2   4  -1  -2  -3   0   0   1  -1   2   3  -2   0   1   0  -1   0   14   2   1   2   9   2   2   1   2   5  12   3   7  12   2   6   8   1   1   8  0.21 0.21
  258 M     1  -2  -3  -4  -1  -1  -2  -2  -2   1   1  -1   1   2  -3  -1  -1   1  -2   3   11   2   1   0   2   3   3   4   1   9  16   4   3  10   1   4   3   2   1  22  0.24 0.22
  259 A     3  -3  -2  -2  -2   0  -2   0  -2   1   0  -1  -1   1  -1   1   0  -1   0   1   26   1   1   2   1   4   2   6   1   7   9   3   1   5   3   9   4   1   3  12  0.18 0.21
  260 S     1  -2   0  -2  -1  -1  -1   2  -1   0   0  -1   0   0   0   1   0   0  -2   1   13   1   4   1   1   2   3  17   1   5   9   3   2   4   5  11   5   2   0  12  0.12 0.15
  261 F     1  -1  -2  -2  -4  -3  -2   2  -2  -1   0  -2   1   2   1   1  -1   0   1   1   12   4   1   2   0   1   2  15   1   2  11   2   4  10   7  10   3   1   4   9  0.15 0.19
  262 L     1  -3  -2  -4   0  -1  -4   0  -1   2   2  -2  -1   2   0  -2   0  -3   2   1   12   1   2   0   2   3   0   7   1  12  20   2   1   8   5   3   5   0   7  10  0.21 0.22
  263 A     2  -4  -4  -4   1  -2  -2   1  -4   1   1  -1  -1   1   0   0  -2   1   0   2   19   0   0   0   3   2   2   9   0   7  14   4   1   5   4   5   2   2   3  16  0.22 0.23
  264 L     2  -3  -2  -3  -1  -1  -3  -1  -2   2   1  -2   0   0  -1   0  -2   2  -1   2   17   1   2   1   1   3   1   6   1  11  14   2   2   5   2   7   1   3   2  19  0.21 0.22
  265 G     1  -2  -3  -4  -3  -1  -3   4  -2  -2  -2  -4  -2   2   0   0   0   0   1   1   10   2   1   0   1   3   1  30   1   2   3   0   1   9   4   9   7   1   5  10  0.40 0.34
  266 A     2  -3  -2  -2  -3  -2  -2   0  -3   0   1  -2  -1   2   1   1  -2   2   1   1   20   1   2   2   0   1   3   6   0   6  12   2   1   8   6  10   2   3   4   9  0.17 0.21
  267 G     1  -3  -2  -2  -4  -1  -3   2  -4   0   0  -1  -2   1   1   0   1   1  -1   1   14   0   1   2   0   3   1  18   0   6  10   3   0   6   6   8   8   2   2   8  0.18 0.21
  268 V     1  -3  -2  -2  -3   0  -1  -1  -1   1   1  -2  -1   1  -1   1  -1   5   0   2   11   1   2   1   0   6   3   4   1   7  13   2   1   6   3  12   3   7   2  14  0.18 0.21
  269 G     1  -3  -1  -1  -4   1  -2   3   0  -2  -3  -2   1   0   2   1   0   4   0  -1   11   1   3   3   0   6   2  20   2   2   1   2   3   4   9  10   7   6   4   4  0.27 0.27
  270 F     1  -2   0   0  -4  -1  -1   0   0  -1  -1  -3   1   4  -1   0  -1  -3   3   1   10   2   5   5   0   2   4   8   2   3   5   1   3  17   3   6   3   0  11  10  0.22 0.23
  271 F     0  -1  -2  -3  -3  -1  -1  -2  -2   1   1  -1   0   3   0   0   0   0   1   1    8   4   2   1   0   2   3   3   1   7  15   3   2  15   4   6   7   1   5  11  0.14 0.16
  272 Y     0  -1  -2  -2  -3  -1  -2   0   2  -1   0  -1   0   2  -1   1   0  -3   2   1    9   2   1   2   0   2   2   7   5   2   8   4   2  10   3  14   6   0   9  10  0.13 0.18
  273 K     0  -1   0  -1  -4   1  -1   2  -2  -1  -2   0  -1   0   3   1   1  -1  -3  -1    6   3   4   3   0   7   3  16   1   3   5   7   2   5  16   9   7   1   0   3  0.21 0.23
  274 S     2  -2  -1  -1  -4  -1  -2   1  -2  -1  -2   0   0  -1   4   1   0  -5  -3   0   18   1   3   4   0   3   1  11   1   3   3   5   3   2  18  13   4   0   0   6  0.31 0.30
  275 R     1   1   1   2  -4   0   1  -1  -1  -2  -2   1  -2  -2   1   1  -1  -2  -2  -1   13   9   8  13   0   5   8   4   1   2   3   7   1   2   8   9   4   1   1   4  0.19 0.20
  276 Q     0   0   0   2  -4   1   2  -1  -3  -3  -3   1  -1  -5   3   1   0  -5  -3   0    9   4   5  10   0   5  12   3   0   1   2   8   1   0  15  11   6   0   1   7  0.29 0.28
  277 I    -1  -2  -2  -1  -4  -1  -2  -2   1   1  -1   0  -2  -2   5  -1   1  -5  -4   2    4   2   2   4   0   3   2   4   3   8   6   5   1   2  26   4   7   0   0  15  0.40 0.33
  278 N     1  -1   1   1  -4   0   1   0  -1  -3  -3   0  -1  -2   2   1   0  -4  -1  -1   14   4   7   7   0   3  11   6   2   1   2   5   1   2  11  10   6   0   2   6  0.18 0.20
  279 E     1  -1   0   0  -4   3   2   1   2  -3  -2   1  -2  -1   1   0  -1  -4  -2  -1   14   2   4   5   0  15  12   9   5   1   3   7   1   4   6   5   4   0   1   4  0.22 0.24
  280 Q     1  -2  -1  -1  -4   3   0  -2   0  -4  -2   0  -2  -5   3   1   0  -5  -4   0   12   1   3   3   0  16   4   3   2   0   5   6   1   0  16  13   7   0   0   8  0.35 0.35
  281 L     2  -1  -1   0   0   1   0  -2  -3   0  -1  -1  -2  -2   0   1   0  -1  -1   2   19   2   2   5   2   7   7   2   0   4   6   3   1   1   5  11   6   1   2  14  0.13 0.18
  282 S     2   0  -1  -2  -4   3   2  -3  -1  -2  -2   0  -2  -4   2   2   0  -5  -2  -1   17   4   2   2   0  13  12   1   1   3   3   5   1   0   9  15   6   0   1   4  0.30 0.31
  283 N     1  -1   1   0  -3   1   0   0   0  -1  -1   0  -2  -1   0   1   0  -4  -2   1   16   2   6   6   0   6   4   8   2   4   4   6   0   2   4   9   5   0   1  15  0.10 0.15
  284 M     2  -3   0  -1  -4   2   1  -3  -2  -1   0   1   0  -3   2   0   0   0  -3   1   17   0   5   3   0   9   8   1   1   3   9   8   3   1  11   6   5   1   0  10  0.18 0.22
  285 P     1  -2  -3  -1  -5   0   0  -1  -1  -1  -2  -1  -2  -2   5   0   0  -1  -3   0   12   2   1   3   0   5   5   4   1   3   4   4   1   2  34   7   6   1   1   6  0.57 0.42
  286 V     2  -2  -1  -2  -4   1   1  -3  -1   0   0  -1  -2  -1   2   1   0  -5  -3   2   16   1   3   2   0   6   8   2   1   6   9   3   0   2  10   9   4   0   0  17  0.19 0.24
  287 A     3  -3  -1  -1  -4   1   0   1  -4  -3  -4   1  -4  -5   3   1   1  -5  -5   0   22   1   3   3   0   7   6  10   0   1   1   7   0   0  16   8   8   0   0   7  0.38 0.36
  288 S     1   0  -1   1  -4   2   1   0   0  -3  -2   1  -3  -4   1   1   1  -5  -4   0   12   4   2   7   0   9   7   8   3   0   3   8   0   0   7   9  10   0   0   9  0.19 0.23
  289 A     1  -2  -1  -1  -4   2   1  -1  -1   0  -2   0  -1   0   3   1  -1  -4  -2   0   11   1   2   2   0  10   8   4   1   6   3   5   1   4  14  13   4   0   1   9  0.19 0.23
  290 Q     1  -1  -2  -1  -4   2   1  -3  -4   0  -2   1  -3  -3   2   2   1  -5  -4   0   12   3   1   4   0  12   9   1   0   5   4   8   0   1  11  14   7   0   0   8  0.26 0.29
  291 A     1  -2   0  -2  -4   1   0  -1   0  -3  -3   1  -2  -4   3   1   0  -5  -2   1   14   1   3   1   0   8   6   4   3   1   2  10   1   1  17   9   7   0   1  11  0.30 0.30
  292 N     1  -1   0   0  -4   1   1  -1  -3  -2  -1   1  -3  -3   3   0   0  -4  -1   0   13   3   4   5   0   7   9   3   0   2   6   8   0   1  16   6   7   0   3   8  0.21 0.23
  293 T    -1  -1  -2  -1  -4  -1  -1  -3   0   1   0   0  -3  -1   4  -1   0  -5  -1   3    5   3   2   3   0   3   4   1   2   9   8   6   0   3  18   3   6   0   2  20  0.28 0.27
  294 T     2  -1   0   0  -2   0   0  -2   0   0  -1   0  -1  -4   1   2   1  -4  -2   1   16   3   4   4   1   3   7   3   2   4   4   5   2   0   7  15  10   0   1   9  0.14 0.18
  295 K     1  -1   0   1  -2   2  -1  -1   1  -3  -2   2  -3  -3   3   1   1  -5  -4  -2   11   3   3   8   1  10   3   4   4   1   4  15   0   1  13   9   8   0   0   2  0.28 0.28
  296 T     1  -2  -1   0  -5   1   0  -1  -1  -3  -2   0  -4  -3   5   0   0  -5  -3  -1   12   1   2   6   0   8   5   5   1   1   3   5   0   1  30   8   5   0   1   5  0.51 0.40
  297 D     0  -2  -1   2  -2   0   1  -2  -1  -2  -3   2  -2  -1   3   0  -1  -5  -2   1    8   1   2  13   1   4   8   3   2   1   2  12   1   3  17   7   3   0   1  10  0.28 0.26
  298 H    -2   0  -2  -1  -5   1   0  -2   5  -2  -2   2  -2  -1   3   1  -1  -5   0  -1    3   5   1   3   0   6   6   2  13   2   4  15   1   3  16  12   3   0   3   4  0.39 0.34
  299 T     0  -4   0  -1  -4   0   0  -3  -2  -2  -1  -1  -4  -1   5   1   1  -5  -2  -1    8   0   5   3   0   4   5   1   1   2   8   4   0   2  30  10  10   0   2   4  0.51 0.39
  300 I     0  -1   0  -1  -3   0  -1  -2  -2   1   1   0  -1   2   1  -1  -1  -3   0   1    8   2   4   4   0   4   2   2   1   7  16   7   1  11   7   4   2   0   4  14  0.11 0.14
  301 D     0  -2   1   3  -4   0   1  -2  -1  -3  -3   0  -3   1   1   1  -1  -4   0  -2    7   2   8  21   0   5  10   3   1   1   2   7   0   7   7   9   3   0   4   3  0.26 0.25
  302 E     1   0   0   3  -4   2   0   0  -1  -1  -2   1  -2  -2   1   1  -2   0  -1  -1   10   4   4  16   0   9   6   6   1   4   3   8   1   2   6   9   1   1   2   5  0.15 0.18
  303 L     0  -2  -1  -2  -3  -2  -2   0   0   0   2  -1   0   1   0  -1   0  -1   2   1   10   2   2   1   0   1   3  10   2   5  21   4   1   6   4   3   5   1   8  11  0.10 0.14
  304 P     0   0  -1   2  -4  -1  -1   0   0  -1  -1   1  -2  -2   4   0  -1   1  -2  -2    6   6   2  11   0   3   3   8   2   4   6  10   1   1  23   7   2   2   1   2  0.32 0.25
  305 R    -1   2   0   0  -4   1   1   1  -1  -4  -2   1  -3  -3   0   2   1   3  -3  -2    2  11   3   4   0   7   8  13   1   0   3   9   0   1   5  16   9   4   0   3  0.25 0.26
  306 L    -1  -4  -4  -3  -2  -1  -2  -3  -1   3   2  -2   1   1  -2  -2  -2   3   3   2    4   0   0   1   1   2   2   2   2  21  19   2   3   6   2   3   1   4  11  12  0.39 0.30
  307 S     0   3   0  -1  -2  -1  -1  -3   4  -3  -3   0  -2  -1  -2   2   1  -4   3  -2    7  15   4   3   1   2   3   1  10   1   2   6   1   2   2  20   9   0  10   3  0.36 0.34
  308 I     0  -3  -4  -4  -2  -2  -3   1  -3   4   2  -1   2  -1  -3  -3  -1   1  -3   2    7   1   0   1   1   2   1  11   1  28  17   4   6   3   1   1   2   2   0  11  0.41 0.32
  309 N     1   0   1   1  -2  -1  -1  -1  -1  -2  -2  -1   0   0   1   2   2  -1  -2   0   14   4   6   7   1   3   3   3   2   1   2   3   2   5   6  15  12   1   1   8  0.14 0.19
  310 S     0  -1  -2   0  -4   0  -1   4  -4  -2  -2  -3   1  -5  -3   2  -1  -5  -4   0    9   4   2   6   0   4   4  34   0   2   3   1   4   0   1  15   4   0   0   8  0.45 0.36
  311 F    -2   1  -1  -4  -4  -2  -2  -2   1  -2  -1  -1  -1   3  -4   2  -1   2   5   0    3   9   3   0   0   1   3   4   4   2   7   3   2  13   0  15   3   2  21   7  0.41 0.35
  312 A     0   1  -1  -1  -3   0  -2  -1   2   0  -1  -1   2   0  -2   0   0   1   2   1    8  10   2   4   0   4   2   5   6   7   4   3   6   4   1   7   4   2   9  12  0.08 0.14
  313 Q    -1   3   1   1  -2   3   0  -1  -3  -1  -2   1  -3  -3  -1   1   0  -4  -1  -1    3  16   6   7   1  13   4   4   0   5   4   9   0   1   2  12   6   0   2   3  0.23 0.24
  314 M    -2  -1  -1   1  -3   0  -1   0   0   1   0  -1   3  -1   0   0   1  -4  -1   2    1   3   3  10   0   5   3   7   2   8   6   3  10   2   4   6   7   0   1  20  0.15 0.20
  315 G    -1   0   3  -1  -4  -3  -2   4  -1  -2  -2  -2  -2  -4   0   1  -1   0   1  -2    5   5  14   4   0   0   2  32   1   3   4   2   1   0   5   8   4   2   6   3  0.42 0.33
  316 Y     0  -1   1   1  -3  -1   0   2   1  -1  -1  -1  -1  -2  -2   0   0   0   2  -1    6   2   8   8   0   2   6  21   3   5   5   4   1   0   2   7   7   1   9   3  0.16 0.17
  317 D    -1   2   0   1  -3   1   0  -1   3  -1  -1   1  -1  -1   0   0   0  -3  -1   0    4  14   4   7   0   6   5   4   8   4   7   8   1   3   4   7   6   0   2   6  0.10 0.12
  318 V     0  -1  -1  -2  -1  -1  -2  -2  -1   1  -1  -1   0   2  -2   0   0   1   4   2    6   3   2   2   1   2   3   2   1   9   5   4   2   9   2   7   7   1  18  14  0.21 0.21
  319 N    -1   1  -1   0  -1   0   0  -3   1  -1   0  -1  -1   2   0   0   0   2   2   0    5  11   1   6   1   3   6   1   4   2   7   3   1  11   4   8   6   3  10   6  0.12 0.15
  320 V    -2  -2  -3  -4  -2  -3  -4  -5  -4   0  -1  -3   0   2  -4  -2  -2  -1   6   4    3   2   1   1   1   1   1   0   0   3   6   1   2   8   1   3   2   1  28  33  0.87 0.55
  321 S     0   0  -1  -2   0   0  -1  -2   1   0   0  -1  -1   2  -1   1   1  -1   1   1    9   7   2   2   2   4   3   2   3   4  10   2   0  10   3  10   8   1   4  14  0.07 0.12
  322 F    -2  -2  -4  -1  -2  -2  -2  -3   0   0   2  -2   1   5  -3  -1   0   3   2   0    2   2   0   4   1   1   3   2   2   5  21   2   3  23   1   4   6   4   7   6  0.38 0.30
  323 K    -1   1   0   0  -4   2   0  -2  -1   0  -1   1  -1  -1   1   2  -1  -4  -1   0    4   9   3   5   0  11   4   3   1   5   5   9   1   3   8  18   2   0   2   7  0.16 0.20
  324 D    -1  -1   2   5  -5  -1   1  -1  -4  -3  -4   0  -5  -2  -3   0  -1  -6  -1  -2    6   2  11  39   0   2   8   5   0   2   2   6   0   2   1   5   4   0   3   2  0.68 0.46
  325 A    -1   0   0  -1  -5  -1  -1   4  -4  -4  -3   1   0  -5   1   1   0  -5  -5  -2    4   5   3   4   0   3   3  37   0   1   2   8   2   0   7  12   7   0   0   2  0.52 0.39
  326 K    -1   2   2   3  -5   2   0  -2  -1  -3  -4   2  -4   0  -3   1   0  -5  -2  -3    5  12  11  14   0  12   5   3   1   1   1  10   0   5   1  10   6   0   1   2  0.34 0.30
  327 G     0  -1   2   1  -4  -1   0   3  -2  -2  -2  -2  -1   0   0   0   0  -1  -1   0    6   3   9   8   0   1   5  28   1   3   2   2   1   4   4   8   5   1   2   7  0.25 0.23
  328 K    -1   2   0  -1  -1   1   0  -2   0   0  -1   1  -1   1  -3   0  -1  -3   1   2    5  12   4   3   1   6   5   3   2   5   4   9   1   8   0   6   3   0   5  18  0.12 0.17
  329 I    -2   1  -1  -1  -3  -1  -1  -3  -2   1   0  -2   1   2   1   0   2  -3   0   2    2   9   2   3   0   1   3   2   1   6   9   2   3  12   6   6  14   0   4  14  0.16 0.20
  330 Y     0   0   0  -1  -2   0  -1  -3   1   1   0  -2   1   1   0  -1   1  -2   2   1    8   4   4   4   0   4   4   0   3  11  10   0   3   5   4   4   9   0  11  10  0.08 0.13
  331 Y    -1  -2   1   0  -3   0   0  -3   3   0  -1   0   0   0   2   0   2  -3   1   0    4   0   8   6   0   4   4   0   9   6   7   4   3   3   9   7  14   0   6   5  0.13 0.17
  332 S    -1   0   0  -1  -3   0   0   0   0   0  -1  -1   0  -1   0   2   1  -3   0   0    3   7   3   3   0   5   5   6   3   7   5   2   3   2   5  22   8   0   4   8  0.08 0.15
  333 F    -1  -1   2   2  -4  -1  -1  -2  -1  -2  -1  -1  -2   4  -4   1   0   2   2  -1    6   3  10  11   0   2   2   2   1   2   6   4   0  23   0  11   6   2   6   4  0.27 0.26
  334 D    -1   0   1   5  -1   1   2  -2   0  -4  -3   1  -1  -5  -4  -1  -1  -5  -4  -2    4   6   5  38   2   7  14   2   2   0   3   7   1   0   0   3   3   0   0   3  0.65 0.44
  335 L     0  -2  -2  -2  -3  -3  -2  -2  -3   0   3  -1   1   1   1  -2  -2   3   1  -1    7   2   2   3   0   0   3   3   0   5  39   3   3   7   7   3   2   4   4   3  0.32 0.29
  336 M    -1   2   0  -1  -3   0   1  -2   0   0  -1   0   0   0  -2   0   1   2   1   1    3  12   4   3   0   4  12   1   2   5   4   6   3   4   1   5   9   3   7  11  0.11 0.15
  337 K     0   1   0   2   0   2   1  -1   2  -3  -1   0   0  -2   0   0  -1  -3   0  -1   10   7   5  13   3  10   6   5   5   0   6   6   2   1   3   8   4   0   3   3  0.12 0.15
  338 S     2  -1  -1   0  -3   0   0   0  -1   0   1   0   2  -1  -3   1  -2  -3   2  -1   18   2   3   6   0   4   6   6   1   4  15   5   6   1   0   9   0   0   8   4  0.10 0.17
  339 G    -2  -5  -4  -1  -5  -2  -1   7  -5  -6  -4  -1  -5  -6  -1  -4  -2  -6  -6  -6    2   0   0   3   0   2   4  76   0   0   2   3   0   0   3   0   3   0   0   0  1.63 0.77
  340 Y    -1  -1  -5  -5  -5  -1  -5  -4  -1   0  -1  -2  -1   4  -5  -4   0   2   7   0    5   4   0   0   0   3   0   1   1   5   7   2   1  14   0   0   5   2  42   6  1.03 0.58
  341 A     0   2   0   1  -3   1   0  -2   0   0  -2   1   0  -3  -2   1   2  -4  -2   0    6  11   3   7   0   6   6   2   2   7   2  11   2   0   2   8  18   0   1   8  0.18 0.20
  342 L     0  -5  -5  -2  -4  -2  -5  -5  -5   3   1  -5  -2   2  -5  -4  -2   0   1   5    7   0   0   3   0   2   0   0   0  13  12   0   0   8   0   0   1   1   5  45  0.77 0.47
  343 D    -1   3   0   1  -4   2   1  -3   1  -2  -2   1  -3  -2   0   1   1  -4  -2  -1    3  19   4   8   0   9   8   0   4   2   4   8   0   2   3   9  11   0   1   5  0.25 0.24
  344 I     0   0  -3  -2  -4  -1  -1   0  -3   1  -2  -1   0   1   3   0  -2   2   2   1    8   5   0   2   0   2   3   9   0   8   2   4   2   5  18   6   1   3   9  13  0.24 0.22
  345 K    -2   0  -1  -1  -3  -1  -1  -2  -3   3   1   0   1  -1   0  -2   0  -4   0   2    2   5   2   4   0   2   3   3   0  23  14   7   3   2   4   2   4   0   3  15  0.16 0.18
  346 D     0  -1   2   3  -5  -3   0   3  -4  -5  -5  -1   0  -5  -4   4   0  -6  -5  -5    6   3  10  18   0   0   4  20   0   0   0   3   2   0   0  29   4   0   0   0  0.65 0.44
  347 S     1   1   0   2  -4   0   1  -1   2  -2  -3   0  -2  -4   3   1  -2  -4   0  -3   13   8   3  14   0   5   9   4   5   2   3   5   1   0  15   9   1   0   3   0  0.31 0.25
  348 C    -4  -3  -3  -7  11  -7  -3  -3  -7  -6  -6  -7  -6   1  -7  -4  -5   5  -5  -5    1   2   1   0  76   0   2   2   0   0   0   0   0   5   0   1   0   8   0   0  3.06 1.07
  349 H     0  -1  -1  -3   0  -1  -1  -2   2   0   1  -1   2  -1  -3   1   0  -3   1   2    6   2   2   0   2   2   5   2   6   3  16   4   8   2   0  10   6   0   7  15  0.12 0.16
  350 I     4  -2  -5  -5  -3  -4  -4  -1  -4   2   0  -4   0  -2  -2  -3  -2  -5   1   3   40   2   0   0   0   0   0   4   0  11   6   0   2   2   2   0   1   0   5  25  0.62 0.42
  351 T    -1   2   1  -1  -4   1   1  -3   0  -1  -1   2  -1   0  -3   0   1   2  -1   0    2  12   8   2   0   7  11   0   2   2   6  15   1   6   0   9   7   3   1   8  0.18 0.18
  352 L    -1  -5  -5  -6  -4  -5  -5  -3  -5   4   4  -5   1  -3  -5  -2  -1  -5  -4   3    4   0   0   0   0   0   0   3   0  21  43   0   2   0   0   2   3   0   0  22  0.83 0.42
  353 R     0   0   0  -2  -3   0   1   0  -1   0  -2   1   1  -3  -3   1   2   0  -2   1    4   4   5   1   0   4   9   6   1   7   1  11   4   0   0  10  15   1   1  15  0.13 0.17
  354 K    -3   0  -1  -1  -4  -2  -1   1   1  -2  -2   2  -2   2  -3  -2   0   3   5  -2    0   5   2   4   0   1   4  10   3   2   4  17   1   9   1   2   5   4  25   1  0.42 0.30
  355 R    -2   0   2   2   0   2   1   3   0  -4  -2   0  -2  -2  -2  -1  -3  -5  -4  -4    1   6  12  13   2  10  10  28   2   0   4   4   1   2   1   4   0   0   0   0  0.42 0.28
  356 N    -1   0   2   3   0   0   1   3  -3  -4  -4   1  -4  -5  -2   0  -1  -5  -4  -3    5   6  12  17   2   3  11  24   0   0   1   7   0   0   1   8   4   0   0   1  0.41 0.26
  357 Y    -1   0   0   0   1   2   0  -4  -2   0  -2   1  -2   1  -4   0   0   0   4   1    2   5   4   6   4  11   4   0   0   5   1   8   0   5   0   7   5   1  20  12  0.26 0.24
  358 I    -1   1   0   0  -3   1   0  -2   1  -1  -1   0  -1   1   0   1   0  -3   1   0    4   8   3   6   0   8   6   1   5   4   3   5   1   9   5  15   4   0   5   8  0.09 0.11
  359 Q    -2   3   0   0  -4   2   0  -1   1  -1  -2   0   0   2  -4  -1   0  -3   3  -1    1  18   3   4   0  12   6   4   3   4   1   6   3   9   0   3   5   0  13   4  0.26 0.23
  360 Q    -1   0  -1   0  -3   1  -1  -3  -1   0   0  -1  -1   2   2   0   0   1   3   0    3   5   3   7   0   9   2   0   1   6   7   1   1  12   9   6   7   2  11   5  0.15 0.16
  361 V     1  -5  -5  -6  -4  -2  -5  -5  -5   5   0   0  -2  -4  -5  -4  -3  -6  -4   5   11   0   0   0   0   2   0   0   0  31   6   6   0   0   0   0   0   0   0  43  1.00 0.49
  362 T    -1   0  -1  -2  -3  -3  -3  -2   1   0  -2  -1   2   0  -4   1   4  -3   3   0    3   6   2   1   0   0   0   3   4   5   1   3   6   3   0  10  35   0  10   8  0.42 0.33
  363 C    -5  -8  -7  -8  11  -7  -8  -7  -7  -6  -6  -7  -6  -7  -7   0  -5  -7  -7  -5    0   0   0   0  92   0   0   0   0   0   0   0   0   0   0   8   0   0   0   0  3.87 1.09
  364 E    -2   1   3   5  -5   2   2  -3   0  -5  -5   1  -4  -5  -2  -1  -3  -6  -4  -5    3   7  17  38   0  11  11   0   2   0   0   6   0   0   2   2   0   0   0   0  0.84 0.36
  365 G     5  -4  -3  -3  -3  -3  -3   5  -4  -4  -4  -3  -3  -4  -3  -1  -2  -4  -4  -3   57   0   0   0   0   0   0  43   0   0   0   0   0   0   0   0   0   0   0   0  1.10 0.39

                      K         Lambda
Standard Ungapped    0.1379     0.3226
Standard Gapped      0.0396     0.2670
PSI Ungapped         0.1292     0.3177
PSI Gapped           0.0396     0.2670
