
Last position-specific scoring matrix computed, weighted observed percentages rounded down, information per position, and relative weight of gapless real matches to pseudocounts
            A   R   N   D   C   Q   E   G   H   I   L   K   M   F   P   S   T   W   Y   V   A   R   N   D   C   Q   E   G   H   I   L   K   M   F   P   S   T   W   Y   V
    1 M    -1  -1  -2  -3  -1   0  -2  -3  -2   1   2  -1   5   0  -2  -1  -1  -1  -1   1    0   0   0   0   0   0   0   0   0   0   0   0   0   0   0   0   0   0   0   0  0.00     0.00
    2 T     0  -1   0  -1  -1  -1  -1  -2  -2  -1  -1  -1  -1  -2  -1   1   4  -2  -2   0    0   0   0   0   0   0   0   0   0   0   0   0   0   0   0   0   0   0   0   0  0.00     0.00
    3 K    -1   2   0  -1  -3   1   1  -2  -1  -3  -2   4  -1  -3  -1   0  -1  -3  -2  -2    0   0   0   0   0   0   0   0   0   0   0   0   0   0   0   0   0   0   0   0  0.00     0.00
    4 N    -2   0   6   1  -3   0   0   0   1  -3  -3   0  -2  -3  -2   1   0  -4  -2  -3    0   0   0   0   0   0   0   0   0   0   0   0   0   0   0   0   0   0   0   0  0.00     0.00
    5 P    -1  -2  -2  -2  -3  -1  -1  -2  -2  -3  -3  -1  -3  -4   8  -1  -1  -4  -3  -3    0   0   0   0   0   0   0   0   0   0   0   0   0   0 100   0   0   0   0   0  2.08 0.03
    6 R    -1   5   0  -1  -4   1   0  -2  -1  -3  -3   4  -2  -3  -2  -1  -1  -3  -2  -3    0  51   0   0   0   0   0   0   0   0   0  49   0   0   0   0   0   0   0   0  0.62 0.03
    7 N    -1   3   3   0  -3   3   0  -1   0  -3  -3   1  -1  -3  -2   2   0  -3  -2  -3    0  26  24   0   0  23   0   0   0   0   0   0   0   0   0  26   0   0   0   0  0.38 0.02
    8 N    -1   3   2  -1  -3   0  -1  -2  -1  -1   1   0   0  -2   4  -1  -1  -3  -2  -1    0  26  24   0   0   0   0   0   0   0  26   0   0   0  23   0   0   0   0   0  0.34 0.02
    9 K    -1   1  -1  -1  -3   3   1  -2  -1  -3  -3   3  -2  -4   4   0  -1  -3  -2  -3    0   0   0   0   0  26   0   0   0   0   0  47   0   0  26   0   0   0   0   0  0.61 0.03
   10 P    -1  -3  -2  -2  -3  -2  -2   4  -3  -4  -4  -2  -3  -4   6  -1  -2  -4  -3  -3    0   0   0   0   0   0   0  43   0   0   0   0   0   0  57   0   0   0   0   0  1.26 0.06
   11 K    -1   5  -1  -1  -3   1   1  -3  -1  -2  -2   3   2  -3  -2  -1  -1  -3  -2  -2    0  45   0   0   0   0  13   0   0   0   0  27  15   0   0   0   0   0   0   0  0.48 0.07
   12 K    -1   1   2  -1  -3   2   0  -2  -1  -3  -3   4  -2  -3  -2   0   2  -3  -2  -2    0   0  16   0   0  13   0   0   0   0   0  55   0   0   0   0  17   0   0   0  0.44 0.07
   13 I    -1  -3  -2   1  -2  -2   0  -4  -3   4   1  -2   3  -1  -3  -2  -1  -3  -2   3    0   0   0   9   0   0  10   0   0  48   0   0  12   0   0   0   0   0   0  21  0.31 0.09
   14 L    -1  -3  -3  -3  -2  -2  -1   0  -3   2   3  -2   2   2  -3  -2  -1  -2  -1   2    0   0   0   0   0   0   7   9   0   7  44   0   6   9   0   0   0   0   0  17  0.25 0.08
   15 D    -2  -1   1   5  -4   1   2   0  -1  -3  -3   0  -3   1  -2  -1  -2  -3  -2  -3    0   0   6  41   0   7  19   9   0   0   0   7   0  10   0   0   0   0   0   0  0.49 0.11
   16 S     2   1  -1   0  -2  -1  -1  -1  -2  -2  -1  -1  -2  -3   1   4   0  -4  -3  -2   15   9   0   6   0   0   0   0   0   0   9   0   0   0   7  54   0   0   0   0  0.36 0.14
   17 S     0  -1  -1   1   2  -1   1  -2  -2   0  -1   0  -1   1  -2   1   2  -3  -1  -1    8   0   0   8   6   0  12   0   0  12   0   9   0   9   0  13  23   0   0   0  0.14 0.08
   18 Y    -2   0  -2  -2  -3   1   0   1  -1  -2   0   0  -1   4  -3   0  -2  -1   4  -2    0   6   0   0   0   8   6  15   0   0   9   8   0  24   0   6   0   0  20   0  0.25 0.10
   19 K     0   3  -1  -1  -2   2   1  -2  -1  -2  -3   2  -2  -3  -2   3   0  -3  -2  -1    0  17   0   0   0  14   6   0   0   0   1  14   0   0   0  38   0   0   0   6  0.35 0.12
   20 S     1  -2  -1   0  -2  -1  -1   1   4   0   0  -1  -1  -2   1   1  -1  -3  -1  -1   14   0   0   6   0   0   0  12  17   8  17   0   0   0   7  17   0   0   0   0  0.14 0.08
   21 K     0   1   2  -1  -2   1   1  -2  -1  -1  -2   1  -1   1  -2   0  -1  -2   1   0   11   9  14   1   0   8  12   1   0   1   1  13   0   7   1   1   1   0   8  11  0.12 0.06
   22 T     0  -1  -1  -1  -2   2   1   0  -2   0   0  -1  -1  -2  -2   2   3  -3  -2  -1    6   0   0   0   0  12   8   6   0  10  10   0   0   0   0  18  28   0   0   0  0.18 0.10
   23 I    -2  -2  -3  -3  -2   0  -1  -4  -2   3   2  -2   0  -1   0  -1   0  -2   2   1    0   0   0   0   0   5   5   0   0  23  31   0   0   0   5   4   5   0   9  11  0.23 0.12
   24 W    -3  -1  -4  -1  -4  -3  -3  -4   1  -3  -1  -3  -2   2  -5  -3   1  10   3  -1    0   4   0   5   0   0   0   0   4   0   5   0   0   8   0   0  10  47  11   6  1.43 0.34
   25 Q    -2   2  -1   0  -4   5   2  -3   1  -4  -4   2  -2  -4   0   0  -2   4  -2  -4    0   9   0   4   0  39  14   0   4   0   0  13   0   0   4   6   0   8   0   0  0.65 0.24
   26 N    -2  -2   4   0  -3   1  -1  -2   3  -4  -3   0  -3   1   2   2   0   4  -1  -3    0   0  26   4   0   9   0   0   9   0   0   4   0   7  12  16   6   8   0   0  0.44 0.20
   27 Y    -2   0  -3  -3  -3   2  -2  -4   1  -1  -2  -1   1   4  -3  -2   0  -1   5   1    0   4   0   0   0  13   0   0   3   0   0   4   4  22   0   0   7   0  28  12  0.49 0.22
   28 I     0  -1  -1  -1  -2  -3  -3  -4  -3   2   4  -3   2   1  -4  -3  -2  -3  -2   1    9   4   3   3   0   0   0   0   0  15  47   0   7   5   0   0   0   0   0   7  0.38 0.18
   29 D    -2   0   0   4  -4  -1   2  -3   0  -3  -2  -1   0   4   1  -2  -1  -3  -1  -3    3   4   3  32   0   0  15   0   2   0   3   3   3  22   8   0   3   0   0   0  0.45 0.22
   30 A     3  -1  -2   2  -2  -1   0  -2  -2  -2  -1   1  -2   1  -2   0  -1  -3   1  -1   38   2   0  15   0   0   4   0   0   0   7  10   0   6   0   7   0   0   6   3  0.25 0.19
   31 L     1   0   0  -2  -2   0  -1  -2   1   0   2   0   1  -1  -2   2  -1  -3   0   0   13   3   4   0   0   3   4   0   4   4  23   8   5   2   0  19   0   0   2   5  0.10 0.11
   32 F    -1   0  -2  -1  -3  -2   1  -3  -2   0   1  -1   0   4  -1  -2  -2   4   1   0    4   7   2   3   0   0  12   0   0   5  19   3   2  26   3   0   0   7   2   5  0.27 0.16
   33 E    -2   2   1   2  -4   1   5  -2  -2  -4  -2   1  -3  -4   0  -1  -2  -4  -1  -4    0  10   8   8   0   4  44   2   0   0   4   8   0   0   5   3   0   0   2   0  0.56 0.26
   34 T     0  -1   0  -1  -2  -1   0   0   1  -1   0  -1   0   0   0   1   2  -3  -2  -1    4   2   4   3   0   0   6   6   5   2  13   3   3   4   4  15  22   0   0   4  0.10 0.11
   35 F     0   0  -1  -3  -2  -1  -2  -2  -2   1   2  -1   2   2  -1  -2  -2  -2   1   2    7   7   4   0   0   3   0   3   0   6  18   2   7  13   2   2   0   0   4  22  0.15 0.13
   36 P     0   1  -1  -1  -3   2   2  -3  -2  -3  -1   1  -2  -4   4   0   0  -4  -3  -1    5   6   2   2   0  11  19   0   0   0   7   7   0   0  25   4   7   0   0   4  0.46 0.20
   37 Q    -2   3   2   4  -4   2   2  -2   2  -4  -4  -1  -3  -4   1   0  -1  -4  -3  -4    2  18  10  26   0  11  10   2   5   0   0   0   0   0   8   5   2   0   0   0  0.49 0.22
   38 L    -1  -3  -3  -3   1  -3  -3  -3  -2   1   3  -3   0  -1  -2   0   1  -2   3   1    4   0   0   0   4   0   1   1   0   4  40   0   0   0   2   6  11   0  14  11  0.35 0.20
   39 E     0   0  -1   0  -1   2   1  -2   0  -2  -1  -1  -2  -3   4  -1   0  -4  -3   0    7   5   2   6   1   9  12   2   2   0   8   2   0   0  27   4   4   0   0   7  0.38 0.17
   40 I    -1  -3  -3  -1   0  -3  -3  -4  -3   3   3  -1   2  -1   0  -1  -2  -3  -1   2    2   0   0   5   2   0   0   0   0  16  35   3   4   1   6   5   0   0   2  16  0.32 0.18
   41 S     1  -2  -2   1  -3   0   0  -2  -2  -1   0   0   0  -3   4   2  -1  -3   0  -1   11   0   0   8   0   3   7   0   0   4   8   6   2   0  20  19   2   0   3   4  0.28 0.16
   42 E     0   0   0   3  -4   1   3  -3   0  -4  -4   0  -3  -5   4   0  -2  -5  -4  -4    7   3   3  17   0   6  26   0   2   0   0   4   0   0  26   5   0   0   0   0  0.69 0.28
   43 V    -1  -1  -1   2   1  -2   1  -2  -1  -1   0  -1  -1   3  -3   0  -1  -2   0   1    4   2   2  12   4   0  10   2   2   2   8   4   0  21   0   9   0   0   2  15  0.14 0.14
   44 W    -2  -2  -3  -1  -3  -3  -2  -4  -1  -2   3  -2  -1   2   4  -3  -2   5   1  -1    3   2   0   4   0   0   2   0   1   0  32   2   0  12  24   0   2   8   5   2  0.54 0.25
   45 A     2   0  -1  -1   0  -1  -1  -1   0  -1   0   0  -1  -2   2   1  -1  -3   0  -1   27   6   2   4   2   2   2   3   3   5  10   4   0   1  12  12   2   0   4   0  0.16 0.13
   46 K    -1   1   0   0  -3   2   2  -2   1  -1   0   2  -1   0   1  -1  -1  -2   1  -1    3   6   4   5   0  14  13   2   3   3  10  15   0   6   5   0   2   0   5   3  0.15 0.11
   47 W     0   1  -1   0  -2   1   2  -2  -1   0   1   0  -1   0   0  -1  -1   2   0   0    6   8   1   6   0   9  17   3   0   6  15   5   0   6   5   1   1   3   2   7  0.09 0.08
   48 D     0   1   0   2  -3   0   3   1  -2  -3  -3   2  -1  -3   0   0  -1  -3  -1  -1    6   6   2  13   0   2  21  13   0   0   1  14   2   0   4   4   3   0   2   6  0.23 0.13
   49 G     0  -2   0   0  -3   1  -2   2  -1  -2  -1  -2  -2   2   0   0   0  -1   3  -1    6   1   5   4   0   9   1  20   0   1   8   1   0  10   6   4   7   0  15   2  0.19 0.13
   50 G    -1   1   0   1   1   1   0   1  -1  -1  -1   1  -1  -2   1   1   0  -2  -2   0    1   9   3   7   3   5   3  13   0   4   5   9   0   1   8  13   6   0   1   8  0.09 0.06
   51 N     1  -1   2   1  -1   0   2  -1   0  -1  -1   1  -2  -2  -1   2   1  -3  -2  -2   10   1  10   7   1   3  13   3   3   4   5   8   0   2   3  18   7   0   0   1  0.15 0.10
   52 V     1  -2  -1  -1  -2  -2  -2   0  -1   1   0  -1   2   0  -3   1  -1  -3  -2   3   10   0   2   4   0   0   0   7   2  10   5   3   9   4   0  14   2   0   0  26  0.14 0.14
   53 T     0   1   1   0   0   1   2  -1   0  -2  -1   2  -2  -1  -2   1   1  -3  -1  -1    5   8   8   3   2   5  16   3   1   2   4  13   0   2   0   8  13   0   2   4  0.15 0.11
   54 K     1   1   2  -2  -3  -1   0  -1  -2  -3  -1   1  -2  -1  -1   3   0  -3  -1  -2   13  10  12   0   0   0   5   2   0   0   6  12   0   3   2  25   5   0   2   1  0.23 0.18
   55 D     0   0   1   3  -3  -1   2   0   0  -2  -1   1   0  -3   1   1   1  -3  -1  -2    6   3   6  18   0   0  15   6   2   1   6  10   3   0   5   9   8   0   2   0  0.20 0.13
   56 G    -2   0  -1   3  -4   0   0   4  -3  -4  -3   2  -3  -4   0   0  -1  -4  -2  -3    0   4   1  20   0   4   3  35   0   0   3  13   0   0   4   5   4   0   1   1  0.48 0.24
   57 G    -2   2  -1  -1  -2  -1   0   4  -3  -1  -4   1  -1  -4  -2   0  -3  -4  -2  -1    1  13   2   4   1   2   7  39   0   3   0  11   2   0   2   6   0   0   1   5  0.46 0.26
   58 D    -1   0   0   2  -4   1   1   0  -1  -3  -1   3   0  -2   3  -1   0  -4  -3  -1    3   5   4  11   0   6   7   5   1   0   5  22   2   2  13   2   6   0   0   5  0.24 0.17
   59 A     2  -2  -2  -3  -2  -1  -3   0  -3   1   1  -1   0  -1  -2   0   2  -3  -1   2   22   1   1   0   0   2   0   8   0   7  17   3   1   1   1   4  16   0   1  14  0.20 0.18
   60 K    -2   4   0  -2  -2   1   1  -3  -1  -2  -2   2  -2  -2  -3  -1   1   0  -1   1    2  24   4   1   1   7  11   0   1   1   1  13   1   1   0   4  10   2   2  15  0.32 0.23
   61 L    -2  -1   0  -4   0  -1  -4  -4  -4   4   2  -3   1   0  -2  -2  -1  -4  -3   2    2   5   6   0   2   3   0   0   0  33  24   0   3   4   1   3   3   0   0  12  0.42 0.25
   62 T     0   0   0   2  -1   1   3  -2   1  -1  -2   1  -2  -2  -3   0   1  -3   1  -2    6   4   3  10   1   6  25   2   4   4   2  10   1   1   0   5  10   0   5   2  0.24 0.18
   63 A     1  -1   5  -2  -4  -2  -3   1   0  -2  -3  -2   1  -3  -2   2   2  -5  -4  -3   10   3  30   0   0   1   0  10   2   2   1   0   5   1   2  17  17   0   0   0  0.52 0.34
   64 N    -2   2  -1  -2   2  -1   0  -4  -1   0   1  -1  -1  -1  -4  -1   0   7   1   0    2  14   3   2   5   2   6   0   1   6  12   4   1   2   0   3   8  18   5   5  0.37 0.23
   65 I     2  -2  -2  -3   5   0  -1  -3  -3   1   0  -3   2  -2  -2   1  -1  -4  -2   2   19   2   1   0  14   4   4   0   0   6   7   0   6   1   2  13   2   0   1  16  0.29 0.22
   66 R    -3   0  -5  -5   1  -4   0  -5   1  -4  -1  -4  -3   5  -3  -4  -4   5   7  -3    2   6   0   0   3   0   6   0   3   0   4   0   0  25   1   0   0   6  40   1  1.22 0.50
   67 T    -1   1  -1  -1   1   4   1  -2   1  -3  -2   1  -2  -4  -3   2   2  -2  -1  -1    4   9   1   3   3  21   7   2   4   0   4  10   0   0   0  14  13   1   1   4  0.30 0.24
   68 G     2  -3  -1  -1   4  -3  -1   1  -1  -4  -2  -2  -3  -2  -3   4   2  -5  -4  -2   20   0   2   2  10   0   3   9   2   0   3   1   0   1   0  34  12   0   0   2  0.51 0.34
   69 E    -2   1   0   3  -5   1   2  -1   0  -5  -5   1  -4  -3   4   0   0  -5  -4  -4    2   9   4  18   0   4  13   5   2   0   0   8   0   1  21   7   7   0   0   0  0.51 0.27
   70 H    -2   3  -2  -1  -5   2   1   1   1  -3  -2   4  -2  -3  -1  -2  -1   1  -3  -1    2  15   0   2   0   7   8   9   4   1   3  34   1   1   3   1   2   2   0   5  0.45 0.29
   71 F    -4  -5  -5  -6  -4  -5  -5  -6  -4   3   2  -5   1   6  -5  -2  -1  -3   3   0    0   0   0   0   0   0   0   0   0  21  22   0   4  36   0   3   4   0   8   4  0.93 0.40
   72 L    -2   7  -3  -1  -5  -2  -3  -2   2  -1  -4   1  -4  -2  -5  -1  -2  -5  -4  -1    2  62   0   3   0   0   0   3   5   4   1   8   0   2   0   4   1   0   0   4  1.14 0.50
   73 K    -2   3   0   0  -2   2  -1  -3   2  -4   0   5  -2  -3  -4  -3  -3  -5  -1  -2    2  14   5   5   1  10   2   1   5   0  11  38   1   1   0   0   0   0   2   2  0.56 0.35
   74 A     0  -5  -2  -5   0  -4  -5  -5  -5   5   3  -4   3   0  -5  -3  -3   1  -2   2    8   0   2   0   2   0   0   0   0  35  26   0   8   4   0   2   0   2   1  12  0.67 0.34
   75 R    -4   7  -1  -5   0  -2  -2  -5   6  -6  -3   0   0  -5  -5  -2  -1  -6  -4  -4    0  57   2   0   2   0   1   0  21   0   3   4   3   0   0   3   4   0   0   1  1.46 0.62
   76 E     0  -1  -3  -3   1  -1   2  -2  -3   1   1  -1   3   0  -3   1  -1  -3   1   0   10   2   0   0   3   2  15   1   0  11  15   3   9   5   0  11   3   0   4   6  0.15 0.17
   77 A     1  -2  -3  -3  -1  -3   0  -1  -4  -1   1  -3   2  -3  -2   1   3  -4  -3   1   15   1   0   0   1   0   8   4   0   1  18   0   6   0   1   9  23   0   0  12  0.30 0.26
   78 H     1   0  -1  -2   1  -2   0  -2   3  -1  -1   0  -2   0  -3   0   1  -2   3   0   15   6   1   1   4   0   7   3   9   2   6   5   0   4   0   9   9   0  14   6  0.17 0.17
   79 I    -1  -2  -4  -4  -1  -2  -3  -3  -4   4   2  -2   2   1  -4  -2  -1   0  -1   2    6   2   0   0   1   1   1   1   0  32  15   3   6   7   0   2   3   1   1  16  0.42 0.25
   80 V     1   0   2   1  -3   1   1  -2   0  -1  -1   1  -2  -1  -1   0   0   0   0  -1   12   6  13   9   0   7  10   1   2   5   6   7   0   2   1   4   4   1   5   6  0.11 0.11
   81 D     0  -2   1  -1  -4  -1  -2   4  -3  -3  -1  -2   0  -1  -1   1   0  -4  -4  -2    5   1   7   4   0   3   1  41   0   1   5   2   2   4   3  12   5   0   0   2  0.45 0.25
   82 P    -1  -1  -1   1  -4   1   2   3   0  -3  -3   0  -2  -2   3   0  -2  -4  -3  -3    3   3   2   7   0   6  17  23   3   2   2   3   1   2  18   8   0   0   0   1  0.40 0.23
   83 N     1   0   2   1  -3   0  -1   1  -1  -3  -3   2  -2  -1   0   0   1  -4  -2  -3   16   5  11  10   0   3   1  13   1   0   2  15   1   4   5   6   8   0   1   0  0.20 0.15
   84 S     0  -3  -3  -2   2  -2  -2  -2  -3   2   2  -2   4   0  -3   0   0  -3   0   1   10   0   0   2   5   0   2   3   0  11  24   3  16   4   0   8   4   0   3   7  0.23 0.18
   85 D    -1   0   0   2   0   5   2  -3   2  -2  -4   1  -3  -2  -3   0  -2  -4   1  -3    4   3   3  13   2  37  10   1   4   3   0   6   0   2   0   6   0   0   6   1  0.53 0.30
   86 I    -1  -5  -5  -5   1  -2  -4  -5  -5   4  -1  -4   0  -1  -4  -2  -1  -5  -3   5    5   0   0   0   3   2   0   0   0  26   0   0   2   2   0   2   2   0   0  55  0.91 0.39
   87 Y    -1   0  -4  -5   0  -3  -4  -2   0   0   3  -3   1   3  -4  -3  -3   2   2   0    5   7   0   0   2   0   0   3   2   4  42   0   3  15   0   0   0   3   8   7  0.45 0.24
   88 N    -1   0   5   2  -4  -2  -1  -3   4  -2  -3  -2  -3  -4  -4   0   2  -5  -3  -4    5   5  38  13   0   0   2   0  13   2   3   0   0   0   0   5  14   0   0   0  0.71 0.34
   89 T     0  -4  -2  -4   5  -3  -4  -2  -3   0   1  -3   2   4  -4   1   0   1   0   1    8   0   1   0  12   0   0   3   0   5  11   0   6  23   0  10   7   2   2  11  0.38 0.23
   90 I     2  -3  -1  -4   1  -3  -3  -2   0   1   1  -3   2   1  -4  -2   1  -3  -1   3   19   0   3   0   2   0   0   2   3   4  13   0   7   6   0   0   8   0   2  31  0.33 0.23
   91 L     1  -4  -4  -5   3  -4  -4  -1  -4   4   0  -4   3   2  -4  -3  -3   3  -2   2   13   0   0   0   8   0   0   6   0  34   7   0   8   8   0   0   0   5   0  12  0.54 0.29
   92 Y    -2  -2  -1  -5   2  -4  -4  -5   1   1  -1  -4   1   5  -5  -2  -1  -2   5   1    3   3   3   0   5   0   0   0   3  10   3   0   4  27   0   3   4   0  24   8  0.72 0.35
   93 P     0  -5   1  -5   3  -5  -5  -5  -5  -6  -6  -5   2  -7   8   0  -4  -7  -6  -5    7   0   7   0   7   0   0   0   0   0   0   0   6   0  66   7   0   0   0   0  1.94 0.69
   94 K    -1   2   2   1   1   0   1  -1   0  -2  -3   1  -3   0   2   0  -1   1  -1  -2    3  15  14   7   3   2  11   3   2   2   2   9   0   4   9   5   2   2   2   2  0.21 0.15
   95 T     1  -2   0   0  -2  -3  -2  -3   0  -2  -1  -3  -1  -1   5   0   1  -4   1  -1   12   2   5   7   1   0   1   1   3   1   6   0   2   2  34   5   8   0   6   3  0.55 0.26
   96 G     0   1   2   2   0   0   3   0   1  -3  -3   1  -2  -4  -2   1   0  -4  -3  -3    5   7   9  10   2   3  28   6   3   1   1   6   1   0   1  11   5   0   0   0  0.35 0.21
   97 A    -2  -2  -3  -3  -4  -2  -4  -4   1  -1  -1  -2  -3   4  -2  -1  -2   3   7  -2    3   2   1   1   0   1   0   1   3   4   6   2   0  18   2   5   2   4  43   2  0.94 0.39
   98 D     0   0   1   6  -5  -1   1  -2   2  -3  -5  -2  -4  -3   0  -2  -3  -5  -1  -5    7   5   5  56   0   2   7   2   4   1   0   1   0   1   4   1   1   0   3   0  0.96 0.39
   99 L     0  -3  -3  -4  -3  -3  -4  -4   0   2   4  -3   3   1  -4  -3  -1  -3  -2   1    7   0   1   0   0   0   0   0   2   8  53   1   7   7   0   0   3   0   0  11  0.50 0.22
  100 P    -4  -5  -5  -4  -6  -4  -4  -5  -5  -6  -6  -4  -5  -7   9  -4  -4  -7  -6  -5    0   0   0   0   0   0   0   0   0   0   0   0   0   0 100   0   0   0   0   0  3.05 0.68
  101 C    -3  -4  -5  -5   0  -4  -5  -5  -4   6   2  -4   1   1  -4  -3  -2  -4  -1   2    0   0   0   0   2   0   0   0   0  59  14   0   3   4   0   2   0   0   2  14  0.85 0.31
  102 F    -4  -1  -5  -5  -4  -4  -5  -5  -3  -1   2  -4   1   7  -5  -4  -4  -1   3  -1    0   3   0   0   0   0   0   0   0   0  23   0   4  61   0   0   0   0   6   2  1.24 0.39
  103 G     1  -3  -2  -2   5   0  -1   5  -3  -4  -3  -3  -3  -4  -3   1  -1  -4  -4  -3   11   0   0   1  16   4   3  49   0   0   3   0   0   0   0   9   3   0   0   0  0.74 0.27
  104 M     2  -1  -3  -3   2  -2  -3  -1  -3   1   1  -2   3   1  -3   0   0  -2   1   1   27   3   0   0   4   0   0   3   0   9  11   0  12   6   0   4   3   0   5  11  0.20 0.15
  105 D    -2  -3   2   6  -5   0   2  -2  -2  -5  -5  -2  -4   1  -3  -1  -3  -5  -3  -4    2   0  12  56   0   3  16   1   0   0   0   0   0   8   0   2   0   0   0   0  1.02 0.35
  106 L    -1  -3  -4  -4  -3  -3  -4  -4  -3   3   3  -3   1   4  -4  -3  -1   2   2   1    4   0   0   0   0   0   0   0   0  17  33   0   3  22   0   0   3   3   5   8  0.52 0.26
  107 M    -2  -2  -1  -4   0  -3  -4  -4  -1   2   1  -3   3   3  -4  -3  -1  -3  -2   4    0   2   4   0   2   0   0   0   2  10  12   0   9  14   0   0   2   0   0  40  0.51 0.30
  108 K     1  -1  -1  -2   1   0   0   0  -2   0  -1   0   0  -1  -2   1   2   1  -2   0   14   1   2   0   4   3   6   8   0   5   4   4   3   4   0  15  16   2   0   8  0.12 0.13
  109 F    -1  -2  -1  -3  -2  -2  -1   0  -2   1   1  -2   1   4  -3  -1   1  -2   0   1    6   2   4   0   0   0   4   7   0   5  17   0   4  26   0   4   8   0   0  10  0.20 0.17
  110 S     1   0   1  -1  -3  -1  -1   3  -2  -4  -4   1  -3  -2   2   1   1  -4  -3  -3   12   4   7   3   0   2   2  28   0   0   0   9   0   2  10   9  11   0   0   0  0.35 0.20
  111 D     0   1   1   1  -3   1   1   0   2  -3  -3   1   1  -3   1   1   0  -4  -2  -3    8   8   8   8   0   8   8   8   8   0   0   8   8   0   8   8   8   0   0   0  0.20 0.15
  112 K    -1   2   0  -1  -3   1  -1   1   0   0  -3   3   0  -4  -2   1   0  -4  -3  -2    3  14   3   2   0   7   0  13   2   7   1  24   3   0   1  14   4   0   0   2  0.28 0.23
  113 K    -1   3   1   0  -1   0  -2  -3   3   0  -1   2   0  -3   0  -2   0  -4  -1   1    2  16   8   4   1   2   0   0  11   4   4  17   3   0   5   0   5   0   2  14  0.22 0.21
  114 V    -1  -2   0  -3  -3  -1  -3  -3   2   3   1  -3   1  -1  -3   1   1  -3   1   1    3   1   4   0   0   2   0   1   7  23  15   0   4   1   0  14   9   0   5  10  0.23 0.22
  115 I     0  -3  -3  -4   1  -3  -4  -2  -4   2   3  -3   1   2  -4   0   0  -3  -2   1    7   0   0   0   3   0   0   2   0  16  34   0   3  10   0   9   5   0   0  11  0.35 0.23
  116 I     2  -3  -3  -3   5  -2  -1   1  -3   0  -1  -2   0   1   0  -1  -2  -3  -1   1   27   0   0   0  14   2   3  12   0   5   5   0   2   6   5   3   0   0   1  13  0.27 0.21
  117 V    -1  -2  -3  -4   1  -3  -3  -2  -3   3   1  -3   1   1  -1  -2   0  -3   0   3    2   3   0   0   3   0   0   4   0  27  12   0   3   5   3   2   6   0   3  27  0.32 0.21
  118 F    -1   0  -3  -3   1  -2  -1  -3  -3   2   2  -2   1   3  -3  -2  -1  -2   1   2    6   5   0   0   3   0   4   0   0  13  27   2   3  15   0   0   2   0   4  13  0.24 0.17
  119 D    -4  -3   0   7  -5  -3  -1  -4   0  -4  -5   0   1  -5  -4  -1  -3  -6  -5  -2    0   0   2  76   0   0   0   0   3   0   0   5   5   0   0   3   0   0   0   4  1.52 0.59
  120 F    -1  -3  -2   1   1  -2  -2  -3  -1   1   2  -3   1   2  -1  -2   1   1   1   1    5   0   0  11   3   0   0   0   1   9  29   0   3  10   2   2  10   2   4   7  0.19 0.17
  121 Q    -1  -2   2   2   1   4   1  -3   2  -1  -1  -1  -2  -3  -1   1   0  -4  -2  -2    4   0   9  12   4  29   6   0   6   3   5   1   0   0   2  12   3   0   1   2  0.33 0.25
  122 H    -1  -4  -4  -2  -1  -3   0  -3   1  -4  -4   0  -4  -5   7   0  -2  -5  -4  -2    5   0   0   2   1   0   8   2   4   0   2   4   0   0  60   6   2   0   0   3  1.40 0.54
  123 P    -1  -4  -4  -4   3  -4  -1  -5  -4   1   2  -4   2   1   1  -1   1  -3   3   2    6   0   0   0   5   0   5   0   0   6  21   0   4   5   8   5   8   0  11  13  0.36 0.26
  124 R     0   0   0   0   2   0   0  -1   1   0  -1   0   1   0   0   0   0  -2   1   0    5   5   5   5   5   5   5   5   5   5   5   5   5   5   5   5   5   0   5   5  0.03 0.05
  125 E    -1  -1   0   2  -3   3   4  -2   1  -2  -3   1  -2  -3   1  -1  -2  -5  -4  -3    4   3   3  12   1  15  26   3   3   3   3   9   1   1   6   4   3   0   0   2  0.45 0.38
  126 K     1   2   0   1  -1   0   0  -2   2  -3  -2   4  -3  -2  -4   0   0  -5  -4  -2   15  12   4   6   1   3   6   3   4   1   4  25   0   2   0   6   4   0   0   3  0.34 0.30
  127 Y    -2  -3  -2  -2  -5  -1  -2  -6   1  -3   0  -5   0   1  -1  -1  -1   4   7  -1    4   1   2   2   0   2   3   0   3   2  11   0   2   4   3   6   5   5  41   4  0.94 0.59
  128 L     1  -1  -1  -1  -1   0  -1  -2  -1   0   1   0   1   0   0   0   0  -3   2   1   12   2   4   3   1   4   4   2   1   4  17   5   4   3   4   5   7   0   8  10  0.07 0.11
  129 F     1   0  -1   2  -4   2   1  -4   2  -4  -1   1  -1  -2   0   1  -2  -4   2  -4   11   6   2  13   0  12   8   0   4   0   7   7   2   1   6  11   1   0   8   0  0.27 0.28
  130 S     0  -1  -1  -2  -1   0  -1   0   2   0  -2   1  -1  -2   4   1   0  -4  -1  -1    9   3   2   2   1   4   4   6   5   6   4   9   1   2  20  13   5   0   2   4  0.25 0.23
  131 V    -1  -4  -2  -2  -2  -2  -2  -3  -2   2   4  -4   2   1   0  -1  -2  -4  -1   0    5   0   2   3   1   2   3   2   1  13  40   0   4   6   4   5   2   0   2   4  0.45 0.33
  132 D     0   1  -1   1  -4   2   2  -1   1   0  -1   0   1  -3   0   0  -1  -4  -1  -2   10   7   2   9   0  10  12   5   3   6   6   6   5   0   4   7   4   0   3   2  0.13 0.17
  133 G     0   0   0  -1  -4   2   0  -2  -1  -2  -3   2  -1   0   4   0  -2  -4   0  -2    9   5   5   4   0   9   6   3   1   2   2  11   2   5  21   8   1   0   3   2  0.33 0.29
  134 L    -1   0  -5  -2  -2  -1  -2  -3  -4   3   4  -3   2  -1  -3  -3  -2   2   0   0    4   6   0   3   1   3   3   2   0  16  37   1   6   2   1   1   2   3   3   5  0.45 0.34
  135 P    -2   2  -1  -2  -1   1  -1   0   1  -1  -2   1   0   1   3  -1  -1  -1   1  -2    3  11   3   1   2   7   4   9   3   3   3   8   2   7  17   5   3   1   5   3  0.23 0.22
  136 E     0   0   0   2  -4   0   3  -2   1  -2  -1   0  -3  -2   1   0   0   0   0  -2    9   5   4  13   0   4  17   2   3   3   7   6   0   1   8   5   5   1   3   2  0.20 0.21
  137 D     0   0  -1   0  -1   0   0  -1   0   1   0   2   0   0   1   0   0   0   0   0    8   3   3   5   1   3   6   3   2  10  10  15   1   3   5   7   4   1   4   5  0.04 0.07
  138 D    -1   1   1  -1   0   0   0  -1   4  -2  -1   1  -3   1  -2   0  -1   0   3  -1    5   7   6   3   2   3   8   4   9   2   5   8   0   6   2   7   4   1  13   5  0.18 0.19
  139 G     2   0   1  -1  -1   0   0   1  -1  -3  -1   0   1  -1   1   0  -1  -4  -1  -1   17   5   8   3   1   4   7  12   1   0   4   6   5   3   8   7   3   0   2   3  0.12 0.15
  140 K     0   2  -1   0  -4   1   2  -1   1  -2  -2   3  -3  -4  -1   2   0   0  -4  -2    6   9   2   5   0   5  11   3   4   2   3  23   0   0   3  15   4   2   0   2  0.31 0.29
  141 Y    -1   1  -1  -2  -4   2  -1  -1   1  -1   0  -1   3   1   0  -1  -2   0   4  -2    5   9   3   2   0   9   4   4   3   3  11   2   8   7   6   6   2   1  14   2  0.18 0.21
  142 R    -1   3   0   0  -4   0   1  -1   1  -3   0   1  -2   1   1  -1  -1  -3   0  -3    6  19   5   4   0   4   9   4   4   0  10   8   0   7   8   4   4   0   3   0  0.21 0.21
  143 F    -1   0   0   0   2   0   0  -3   2   0  -1  -2   1   1   0   0   0   3   1   0    6   6   5   6   5   5   6   0   5   6   6   0   5   5   6   6   6   5   5   6  0.09 0.14
  144 F    -1  -2  -5  -3  -5  -4  -4  -5  -4  -3   0  -1   2   4   5  -3  -3   4   5  -1    5   2   0   2   0   0   0   0   0   0   8   4   5  18  25   2   1   5  17   4  0.82 0.47
  145 E    -1  -2  -2   5  -5  -1   4  -3   1  -4  -4  -1   0  -5   1   0  -2  -6  -5  -2    4   2   1  28   0   2  29   1   3   1   1   3   3   0   7   8   3   0   0   4  0.69 0.45
  146 M    -2  -1  -2   0  -1  -1   3  -1  -4  -1  -2  -2   1  -4   3   0  -1   8  -3  -4    3   3   1   6   1   2  19   4   0   3   3   2   3   0  12   9   4  23   0   0  0.77 0.46
  147 G     2   1   2   0  -3  -2  -2   3  -1  -1  -2  -1  -1  -1  -1  -1   1  -4   0  -2   16   8  12   5   0   1   2  23   1   3   4   3   2   2   3   2   8   0   3   2  0.22 0.20
  148 N     0   2   1   0   0   2   2  -2  -1  -3  -3   3   0  -1   1   0  -2  -4  -1  -2    8  12   6   3   3   8  12   2   1   1   1  18   2   3   7   5   1   0   2   3  0.25 0.22
  149 H    -2  -2  -4  -1  -1  -2   1  -5  -1   3   0  -1  -2   5  -5  -4  -1   5   3   0    2   2   0   3   1   1   9   0   2  18   6   4   0  23   0   0   3   7   9   7  0.52 0.34
  150 F    -2  -2  -5  -5   1  -5  -2  -5  -4  -1  -2  -2  -4   7  -5  -1  -5   7   2  -3    3   3   0   0   2   0   3   1   0   4   3   3   0  46   0   5   0  17   6   1  1.42 0.64
  151 S    -1   1   0  -2   0  -3  -4  -2  -4  -5  -3  -1   1  -5  -4   6   0  -5  -5  -3    5   8   3   2   2   0   0   2   0   0   3   3   4   0   0  59   5   0   0   2  1.00 0.62
  152 K    -2   2  -1  -1  -5   2   1   0  -3  -5  -5   3  -4  -5   4   0  -2  -5  -5  -5    3  10   2   4   0   9  10   6   0   0   0  21   0   0  24   8   2   0   0   0  0.66 0.42
  153 N     0  -1   1  -1   5   0   0  -1   0   0   0  -1   0  -1   1  -1  -1   2   2  -2    7   3   8   4  14   5   6   3   2   7   8   2   3   2   7   2   4   3   8   1  0.17 0.17
  154 I    -1  -2  -4  -1   2  -3  -3  -3  -4   2   2  -1   3  -1  -1  -2  -1   2  -3   3    5   2   0   4   4   0   0   2   0  13  20   4   8   2   3   3   4   3   0  22  0.31 0.25
  155 F    -4  -5  -5  -6   3  -5  -5  -5  -1   2   3  -4  -1   5   0  -5  -4   5   2   0    0   0   0   0   5   0   0   0   1  12  24   1   1  27   5   0   0   7   7   6  0.83 0.45
  156 V     0  -3  -1  -1   1  -3  -3   0   1   1   0  -2   0   2  -3   0   1   5   2   0    9   0   2   3   3   0   0   9   4   9   8   2   2   9   0   7   9   9   7   7  0.20 0.18
  157 R     0   4  -3  -2   3   0   0   0  -3  -1  -1   1   0  -2  -3   0   1  -4  -2  -1    8  28   0   2   7   3   6   6   0   3   4   8   2   2   0   7   8   0   1   3  0.33 0.28
  158 Y     0   3  -1  -3  -4   0  -2  -3  -1  -1  -1   1   0   3   2  -1  -1   1   2  -1    7  17   3   0   0   3   2   1   1   4   7   7   3  12  12   5   4   2   6   4  0.22 0.20
  159 C     1  -1  -1  -1   3   0   0   1  -1  -2  -1   0  -1   0   3   1   0  -1  -1   0   11   2   2   2   8   3   6  10   1   2   4   6   1   5  14   9   4   1   3   6  0.15 0.15
  160 K    -2   1   0   3   0   0   1  -1  -2  -3  -4   1  -4  -4   1   1   2  -5  -2  -3    2   7   4  21   2   5   9   5   1   1   1   9   0   0   6   9  15   0   2   1  0.34 0.28
  161 P     0   0   0   1  -4   2   1  -1  -1  -3  -3   1  -3  -2   3   1   0  -4  -3  -1    8   5   4   7   0  10  11   4   1   0   3   9   0   2  16  10   4   0   0   4  0.28 0.23
  162 D     0  -2   0   3  -4   1   2  -1   0  -2  -2   1  -3  -4   0   0   0   2  -1  -2    8   0   4  17   0   6  17   3   3   3   3   7   0   0   4   8   7   3   2   3  0.26 0.25
  163 E     1  -1   1   1  -1   1   3   0   1  -1  -1   0  -2  -2  -3   0  -1  -4   0  -1   11   3   6   6   2   6  23   6   3   5   6   5   0   2   0   6   3   0   3   4  0.17 0.19
  164 V     0  -1  -1  -1   0   0   1  -2   1   1   0  -1   1   1  -3   0  -1   1   1   1    8   2   2   4   2   5  11   2   4   7  10   3   4   7   0   5   3   2   6  13  0.06 0.11
  165 D    -1  -1   0   3  -4   0   2  -1   0  -2  -3   0  -3  -4   0   1   0  -4   0  -2    5   3   5  21   0   4  17   5   2   3   2   6   0   0   5  11   6   0   3   2  0.30 0.26
  166 Q     0   2   0   0   1   0   2  -1   1  -1  -1   1   0  -1  -1   0   0   1  -2  -1    7  12   5   4   3   4  14   4   5   4   7   8   3   2   3   5   5   2   0   4  0.08 0.10
  167 Y    -2  -4  -4  -1   0  -1  -2  -4   1   1   2  -4   1   4  -4  -1  -1   2   1   2    3   0   0   5   2   4   3   0   3   6  21   0   4  20   0   4   3   2   5  13  0.35 0.28
  168 L    -1  -1  -4  -4   1  -1  -1  -2   0   0   3  -2   3   3  -4  -2  -1   1   2   1    3   4   0   0   3   2   4   3   3   4  29   2   8  11   0   3   3   2   7   8  0.30 0.27
  169 D     1   1   0   2  -4   1   2  -2   0  -4  -3   1  -3  -4   3   1  -1  -4  -4  -3   14   7   5  14   0   7  13   3   2   0   1  10   0   0  13   8   2   0   0   0  0.37 0.27
  170 T     4  -1  -4  -4   1  -2  -2  -1   0   1   1  -3  -1  -3  -4  -2  -1  -4   2   0   43   3   0   0   3   2   3   4   2   7  13   1   1   0   0   1   3   0   9   6  0.45 0.38
  171 F     0  -4  -4  -5   1  -2  -3  -1   1  -1   0  -4   0   6  -5  -2  -1   0   2   1    9   0   0   0   3   2   1   4   4   3   8   0   2  40   0   2   4   1   6   9  0.67 0.41
  172 K    -1   2   0   1   1   1   1  -2   1  -1   0   2   0  -2  -3  -1   0  -3  -2   0    4  14   2   9   3   7   8   2   4   3   8  13   2   2   0   3   6   0   0   7  0.13 0.15
  173 L     2   0   0   4  -4   1   3  -1   0  -4  -3   1  -3  -5  -3   0  -1  -5  -4  -3   16   6   3  21   0   6  23   3   2   0   1   7   0   0   0   5   4   0   0   2  0.46 0.33
  174 Y    -3  -5  -5  -6  -2  -5  -5  -3   2  -2  -1  -5  -4   3  -3  -2  -2   3   8  -3    1   0   0   0   1   0   0   2   5   3   7   0   0  10   1   3   3   4  58   2  1.60 0.75
  175 L    -1  -5  -5  -6   0  -4  -5  -6   0   1   5  -5   2   0  -5  -4  -1  -1   0   1    4   0   0   0   2   0   0   0   2   5  59   0   5   4   0   0   3   1   4  10  0.85 0.49
  176 T     0   2   2   2  -4   2   2  -2   1  -4  -3   1  -1  -4  -3   0   0  -5  -3  -2   10  10   9  13   0  10  17   1   3   0   2  10   1   0   0   6   5   0   0   3  0.34 0.27
  177 K     0  -2   0   0  -3   1   0   0   2   0  -1   0   1   1  -3   0   0   4   1   0    6   0   6   6   0   6   6   6   6   6   6   6   6   6   0   6   6   6   6   6  0.09 0.13
  178 Y    -1  -5  -3  -4  -1  -1  -5  -4   5  -3   0  -5   0   2  -6  -5  -1   6   7  -2    7   0   1   1   2   3   0   1  14   1   9   0   2   7   0   0   3  12  34   2  1.19 0.66
  179 K     0  -1  -1  -3   4  -2  -2  -5  -1   1   3  -1   0  -3  -4   0  -1   3  -3   2    7   3   3   1   8   1   2   0   1   9  30   5   1   0   0   6   4   5   0  13  0.33 0.29
  180 E    -1  -1  -1   2   1   3   3  -2   0  -5  -4   2   0  -3  -4  -1   0  -5  -4  -2    6   3   3  12   3  14  24   3   2   0   1  14   2   1   0   5   5   0   0   3  0.46 0.38
  181 M     1  -1  -2  -4   0   0   0  -3  -1   1   2  -1   3   0  -1   0   0   1  -1   0   10   3   2   0   2   4   6   2   2   7  23   2  11   4   3   6   5   2   2   5  0.16 0.20
  182 I     1  -3  -2  -2   0  -1  -2  -2   0   2   1  -1   2   0  -4   0   0   1  -1   2   15   0   2   2   2   2   3   2   3  11  14   4   7   3   0   6   5   2   2  17  0.17 0.19
  183 D     0   0   1   1   0   1   2   0   0  -1  -2   2  -1  -1  -3   0   0   0  -1  -3    7   4   7   9   2   5  15   7   2   5   3  13   2   2   0   7   5   2   2   0  0.15 0.17
  184 N     1   1   2   1  -4   1   1   0   0  -2  -2   0  -3  -4   0   1   0  -4  -1  -2   10   7  13   6   0   8  10   7   2   2   4   6   0   0   3  12   4   0   2   3  0.18 0.20
  185 N     4  -4   0   0  -1  -2  -1  -1   0  -1  -1  -2  -2  -2   0   1   0  -5  -1  -2   45   0   4   5   1   1   4   3   2   3   5   2   1   1   5   9   5   0   2   2  0.44 0.41
  186 K    -1   0   0   0  -1   2   3  -1   1  -3  -2   1  -1  -2   1   1   1  -5  -3  -1    4   6   4   3   1   9  22   5   3   0   3  10   2   2   8   9   7   0   0   6  0.24 0.26
  187 P     0   0  -3   1  -6  -1   1  -3  -4  -1  -2   0  -1  -3   6  -1  -2  -6  -2  -4    7   4   1   7   0   2   9   2   0   4   4   7   2   1  42   3   2   0   1   1  0.84 0.54
  188 V     0   0   0   1   2  -1   1  -2  -1   1   1  -1   0  -3  -1   0   0  -4  -3   2    8   5   3   8   5   3  10   2   1  11  12   2   2   0   2   7   5   0   0  16  0.10 0.15
  189 G     1   0   0  -1  -3   0   1   1   1  -2  -2  -1   1   0   1   1   2  -4  -3  -1   12   4   4   3   0   3   9  10   3   2   3   1   5   4   7  10  15   0   0   3  0.14 0.18
  190 E     0  -1   0   4  -5   0   3  -2   3  -2  -3  -1  -4  -3   0   1   0  -5  -4  -3    8   2   3  22   0   4  22   2   7   2   3   3   0   1   4  12   4   0   0   1  0.43 0.36
  191 D     0  -1   0   1  -1  -1   2  -3  -1   0  -1  -1  -1  -3   2   1   0   1  -3   0    9   3   5  10   1   2  15   0   1   7   6   3   1   0  12   9   5   2   0   9  0.16 0.18
  192 T     1   1  -1  -1  -1   1   0   0   0   0  -1   0   0  -3  -2   1   1   1  -2   0   16   9   2   3   1   7   5   6   2   4   7   6   2   0   0  12   7   2   1   7  0.08 0.12
  193 T     0   0   2   0  -4   3   3  -2   0  -1  -3   1  -1  -4  -1   1  -1  -4  -3  -1    8   4  10   5   0  14  24   2   2   3   1   6   2   0   2   8   3   0   0   5  0.32 0.29
  194 V     1   1  -2  -1   0   0  -1   1  -3   2   1  -1  -1  -1  -3  -1   0   0  -2   0   15  11   1   3   3   4   2  10   0  15  13   3   0   2   0   3   5   1   1   7  0.09 0.15
  195 Y    -1   0  -3  -1  -5   6  -1  -5   5  -1  -1  -1   0  -4  -5  -1  -2  -5   1  -1    4   4   0   3   0  42   2   0  15   4   7   2   2   0   0   4   1   0   5   4  0.87 0.60
  196 S     2   2   0   0   2   0   1  -2   3  -1  -1   1  -1  -3  -2   0   0  -4  -3  -2   19  14   3   5   4   3   8   2  10   3   5  10   1   0   1   4   4   0   0   2  0.20 0.22
  197 D     2   3   1   2  -1   0   0   0   0  -3  -3   1  -3  -2  -3   0  -1  -4  -1  -3   20  16   8  13   1   4   6   6   2   1   2   9   0   2   0   4   3   0   3   0  0.26 0.25
  198 F    -4  -6  -6  -7  -7   1  -6  -7   3  -2  -3  -6   0   4  -7  -6  -6   1   8  -3    1   0   0   0   0   7   0   0   7   2   2   0   2  14   0   0   0   1  60   2  2.00 0.93
  199 D    -1   0  -3   4   4   1  -1  -4  -2   0   1   2  -3  -2  -4  -2  -3  -5  -4  -2    5   5   0  29  11   5   3   0   1   6  17  12   0   1   0   2   1   0   0   2  0.50 0.38
  200 T    -1   2   1   0  -1   2   1  -3   2  -1  -2   2  -1  -2  -3  -1   2  -4  -2  -1    5  14   7   4   2   8   9   1   6   4   3  11   1   1   0   2  18   0   1   3  0.26 0.25
  201 Y    -2  -2  -3  -2   0   1  -4  -4   4  -5  -3  -4  -1   2  -6  -3  -2   7   7  -3    3   3   1   3   2   6   1   1  11   0   2   1   1   7   0   1   3  13  40   2  1.27 0.65
  202 M    -4   4   0  -4   5   3  -3  -5   4  -2  -1  -2   1  -2  -5   1  -2  -5   0  -2    0  22   4   0  13  16   0   0  12   2   7   1   5   2   0  10   2   0   2   3  0.65 0.46
  203 T     4   2  -3  -3  -4  -1  -1  -3   1  -2   0   1  -1  -2  -4   0   1  -5  -1  -2   37  11   0   1   0   2   4   0   4   2  10   9   2   1   0   5   9   0   2   2  0.38 0.34
  204 E    -1   1   0   1  -3   2   3   0  -1  -1  -2   1  -2  -2  -3   0   0  -3   2  -1    4   6   4   6   0  10  23   7   0   4   4   9   0   0   0   5   5   0   9   5  0.20 0.16
  205 L    -3   2   4  -2  -4   1  -2   0   3  -3  -1   2  -2  -3  -3  -2   0  -4   1   0    0  10  26   0   0   7   0   6   7   0   7  16   0   0   0   0   6   0   5   9  0.36 0.26
  206 D    -2  -3   1   6  -5  -1   2  -2  -3  -5  -4   0  -4  -5  -3   0  -1  -6  -5  -3    2   0   4  59   0   2  13   2   0   0   1   7   0   0   0   6   2   0   0   1  1.05 0.39
  207 P    -3  -1  -1  -4  -5   0  -3  -4   0  -5  -5   3  -5  -6   7  -2  -3  -6  -5  -5    0   3   3   0   0   3   0   0   3   0   0  22   0   0  64   3   0   0   0   0  1.72 0.52
  208 V     3  -3  -2  -3  -3  -3  -1   3  -3  -1  -3  -3  -3  -4  -3   1   3  -4  -4   0   28   0   0   0   0   0   3  29   0   2   0   0   0   0   0   9  23   0   0   5  0.57 0.29
  209 R    -1   4  -2  -2  -3   0  -1  -1   3  -1   0   1  -1   0  -3   0   0  -3   1  -1    5  31   0   1   0   3   3   3   9   2   8   6   2   4   0   8   5   0   5   6  0.24 0.17
  210 G    -1   3   0   0  -4  -1  -2   3  -3  -2  -2   1  -3  -4   3   0  -2  -4  -2  -3    4  20   4   4   0   2   0  30   0   2   3   7   0   0  18   5   0   0   1   0  0.48 0.23
  211 Y     0  -3  -4  -4  -3  -3  -3  -3   0   2   2  -3   4   1  -1  -2  -1  -3   1   3   11   0   0   0   0   0   0   2   2   8  20   0  17   4   4   0   3   0   7  23  0.35 0.21
  212 M    -4  -5  -5  -6  -4  -4  -5  -6  -4   0   5  -5   4   4  -5  -4  -1  -3   0  -2    0   0   0   0   0   0   0   0   0   2  64   0   9  19   0   0   3   0   3   0  1.11 0.42
  213 K     1   1   1  -1  -1   0   2  -1  -1  -1  -2   2  -1  -3  -2   1   2  -4  -2  -2   16   6   7   1   1   1  15   3   1   3   4  16   1   0   0  11  13   0   1   1  0.20 0.15
  214 N     1   3   1  -2  -4   1  -1   0  -1  -3  -3   4   0  -4  -3   1   0  -4  -2  -2   12  20   7   0   0   5   0   5   1   1   0  28   3   0   0   9   6   0   1   3  0.39 0.23
  215 K     1  -2  -2  -2   1  -2  -2  -3  -1   0   2   0   2   2  -3  -1  -1   3   2  -1   14   0   2   1   3   0   1   0   1   6  26   7   5   8   0   5   4   4  10   2  0.19 0.15
  216 F    -3  -5  -5  -6  -1  -5  -5  -6  -1   1   0  -5   1   7  -6  -5  -2   1   4  -1    1   0   0   0   1   0   0   0   1   8   5   0   3  62   0   0   2   2  12   3  1.42 0.47
  217 G    -1  -5   0   1  -5  -4  -4   7  -5  -6  -6  -4  -5  -6  -5  -2  -2  -5  -6  -6    3   0   4   7   0   0   0  83   0   0   0   0   0   0   0   1   2   0   0   0  1.75 0.54
  218 E     0   0  -1   0  -4   1   3  -3   0  -3  -4   3  -3  -4   2   0   0  -1  -3  -1    6   2   2   4   0   4  26   1   2   0   0  26   0   0  11   4   6   1   0   6  0.45 0.25
  219 G     1  -2   1   2  -4   2   5  -2  -1  -4  -4   0  -4  -5   0   0   0  -5  -4  -3   11   1   6  11   0   7  43   2   1   0   0   3   0   0   3   5   6   0   0   1  0.62 0.30
  220 R    -3  -1  -5  -5  -2  -4  -4  -5  -2  -1   1   1  -1   2  -5  -4  -2  10   0  -1    2   4   0   0   1   0   0   0   1   3  14  10   1  10   0   0   2  46   1   4  1.53 0.48
  221 S     5  -4  -3  -4   2  -1  -3  -1  -4  -3  -4  -3  -3  -4  -3   1   3  -5  -1  -1   55   0   0   0   5   2   0   2   0   0   0   0   0   0   0   8  21   0   2   4  0.81 0.39
  222 E    -1   0   1   4  -5   2   4  -3   1  -5  -5   1  -4  -5  -3  -1  -2  -5  -4  -4    5   5   5  25   0   7  37   1   3   0   0   9   0   0   0   2   1   0   0   0  0.73 0.31
  223 A     1   4   0   3  -4   1   2  -3   0  -4  -4   1  -2  -4  -2   0  -1  -4  -2  -3   14  25   4  16   0   7  14   0   2   0   0   6   1   0   1   4   2   0   1   0  0.43 0.23
  224 F    -3  -4  -4  -5  -4  -4  -4  -5   0  -1   2  -4   1   5  -5  -3  -3  -1   7  -1    1   0   0   0   0   0   0   0   2   2  19   0   4  25   0   1   0   0  41   3  1.11 0.41
  225 V    -2  -4  -4  -5  -1  -3  -4  -5  -4   4   2  -4   5   2  -4  -3  -1  -3   0   3    2   0   0   0   1   0   0   0   0  24  20   0  17   9   0   1   2   0   2  20  0.58 0.26
  226 N    -1   3   1   0  -4   0   1  -2   5  -4  -3   0  -2  -1  -3   0   1  -1   2  -3    2  20   6   5   0   4   8   3  18   0   0   5   1   1   0   7  10   1   9   0  0.38 0.22
  227 D    -2   0   3   3  -2   1   4   0   0  -4  -4   0  -1  -5  -3  -1   1  -5  -4  -4    0   5  15  18   1   6  28   6   2   0   0   5   1   0   0   3  10   0   0   0  0.52 0.26
  228 F    -3  -5  -5  -5  -1  -5  -5  -5  -4   2   0  -5   0   6  -5  -3  -2   4   1   3    0   0   0   0   1   0   0   0   0  11   4   0   2  43   0   1   2   6   2  27  0.96 0.38
  229 L    -4  -4  -5  -6  -4  -3  -5  -6   0   0   6  -5   4   0  -1  -5  -3  -4  -3  -1    0   0   0   0   0   1   0   0   2   2  78   0   9   4   3   0   0   0   0   1  1.15 0.44
  230 F    -5  -6  -6  -7  -5  -6  -6  -6  -4  -3  -3  -6  -3   9  -7  -5  -5  -2   3  -4    0   0   0   0   0   0   0   0   0   0   0   0   0  94   0   0   0   0   6   0  2.57 0.69
  231 S     1  -3   0   6   1  -2  -1  -2  -3  -4  -4  -2  -4  -5  -3   2  -1  -5  -4  -4   16   0   3  58   3   0   0   0   0   0   0   0   0   0   0  19   2   0   0   0  0.92 0.29
  232 Y    -3  -3  -4  -4  -3  -3  -4  -4   0  -2  -1  -3  -1   6  -4  -3  -3   5   7  -2    0   0   0   0   0   0   0   0   0   0   0   0   0  43   0   0   0  10  47   0  1.23 0.19
  233 K    -1   3   0   0  -4   1   2  -2  -1  -3  -3   4  -2  -3  -1   0  -1  -3  -2  -3    0  21   0   0   0   0  22   0   0   0   0  56   0   0   0   0   0   0   0   0  0.51 0.03

                      K         Lambda
Standard Ungapped    0.1388     0.3191
Standard Gapped      0.0429     0.2670
PSI Ungapped         0.1401     0.3174
PSI Gapped           0.0429     0.2670
