
Last position-specific scoring matrix computed, weighted observed percentages rounded down, information per position, and relative weight of gapless real matches to pseudocounts
            A   R   N   D   C   Q   E   G   H   I   L   K   M   F   P   S   T   W   Y   V   A   R   N   D   C   Q   E   G   H   I   L   K   M   F   P   S   T   W   Y   V
    1 M    -2  -3  -3  -4  -2  -2  -3  -4  -3   0   1  -3   8  -1  -4  -3  -2  -3  -2   1    0   0   0   0   0   0   0   0   0   0   0   0  90   0   0   0   0   0   0  10  1.15 0.25
    2 I    -2   1   1  -2  -3  -1  -2  -3  -2   1   0   1   1   4  -3   0   0  -2   0  -1    0  12   8   0   0   0   0   0   0  11   6   9   6  32   0  11   5   0   0   0  0.23 0.12
    3 N    -1  -1   4   4  -3   1   0  -2  -1  -4  -4   0  -3  -4  -2   2   1  -4  -3  -3    0   0  26  30   0   8   0   0   0   0   0   5   0   0   0  22  10   0   0   0  0.57 0.17
    4 Y    -2  -2   1   4  -3  -1  -1  -2  -1  -1  -3  -2  -2   0   0   1   1  -2   3  -2    0   0   8  38   0   0   0   0   0   5   0   0   0   5   5  11  12   0  16   0  0.43 0.15
    5 V     1   0   0   0  -2   0   0  -2  -2  -1  -2   1  -1  -3  -2   2   1  -3  -2   2   14   4   5   6   0   4   4   0   0   0   0  12   0   0   0  18   6   0   0  26  0.15 0.09
    6 Y    -1   2   0  -1  -2   0   1  -3  -1   1   1   1   1  -1  -2   0   1  -2   1  -1    0  14   6   0   0   0   9   0   0  12  15  13   5   0   0  10  10   0   6   0  0.11 0.08
    7 G     1  -3  -3  -3  -2  -3  -3   1  -2  -1   1  -3  -1   5  -3   0   0  -1   0  -1   15   0   0   0   0   0   0  14   0   0  13   0   0  41   0  10   4   0   0   4  0.39 0.16
    8 E    -2  -2  -2   1  -5   3   6  -4  -2  -5  -4  -1  -3  -5  -3  -2   0  -4  -4  -4    0   0   0   5   0  11  79   0   0   0   0   0   0   0   0   0   5   0   0   0  1.26 0.34
    9 Q     0   1   1  -1  -3   4   1  -2  -1  -2  -3   3  -2  -4  -2   0   0  -4  -3  -3    8   4   7   0   0  29   7   0   0   3   0  30   0   0   0   4   7   0   0   0  0.48 0.19
   10 L     2   1  -2  -2  -2   0   1  -2   0   0   2   0   1  -2  -2   0   0  -3  -2   0   26   8   0   0   0   4   9   0   3   3  27   6   4   0   0   3   3   0   0   3  0.14 0.11
   11 Y    -4  -4  -4  -5  -4  -4  -4  -5  -1   0  -1  -4  -2   4  -5  -4  -4   0   8  -3    0   0   0   0   0   0   0   0   0   5   5   0   0  13   0   0   0   0  77   0  1.76 0.42
   12 Q    -2   2  -2  -2  -4   3   2  -3  -2  -1  -2   5  -2  -4  -3  -2  -2  -4  -3  -3    0  10   0   0   0  16  13   0   0   5   4  52   0   0   0   0   0   0   0   0  0.71 0.25
   13 E     1   0   1   2  -3   2   2   0   2  -3  -2   1  -2  -3  -2   0  -1  -3   0  -2   16   5   7  10   0  11  20   5   7   0   4   8   0   0   0   3   0   0   5   0  0.24 0.11
   14 F    -4  -5  -5  -6  -5  -5  -5  -5  -3  -2  -2  -5  -2   9  -6  -5  -4  -1   1  -3    0   0   0   0   0   0   0   0   0   0   0   0   0 100   0   0   0   0   0   0  2.26 0.48
   15 V    -2   0  -1  -3  -2  -2  -3  -4  -3   2   3   1   2  -1  -3  -2   1  -3  -2   1    0   4   5   0   0   0   0   0   0  16  45  13   4   0   0   0  10   0   0   5  0.33 0.16
   16 S     1   1   2  -1  -3   4   3  -2  -1  -3  -3   0  -2  -4  -2   1   0  -4  -3  -2   11   5  11   0   0  27  22   0   0   0   0   3   0   0   0  12   6   0   0   3  0.43 0.18
   17 F    -2  -4  -3  -4   3  -3  -4  -4   2   1   0  -4  -1   5  -4  -3   1  -2   0   3    0   0   0   0   8   0   0   0   8   3   4   0   0  32   0   0   9   0   0  36  0.59 0.24
   18 R     0   5  -2  -2  -4   3   1  -3   1  -4  -3   3  -2  -4  -3  -1  -1  -4  -3  -3    8  40   0   0   0  12   9   0   3   0   0  24   0   0   0   0   4   0   0   0  0.70 0.24
   19 D     1   2   1   1  -3   1   2  -2  -1  -1  -2   2  -2  -3  -2   0   0  -3  -1  -1   13  12   7   7   0   7  15   0   0   4   0  17   0   0   0   6   5   0   3   4  0.22 0.10
   20 L     0   2  -1   2  -3   1   4  -2  -2  -3  -2   1  -2  -4  -2   1   1  -4  -3  -3    9  11   0  11   0   3  37   0   0   0   4   5   0   0   0  13   8   0   0   0  0.42 0.18
   21 F    -2  -4  -5  -5  -4  -4  -5  -4  -4   0   2  -4   1   5  -5  -4  -3   9   0  -2    4   0   0   0   0   0   0   0   0   4  18   0   4  32   0   0   0  38   0   0  1.47 0.36
   22 L    -2   0  -3  -2  -3  -1   1  -4   1   2   3   0   1   0  -3  -1  -2  -3  -2   0    0   7   0   0   0   0  16   0   4  16  38   5   4   3   0   4   0   0   0   3  0.25 0.15
   23 K     1  -1   0   2  -3   1   2   0  -2  -3  -3   2  -2  -4  -2  -1   1  -4  -3  -1   13   0   3  14   0   7  19   6   0   0   0  21   0   0   0   0  11   0   0   6  0.30 0.15
   24 K     0   1  -1   0  -3  -1   1  -3  -2   1   2   1   0  -2  -3  -2  -2   2  -2  -1    8  10   3   7   0   0  14   0   0  13  30  12   0   0   0   0   0   3   0   0  0.17 0.14
   25 A     4  -3  -3  -4  -2  -3  -3  -2  -4   3   1  -3  -1  -2  -3  -1  -1  -4  -3   2   50   0   0   0   0   0   0   0   0  22  11   0   0   0   0   0   3   0   0  13  0.55 0.26
   26 V    -1  -1  -1  -1  -2   0  -1  -3   1   1   2  -1   2   1  -3  -1   1  -2   1   1    3   4   3   3   0   3   4   0   6   4  24   3   8   5   0   0  11   0   4  16  0.12 0.10
   27 A     2   0  -1   2  -3   0   2   0   2  -3  -3   0  -2  -3   1   1  -1  -3   1  -3   21   6   0  14   0   3  14   4   7   0   0   5   0   0   6  14   0   0   6   0  0.27 0.15
   28 R    -1   3   1  -2   2   0   0  -3   4   0   1  -1   0   0  -3  -1  -2  -3   0   0    3  20   7   0   7   3   6   0  18   4  15   0   2   4   0   2   0   0   3   6  0.23 0.15
   29 A     5  -3  -3  -3   1  -1  -1  -2  -3  -1  -2  -2  -2  -4  -3   1   0  -4  -3  -2   71   0   0   0   3   3   3   0   0   3   3   0   0   0   0  11   4   0   0   0  0.79 0.33
   30 Q     0  -2  -2  -3  -2   1   0  -3  -3   3  -1  -1  -1  -2   0   1   1  -4  -3   3    3   0   0   0   0   8   5   0   0  20   0   3   0   0   6  15   7   0   0  33  0.30 0.19
   31 H     0  -3  -3  -4   1  -3  -3  -4   4   0  -2  -3  -2   4  -4  -1  -3  -1   6  -1   11   0   0   0   3   0   0   0  14   6   0   0   0  20   0   3   0   0  40   3  0.90 0.32
   32 V    -1  -2   0  -2  -3  -1   0  -3   5   0  -2  -2  -2   0  -3   2   3   2   2  -1    3   0   4   0   0   0   6   0  20   6   3   0   0   3   0  19  22   3  10   4  0.36 0.21
   33 D    -2  -2   1   5  -4   2   4  -3  -2  -2  -4   0  -3  -5  -3   1  -1  -5  -4  -4    0   0   6  38   0   8  31   0   0   3   0   4   0   0   0   9   3   0   0   0  0.77 0.28
   34 A     0   0  -2  -1  -3   0  -1  -3  -2   1  -2   2  -2  -2  -3  -1   4  -3   1   1   10   3   0   3   0   3   3   0   0  12   0  18   0   0   0   0  34   0   6   9  0.29 0.20
   35 A     0   0   4   5  -3  -1   1  -2  -2  -2  -4   0  -3  -4  -3   1   0  -4  -3  -3    6   3  23  39   0   0   5   0   0   2   0   4   0   0   0  10   6   0   0   0  0.63 0.23
   36 S     1   0   0   0  -3  -1   2   2  -2  -3  -2   1  -2  -3   0   1   0  -3   0  -2   15   3   3   2   0   0  19  17   0   0   2   9   0   0   4  13   7   0   5   0  0.23 0.13
   37 D     0   0   2   3  -3   1   2  -1   1  -3  -2   0  -2  -1  -2   0   0  -3   1  -2    7   5  13  26   0   5  13   4   5   0   3   3   0   2   0   3   5   0   5   2  0.28 0.13
   38 G    -2  -3   2   1  -4  -2  -1   6  -3  -5  -5  -2  -4  -4  -3  -1  -2  -4   0  -4    0   0  11  10   0   0   4  65   0   0   0   0   0   0   0   4   0   0   4   0  1.00 0.30
   39 R     1   0   0   1  -3   1   3  -3   0   0  -1   0  -1   1  -2  -1  -1  -3  -2   0   14   4   4   6   0   7  30   0   2   8   6   3   0   8   0   0   3   0   0   5  0.19 0.14
   40 P     1   1  -1   1  -3   1   1  -1  -2  -1  -1   1  -1  -3   3  -1   0  -4  -3   0   12   6   0  10   0   6  10   4   0   4   7  14   0   0  16   0   5   0   0   6  0.21 0.10
   41 V    -1   0   0  -3   3  -2  -3  -3   3   0   0  -2  -1   3  -3   0  -2  -1   3   1    2   8   4   0   9   0   0   0   9   6   9   0   0  19   0   6   0   0  14  12  0.27 0.15
   42 R    -3   7  -2  -4  -5   2  -2  -4  -2  -5  -4   0  -3  -5  -4  -1  -3  -5  -4  -5    0  87   0   0   0   9   0   0   0   0   0   0   0   0   0   4   0   0   0   0  1.74 0.49
   43 P    -3   0  -3  -4  -5  -3  -3  -4   4  -1  -4  -3  -4   0   7  -3   0  -5  -3  -4    0   5   0   0   0   0   0   0  11   4   0   0   0   5  70   0   5   0   0   0  1.74 0.43
   44 V    -2  -4  -5  -5  -3  -4  -4  -5  -5   3   1  -4  -1  -2  -4  -4  -2  -4  -3   6    0   0   0   0   0   0   0   0   0  20  12   0   0   0   0   0   0   0   0  68  1.03 0.35
   45 V     3  -4  -4  -4   2  -3  -3   1  -4   1  -1  -3  -1  -3  -3  -2  -2  -4  -3   4   30   0   0   0   5   0   0  11   0   4   0   0   0   0   0   0   0   0   0  49  0.60 0.28
   46 V    -2  -4  -4  -4   2  -4  -4  -5  -4   4   2  -4   1   3  -4  -3  -2  -3  -1   3    0   0   0   0   5   0   0   0   0  29  16   0   4  13   0   0   0   0   0  34  0.59 0.23
   47 L    -2  -3  -3  -4   3  -3  -3  -4  -3   3   2  -3   1  -1  -3  -1   2  -3   0   3    0   0   0   0   7   0   0   0   0  26  18   0   4   0   0   3  16   0   4  23  0.40 0.19
   48 P     0  -1   4   1  -3   0   0  -2   1  -3  -4   1  -3  -3   2   2   0  -4   0  -3    6   0  26   6   0   3   3   0   4   0   0  13   0   0  11  17   6   0   4   0  0.38 0.19
   49 F    -1   0   0   4  -4  -1   1  -3  -2  -2  -3   1  -3   2   2   0   0  -3  -2  -3    3   5   3  32   0   0  11   0   0   3   0  10   0  12  11   3   6   0   0   0  0.39 0.20
   50 K    -1   1   1   2  -3   2   1   0   0  -3  -3   2  -2  -4   1   1  -1  -4  -3  -2    0   9   5  14   0  11  11   9   3   0   0  16   0   0   7  13   0   0   0   3  0.31 0.15
   51 E    -1   2   1   2  -4   1   3   0  -1  -4  -4   3  -3  -4  -2  -1  -1  -4  -1  -3    5  12   6  10   0   4  29   7   0   0   0  22   0   0   0   0   3   0   2   0  0.44 0.20
   52 T     1  -2  -2  -3   1  -2  -2  -3   2   1   1  -2   0   1  -3   0   1   2   1   1   15   0   0   0   3   0   0   0   6   6  21   0   0   7   0   5  14   3   6  13  0.17 0.13
   53 D     0   1  -1   3  -2   0   0  -2  -2   0   0   0  -1  -2   1   0   1  -3  -2  -1   10   8   0  23   0   3   5   0   0   9  14   3   0   0   6   9   8   0   0   3  0.15 0.12
   54 S     0   1  -1   1  -3   1   2  -2   2  -2  -3   1  -2  -2  -2   1   1  -3   1  -1    8   6   0   9   0   5  18   0   5   0   0  12   0   0   0  13  10   0   8   5  0.23 0.14
   55 I     0   0  -3  -4  -3  -1  -1  -3  -2   1   2  -1  -1   2  -4  -2  -2   7   2  -1   11   8   0   0   0   3   4   0   0   8  22   2   0  11   0   0   0  22   7   2  0.53 0.22
   56 Q     1   1  -1   0  -3   3   1  -1   1  -1   0   1  -1  -3  -2   0   1  -3  -2  -2   12   9   0   3   0  24   5   3   5   4  11   9   0   0   0   6   9   0   0   0  0.20 0.15
   57 A     2   0   1  -1  -2   2   2   0   1  -1   0  -1  -1  -3  -2   1   0  -3  -2  -2   20   4   6   0   0  13  17   7   5   5   9   0   0   0   0  11   3   0   0   0  0.18 0.14
   58 E    -1   2  -1   1   0   2   1  -3   1  -2   0   2  -1  -2  -2  -1  -2  -3   1  -2    5  12   0  10   3  13  10   0   4   0  15  20   0   0   0   0   0   0   7   0  0.25 0.17
   59 I    -1  -4  -4  -5   2  -4  -4  -5  -4   5   1  -4  -1  -1  -4  -3  -1   5   1   1    4   0   0   0   5   0   0   0   0  57  12   0   0   0   0   0   4  10   5   3  0.76 0.32
   60 D     1   0   0   3  -3   2   3  -2  -2  -3   0   1  -2  -3  -2   0  -1  -4  -3  -2   12   3   3  20   0  10  25   0   0   0  11  11   0   0   0   3   2   0   0   0  0.35 0.18
   61 K    -1   3  -1   1  -3   2   3  -1  -1  -1  -1   2  -2  -3  -2   0  -1  -4  -3  -2    3  20   0   6   0   9  24   3   0   3   7  15   0   0   0   6   2   0   0   0  0.33 0.17
   62 W    -4  -4  -5  -5  -4  -1  -1  -5  -4  -3  -1  -5  -3   3  -5  -5  -4  11   0   0    0   0   0   0   0   4   5   0   0   0   4   0   0  13   0   0   0  67   0   8  2.45 0.60
   63 T     1  -1   1  -1  -3   3   2  -2   2  -1  -3   2  -2  -3  -2  -1   1  -3   1  -1   14   0   6   0   0  18  15   0   6   3   0  21   0   0   0   0   9   0   6   3  0.30 0.19
   64 L     0   2   1   1  -3   1   2  -2  -1  -2  -1   3  -1  -3   0   1   0  -3  -2  -2    7  11   6   6   0   6  13   0   0   0  10  23   0   0   4   9   3   0   0   0  0.23 0.12
   65 M     1  -1  -3  -4  -3  -3  -3  -3  -2   0   1  -3   3   5  -3  -2  -2  -1   4  -1   14   4   0   0   0   0   0   0   0   4  16   0  11  30   0   0   0   0  19   0  0.52 0.24
   66 A     5   0   1  -3  -2   0  -2  -2  -3  -2  -3  -2  -2  -3  -2  -1  -1  -4  -3   1   66   7   7   0   0   3   0   0   0   0   0   0   0   0   0   0   3   0   0  11  0.66 0.31
   67 R    -1   1   1   4  -4   0   4  -3  -2  -4  -2   1  -3  -1  -2  -1  -1  -4  -3  -3    3   8   4  33   0   3  30   0   0   0   3   7   0   4   0   3   3   0   0   0  0.57 0.23
   68 E     0   0   1   0  -3   1   4  -3   1  -1   0   0   0  -3  -2   0   0  -4  -2  -1    8   3   6   3   0   5  37   0   3   3  11   6   2   0   0   3   5   0   0   3  0.28 0.16
   69 L    -2   0  -4  -4   2  -3  -1  -5   0   0   5  -2   1   0  -4  -3  -3  -3  -2  -1    3   6   0   0   4   0   5   0   3   3  68   2   2   3   0   0   0   0   0   0  0.62 0.28
   70 E    -2   2   1   0   2   0   3  -3   3  -1  -1   1  -2  -3  -3   0   0  -4  -2  -1    0  15   6   3   6   0  24   0   9   3   6   8   0   0   0   8   6   0   0   6  0.24 0.15
   71 Q     0   2   1   1  -3   2   2  -1  -1  -3  -1   2  -2  -3  -2   0  -1  -4  -3  -3    6  10   9   6   0  14  18   3   0   0   9  18   0   0   0   6   3   0   0   0  0.29 0.15
   72 Y     1   1  -1  -1  -2   0   0   0   1   0  -1   1   0   1  -2   0  -1  -2   2  -1   22   9   2   2   0   3   5   7   3   6   3   9   3   6   0   6   0   0  10   3  0.08 0.09
   73 P     2   0  -1   3  -3  -1   0  -1  -3  -2  -3   1  -3  -4   3   0  -2  -4  -3  -3   27   5   0  24   0   0   3   3   0   3   0  11   0   0  19   4   0   0   0   0  0.49 0.22
   74 D    -2  -2  -2   2  -4   2   1  -1  -2  -2  -2  -2  -3  -4   5   1   0  -4   0  -3    0   0   0  14   0  12   8   5   0   3   3   0   0   0  35  10   5   0   3   0  0.66 0.25
   75 L    -1  -1  -1   0  -2   0  -2  -1  -2   1   2   0   1   0  -3  -1  -1  -2   1   1    3   3   3   7   0   4   0   3   0  13  27  10   3   3   0   3   3   0   7   9  0.08 0.09
   76 N     2   3   0  -2  -3  -1  -2   2   3  -3  -3  -1  -2   1   1   0  -2  -3   1  -3   23  20   5   0   0   0   0  14  12   0   0   0   0   7   6   6   0   0   6   0  0.33 0.20
   77 I    -1  -3  -1  -1  -3  -3  -3  -4  -3   3   0  -1  -1   5  -1  -2   0  -2   2   1    3   0   3   4   0   0   0   0   0  30   3   3   0  30   3   0   6   0   8   6  0.43 0.22
   78 P     1  -3   0  -3  -3  -2  -2  -1   0  -3  -2  -1  -3  -4   6   1   0  -5  -4  -1   11   0   6   0   0   0   0   3   3   0   3   3   0   0  48  12   6   0   0   4  0.95 0.30
   79 K     1   0   0   0  -3  -1   1  -2  -2  -1  -2   3  -2  -3   2   1   1  -4  -3   0   11   3   3   4   0   0  10   0   0   3   0  24   0   0   9  15   7   0   0  11  0.24 0.15
   80 T     0   1   1  -2  -3   0   0  -2  -2  -1  -3   1  -2  -4  -1   4   1  -4  -3  -1    5  10   8   0   0   3   3   0   0   3   0   9   0   0   3  44  10   0   0   3  0.41 0.23
   81 I    -1  -3  -1  -3   2   0  -1  -4  -3   3   3  -2   2  -1  -3  -1   0  -3  -2   1    3   0   3   0   6   7   3   0   0  22  35   0   6   0   0   5   6   0   0   4  0.30 0.17
   82 L    -3  -3  -3  -2  -4  -3  -3  -4  -2   1   0  -1   0   5  -4  -1  -3   3   6  -2    0   0   0   3   0   0   0   0   0  10   8   3   3  32   0   6   0   3  31   0  0.80 0.30
   83 Y    -1  -2   2  -2  -3  -2   0  -3   0  -1   2   0  -1   3  -3   1   0  -2   3  -2    3   0  12   0   0   0   5   0   3   0  26   6   0  13   0  12   6   0  13   0  0.22 0.17
   84 P    -3   1  -4  -4  -5  -3  -3  -4  -4  -5  -5   0  -5  -6   8  -1  -3  -6  -5  -5    0  10   0   0   0   0   0   0   0   0   0   6   0   0  81   3   0   0   0   0  2.18 0.53
   85 V     1  -2  -3  -2  -2  -1   2  -2  -2   1   0   0   0   0  -1  -2  -1  -3   0   3   12   0   0   0   0   0  17   3   0   9   8   6   3   3   3   0   3   0   3  31  0.17 0.15
   86 P    -1  -4  -4  -4  -5  -3  -3  -4  -4  -5  -5  -3  -4  -5   8  -3  -1  -6  -5  -4    4   0   0   0   0   0   0   0   0   0   0   0   0   0  90   0   4   0   0   0  2.52 0.56
   87 N    -1   0   1  -2  -3   1   0  -3  -2  -1   1   1   0   1  -3  -1   2  -3   0   0    3   3   8   0   0   6   6   0   0   0  20  14   2   6   0   0  20   0   3  10  0.14 0.14
   88 I    -2  -4  -4  -4  -3  -3  -2  -5  -4   4   3  -3   3   0  -4  -3  -2  -3   0   2    0   0   0   0   0   0   3   0   0  34  30   0  11   3   0   0   0   0   3  16  0.62 0.24
   89 L    -1   0  -4  -4  -3  -3  -4  -5  -4   5   2  -3   1   1  -4  -3  -2  -3   0   2    3   6   0   0   0   0   0   0   0  49  16   0   3   5   0   0   0   0   3  15  0.60 0.25
   90 R    -1   1  -1   1  -3  -1   2  -3   0  -1  -3   1  -2  -2  -2   1   3  -3   1  -1    0  10   0   9   0   0  16   0   3   5   0   9   0   0   0  11  26   0   6   5  0.28 0.18
   91 G    -2  -2   5   3  -4   0   0   3  -2  -4  -5  -1  -4  -4  -3   0  -2  -5  -4  -2    0   0  38  19   0   3   5  24   0   0   0   3   0   0   0   6   0   0   0   3  0.73 0.28
   92 V     2  -3  -4  -4  -2  -3  -3  -1  -4   0  -1  -1   0  -1   2  -2   0  -4  -3   5   18   0   0   0   0   0   0   3   0   0   0   3   3   3   9   0   6   0   0  55  0.54 0.28
   93 R     0   3   1   1  -3   0   0  -2  -1   0  -2   1  -2  -1  -2   1   1  -3   0  -1    9  25   6  10   0   3   3   0   0   8   0   8   0   3   0   9   8   0   3   4  0.20 0.13
   94 K     1   3   0  -2  -3   1   0  -1   0  -2  -2   3  -2  -1  -2   2   0  -3  -2  -2   11  19   4   0   0   6   3   3   2   3   3  21   0   3   0  19   4   0   0   0  0.28 0.16
   95 V     1  -4  -4  -4   4  -3  -4  -4  -4   1   0  -3   1   2  -4  -1  -2  -3  -2   4   13   0   0   0  13   0   0   0   0   7   5   0   3  10   0   4   0   0   0  45  0.54 0.26
   96 T     0   3   2  -2  -3  -1   0  -1   0   0  -3   1  -2  -3  -3   1   3  -4  -3  -2    5  22  10   0   0   0   6   3   3   9   0   8   0   0   0   8  27   0   0   0  0.32 0.20
   97 T    -2  -4  -4  -4   2  -4  -4  -5  -4   4   2  -4   1  -1  -4  -3   0  -3   1   3    0   0   0   0   5   0   0   0   0  38  15   0   3   0   0   0   5   0   6  27  0.62 0.25
   98 Y    -1  -1   0  -3  -3  -2  -3  -1  -1   1  -2  -2  -2   2  -3   1   2   2   5  -1    3   3   5   0   0   0   0   4   0   9   0   0   0   8   0  12  14   3  34   4  0.47 0.25
   99 Q     0   1   0  -2  -3   1   2  -3   1   1  -2   0   0  -1  -3  -1   1  -3   2   1    5   8   3   0   0   5  20   0   5  10   0   3   2   2   0   0  13   0   8  16  0.17 0.15
  100 T    -1   1   3   0  -3   1  -2  -1  -1  -2   0  -1  -2   2  -3   0   2  -3   1  -1    3   8  25   3   0   7   0   3   0   0   8   0   0  12   0   6  18   0   5   3  0.24 0.18
  101 E    -1   1   2   1  -3   0   2  -2  -2  -4  -4   2  -3  -4   4   1   1  -4  -3  -3    3   8  10   6   0   3  14   0   0   0   0  12   0   0  19  15   9   0   0   0  0.45 0.18
  102 A     6  -3  -3  -4  -2  -3  -3  -1  -4  -3  -4  -3  -3  -4  -3   1   0  -5  -4  -2   85   0   0   0   0   0   0   3   0   0   0   0   0   0   0   9   4   0   0   0  1.20 0.45
  103 V     2  -3  -2  -3  -2  -3  -3  -3  -4   1  -2  -3  -2  -3  -3   1   5  -4  -3   3   18   0   0   0   0   0   0   0   0   9   0   0   0   0   0   6  44   0   0  23  0.61 0.30
  104 N     1  -2   3   0  -3  -2  -1  -2  -2  -3  -4  -2  -3  -4  -1   4   4  -4  -3  -3    9   0  17   2   0   0   2   0   0   0   0   0   0   0   2  39  28   0   0   0  0.66 0.31
  105 S    -1  -2  -2  -1  -3   2  -2  -3  -3  -2  -3  -2  -2  -4  -3   4   4  -4  -3   1    0   0   0   3   0  10   0   0   0   0   0   0   0   0   0  45  28   0   0  14  0.67 0.34
  106 V    -1   4  -2  -2   0   3  -1  -1  -2  -1  -2   2   0  -1  -3   0   1  -3  -2   0    2  29   0   0   2  16   0   5   0   3   2  11   3   3   0   5  10   0   0   9  0.30 0.19
  107 N    -2   0   4  -2  -3  -1  -2  -1  -2   0  -1   3  -2  -4   0  -1   3  -4  -3  -1    0   3  27   0   0   0   0   3   0   6   6  23   0   0   3   0  27   0   0   3  0.44 0.26
  108 M    -1   0  -3  -4  -3  -1  -3  -4   3   3   1  -1   3   1  -4  -3  -2   4   0   2    3   6   0   0   0   3   0   0  10  23  10   2  11   6   0   0   0   6   3  16  0.32 0.18
  109 T    -1  -1   0  -1  -3  -2  -1  -3   0  -3  -2   0  -3  -4   3  -1   5  -4  -3  -1    2   3   3   3   0   0   3   0   3   0   3   7   0   0  14   0  58   0   0   2  0.73 0.34
  110 A     1   5  -2  -3  -4  -1  -2   2  -2  -3  -3   3  -3  -4  -3  -1   0  -4  -3  -1   14  40   0   0   0   0   0  16   0   0   0  18   0   0   0   0   6   0   0   6  0.59 0.27
  111 G     1   1  -1   1  -4   1   5   0   1  -4  -2   1  -3  -4  -3   0  -2  -4  -3  -3   11   6   0   6   0   3  46   9   3   0   3   7   0   0   0   6   0   0   0   0  0.53 0.25
  112 R     0   2   0   2  -3   3   1  -2  -2  -2  -2   2  -2  -4  -2   1  -1  -4  -3  -3    9  14   3  17   0  17   8   0   0   3   3  14   0   0   0  11   0   0   0   0  0.36 0.18
  113 I    -1  -2  -5  -5  -3  -4  -4  -5  -4   5   3  -4   1  -2  -4  -3  -2  -4  -3   2    4   3   0   0   0   0   0   0   0  52  26   0   3   0   0   0   0   0   0  12  0.79 0.30
  114 I     0  -4  -4  -5  -2  -3  -4  -4  -4   4   4  -4   0   0  -4  -3  -1  -3  -2   1   10   0   0   0   0   0   0   0   0  31  47   0   0   2   0   0   3   0   0   6  0.64 0.26
  115 H    -1   2   0   0  -4   0   1   0   2  -3  -2   4   0  -4  -3   0  -1  -4  -3  -3    2  11   5   6   0   2   6   8   5   0   3  40   3   0   0   5   3   0   0   0  0.40 0.20
  116 L    -1   5  -2   0  -4   0  -2  -3  -2  -2   0   2   3  -3  -3   0  -2  -4  -3  -1    3  44   0   5   0   4   0   0   0   0   9  14  12   0   0   6   0   0   0   3  0.60 0.28
  117 I    -3  -4  -4  -5  -3  -3  -4  -5  -2   3   3  -4   4   0  -4  -4  -3  -2   5   0    0   0   0   0   0   0   0   0   0  25  33   0  12   0   0   0   0   0  27   4  0.79 0.31
  118 D    -2   1   2   4  -4   2   3  -3   0  -4  -2   2  -3  -4  -3  -1  -1  -4  -3  -3    0   7  11  25   0  11  21   0   3   0   6  12   0   0   0   0   4   0   0   0  0.51 0.22
  119 K     1   2   1  -1  -3   0  -1   0  -2   0  -2   3  -2  -1  -2   0   0  -3  -1   0   12  14   7   3   0   3   0   6   0   6   0  28   0   3   0   5   5   0   2   6  0.20 0.14
  120 D     1   1  -1   0  -3   3   1  -1  -1  -1  -1   2   0  -3  -2   0   0  -3   0  -2   17   9   0   5   0  16  11   3   0   4   6  14   3   0   0   3   5   0   3   0  0.19 0.13
  121 I    -2  -4  -5  -5  -3  -4  -4  -5  -4   5   4  -4   2  -1  -4  -4  -2  -3   0   1    3   0   0   0   0   0   0   0   0  44  40   0   6   0   0   0   0   0   3   4  0.82 0.31
  122 R    -2   5   1  -2  -4   1   2  -2  -2  -4  -4   3  -3  -4  -3  -1  -2  -4  -3  -4    0  42   7   0   0   3  15   3   0   0   0  26   0   0   0   3   0   0   0   0  0.76 0.28
  123 I     1   1  -1  -1  -2  -1  -1  -2   0   1   1   3  -1  -2  -2   0   0  -3   0  -1   13   9   0   4   0   0   1   1   3  12  14  28   0   0   0   8   3   0   3   1  0.16 0.13
  124 Q     2   0  -2  -1  -2   2   0  -1   0  -1   1   0  -1  -1  -2   1  -1  -3   0   0   26   3   0   3   0  12   4   3   3   3  16   5   0   3   0  10   0   0   2   7  0.11 0.12
  125 K     0   3   1   0  -4   0   1  -3  -2  -3  -1   3   1  -3   0  -1  -2  -4  -3  -3   11  24   5   6   0   0  10   0   0   0   6  27   5   0   3   3   0   0   0   0  0.38 0.20
  126 S     0   3   1   0  -3   1   0  -2  -2  -2  -3   2  -2   0  -2   2   1  -3  -2  -3    5  21   5   6   0   6   3   0   0   2   0  19   0   6   0  17   9   0   0   0  0.32 0.18
  127 A     1   0   1  -1  -2  -1   0   1   2  -1  -1   1  -1  -2   0   1   0  -3   0   0   17   6   8   0   0   0   7   9   7   3   4  12   0   0   3  11   3   0   4   8  0.10 0.08
  128 G     0   0   0   1  -2   0   0   1   1  -1  -1   1  -1  -2   3   0  -1  -3   0  -1    9   4   3   9   0   4   7  12   6   3   6   9   0   0  14   7   0   0   3   3  0.16 0.07
  129 I     0   0  -1   1  -2  -1   0  -2   0   1   0  -1   0  -1   0   0   1  -2   0   1    4   4   1   9   0   1   4   1   4  11  11   4   0   1   4  10  12   0   3  16  0.06 0.06
  130 N     0  -1   2   0  -2  -1  -1  -2  -1   0  -1   1  -1   1   2   1   1  -2   0  -1    7   1  11   3   0   1   1   1   0   6   4  10   0  10  11  15  12   0   4   4  0.14 0.10
  131 E     0  -1  -1   0  -2   2   3  -2  -1  -2   0  -1  -1  -1   2   1   0  -2  -2  -1    4   1   1   4   0  10  31   1   0   1   9   1   0   4   9  14   4   0   1   4  0.26 0.14
  132 H     0   1   1   0  -3   2   1  -1   5  -3  -2   0  -2   1  -3   0  -2  -2   1  -3   11   6   5   3   0  11  12   4  19   0   3   3   0  10   0   6   0   0   6   0  0.26 0.15
  133 S     1  -2   1   2   1   0   1  -2  -2   0   0  -1   0  -3   0   1   0  -3  -2   0   18   0   8  15   3   3  10   0   0   5   9   3   3   0   3  11   5   0   0   5  0.13 0.10
  134 A     2   0   1  -1  -2   0   2   0   1   0   0  -1  -1  -2  -2   0   0  -3  -2   0   21   4   8   1   0   3  17   7   4   3  10   1   0   0   1   4   6   0   0  10  0.10 0.09
  135 K     1   0   0   0  -2   0   1   1   0  -2  -2   1  -2  -3   2   1   0  -3  -2  -2   18   3   4   4   0   4  11  10   3   1   4   9   0   1   9  11   7   0   0   1  0.17 0.08
  136 Y     1   0  -2   1  -2   0   0  -2   0   0   2  -1   0   1  -2  -1  -1  -2   2   0   14   4   0   9   0   3   4   1   3   1  25   4   0   9   1   3   1   0   8   9  0.08 0.09
  137 I    -2  -3  -4  -4   3  -1  -3  -4  -3   5   2  -1   1  -1  -3  -3  -2  -3   0   1    1   0   0   0   8   3   0   0   0  44  25   4   3   0   0   0   0   0   3   6  0.54 0.23
  138 E     0   1   2   2  -3   0   3  -2  -1  -3  -1   1   0  -3   0  -1   0  -3  -3  -2    9   6  14  12   0   0  27   0   0   0   7  11   3   0   3   0   5   0   0   0  0.31 0.16
  139 N     0   2   2   2  -3   3   1   0  -1  -3  -2   0  -2  -3   0   0   0  -3  -1  -2    8  12  11  13   0  18   9   7   0   1   4   1   0   0   3   6   3   0   3   1  0.23 0.12
  140 L    -3  -4  -5  -5  -3  -4  -4  -2  -4   4   5  -4   1  -1  -4  -4  -1  -3   0   0    0   0   0   0   0   0   0   4   0  26  62   0   2   0   0   0   3   0   3   0  0.81 0.32
  141 E    -1   2   1  -1  -4   3   3  -3   2  -3  -1   3  -2  -4  -3  -1   0  -4  -3  -2    2   9   7   0   0  12  28   0   6   0   5  22   0   0   0   0   5   0   0   3  0.45 0.22
  142 A     1   3   1   1  -3   1   2  -2   0  -3  -3   1  -2  -4  -2   0  -2  -4  -3   0   19  20   6   8   0   5  20   0   3   0   0   9   0   0   0   3   0   0   0   7  0.34 0.18
  143 T    -2  -2   0   4  -4   2   5  -3  -2  -4  -4  -1  -3  -4  -3   0   0  -4  -3  -4    0   0   3  23   0  10  48   0   0   0   0   0   0   0   0   7   6   0   0   0  0.83 0.30
  144 K    -1   2  -3  -3  -3   0  -2  -3  -3   3   2   1   2  -2  -3  -2  -2  -3  -2   0    3  16   0   0   0   5   0   0   0  21  30  11   7   0   0   0   0   0   0   4  0.32 0.18
  145 E     0   0  -1   1  -4   0   4  -3  -2  -2  -2   3  -2  -4  -2  -1  -1  -4  -3  -1    6   4   0   7   0   0  44   0   0   3   3  22   0   0   0   3   3   0   0   3  0.53 0.24
  146 L    -1   1  -1  -2  -2   0  -1  -3  -1   1   1  -1   0   2  -3  -1   1   3   3   0    6   9   4   0   0   4   4   0   0  11  11   0   3  10   0   0  11   5  16   6  0.18 0.12
  147 M    -4  -4  -5  -5  -4  -4  -5  -5  -3   2   1  -5   4   7  -5  -4  -3  -2   2  -2    0   0   0   0   0   0   0   0   0  13   9   0  12  62   0   0   0   0   4   0  1.30 0.41
  148 K     0  -1   1   1  -3   1   4   0  -1  -2  -2   1   0  -3  -2   1   0  -3  -2  -2    5   0   6   4   0   3  34   6   0   3   3   9   4   0   0  13   6   0   0   1  0.29 0.16
  149 Q     2   1   2   1  -3   1   1   0   0  -3  -3   0  -2  -4  -2   2   0  -4  -3  -2   25   9  12   6   0   8   6   5   2   0   0   5   0   0   0  15   6   0   0   0  0.28 0.15
  150 Y    -1   0   0  -1  -2   0   2  -1  -1  -1   1   0   1   0  -2  -1  -2  -1   4  -1    6   4   4   1   0   4  19   4   0   1  22   4   6   1   1   1   1   0  21   1  0.21 0.14
  151 P    -1  -2   2   3  -4  -2  -2  -1  -3  -4  -4  -2  -4  -5   7  -1  -2  -5  -4  -4    5   2   9  20   0   0   0   3   0   0   0   0   0   0  55   3   0   0   0   0  1.32 0.37
  152 E     1  -2   0   1  -3  -1   4   0  -2  -3  -2  -1  -3  -4   3   1  -2  -4  -3  -3   14   0   3   7   0   0  35   6   0   0   4   0   0   0  19   9   0   0   0   0  0.50 0.21
  153 D    -1  -2   0   4  -4  -1   3   4   0  -4  -4   0  -4  -4  -3  -1  -1  -4  -4  -4    3   0   3  28   0   0  21  32   3   0   0   5   0   0   0   0   3   0   0   0  0.66 0.25
  154 E     1   0  -2  -1  -3   0   3  -3   1  -2  -2   2  -2  -4  -2   0   3  -4  -3   0   10   2   0   0   0   3  28   0   5   0   3  13   0   0   0   2  28   0   0   6  0.40 0.23
  155 K    -1   1  -2  -2  -3   1   0  -3   3   1   0   3   3   0  -3  -2  -1  -3   0   0    3   5   0   0   0   6   6   0   8   8  10  28  11   3   0   0   3   0   3   6  0.22 0.16
  156 F    -4  -4  -5  -5  -4  -4  -5  -5  -2  -2   1  -4   1   6  -5  -4  -4  -1   6  -3    0   0   0   0   0   0   0   0   0   0  14   0   3  44   0   0   0   0  38   0  1.43 0.43
  157 R    -3   7  -3  -4  -5  -1  -2  -4  -2  -1  -2   2  -3  -4  -4  -3  -3  -4   0  -2    0  80   0   0   0   0   0   0   0   4   3   7   0   0   0   0   0   0   3   3  1.45 0.47
  158 M     0   2  -3  -4   3  -2  -3  -4  -1   2   2  -1   2  -2  -3  -2  -1  -3  -2   1    6  16   0   0   9   0   0   0   2  11  30   3   8   0   0   0   3   0   0  12  0.30 0.18
  159 R    -4   8  -3  -4  -6  -1  -3  -5  -3  -6  -5   0  -4  -5  -5  -3  -4  -5  -4  -5    0 100   0   0   0   0   0   0   0   0   0   0   0   0   0   0   0   0   0   0  2.26 0.62
  160 V     1   3   1  -2  -3   0  -1  -1   0  -2  -2   1   0  -3  -2   1   1  -3   0   0   12  23   6   0   0   3   0   3   2   0   3   9   3   0   0  16  10   0   3   8  0.22 0.15
  161 H    -1  -2  -1   1  -3   0   2   1   2  -1  -3   0  -2   0   0   2   2  -3  -2  -2    0   0   0   9   0   3  15   9   5   4   0   6   0   6   3  21  19   0   0   0  0.25 0.17
  162 G     0  -3   2  -2   0  -2   0   5  -3  -5  -5  -2  -4  -5   0   1  -2  -4  -4  -4    8   0  11   0   3   0   7  60   0   0   0   0   0   0   4   8   0   0   0   0  0.92 0.31
  163 F    -3  -3  -3  -4  -4  -3  -4  -1   4  -3  -3  -2  -3   4  -5  -1  -1  -1   7  -3    0   0   0   0   0   0   0   6  10   0   0   3   0  19   0   6   4   0  54   0  1.22 0.41
  164 S    -1   1   2   0  -3   0  -1  -2  -2  -1  -2   1   0  -1   0   1   3  -3   0  -2    0   6  12   3   0   2   3   0   0   3   0  12   3   3   3  13  32   0   3   0  0.30 0.19
  165 E    -3  -3  -1   7  -5  -1   4  -3  -2  -5  -5  -2  -4  -5  -3  -2  -3  -5  -4  -4    0   0   0  66   0   0  29   0   0   0   1   0   0   0   0   0   0   0   0   0  1.43 0.42
  166 T     0  -3  -3  -3  -2  -2  -3  -3  -3   2   1  -2   2  -2  -3  -1   3  -3  -2   3    6   0   0   0   0   0   1   1   0   9  12   1   5   0   0   1  28   0   0  34  0.42 0.21
  167 M    -2   0  -3  -3  -2   1  -2  -3  -2   4   0  -1   2   0  -3  -2  -1  -3  -2   2    1   7   1   1   0   8   1   1   0  39   4   4   8   3   1   1   1   0   0  18  0.35 0.17
  168 L     2  -3  -3  -3   4  -2  -3  -3  -3   1   2  -2   1  -2  -3  -1  -1  -3  -2   2   22   0   0   1  14   0   1   1   0   7  25   1   3   0   0   4   1   0   0  20  0.34 0.17
  169 R    -1   2   3   1   1   1   0  -2   2   0  -1   1   0  -2  -2  -1   1  -3  -2  -1    1  12  20   8   3   6   3   1   6   8   8   7   3   1   1   1  10   0   0   1  0.16 0.10
  170 V     0  -2  -2  -2   2  -1  -2  -2  -2   3   2  -2   0  -1  -2  -1   0  -2   0   2    9   1   1   1   7   4   1   1   0  21  24   1   0   1   1   1   5   0   3  15  0.19 0.10
  171 H     0   3   0  -2  -2  -1  -1  -2   4  -2  -2   0  -2  -1  -2  -1   2  -2   2  -1   10  22   5   1   0   1   1   2  15   1   2   4   1   1   1   2  15   0  11   4  0.29 0.14
  172 Y    -1  -2  -1  -3   1  -2  -2  -3   1   0  -1  -2  -1   4  -3  -1   0   2   5  -1    4   1   4   1   4   1   1   1   4   5   4   1   0  24   1   4   7   3  27   4  0.45 0.18
  173 I     0   0  -1  -1   1   0   2  -1  -1   1  -1   0  -1  -1  -1   1   1  -2   0   0    7   5   1   1   4   3  18   2   1  12   6   7   1   1   1  11  10   0   4   4  0.07 0.06
  174 S     0   0   0   1  -1   0   0   2  -1  -2  -1  -1  -1  -1   0   1   0  -1   0  -1    9   5   2  11   1   5   2  20   1   2   6   2   1   1   5  14   5   1   4   3  0.12 0.05
  175 S     0  -1   0   1  -1   0   0   1  -1  -1  -1  -1  -1  -1   1   1   1  -1   0  -1    6   2   2  10   1   4   5  15   1   2   6   2   1   2   6  18   8   1   5   4  0.10 0.04
  176 S     0  -1   1   0  -1   0   1   0   2  -1  -1   0  -1  -1  -1   1   2  -1  -1  -1    8   2   7   5   1   5   9   6   6   5   4   5   1   2   2   9  20   1   1   3  0.10 0.05
  177 P     0  -1   1   0  -1   0   0   0  -1  -1  -1   0  -1  -1   2   0   0  -1   0  -1   10   2  11   5   1   5   5   8   1   2   8   5   1   1  11   5   8   0   4   5  0.10 0.03
  178 N     0   0   0   2   0   0   0   0  -1  -1  -1   0  -1  -1   3   0   0  -1   0  -1    6   5   6  14   3   2   5   9   1   2   9   5   1   1  14   3   4   0   4   6  0.11 0.04
  179 Y     0  -1   0   1  -2   0   2   0   2  -1  -1  -1   2  -1   0   0   0  -2   0  -1    5   1   4  11   1   1  16   8   6   4   3   2  10   1   4   8   4   0   5   5  0.09 0.07
  180 N     0   0   0   0  -2   0   1  -1   1   0   0   1   0  -2  -1   0   0  -2  -1  -1   10   5   5   7   0   4   7   4   6  10   7  10   4   1   1   8   7   0   1   1  0.05 0.04
  181 D    -2   0   2   4  -3  -1   2   0   1  -3  -3  -1  -3  -3  -2   1   1  -3   0  -3    1   6  11  27   0   0  19   6   3   0   1   0   0   0   0  10  10   0   3   0  0.42 0.19
  182 G    -1   1   1   0  -3  -1   1   3  -2  -2   0   0  -1  -2   0   0   0  -3  -2  -1    1  12   8   4   0   0  12  25   0   1  14   4   0   0   4   6   5   0   0   4  0.18 0.11
  183 K    -1   1   1   1  -3   1   2  -1  -1  -2  -2   1  -1  -3   1   1   0  -3  -2  -1    3  10   5   9   0   6  20   3   0   0   1  10   2   0   7   9   7   0   0   7  0.22 0.11
  184 S     0   1   1  -1  -2   1   0  -2  -2  -1  -1   1   0  -2   2   1   1  -3  -2   0    7   6   7   0   0   6   6   1   0   3   6   9   2   0  11  16   9   0   0  10  0.15 0.09
  185 V     0   0   0  -1  -2   0   1  -1   0   1  -1   0   1  -2  -2  -1   1  -3  -2   2    4   4   3   3   0   3  14   4   3  11   1   7   4   0   0   3   8   0   0  27  0.12 0.12
  186 S    -1   3   2  -2  -3   1  -1  -2  -2  -2  -1   3   1  -3   0   1   0  -3  -3  -1    4  24  12   0   0   6   0   0   0   0   4  21   5   0   3  10   6   0   0   3  0.33 0.19
  187 Y    -1  -2  -2  -2  -2   0   0  -3   1   2   0  -2  -1   2  -3  -2   0  -1   4   2    6   1   1   1   0   6   6   1   4  15   4   1   0   8   1   1   4   0  21  20  0.27 0.16
  188 H    -3   6   0  -3  -4   1  -2   0   5  -4  -2   1  -3  -4  -4  -2  -3  -4  -2  -2    0  52   3   0   0   6   0  10  15   0   3   6   0   0   0   0   0   0   0   4  0.87 0.35
  189 V     0  -4  -4  -4   2  -3  -4  -2  -4   2   1  -3  -1  -2  -4  -3  -2  -3   1   5    8   0   0   0   5   0   0   4   0   8  12   0   0   0   0   0   0   0   5  56  0.61 0.29
  190 L    -1  -2   2  -2  -3  -2  -2   3   2  -3  -1  -1  -2  -3   3   2   2  -4  -3  -3    0   0  12   0   0   0   0  23   6   0   8   3   0   0  14  17  14   0   0   0  0.40 0.21
  191 L     2   0  -1  -1  -2  -1   0   0   1  -2  -1   0   0   0  -2   2   0  -2   0  -2   25   6   0   3   0   0   6   6   3   0   8   7   2   6   0  17   5   0   3   0  0.13 0.11
  192 C     0   0   1  -1   2  -1  -2   1   6  -2  -2  -2  -2  -2  -3   1   0  -3   0  -1    7   7   6   4   6   0   0  10  28   0   3   0   0   0   0  14   4   0   3   7  0.36 0.20
  193 G    -2  -2  -2  -3  -4  -4  -4   7  -4  -5  -5  -3  -4  -1  -4  -1  -3  -4  -4  -5    0   2   0   0   0   0   0  89   0   0   0   0   0   3   0   3   0   0   0   0  1.73 0.49
  194 V     1  -1  -4  -4   2  -3  -4  -4  -4   2   2  -3   3   0  -4  -2  -2  -3  -2   3   14   3   0   0   5   0   0   0   0   9  26   0   8   3   0   0   0   0   0  31  0.44 0.23
  195 F    -1  -4  -4  -5  -3  -4  -4  -4   1   1   2  -4   0   6  -5  -3  -3   2   2   0    6   0   0   0   0   0   0   0   3   9  18   0   2  47   0   0   0   3   6   5  0.82 0.31
  196 I    -2  -4  -5  -5  -3  -4  -5  -5   0   5   1  -4  -1   4  -5  -4  -3  -3  -1   2    3   0   0   0   0   0   0   0   3  53  12   0   0  20   0   0   0   0   0   9  0.86 0.34
  197 C    -1   2  -2   3   5  -2  -2  -3  -2  -1  -1  -1  -2   1  -1  -1   0  -2   3   0    3  14   0  19  15   0   0   0   0   4   3   3   0   8   3   3   6   0  14   6  0.29 0.20
  198 D     0   0   1   2  -3   0   1   2   2  -4  -3  -1  -3  -4   2   1  -1  -4  -3  -3    8   4   8  13   0   3  10  20   8   0   2   0   0   0   9  15   0   0   0   0  0.34 0.17
  199 E     0   3   0  -1  -3   2   1  -1   1  -2  -3   2  -2  -4   1   1  -1   1  -2  -3    6  22   3   2   0   8  12   3   4   3   0  17   0   0   6   9   3   3   0   0  0.32 0.17
  200 T    -1   1   2   2  -3   0   1  -2   3  -2  -3   1  -2  -3  -2   1   2   1  -2  -1    2   6  14  11   0   3   6   0   9   2   0   9   0   0   0  11  20   2   0   3  0.30 0.18
  201 L     0  -2  -1  -1   2  -2  -2   1  -3   0   2  -1   1  -2   0  -1   0  -3  -2   0    6   0   3   4   6   0   0  12   0   3  34   3   5   0   6   3   6   0   0   6  0.15 0.12
  202 R    -2   2   1   2  -4   0   0   0   1  -4  -4   3  -3  -4   2   1   0  -4  -3  -3    0  16   8  12   0   3   3   5   3   0   0  24   0   0   9   9   6   0   0   0  0.38 0.18
  203 D    -2   0  -1   3   0   0   2  -1  -2   0   1   0  -1  -2  -2  -1   0  -3   1   1    0   5   0  20   3   2  16   3   0   6  14   4   0   0   0   4   5   0   6  12  0.14 0.12
  204 G    -1  -1   2   3  -3   2   1   2   3  -4  -4   1  -3  -3   0   1  -2  -3   0  -3    3   0   9  17   0   9   9  15  12   0   0   9   0   0   4  10   0   0   3   0  0.34 0.17
  205 I    -2  -3  -3   0  -3  -3  -3  -1   0   4   0  -3  -1   2  -1  -1   1   2   1   2    0   0   0   6   0   0   0   5   3  32   3   0   0  11   3   3   8   3   5  16  0.28 0.19
  206 I    -1   0   1   0  -3   0   0  -1   0   0  -1   1   0   0   2   0   1  -3  -2   1    0   3   6   6   0   2   3   2   3   7   3  14   2   6  11   5  10   0   0  15  0.10 0.10
  207 I     0  -1  -3  -3  -2  -2   0  -3  -3   3   1  -1   0   2  -3   0   1  -3  -1   1    5   3   0   0   0   0   8   0   0  24  17   3   0  11   0   6  11   0   0  11  0.20 0.15
  208 N    -1   0   3   0  -3   2   0   0  -1   0  -3   0  -2  -3   1   1   0  -4  -3  -1    3   5  23   3   0  12   5   8   0   7   0   6   0   0   9  11   3   0   0   6  0.25 0.16
  209 G     0   1   0   3  -3   0   1   0  -2  -1  -1   0  -2  -3   0   1   0  -4  -3  -1    8   9   3  21   0   3   6   9   0   3   8   3   0   0   5   9   8   0   0   5  0.15 0.10
  210 E    -1   0   1   1  -3   1   2   1  -2  -3  -3   2  -2  -4   1   0   0  -4  -3   0    2   3   9   7   0   5  18   9   0   0   0  17   0   0   6   8   5   0   0   8  0.25 0.14
  211 F     0   0   1  -1  -2   1   0  -1   1  -1  -2   0   1   0   1   1   2  -3   0  -1    4   6   6   0   0   9   3   3   3   4   1   5   6   4   8  14  18   0   3   4  0.14 0.11
  212 E     0   1   1   0  -3   1   3  -1  -2  -3  -2   2  -2  -3  -2   1   1  -3  -1  -1    6   6   6   3   0   3  24   4   0   0   3  18   0   0   0   8  12   0   2   5  0.26 0.16
  213 K     0   3   3  -2  -3  -1   0  -1  -2  -2  -2   3  -2  -4  -1   0   1  -4  -3  -3    7  24  15   0   0   0   6   2   0   3   3  21   0   0   3   5  11   0   0   0  0.37 0.21
  214 A     0   2   2   2  -4   0   2   1  -2  -4  -4   1  -3  -4  -1   1  -1  -4  -3  -3    4  11  10  12   0   0  20  14   0   0   0   9   0   0   2  14   3   0   0   0  0.36 0.18
  215 K    -1   4   0  -1  -4   1  -1  -1  -1  -4  -4   2  -3  -2  -3   1  -1  -3   3  -3    3  32   3   3   0   6   0   5   0   0   0  16   0   0   0  12   3   0  17   0  0.51 0.26
  216 F     0   2   0   1  -2  -1  -1  -1  -2  -1  -1   0  -1   2  -1   0   2  -3  -1   0   11  16   3   9   0   0   3   3   0   3   3   3   0  12   3   7  16   0   0   9  0.11 0.12
  217 S    -1  -1   1  -2  -3  -2  -2   0  -2  -4  -4   0  -3  -4   0   5   1  -4   0  -3    0   3   5   0   0   0   0   6   0   0   0   6   0   0   4  64   9   0   4   0  0.76 0.36
  218 L     0  -3  -3  -3   1  -2  -1  -4  -3   3   1   0   1   0  -1  -2  -2  -3  -2   3    9   0   0   0   3   0   4   0   0  18  14   9   3   3   3   0   0   0   0  35  0.32 0.19
  219 Y    -4  -4  -5  -5  -5  -4  -2  -6  -1  -3  -1  -4  -3   4  -5  -4  -4   0   9  -4    0   0   0   0   0   0   3   0   0   0   4   0   0  12   0   0   0   0  81   0  2.10 0.59
  220 D     0  -3   1   6  -4  -2   1  -3   1  -4  -3  -2  -4  -5  -3   0  -1  -5  -4  -4   10   0   4  64   0   0   6   0   3   0   3   0   0   0   0   8   3   0   0   0  1.06 0.37
  221 S    -1   1   1   0  -3   0   2   0   3  -2   1  -1  -1  -2  -3   0  -2   2   1  -2    2  12   6   6   0   3  19   6   8   0  20   0   0   0   0   8   0   4   6   0  0.18 0.15
  222 I    -1  -4  -5  -5   1  -4  -4  -5  -5   5   2  -4   0  -2  -4  -3  -2  -4  -3   4    3   0   0   0   3   0   0   0   0  37  19   0   0   0   0   0   0   0   0  38  0.80 0.30
  223 E     0  -1   1   1  -3   0   3  -2  -2  -1  -1   2  -2  -3  -2   2   1  -4  -3   0    5   0   7   5   0   0  25   0   0   4   6  14   0   0   0  18   9   0   0   6  0.24 0.14
  224 P     0   0  -4  -3  -4  -3  -1  -1  -4  -5  -5  -2  -4  -5   8  -2  -1  -5  -5  -4    7   7   0   0   0   0   3   3   0   0   0   0   0   0  77   0   3   0   0   0  1.89 0.41
  225 I    -2  -4  -4  -5  -2  -4  -4  -5  -4   5   2  -4   2   1  -4  -3  -2  -3   0   3    0   0   0   0   0   0   0   0   0  49  21   0   4   4   0   0   0   0   4  18  0.71 0.23
  226 I    -2   0   0   1  -4   1   2  -3  -2  -1  -3   1  -3  -4   6   0   0  -4  -4  -3    0   4   4   6   0   5  14   0   0   4   0  10   0   0  43   4   6   0   0   0  0.83 0.22
  227 C    -2  -3   0  -4   8  -1  -3  -4   2   0  -3  -3  -3  -3  -4   0   2  -3   2  -2    0   0   5   0  47   3   0   0   7   6   0   0   0   0   0   4  19   0  10   0  1.06 0.32
  228 D     1   1  -1   0  -2  -1  -2  -1  -2   0  -2   0  -2   0  -1   3  -1  -3   1   1   11   9   0   4   0   0   0   3   0   8   0   3   0   3   2  37   0   0   6  14  0.20 0.16
  229 R     0   0  -3  -4  -2  -2  -3  -2  -3   2   3  -2   3   1  -1  -2   0  -3  -2   1    8   7   0   0   0   0   0   3   0  10  44   0   9   6   2   0   6   0   0   6  0.30 0.15
  230 W     1  -3  -1  -1  -2  -2  -1   1  -2  -1   0  -2   0   2   1  -1  -1   5   2  -1   15   0   3   3   0   0   4  10   0   3  13   0   2  13   7   3   3  10  10   0  0.21 0.11
  231 P    -1  -2  -2  -1  -3   1  -1   1  -2   0   0   0   0  -2   4   0   1  -3   1  -1    2   0   0   2   0  10   0  11   0   6  10   4   2   0  23   8  10   0   8   4  0.27 0.12
  232 Q    -1   1   3   0  -3   1   0   0   0  -2  -3   2  -2  -3  -2   1   0  -4  -2   0    3   7  18   3   0   6   5   8   2   0   0  20   0   0   0   8   6   0   0  14  0.21 0.12
  233 A     3  -3  -2  -3   3  -2  -3   4  -3  -2  -3  -1  -3  -1  -1   0  -1  -3   0  -2   29   0   0   0   7   0   0  40   0   3   0   3   0   3   2   4   3   0   5   0  0.53 0.20
  234 K    -1   0   2   1  -3   0   0  -1   1   0   0   3  -1  -3  -2   0   1  -3  -2  -2    3   0  13   9   0   3   6   3   4   7  14  26   0   0   0   4   9   0   0   0  0.17 0.12
  235 I    -2  -4  -4  -5  -2  -3  -4  -5  -4   4   3  -4   2   1  -4  -3  -2  -3  -2   3    0   0   0   0   0   0   0   0   0  30  36   0   7   4   0   0   0   0   0  23  0.65 0.21
  236 Y    -4  -4  -5  -6  -5  -4  -4  -5  -1  -4  -3  -4  -3   2  -5  -4  -4   0   9  -4    0   0   0   0   0   0   0   0   0   0   0   0   0   5   0   0   0   0  95   0  2.46 0.55
  237 R    -2   4   0   3  -3  -1  -1  -1  -2   0   1   1  -1  -3  -3   1  -1  -4  -3  -2    0  29   3  20   0   0   0   3   0   6  18   6   0   0   0  13   2   0   0   0  0.29 0.17
  238 L    -1  -2  -2   0  -3   1   3  -3  -2   2   1  -1   1  -1  -3  -2  -2  -3   1   1    4   0   0   3   0   9  27   0   0  15  17   0   4   0   0   0   0   0   7  14  0.24 0.15
  239 A     1   1   1   4  -3  -1   1  -2   1  -4  -4   1  -3  -4  -2   3  -1  -4  -3  -3   10   6   7  29   0   0  10   0   3   0   0   7   0   0   0  28   0   0   0   0  0.48 0.19
  240 D    -1  -2  -1   5  -4   0   4  -3  -2  -4  -4  -1  -3  -4  -3   0   0  -5  -4  -2    3   0   0  44   0   3  34   0   0   0   0   0   0   0   0   7   5   0   0   4  0.84 0.27
  241 I     1  -3  -4  -4  -2  -3  -4  -4  -3   3   2  -3   0  -1  -3  -2  -2  -3   1   4   12   0   0   0   0   0   0   0   0  21  22   0   0   0   0   0   0   0   7  38  0.50 0.20
  242 E    -1  -2   0   3  -4   0   5  -3  -2   0  -1   0  -2  -3  -2  -1  -2  -4  -3  -1    4   0   2  17   0   0  55   0   0   6   7   4   0   0   0   0   0   0   0   3  0.66 0.24
  243 N     1   2   2   0  -3   0   1  -2  -1  -1  -1   2  -1  -1  -2  -1   0  -3  -1  -2   15  16  14   3   0   0   8   0   0   3   8  21   0   2   0   0   6   0   3   0  0.20 0.12
  244 V     2  -2  -2  -3  -2   0   0  -2  -3   1   1  -2   4  -2  -2   0   0  -3  -2   2   25   0   0   0   0   3   6   0   0   8   8   0  19   0   0   3   5   0   0  21  0.26 0.16
  245 K    -1   4   0  -2  -4   0   1  -3  -2  -3  -3   4   0  -4  -2  -1   0  -4  -3  -3    6  30   4   0   0   0   6   0   0   0   0  43   3   0   0   0   7   0   0   0  0.65 0.24
  246 K     2   1  -2  -1  -3   1   4  -2  -2  -3  -2   3  -2  -4  -2  -1  -1  -3  -3  -2   25   9   0   0   0   6  32   0   0   0   3  20   0   0   0   0   3   0   0   0  0.45 0.20
  247 Q     1   3  -1   0  -3   2   1  -2   2  -1  -1   1  -1  -1  -1  -1  -1  -3  -2  -2   19  21   0   3   0  14  11   0   6   3   8   8   0   3   3   0   0   0   0   0  0.24 0.13
  248 I     1   2   0  -2  -2  -1  -2  -2  -1   1   1   0   1   0  -2   0   0  -2   2   0   16  18   4   0   0   0   0   0   0   8  13   4   7   4   0   4   6   0   9   6  0.11 0.09
  249 A     1   0   0  -1  -3   2   1  -2  -2  -3  -3   4  -2  -4  -1   1   1  -3  -3  -2   14   0   3   0   0  13   7   0   0   0   0  38   0   0   2  10   8   0   0   0  0.41 0.18
  250 I     2  -1  -2  -1  -2   2   1  -1  -2   1  -1   2   1  -2  -2   0  -1  -3  -2   0   21   0   0   0   0  13  12   4   0  15   1  16   7   0   0   3   0   0   0   6  0.16 0.12
  251 T     0   2   1  -2  -3   0   1  -3   1  -2   0  -1  -1  -1  -2  -1   2  -2   3  -1    7  17   7   0   0   4  10   0   4   0  10   0   0   0   0   0  20   0  16   5  0.19 0.13
  252 R    -1   5  -1  -2  -3   2  -1  -1  -1  -1  -2   2   0  -1  -3   0  -2  -3  -2  -3    5  46   0   0   0   9   0   5   0   4   0  15   3   4   0   8   0   0   0   0  0.52 0.20
  253 E     1   0  -1   0  -2   1   2  -2  -1   0  -1   1  -1  -2  -2   1   0  -3  -2   0   11   3   0   5   0   7  16   0   0   4   7  12   0   0   0  17   5   0   0  11  0.14 0.08
  254 E    -2   1  -1   2  -4   2   3  -3  -1  -3  -2   2  -2  -2  -2  -1  -2   3   0  -2    0   7   0  15   0   8  33   0   0   0   4  15   0   0   0   3   0   5   5   4  0.40 0.16
  255 K    -2   3   3   1  -3   1   0   1  -1  -1  -3   2  -2  -3  -2   0  -1  -3  -3  -3    0  18  23   5   0   8   3  12   0   5   0  20   0   0   0   4   0   0   0   0  0.36 0.14
  256 K    -1   3  -1  -1  -3   1   2  -2  -1   0  -2   4  -2  -3  -2   0  -1  -3  -2  -2    4  23   0   0   0   5  14   0   0   8   0  37   0   0   0   7   0   0   0   0  0.45 0.16
  257 V     0   1   1  -1  -2   0   0   0   1   0  -1   1  -1  -2  -2   1   1  -2   0   0    5  10   8   0   0   3   5   6   4   9   0  11   0   0   0  12   9   0   5  10  0.08 0.05
  258 K    -1   2   0   1   2   3   1  -2  -1  -3  -2   3  -2  -3  -2   0  -1  -3  -2  -3    0   9   4   9   5  21   7   0   0   0   5  33   0   0   0   5   0   0   0   0  0.40 0.15
  259 S     0   0  -1  -2  -2   2  -1  -2  -2   1   0   1  -1  -2   1   3   0  -3   0   0    5   3   0   0   0  15   0   0   0  10   8   8   0   0   6  33   4   0   3   4  0.19 0.13
  260 A     0   6  -2  -2  -4   0   1  -3  -1  -4  -3   1  -3  -3   0   0  -2  -3   1  -3    7  63   0   0   0   0   8   0   0   0   0   5   0   0   3   8   0   0   7   0  0.80 0.26
  261 A     2   1  -1  -2  -2  -1   0  -2   1   0  -2   1   1  -3  -2   2  -1  -3  -2  -1   28  10   0   0   0   0   7   0   4   9   0  13   5   0   0  25   0   0   0   0  0.24 0.14
  262 S     1   1  -1   1  -3   4   0  -2  -1  -1   0   0  -1  -3  -2   1   0  -3  -2  -2   16  10   0   9   0  33   0   0   0   5  10   0   0   0   0  12   5   0   0   0  0.29 0.16
  263 V    -1   1   1   0  -2   1   0  -2  -1   0   0  -1   1   0  -2   0   0   3  -1   1    0  12   9   6   0  11   4   0   0   0   5   0   4   6   0   8   6   5   0  24  0.11 0.09
  264 T     2   1  -1  -1  -2   0   1   0  -2  -1   0   0   1  -2  -2   0   1  -3  -2  -1   32   8   0   0   0   0  16   6   0   0  15   6   5   0   0   5   8   0   0   0  0.17 0.10
  265 R    -1   5  -1  -2  -3   1  -1  -3  -1  -3  -2   2   1  -2  -3   0   1   3   1  -2    5  45   0   0   0   5   0   0   0   0   0  12   5   0   0   7   9   6   6   0  0.50 0.17
  266 S     1   2  -1   1  -2   0   0  -2  -1  -2  -2   1  -2   1  -2   1   0  -2   3  -2   19  15   0   8   0   0   6   0   0   0   0  11   0   7   0  13   6   0  15   0  0.20 0.10
  267 R     1   4   0  -2  -2  -1  -1  -2  -2   0   0   1  -1  -2  -2   2  -1  -3  -2   0   11  32   5   0   0   0   0   0   0   6   8   6   0   0   0  22   0   0   0  11  0.24 0.12
  268 K    -2   3   2  -1  -3   1   0  -2   2  -3  -2   4  -2  -3  -2   0   0  -4  -2  -3    0  16  12   0   0   4   0   0   6   0   4  46   0   0   0   8   5   0   0   0  0.49 0.16
  269 T     0  -1   1  -1  -2   2   0   1  -2  -2   0   1  -1  -3  -2   0   3  -3  -2  -1    6   0   6   0   0  15   6  13   0   0  12  10   0   0   0   0  32   0   0   0  0.23 0.12
  270 K    -2   3  -1   0  -4   2   2  -3   2  -3   0   3  -1  -3  -2  -1  -2  -3  -2  -3    0  23   0   6   0  10  12   0   5   0  12  32   0   0   0   0   0   0   0   0  0.42 0.14
  271 K     0   3   1  -1  -3   2   1  -2  -1  -1  -1   3  -1  -3  -2  -1  -1  -3  -2  -2    6  24   7   0   0  10   7   1   0   6   7  28   0   0   0   1   0   0   0   0  0.30 0.10
  272 G     3  -2   0   2  -2  -1  -1   2   2  -2  -2  -1   2  -2  -2   0  -1  -3  -2  -1   41   0   5  14   0   0   0  16   8   0   1   0  11   0   0   0   0   0   0   0  0.27 0.11
  273 Q    -2   1  -1  -1  -4   4   3  -3  -1  -1  -2   2   1  -3   2  -1  -1  -3  -2  -2    0   8   0   0   0  36  22   0   0   6   0  13   6   0   9   0   0   0   0   0  0.49 0.14
  274 P     2   1  -1  -1  -2   0   1   2  -2  -3  -3   1  -2  -3   3   0   0  -3  -2  -2   27  12   0   0   0   0  11  18   0   0   0   9   0   0  14   0   8   0   0   0  0.31 0.06
  275 V     0  -1  -1   2  -2  -1  -1  -2  -2   1   1   0   0  -1  -2  -1   1  -3  -2   1   11   0   0  18   0   0   0   0   0  12  23  11   0   0   0   0   9   0   0  16  0.10 0.04
  276 N     2   1   2  -1  -2   0   1  -1  -1  -2  -2   0  -2  -3  -2   1   3  -3  -2  -1   29  13  16   0   0   0  11   0   0   0   0   0   0   0   0   0  32   0   0   0  0.28 0.08
  277 D    -1  -1   0   4  -4   0   4  -2  -1  -3  -3   1  -3  -4  -2   0   1  -4  -3  -3    0   0   0  41   0   0  37   0   0   0   0  11   0   0   0   0  10   0   0   0  0.62 0.09
  278 N     1  -1   4   3  -3   0   0  -1  -1  -3  -3   1  -2  -3  -2   0  -1  -4  -3  -3   16   0  43  28   0   0   0   0   0   0   0  13   0   0   0   0   0   0   0   0  0.50 0.07
  279 P    -1   0  -1  -1  -3   0   0  -2  -2  -3  -3   3  -2  -4   5   1  -1  -4  -3  -3    0   0   0   0   0   0   0   0   0   0   0  45   0   0  41  15   0   0   0   0  0.81 0.06
  280 E    -1   0   0   3  -4   1   4  -2  -1  -3  -3   2  -2  -3  -1   0  -1  -3  -2  -3    0   0   0  29   0   0  42   0   0   0   0  29   0   0   0   0   0   0   0   0  0.53 0.01
  281 S     1  -1   1   0  -1   0   0   0  -1  -2  -3   0  -2  -3  -1   4   1  -3  -2  -2    0   0   0   0   0   0   0   0   0   0   0   0   0   0   0 100   0   0   0   0  0.47 0.01
  282 A     4  -2  -2  -2   0  -1  -1   0  -2  -1  -2  -1  -1  -2  -1   1   0  -3  -2   0  100   0   0   0   0   0   0   0   0   0   0   0   0   0   0   0   0   0   0   0  0.41 0.01
  283 Q    -1   1   0   0  -3   6   2  -2   0  -3  -2   1   0  -3  -1   0  -1  -2  -2  -2    0   0   0   0   0 100   0   0   0   0   0   0   0   0   0   0   0   0   0   0  0.67 0.01

                      K         Lambda
Standard Ungapped    0.1340     0.3178
Standard Gapped      0.0373     0.2670
PSI Ungapped         0.1218     0.3179
PSI Gapped           0.0373     0.2670
