
Last position-specific scoring matrix computed, weighted observed percentages rounded down, information per position, and relative weight of gapless real matches to pseudocounts
            A   R   N   D   C   Q   E   G   H   I   L   K   M   F   P   S   T   W   Y   V   A   R   N   D   C   Q   E   G   H   I   L   K   M   F   P   S   T   W   Y   V
    1 M    -1  -2  -3  -3  -1  -1  -2  -3  -2   2   2  -2   4   0  -3  -2   0  -2  -1   3    0   0   0   0   0   0   0   0   0   0   0   0  50   0   0   0   0   0   0  50  0.26 0.00
    2 K    -1   4   0  -1  -3   1   0  -2  -1  -3  -3   4  -1  -3  -2   0  -1  -3  -2  -3    0  43   0   0   0   0   0   0   0   0   0  57   0   0   0   0   0   0   0   0  0.54 0.00
    3 F    -2  -2  -3  -4  -2  -2  -3  -3  -2   1   2  -2   4   4  -3  -2  -1   0   1   0    0   0   0   0   0   0   0   0   0   0  29   0  34  38   0   0   0   0   0   0  0.35 0.01
    4 S    -1  -1   0  -1  -3   0   0  -2   8  -3  -3  -1  -2  -2  -2   2  -1  -3   1  -3    0   0   0   0   0   0   0   0  74   0   0   0   0   0   0  26   0   0   0   0  0.72 0.04
    5 T    -1  -1   0   4  -2   0   2  -2  -1  -2  -3  -1  -2  -3  -1   1   3  -3  -2  -2    0   0   0  39   0   0  18   0   0   0   0   0   0   0   0   0  44   0   0   0  0.44 0.02
    6 F    -3  -3  -3  -4  -3  -4  -4  -4  -2   0   0  -4   0   7  -4  -3  -2   1   3  -1    0   0   0   0   0   0   0   0   0   0   0   0   0 100   0   0   0   0   0   0  0.89 0.04
    7 D    -1  -1   0   3  -3   0   2  -2   4  -3  -3  -1  -2   0  -2   1  -1  -1   3  -2    0   0   0  26   0   0  18   0  17   0   0   0   0   0   0  18   0   0  22   0  0.34 0.02
    8 I    -2  -3  -4  -4  -2  -3  -3  -4  -3   4   2  -3   1   3  -3  -3  -1  -2   0   2    0   0   0   0   0   0   0   0   0  60  22   0   0  18   0   0   0   0   0   0  0.35 0.02
    9 N    -1   2   3  -1  -3  -1  -1   5  -1  -4  -4   0  -3  -3  -2   0  -1  -3  -3  -3    0  18  26   0   0   0   0  56   0   0   0   0   0   0   0   0   0   0   0   0  0.58 0.02
   10 D    -2  -2   3   6  -4   0   1  -1  -1  -4  -4  -1  -3  -4  -2   0  -1  -5  -3  -4    0   0  18  82   0   0   0   0   0   0   0   0   0   0   0   0   0   0   0   0  0.88 0.03
   11 E     0  -1   0   0  -2   0   2   5  -1  -3  -3  -1  -2  -3  -1   0  -1  -2  -2  -2    1   1   1   1   0   1  27  57   0   1   2   1   0   1   1   1   1   0   1   1  0.50 0.01
   12 F    -2  -3  -4  -4  -2  -2  -3  -3  -1  -1   1  -3   0   4  -4  -3  -2   9   4  -1    0   0   0   0   0   0   0   0   0   0  18   0   0  26   0   0   0  39  18   0  0.96 0.03
   13 I    -2  -3  -3  -4  -2  -3  -3  -4  -1   4   1  -3   1   3  -3  -3  -1   0   4   2    0   0   0   0   0   0   0   0   0  61   0   0   0  17   0   0   0   0  22   0  0.36 0.02
   14 A     2  -2  -1  -2  -2  -2  -2   5  -2  -3  -3  -2  -2  -3  -2   0  -1  -3  -3  -2   26   0   0   0   0   0   0  74   0   0   0   0   0   0   0   0   0   0   0   0  0.77 0.02
   15 N    -1  -1   5   0  -2  -1  -1  -1   0   0  -2  -1  -1  -2  -2   2   0  -4  -2  -1    0   0  61   0   0   0   0   0   0  18   0   0   0   0   0  22   0   0   0   0  0.38 0.03
   16 I    -1  -3  -3  -4  -1  -3  -3  -4  -4   4   1  -3   1  -1  -3  -2   0  -3  -1   4    0   0   0   0   0   0   0   0   0  44   0   0   0   0   0   0   0   0   0  56  0.39 0.02
   17 D    -1  -1   0   4  -4   1   5  -2  -1  -4  -3   0  -3  -4  -1   0  -1  -4  -3  -3    0   0   0  26   0   0  74   0   0   0   0   0   0   0   0   0   0   0   0   0  0.73 0.03
   18 Y    -3  -3  -3  -4  -3  -2  -3  -3   0  -2  -2  -3  -2   2  -4  -3  -2  10   6  -2    0   0   0   0   0   0   0   0   0   0   0   0   0   0   0   0   0  56  44   0  1.56 0.05
   19 T     0  -1   0   2  -1  -1   0  -2  -2  -1  -2  -1  -1  -3  -1   1   5  -3  -2  -1    0   0   0  17   0   0   0   0   0   0   0   0   0   0   0   0  83   0   0   0  0.47 0.03
   20 E    -1  -1  -1   0  -3   1   4  -3  -1   0  -1   0  -1  -2  -2  -1  -1  -3  -2   2    0   0   0   0   0   0  65   0   0   0   0   0   0   0   0   0   0   0   0  35  0.37 0.03
   21 E    -1  -1   3   4  -3   0   3  -2  -1  -3  -3   0  -2  -3  -2   0   2  -4  -3  -2    0   0  18  35   0   0  26   0   0   0   0   0   0   0   0   0  22   0   0   0  0.46 0.02
   22 D    -1  -2   0   4  -3  -1   0   2  -1  -3  -3  -1  -2  -1  -2   0   1  -2   2  -2    0   0   0  48   0   0   0  17   0   0   0   0   0   0   0   0  18   0  18   0  0.38 0.02
   23 S     0  -2   0  -1  -2  -1  -1   4  -2  -3  -3  -1  -2  -3   3   3   0  -3  -3  -3    0   0   0   0   0   0   0  40   0   0   0   0   0   0  18  43   0   0   0   0  0.55 0.02
   24 R    -2   5  -2  -3  -3   0  -1  -3  -1  -1   1   1   0  -1  -3  -2  -2   6  -1  -2    0  61   0   0   0   0   0   0   0   0  22   0   0   0   0   0   0  17   0   0  0.53 0.03
   25 Y    -2  -2  -3  -4  -3  -2  -3  -4   1  -1  -1  -2  -1   4  -3  -2  -2   2   7  -1    0   0   0   0   0   0   0   0   0   0   0   0   0  18   0   0   0   0  82   0  0.91 0.04
   26 V    -1  -2  -2  -2  -1  -2  -2  -3  -2   1   0  -2   0   2  -2   0   3  -2   0   3    0   0   0   0   0   0   0   0   0   0   0   0   0  18   0   0  39   0   0  44  0.22 0.02
   27 G     0  -3  -1  -2  -3  -2  -2   6  -2  -4  -4  -2  -3  -4  -2   0  -2  -3  -3  -4    0   0   0   0   0   0   0 100   0   0   0   0   0   0   0   0   0   0   0   0  1.13 0.03
   28 I    -1  -2  -2  -3  -1  -2  -2  -3  -3   2   2  -2   1  -1  -2  -1   3  -3  -2   2    0   0   0   0   0   0   0   0   0  26  22   0   0   0   0   0  35   0   0  18  0.23 0.01
   29 I    -1  -2  -3  -4  -2  -1  -3  -3  -2   3   2  -2   6   0  -3  -2  -1  -2  -1   1    0   0   0   0   0   0   0   0   0  26   0   0  74   0   0   0   0   0   0   0  0.42 0.04
   30 Y    -2  -2  -3  -4  -3  -2  -3  -4   1  -1  -1  -2  -1   4  -3  -2  -2   2   7  -1    0   0   0   0   0   0   0   0   0   0   0   0   0  18   0   0   0   0  82   0  0.91 0.04
   31 I     1  -3  -3  -3  -1  -2  -3  -3  -3   3   1  -2   1  -1  -2  -1   0  -3  -2   3   18   0   0   0   0   0   0   0   0  43   0   0   0   0   0   0   0   0   0  39  0.28 0.02
   32 T     0  -1  -1  -2  -1  -1  -1  -2  -2   0   0  -1   3  -2  -2   1   5  -3  -2   0    0   0   0   0   0   0   0   0   0   0   0   0  22   0   0   0  78   0   0   0  0.40 0.03
   33 S     1  -1   0  -1   5  -1  -1  -1  -1  -2  -3  -1  -2  -3  -1   4   1  -3  -2  -2    0   0   0   0  18   0   0   0   0   0   0   0   0   0   0  82   0   0   0   0  0.47 0.03
   34 K    -1   1   0   1  -4   2   4  -2  -1  -3  -3   3  -2  -4  -1   0  -1  -3  -2  -3    0   0   0   0   0   0  56   0   0   0   0  44   0   0   0   0   0   0   0   0  0.56 0.03
   35 T    -1  -2   2  -2   5  -1  -2  -2   0  -2  -2  -2  -1   1  -2   0   2   0   4  -1    0   0  18   0  22   0   0   0   0   0   0   0   0   0   0   0  26   0  35   0  0.35 0.02
   36 A     3  -1   0  -1  -1  -1  -1   0  -1  -2  -2  -1  -1  -3  -1   3   1  -3  -2  -1   44   0   0   0   0   0   0   0   0   0   0   0   0   0   0  56   0   0   0   0  0.39 0.02
   37 Q    -1  -1  -2  -1  -2   3   2  -3  -1   1   1   0   0  -2   3  -1  -1  -3  -2   0    0   0   0   0   0  26  17   0   0  22  18   0   0   0  18   0   0   0   0   0  0.26 0.01
   38 G     0  -2   3  -1  -3  -2  -2   6  -1  -4  -4  -1  -3  -3  -2   0  -1  -3  -3  -3    0   0  22   0   0   0   0  78   0   0   0   0   0   0   0   0   0   0   0   0  0.85 0.03
   39 V    -1  -2  -2  -3  -1  -2  -2  -3   4   2   0  -2   0  -1  -3  -2  -1  -3   0   4    0   0   0   0   0   0   0   0  22   0   0   0   0   0   0   0   0   0   0  78  0.30 0.03
   40 V     0  -2  -2  -3  -1  -2  -2  -3  -3   3   2  -2   1  -1  -2   0   0  -3  -1   3    0   0   0   0   0   0   0   0   0  22  18   0   0   0   0  17   0   0   0  44  0.22 0.01
   41 C    -2  -3  -4  -4   6  -2  -3  -3  -3  -2  -1  -3   2   0  -4  -2  -2  10   1  -2    0   0   0   0  26   0   0   0   0   0   0   0  18   0   0   0   0  56   0   0  1.34 0.04
   42 M     2  -2  -1  -2  -1  -1  -1  -1  -1  -1   0  -1   3   0  -2   2   0  -1   3   0   35   0   0   0   0   0   0   0   0   0   0   0  26   0   0  22   0   0  18   0  0.18 0.02
   43 A     2  -1  -1   2  -2   0   2  -1  -1  -1  -1  -1   2  -2  -1   0  -1  -3  -2  -1   44   0   0  18   0   0  22   0   0   0   0   0  17   0   0   0   0   0   0   0  0.22 0.02
   44 E    -1   0   0   1  -4   2   5  -2   4  -4  -3   0  -2  -3  -2   0  -1  -3  -1  -3    0   0   0   0   0   0  78   0  22   0   0   0   0   0   0   0   0   0   0   0  0.68 0.03
   45 F    -2  -3  -4  -4  -2  -3  -3  -4  -2   1   3  -3   1   5  -4  -3  -2   0   2   0    0   0   0   0   0   0   0   0   0   0  52   0   0  48   0   0   0   0   0   0  0.48 0.02
   46 D    -2  -2   3   6  -4   0   1  -1  -1  -4  -4  -1  -3  -4  -2   0  -1  -5  -3  -4    0   0  22  78   0   0   0   0   0   0   0   0   0   0   0   0   0   0   0   0  0.85 0.03
   47 E    -1   0   0   3  -4   1   4  -2  -1  -3  -3   2  -2  -4  -1   0  -1  -3  -2  -3    0   0   0  17   0   0  61   0   0   0   0  22   0   0   0   0   0   0   0   0  0.59 0.02
   48 Y    -1  -2  -2  -2  -3  -1   2  -3   1  -1  -1  -1  -1   2  -3  -2  -1   1   6   1    0   0   0   0   0   0  22   0   0   0   0   0   0   0   0   0   0   0  61  17  0.47 0.03
   49 F    -3  -3  -3  -4  -3  -4  -4  -4  -2   0   0  -4   0   7  -4  -3  -2   1   3  -1    0   0   0   0   0   0   0   0   0   0   0   0   0 100   0   0   0   0   0   0  0.89 0.04
   50 L     2  -2  -1   2  -1  -1  -1  -1  -2  -1   1  -1   0  -2  -2   2   0  -3  -2  -1   35   0   0  18   0   0   0   0   0   0  26   0   0   0   0  22   0   0   0   0  0.16 0.01
   51 D     0  -1   1   4  -2   0   1  -1  -1  -3  -3  -1  -2  -3  -1   3   0  -4  -3  -3    0   0   0  44   0   0   0   0   0   0   0   0   0   0   0  56   0   0   0   0  0.51 0.03
   52 Y    -1   2  -1  -1  -3   1   2  -2   0  -3  -2   2  -2   0  -2   1  -1  -1   4  -2    0  18   0   0   0   0  22   0   0   0   0  18   0   0   0  17   0   0  26   0  0.28 0.01
   53 D     1  -1   1   5  -3   0   2  -1  -1  -3  -3  -1  -3  -3  -1   0  -1  -4  -3  -2   22   0   0  61   0   0  17   0   0   0   0   0   0   0   0   0   0   0   0   0  0.58 0.02
   54 D    -2  -1   1   5  -4   1   4  -2  -1  -4  -4   0  -3  -4  -2   0  -1  -4  -3  -3    0   0   0  65   0   0  35   0   0   0   0   0   0   0   0   0   0   0   0   0  0.79 0.03
   55 M    -1  -2  -3  -4  -2  -1  -2  -3  -2   1   2  -2   7   0  -3  -2  -1  -2  -1   0    0   0   0   0   0   0   0   0   0   0   0   0 100   0   0   0   0   0   0   0  0.56 0.05
   56 I    -2  -3  -4  -4  -1  -3  -3  -4  -3   4   3  -3   1   0  -3  -3  -1  -3  -1   2    0   0   0   0   0   0   0   0   0  65  35   0   0   0   0   0   0   0   0   0  0.41 0.02
   57 E    -1   0   0   1  -4   2   4  -2   4  -4  -3   2  -2  -3  -1   0  -1  -3  -1  -3    0   0   0   0   0   0  64   0  18   0   0  18   0   0   0   0   0   0   0   0  0.56 0.03
   58 W    -3  -3  -3  -4  -3  -2  -3  -3   0  -2  -2  -3  -2   2  -4  -3  -2   9   6  -2    0   0   0   0   0   0   0   0   0   0   0   0   0   0   0   0   0  48  52   0  1.41 0.04
   59 S     1  -2  -1  -2   5  -1  -1  -1  -2   0  -1  -1  -1  -2  -2   2   2  -3  -2   1   17   0   0   0  18   0   0   0   0   0   0   0   0   0   0  26  22   0   0  18  0.25 0.01
   60 K    -1   0   0   1  -3   1   4  -2  -1  -3  -3   2  -2  -3  -1   0   2  -3  -2  -2    0   0   0   0   0   0  52   0   0   0   0  26   0   0   0   0  22   0   0   0  0.44 0.02
   61 R     1   4   0   2  -3   2   0  -2  -1  -3  -2   1  -2  -3  -2   0  -1  -3  -2  -2   22  44   0  18   0  17   0   0   0   0   0   0   0   0   0   0   0   0   0   0  0.36 0.02
   62 Y    -1   2  -1  -2  -2  -1  -1  -3   0  -1  -1   0  -1   3  -2   0   2   0   4  -1    0  22   0   0   0   0   0   0   0   0   0   0   0  18   0   0  35   0  26   0  0.28 0.02
   63 I    -2  -3  -4  -4  -2  -3  -4  -4  -4   5   1  -3   1   0  -3  -3  -1  -3  -2   3    0   0   0   0   0   0   0   0   0 100   0   0   0   0   0   0   0   0   0   0  0.49 0.04
   64 K    -1   5   0  -1  -4   1   2  -2   0  -3  -3   3  -2  -3  -2  -1  -1  -3  -2  -3    0  52   0   0   0   0  22   0   0   0   0  26   0   0   0   0   0   0   0   0  0.56 0.02
   65 R    -1   4  -1   0  -3   1   3  -3  -1  -1  -2   1  -1  -3  -2  -1  -1  -3  -2   0    0  44   0   0   0   0  39   0   0   0   0   0   0   0   0   0   0   0   0  18  0.37 0.02
   66 N    -2   0   5   1  -3   1   3  -1   0  -4  -4   0  -2  -3  -2   0  -1  -4  -2  -3    0   0  61   0   0   0  39   0   0   0   0   0   0   0   0   0   0   0   0   0  0.61 0.03
   67 L    -2  -2   3  -1  -2  -1  -2  -2   0   0   2  -2   0   1  -3  -1  -1   0   4  -1    0   0  33   0   0   0   0   0   0   0  39   0   0   0   0   0   0   0  29   0  0.22 0.01
   68 L    -2  -3  -4  -4  -1  -3  -3  -4  -3   3   4  -3   2   0  -3  -3  -1  -2  -1   1    0   0   0   0   0   0   0   0   0  29  71   0   0   0   0   0   0   0   0   0  0.40 0.01

                      K         Lambda
Standard Ungapped    0.1402     0.3239
Standard Gapped      0.0441     0.2670
PSI Ungapped         0.1440     0.3184
PSI Gapped           0.0441     0.2670
