
Last position-specific scoring matrix computed, weighted observed percentages rounded down, information per position, and relative weight of gapless real matches to pseudocounts
            A   R   N   D   C   Q   E   G   H   I   L   K   M   F   P   S   T   W   Y   V   A   R   N   D   C   Q   E   G   H   I   L   K   M   F   P   S   T   W   Y   V
    1 M    -1  -1  -2  -3  -2   0  -2  -3  -2   1   2  -1   6   0  -3  -2  -1  -2  -1   1    0   0   0   0   0   0   0   0   0   0   0   0 100   0   0   0   0   0   0   0  0.36 0.01
    2 K    -1   2   0  -1  -3   1   1  -2  -1  -3  -3   5  -1  -3  -1   0  -1  -3  -2  -2    0   0   0   0   0   0   0   0   0   0   0 100   0   0   0   0   0   0   0   0  0.52 0.00
    3 W    -3  -3  -4  -5  -3  -3  -4  -3  -3  -3  -2  -4  -2   0  -4  -3  -3  12   2  -4    0   0   0   0   0   0   0   0   0   0   0   0   0   0   0   0   0 100   0   0  2.75 0.10
    4 K     1   0  -1  -1  -2   0   0  -2  -1  -2  -2   3  -1  -1  -1   0   3  -1   2  -1   15   0   0   0   0   0   0   0   0   0   0  36   0   0   0   0  33   0  16   0  0.24 0.03
    5 L     1  -2  -2  -3  -1   1  -1  -3  -2   1   1  -1   3  -1  -2  -1  -1  -3  -2   3   14   0   0   0   0  13   0   0   0   0  15   0  14   0   0   0   0   0   0  45  0.19 0.04
    6 R    -2   4  -1   1  -3   0  -1  -2   3  -3  -2   0  -2   3  -3   0  -1  -2   0  -3    0  45   0  11   0   0   0   0  12   0   0   0   0  21   0  12   0   0   0   0  0.35 0.06
    7 K    -1   0   0   1  -3   1   3   1  -1  -3  -3   3  -2  -4  -2   1  -1  -4  -3  -3    0   0   0   9   0   0  26  12   0   0   0  41   0   0   0  12   0   0   0   0  0.42 0.08
    8 S    -1  -1  -1   2  -3   0   3  -2  -1  -2  -2   1  -2  -2  -2   1  -1  -2   2  -1    0   0   0  10   0   0  36   0   0   0   0  12   0   0   0  21   0   0  12   9  0.30 0.08
    9 L    -2  -2  -3  -3  -2  -2  -3  -4  -3   2   4   0   2  -1  -3  -2   0  -3  -2   1    0   0   0   0   0   0   0   0   0  15  55  10   7   0   0   0   7   0   0   6  0.36 0.10
   10 K    -1   2   1   1  -3   1  -1   0  -1   1  -1   1   1  -2   1   0   1  -3  -2  -1    0  15   7  11   0   7   0   8   0  14   0   6   9   0   8   6   9   0   0   0  0.12 0.06
   11 I     0  -2  -2   0  -2  -2   0  -3  -3   3   0  -2   0  -2   1  -1   2  -3  -2   2    8   0   0   6   0   0   6   0   0  39   1   0   0   0   8   0  16   0   0  14  0.23 0.10
   12 A     1  -1   1   0  -2  -1   0   2  -1  -2  -1   1  -2  -2   1   1   0  -3   0  -2   16   0   6   6   0   0   4  18   0   0   6  16   0   0   5  10   7   0   4   0  0.18 0.08
   13 N    -2   2   5   2  -4  -1   1  -2  -1  -4  -4   1  -3   0  -3   0  -1  -4  -3  -4    0  16  48  12   0   0   8   0   0   0   0   6   0   5   0   5   0   0   0   0  0.66 0.21
   14 S    -1   0   3   0  -3  -1   1  -2   1  -2  -3   0  -2   1   0   1   0  -2   3   0    0   6  21   5   0   0   9   0   4   0   0   4   0   5   5  16   3   0  14   8  0.23 0.14
   15 V     0  -2  -1  -1   5  -2  -1  -3  -2   2   0   0   2  -1  -3  -1   0  -3   2   2    8   0   3   4  18   0   5   0   0  14   3   6   7   0   0   3   4   0   9  17  0.22 0.14
   16 A     1  -4  -4  -5  -1  -4  -4   0   0  -3  -3  -2  -3   6  -5  -3   0  -2   5  -1   12   0   0   0   2   0   0   9   2   0   0   2   0  38   0   0   5   0  26   5  0.96 0.43
   17 F    -6  -2  -6  -7  -6  -5  -6  -7  -2  -5  -4  -3  -4   6  -7  -5  -5  -2   9  -5    0   2   0   0   0   0   0   0   0   0   0   2   0  28   0   0   0   0  68   0  2.44 0.85
   18 T    -2  -5  -2  -5  -4  -5  -5  -5  -5   3   0  -5  -2  -4  -5  -2   3  -5  -4   5    2   0   2   0   0   0   0   0   0  18   5   0   0   0   0   1  18   0   0  54  1.06 0.52
   19 Y    -6  -6  -6  -7  -7  -6  -6  -7   0  -2  -5  -6  -5  -1  -7  -6  -6  -2  10  -5    0   0   0   0   0   0   0   0   2   3   0   0   0   0   0   0   0   0  96   0  3.29 1.12
   20 M     1   1  -3  -4  -1   0  -1  -4  -3   2   1   1   4  -3  -4  -2  -1  -4  -3   2   12   7   0   0   1   5   4   0   0  11  16   8  16   0   0   1   2   0   0  17  0.31 0.25
   21 V    -3  -5  -5  -3  -4  -4  -5  -5   4   3   1  -5  -2   1  -5  -4  -1   8   3   1    2   0   0   2   0   0   0   0  12  20  15   0   0   5   0   0   5  21  10   8  0.94 0.45
   22 R    -3   4   0  -3  -1   1   0  -4  -1  -2   1   2  -2  -1  -2  -1   2  -4   0  -2    0  23   4   0   1   7   4   0   1   1  18  11   0   2   2   3  16   0   4   2  0.32 0.27
   23 F    -2   4  -1   1  -1  -2   0  -3  -3  -1  -1   0  -3   4  -4   0  -1  -3   0  -2    2  27   2   9   2   0   5   2   0   4   4   5   0  23   0   8   3   0   3   1  0.41 0.30
   24 P     0  -3   0   1  -4  -3   1  -4  -4  -2  -2   0  -4  -5   5   0   1  -5  -4  -1    8   0   5   9   0   0  10   0   0   1   4   5   0   0  36   7  11   0   0   4  0.71 0.39
   25 D    -2  -2   6   5   0  -3  -1  -1  -3  -6  -6  -1  -5  -6  -5   0  -2  -6  -2  -6    3   1  35  39   2   0   2   5   0   0   0   3   0   0   0   7   1   0   1   0  1.19 0.58
   26 K    -1   1   1  -1  -5  -2  -3   5  -4  -5  -5   1  -5  -5  -4   1   0  -5  -5  -3    4   7   6   3   0   1   0  53   0   0   0   8   0   0   0  10   6   0   0   2  0.90 0.46
   27 S    -2   1  -1  -1   0   0   0  -3   0   0  -2   3  -1  -4   0   1   2   1  -2   0    1   7   2   3   2   4   5   0   2   6   2  25   1   0   5   9  15   2   1   8  0.26 0.25
   28 F    -3  -3  -3  -6  -5  -1  -4  -6  -4   2  -2  -2  -3   7  -6  -2  -5  -3   5  -1    2   1   1   0   0   4   1   0   0  11   2   3   0  45   0   4   0   0  22   5  1.25 0.60
   29 Y    -7  -7  -7  -4  -7  -6  -7  -8   1  -6  -6  -7  -6  -1  -8  -7  -7   1  10  -6    0   0   0   1   0   0   0   0   3   0   0   0   0   1   0   0   0   2  93   0  3.41 1.26
   30 I    -3  -5  -5  -6  -1  -3  -5  -6  -5   6  -1  -2  -2   0  -5  -4   0  -5   1   4    1   0   0   0   1   1   0   0   0  44   3   3   0   3   0   0   5   0   6  32  1.07 0.54
   31 G    -4  -6  -3  -5  -6  -6  -6   7  -6   0  -6  -3  -6  -7  -6  -4  -5  -7  -7   0    0   0   1   0   0   0   0  84   0   6   0   1   0   0   0   0   0   0   0   8  2.06 0.85
   32 F    -2  -1  -4  -4   0   1  -3  -3  -3   0  -2   5   0   0  -5  -2  -4  -4   5   1    2   1   0   0   2   5   0   2   0   6   2  42   2   3   0   2   0   0  20   9  0.80 0.50
   33 K    -3   2  -3  -3  -5   0  -3   5   3  -5  -5   4  -4  -5  -4  -2  -1  -5  -4  -3    1   9   0   0   0   3   1  40   6   0   1  29   0   0   0   2   3   0   0   2  0.91 0.47
   34 K    -2   2   0   0   0   1  -2  -2   1   1  -3   3  -2  -1  -3   0   1  -4  -3  -1    2  14   3   5   2   7   0   3   3  11   1  23   0   2   0   7  12   0   0   4  0.29 0.25
   35 F     1  -2  -1   0   0  -2   0   4  -3  -2  -2  -1  -3  -1  -3  -1   2  -4  -3   0   11   2   2   5   3   0   5  34   0   2   2   4   0   3   0   3  16   0   0   8  0.39 0.27
   36 K    -2   3   4   1  -2   0   0  -2   1  -3  -2   3  -3  -4  -1  -1  -1  -4  -1  -4    2  18  24   7   1   3   4   2   3   1   4  17   0   0   3   4   4   0   2   1  0.47 0.30
   37 T    -3   5   2  -1  -2  -2  -2  -3  -1  -1  -2   2  -3  -4  -1   0   1  -4  -4  -3    1  37  12   3   1   0   1   2   1   5   4  15   0   0   3   5   9   0   0   1  0.62 0.37
   38 I     2  -3  -1  -2   3  -3  -2  -2  -3   3   1  -1   1  -2  -2  -2   0  -3   1   1   21   0   3   2   6   0   1   2   0  23  10   5   4   0   1   2   4   0   6   9  0.27 0.24
   39 Y    -2   0   3  -1  -4  -1   0  -2   4  -3  -2   0  -3   2  -4   0   0   3   4  -3    2   4  18   3   0   2   7   2  10   1   3   5   0   9   0   7   6   5  14   1  0.40 0.30
   40 G    -1  -1   1   0  -3   0  -1   2   2  -2  -2   0  -1   1   0   1   1  -3  -1   0    4   2   7   4   0   4   3  19   5   0   3   7   1   7   5  13   9   0   2   7  0.15 0.15
   41 K    -2   4  -2  -2  -4  -1  -2  -3   3   0  -1   4  -3  -2  -2  -1   0  -4  -1  -3    3  28   1   1   0   1   2   2   8   5   6  27   0   2   2   3   6   0   2   1  0.57 0.36
   42 D    -1   0   2   3  -1   1   3  -2   0  -3  -2   0  -1  -1  -1   1  -1   0  -3  -3    4   5  12  19   1   6  20   2   2   2   3   3   2   3   2   9   3   1   0   1  0.34 0.25
   43 T    -1   1   3   1  -3   0   0  -1   1  -2  -3   2  -1  -3  -1   2   0  -1  -1  -2    3   7  18   8   0   3   5   4   4   2   2  16   1   0   2  15   4   1   2   3  0.27 0.21
   44 N    -1   1   3   1  -3   0   1  -1   1   0   0   0  -2   0  -2  -1  -1  -3   0   0    6   7  21   9   0   2   8   4   4   5  10   5   0   4   2   3   2   0   3   7  0.13 0.14
   45 W    -1  -3   2   2   0  -2  -1  -3   3  -2  -2  -1  -3   2  -2   0  -1   8   0  -3    5   1   9  12   2   2   4   1   6   2   3   3   0   9   2   6   4  26   2   1  0.79 0.39
   46 K    -2   3   1   3  -1   0   1  -3   1  -2  -1   3  -3  -4  -1  -1  -1  -4  -3  -1    3  15   5  21   1   3   7   1   4   2   6  18   0   0   2   4   3   0   0   4  0.34 0.24
   47 E    -1   2   2   0  -3   0   1   1   1  -2  -3   1  -2  -1  -1   1  -1   0   0  -3    4  14   9   4   0   2  10  13   4   2   2  11   0   3   3   9   3   1   3   1  0.19 0.16
   48 Y    -1  -1  -3  -5  -5  -4  -4  -3   2   1  -1  -4  -3   0  -3  -3  -2   3   8   0    6   4   1   0   0   0   0   2   5   9   5   0   0   1   2   1   2   3  50   7  1.16 0.58
   49 N    -2   0   3  -2   0  -1  -1  -2   0  -1   0   0   4   1  -1   0   0  -3   1   1    2   4  20   0   2   2   2   2   3   2   8   5  12   6   3   6   6   0   4  10  0.19 0.21
   50 S     0   0   0  -1  -1  -2  -2   4  -1  -4  -3  -1  -3  -4   0   2   0  -4  -2  -4    6   5   4   3   1   0   2  36   2   1   3   4   0   0   4  20   5   0   2   1  0.50 0.31
   51 S    -1   1   0  -3  -3  -1  -1  -1   1  -1  -3   0  -3  -2  -2   5   0  -4  -3  -3    3   7   3   1   0   2   3   4   4   4   3   5   0   2   2  51   6   0   0   1  0.63 0.41
   52 S    -2  -2   1  -3   1  -2  -2   4   0  -2  -2   0  -3   1  -2   3  -2  -4  -3  -2    1   2   6   1   3   1   2  33   3   2   4   5   0   6   2  27   1   0   0   2  0.52 0.33
   53 K    -1   1   1  -2  -1   0  -1  -1   1  -3  -2   5  -3  -2  -2  -2   1   0  -2  -1    4   7   8   1   1   2   2   4   3   1   4  40   0   1   1   2  11   1   1   4  0.48 0.33
   54 L     1   0   2  -2   2  -2  -1  -2   2   1   1  -1  -1  -2  -2  -1   1   1  -2   0   17   7  12   1   5   1   4   1   6  10  13   2   0   1   2   3   8   2   0   4  0.13 0.16
   55 V    -1  -2  -2  -3   1  -3  -3  -3  -3   3   2  -1   1   0  -2  -2  -1   0  -1   3    5   2   2   1   3   1   1   1   0  24  17   5   3   3   2   2   3   1   2  22  0.31 0.20
   56 K    -2   1   1  -3  -4   1  -2  -1   0   1  -1   4  -2  -1  -3  -2  -2   0  -1   2    2   8   7   1   0   6   1   4   2  10   4  34   0   2   1   1   1   1   2  14  0.42 0.31
   57 E     1   3   2  -1  -3   1   1  -3   3  -2  -1   1  -2  -3  -3   0  -1  -4   0  -2   16  17  13   3   0   7  10   1   7   2   5   7   0   0   0   4   2   0   3   3  0.28 0.23
   58 K     3   3  -3  -3  -3  -1  -2  -3  -1  -1  -2   3   2   0  -3   0  -1  -4  -3  -1   32  16   1   1   0   1   1   1   1   3   2  18   6   4   1   6   3   0   0   5  0.43 0.32
   59 L    -1   0  -4  -4   0  -1  -3  -4  -1   5   1  -1  -1  -1  -4  -3  -2  -3   0   2    4   7   1   1   2   4   2   1   1  41   9   3   1   3   1   1   2   0   4  14  0.54 0.32
   60 K     0   1  -1   1  -1   2   3   0  -1  -4  -3   3  -3  -3  -1   0  -1  -4  -2  -3    6   5   2   9   1   9  18   7   1   1   3  23   0   1   3   6   3   0   1   2  0.33 0.24
   61 D     1   0   0   0  -4   0   0   1   0  -2  -3   4  -3  -1  -3  -1  -2   0  -3  -2   14   4   4   5   0   2   4  13   2   2   2  35   0   3   0   4   2   2   0   3  0.38 0.30
   62 Y    -3  -4  -1  -1  -5  -3  -1   3   4  -4  -4  -1   0  -2  -2  -3  -2  -2   7  -1    1   0   2   4   0   0   5  19  11   0   1   5   2   0   2   1   2   0  37   5  0.88 0.49
   63 K    -1  -1   2  -3  -5  -3   2   5  -4  -3  -4   0  -4  -3  -2  -1  -1  -5  -4  -4    5   4   9   0   0   0  13  47   0   1   2   6   0   1   1   4   3   0   0   0  0.77 0.43
   64 A    -1  -1  -2  -2  -2  -2  -1  -3   1   2   0   1  -2   1   3  -1   0   3   2   0    6   2   1   1   1   0   5   1   4  14   9  10   0   6  15   2   5   4   8   6  0.20 0.19
   65 K    -3   1   0   2  -5  -1   4  -1   2  -1  -3   2  -4  -5  -2  -1   0  -5  -4  -4    0   8   3  11   0   1  34   5   6   5   3  13   0   0   2   2   6   0   0   0  0.54 0.38
   66 W    -2  -1   3  -1  -2  -1  -2  -2  -2   1  -2   3  -1  -1   0   0  -2   4   1   1    2   3  18   2   1   2   0   2   1   8   3  19   1   2   4   8   0   6   6  13  0.29 0.28
   67 I    -3  -1  -2  -3  -4  -2   1  -5   1   2  -1  -1  -1   6  -2  -3   0  -3   2   0    1   3   1   1   0   2  10   0   4  12   4   3   1  35   2   1   7   0   7   6  0.57 0.36
   68 I    -5   0  -6  -6  -5  -2  -2  -7  -6   7   0  -2   0   0  -6  -5  -1   1  -4   2    0   5   0   0   0   2   3   0   0  62   5   2   2   4   0   0   4   2   0   9  1.22 0.62
   69 L    -3   0  -5  -3  -1  -4  -2  -6   0   2   5  -2   0  -3  -5  -5  -3   1  -4   2    1   5   0   1   1   0   3   0   2  13  52   3   1   0   0   0   1   2   0  13  0.77 0.45
   70 Q    -1   0  -1   1   1   1   2  -1   4  -3  -3   1  -3   1  -4  -1  -3   6   1  -2    5   4   2  10   3   5  14   5  11   1   2  11   0   7   0   3   0  11   4   3  0.38 0.29
   71 V    -1  -1  -1  -1   2  -1   2  -1  -3  -1   0  -1  -1   0  -1   0   1   4  -1   2    4   2   2   3   6   1  15   5   0   2   7   4   1   4   2   7   8   7   2  19  0.15 0.19
   72 F    -2  -4   1  -2   2  -2  -3   0  -1  -2  -1  -2  -3   6  -3  -3  -4   2   4  -3    4   0   9   2   5   2   2   6   1   2   4   3   0  40   1   2   0   3  13   2  0.79 0.45
   73 D    -1  -2  -2   4  -4  -1   2  -2  -3   1   1  -1  -1  -3   1  -1   0  -5  -4  -2    4   2   1  26   0   2  13   2   0   9  19   3   1   1   7   4   5   0   0   1  0.33 0.28
   74 S    -2  -1   2  -2   3  -3  -2  -4   3  -3  -3  -3  -2  -5  -3   3   5  -6  -4  -1    2   3  11   1   6   0   3   0   7   1   1   1   1   0   1  21  38   0   0   4  0.77 0.52
   75 Y    -2   1  -2   0   0   0   5  -3  -3  -2  -2   1   0  -2  -1   0  -1   3   0  -4    3   7   1   4   2   3  41   1   0   2   5   6   3   2   3   6   3   5   3   0  0.54 0.41
   76 E     0  -1   1   3  -5   2   4  -2  -1  -3  -4   1  -4  -4  -4   2   0  -5  -4  -3    8   2   6  14   0   7  30   3   1   1   1   7   0   1   0  14   4   0   0   2  0.52 0.38
   77 S    -4  -2  -1   3  -2   1   6  -4   2  -7  -5  -2  -6  -3  -2  -2  -5  -7  -5  -6    1   1   2  18   1   6  59   1   4   0   1   2   0   1   2   2   0   0   0   0  1.36 0.72
   78 A     6  -2  -5  -3   1  -4  -3  -4  -5  -4  -1  -4   4  -5  -5  -2   0  -6  -5  -3   66   2   0   1   3   0   1   0   0   0   7   0  12   0   0   1   5   0   0   1  1.27 0.72
   79 L    -2  -2  -1  -3   2  -2  -3  -5   2  -1   3  -4  -2   5  -3  -2  -2  -3   4  -1    3   2   3   1   4   1   2   0   5   2  27   0   0  25   1   2   2   0  16   3  0.63 0.40
   80 K     2   1   0   0  -4   1   2  -2   1  -2  -1   2   0   0  -3   0  -2  -1  -1  -1   19   7   4   4   0   7  16   1   3   2   5  15   2   4   0   6   0   1   1   3  0.22 0.23
   81 H     0   1  -3  -2   0  -2   1  -4   6   0   2   1  -1  -1  -4  -2  -3   2   0   0    8   8   0   1   2   0   8   0  21   6  18  10   1   2   0   2   1   3   3   6  0.39 0.32
   82 E    -2  -2  -5  -3  -8  -3   8  -7  -5  -8  -8  -4  -7  -8  -6  -3  -5  -8  -7  -7    4   2   0   0   0   0  92   0   0   0   0   0   0   0   0   2   0   0   0   0  2.48 1.11
   83 E     0   2  -2  -3  -4   0   2  -4  -2   2  -1   0   4  -3  -4   0  -1  -4  -2   1    9  15   1   0   0   4  12   0   1  13   4   6  12   0   0   9   4   0   1   9  0.29 0.28
   84 M     1  -2  -4  -3  -5   0   4  -5  -3   0   1  -1   3   2  -4  -2  -3   1   2  -2   12   2   0   0   0   4  30   0   0   4  17   2   7  10   0   2   1   2   6   1  0.46 0.38
   85 L    -2  -2  -5  -6  -4  -4  -1  -6  -5   2   4  -2   1   0  -5  -4  -1   5   1   1    3   2   0   0   0   0   4   0   0  11  48   2   4   3   0   0   3   7   6   8  0.74 0.44
   86 I    -2  -3  -6  -4  -5  -6  -6  -7  -7   7  -2  -6   0  -4  -6  -5   1  -6  -5   3    3   2   0   1   0   0   0   0   0  69   1   0   2   0   0   0   8   0   0  15  1.67 0.76
   87 R     1   1   2   2  -1   0   3  -1  -2  -2  -1   1  -1  -4  -3   1  -2  -1  -3  -2   12   8   9  12   2   4  19   5   0   2   5   7   1   0   0  10   1   1   1   1  0.25 0.23
   88 K    -1   0  -1   0   0   0   2  -3   0   0   0   2   0  -1  -1   0   0   1   0  -1    3   5   2   4   3   2  17   1   3   5  10  15   3   2   2   7   5   2   4   5  0.10 0.14
   89 Y    -3  -5  -5  -4  -2  -4  -2  -6   3   0   1  -3   0   6  -6  -4  -2   1   5   0    2   0   0   1   1   0   3   0   7   5  11   2   2  33   0   0   3   1  23   6  0.96 0.50
   90 F    -1  -1  -1  -1   1  -2  -2   5  -1   0  -2   1  -3  -2  -4  -2  -3  -1  -2   2    4   3   3   3   4   2   2  41   1   5   3   8   0   2   0   2   0   1   1  15  0.49 0.34
   91 N    -1   5   1   0  -5   0  -1  -2  -3  -3  -1   1   0  -5  -2   0   1  -5  -4  -3    6  40   6   5   0   3   2   3   0   1   7   5   2   0   2   7   9   0   0   1  0.56 0.39
   92 N    -2   4   2   1  -2  -1  -1  -2   1  -2   0   2   1  -4  -4   0  -2  -4   0  -1    2  26   9   8   1   2   2   2   3   2  10  16   3   0   0   7   1   0   4   4  0.36 0.30
   93 E    -2  -3   1   4  -5  -1   1   0   2  -3  -5  -1  -4  -3   4   1  -2  -5   1  -4    1   1   6  23   0   2   9   7   6   2   0   4   0   1  19  11   1   0   6   1  0.56 0.38
   94 F    -2  -1   3   2  -3   0  -1  -1   1   0   1  -1   0   1  -2  -1   0  -1   0  -1    2   3  15  12   0   4   3   3   4   6  19   4   3   5   1   4   5   1   4   2  0.12 0.15
   95 I    -3  -2   2  -4   4  -4  -4   0  -4   0   4  -2  -2  -2  -5  -2   2   3  -2  -2    0   2  10   0  10   0   0   8   0   4  39   2   0   1   0   3  14   4   1   1  0.54 0.39
   96 L     0   0  -5  -5   2  -4  -5  -5  -3   0   2  -4   0  -2  -5  -4   1  -3   6   1    7   5   0   0   4   0   0   0   0   5  21   0   2   0   0   0  11   0  33  11  0.79 0.48
   97 N    -4  -5   9  -3  -7  -5  -5  -5  -4  -7  -8  -2  -7  -7  -6  -4  -5  -8  -7  -7    1   0  95   0   0   0   0   0   0   0   0   2   0   0   0   0   0   0   0   0  2.99 1.17
   98 K    -2   0  -4  -5  -1  -2  -1  -4  -4   3   4   2   4  -3  -5  -2  -3  -4  -4   0    2   4   0   0   1   2   3   1   0  16  37  15  11   0   0   2   0   0   0   5  0.58 0.38
   99 S     2  -1  -2  -1  -2  -1  -3  -2  -4  -3  -3   1  -1  -2  -4   1   5  -5  -4  -2   18   3   1   3   1   3   0   2   0   1   1  10   1   2   0  11  42   0   0   1  0.70 0.49
  100 I    -2  -2   1   4  -4  -1   0  -2  -1   2  -1  -1  -1  -4   2  -2  -1  -5  -3   1    2   1   7  26   0   2   6   3   1  15   6   4   1   0   9   1   3   0   1  11  0.33 0.27
  101 G    -3  -6  -4  -3  -1  -6  -6   7  -6  -7  -7  -6  -2  -7  -6  -2  -5  -6  -3  -4    1   0   0   1   1   0   0  90   0   0   0   0   1   0   0   2   0   0   1   2  2.22 0.88
  102 G    -4  -6  -4  -2  -6  -5  -6   7  -6  -8  -7  -2  -7  -7  -6  -2  -1  -7  -7  -7    0   0   0   2   0   0   0  88   0   0   0   3   0   0   0   3   4   0   0   0  2.19 0.87
  103 Y    -2   2  -3   1  -5   0   4  -1  -3  -4  -2   2  -1   1  -4  -1  -3  -1   1  -3    1  11   0   8   0   4  32   6   0   0   4  14   2   6   0   3   0   1   5   2  0.47 0.34
  104 K    -3  -1   0   0  -6  -5  -5   7  -5  -6  -6  -2  -6  -6  -3  -2  -2  -6  -6  -6    0   3   4   4   0   0   0  78   0   0   0   2   0   0   2   3   3   0   0   0  1.71 0.71
  105 F    -1  -2  -1  -4  -2  -3  -3   4  -4  -2  -2  -3   1   2   2  -1   1   0  -3   1    3   2   3   0   1   0   1  35   0   1   3   0   4   8   9   4   9   2   0  14  0.44 0.33
  106 N     0  -2   3   0  -2  -1  -1  -1  -1  -3  -2  -1  -3  -2  -4   5   0   2   0  -3    5   1  13   5   1   2   2   5   1   1   5   2   0   1   0  45   4   2   4   1  0.54 0.40
  107 K    -2  -2   1  -1  -1  -1  -2   6  -4  -3  -4   1  -4  -3  -1   0   0  -5  -5  -4    2   1   6   3   2   2   3  56   0   1   1   8   0   1   3   5   5   0   0   0  0.88 0.44
  108 Y    -1   1  -1  -2  -1  -1  -1  -1   3  -1   0   1  -1   1  -2  -1  -2   3   5  -1    4  10   2   1   1   1   3   4   8   4   8   9   2   5   2   3   1   4  23   5  0.28 0.22
  109 P     0   0  -1   0  -1   0   0  -1  -2   1  -1   1  -2  -3   2   1   1  -3  -1   0    6   5   2   6   2   5   5   4   0  11   3  11   0   0  12  12   8   0   3   7  0.13 0.13
  110 D    -1   0   0   0  -1   0  -1  -3   6   0   0  -1   0  -1   2  -3  -2   2  -2   0    5   5   4   6   2   3   2   1  22   5  12   4   3   3  12   0   1   3   0   8  0.33 0.26
  111 S    -3  -3  -1  -2  -4  -2  -2  -1  -4  -2  -3  -2  -2  -5  -2   5   5  -5  -5  -4    0   1   2   2   0   1   1   4   0   2   2   2   1   0   2  47  32   0   0   0  1.00 0.59
  112 E     0  -3   0   4  -5   0   4  -2  -3  -4  -4   0  -2  -5   1  -1  -1  -5  -4  -3    8   0   4  23   0   3  35   3   0   1   2   6   1   0   7   3   3   0   0   2  0.65 0.40
  113 E     0  -1  -2   0  -2   0   7  -3  -2  -4  -6  -1  -5  -6  -4  -1  -3  -6  -5  -5    7   3   1   4   1   3  69   2   1   1   0   3   0   0   0   4   1   0   0   0  1.35 0.67
  114 H     1   0  -1  -4  -4  -2  -2  -4   4  -4  -3  -2  -1  -2  -4   2   5   3  -1  -3   13   4   2   0   0   1   2   0   9   0   1   2   1   2   0  12  44   4   2   1  0.75 0.48
  115 K    -4   6  -4  -3  -2  -2  -2  -5  -4  -2  -3   5  -4  -5  -3  -4  -4  -6  -1  -3    0  47   0   1   1   0   1   0   0   2   3  39   0   0   1   0   0   0   2   2  1.44 0.67
  116 Q     2   3  -1   0  -4   3   1  -2   0  -3  -2   3  -3  -4  -2   0  -1  -1  -3  -3   22  14   2   4   0  12   9   2   2   1   4  17   0   0   1   5   2   1   0   0  0.36 0.28
  117 K    -2   1  -1  -4  -6  -1  -3  -5   0  -6  -2   7  -2  -6  -2  -2  -4   1  -5  -5    2   7   2   0   0   2   0   0   2   0   4  73   1   0   2   3   0   2   0   0  1.52 0.72
  118 L    -4  -1  -2  -5  -4  -2  -5  -6  -1   5   3  -2   6  -1  -5  -2  -3   1  -4   0    0   3   2   0   0   2   0   0   2  33  25   3  21   1   0   4   0   2   0   2  0.83 0.47
  119 S    -1   0  -1  -2  -5  -3  -3   0  -2  -2  -4  -1  -5  -6  -4   6  -2  -6  -5  -1    3   5   2   2   0   0   1   6   1   2   1   2   0   0   0  70   0   0   0   4  1.16 0.67
  120 N     2   0   2   1  -4   0   2  -2  -3  -1  -1   2   0  -4  -3   0  -1  -5  -4  -2   20   3  11   7   0   2  16   1   0   4   8  16   2   0   0   5   3   0   0   1  0.26 0.25
  121 A     4   0  -1  -4  -3  -1  -3  -2  -3  -1  -1   1  -3  -1  -3   1   0  -1  -1  -1   44   5   3   0   0   3   0   1   0   4   7  10   0   2   0   9   6   1   2   3  0.41 0.34
  122 H     0   0   3  -3  -4   2  -1  -3   5  -2   1   2   1  -2  -4   0  -1  -4  -1  -2    8   4  15   0   0  10   2   0  14   1  19  12   4   1   0   5   3   0   1   1  0.35 0.30
  123 K    -3   3  -2  -4  -5  -2  -3  -3   1   0  -2   5   3  -3  -3   0   0  -5  -2  -3    0  16   1   0   0   0   0   1   3   7   3  43   7   1   1   8   6   0   1   1  0.69 0.44
  124 G    -1  -3  -2  -2  -2   0  -4   7  -5  -6  -6  -1  -5  -6  -5  -1  -3  -6  -6  -6    5   1   1   2   1   4   0  75   0   0   0   4   0   0   0   3   2   0   0   0  1.56 0.65
  125 K    -1   6  -2  -4  -6   2  -2  -5  -3  -2  -3   5  -1  -5  -3  -1  -3  -5  -2  -2    4  40   1   0   0   7   1   0   0   3   2  32   1   0   1   3   0   0   1   3  0.98 0.52
  126 I    -1   0  -1  -1  -3   0   0  -3  -1   1  -1   3   0   0   1   0   1   3  -2   1    3   4   3   3   0   2   4   1   1  12   3  22   2   3   6   5   9   4   1  11  0.15 0.18
  127 L    -2   1  -1  -3  -1   0   0  -3   2   1   1   1   1   0  -1  -1  -1   0  -1   1    1  11   3   0   2   3   6   1   8   6  17   8   5   5   3   2   2   1   1  13  0.10 0.13
  128 S    -2   1   1   1  -4  -3  -2  -2  -4  -3  -5   0  -4  -5   1   5   2   0  -4  -4    0   7   5   7   0   0   1   3   0   1   0   5   0   0   6  48  14   1   0   0  0.75 0.50
  129 L     0  -2   0   2  -4   0   3  -3  -3  -1   0   0   0  -3   4  -1  -2   0   0  -2    6   1   4  12   0   4  20   0   0   3  11   6   2   0  19   4   0   1   4   1  0.35 0.26
  130 K     1  -2  -3   1  -5   0   5   0  -3  -2  -2   1   0  -3  -1  -1  -2  -5  -4  -1   12   0   0   6   0   2  44   7   0   2   3   9   2   1   3   4   2   0   0   5  0.53 0.37
  131 H     0   0  -1  -2  -4  -1  -1  -3   7  -2  -3  -3   1   1  -4   0   3  -4   0  -1    8   4   1   2   0   1   3   2  33   2   1   0   4   6   0   5  21   0   2   5  0.69 0.41
  132 K    -3   6  -1  -4  -1  -1  -3  -4  -3  -2  -5   4  -4  -5  -1   1  -1  -5  -4  -3    0  45   2   0   1   2   0   0   0   3   0  27   0   0   2  12   3   0   0   1  1.06 0.54
  133 D     3   0  -1   3  -4   1   3  -3  -3  -1  -3   1  -1  -5  -2   0  -2  -5  -4  -3   31   5   2  17   0   6  18   0   0   3   2   8   1   0   1   4   0   0   0   0  0.48 0.35
  134 K     0   3   1  -3  -5  -1   2  -4  -3  -3  -5   6  -1  -6  -4  -2  -1  -6  -5  -4    9  12   5   0   0   1  12   0   0   2   0  53   1   0   0   1   4   0   0   0  0.97 0.52
  135 I    -3  -3  -4  -5  -1  -2  -4  -5  -2   5   2  -4   4  -1  -5  -1   1   0  -2   1    0   1   0   0   1   2   0   0   1  39  18   0  12   1   0   5   9   1   1   8  0.68 0.38
  136 R     0   4   0  -3  -4  -2  -1  -2  -3  -5  -4   0  -4  -5  -4   5  -2  -5  -4  -2    7  27   3   0   0   0   2   2   0   0   1   5   0   0   0  50   0   0   0   3  0.92 0.54
  137 E     2   2  -1   0  -4   2   3  -3  -2  -3  -2   2  -3  -4  -3   0  -2  -1  -4  -2   18  11   3   5   0   8  25   0   0   1   3  16   0   0   0   7   0   1   0   2  0.43 0.30
  138 K     3   1   0  -3  -3  -1  -1   1   1  -2  -4   3  -3  -4  -3   1   0  -4  -1  -3   34   7   5   0   0   2   1   9   4   2   0  19   0   0   0  10   4   0   2   0  0.40 0.29
  139 L    -1   1  -1  -2   2   1  -1  -2   0   1   2   0   2  -1  -2  -1   0  -2  -1   1    3   8   2   1   5   8   1   1   3   7  25   6   6   2   1   5   5   0   2   9  0.11 0.11
  140 I     0   1   1  -1  -2   0  -1   0  -2   1   0   2   0  -2   1   1   0  -3  -2  -1    5  10   8   3   0   2   1   7   0  12   7  17   3   1   5  10   5   0   1   3  0.09 0.10
  141 E     0   0   0   0   0   0   2   3  -2  -1  -2   1  -1  -2  -2  -1  -1   0  -2  -2    8   4   4   5   2   4  21  24   0   4   1   7   2   2   1   2   4   2   1   3  0.23 0.15
  142 H     0   1   1  -1  -2   1   0   1   2  -1  -2   1  -1  -1  -1   1   0  -2   0  -1    9   9   9   1   0   5   4  10   7   5   3   9   0   3   3  10   5   0   5   4  0.08 0.07
  143 Y    -1   1   1  -2  -3  -1  -1  -2   1   0  -2   2  -2   0   1   0  -1   3   3  -1    3   6  10   1   0   1   3   3   5   7   2  16   0   2   8   6   3   5  14   5  0.19 0.15
  144 K    -1   2   1  -1  -4   1   2  -2   0  -3  -2   4   0  -3  -2   0   0   0  -3  -2    3   9   6   2   0   7  13   2   1   1   4  36   2   0   1   6   5   2   0   2  0.42 0.25
  145 N     0   0   2   0  -3  -2  -2   3   2  -4  -4   1  -3  -2   1   1   0  -4  -3  -3    6   5  13   3   0   0   0  27   6   0   1  10   0   2   6  13   6   0   0   1  0.36 0.22
  146 N    -1   2   1   0  -1   1   0  -1   4  -2  -3   2  -1  -3   1   1  -1   0   0  -3    4  16   7   4   1   5   3   4  13   2   1  12   2   0   8  10   3   1   3   1  0.26 0.18
  147 S    -1  -1  -1  -1  -3   0   1   0  -1   0  -1   2  -2  -1   2   1   0  -3   0   1    3   0   2   2   0   3   9   5   1   6   3  20   0   2   8  15   3   0   4  13  0.14 0.16
  148 R    -1   4  -1  -1   0   1   0  -1   4  -1  -1   1  -2   1  -3  -1  -1  -3  -2  -2    4  28   2   2   2   8   4   4  11   3   8   8   0   6   0   2   3   0   0   3  0.29 0.21
  149 S     1   0  -2  -1  -3   0  -2   0  -3  -1  -2   1  -3  -4   0   4   1  -4  -3  -1   10   4   0   3   0   3   0   7   0   3   3  10   0   0   3  39   8   0   0   4  0.36 0.28
  150 E    -1   2   1   1  -5   2   5  -4   0  -1  -4   0  -3  -5   0  -2  -1  -5  -4  -4    6  10   6   8   0   9  41   0   2   5   0   4   0   0   5   0   3   0   0   0  0.60 0.35
  151 A     2   0  -1  -1  -4  -1   3  -1   0  -1  -3   3  -3  -4  -1   0  -1   1  -3  -1   19   2   2   2   0   0  25   5   2   3   0  23   0   0   2   6   3   2   0   4  0.35 0.27
  152 H    -2   0   1  -1   0   0   0  -1   7   0  -2   1   1  -3  -3   0  -1   1   0  -2    3   3   6   4   2   2   5   5  33   6   4   8   5   0   0   6   2   2   2   2  0.45 0.27
  153 V    -1   1   0  -1  -3   0   2  -2  -2   1  -1   2   1  -3   0   0   0  -3  -2   0    3  10   5   0   0   2  14   2   0  10   5  16   4   0   3   8   7   0   0   8  0.14 0.13
  154 K     0   4  -1  -2  -4   1  -1  -1   1  -4  -4   4  -3  -4  -1  -1   0  -4  -3  -2   10  26   2   0   0   6   2   4   4   0   0  32   0   0   2   3   6   0   0   2  0.55 0.30
  155 N     1  -1   4  -1  -3   0  -2   1   0  -2  -1   2   2  -3  -1   0   0  -4  -3  -2   12   2  30   0   0   2   1   8   2   2   5  16   6   0   2   3   5   0   0   1  0.34 0.23
  156 N    -2   2   4  -1  -3   0  -1  -1   1  -2  -1   2  -1  -1  -1   2   0  -4  -2  -2    1  12  24   0   0   4   0   2   3   2   6  12   2   4   2  18   4   0   0   3  0.29 0.21
  157 I     0   0  -3  -3  -3  -1  -2  -3  -3   4   1   1  -1  -1   0  -1   1  -3  -1   1    9   5   0   0   0   2   0   0   0  32  17  11   0   2   4   2   9   0   2   5  0.24 0.20
  158 G     1  -2  -2  -3  -3  -3  -2   5  -3  -2  -3  -1   0  -1  -3   0  -2   1  -3  -1   12   2   0   0   0   0   2  56   0   3   1   3   3   3   0   6   0   2   0   6  0.75 0.32
  159 S     0   2   0  -2  -3   2   0  -2   1  -2  -2   2  -2  -3  -1   3   2  -4  -3  -2    5   9   2   0   0  11   3   2   4   2   4  17   0   0   2  24  12   0   0   0  0.30 0.21
  160 R    -1   3   0  -1  -4   1   1  -3   0  -2  -1   5  -2  -4  -3  -2  -1  -4  -3  -1    6  14   4   3   0   4   7   0   2   2   5  44   0   0   0   0   3   0   0   6  0.50 0.27
  161 T    -1   1   0  -1   0   1   1  -2   4  -1  -1   0   1  -3  -2   1   2  -3  -2  -1    4   7   2   3   2   5  12   2  16   5   4   4   4   0   0   9  17   0   0   2  0.21 0.17
  162 A     1  -1   0  -2   0  -1  -1   0  -2  -1  -2   1  -2  -3   1   3   1  -4  -3  -1   14   2   5   0   2   2   2   7   0   4   4   8   0   0   7  32   7   0   0   4  0.25 0.20
  163 K     0   2   0   0  -4   2   3   0  -2  -4  -3   4  -3  -4   0  -1  -2  -4  -3  -2    7  11   4   3   0   7  19   6   0   0   2  32   0   0   4   2   0   0   0   4  0.43 0.25
  164 K     0   2   1   0  -4   0   3  -2  -2  -2  -4   4  -3  -2  -3   0  -1  -4  -3  -3    8   9   6   4   0   0  23   2   0   2   0  34   0   2   0   5   3   0   0   0  0.48 0.27
  165 T     1   1   0   0  -3   0  -2  -3  -3  -1  -3   1  -2  -2  -1   0   4  -4  -3  -1   15   8   5   6   0   3   0   0   0   4   0   8   0   2   2   2  41   0   0   3  0.39 0.26
  166 V    -1  -1  -2   0  -2  -2  -1  -2  -3   3   1   1   1  -1   0  -1   0   2   0   1    5   2   0   6   0   0   3   3   0  29  11  11   5   0   3   3   5   3   3   9  0.12 0.13
  167 S     1  -1   0   0  -3   1   3  -2  -2  -2  -3   1  -2  -4   1   3   1  -4  -3  -2   11   0   3   4   0   6  20   0   0   3   0  11   0   0   6  29   8   0   0   0  0.36 0.21
  168 I     0   0  -2  -2  -2  -1   0  -3   0   2   1   0   1  -1  -2   0   0   2   0   1    8   3   0   0   0   0   8   0   3  18  16   9   3   0   0   8   8   4   3   7  0.09 0.09
  169 A     3   0   2   0   1  -1   0   0  -2  -1  -3   1   0  -3  -2   1   0  -4  -3  -1   36   3  10   3   3   0   3   7   0   2   0  12   2   0   0   9   6   0   0   3  0.26 0.18
  170 L     0  -1  -1  -3  -2  -1  -1  -2  -2   2   2  -2   4   1  -3  -1  -2  -2   0   0   10   3   3   0   0   3   4   3   0  14  29   0  17   5   0   5   0   0   3   0  0.22 0.16
  171 K    -2   1   1  -1  -4   1   2  -3  -2  -4  -3   5  -3  -3  -2   1   0   2   0  -3    0   4   7   0   0   3  14   0   0   0   1  46   0   0   0  12   5   3   3   0  0.54 0.25
  172 S     1   1   2   0  -2   0   0   0  -1   0  -2   1  -2  -3  -2   1   2  -3  -2  -1   11   7  12   4   0   5   3   4   0   9   1  10   0   0   0  13  18   0   0   0  0.17 0.10
  173 G     1   3  -1  -2  -3  -1  -2   4  -2  -3  -3   0  -3  -3   0   1   0  -3  -3  -3   12  19   0   0   0   0   1  41   0   0   1   4   0   0   4  12   4   0   0   1  0.51 0.19
  174 N    -1   1   4   1  -3   0   1   0  -1  -1  -3   1  -2  -3  -2   1   0  -3  -2  -1    1  11  30   9   0   1   9   4   0   5   1   7   0   0   1  12   5   0   0   4  0.30 0.14
  175 K    -1   2   1  -2  -3   1   0  -1  -1  -2  -1   4  -2   0  -2  -1  -2  -2   1  -1    4  11   7   0   0   7   5   5   0   0   5  37   0   4   0   1   0   0   7   4  0.29 0.16
  176 F    -2  -1  -2  -3  -2  -2  -1   0   2   1   1  -2   0   3  -3  -2  -2   3   3   2    1   4   0   0   0   0   4   8   7   5  16   0   0  16   0   1   0   4  12  19  0.20 0.11
  177 R    -1   3   1   2   1   2   0  -2   1  -2  -2   2  -2  -3  -2   1  -1  -3  -2  -1    5  25   4  13   4   9   0   0   4   0   4  14   0   0   0  11   0   0   0   4  0.27 0.13
  178 S     1   0   2  -1  -2  -1   0   1  -2  -3  -2  -1  -2  -3  -2   4   1  -3  -3  -2   11   4  10   0   0   0   5   9   0   0   5   0   0   0   0  44   9   0   0   0  0.36 0.18
  179 F    -1   0   1  -2  -2  -1  -1  -1  -2   1   1   0   1   3   0  -1  -1   3   0  -1    6   5   9   0   0   0   5   4   0  11  14   5   4  20   5   5   0   5   0   0  0.10 0.08
  180 K     1   2   2   0  -3   0  -1  -2   1  -3  -3   3  -2  -3  -2   2   0   3  -2  -3   10  10  10   4   0   0   0   0   5   0   0  31   0   0   0  18   6   5   0   0  0.36 0.17
  181 S     0   1   2   1  -3   2   1   1  -1  -3  -3   1  -2  -3  -2   1   1  -3   0  -2    6   5  10   5   0  11  11  10   0   0   0  12   0   0   0  15  10   0   5   0  0.23 0.09
  182 A     3   0   1  -2  -2  -1  -1   1   1   0  -1   0  -1  -3  -2   1  -1  -3  -2   0   37   6  10   0   0   0   0  11   5   5   5   5   0   0   0  11   0   0   0   5  0.19 0.12
  183 A     2   1  -1   0   2   1   0   0   1  -1  -2   0  -2  -2   0   1  -1  -3   0  -1   25  12   0   5   6   5   5   6   5   6   0   5   0   0   5  10   0   0   5   0  0.13 0.09
  184 K    -2   2   2  -1  -4   1   2  -2  -1  -3  -1   4   1  -3  -2   0  -1  -4  -3  -3    0  11  11   0   0   6  17   0   0   0   6  39   5   0   0   7   0   0   0   0  0.42 0.16
  185 F    -1   0   1  -2  -2  -1   0  -2   1   0   1  -1   1   3  -3  -1  -2   4   2  -1    7   6  12   0   0   0   7   0   5   6  12   0   6  22   0   0   0   6   6   0  0.18 0.09
  186 L     0   0   0  -2  -2  -1   0   0  -2   1   2  -1   0   1  -2  -1   1  -2  -1   0    8   7   6   1   0   1   6   6   0   7  31   1   0   6   1   1  12   0   0   7  0.06 0.05
  187 K    -1   0  -1   1  -4   2   2   0  -2  -4  -4   5  -3  -4   1   0  -1  -4  -3  -3    0   0   0   6   0   7  13   7   0   0   0  54   0   0   7   7   0   0   0   0  0.54 0.18
  188 C     1  -3  -3  -3   6  -2  -3  -3  -2   1   1  -2   0   1  -3  -1   0  -2   1   0   14   0   0   0  25   0   0   1   0   7  21   0   0   8   0   1   7   0   8   6  0.30 0.10
  189 S     0   1   3  -1  -2   1  -1   1   2  -3  -3   0  -2  -2  -2   3   0  -2   1  -2    1   8  17   0   0   8   1   9   8   0   1   0   0   0   0  37   0   0   8   1  0.29 0.10
  190 E     1   1  -1   1  -3   1   1   0  -1  -2  -2   1  -2   0   3  -1  -1  -3  -2  -1   15   9   0   8   0   9   6   8   0   0   0  15   0   8  15   0   0   0   0   8  0.20 0.06
  191 E     1   1  -1   0  -3   0   3  -2  -1   0  -2   1  -2  -3  -2   1   1  -3  -2  -1   14   8   0   0   0   0  38   0   0   9   0   7   0   0   0  16   9   0   0   0  0.31 0.11
  192 Q    -1   2   1  -1  -3   4   0  -2  -1  -3  -3   3  -2   0   1  -1   1  -3  -2  -2    0   8   9   0   0  29   0   0   0   0   0  23   0   8   8   0  15   0   0   0  0.37 0.13
  193 V    -1  -3  -3  -3  -2  -2  -3  -3  -3   4   1  -2   2  -1   1   0   1  -3  -2   2    0   0   0   0   0   0   0   0   0  39   8   0   8   0   8   8   8   0   0  21  0.32 0.11
  194 S     2   1   1  -1   3  -1  -1  -1  -2   0  -2   1  -2  -3  -2   3   0  -3  -2  -1   17   7   9   0   9   0   0   0   0   9   0   8   0   0   0  41   0   0   0   0  0.27 0.11
  195 N    -1   1   5   2  -3   0   0  -1   3  -4  -4   0  -3  -3  -2   2   0  -4  -2  -3    0  10  47  11   0   0   0   0  11   0   0   0   0   0   0  21   0   0   0   0  0.55 0.12
  196 H    -1  -2  -1  -2  -2  -1  -1  -2   6   1  -1  -2  -1  -1  -2   1  -1   5   0   1    0   0   0   0   0   0   0   0  37  13   0   0   0   0   0  25   0  12   0  14  0.40 0.09
  197 P    -1  -1  -2  -2  -2  -1  -1  -2  -2   2  -1   1  -1  -2   5  -1  -1  -3  -2   0    1   1   1   1   0   1   1   1   0  29   1  16   0   1  43   1   1   0   0   1  0.61 0.05
  198 N     0  -1   3   2  -2  -1   0  -1  -1  -1  -2  -1  -1  -2  -1   1   2  -3  -2   0    1   1  27  15   0   1   1   1   0   1   1   1   0   1   1  16  16   0   0  16  0.21 0.03
  199 V     2  -2  -2  -2  -1  -1  -2  -2  -2   2   1  -2   2  -1  -2  -1   0  -2  -1   2   29   1   1   1   0   1   1   1   0  31   1   1  15   1   1   1   1   0   0  14  0.15 0.03
  200 I    -1  -2  -2   1  -1  -2  -1  -3  -2   3   1  -2   2  -1  -2  -2  -1  -2  -1   2    1   1   1  14   0   1   1   1   0  43   1   1  15   1   1   1   1   0   0  16  0.18 0.04
  201 D    -2  -1   1   5  -3   0   1  -1   4  -3  -3  -1  -2  -3  -1   0  -1  -3  -1  -3    1   1   1  67   0   1   1   1  18   1   2   1   0   1   1   1   1   0   1   1  0.62 0.05
  202 I     0  -2  -1  -2  -1  -1  -2   2  -2   2   1  -1   3  -1  -2  -1  -1  -2  -1   1    2   1   1   1   0   1   2  28   1  27   2   1  24   1   1   2   1   0   1   2  0.12 0.01
  203 K     0   2   0   0  -2   1   1  -1  -1  -2  -2   4  -1  -2   0   0   0  -2  -1  -1    3   2   2   2   1   1   2   3   1   2   3  68   1   1   2   2   2   0   1   2  0.27 0.01
  204 I    -1  -2  -2  -2  -1  -1  -2  -2  -2   3   1  -2   1   0  -1  -1   0  -2  -1   2    3   2   2   2   1   1   2   3   1  67   3   2   1   1   2   2   2   0   1   2  0.14 0.01
  205 T     0  -1   0   0  -1   0   0  -1  -1  -1  -1   0  -1  -2   0   2   3  -2  -1  -1    3   2   2   2   1   1   2   3   1   2   3   2   1   1   2  35  35   0   1   2  0.21 0.00
  206 I    -1  -2  -2  -2  -1  -1  -2  -2  -2   3   1  -2   1   0  -1  -1   0  -2  -1   2    3   2   2   2   1   1   2   3   1  67   3   2   1   1   2   2   2   0   1   2  0.14 0.01
  207 H     2  -1   0  -1  -1   0   0   0   5  -1  -1   0  -1  -1  -1   0   0  -1   0  -1   35   2   2   2   1   1   2   3  34   2   3   2   1   1   2   2   2   0   1   2  0.20 0.01
  208 P    -1   0  -1  -1  -2   3   1  -1   0  -2  -2   0  -1  -2   5   0  -1  -2  -1  -1    3   2   2   2   1  34   2   3   1   2   3   2   1   1  35   2   2   0   1   2  0.53 0.01
  209 V     2  -1  -1  -1  -1  -1  -1  -1  -1   1   0  -1   0  -1  -1   0   0  -2  -1   2   35   2   2   2   1   1   2   3   1   2   3   2   1   1   2   2   2   0   1  35  0.09 0.00
  210 P     2  -1  -1  -1  -1  -1  -1  -1  -1  -1  -1  -1  -1  -2   5   0   0  -2  -1  -1   35   2   2   2   1   1   2   3   1   2   3   2   1   1  35   2   2   0   1   2  0.48 0.00
  211 E    -1   0   0   1  -2   1   4  -1   0  -2  -2   1  -1  -2  -1   0  -1  -2  -1  -2    3   2   2   2   1   1  68   3   1   2   3   2   1   1   2   2   2   0   1   2  0.39 0.01
  212 Y    -1  -1  -1  -2  -2  -1  -1  -2   0  -1   0  -1   0   4  -1  -1  -1   1   5  -1    3   2   2   2   1   1   2   3   1   2   3   2   1  34   2   2   2   0  34   2  0.32 0.01
  213 V     0  -2  -2  -1  -2   0   2  -3  -2   2   0  -1   0  -2  -2  -1   0  -3  -2   3    0   0   0   0   0   0  33   0   0   0   0   0   0   0   0   0   0   0   0  67  0.21 0.01
  214 K     0   1   0  -1  -2   1   0  -1  -1  -3  -3   4  -2  -3  -1   2   0  -3  -2  -2    0   0   0   0   0   0   0   0   0   0   0  66   0   0   0  34   0   0   0   0  0.38 0.01
  215 I    -1  -3  -3  -3  -1  -3  -3  -4  -3   4   1  -3   1   0  -3  -2  -1  -3  -1   3    0   0   0   0   0   0   0   0   0  67   0   0   0   0   0   0   0   0   0  33  0.38 0.01
  216 N     0  -1   4   4  -2   0   0  -1   0  -3  -3   0  -2  -3  -2   2   0  -4  -2  -3    0   0  33  34   0   0   0   0   0   0   0   0   0   0   0  33   0   0   0   0  0.48 0.01
  217 D    -1  -2   1   4  -3  -1   0   4  -2  -4  -4  -1  -3  -4  -2   0  -1  -3  -3  -3    0   0   0  50   0   0   0  50   0   0   0   0   0   0   0   0   0   0   0   0  0.66 0.00
  218 N    -1  -1   4   0  -2  -1  -1  -2  -1   1  -1  -1   0  -2  -2   0   0  -3  -2   2    0   0  50   0   0   0   0   0   0   0   0   0   0   0   0   0   0   0   0  50  0.23 0.00
  219 I    -1  -3  -3  -3  -1  -3  -3  -4  -3   4   1  -3   1  -1  -3  -2   0  -3  -1   3    0   0   0   0   0   0   0   0   0  50   0   0   0   0   0   0   0   0   0  50  0.35 0.00
  220 Y    -2  -2  -2  -3  -3  -2  -2  -3   2  -1  -1  -2  -1   3  -3  -2  -2   2   7  -1    0   0   0   0   0   0   0   0   0   0   0   0   0   0   0   0   0   0 100   0  0.87 0.01
  221 K     3   1  -1  -1  -2   0   0  -1  -1  -2  -2   3  -1  -3  -1   1   0  -3  -2  -1   50   0   0   0   0   0   0   0   0   0   0  50   0   0   0   0   0   0   0   0  0.29 0.00
  222 S     1  -1   1   0  -1   0   0   0  -1  -3  -3   0  -2  -3  -1   4   1  -3  -2  -2    0   0   0   0   0   0   0   0   0   0   0   0   0   0   0 100   0   0   0   0  0.46 0.00
  223 F    -1  -3  -2  -2  -3  -3  -3   4  -2  -2  -1  -2  -1   4  -3  -1  -2   0   1  -2    0   0   0   0   0   0   0  50   0   0   0   0   0  50   0   0   0   0   0   0  0.49 0.00
  224 V     1  -2  -1  -1  -1  -1  -1  -1  -2   1   0  -1   0  -2  -2   2   1  -3  -2   2    0   0   0   0   0   0   0   0   0   0   0   0   0   0   0  50   0   0   0  50  0.18 0.00
  225 D    -2  -2   1   6  -4   0   2  -1  -1  -3  -4  -1  -3  -4  -2   0  -1  -5  -3  -3    0   0   0 100   0   0   0   0   0   0   0   0   0   0   0   0   0   0   0   0  0.93 0.01
  226 A     4  -2  -2  -2   0  -1  -1   0  -2  -1  -2  -1  -1  -2  -1   1   0  -3  -2   0  100   0   0   0   0   0   0   0   0   0   0   0   0   0   0   0   0   0   0   0  0.41 0.00
  227 A     3  -1   0  -1  -1   0  -1   0  -1  -2  -2   0  -1  -2  -1   3   1  -3  -2  -1   50   0   0   0   0   0   0   0   0   0   0   0   0   0   0  50   0   0   0   0  0.35 0.00
  228 K    -1   2   0  -1  -3   1   1  -2  -1  -3  -3   5  -1  -3  -1   0  -1  -3  -2  -2    0   0   0   0   0   0   0   0   0   0   0 100   0   0   0   0   0   0   0   0  0.52 0.00
  229 D     2  -2   0   4  -2  -1   1  -1  -1  -2  -3  -1  -2  -3  -1   1  -1  -3  -3  -1   50   0   0  50   0   0   0   0   0   0   0   0   0   0   0   0   0   0   0   0  0.41 0.00
  230 L    -2  -2  -4  -4  -1  -2  -3  -4  -3   2   4  -3   2   0  -3  -3  -1  -2  -1   1    0   0   0   0   0   0   0   0   0   0 100   0   0   0   0   0   0   0   0   0  0.46 0.00
  231 K     0   1   0  -1  -3   0   0   4  -1  -3  -3   3  -2  -3  -2   0  -1  -3  -3  -3    0   0   0   0   0   0   0  50   0   0   0  50   0   0   0   0   0   0   0   0  0.49 0.00
  232 L    -2  -2  -4  -4  -1  -2  -3  -4  -3   2   4  -3   2   0  -3  -3  -1  -2  -1   1    0   0   0   0   0   0   0   0   0   0 100   0   0   0   0   0   0   0   0   0  0.46 0.00
  233 H     0  -1   1  -1  -2   0   0  -1   6  -3  -3   0  -2  -2  -2   3   0  -3   0  -2    0   0   0   0   0   0   0   0  50   0   0   0   0   0   0  50   0   0   0   0  0.44 0.00
  234 P    -1   4  -1  -2  -3   0  -1  -2  -1  -3  -3   1  -2  -3   6  -1  -1  -3  -2  -3    0  50   0   0   0   0   0   0   0   0   0   0   0   0  50   0   0   0   0   0  0.98 0.00
  235 S     1  -1   1   0  -1   0   0   0  -1  -3  -3   0  -2  -3  -1   4   1  -3  -2  -2    0   0   0   0   0   0   0   0   0   0   0   0   0   0   0 100   0   0   0   0  0.46 0.00
  236 R    -1   4   0  -2  -3   0  -1   4  -1  -4  -3   1  -2  -3  -2  -1  -1  -3  -2  -3    0  50   0   0   0   0   0  50   0   0   0   0   0   0   0   0   0   0   0   0  0.56 0.00
  237 I    -1  -3  -4  -4  -1  -3  -3  -4  -3   3   3  -3   2   0  -3  -3  -1  -2  -1   2    0   0   0   0   0   0   0   0   0  50  50   0   0   0   0   0   0   0   0   0  0.37 0.00
  238 K    -1   1   1   4  -3   1   1  -2  -1  -3  -3   3  -2  -4  -1   0  -1  -4  -3  -3    0   0   0  50   0   0   0   0   0   0   0  50   0   0   0   0   0   0   0   0  0.51 0.00
  239 D    -2  -2   0   4  -3  -1   0  -2   1  -2  -2  -1  -2   1  -2  -1  -1   0   5  -2    0   0   0  50   0   0   0   0   0   0   0   0   0   0   0   0   0   0  50   0  0.52 0.00
  240 L    -2   4  -2  -3  -2   0  -1  -3  -1   0   2   1   1  -1  -3  -2  -1  -2  -1   0    0  50   0   0   0   0   0   0   0   0  50   0   0   0   0   0   0   0   0   0  0.29 0.00
  241 C    -1  -3  -3  -4   7  -3  -3  -3  -3   0   2  -3   1  -1  -3  -2  -1  -2  -2   0    0   0   0   0  50   0   0   0   0   0  50   0   0   0   0   0   0   0   0   0  0.56 0.00
  242 L    -1   1  -1  -2  -2   0  -1  -3  -2   0   2   3   1  -1  -2  -1  -1  -2  -2   0    0   0   0   0   0   0   0   0   0   0  50  50   0   0   0   0   0   0   0   0  0.19 0.00
  243 D     0  -1   1   4  -2   0   1  -1  -1  -3  -3   0  -2  -3  -1   3   0  -4  -2  -2    0   0   0  50   0   0   0   0   0   0   0   0   0   0   0  50   0   0   0   0  0.49 0.00
  244 D    -2  -2   1   6  -4   0   2  -1  -1  -3  -4  -1  -3  -4  -2   0  -1  -5  -3  -3    0   0   0 100   0   0   0   0   0   0   0   0   0   0   0   0   0   0   0   0  0.93 0.01
  245 N    -1   1   4   0  -3   1   0  -1   0  -3  -3   3  -2  -3  -2   0   0  -4  -2  -3    0   0  50   0   0   0   0   0   0   0   0  50   0   0   0   0   0   0   0   0  0.45 0.00
  246 Y    -2  -2  -3  -3  -3  -2  -3  -3   1  -1   0  -3   0   5  -3  -2  -2   2   6  -1    0   0   0   0   0   0   0   0   0   0   0   0   0  50   0   0   0   0  50   0  0.69 0.00
  247 P    -1  -2  -2  -2  -3  -1  -1  -2  -2  -3  -3  -1  -3  -4   8  -1  -1  -4  -3  -3    0   0   0   0   0   0   0   0   0   0   0   0   0   0 100   0   0   0   0   0  2.05 0.01
  248 N    -1   0   4   1  -3   1   4  -1   0  -3  -3   0  -2  -3  -2   0   0  -3  -2  -3    0   0  50   0   0   0  50   0   0   0   0   0   0   0   0   0   0   0   0   0  0.54 0.00
  249 Y    -2  -2  -3  -4  -3  -2  -3  -3   0  -2  -1  -3  -1   2  -4  -2  -2   9   6  -2    0   0   0   0   0   0   0   0   0   0   0   0   0   0   0   0   0  50  50   0  1.31 0.01
  250 I    -1  -3  -3  -3  -1  -3  -3  -4  -3   4   1  -3   1   0  -3  -2  -1  -3  -1   2    0   0   0   0   0   0   0   0   0   0   0   0   0   0   0   0   0   0   0   0  0.00     0.00
  251 V     0  -2  -3  -3  -1  -2  -2  -3  -3   2   1  -2   1  -1  -2  -2   0  -3  -1   4    0   0   0   0   0   0   0   0   0   0   0   0   0   0   0   0   0   0   0   0  0.00     0.00
  252 S     1  -1   1   0  -1   0   0   0  -1  -2  -2   0  -1  -2  -1   4   1  -3  -2  -2    0   0   0   0   0   0   0   0   0   0   0   0   0   0   0   0   0   0   0   0  0.00     0.00
  253 Y    -2  -2  -2  -3  -2  -1  -2  -3   2  -1  -1  -2  -1   3  -3  -2  -2   2   6  -1    0   0   0   0   0   0   0   0   0   0   0   0   0   0   0   0   0   0   0   0  0.00     0.00
  254 K    -1   2   0  -1  -3   1   1  -1  -1  -3  -2   4  -1  -3  -1   0  -1  -3  -2  -2    0   0   0   0   0   0   0   0   0   0   0   0   0   0   0   0   0   0   0   0  0.00     0.00
  255 R    -1   5   0  -2  -3   1   0  -2   0  -3  -2   2  -1  -3  -2  -1  -1  -3  -2  -2    0   0   0   0   0   0   0   0   0   0   0   0   0   0   0   0   0   0   0   0  0.00     0.00
  256 V     0  -2  -3  -3  -1  -2  -2  -3  -3   2   1  -2   1  -1  -2  -2   0  -3  -1   4    0   0   0   0   0   0   0   0   0   0   0   0   0   0   0   0   0   0   0   0  0.00     0.00
  257 E    -1   0   0   1  -4   2   5  -2   0  -3  -3   1  -2  -3  -1   0  -1  -3  -2  -2    0   0   0   0   0   0   0   0   0   0   0   0   0   0   0   0   0   0   0   0  0.00     0.00
  258 K    -1   2   0  -1  -3   1   1  -1  -1  -3  -2   4  -1  -3  -1   0  -1  -3  -2  -2    0   0   0   0   0   0   0   0   0   0   0   0   0   0   0   0   0   0   0   0  0.00     0.00

                      K         Lambda
Standard Ungapped    0.1324     0.3161
Standard Gapped      0.0383     0.2670
PSI Ungapped         0.1251     0.3174
PSI Gapped           0.0383     0.2670
