
Last position-specific scoring matrix computed, weighted observed percentages rounded down, information per position, and relative weight of gapless real matches to pseudocounts
            A   R   N   D   C   Q   E   G   H   I   L   K   M   F   P   S   T   W   Y   V   A   R   N   D   C   Q   E   G   H   I   L   K   M   F   P   S   T   W   Y   V
    1 M    -5  -6  -6  -7  -5  -5  -6  -7  -6   3   1  -6  10  -4  -7  -6  -5  -5  -5  -3    0   0   0   0   0   0   0   0   0  16  11   0  73   0   0   0   0   0   0   0  2.42 0.76
    2 I    -5  -2  -2  -7  -6  -5   0  -8  -7   7   0  -3   3  -2  -8  -5  -4  -3  -4   3    1   2   2   0   0   0   6   0   0  53   7   2   6   1   0   1   1   0   0  18  1.38 0.63
    3 R    -8  -4  -7 -12 -11 -10  -4  -8  -6  -5  -8   1  -6  -5 -12  -6  -4  13  -3 -11    0   1   0   0   0   0   1   0   0   1   0   7   0   0   0   1   2  83   1   0  4.45 1.66
    4 K    -5   4  -5  -7  -7  -3  -4  -8  -4  -4  -6   8  -3 -10  -8  -3  -6 -10  -7  -5    1  20   1   0   0   1   1   0   0   1   1  68   1   0   0   2   0   0   0   1  2.17 0.99
    5 E    -2  -2  -1   5  -7   0   2  -6   0   0  -5  -1  -6  -4   4   0  -1  -4  -7  -1    4   2   3  26   0   5  11   0   2   6   1   3   0   1  21   6   4   0   0   5  0.71 0.46
    6 V    -6  -7  -7  -8  -2  -7 -10  -7  -4   7  -2  -8  -6  -3  -3  -7  -4  -9  -3   4    0   0   0   0   1   0   0   0   1  61   3   0   0   1   2   0   1   0   1  27  2.04 0.88
    7 E    -3  -2   0   0  -4  -1   3  -3  -1  -4  -4   3  -4  -4   4  -2  -3  -7   4  -1    2   2   4   6   0   3  18   2   2   1   1  16   0   1  20   4   2   0  12   5  0.64 0.44
    8 E    -6  -4   2   2 -10  -3   6   3  -2  -7  -8  -3  -9  -1  -7  -3  -6  -9   1  -8    0   1   8  12   0   1  46  18   1   0   0   2   0   3   0   2   0   0   4   0  1.33 0.72
    9 A    -1  -4  -1   0  -1  -5  -1   5   1  -6  -5  -3  -7   4  -4   1  -3   1   2  -6    5   1   3   6   1   0   4  38   3   0   1   2   0  14   1   9   2   2   7   0  0.83 0.48
   10 P    -3   2   2   0  -3  -3  -2   0   0  -1   2   1  -2  -1   4  -3  -4  -4   0  -3    2   9  10   6   1   1   2   8   2   4  17   9   1   3  17   2   0   0   4   2  0.34 0.26
   11 W    -8 -11  -8 -12 -12 -11 -11  -7  -3  -6  -9 -11 -10   1 -12 -11 -11  -3  10  -8    0   0   0   0   0   0   0   1   1   1   0   0   0   4   0   0   0   0  92   0  4.04 1.63
   12 W    -1  -2  -7  -4  -3   4   5  -5  -2  -3  -1   0   1  -1  -8   1  -2   0   2  -4    5   2   0   1   1  18  31   1   1   2   6   5   3   3   0  10   2   2   7   1  0.76 0.51
   13 I     0 -10  -4 -11  -4 -10 -10 -11 -11   5  -5 -10  -5  -4  -8  -9  -7 -11  -9   7    7   0   1   0   1   0   0   0   0  30   1   0   0   1   0   0   0   0   0  59  2.19 0.97
   14 T    -6  -7   0   0  -2  -6  -6  -5  -3  -7  -8  -6  -5  -4  -9   7   2  -4  -1  -8    0   0   4   5   1   0   1   1   1   0   0   0   0   1   0  72  10   0   2   0  1.98 1.05
   15 E    -5  -1   6   3  -4  -3   1  -8  -6  -7  -7   0  -6  -8  -3   3   0 -10  -6  -7    1   4  36  14   1   1   9   0   0   0   1   5   0   0   1  20   6   0   0   0  1.20 0.69
   16 T    -3  -1   1   3   2  -1  -1  -5   2  -3   3   1   0   1  -7  -2   0  -1   2  -4    2   4   6  14   4   3   5   1   5   1  23   7   3   6   0   3   7   1   6   1  0.37 0.27
   17 G    -6 -12 -10 -11  -5  -7 -12   8  -4 -13 -13 -11 -12 -13 -12  -6 -11 -12 -13 -13    1   0   0   0   0   0   0  97   1   0   0   0   0   0   0   1   0   0   0   0  3.31 1.41
   18 V    -7   7   3  -1  -6   0   0  -6  -1  -5  -3   2  -6  -5 -10  -2  -3 -11  -5  -3    0  49  11   4   0   4   6   1   2   1   3   9   0   1   0   3   2   0   0   2  1.37 0.72
   19 I    -7  -8 -12 -12  -6 -11 -12 -12 -12   5  -2 -11  -3  -5 -11  -8  -9 -12 -10   7    1   0   0   0   0   0   0   0   0  30   4   0   1   1   0   0   0   0   0  63  2.48 1.06
   20 I    -6   6  -9  -7  -4  -6  -7  -9  -5   0  -2   4  -1   2 -10  -8  -5   5   4  -4    1  36   0   0   1   0   0   0   0   5   5  18   2   7   0   0   1   8  13   2  1.46 0.73
   21 S    -5   0   4  -4  -5  -8  -9   1  -4  -6  -8  -3  -9 -10  -7   6  -3 -10  -5  -6    1   5  17   2   0   0   0   9   1   1   1   2   0   0   0  58   2   0   1   1  1.71 0.90
   22 K    -3   1   0  -2   0  -2  -1  -5   2   1   2   3  -1   1  -3  -1   0  -1  -2  -1    2   7   5   3   2   2   4   1   4   8  17  18   2   6   1   4   6   1   2   5  0.27 0.17
   23 K    -3   5   1  -2  -4  -3  -2  -4  -1  -2  -4   5  -6  -5  -3  -2  -1  -2   2  -3    2  26   5   3   0   1   4   2   2   3   2  30   0   1   2   3   5   1   6   2  0.91 0.51
   24 L    -2   4   0  -3  -4  -4  -5   0   0  -2  -2   2  -3  -2  -4   1   3  -2   0  -1    4  19   4   2   0   1   1   8   2   3   4  10   1   2   1  10  18   1   4   4  0.44 0.30
   25 K    -4   0   3  -2  -3  -1  -1   5  -2  -5  -4   3  -3  -6  -4  -3  -3  -2  -5  -7    2   4  12   3   1   2   4  43   1   1   3  16   1   1   1   3   2   1   1   1  0.99 0.55
   26 K    -3   5   0  -4  -3  -1  -3  -2  -1  -1  -5   6  -2  -4  -5  -3  -2  -4  -2  -3    3  26   4   1   1   3   2   3   2   4   2  38   1   1   1   2   2   0   2   2  1.10 0.59
   27 P    -5  -3  -4  -3  -4  -3  -1  -4  -3   5   1  -1   0   1   2  -5  -2   2   1   1    1   2   1   2   0   1   4   2   1  33  13   4   2   5   9   1   3   2   4  10  0.68 0.37
   28 R    -5   2  -5  -6  -5  -5  -4  -7  -5   1   5   1   4  -4  -6  -6  -5  -4  -2  -3    1  10   1   1   0   1   1   1   0   7  55   8   9   1   1   1   1   0   1   2  1.26 0.63
   29 K    -2   2  -1  -5  -3  -1  -4  -3  -3  -3  -4   7  -4  -6  -5   1   0  -5  -7  -3    4   9   3   1   1   3   1   3   1   2   2  52   1   0   1   9   6   0   0   2  1.23 0.67
   30 T    -2  -2  -2  -4   0   3  -2   1   1  -2   0  -1  -3  -2   5  -2   0  -3  -5  -3    4   2   2   1   2  14   2   9   3   3   9   4   1   2  30   4   6   0   0   2  0.63 0.44
   31 F    -1   3   0  -4   1   1  -3  -1   2  -1  -2   0  -2   2  -3   1   0   3   2  -1    4  13   4   1   2   7   1   5   5   4   3   6   1   8   1  11   7   4   8   5  0.24 0.21
   32 I    -2   0  -1  -1  -2  -2  -3  -4  -2   3   1   2  -1  -2   1  -2   0  -1   0   1    2   5   3   4   1   2   2   1   1  17  15  14   1   2   6   3   7   1   3  11  0.24 0.19
   33 T    -2   0   4   3  -1  -2  -3   0   3  -3  -2   0  -1  -4  -4   1   2  -4  -3  -3    3   4  19  17   2   2   1   6   6   2   4   5   2   1   1  11  12   0   1   2  0.49 0.34
   34 P    -2   2   2  -2  -2  -1  -2   1   1  -3  -5   4  -5  -5   1   1   0  -2  -3  -4    3  10   9   2   1   2   3  10   3   2   1  27   0   0   8  12   5   1   1   2  0.51 0.36
   35 H    -2   1   4   3  -1   0  -3  -1   3  -5  -4   2  -4  -3  -4   1   0  -2   1  -5    3   8  18  14   1   5   1   5   6   0   2  12   0   1   1   9   7   1   5   1  0.48 0.33
   36 G    -5  -5  -3  -8  -6  -4  -5   8  -4  -8  -7  -3  -8  -9  -6  -6  -7  -4  -5  -7    1   1   1   0   0   1   1  88   0   0   1   2   0   0   0   1   0   0   1   0  2.56 1.08
   37 Y    -9  -3  -9  -7  -4  -9  -9 -10   1  -9  -7  -9  -8  -5 -10  -5  -9  -3  10  -9    0   2   0   0   0   0   0   0   3   0   1   0   0   0   0   1   0   0  91   0  3.83 1.52
   38 E    -2   1  -3  -4   1   0  -1  -6   3  -1   3   1   1  -1   1  -2  -4  -1   2  -1    4   7   1   1   3   3   5   0   6   4  31   9   3   2   6   3   1   1   7   4  0.37 0.27
   39 M    -2   4  -1  -3   2   3  -3  -3   1   0  -2   1   0   0  -5   0   1  -2   2   0    3  19   3   1   4  11   1   2   4   5   3   8   3   4   0   7   8   1   6   7  0.32 0.26
   40 I    -3  -8  -6  -9   0  -6  -8  -8  -2   3  -2  -6  -4   0  -8  -5  -1  -4   0   7    3   0   0   0   2   0   0   0   1  15   4   1   0   4   0   1   3   0   3  61  1.62 0.74
   41 G     0   1   2  -1   2   0  -2   1   0  -1  -3   0   0  -3  -4   2   2  -1  -2  -2    7   8  10   3   4   4   2  11   2   3   2   6   2   1   1  16  13   1   1   2  0.24 0.21
   42 Y    -5  -6  -6  -8  -5  -5  -8  -8  -8   2   6  -6  -1   1  -7  -6  -4  -4   0  -1    1   0   0   0   0   1   0   0   0   9  71   1   1   5   0   1   1   0   3   4  1.65 0.75
   43 T    -2   2  -1  -4   4  -1  -3  -3   0  -2  -2   0   1  -1  -2   2   1   4   4  -1    3  11   3   1   8   3   1   2   2   2   4   5   3   3   2  16   9   5  13   4  0.39 0.27
   44 H    -2   3   2   0  -1  -1  -2  -2   2   0  -2   4  -1  -1  -3  -1  -1  -4   1  -1    3  13   8   5   2   3   2   3   4   5   5  23   2   2   2   5   3   0   4   5  0.29 0.20
   45 P    -2  -2   4   3  -1  -2   0   1   0  -2  -4   1  -3  -4   0  -1  -2  -5  -2  -1    4   2  22  17   1   2   6  11   2   2   2   8   1   1   6   5   3   0   2   5  0.43 0.27
   46 K    -3  -1   4   0  -1  -2  -2   5  -2  -5  -5   1  -4  -5  -3   0  -3  -1  -2  -3    2   3  15   5   1   2   3  42   1   1   1  10   0   1   1   6   2   1   1   2  0.84 0.44
   47 K    -3   1   1  -1  -3   0  -1   2   0   0  -3   5  -3  -4  -3  -2  -2  -5  -3  -1    2   6   6   4   1   3   3  13   2   5   3  37   1   1   1   3   3   0   1   5  0.58 0.33
   48 G     0   2   1   0  -1   0   0   2  -1  -1  -2   2  -2  -3  -1   0   0  -3  -2  -1    7  10   6   4   1   4   6  13   1   4   3  16   1   1   3   8   5   0   2   5  0.16 0.12
   49 T    -2   4  -1  -3   0   1  -3   0   1  -2  -4   3  -1  -2  -1   1   1  -2   1   0    2  19   3   1   2   6   1   6   4   2   1  15   1   1   3   9  10   1   5   8  0.33 0.25
   50 Q    -3   3  -3  -4  -2   0  -2  -5   3  -1  -4   6  -2  -3  -4  -3  -1  -3   2  -2    2  12   1   1   1   5   3   1   6   4   2  43   1   1   1   2   5   0   7   4  0.94 0.48
   51 N    -1   2   2  -1   0   1  -2  -2   1  -2  -2   1   0  -3  -2   1   3   0   0  -3    4  11  10   4   2   6   2   2   4   3   4   8   2   1   2  11  19   2   3   2  0.28 0.23
   52 Y    -3   2  -4  -5   1  -3  -4  -4   3   1  -1   1   1   4  -3  -4  -3   2   5   1    2   9   1   1   3   1   1   1   6   7   7   9   3  15   1   1   2   3  17   9  0.57 0.31
   53 L    -2   3   0  -3  -1   0  -2  -2  -2  -3   1   2   0   1  -1   1   0  -2   3  -3    2  14   4   1   1   4   1   3   1   1  15  13   2   5   3  11   6   0  12   1  0.27 0.22
   54 V    -1  -6  -7  -8  -3  -7  -6  -6  -8   4  -1  -7  -1  -4  -6  -4  -4  -3  -6   7    6   0   0   0   1   0   1   1   0  23   4   0   1   0   0   1   1   0   0  59  1.64 0.69
   55 H    -4  -3  -3  -8  -4  -5  -7  -7  11 -10 -10  -8  -9  -8  -6  -4  -9  -9  -4 -10    2   2   1   0   1   0   0   1  91   0   0   0   0   0   1   1   0   0   0   0  4.10 1.42
   56 R    -4   8  -4  -6  -4   1  -3  -7  -1  -4  -6   0  -4  -8  -6  -3  -3  -8  -4  -4    2  74   1   0   0   6   1   0   2   1   1   4   0   0   0   2   1   0   1   2  2.10 0.89
   57 L    -2  -8  -9  -9  -2  -8  -6  -9  -8   2   6  -8   1  -1  -8  -6  -7  -3  -6  -1    3   0   0   0   1   0   1   0   0   9  77   0   2   2   0   0   0   0   0   4  1.81 0.77
   58 V    -5  -9  -9 -10  -2  -9  -9 -10  -9   2  -2  -6  -1  -7  -9  -8  -6  -9  -7   8    1   0   0   0   1   0   0   0   0  10   3   1   1   0   0   0   0   0   0  84  2.48 0.98
   59 A     6  -7  -7  -6   3  -7  -7  -4  -7  -3   1  -7   1  -5  -7  -3  -5   3  -1  -4   66   0   0   0   5   0   0   1   0   1  14   0   3   0   0   1   0   3   2   1  1.56 0.75
   60 K    -2  -2  -3  -1  -3   1   5  -5  -3   1   1   0   2  -1  -6  -1   0  -1  -2  -3    3   2   1   3   1   6  34   1   1   7  12   6   5   3   0   5   7   1   1   2  0.54 0.38
   61 Y     6  -5  -3  -7   1  -5  -3  -5   3  -4  -3  -3  -2  -4  -7  -1   3  -8   1  -2   54   0   1   0   3   0   2   1   6   1   3   2   1   1   0   4  14   0   4   2  1.17 0.64
   62 F    -5 -10 -10 -11  -4 -10 -10 -10  -1  -5  -5  -6  -7   9 -11  -9  -6   3   2  -6    1   0   0   0   1   0   0   0   1   1   1   1   0  84   0   0   1   3   5   1  3.25 1.23
   63 I    -5  -7  -1  -4   2  -5  -5  -4   2   6   2  -2  -3  -1  -8  -4  -4  -7  -2   3    1   0   3   1   4   0   1   2   5  38  19   3   0   3   0   1   1   0   1  17  1.03 0.50
   64 Y    -3  -3  -3   0   0  -3   0   4  -2  -6  -5  -2  -8  -6   6  -1  -5  -3  -4  -5    2   2   1   6   2   1   7  32   1   0   2   3   0   0  33   4   1   0   1   1  1.12 0.61
   65 D    -3  -3   7   0  -4  -3   0  -2  -4  -5  -4   1  -4  -5   4  -3  -5  -9  -4  -5    2   2  44   5   0   1   6   3   0   1   2   8   0   1  20   2   1   0   1   1  1.32 0.68
   66 I    -3   2  -2  -1   3   0  -3  -6  -2   1  -3  -1  -3  -4   6  -2  -3  -2  -2  -3    3  11   2   4   6   4   2   1   1   7   3   4   1   1  41   4   1   1   2   2  0.99 0.55
   67 P    -3  -3   2   2  -3  -2   3  -4   0  -4  -3   0  -4  -3   5  -1  -3  -3   1  -4    3   2   9  11   1   2  18   2   2   1   4   5   1   2  29   4   1   0   4   1  0.74 0.46
   68 K    -2  -3   5   3  -3  -2   2   1   0  -4  -5   2  -4  -4   0   1  -2  -2  -4  -4    4   1  23  13   1   2  12  10   2   1   1  10   0   1   4   9   2   1   1   1  0.56 0.35
   69 G    -3  -1  -2  -2  -1  -2  -3   4  -1  -5   1   5  -3  -3  -5  -3  -4  -2   1  -6    2   3   2   3   2   2   2  27   1   1  15  31   1   2   1   2   1   1   4   0  0.83 0.46
   70 M    -1  -1  -1  -1   1  -1   0  -4   2  -3   0  -1   4  -2   5   0  -1  -1   1  -3    4   3   3   3   3   3   7   1   4   1   8   4  13   1  26   6   4   1   4   2  0.48 0.29
   71 F    -3  -3  -2   1   1   3   4  -4   3   0  -2  -3  -1   0  -3  -3  -1  -1   1   1    1   1   1   8   3  15  29   1   6   5   3   1   2   4   1   1   3   1   6  10  0.51 0.32
   72 V     0  -7  -7  -8   4  -7  -7  -3  -8   3  -3  -7  -4  -6  -3  -3  -2  -8  -6   7    7   0   0   0   7   0   0   2   0  13   2   0   0   0   1   2   3   0   0  63  1.54 0.62
   73 N     1   2   7   0   4  -5  -5  -3   1  -3  -4  -3  -1  -7  -7  -3  -3  -8  -6  -4   11  11  50   5   9   0   0   2   3   2   2   1   2   0   0   1   1   0   0   1  1.32 0.58
   74 H    -8   0   0  -8 -10  -6  -7  -9  11 -10 -10  -7  -8  -8  -9  -7  -8  -9  -5 -10    0   5   4   0   0   0   0   0  91   0   0   0   0   0   0   0   0   0   0   0  4.08 1.25
   75 I    -4  -1   2  -3  -2  -3  -3  -2  -1   4   1   4   0  -3  -2  -3  -3   0  -5  -2    1   3   9   1   1   1   1   4   1  27  13  29   2   1   2   1   1   1   0   2  0.61 0.35
   76 D    -7  -7   5   7  -9  -2  -4  -7  -6  -8  -5  -3  -8  -9  -3  -3  -3 -10  -8  -8    0   0  26  64   0   2   0   0   0   0   2   2   0   0   2   2   2   0   0   0  2.15 0.80
   77 G    -2  -4   0  -1   0  -5   0   6   1  -8  -5  -2  -7  -2  -3  -3  -3  -1  -2  -7    3   1   4   4   2   0   5  64   3   0   1   2   0   2   2   2   2   1   2   0  1.32 0.55
   78 N    -4  -3   6   5  -1  -4  -4  -3  -3   2  -6  -3  -6  -6  -6  -2  -2  -8  -7  -1    1   1  40  30   1   0   0   2   0  11   0   2   0   0   0   2   2   0   0   5  1.33 0.62
   79 K    -3   3  -5  -5  -4  -1  -3  -5  -4  -6  -6   7  -3  -8   1  -4  -3  -8  -4  -5    2  14   0   0   0   2   1   1   0   0   1  65   1   0   8   1   2   0   1   1  1.67 0.75
   80 L     0  -1  -1   0  -3   1   0  -2   2  -1   1   0  -1  -2  -4   2   3  -1  -1  -3    6   3   3   5   0   6   4   3   5   2  15   5   2   1   0  16  20   1   2   0  0.22 0.22
   81 N    -6  -6   8   5  -2  -4  -4  -6   1  -6  -5  -6  -8  -8  -7  -3  -6  -9  -8  -4    0   0  65  25   1   0   1   0   3   0   1   0   0   0   0   2   0   0   0   1  2.24 0.91
   82 N    -5  -6   9  -2   0  -6  -6  -6  -4  -7  -7  -6  -5  -4  -4  -4  -5 -10  -5  -7    1   0  90   1   2   0   0   0   0   0   0   0   0   1   1   1   1   0   0   0  2.94 1.12
   83 H    -1   5   2   0   2  -1  -1  -3   5  -3  -4   0  -4  -4  -5   0  -1  -2  -1  -3    5  34   8   4   5   2   3   1  15   1   1   5   0   1   0   7   3   1   2   2  0.74 0.41
   84 V     1  -4  -6  -5  -3  -5  -4  -5  -3   2   3  -2  -1  -1   1  -2  -3  -2   0   4   12   1   0   0   1   0   1   0   1   9  24   3   1   2   7   2   1   1   4  32  0.59 0.35
   85 R    -2  -3   0   4  -1  -1   3  -1  -2  -4  -5  -1  -5  -4  -4   3   1   0  -2  -3    3   1   4  21   1   2  19   6   1   1   1   4   0   1   0  25   7   2   1   1  0.59 0.38
   86 N    -8  -6   9  -1  -9  -6  -3  -7  -5 -10 -10  -3  -8  -9  -8  -4  -6 -10  -8  -9    0   0  93   3   0   0   2   0   0   0   0   1   0   0   0   1   0   0   0   0  3.23 1.19
   87 L    -7  -8  -9  -9  -7  -8  -8  -9  -8  -1   7  -8  -3  -2  -8  -8  -7  -7  -6  -3    0   0   0   0   0   0   0   0   0   3  94   0   0   1   0   0   0   0   0   1  2.38 0.92
   88 E    -2   3  -4  -3   0   0   7  -6  -5  -6  -5  -1  -2  -3  -6  -4  -5  -7  -1  -4    4  15   0   0   2   4  63   0   0   0   1   3   1   2   0   1   0   0   3   1  1.52 0.73
   89 I    -7  -5 -10 -11  -4  -6  -7  -7  -8  -3  -4  -7   0  -4  -8  -9  -7  13   3  -3    1   1   0   0   0   0   0   0   0   2   2   0   2   1   0   0   0  80   8   2  4.13 1.37
   90 V     1  -5  -2  -1   7  -4  -5   2  -3   0  -2  -3   0  -5  -6  -2   0  -6  -5   4   13   0   2   4  21   0   0  15   1   4   3   1   2   0   0   3   6   0   0  26  0.78 0.42
   91 T    -5  -7   0  -2  -4  -6  -5  -5  -4  -7  -7  -5  -6  -8  -4   1   8  -8  -5  -6    1   0   4   3   0   0   0   1   0   0   0   0   0   0   1  11  79   0   0   0  2.20 0.96
   92 P     0   3   0  -3   1   2  -2  -2   5  -2  -3   0  -1  -3   3  -1  -3  -2   1  -1    7  15   5   1   3  10   2   3  15   2   2   5   1   1  13   5   1   1   4   4  0.41 0.29
   93 K     1   2  -3  -3  -4   2   0  -3   0  -3  -2   4  -3  -2  -4   3  -1  -6  -3  -2    9  10   1   0   0   9   5   1   2   1   5  24   0   1   1  24   3   0   1   3  0.50 0.36
   94 E    -2  -1  -3   2  -8   2   7  -1   0  -6  -5  -2  -4  -5  -6  -3  -4  -7   0  -6    3   3   1   9   0   8  60   4   2   0   1   1   0   0   0   1   1   0   4   0  1.36 0.67
   95 N    -6  -5   9  -5  -9  -3  -6  -6  -2  -5  -7  -2  -3  -9  -8  -4  -5 -10  -8  -9    0   1  91   0   0   1   0   0   1   1   1   2   1   0   0   1   1   0   0   0  3.02 1.14
   96 T     0  -1   1  -3   1   1  -1  -3   2   2   0  -2   4  -1  -4   0   1  -3  -2   1    9   3   8   0   3   7   3   1   5  14   6   2  14   2   0   6   7   0   1  10  0.26 0.22
   97 L     1   2   1  -1  -3   2   1  -3   1   0   0   2   0  -2  -4   0  -1  -3  -2  -1   12  11   7   4   0  12   7   1   3   6   9  13   2   2   0   5   2   0   1   3  0.18 0.17
   98 H    -5   0  -2   5  -8  -4  -3  -7  10  -6  -7  -4  -7  -5  -7  -6  -5  -4   2  -7    1   5   2  25   0   0   1   0  56   0   1   1   0   0   0   0   0   0   6   0  2.36 0.91
   99 A     5   1  -2  -5  -1  -1  -4   0  -2  -4  -4   1   1  -4  -4   1  -2  -6  -3  -4   49   7   2   0   1   2   1   7   1   1   1   9   3   1   1  11   2   0   1   1  0.79 0.46
  100 M    -2   2  -2  -3  -3  -2  -2  -4   2   2  -1   0   0   3  -4  -2  -1   2   4   1    2  10   2   1   0   1   2   1   5  13   4   7   2  11   0   3   4   3  14  11  0.33 0.23
  101 K     0   4   0   2  -3   0   2  -3  -1  -3  -2   3  -3  -5  -4  -1  -2  -5  -2  -3    7  24   4  11   0   4  12   2   1   2   5  17   1   0   0   4   2   0   1   1  0.48 0.31
  102 I    -2  -1   4  -1  -3  -1  -3  -4   7   0  -1  -1   1  -3  -4  -1   3  -4  -2  -2    3   4  17   3   1   2   1   1  23   5   7   3   3   1   0   4  17   0   1   3  0.68 0.40
  103 G    -4  -2   1  -2  -6  -3  -3   7  -2  -5  -3  -1  -3  -4  -3  -3  -4  -6  -4  -5    1   2   6   2   0   1   2  69   1   1   3   4   1   1   1   2   1   0   1   1  1.48 0.64
  104 L    -3   2  -1  -3  -2  -2  -3  -3  -2  -1   4  -1   0  -1  -2  -3   2   0  -3  -1    2  13   2   2   1   1   2   2   1   2  40   3   2   2   2   2  15   1   1   3  0.51 0.32
  105 M    -1   2   0  -2   1   0  -1  -2   1   1   0   1   2   0  -2  -1   0   1   0   0    5  12   6   1   3   5   2   3   4   9   8  12   6   5   1   5   4   2   3   6  0.09 0.09
  106 S     0   0   3   0  -2  -1  -1  -1   0  -1  -2   2  -2  -3   1   1   1  -3  -1   0    7   4  14   4   1   2   3   5   2   3   3  16   1   1   8   9  10   0   2   7  0.19 0.17
  107 G     0   0   1   0   0   0   0   1   1  -1  -2   1  -2  -1   1   1   0  -2  -1  -1   10   6   8   6   2   3   4  10   4   3   3   9   1   2   8  10   5   0   2   5  0.09 0.07
  108 Q     0   2   0  -2  -1   1  -1  -1   0  -1  -1   2   0  -2   2   0   0  -1   0  -1    7  13   5   2   1   5   2   4   3   3   6  14   2   2  10   7   5   1   4   5  0.14 0.12
  109 P    -2   3  -2  -2   0   0  -1  -2   0  -1  -2   4  -1  -1   0  -1   0  -1   1   0    3  17   2   2   2   3   3   3   2   4   3  23   2   3   5   5   6   1   4   6  0.28 0.21
  110 G    -2   0  -1  -2  -2  -1  -2   6  -2  -3  -3   0  -2  -3  -1  -1  -1  -3  -3  -2    3   5   3   2   1   2   3  49   1   2   3   7   1   1   3   4   3   0   1   3  0.76 0.39
  111 E    -1   0   0   0  -2  -1   5  -2  -1  -2  -3   1  -1  -3  -2   1  -1  -2  -1  -1    5   5   5   4   1   2  32   4   2   3   3  10   1   1   2  10   3   1   2   4  0.40 0.28
  112 S     0   3   2   0  -2   1   0  -1   0  -1  -2   3  -1  -3  -2   0   0  -1  -1  -2    8  14  11   5   1   5   6   5   2   4   3  16   1   1   2   7   5   1   2   3  0.21 0.17
  113 N    -2   1   4  -3   1   0  -2  -2   6  -1  -3   1  -2  -3  -2   1  -1  -3  -2  -1    4   6  22   1   3   4   2   3  19   3   3   7   1   1   2   9   3   0   2   5  0.59 0.33
  114 S    -1   0   1  -3  -4  -1  -1   2   2  -1  -4   1  -2  -3   3   1   0   1   1  -2    5   4   6   1   0   3   3  15   6   4   2   8   1   1  15  12   6   2   4   2  0.28 0.22
  115 M     0   2   3  -2   0   1  -2  -1   2  -1  -1   1   2  -1  -2   0   0  -1   0  -1    6  12  15   1   2   6   1   5   4   4   6   8   6   3   2   6   4   1   3   3  0.19 0.16
  116 S     4   0  -1  -3   1  -2  -3  -2   1  -2  -3   0  -4  -2  -2   4  -1  -5  -1   0   28   5   3   2   3   1   2   3   3   2   2   6   0   2   2  27   4   0   2   6  0.50 0.35
  117 K    -3   1  -3  -4  -4  -3  -2  -4  -6  -1  -5   7  -6  -5  -3  -4  -1  -3  -4  -1    2   6   1   1   0   1   2   2   0   4   1  65   0   0   1   1   4   0   1   5  1.58 0.75
  118 L    -3  -4  -4  -6  -2  -5  -5  -4  -4   2   6  -2   0   1  -4  -4  -2  -4  -2   0    2   1   1   0   1   1   1   2   0   8  61   3   2   5   1   2   2   0   1   6  1.08 0.53
  119 T    -2  -2   2  -1  -2  -3  -3  -3  -2  -2  -4   1  -3  -4  -3   2   6  -2  -3  -3    3   2   9   4   1   1   1   3   1   3   2   8   1   1   1  15  41   1   1   2  0.84 0.52
  120 N     0  -2   2   3  -3   1   4  -3  -2  -2  -3   1  -2  -3   0  -2  -2  -2  -2  -1    7   2   8  13   1   5  30   2   1   3   3   8   1   1   4   2   2   1   1   6  0.49 0.34
  121 M     1  -1   0   2  -3   0   3  -2  -1   0  -2   1  -1  -1  -1   0  -1  -3  -1  -1   10   3   5  13   1   4  17   3   1   7   4  10   2   2   2   6   3   0   2   5  0.18 0.16
  122 E    -2  -2  -1   4  -3   5   2  -4  -2  -1  -3   1  -3  -4  -4  -1  -1  -6  -3  -1    4   2   3  24   1  22  12   2   1   4   3   8   1   1   1   4   4   0   1   5  0.63 0.42
  123 A     1  -2  -3  -5  -3  -1  -4  -3  -4   3  -2  -1  -1  -3  -5  -3  -1  -7  -1   6   10   2   2   1   1   3   1   2   0  12   3   4   1   1   1   2   3   0   2  49  0.93 0.50
  124 T    -1   2   0   0  -3   0   1  -1   0   1   1   2  -1  -2  -2  -1  -1  -1  -1   0    5  13   4   5   0   3   8   5   2  11  12  11   1   2   2   4   4   1   2   6  0.10 0.11
  125 N     0   0   1   0  -3   1   4  -1   0  -3  -2   2   0  -3  -3   0  -1  -1  -1  -2    9   4   7   5   1   5  25   4   2   1   5  11   2   1   1   5   3   1   2   2  0.30 0.25
  126 L    -3  -4  -3  -4  -6  -4  -5  -4  -5   7  -1  -2   0  -1  -6  -5  -3  -5  -3   2    2   1   2   1   0   1   1   2   0  61   6   3   2   2   1   1   2   0   1  10  1.53 0.69
  127 I    -4   6  -3  -2   2  -4  -3  -3  -3   2  -1   2   0   0  -4  -4  -3  -1   0  -1    2  37   1   3   4   1   2   2   0  10   7  13   2   3   1   1   2   1   4   4  0.78 0.44
  128 Y     0   2   0  -1   0   1   1   0   0  -2  -2   2  -2  -1  -4   0   0  -1   1  -2    7  13   5   4   2   6  10   6   3   2   4  15   1   3   0   6   5   1   5   3  0.17 0.15
  129 D    -1   2   0   1  -2  -1   0  -3  -1  -1   3   1   3  -2  -3  -1  -2  -4  -2  -2    6  10   5   7   1   2   7   2   2   3  27   9   7   1   1   4   2   0   2   2  0.26 0.21
  130 L    -1   1  -3  -4   0  -3  -2  -3   1   1   3  -1  -1   1  -3  -2  -2   0   4   0    6   9   1   1   2   1   3   2   3   9  25   3   1   5   1   3   3   1  16   5  0.37 0.25
  131 I     1   1   1  -1  -1   0   0  -1  -1   1  -1   2   0  -1  -2   0   0   0   0  -1   11   8   7   3   2   4   6   3   1   9   5  13   3   3   1   8   4   1   3   5  0.07 0.09
  132 A     1   0   2   0  -1  -1   2   0  -1  -2  -3   2  -1  -4  -1   1   0  -5  -3  -3   10   4   9   5   1   3  12   7   1   2   3  14   2   1   4  13   7   0   1   2  0.20 0.19
  133 G    -4   0   0  -2  -2  -2   0   5  -2  -3  -4   0  -5   2  -3  -1  -2  -1  -1  -3    1   4   4   2   1   2   7  46   1   2   2   6   0   7   2   6   3   1   2   2  0.77 0.44
  134 M    -1  -1  -1  -2   0  -2   1  -2   0   1   1   0   2   2  -2  -2  -1   2   3   1    5   3   2   2   2   1  10   3   2   8  11   6   6   8   2   3   3   3  10   9  0.14 0.13
  135 N    -2   0   0  -2  -4  -3  -3  -2  -4  -5  -4   0  -3  -4   1   5   3  -4  -3  -5    2   5   5   2   0   1   2   4   0   1   2   6   1   1   6  42  16   0   1   1  0.83 0.57
  136 N     0   0   0  -3   1   4  -2  -1   1   1   0   0   1  -2  -3   0   0  -3   1   0    7   5   5   1   3  18   1   5   3   9   7   4   3   1   1   9   6   0   6   5  0.21 0.21
  137 V     1   3   0  -2  -1   0  -2  -3  -2  -1  -3   3   0  -5  -4   0   1  -4  -1   0   11  17   5   2   1   4   2   2   1   4   2  20   3   0   1   7  10   0   3   6  0.38 0.30
  138 E     1   0  -2   2  -3   2   5  -4  -1  -3  -4   1  -4  -6  -5   0  -2  -8  -2  -2   11   5   1  12   1   8  33   1   1   2   2   9   1   0   0   7   2   0   1   3  0.66 0.46
  139 A     3  -6  -7  -4   0  -7  -2  -6  -8   5   4  -6  -1  -3  -8  -5  -5  -4  -7   0   19   0   0   1   2   0   3   1   0  32  29   1   1   1   0   1   1   0   0   7  1.08 0.57
  140 G     6  -5  -6  -8   1  -5  -3   1  -5  -5  -6  -5  -1  -7  -7   2  -3  -8  -4  -3   61   1   0   0   3   1   2   9   0   1   1   1   2   0   0  15   1   0   1   2  1.47 0.81
  141 E     0   4   0   0  -8   0   3  -3  -2  -3  -4   4  -5  -6  -6  -1  -3  -4  -4  -3    7  22   4   4   0   3  16   2   1   2   2  27   0   0   0   4   2   0   0   2  0.75 0.48
  142 K    -1   3  -3  -1  -4   2   3  -5  -1   0  -1   3   4  -3  -6  -1  -2  -4  -1  -2    6  14   1   3   0   8  15   0   1   5   7  18   9   1   0   4   3   0   2   3  0.45 0.35
  143 Y    -5  -8  -2  -6  -3  -6  -5  -7   0  -1   1  -8  -1   7  -7  -6   1  -5   7  -3    1   0   3   1   1   0   1   1   2   3  12   0   2  34   0   1   9   0  29   2  1.55 0.77
  144 S    -5  -3   4  -1   0  -3  -3   6  -2  -8  -9   0  -6  -9  -4  -3  -7  -9  -9  -9    1   2  19   4   2   1   2  59   1   0   0   5   0   0   1   2   0   0   0   0  1.64 0.84
  145 L    -4  -5  -8  -9   1  -7  -8  -6  -6   4   1  -6   0   2  -8  -7  -2  -8  -1   6    1   1   0   0   3   0   0   1   0  21  10   1   2   7   0   0   2   0   2  48  1.40 0.69
  146 H    -1  -1   2   1   2  -4  -4  -2   3  -6  -6  -2  -7  -4  -1   5   1  -5  -3  -5    4   3  10   7   3   1   1   3   6   1   0   3   0   1   3  43   9   0   1   1  0.90 0.61
  147 P    -2   3  -1  -1  -2   3   0  -3   3  -2  -3   2  -2  -3   2  -1  -1  -2   0  -1    4  17   2   3   1  12   5   2   6   3   2  13   1   1  10   5   4   1   4   4  0.36 0.30
  148 R     0   2   0  -2  -1   1  -2   1  -1  -5  -6   0   1  -7  -1   4   2  -3  -3  -3    8   9   4   2   1   7   2  10   2   0   0   5   3   0   3  28  11   0   1   2  0.48 0.40
  149 Y     1  -3   2  -4   1   1  -4  -3   4  -3  -2  -3  -1  -4  -5   0   5  -5   1  -2   11   1   9   1   3   7   1   2   9   2   4   1   1   1   0   7  31   0   4   3  0.64 0.46
  150 V    -3 -10 -10 -10  -4  -9 -10  -8 -10   8  -2  -7  -2  -3  -8  -9  -6  -9  -5   4    2   0   0   0   0   0   0   0   0  62   3   0   1   1   0   0   0   0   1  28  2.22 0.98
  151 S    -1   1   0  -2   3  -1  -4   0   2  -3  -4  -2  -3  -3  -6   5   0   2   2  -3    4   7   5   2   5   2   1   6   4   2   2   3   1   1   0  37   5   3   7   2  0.62 0.46
  152 L     0   4   2   2  -1   0  -1  -2   1  -5  -2   2   0  -4  -6   1  -3  -2   0  -5    9  18  11   9   1   4   3   4   3   1   5  13   2   1   0  11   1   1   3   0  0.40 0.32
  153 I    -1  -9  -8  -9   6  -8  -9  -9  -6   7  -2  -6  -3  -4  -9  -7  -5  -5  -3   3    5   0   0   0  14   0   0   0   0  55   4   1   1   1   0   0   1   0   1  17  1.92 0.87
  154 R     0   2  -2  -6   6  -3  -5  -5  -3   3   1   2  -2  -4  -7  -3  -3  -1  -4   2    8   9   2   0  16   1   1   1   1  14  13  14   1   1   0   1   1   1   1  15  0.67 0.41
  155 H    -2   4   5  -3  -3   0  -3  -5   3  -3  -2   2  -6  -5  -7   1   1  -7  -1  -5    3  19  23   1   1   4   1   1   7   2   4  13   0   0   0   9   8   0   2   1  0.74 0.49
  156 K    -6   2   2  -6  -4  -3  -5   6  -2  -5  -7   2  -6  -6  -8  -6  -7  -9  -1  -9    0  11   9   0   0   1   1  61   1   1   1  11   0   0   0   0   0   0   2   0  1.66 0.85
  157 R    -4   5  -3  -4  -5   1   1  -6  -1  -2  -4   6  -4  -6  -6  -2  -1  -8   0  -3    1  23   1   1   0   5  10   0   1   2   2  39   1   0   0   3   3   0   3   2  1.10 0.64
  158 R    -1   5   2  -5   0  -2  -5  -4  -3   0  -4   1  -5  -5  -6   2   4  -7  -2  -3    4  25   9   0   2   2   0   1   1   5   2   7   0   0   0  13  25   0   1   2  0.76 0.52
  159 W    -9   0  -6  -7  -9  -7  -9  -6  -1  -6  -7  -1  -5  -3 -10  -6  -8  12   4  -9    0   5   0   0   0   0   0   1   2   1   1   4   0   1   0   1   0  71  13   0  3.78 1.52
  160 K     0   3  -1  -6  -6   0  -3  -1  -3  -6  -6   6  -6  -8  -4   1   0  -5  -5  -5    7  15   3   0   0   4   2   5   0   0   1  43   0   0   1  12   7   0   0   1  1.01 0.61
  161 T    -4  -2   0   0  -3  -5  -1  -8  10  -8  -8  -1  -7   0  -8  -1  -2   4   1  -7    2   3   4   5   1   0   4   0  55   0   0   4   0   4   0   6   3   5   4   0  2.05 0.94
  162 L    -5  -5  -8  -5  -4  -6  -5  -8  -5   4   3  -7  -1  -2  -7  -6  -4  -7  -4   6    1   1   0   1   0   0   1   0   0  24  24   0   1   1   0   0   1   0   1  45  1.40 0.68
  163 W    -2  -3   3  -3  -5  -3   0  -3  -4  -3  -3   0  -4   0  -1   2   4   6   2  -3    3   0  15   0   0   1   5   2   0   1   2   7   0   4   3  13  24  10   8   1  0.57 0.41
  164 D    -3  -1   3   4  -2   0   3   1  -2  -4  -4   1  -4  -5  -1   1  -2  -6  -5  -3    1   3  12  21   1   2  20  11   1   1   1   9   0   0   2  10   1   0   0   1  0.53 0.33
  165 R    -2   2   0   0  -5   1   2   0   1  -2  -4   4  -1  -2  -4  -2  -2  -4   2  -4    3  12   4   4   0   6  15   6   3   4   0  31   2   1   0   2   1   0   7   0  0.48 0.31
  166 I     1  -1  -4  -5   0  -3  -4  -2  -3   2   2  -2   0   0  -4  -2  -1  -3   3   3   13   4   0   0   2   0   0   4   0  14  18   2   1   3   0   3   2   0  12  22  0.33 0.24
  167 E    -2   1   1   5  -5   0   4  -2  -3  -5  -4   2  -4  -3  -2   0  -3  -5  -4  -5    2   7   6  30   0   3  27   2   0   0   2  11   0   2   1   8   0   0   0   0  0.69 0.35
  168 R    -2   3   3   2  -4  -1  -1   2  -2  -4  -2   1  -3  -1  -4  -1  -2  -4   0  -4    0  23  20  10   0   2   3  19   0   0   6   7   0   3   0   2   0   0   5   0  0.42 0.23
  169 S     1   1   0   1  -3   1   1   0  -2  -3  -2   0  -2  -1  -1   2  -1  -3   0  -2   15   7   3   8   0   6   8   8   0   0   2   6   0   4   2  24   0   0   4   3  0.19 0.14
  170 T    -2   0   2  -2  -3   0  -2   0  -3  -2   0   0   1  -4  -3   0   5  -4  -3  -2    0   5  13   0   0   3   0   6   0   0  12   7   3   0   0   6  45   0   0   0  0.50 0.28
  171 T     0  -3  -2  -3   1   2  -2   2  -3  -3  -3  -2  -3  -4   4   0   3  -4  -3   0    6   0   0   0   4  11   0  17   0   0   0   0   0   0  24   6  24   0   0   8  0.52 0.22
  172 I    -1  -3  -4  -4   2  -3  -3  -4  -3   3   2  -3   2  -1  -3  -2   0  -3   1   3    0   0   0   0   6   0   0   0   0  24  19   0   6   0   0   0   6   0   6  33  0.39 0.13
  173 A     2  -2   0  -1  -1  -1  -1  -1  -2  -3  -3  -1  -2  -3  -1   4   2  -3  -2  -2   20   0   0   0   0   0   0   0   0   0   0   0   0   0   0  69  11   0   0   0  0.55 0.12

                      K         Lambda
Standard Ungapped    0.1344     0.3182
Standard Gapped      0.0515     0.2670
PSI Ungapped         0.1684     0.3176
PSI Gapped           0.0515     0.2670
