
Last position-specific scoring matrix computed, weighted observed percentages rounded down, information per position, and relative weight of gapless real matches to pseudocounts
            A   R   N   D   C   Q   E   G   H   I   L   K   M   F   P   S   T   W   Y   V   A   R   N   D   C   Q   E   G   H   I   L   K   M   F   P   S   T   W   Y   V
    1 M    -1  -2  -3  -4  -1  -1  -3  -3  -2   1   4  -2   4   0  -3  -2  -1  -2  -1   1    0   0   0   0   0   0   0   0   0   0  60   0  40   0   0   0   0   0   0   0  0.39 0.01
    2 Y    -1  -2  -1  -2  -3  -1  -2   5   4  -3  -3  -2  -2   0  -2  -1  -2  -1   3  -3    0   0   0   0   0   0   0  60  20   0   0   0   0   0   0   0   0   0  20   0  0.57 0.01
    3 G     1  -2   2  -1  -2  -2  -2   5  -2  -4  -4  -1  -3  -3  -2   0  -1  -3  -3  -3   15   0  17   0   0   0   0  68   0   0   0   0   0   0   0   0   0   0   0   0  0.73 0.05
    4 T    -1  -2  -1  -2  -2  -1  -1  -2   4  -1  -1  -1   2  -2   3   0   4  -3  -1  -1    0   0   0   0   0   0   0   0  17   0   0   0  14   0  14   0  55   0   0   0  0.44 0.08
    5 R    -2   6  -1  -2  -4   0  -1  -3  -1  -3  -2   1   2  -3   3  -1  -2  -3  -2  -2    0  71   0   0   0   0   0   0   0   0   0   0  13   0  16   0   0   0   0   0  0.76 0.11
    6 S     0   1   0   1  -2   0   0  -1  -1  -3  -3   2  -2  -3  -2   3   2  -3  -2  -2    0   8   0   7   0   0   0   0   0   0   0  21   0   0   0  48  16   0   0   0  0.40 0.10
    7 S     0   1   1  -2  -2  -1  -1   1  -2  -1   1  -1  -1  -2  -2   3   0  -3  -2   0    0   8   5   0   0   0   0  12   0   0  19   0   0   0   0  46   0   0   0   9  0.23 0.11
    8 A     1   3  -1  -2  -3   0  -1  -2   1  -3  -2   1  -2   1  -2   2  -1  -2   1  -2   14  30   0   0   0   0   0   0   5   0   0   9   0  11   0  26   0   0   6   0  0.31 0.11
    9 Y    -2   2   0  -1  -3   0   2  -3   3  -1  -2  -1   2   0  -3  -1   0  -1   4  -2    0  17   6   0   0   0  23   0   8   5   0   0   9   0   0   0   7   0  26   0  0.36 0.14
   10 W    -4  -3   1  -4  -4  -3  -4  -1   3   2  -1  -1  -2  -1  -5  -3  -3  10   0  -3    0   0   9   0   0   0   0   4  11  15   5   4   0   0   0   0   0  52   0   0  1.60 0.34
   11 S    -1  -1   1   1   2   1   0  -2  -1  -3  -2   2  -2  -1  -2   2   2  -3   2  -2    4   0   8   7   6   7   3   0   0   0   3  17   0   3   0  17  16   0   9   0  0.24 0.18
   12 T     0   4  -1  -3   3  -1   0  -3  -3  -4  -3   1   3  -4   0   2   2  -5  -4  -3    6  32   1   0   6   0   6   0   0   0   0   5   8   0   5  15  15   0   0   0  0.52 0.32
   13 Q    -4   6  -1  -4  -6   2  -1  -2  -3  -5  -3   3  -4  -5  -4  -1   0  -5  -4  -5    0  54   2   0   0  10   2   2   0   0   2  17   0   0   0   3   7   0   0   0  1.14 0.51
   14 P     0   0   1  -2  -3   2   1  -1  -2  -2  -2   2   0  -4   3   1   1  -4  -3  -2    8   2   6   0   0  11   7   5   0   1   2  19   3   0  15  10   7   0   0   2  0.31 0.21
   15 G    -2   3   1   0  -4  -2  -2   4  -3  -4  -2  -1   2  -2  -1   0  -3  -4  -4  -4    0  20   6   5   0   0   2  41   0   0   4   3   7   1   4   7   0   0   0   0  0.62 0.34
   16 K    -2   1   4  -3   5  -2  -2   0  -3  -4  -2   2   0  -4  -4   2  -1   3  -1  -4    1   7  21   0  13   0   2   7   0   0   5  16   3   0   0  15   3   5   2   0  0.48 0.34
   17 F    -3   2  -4  -4   2  -2   0  -5   1   0   1   0   1   3  -4  -3  -2   4   4  -1    1  12   0   0   5   1   7   0   3   4  17   6   4  11   0   0   2   7  17   4  0.42 0.29
   18 D    -3  -2   3   6  -6  -2   0  -1  -4  -5  -2  -1  -5  -5  -3  -1   0   0  -1  -5    2   2  15  50   0   1   5   4   0   0   5   3   0   0   1   5   5   1   2   0  0.97 0.51
   19 V    -2  -1   3  -3  -4   1  -2  -4   0   1  -1  -2   0   0   2  -2   0  -4   1   3    2   4  18   0   0   7   1   0   3   9   5   1   2   3  10   1   5   0   5  24  0.33 0.29
   20 L    -5  -5  -6  -7  -5  -5  -3  -5  -5   0   5  -4   5   4  -6  -4  -3   4   0  -3    0   0   0   0   0   0   2   1   0   4  52   1  12  17   0   1   2   5   3   0  1.17 0.58
   21 N    -5  -3   6  -1  -6  -1  -1  -2   6  -5  -1   0  -5   4  -6  -4  -3  -5  -3  -4    0   1  39   3   0   2   3   3  17   0   5   5   0  20   0   0   1   0   0   1  1.16 0.62
   22 L     2  -4  -3  -3  -2  -3   0  -2   1  -1   4  -2   0  -3  -2  -1   1  -1   1  -2   16   0   1   1   1   0   6   3   3   2  42   2   2   0   1   3  11   1   5   0  0.44 0.35
   23 R    -2   4   0  -1  -1   1  -1   0  -1  -2  -2   1  -1   3  -3   0  -1  -1   0  -2    2  26   4   4   2   5   3   6   2   2   3   6   2  16   1   8   4   1   3   2  0.33 0.28
   24 M    -1  -1   5   1  -5   1  -1  -3  -3  -1   1  -3   4  -1  -5  -1  -3  -5   1  -2    6   3  27   9   0   5   4   2   0   3  14   1  13   2   0   3   1   0   6   2  0.48 0.38
   25 T    -1   0   0  -2  -3   2  -1   2  -2   1   0  -1  -1  -1  -1  -1   0  -1   0   1    5   6   5   1   0  10   3  16   1  11   9   3   0   3   2   4   6   1   3  12  0.08 0.13
   26 F    -2  -3  -2  -2  -1  -4  -1  -5   2  -1  -1  -2   2   6  -5  -3  -1   3   4  -2    4   1   2   3   1   0   5   0   4   3   4   3   5  39   0   1   4   3  13   3  0.88 0.47
   27 P    -3   0  -1   1  -1   0   0   1   1  -3  -5   1   0  -3   5  -1  -1  -5  -1  -2    1   4   3   9   1   3   7  11   3   2   0   8   2   1  31   5   3   0   2   3  0.55 0.36
   28 S     2   0  -2  -2   1  -2  -2   1  -2  -3  -2  -1   0  -1  -1   2   2  -4  -1   0   18   5   1   2   3   1   1  13   1   1   4   3   2   3   2  18  13   0   2   7  0.22 0.23
   29 S     1  -4   1   3   0  -2   2  -3  -1  -1  -3  -1  -2  -5  -2   1   2  -5  -4   1   11   0   6  17   2   1  16   1   2   3   2   2   1   0   1  11  12   0   0  13  0.35 0.31
   30 S    -3  -2   3  -1  -6  -5  -1   6  -5  -7  -4  -3  -3  -7  -5   0  -1  -7  -2  -4    1   2  14   4   0   0   5  56   0   0   2   1   1   0   1   8   4   0   2   1  1.20 0.65
   31 A    -1   1  -1   2   0   0   3  -4  -3  -2  -4   3  -1  -2   2  -1  -2   0   1  -2    5   8   3   9   2   3  17   1   0   3   1  20   2   2  11   3   2   1   4   3  0.35 0.30
   32 Y    -3  -6   1  -5  -3  -2  -2  -6   0  -3   1  -4  -1   4  -3  -4  -4   7   7  -5    2   0   6   0   1   2   3   0   2   1  13   1   2  17   2   1   1  15  32   0  1.32 0.69
   33 E    -5  -1   0   4  -7   2   4   4   0  -7  -7  -1  -2  -7  -5  -3  -4  -7  -4  -7    0   3   4  22   0  10  23  29   2   0   0   4   1   0   0   1   1   0   0   0  0.98 0.59
   34 I    -6  -7  -7  -5  -3  -7  -7  -8  -7   6   1  -5   5   5  -7  -7  -4  -6  -3   0    0   0   0   1   1   0   0   0   0  47  10   1  15  19   0   0   1   0   1   4  1.63 0.77
   35 P    -5  -8  -8  -4  -9  -8  -7  -8  -3  -5  -6  -7  -8  -9   9  -5  -5  -9  -9  -8    1   0   0   1   0   0   0   0   1   1   1   0   0   0  94   1   1   0   0   0  3.39 1.50
   36 D    -1   0  -1   1   1   2   0  -4  -2   3   0  -1   1   0  -3  -2  -1   0  -2   2    4   5   2   7   3   9   6   1   1  16   9   4   4   4   1   1   4   1   1  16  0.19 0.20
   37 L    -5  -7  -4  -7   1  -7  -7  -5  -7   5   4  -4   1   0  -7  -4  -5  -6  -3   2    0   0   1   0   3   0   0   1   0  35  40   1   3   3   0   1   0   0   1  10  1.27 0.65
   38 R    -1   2  -1   0  -3   1   1  -2   0  -2  -1   2   0  -2   2  -1  -1  -2   0  -3    5  14   2   4   1   7  11   2   2   2   6  16   2   2  11   4   3   0   3   2  0.24 0.23
   39 P     0   0   1  -3   2   0  -1   0  -5  -3  -2   3  -2  -2   5  -2  -1  -6  -5  -3    8   4   6   1   4   4   3   6   0   1   4  16   1   2  31   3   3   0   0   1  0.63 0.45
   40 T    -1  -1  -1  -1   2   2   1  -3  -2   0  -2  -1  -2  -1   0   0   2  -4   1   1    5   3   3   4   5  11  11   2   1   5   3   3   0   3   5   6  12   0   6  13  0.17 0.21
   41 T    -1   0   2   3  -3   1   2  -3   2  -2  -2  -1   0  -4  -3   0   2  -2   0  -2    4   5   9  19   0   7  13   1   4   2   4   3   3   0   1   5  13   0   4   2  0.32 0.30
   42 Y     0  -2  -2   0  -2   0   1  -1   0   1   0   0   0   2  -2  -1  -1   0   1   0    8   1   1   6   1   4  10   5   3  12   7   5   2  12   2   4   4   1   5   8  0.07 0.11
   43 V    -1  -1  -2   1  -2  -2   0  -4  -1   4   1  -1   0  -1  -2  -2   0  -2  -4   2    5   3   1   8   1   1   8   1   1  25  15   3   2   2   2   2   7   0   0  12  0.27 0.24
   44 P    -2  -4  -4   0  -3  -4  -2  -3  -3  -2  -1  -3  -6  -4   7  -2  -3  -7  -7  -2    3   1   1   5   1   0   3   2   1   2   8   2   0   1  64   3   1   0   0   3  1.69 0.89
   45 A    -1  -1   1   2  -1  -1   2  -2  -2   0  -1   2  -3  -2   1   1   0  -2  -3  -1    5   2   6  14   1   1  13   2   1   7   5  17   0   2   6   9   4   1   1   4  0.21 0.22
   46 N    -2   1   3   3  -5   0   1  -1   0  -1  -2   1  -4  -2   1   0  -1  -5   1  -2    3   6  13  16   0   3   9   4   2   4   4  11   0   1   8   5   4   0   5   2  0.26 0.24
   47 L    -2  -5  -6  -2  -1  -5  -3  -6  -5   2   4  -4   4   1  -1  -2  -2   3  -2   0    2   0   0   3   2   0   2   0   0  12  42   1   9   5   4   3   2   4   1   6  0.71 0.45
   48 A     0  -1  -5  -2  -1  -1  -3  -4  -2   5   1  -1  -1  -1  -2  -2  -2  -1   1   2    8   4   0   3   1   2   2   1   1  33  11   4   1   2   2   2   2   1   4  15  0.47 0.33
   49 A     1   0  -3  -1   1  -3  -2   2  -5  -3   0  -2  -1  -1   5   1  -1  -6  -5  -3   11   5   1   4   3   1   2  13   0   1  10   2   2   3  28   9   4   0   0   1  0.52 0.39
   50 W    -4  -3  -7  -7  -1  -6  -3  -7  -2   0  -4  -4   0   7  -3  -5  -4   7   4  -2    2   2   0   0   2   0   2   0   1   5   1   1   2  46   2   1   1  15  14   3  1.71 0.80
   51 N    -2  -1   4   2  -5  -1  -1   1   1  -3  -3  -1  -3  -5  -1   3   0  -5  -3  -3    3   3  18  13   0   2   3  11   3   2   3   3   1   0   3  25   5   0   1   1  0.48 0.38
   52 M    -1   2   0   1  -2   0   2  -2   0  -1  -2   2   0   1  -2  -1  -2  -3   3  -2    5  10   4   8   1   3  14   2   2   4   4  15   2   5   2   3   2   0  11   3  0.22 0.21
   53 P     3   1  -1  -1   0   0  -2  -2   0   0  -1  -1   0  -2   1   0   0   4  -3   0   24   8   3   3   2   5   1   2   2   5   6   3   2   1   8   8   5   5   0   7  0.19 0.20
   54 R    -2   3   1  -2  -1   1  -1   0  -1  -1   0   2   3   0  -2   0  -1  -1  -1  -2    3  17   6   2   1   6   2   6   1   3   9  16   7   4   1   7   3   1   2   2  0.22 0.21
   55 H     0   2   1  -1  -4   0  -2  -1   3  -1  -2   1  -3  -4   1   2   1  -1  -1  -2    9  10   6   3   0   3   1   4   8   3   4   9   0   0   6  20   8   1   2   2  0.24 0.23
   56 R    -1   3   2  -1   0   1   0  -2   0  -2  -1   2  -2  -2   0   1   0  -3   1  -2    3  18   9   2   2   6   5   3   2   2   6  14   1   2   4  10   5   0   4   2  0.22 0.20
   57 E     0  -1   1   3  -1   0   1  -1  -3  -2  -2   3  -3  -2   0   0   1   0  -2  -3    6   2   7  16   1   3   8   4   0   2   5  20   0   2   5   8   7   1   1   1  0.25 0.22
   58 Y     0   2   1   0   2   0   0  -1   1  -1  -1   1   0  -1  -2   0   0  -2   2  -1    6  11   7   6   4   3   4   4   3   4   5  10   2   2   2   5   6   0  10   5  0.09 0.11
   59 A     0   1   1   1  -1   0   0  -1   2  -1  -2   2  -2  -2   0   1   0  -1   1  -2    8   7   8   9   1   3   6   5   6   3   4  12   0   2   4  10   6   1   6   1  0.13 0.13
   60 A     0   0   2   2  -1   0   1  -1   1  -1  -2   2  -1  -2   1   0  -1  -3  -1  -1    8   5  11  10   1   4  10   4   4   3   4  13   1   2   7   5   2   0   2   3  0.14 0.13
   61 V    -1   0   1   1  -3   0  -1  -1   2  -1   0   0  -1  -1   2   0   1   0   1  -1    6   4   6  11   0   3   3   5   6   3   8   4   1   3  11   4  12   2   4   5  0.11 0.11
   62 S     0   1   1   1  -3   0   0  -1   1  -2  -1   1  -1   0   1   1   0   0  -1  -2    5   8   6   7   0   2   6   3   4   2   5  11   2   6   8  13   7   1   1   2  0.12 0.12
   63 G     0   1   2   1  -3   0   1   1   0  -2  -1   1  -1  -1  -1   0   0  -3  -2  -1    6   9  12   9   0   4   7  12   3   1   4   8   2   3   2   5   7   0   0   5  0.11 0.10
   64 G     0  -1  -1  -1   2   0  -1   1  -1  -1  -1   0  -2   0  -1   0   2   3   0   0    6   3   1   4   5   3   3  11   1   4   6   7   0   5   2   6  21   5   3   6  0.11 0.14
   65 A     1  -3  -1  -1   2  -2  -3   1  -1   1   1  -3   0   0  -1  -1   1   4   0   0   18   0   2   3   5   0   0  10   2   8  12   0   3   4   2   2  12   8   2   8  0.17 0.17
   66 L    -1  -4  -4  -5   2  -4  -4  -3  -4   2   2  -4   3   1  -2  -3  -1   1  -1   4    4   0   0   0   4   0   0   2   0  12  21   0   8   5   2   0   2   2   2  36  0.52 0.32
   67 H    -1  -3   1  -1   5   0  -1   0   7  -3  -2  -3   0  -1   0  -1  -1  -4   0  -1    4   0   6   2  13   3   2   6  35   0   3   0   2   3   5   3   4   0   2   5  0.65 0.36
   68 F    -1  -3  -1  -4   4  -3  -1  -1   1  -2  -1  -3   1   6  -4  -1  -1   3   2  -2    4   0   4   0   9   0   4   4   4   0   4   0   4  47   0   4   4   4   4   0  0.68 0.33
   69 F    -2  -2   1   1   3  -2  -2  -3   3  -2   0  -2   2   2  -3  -2  -2   5   2  -2    0   0  10  10  10   0   0   0  10   0  10   0  10  10   0   0   0  10  10   0  0.25 0.18
   70 L    -2  -2  -2   0   2   0   2  -3  -4   2   1  -2   0  -1  -4   0   1  -5  -3   2    3   1   2   5   5   5  18   2   0  11  13   1   3   3   0   5   9   0   0  15  0.25 0.23
   71 D    -1  -3   1   5  -6  -1   0  -3   4  -4  -3  -1  -1  -1   0  -1  -4   1   3  -2    4   1   5  34   0   2   6   1  12   1   3   4   2   2   4   4   0   2  10   3  0.65 0.40
   72 D    -7  -7   0   8  -9  -6   0  -7   1  -9  -9  -6  -9  -9  -7  -6  -7 -10  -8  -9    0   0   3  88   0   0   6   0   3   0   0   0   0   0   0   0   0   0   0   0  2.82 1.11
   73 Y    -1   1  -1   0  -1   0   1  -3   0  -2  -3   1  -4   0  -1   0  -1   2   6  -1    4   6   3   5   1   3  10   2   2   2   1   9   0   4   3   6   4   3  27   4  0.42 0.31
   74 R    -2   4   0  -2  -2   2  -1  -3   1  -1   0   3   0  -3  -3  -1  -1  -1  -1  -1    2  23   3   1   1   8   3   1   3   4   9  22   2   1   1   4   4   1   2   3  0.40 0.30
   75 F    -5  -6  -6  -6   0  -1  -6  -6  -5   1   1  -6   0   8  -6  -5  -5   2   1  -4    0   0   0   0   2   3   0   0   0   7  13   0   3  62   0   0   0   3   4   0  1.74 0.73
   76 E     0   2   1   1  -1   1   4  -3   0  -2  -2   0   0  -4  -4  -1  -1  -4   1  -2    8  11   6   8   1   5  32   1   2   3   3   5   3   0   0   3   2   0   5   2  0.40 0.32
   77 T     0   4   0   1   2   0  -1   1  -1  -4  -3   0  -3  -2   0   1   0  -5  -4  -2    9  27   4   7   4   3   3   9   1   0   2   6   0   2   5   9   5   0   0   3  0.32 0.28
   78 V    -1  -1  -5  -3   0  -4  -3  -5  -1   4   2  -2   1   2  -5  -2  -1   2   0   3    4   3   0   2   2   0   2   0   2  23  16   2   2   8   0   2   3   3   4  22  0.48 0.32
   79 W    -3  -2  -3  -8   1  -2  -7  -7  -6  -2   2  -7   0   1  -8  -3  -2  10   3  -1    2   2   2   0   2   2   0   0   0   2  17   0   2   4   0   2   2  44  10   5  1.87 0.86
   80 S    -1   2   3   2  -1  -1   0  -4   2  -3  -3   2  -1  -1  -2   0   1   0   0  -3    4  11  15  10   1   2   4   0   4   1   2  16   1   3   2   8   8   1   4   2  0.28 0.26
   81 S    -2   2   5   2   0  -1  -1  -1   4  -5  -3   1  -1  -2  -5   0  -1   0   0  -3    2  10  27  11   2   2   4   4  11   0   3   7   2   2   0   6   3   1   3   2  0.53 0.37
   82 P    -3   1  -2  -3  -1  -6  -3  -7  -6  -2  -1  -1  -6  -7   7  -2  -2   1  -3  -3    2   7   2   2   1   0   2   0   0   2   6   3   0   0  61   3   3   2   1   2  1.62 0.87
   83 E     0   0   0   2  -6   1   4  -2  -1  -2  -2   1   0  -1  -3   0  -1   0  -1  -3    7   5   4  11   0   5  27   2   1   3   4  10   3   3   1   5   3   1   3   1  0.35 0.30
   84 R    -1   4   0   0  -2   1   0  -2  -1  -3  -1   4   0  -2  -1  -2  -2  -1   1  -2    6  19   4   6   1   6   7   3   1   2   5  23   2   1   3   2   2   1   4   2  0.37 0.30
   85 L    -1  -1  -2  -3  -1  -2  -3   0   1   0  -1  -2  -1   1  -2  -2   0   1   7  -1    6   3   2   2   1   2   2   7   3   5   6   3   1   6   2   3   6   2  35   5  0.61 0.41
   86 L    -1  -1  -2  -4  -3  -2  -3  -2  -4   2   3  -2   1   0  -2  -2   0   1   0   1    5   3   1   0   0   2   2   3   0  14  34   2   3   4   2   2   8   2   4  10  0.33 0.27
   87 P     0   0   0   2  -1   0   2  -1  -1  -4  -2   2  -1  -2   3   1  -1  -4  -2  -2    8   4   4  12   1   4  13   3   2   0   5  13   2   1  13   9   3   0   2   2  0.24 0.22
   88 R    -1   2  -1  -1  -3   0   0  -2   0   1   0   1   1   0  -1   0   0   1   1   0    4  16   2   2   0   2   6   2   3  11  10   9   4   3   3   7   5   2   5   5  0.08 0.10
   89 V     0  -4  -4  -4   2  -3  -4  -4  -3   2   3  -4   3   3  -4  -3  -3   4   2   1   10   0   0   0   5   0   1   1   0  10  30   0   8  12   0   1   0   5   7   8  0.52 0.27
   90 Q     0   2   0   0   1   1   1  -1   1  -1  -1   2   1  -1  -3   1   0  -3   0  -2    6  13   3   4   3   6   9   5   3   4   5  14   5   3   0  10   4   0   3   0  0.12 0.12
   91 A    -1   3   1   0   0   2   1   1   1  -4  -3   3  -1  -3  -1   0  -2  -1  -3  -3    3  16   7   4   3   9   8  12   3   0   2  19   1   1   3   5   1   1   0   1  0.31 0.25
   92 V     1  -2  -4  -5   3  -4  -4  -5   1   0  -1  -4  -3   5  -1  -2  -2   1   5   0   11   2   0   0   6   0   0   0   3   6   4   0   0  30   4   3   3   2  19   8  0.73 0.39
   93 G     0   2   0   1  -4   1   0   0   1  -2  -2   2   0  -3   0   0   0   1   0  -2    7  12   3  10   0   5   6   8   3   2   3  15   3   0   4   5   7   3   4   2  0.15 0.15
   94 A     2  -4  -1  -4   3   0  -1   3   0  -1  -1  -3   1   0  -1   0  -1   2   0  -1   22   0   2   0   7   4   3  22   2   4   5   0   4   5   2   4   4   2   4   4  0.27 0.24
   95 A     1  -1  -4  -5   2  -4  -4  -1  -5   3   1  -4   2   1  -5  -1   0  -5  -3   4   11   3   0   0   4   0   0   4   0  16  10   0   4   6   0   5   5   0   0  32  0.48 0.33
   96 L    -1  -1  -3  -4   2  -3  -3  -1   1   4   0  -3   1   1  -4   0   0  -3   0   2    5   4   0   0   5   0   0   4   4  28   8   0   4   5   0   7   5   0   4  17  0.27 0.23
   97 T     0  -2   1   0   2   1   0   0  -2   0   0  -2   1   1   1   0   0  -3  -2   0    7   0   7   7   7   7   7   7   0   7   7   0   7   7   7   7   7   0   0   7  0.07 0.12
   98 P     0  -2  -2  -3  -2  -2  -2  -3   2   1   0  -2   2   1   2   0   1   5  -1   1    9   0   0   0   0   0   0   0   9   9   9   0   9   9   9   9   9   9   0   9  0.23 0.16
   99 D    -2  -2   3   6  -4   2   2  -2  -2  -4  -4  -1  -3  -4  -2  -1  -2  -4  -3  -3    1   1  16  53   0  11  11   1   0   1   1   1   0   0   1   1   1   0   0   1  0.87 0.21
  100 F    -2  -2  -2  -5   2  -4  -5  -5  -3  -1   0  -4  -2   6  -1  -3  -2  -2   5   0    2   2   2   0   4   0   0   0   0   3  10   0   0  42   4   1   1   0  22   7  0.95 0.36
  101 S    -2  -4   0  -3  -4  -3  -3  -4  -4  -5  -2  -3  -4   0  -4   6   3  -5  -4  -4    0   0   4   0   0   0   0   0   0   0   3   0   0   4   0  73  16   0   0   0  1.31 0.53
  102 L    -1  -1  -5  -5   2   1  -1  -6  -5   3   1  -4   4   0   1  -4   1  -5   0   2    4   4   0   0   4   6   5   0   0  17  14   0  11   4   6   0   9   0   4  12  0.40 0.30
  103 W    -2   1  -1  -1   3  -4  -2  -2   1  -1  -1  -2   0   2  -1  -2   1   3   6  -2    3   7   3   3   7   0   3   3   4   3   5   3   3   8   3   3   8   3  27   3  0.50 0.33
  104 R     0   0  -1   1   0  -1   0   1  -2   1   0  -1   0  -1   0   0   0   3   1   0    7   5   3   8   2   3   5  11   0   9   7   2   3   2   5   5   7   5   5   5  0.05 0.08
  105 D    -3  -2   2   6   0   0   1   1   0  -7  -4  -2  -6  -7  -2  -2  -1  -7  -1  -7    2   2  10  45   2   5   7  10   2   0   2   2   0   0   3   3   4   0   3   0  0.97 0.54
  106 M     0  -1  -1   0  -4   1  -1   0   1   0  -1  -3   6   0  -4  -1  -1   4   1  -1    7   3   3   5   0   6   4   8   3   5   4   0  24   5   0   5   3   6   6   4  0.31 0.32
  107 P    -1  -1   0   0  -4   0  -1  -2   2  -1  -2   0  -3  -4   5   1  -1  -5   0  -1    5   3   4   6   0   4   4   3   5   4   3   4   0   0  32  11   4   0   3   4  0.51 0.35
  108 R    -1   3   0  -1  -4   0   0  -3   0   1   1   1   0   0   2  -1  -1   0   1  -1    4  17   4   3   0   3   7   1   2   8  15   7   2   4   9   3   3   1   4   3  0.16 0.18
  109 A     1  -4  -1  -1   3  -1   0  -2   0   2  -2  -1  -1   0   1   0  -1   3   1   1   15   0   3   3   7   3   6   2   2  12   3   3   2   4   8   7   2   5   5   8  0.18 0.20
  110 A    -1   0   0   0   2   0   0  -3   2   0  -1   0   1   1   0   0   0   3   1   0    5   5   5   5   5   5   5   0   5   5   5   5   5   5   5   5   5   5   5   5  0.10 0.13
  111 A    -2   1   2  -2   0   6  -1  -2   2  -1  -3   1   0  -6  -6  -2  -2  -6  -1  -2    4   7  10   2   2  39   2   3   5   4   3   7   2   0   0   2   2   0   2   3  0.78 0.57
  112 V    -1   0  -1  -1   1   0  -1  -2   0   3   2   0   2  -1  -2  -2  -2   2   0  -1    6   4   3   3   3   5   4   3   3  18  17   7   5   3   3   3   3   3   3   4  0.20 0.15
  113 W     0  -1  -1  -2   1   0  -1  -3   3  -2  -2  -8   1   2  -9  -1  -1   8   5  -2    9   3   3   3   3   4   4   3   6   3   4   0   3   9   0   4   4  17  15   3  0.80 0.47
  114 N     0   0   5  -1   0   2  -3  -2   2  -1  -3  -1  -1  -1  -4   1  -2  -5   0  -3    8   4  37   2   2   9   0   2   4   3   3   3   2   3   0  12   2   0   3   2  0.56 0.44
  115 V     0  -2  -2  -2   2  -3  -2  -4   0   3   0  -1   3  -1  -4  -1   1   1  -1   2    7   2   2   2   4   0   2   0   2  24   8   3   8   2   0   4  11   2   2  15  0.29 0.27
  116 Y    -1  -1   0  -2   0  -2  -2  -1   0  -3   1  -2  -3   3  -5  -1  -2   4   6  -2    5   3   5   2   2   2   2   4   2   0  12   3   0  12   0   4   2   6  32   3  0.64 0.44
  117 R    -1   5  -2  -1  -5  -1  -1  -5   0   0   2   1   0   0  -4  -3  -2   1  -1  -1    4  35   2   3   0   2   2   0   2   5  19   9   2   5   0   0   2   2   2   3  0.50 0.39
  118 S     0   1   1   1   3   1  -1   0   2   0  -2   0   1   1  -3   0   0  -3  -2  -2    7   7   7   7   7   7   0   7   7   7   0   7   7   7   0   7   7   0   0   0  0.10 0.16
  119 R    -1   6   0  -4  -1   2  -3  -5   1  -2   0   1   1  -2  -5  -2  -1  -5  -1  -4    6  49   3   0   1   8   0   0   4   2   8   7   3   1   0   1   3   0   2   0  0.87 0.52
  120 W     2  -1  -3  -5  -1  -1  -3  -4   0   2   2  -2   1  -1  -4  -2  -1   7   0  -1   19   4   1   0   1   3   1   0   3  13  20   2   3   2   0   2   3  17   2   3  0.53 0.35
  121 C     0  -4  -2  -5   4  -4  -5  -2  -4   2   2  -4   1   2  -5  -1   0   3   0   2    6   0   2   0  11   0   0   2   0  13  19   0   3   8   0   4   6   4   3  18  0.43 0.30
  122 G     2  -1  -2   0   0  -2  -2   4  -4  -2  -2  -3  -1   0  -4  -1   0   1   1  -2   20   3   2   5   2   2   2  36   0   2   3   0   2   4   0   4   5   2   5   2  0.47 0.34
  123 A     2   1   0  -1   1   1   0  -3   1  -1  -1  -1   0   1  -4  -1  -1   2   2   0   21   7   4   3   3   8   5   0   4   3   4   3   3   6   0   4   3   3   9   7  0.16 0.21
  124 Y    -2  -1  -4  -1   1   0   0  -5   1   0   0  -1   2   2  -5  -4  -1   6   5   0    4   4   0   4   3   3   8   0   3   4   8   3   5   8   0   0   3  13  21   5  0.57 0.39
  125 W    -2  -6  -7  -7   1  -6  -6  -7  -1  -2   3  -6   6   2  -7  -6  -5   9   1  -2    3   0   0   0   3   0   0   0   2   2  28   0  18   9   0   0   0  30   4   3  1.63 0.71
  126 Q     0  -1  -1  -2  -6   7  -1  -1   1   0  -2  -1   0  -1  -5  -1  -2  -6  -5  -2    8   2   2   2   0  47   3   6   3   5   4   3   2   3   0   4   2   0   0   2  0.85 0.55
  127 S    -1   1   2   1  -1   1   2  -2   0  -2  -2   1   1  -4  -3   1  -1  -4   0  -1    4   6  11   7   2   7  18   2   3   2   3   7   4   0   0  13   3   0   4   5  0.22 0.21
  128 Q    -1   0   4  -2   1   1   0  -2   5  -1   0   0   0  -2  -4  -1  -1   0   1  -2    5   5  23   1   3   8   6   2  14   3   8   4   2   2   0   2   3   2   4   3  0.35 0.28
  129 G    -1  -2   1   1   3   1   1   1   3  -2   0  -1  -2   1  -3   0  -1  -3  -1  -2    0   0  10  10  10  10  10  10  10   0  10   0   0  10   0  10   0   0   0   0  0.18 0.14
  130 I    -1  -1  -1  -4   2  -1  -4  -2   1   3   1  -1   1   1  -1  -1  -1  -4   0   2    6   3   3   0   4   3   0   4   3  22  13   4   4   5   3   3   3   0   3  13  0.22 0.21
  131 E    -1   0   2  -1   0   0  -1  -2   1   0  -1   2   0  -1   0  -1   1  -4   0   0    5   5  11   3   3   4   4   3   4   8   3  14   3   3   4   3   9   0   4   7  0.09 0.13
  132 V    -1  -5  -1  -6   3  -1  -5  -2  -6   2  -1  -5   3  -4  -1  -2   1  -6  -5   5    6   0   3   0   5   3   0   3   0   8   3   0   6   0   3   3   7   0   0  50  0.84 0.50
  133 L    -1  -5  -5  -5  -3  -4  -5  -5  -4   6   1  -4   2   1  -5  -4  -3   2   1   2    6   0   0   0   0   0   0   0   0  54   9   0   4   4   0   0   0   4   4  15  0.84 0.37
  134 P     0  -4  -2  -4   0  -1  -3  -1  -4  -2  -1  -3  -1   0   7  -1  -1  -4  -1   1    8   0   2   0   2   2   0   4   0   2   4   0   2   4  52   3   2   0   2  10  1.01 0.39
  135 T     0   0   4   0   1   0  -1  -2   1  -2  -2   0  -2  -1  -3   1   2  -4  -2  -1    8   4  30   5   4   4   0   0   4   0   4   5   0   4   0   9  13   0   0   6  0.29 0.24
  136 A     0  -3  -3  -3   3  -2  -3   0  -2   1   0  -3   2   1   1   0   0   4   2   0    8   0   0   0   8   0   0   8   0   8   8   0   8   8   8   8   8   8   8   8  0.21 0.17
  137 C    -1   5   0  -1   1   0  -1  -1   1  -1  -2   0   0  -4  -4   1   0  -4   0  -2    3  34   4   3   4   4   3   5   3   3   3   3   3   0   0  13   6   0   3   3  0.38 0.30
  138 W    -2  -6  -6  -6   1  -5  -6  -3  -5   0  -3  -6  -1   3  -3  -2   0  11   1   0    4   0   0   0   3   0   0   2   0   6   2   0   2  10   2   3   6  48   5   6  1.92 0.82
  139 A     1  -2  -1  -1   2  -1  -3   4   0  -3  -3  -3  -4  -4   0   1   0   0   1   0   12   2   3   3   4   3   0  33   3   1   2   0   0   0   4  12   5   2   5   7  0.41 0.32
  140 T    -2  -2   1   4   0  -1  -1   1   1  -3  -2  -2  -4  -2  -1   1   2   0  -4  -3    3   2   6  30   2   2   3  12   3   1   5   1   0   1   3  12  12   1   0   2  0.43 0.34
  141 P    -1   0   0   0  -3   0   0  -1   2   0  -1   0   1   0   0   0   0   3   1   0    5   5   5   5   0   5   5   5   5   5   5   5   5   5   5   5   5   5   5   5  0.06 0.08
  142 D     0   1   0   3  -4   0   3  -2  -3  -2  -1   1   0  -2   0   0  -1   3  -1  -2    6   9   4  16   0   3  20   3   0   2   6   7   2   2   4   6   3   5   2   3  0.25 0.25
  143 T     0   0   1   0  -3   1   0   0   2   0  -1  -1  -1   1   1   0   0  -2   1  -2    7   7   7   7   0   7   7   7   6   7   7   0   0   6   7   7   7   0   6   0  0.07 0.10
  144 F    -1   0  -3  -2   1  -1   0  -4   1   2   1  -2   0   3  -4  -1  -3   4   4  -1    6   5   0   2   3   3   7   1   4  12  11   2   2  14   0   3   0   5  15   2  0.31 0.26
  145 D     0   0   0   0   2   0   0  -1   1   0  -1   0   1   0   0   0   0   3  -2   0    5   5   5   5   5   5   5   5   5   5   5   5   5   5   5   5   5   5   0   5  0.05 0.09
  146 F    -1   0   0   0   2   0   0  -3   2   0  -1   0   1   1   0   0   0   3   1   0    5   5   5   5   5   5   5   0   5   5   5   5   5   5   5   5   5   5   5   5  0.08 0.12
  147 C     0  -3   1   0   5  -2  -3  -3  -2   0   0  -3   1   1  -3   0   0   5   1   0    8   0  10   5  18   0   0   1   0   5   7   0   4   5   0   7   5   9   6   8  0.33 0.24
  148 F     0   0  -2  -3   2  -2  -2   0  -2   0   0   0   1   1  -3   0   0   4   1   0    7   7   0   0   7   0   0   7   0   7   7   7   7   7   0   7   7   7   7   7  0.11 0.14
  149 D     0   1   0   2   2   0   0  -1   0  -1  -1  -1   2  -3  -1   0  -1   2   0  -1    8   7   4  16   4   5   6   5   3   4   7   3   7   0   3   5   4   3   3   3  0.11 0.13
  150 G     0  -2   0  -3   0  -3   0   5   2  -2  -3  -2  -4  -2  -1  -1  -2   1  -1  -2    6   2   4   0   2   0   6  49   5   3   3   2   0   2   3   4   2   2   2   3  0.70 0.41
  151 I     0   0   1  -2  -2   1   0  -3  -1   0   0  -1   2   1  -3  -1   0   4   2   0    8   8   7   0   0   7   8   1   0   8   8   0   7   7   0   1   8   7   7   8  0.13 0.14
  152 P    -1  -1  -1  -1  -6   1   2  -2   1  -5  -5   0   1  -1   6  -1  -1  -6  -5  -2    5   4   3   4   0   6  12   4   3   0   0   5   3   3  36   4   4   0   0   3  0.73 0.49
  153 E     0   0   0   0   2   0   0  -1   2   0  -1   0   1  -2   0   0   0   3   1   0    5   5   5   5   5   5   5   5   5   5   5   5   5   0   5   5   5   5   5   5  0.07 0.11
  154 G     0   0   0   0   2   0   0   0   1   0  -1   0  -1   0   1   0   0  -2   1   0    6   6   5   6   5   5   6   6   5   6   6   6   0   5   6   6   6   0   5   6  0.03 0.06
  155 A     0  -1  -1  -1  -1   0  -2   1  -1   0  -2  -1  -1  -3  -2   4   1   0   1  -1    5   3   2   3   1   3   1  12   1   5   2   3   1   0   2  36   7   1   5   5  0.31 0.30
  156 T     0  -4  -1  -3  -1  -2  -4  -2  -4   3  -1  -3   2  -3   2   0   2   3  -2   3    6   0   3   1   1   1   0   3   0  19   3   0   7   0  10   6  14   5   1  19  0.38 0.32
  157 V     0  -4  -4  -3   0  -4  -4  -3  -4   3   0  -2   1   0  -3  -3  -1   2   1   4    8   0   0   2   2   0   0   2   0  17   5   2   3   4   1   0   3   2   6  39  0.55 0.36
  158 A     5  -4  -4  -4   1  -3  -3  -1  -4   1  -2  -3   0  -1   0   1  -1   0  -1   0   52   0   0   0   3   0   0   3   0   9   3   0   2   3   4  10   3   2   2   4  0.63 0.45
  159 I    -1  -5  -5  -5   0  -4  -3  -3  -5   4   0  -5   1   2  -2  -1  -1   1   1   4    5   0   0   0   2   0   2   2   0  27   4   0   3   9   2   6   3   2   5  27  0.56 0.38
  160 S    -1   1   0  -1   3   0  -2   3  -3  -4  -2  -3  -1  -1  -4   4   0  -5  -4  -2    4   8   5   2   8   3   2  21   0   0   3   0   2   3   0  30   4   0   0   3  0.45 0.37
  161 S     0  -3  -1  -3   3   1  -1  -1   0   0   0  -3   0   1  -2   1   4  -4  -3  -1    7   0   3   0   6   6   4   4   2   6   7   0   2   7   2   9  32   0   0   3  0.34 0.32
  162 M    -2   1   0  -2  -1   1  -2  -2   3   2   1  -1   1   0  -1  -2  -1   2   2   0    2   7   4   1   2   9   1   3  10  13  11   3   3   4   3   1   4   3   7   7  0.13 0.17
  163 G     0  -2   0  -2   0   1  -2   5  -4  -4  -4  -3  -1  -4  -2  -2   0   3  -2  -2    8   2   4   2   2   9   2  50   0   0   0   0   2   0   2   2   7   4   1   3  0.76 0.46
  164 I    -1  -1   0  -4   6  -1  -4  -3   1   1  -1  -1   0  -1  -3  -1   2  -4   1   2    6   4   6   0  19   3   0   1   3   8   4   4   2   3   1   5  11   0   5  15  0.42 0.31
  165 R    -1   1  -1   0   0   0   0   0   0   1   1   1   1   0  -2   0  -1  -1  -1   0    4  10   2   4   2   4   6   9   2  13  14   9   4   3   1   5   2   1   1   4  0.05 0.09
  166 S    -2   3   3   0  -5   0  -1   0   1  -3  -3   3  -1  -3   0   0  -1   0  -4  -2    3  16  13   5   0   4   2   8   3   1   1  19   2   1   5   6   4   2   0   3  0.34 0.28
  167 S    -1   2   4   3   1  -1   1  -1   1  -4  -4   0  -4  -4  -2   2   0  -5  -1  -4    4   9  17  18   4   1   7   5   3   1   1   4   0   1   2  14   5   0   2   1  0.42 0.33
  168 K    -1   2   0   1  -1   1   1  -2   1  -3  -1   3  -2  -4   2  -1  -1  -1  -2  -2    6  12   4   6   1   6  10   3   3   2   6  20   1   0  10   4   3   1   1   2  0.28 0.25
  169 V    -1   0  -1   3  -2   1   3  -3  -3  -1  -1   0  -2  -3  -3   0   0   0   0  -1    5   5   3  14   1   7  24   1   0   3   5   6   1   1   1   6   7   1   4   5  0.30 0.27
  170 D     2  -2   3   4  -1   1   2  -1  -2  -4  -3  -2  -4  -3  -3   1  -2   0   0  -4   17   2  12  21   1   5  13   4   1   1   2   2   0   1   1  10   2   1   4   0  0.43 0.35
  171 Q    -2   5  -1   0  -2   0  -1  -5   0   0  -1   3  -2  -2  -3  -2  -2   3   0  -2    3  30   2   5   1   3   3   0   2   6   6  20   1   1   1   3   2   4   3   2  0.59 0.40
  172 A     0   2   1   2  -2   0   2  -2   1  -2  -2   2  -1  -2  -1  -1  -1  -2   1  -2    8  10   7  10   1   4  16   2   3   2   4  12   2   2   3   5   3   1   6   2  0.21 0.20
  173 L    -1   1  -2  -2   0   0   0  -1   1   1   2  -2   1   1  -3  -2  -2   2   2   0    4   8   1   2   2   5   7   5   4   8  21   2   3   5   1   3   2   3   7   6  0.13 0.14
  174 F    -3  -5  -4  -8  -3  -4  -8  -8  -7  -1   0  -8  -1   7  -8  -3  -4   8   2  -2    3   1   1   0   1   1   0   0   0   3   7   0   2  49   0   2   1  20   6   3  1.96 0.92
  175 R    -1   1  -1  -1   1   1   1  -1   1   0   0   1   2   0  -1  -1  -1  -3   1   0    4   9   3   3   4   5  10   3   5   5   9   8   6   5   3   3   4   0   5   6  0.05 0.10
  176 A     0   0   0   0   1   0   1   0   1  -1  -1   1   1   0  -1   0   0  -3   1  -1    7   4   5   6   3   4  10   6   3   3   7  12   6   3   3   5   4   0   5   3  0.05 0.08
  177 G     0  -1  -1  -2   0   0   0   5   0  -2  -5  -2   0   0  -5  -2  -2   2  -1  -5    9   4   3   3   2   4   5  46   2   2   0   3   3   4   0   3   3   2   2   0  0.71 0.48
  178 L    -2  -5  -5  -6  -1  -2  -3  -6  -4   2   3  -5   3   2  -6  -5  -1   0   4   2    3   0   0   0   2   2   2   0   0  13  29   0   7   8   0   0   3   1  16  12  0.72 0.43
  179 Q     1   2   1   1  -4   0   2  -2   0  -1  -2   2  -1  -2  -1   0   0  -1   0  -3   10  13   8   9   0   3  14   2   2   3   4  13   1   1   2   5   5   1   3   1  0.21 0.20
  180 E     1   0  -3  -1  -1   0   4  -3   0   0  -1   1  -1  -1  -2  -2  -1  -1   3  -1   11   5   0   3   1   4  29   1   2   5   5   8   2   2   1   2   3   1   9   5  0.35 0.31
  181 L     1  -3  -5  -6   0  -2  -5  -5  -5   1   2  -1   7   0  -5  -2   0   0  -4   1   13   2   0   0   2   1   0   0   0   7  16   3  29   4   0   2   6   1   0  11  0.80 0.49
  182 L    -1  -1  -3  -3   3  -3  -2  -4  -5   4   3  -1   3  -2  -5  -3  -2  -5  -4   3    4   4   1   1   6   1   3   1   0  22  26   3   7   2   0   1   1   0   0  17  0.59 0.37
  183 D    -1   2   0   3  -1   0   3  -2   1  -1  -2   2  -4  -2  -3  -1  -1   0  -4  -2    4  13   4  15   1   4  17   3   3   3   3  13   0   2   1   5   3   1   0   2  0.32 0.27
  184 R    -1   5  -1  -3   0   0   1  -5   2   0  -2   1   0  -4  -4  -1   1  -5  -1   0    4  29   3   1   2   4  10   0   5   5   4   9   2   0   0   3  10   0   2   6  0.45 0.35
  185 K    -1  -4  -5  -3   1  -3  -4  -4  -2   3   4   0   0  -2  -5  -3  -2  -5  -4   1    4   0   0   2   3   1   0   1   1  17  46   8   2   1   0   1   2   0   0   8  0.69 0.42
  186 Q    -2   2   3  -1   0   2   2  -1   3  -4  -3   2   0  -4  -1   0  -1  -5  -2  -4    3  12  13   3   2  10  15   4   7   0   3  11   2   0   4   7   3   0   1   0  0.37 0.29
  187 P    -3  -4  -2  -6  -7  -6  -6  -4  -7  -4  -3  -3  -7  -8   8  -4  -3  -8  -7  -7    2   1   2   0   0   0   0   1   0   1   4   2   0   0  83   1   2   0   0   0  2.64 1.16
  188 R    -2   1   0   0  -2   1   2  -2   0  -2  -3   3  -3  -2  -2   2   1  -5  -2  -2    2   6   3   4   1   5  16   3   2   3   3  18   0   1   1  19  10   0   1   2  0.33 0.30
  189 L     1   1   1   0  -1   0   0  -1   1   0   0   1   0  -1  -3  -1   1  -4  -2  -1   12  10   6   5   1   5   4   4   3   4  11  10   2   2   0   3  13   0   1   4  0.08 0.13
  190 L    -5  -6  -7  -7   0  -6  -7  -7  -7   5   3  -3   0   1  -7  -6  -3  -6  -5   4    0   0   0   0   2   0   0   0   0  36  23   1   1   6   0   0   1   0   0  30  1.25 0.61
  191 L    -4  -6  -4  -6  -2  -6  -6  -7  -6   5   4  -6   0  -1  -6  -4  -3   2  -2   3    1   0   1   0   1   0   0   0   0  35  37   0   2   2   0   1   1   2   1  16  1.12 0.55
  192 A    -2  -3  -4  -6   4  -3  -6  -6   1   3   0  -6   0   0  -6  -5  -4   0   0   5    3   1   1   0   8   1   0   0   3  18   7   0   1   4   0   0   0   1   3  48  1.04 0.55
  193 Y    -4  -4  -2  -7   1  -4  -6  -7   2  -2  -4  -6  -5   3  -7  -6  -6  -1   9  -1    2   1   2   0   3   1   0   0   4   2   2   0   0   9   0   0   0   1  71   4  2.33 0.98
  194 G    -2  -6  -1  -3  -6  -5  -6   7  -2  -7  -7  -5  -6  -7  -6  -2  -5  -6  -6  -6    3   0   3   1   0   0   0  88   1   0   0   0   0   0   0   2   0   0   0   0  2.24 0.86
  195 R    -1   2   1   1  -1  -1   0   1  -1  -3  -3   3  -2  -1   1   1   0  -4  -1  -3    4  10   6   7   2   1   6  10   1   1   1  18   1   3   7  12   7   0   2   1  0.22 0.19
  196 L     0  -1  -2  -1  -1  -1   0   0  -1   0   1  -1   3   0   2  -1  -1  -3  -1   0    9   3   1   4   2   1   5   7   1   5  13   4  12   5  11   5   3   0   2   7  0.10 0.12
  197 R    -2   1   1   1  -2  -1  -2  -4  -2   0  -1   1   1   1   4  -2  -1  -1  -2   0    2  10   9   7   1   2   1   0   1   7   5   9   4   8  22   1   4   1   1   6  0.34 0.25
  198 Y    -1  -2   0   3   0  -1   3  -1   0  -3  -3   0  -3   1   2  -2  -2   1   3  -3    4   2   3  15   2   1  18   6   2   1   2   7   1   7  12   2   1   2   9   1  0.33 0.27
  199 C    -1  -2  -3  -1   5   0   3   1  -2   0  -3  -1  -2   0   0   0  -2  -2   2  -1    4   2   1   2  15   4  20  13   1   6   1   4   1   4   4   6   1   0   7   5  0.34 0.28
  200 D    -2  -1  -3   2   2  -1   0  -3  -2   0  -1   1   4   3  -1  -2  -2   1   2  -2    3   4   1  14   4   3   6   1   1   6   6   8  13  12   4   3   1   2   8   2  0.28 0.25
  201 D    -2   1   1   4  -5   0   1  -1  -1  -3  -3   2  -2   2  -3  -2  -1  -4   1  -1    3   9   6  23   0   4  10   4   1   1   1  14   1   8   1   1   4   0   6   4  0.38 0.29
  202 M     0   0   1  -1  -1   0   0   1   0   0   0   0   1   1  -1   0  -1   1   0  -1    6   4   8   2   1   4   5  12   2   4   9   8   5   8   3   8   2   2   3   4  0.04 0.07
  203 N    -1  -1   3   2  -2   2   0   1   0  -2  -2   0  -1  -3   1   0  -1  -3  -2  -2    5   3  18  12   1   9   6   9   2   2   5   5   1   1   9   5   4   0   1   2  0.25 0.21
  204 L    -1  -3  -1  -1  -2  -1  -1   2  -3   3   1  -2   0   1  -3  -2  -1   0   0   0    5   1   3   3   1   2   4  15   0  21  16   2   2   5   1   2   4   1   4   7  0.20 0.18
  205 P    -1  -2  -2  -1   3  -2   1  -3  -1   2  -1   0  -1  -3   2  -1   1  -2  -3   1    5   2   2   4   7   1   9   1   1  16   5   8   1   1  12   5   8   1   0  12  0.23 0.20
  206 E    -2   0   2   0  -1   1   4  -2   2  -1  -4   0  -4  -1  -1  -1  -1  -1   2  -1    3   5  10   4   1   5  29   3   5   4   0   6   0   3   3   3   3   1   7   4  0.37 0.30
  207 V    -3  -4  -2  -4  -3  -5  -6  -2  -2   5   1  -5   1   2  -6  -4  -1  -1   0   4    1   1   2   1   1   0   0   4   1  30  10   0   3   9   0   1   3   1   4  30  0.80 0.45
  208 K    -1   0  -1   0   1  -1  -1  -3   1   2   0   1  -1   0   1  -1  -1  -4   1   2    4   5   2   5   3   2   3   1   4  15   7  10   1   4   7   3   3   0   4  16  0.13 0.15
  209 E    -2   1  -2   0  -2   1   1  -2   1  -1  -2   0  -2   0   0   1  -1  -1   5  -2    3   9   2   5   1   6  10   3   4   3   4   5   1   4   4  11   2   1  20   3  0.28 0.26
  210 Y    -4  -4  -1  -4  -6  -5  -1  -6  -2   1   0  -4  -3   5  -6  -4  -2  -1   7  -1    1   1   3   1   0   0   5   0   1   7   7   1   0  23   0   1   2   1  40   5  1.28 0.63
  211 P    -2  -1   0   2  -3   0   2  -2  -1  -1  -3   0  -4   0   4  -1   0  -5  -3  -2    2   3   3  11   1   4  17   3   2   3   2   7   0   4  25   3   6   0   1   4  0.46 0.33
  212 T    -3  -3   3   0   0   1  -2  -3  -1  -1  -3  -2  -4  -1   2   4   2  -2  -1   0    0   1  12   6   2   5   1   1   1   4   2   2   0   3   8  30  11   1   2   7  0.42 0.37
  213 Y    -3   2  -1   0  -5   1   1  -5   0  -3  -3   1  -4   4  -2  -1  -2   0   6  -2    1  10   2   6   0   6  10   0   2   1   1   7   0  16   2   5   2   1  25   2  0.62 0.41
  214 W     1  -5   0  -5   0  -2  -5  -5  -1   2  -3  -1   2   1  -4   0   2   8  -2   0   11   0   4   0   2   2   0   0   2  11   1   4   6   6   1   8  14  21   1   7  0.73 0.45
  215 D    -1   0   0   3  -4   2   1  -3   0  -1  -3   1  -2  -1  -4   1   2  -4   0  -2    4   5   3  16   0  11  10   1   2   4   1  10   1   3   0  10  12   0   3   3  0.29 0.26
  216 R    -3   4   0  -3  -2   1   1  -4   0  -2  -2   3  -2  -4  -3   1   0  -4   2  -3    1  24   5   1   1   5   7   1   2   2   5  20   1   0   1  12   5   0   8   1  0.49 0.37
  217 R    -1   5  -3  -3  -5  -1  -1  -5  -4  -1  -1   2   2   0  -1  -1   1   0  -4  -1    6  36   1   1   0   2   4   0   0   4   6  11   5   4   2   5   7   2   0   4  0.53 0.38
  218 R    -3   4   2  -2  -1   0  -1  -1   3  -4  -1   3   3   1  -4  -2  -1  -5  -1  -2    1  22  10   2   1   3   4   4   7   0   5  17   9   5   0   2   4   0   2   2  0.42 0.33
  219 K    -2   4  -1  -2  -6   1   1  -2  -2   0  -5   5  -2  -6  -5  -1  -2  -6  -3  -4    3  22   3   1   0   5   7   4   1   6   0  42   1   0   0   3   2   0   1   1  0.86 0.51
  220 Q    -1   3   2  -2  -5   3   3  -1  -1  -5  -5   3  -3  -5  -3  -1  -3   1  -4  -3    4  17   9   1   0  14  21   4   1   0   0  20   1   0   1   5   0   2   0   1  0.64 0.41
  221 V     0   2  -3  -3  -3  -2   1  -4  -3   2   1  -1   0   1  -4  -1  -2  -3   1   3    8  11   0   0   0   0  10   0   0  15  10   4   2   6   0   3   1   0   4  24  0.29 0.25
  222 S     2   2  -1  -3   1  -2   1  -2   1  -3  -3   3  -1  -4  -3   1   1  -4  -2  -2   19  13   2   0   3   0   9   1   4   1   2  20   1   0   0  13   8   0   1   2  0.36 0.29
  223 D    -2   1   4   2  -5   0   3  -3   3  -5  -5   3  -4  -4  -3  -1  -2  -5  -1  -4    1   5  25  13   0   3  17   0   8   0   0  19   0   0   0   3   1   0   2   0  0.66 0.35
  224 A     1   0   2   0  -3  -1  -2   3  -2  -1  -3   2  -3  -2  -2   1   0  -4  -3  -1   10   3  13   3   0   2   0  26   0   3   0  17   0   2   1   8   7   0   0   3  0.31 0.20
  225 W     2  -4  -1  -1  -4  -3  -4   0   0  -4  -4  -2  -3   3  -4  -2  -3  10  -1  -4   19   0   3   5   0   0   0   8   3   0   0   2   0  14   0   3   0  42   0   0  1.41 0.46
  226 A     0   1   1   1  -3   1   3   0  -1  -2  -2   1  -2  -1   0   0   0  -3  -2   0    6   7   7   5   0   7  25   7   0   0   0   7   0   4   3   3   6   0   0  11  0.19 0.12
  227 E     1   2   0   0  -3   3   4  -2  -1  -3  -2   1  -2  -4  -2   1  -1  -4  -3  -2   11  12   4   3   0  16  31   0   0   0   3   5   0   0   0  10   0   0   0   3  0.40 0.18
  228 E    -2   1   1   1  -4   3   4  -1  -1  -3  -3   1  -2  -4  -2   0  -1  -4  -3   0    0   6   9   4   0  13  40   5   0   0   0   8   0   0   0   6   0   0   0   9  0.46 0.19
  229 D     2  -1   2   3  -3   0   3  -2  -2  -4  -4   1  -3  -4  -2   0  -1  -4  -3  -3   20   0   9  24   0   0  29   0   0   0   0  12   0   0   0   5   0   0   0   0  0.51 0.19
  230 P     0   1   0  -1  -3   2   1  -2  -1  -3  -2   1  -2  -1   4  -1   1  -3  -2  -2    6  11   6   0   0  14  11   0   0   0   4   6   0   4  24   0  14   0   0   0  0.39 0.12
  231 P     1   2   1   2  -3   1   3  -2  -1  -3  -3   1  -2  -4   2   1  -1  -4  -3  -3   15  15   5  12   0   6  25   0   0   0   0   4   0   0   9   8   0   0   0   0  0.37 0.11
  232 V     2   0  -1   0  -2   1   1  -2  -2   0   0   0  -1  -2   2   0  -1  -3  -2   0   26   5   0   7   0   6   8   0   0   5  12   7   0   0   9   5   0   0   0  10  0.13 0.06
  233 A     2  -2  -1   0  -3   0  -2   5  -2  -3  -1  -2  -2   0  -2  -1  -2  -3  -2  -2   23   0   0   7   0   6   0  50   0   0   7   0   0   6   0   0   0   0   0   0  0.50 0.12
  234 A     2  -1  -1  -1  -2   2   1   1  -2  -2  -2   2  -2  -3   3   0  -1  -3  -2   0   25   0   0   0   0  13   9  14   0   0   0  16   0   0  14   0   0   0   0   9  0.28 0.07
  235 V     0  -2  -2  -2  -1  -1   0  -2  -2   2   1  -1   0  -1   2  -1   1  -2  -2   1    8   1   1   1   0   1  11   1   0  26  12   1   0   1  11   1  11   0   0  13  0.14 0.03
  236 P    -1  -2   3   1  -3  -1  -1  -2   0  -3  -3  -1  -2  -1   4   1  -1  -1   3  -2    0   0  22  11   0   0   0   0   0   0   1   0   0   0  29  11   0   0  21   0  0.54 0.08
  237 L    -2   2  -1   1  -3   3   0  -3  -1  -1   2   1   0  -2  -2  -1  -1  -3  -2  -1    0  12   0  12   0  30   0   0   0   0  35  12   0   0   0   0   0   0   0   0  0.25 0.07
  238 E     0  -1   0   4  -3   1   4  -2  -1  -3  -3   1  -3  -4  -2   0  -1  -4  -3  -3   12   0   0  37   0   0  39   0   0   0   0  12   0   0   0   0   0   0   0   0  0.58 0.08
  239 P    -1  -1  -2  -2  -3   1  -1  -2  -2  -3  -3   1  -3  -4   7   1  -1  -4  -3  -3    0   0   0   0   0  11   0   0   0   0   0  12   0   0  65  12   0   0   0   0  1.29 0.11
  240 E    -1  -1  -1   2   3   1   4  -3  -1  -2   0   1  -1  -3  -2  -1  -1  -3  -2  -2    0   0   0  12  12   0  50   0   0   0  15  12   0   0   0   0   0   0   0   0  0.40 0.08
  241 D    -2  -1   3   3  -3   0   2  -2  -1  -2   0  -1  -1  -2   2   0  -1  -4  -2  -2    0   0  31  25   0   0  16   0   0   0  19   0   0   0  10   0   0   0   0   0  0.35 0.04
  242 A     0   4  -1  -2  -3   0  -1  -2  -1  -3  -2   1  -2  -3   3   0   1  -3  -2  -2   12  52   0   0   0   0   0   0   0   0   0   0   0   0  18   0  18   0   0   0  0.49 0.04
  243 T    -1  -1  -1  -2  -2  -1  -1  -2  -2   1  -1   1  -1  -2  -2   1   4  -3  -2   0    0   0   0   0   0   0   0   0   0  18   0  19   0   0   0   0  64   0   0   0  0.32 0.05
  244 A     2   2   2   0  -2   1   2  -1  -1  -3  -3   2  -2  -3  -2   0  -1  -3  -2  -2   30  18  22   0   0   0  18   0   0   0   0  12   0   0   0   0   0   0   0   0  0.28 0.03
  245 P    -1   3  -1  -2  -2   0  -1  -2  -2  -1   1   0  -1  -2   4   1  -1  -3  -2  -1    0  30   0   0   0   0   0   0   0   0  22   0   0   0  30  19   0   0   0   0  0.45 0.03
  246 G     2  -1   0   0  -2   0   3   2  -1  -3  -3   0  -2  -3  -1   2   0  -3  -2  -2   20   0   0   0   0   0  32  20   0   0   0   0   0   0   0  29   0   0   0   0  0.32 0.01
  247 K    -1   3   0   0  -4   3   3  -2   0  -3  -3   3  -1  -3  -2   0  -1  -3  -2  -3    0  29   0   0   0  20  32   0   0   0   0  20   0   0   0   0   0   0   0   0  0.49 0.01
  248 E     0  -1  -1   0  -2   1   3  -2  -1   0  -1   0   0  -1  -1   0   0  -2  -1   1    2   2   1   2   1   1  42   2   1   2   3   2   1   1   2   2   2   0   1  31  0.15 0.01
  249 P     0  -1  -1  -1  -1  -1  -1  -1  -1  -1  -1  -1  -1  -2   5   0   2  -2  -2  -1    2   2   1   2   1   1   2   2   1   2   3   2   1   1  41   2  30   0   1   2  0.61 0.01
  250 G     0  -1   0   0  -2   0   2   4  -1  -2  -2   0  -2  -2  -1   0  -1  -2  -2  -2    2   2   1   2   1   1  22  51   1   2   3   2   1   1   2   2   2   0   1   2  0.37 0.01
  251 Q    -1   0  -1  -1  -3   5   1  -2   0  -3  -3   1  -1  -4   4   0  -1  -3  -2  -2    0   0   0   0   0  72   0   0   0   0   0   0   0   0  28   0   0   0   0   0  0.72 0.01
  252 A     3  -2  -2  -2  -1  -1  -2  -1  -2   1   0  -1   0  -2  -1   0   0  -3  -2   2   56   0   0   0   0   0   0   0   0   0   0   0   0   0   0   0   0   0   0  44  0.22 0.00
  253 A     4  -2  -2  -2   0  -1  -1   0  -2  -1  -2  -1  -1  -2  -1   1   0  -3  -2   0  100   0   0   0   0   0   0   0   0   0   0   0   0   0   0   0   0   0   0   0  0.41 0.00
  254 W    -2  -2  -3  -4  -3  -2  -3  -3   0  -2  -1  -3  -1   2  -3  -2  -2   9   6  -2    0   0   0   0   0   0   0   0   0   0   0   0   0   0   0   0   0  50  50   0  1.31 0.01
  255 V    -1  -2  -3  -4  -1  -2  -3  -4  -3   2   3  -3   1   0  -3  -2  -1  -2  -1   3    0   0   0   0   0   0   0   0   0   0  50   0   0   0   0   0   0   0   0  50  0.32 0.00
  256 D    -2   4   1   4  -4   0   1  -2  -1  -3  -3   1  -2  -3  -2  -1  -1  -4  -2  -3    0  50   0  50   0   0   0   0   0   0   0   0   0   0   0   0   0   0   0   0  0.56 0.00
  257 L     3  -2  -2  -3  -1  -1  -2  -1  -2   0   2  -2   1  -1  -2   0  -1  -2  -1   0   50   0   0   0   0   0   0   0   0   0  50   0   0   0   0   0   0   0   0   0  0.20 0.00
  258 E     3  -1  -1   0  -2   1   3  -1  -1  -2  -2   0  -2  -3  -1   1   0  -3  -2  -1   50   0   0   0   0   0  50   0   0   0   0   0   0   0   0   0   0   0   0   0  0.36 0.00
  259 A     2  -2  -2  -2  -1  -1  -1  -1   1  -1  -1  -1  -1   1  -2   0  -1   1   5  -1   50   0   0   0   0   0   0   0   0   0   0   0   0   0   0   0   0   0  50   0  0.36 0.00
  260 A     2  -2  -2  -2  -1  -1  -1  -1   1  -1  -1  -1  -1   1  -2   0  -1   1   5  -1   50   0   0   0   0   0   0   0   0   0   0   0   0   0   0   0   0   0  50   0  0.36 0.00
  261 V     0  -3  -1  -2  -2  -2  -2   4  -3   1  -1  -2  -1  -2  -2  -1  -1  -3  -2   2    0   0   0   0   0   0   0  50   0   0   0   0   0   0   0   0   0   0   0  50  0.34 0.00
  262 E    -1   1   0   1  -3   4   4  -2   0  -3  -3   1  -1  -3  -1   0  -1  -3  -2  -2    0   0   0   0   0  50  50   0   0   0   0   0   0   0   0   0   0   0   0   0  0.60 0.00
  263 P    -1  -2  -2  -2  -3  -1  -1  -2  -2  -3  -3  -1  -3  -4   8  -1  -1  -4  -3  -3    0   0   0   0   0   0   0   0   0   0   0   0   0   0 100   0   0   0   0   0  2.05 0.01
  264 P    -1  -2  -3  -3  -2  -2  -2  -3  -3   0   2  -2   1  -1   6  -2  -1  -3  -2   0    0   0   0   0   0   0   0   0   0   0  50   0   0   0  50   0   0   0   0   0  0.80 0.00
  265 E    -1  -1  -1   0  -3   1   3  -2  -1  -3  -3   0  -2  -4   6  -1  -1  -3  -3  -3    0   0   0   0   0   0  50   0   0   0   0   0   0   0  50   0   0   0   0   0  1.01 0.00
  266 A     4  -2  -2  -2   0  -1  -1   0  -2  -1  -2  -1  -1  -2  -1   1   0  -3  -2   0  100   0   0   0   0   0   0   0   0   0   0   0   0   0   0   0   0   0   0   0  0.41 0.00
  267 A     4  -2  -2  -2   0  -1  -1   0  -2  -1  -2  -1  -1  -2  -1   1   0  -3  -2   0  100   0   0   0   0   0   0   0   0   0   0   0   0   0   0   0   0   0   0   0  0.41 0.00
  268 G     0   1   0  -1  -3   0   0   4  -1  -3  -3   3  -2  -3  -2   0  -1  -3  -3  -3    0   0   0   0   0   0   0  50   0   0   0  50   0   0   0   0   0   0   0   0  0.49 0.00
  269 A     4  -2  -2  -2   0  -1  -1   0  -2  -1  -2  -1  -1  -2  -1   1   0  -3  -2   0  100   0   0   0   0   0   0   0   0   0   0   0   0   0   0   0   0   0   0   0  0.41 0.00
  270 V     0  -2  -3  -3  -1  -2  -2  -3  -3   2   1  -2   1  -1  -2  -2   0  -3  -1   4    0   0   0   0   0   0   0   0   0   0   0   0   0   0   0   0   0   0   0   0  0.00     0.00

                      K         Lambda
Standard Ungapped    0.1339     0.3191
Standard Gapped      0.0422     0.2670
PSI Ungapped         0.1379     0.3177
PSI Gapped           0.0422     0.2670
