
Last position-specific scoring matrix computed, weighted observed percentages rounded down, information per position, and relative weight of gapless real matches to pseudocounts
            A   R   N   D   C   Q   E   G   H   I   L   K   M   F   P   S   T   W   Y   V   A   R   N   D   C   Q   E   G   H   I   L   K   M   F   P   S   T   W   Y   V
    1 M    -2  -3  -4  -5   3  -3  -4  -5  -4   2   1  -3   7  -2  -4  -3  -2  -3  -3   3    0   0   0   0   6   0   0   0   0  12   9   0  47   0   0   0   0   0   0  25  0.87 0.31
    2 S     0  -3   3   5  -4  -1  -1  -3  -3  -5  -5   0  -4  -5  -3   3   2  -6  -4  -4    6   0  12  32   0   1   3   0   0   0   0   4   0   0   0  27  16   0   0   0  0.78 0.41
    3 I    -2  -6  -6  -6  -4  -6  -6  -7  -6   6   2  -6   1   1  -6  -5  -3  -5  -4   3    2   0   0   0   0   0   0   0   0  55  16   0   3   5   0   0   1   0   0  18  1.28 0.56
    4 L    -1  -6  -7  -4   1  -6  -4  -7  -6  -2   6  -6   1  -2  -6  -6  -3  -5  -5  -2    5   0   0   1   3   0   1   0   0   1  85   0   2   1   0   0   1   0   0   1  1.61 0.72
    5 T     0   1   1   3  -4   2   3  -2   0  -3  -3   2  -1  -3  -3   0   0  -2  -3  -3    8   7   7  17   0   9  18   2   2   1   2  11   2   1   0   4   7   1   1   1  0.33 0.25
    6 T     0  -1  -2   1  -5   2   5  -3  -1  -3  -3   2  -3  -4  -4  -2   1  -6  -5  -4    8   2   1   7   0   8  46   1   1   2   3  11   0   1   0   2   8   0   0   1  0.77 0.47
    7 A     7  -5  -5  -5   0  -5  -5  -1  -5  -2  -4  -5  -4  -6  -5  -1  -3  -6  -5  -1   82   0   0   0   2   0   0   4   0   3   1   0   0   0   0   2   1   0   0   4  1.62 0.77
    8 E     2   0   0   0  -2   1   2  -1   0   0  -1   1  -1  -2  -2   0  -1  -4  -1  -1   24   5   4   5   1   5  13   4   2   9   5  10   1   2   1   4   2   0   2   2  0.13 0.17
    9 E     0   2   0   2  -3   1   3  -1   1  -3  -3   2  -3  -5  -2   0  -1  -5  -4  -3    9  13   4  13   0   6  17   3   3   1   1  16   0   0   1   8   2   0   0   1  0.37 0.27
   10 I     0  -2  -1  -3   2  -3  -3  -4   0   3   3  -2   0  -2  -3  -2   1  -4  -2   0    7   2   3   1   4   0   1   0   2  23  35   2   2   0   1   3   8   0   1   4  0.42 0.29
   11 I    -3  -4  -6  -6  -4  -5  -6  -6  -3   5   1  -5  -1  -1  -6  -5   0  -6  -4   5    1   1   0   0   0   0   0   0   1  38  11   0   0   2   0   0   5   0   0  40  1.24 0.59
   12 N    -1  -2   3   1   2   0   0  -1   2  -1   1  -1   1  -2  -3   0   1  -4  -2  -1    3   0  17   9   6   4   6   5   6   2  14   2   4   2   0   6  10   0   1   3  0.18 0.19
   13 G     0   0   1   0  -2   0  -1   5  -3  -4  -3   2  -2  -4  -3  -1   0  -4  -4  -3    6   4   8   5   1   3   4  41   0   1   2  13   1   0   1   2   5   0   0   2  0.57 0.32
   14 Q    -3  -1  -1   5  -6   2   5  -3  -4  -4  -5  -1  -5  -6   0  -2  -3  -6  -5  -3    2   3   2  34   0   9  34   2   0   1   0   2   0   0   4   3   1   0   0   2  1.03 0.56
   15 R    -4   9  -5  -6  -8  -4  -4  -7  -5  -8  -5  -1  -6  -8  -7  -6  -6  -7  -7  -7    2  93   0   0   0   0   1   0   0   0   1   3   0   0   0   0   0   0   0   0  2.88 1.18
   16 A     2   0   1   0  -3   3   2   3   2  -5  -4  -1  -1  -5  -3  -1  -3  -5  -2  -5   17   5   7   5   1  16  12  23   4   0   1   2   2   0   1   2   0   0   1   0  0.50 0.38
   17 Q     1   0   0   2  -4   2   2  -1  -2  -3  -3   3  -3  -5  -3   0   0  -5  -3  -3   15   5   3  11   0   7  15   4   0   1   3  20   0   0   1   8   5   0   0   2  0.36 0.30
   18 D    -1   1   0   2  -5   3   2  -4  -1  -1  -2  -1  -1  -4  -4   0   3  -5  -4  -1    5   8   4  12   0  17  11   0   2   4   3   3   1   1   0   7  20   0   0   5  0.39 0.34
   19 Y    -6  -2  -2  -4  -8  -6  -7  -8   6  -7  -7  -7  -3  -3  -8  -7  -7  -1   9  -7    1   2   2   1   0   0   0   0  20   0   0   0   1   0   0   0   0   1  72   0  2.97 1.24
   20 G    -3  -7  -4   0  -7  -4  -5   7  -7  -8  -8  -6  -7  -8  -7  -3  -4  -7  -8  -8    1   0   1   6   0   1   1  87   0   0   0   0   0   0   0   2   1   0   0   0  2.34 1.01
   21 D    -1  -2   1   5  -5  -1   1  -1   4  -5  -5   0  -5  -4   2   1  -1  -6  -4  -4    5   2   6  31   0   2   8   4  10   0   0   6   0   1  11  10   3   0   0   1  0.68 0.44
   22 A     2  -2  -3  -4  -4  -2  -3  -3  -4  -2  -3  -1   1   3   6  -2  -2  -2   3  -1   17   2   1   0   0   1   2   2   0   2   1   3   3  12  35   2   2   1   8   4  0.82 0.49
   23 K     0   1  -1   0  -3  -1   3  -2   1  -1  -1   1  -1  -1  -3   1   1  -1   0  -1    7   8   2   4   0   2  24   2   3   4   5   8   1   3   0  10   8   1   3   4  0.19 0.20
   24 E    -1   2   0   4  -3   1   3  -3  -2  -2  -3   0  -2  -4  -2  -2  -2  -5  -3  -1    4  11   4  25   1   5  23   2   1   2   3   5   1   1   2   2   2   0   1   5  0.49 0.35
   25 N    -3  -3   5   2   1   0  -3   0  -4  -5  -3  -3  -1  -2  -4   4   0  -6  -5  -2    1   1  31   9   3   3   0   7   0   0   2   1   2   2   0  28   6   0   0   4  0.77 0.52
   26 H     0  -6  -6  -7  -6  -4  -6  -6   4  -3   0  -6   5   7  -7  -4  -4  -1   1  -5    7   0   0   0   0   1   0   0  11   1   9   0  12  51   0   1   1   1   4   0  1.61 0.78
   27 E     1   1  -1   1  -2   1   3   0  -1  -2  -3   1  -1  -4  -1   0   1  -2  -1  -3   14   7   2   7   1   7  18   7   1   2   1   9   2   0   2   7   8   0   2   1  0.22 0.23
   28 R    -1   5   1   2   0   0  -1  -4   1  -1  -1   0  -1  -5  -5  -2   1  -5  -3  -3    6  35   7  11   2   3   3   1   3   4   7   5   1   0   0   1  10   0   1   2  0.54 0.40
   29 I     0  -4  -3  -5   0  -3  -4  -4  -2   6   0  -5  -3   0  -5  -3   3  -2  -2   2    7   1   1   0   2   1   1   1   1  45   7   0   0   3   0   1  17   1   1  10  0.86 0.51
   30 A     6  -3  -2  -5  -1  -1  -5   0  -3  -4  -4  -2   0  -3  -5   0  -2  -6  -5   1   62   1   2   0   1   3   0   7   1   0   1   2   2   1   0   5   2   0   0   9  1.05 0.65
   31 T     1   3   0   2  -4   2   2  -1   0  -3  -2   2  -2  -5  -2   0   0  -5  -4  -2   15  15   3  11   0   9  11   4   2   1   4  13   1   0   1   5   4   0   0   2  0.31 0.27
   32 L     0   0  -3  -5  -4  -1  -3  -2  -2   2   3  -3   4   2  -5  -3  -2  -4   0   0    8   7   1   0   0   3   1   4   1  13  31   1  12   7   0   2   2   0   4   4  0.44 0.33
   33 W    -3  -3  -6  -6   0  -5  -6  -4  -6   0  -2  -2   2   3  -3  -3  -3  11   0  -2    3   2   0   0   2   0   0   2   0   6   4   3   5  12   2   3   2  48   3   3  2.02 0.89
   34 G     1  -1   4  -1  -1   1  -1  -1  -1  -5  -3   0  -4  -3  -2   3   2  -5  -4  -4   10   3  18   2   1   7   3   5   1   0   2   5   0   1   2  25  13   0   0   0  0.48 0.40
   35 A     4  -2  -1  -2  -2  -1   0   0  -2   1  -1  -2  -1  -4  -2   0   1   0  -4   2   35   2   3   2   1   2   5   6   1   8   4   1   1   0   2   4   8   2   0  13  0.33 0.30
   36 Y    -3  -4  -3  -5  -4  -4  -3  -2   1   3   2  -4   1   1  -5  -4  -2   1   6   2    1   0   1   0   0   0   1   3   3  19  17   0   4   4   0   1   2   2  27  12  0.80 0.46
   37 K    -1   0  -1   0  -3   0  -1  -1  -1   1   3   1   2  -1  -2  -1   1  -3  -3   0    5   5   3   4   0   4   3   4   2   6  29   8   5   2   2   4   8   0   0   4  0.15 0.16
   38 R    -2   1   0   0  -1   1   0   0  -1  -1   2   0  -1   0  -2   0   0  -3   0  -2    3   9   4   6   1   6   6   7   1   3  26   5   1   4   2   6   5   0   4   2  0.11 0.15
   39 G    -1  -2   2   2   0  -2  -3   5  -2  -3  -3   0  -1  -3  -2  -1  -4   1  -5  -3    4   2   9  11   2   2   1  43   1   2   3   5   1   1   2   4   0   2   0   2  0.72 0.46
   40 V     0   2   0  -1   0  -1  -1  -2   1   1  -1   2   0  -2  -2  -1   1   1  -1   1    8  11   3   3   2   2   4   3   4   8   5  13   3   1   1   4   9   3   1  10  0.10 0.14
   41 E    -1   1   1   2  -5   0   3  -2   2  -3  -4   1  -2  -3   2  -1  -1  -2  -3  -2    5   7   8  12   0   3  23   2   4   2   2   8   1   1  11   4   4   1   1   2  0.38 0.33
   42 F    -2  -5  -1  -6  -1  -5  -3  -6   1   4   3  -5   0   0  -6  -1  -4   0  -1   3    4   0   3   0   1   0   2   0   3  26  28   0   2   3   0   4   0   1   2  19  0.74 0.45
   43 T    -2  -1   0   1   0   0   1  -3  -2  -5  -3   1  -1  -6  -2   3   4   0  -5  -4    3   3   4   9   2   4   9   2   1   0   2   8   1   0   2  18  30   1   0   1  0.58 0.47
   44 P     0   0   0   0   2   0   0  -1   1   0  -1   0   1   0   0   0   0  -2   1   0    5   5   5   5   5   5   5   5   5   5   5   5   5   5   5   5   5   0   5   5  0.03 0.05
   45 E     0   1  -1   0  -1   1   2  -2   4  -1   0  -1  -1  -2  -2   0   0   1   1  -1    7   8   1   6   1   6  13   2  14   4   8   3   1   1   2   5   5   2   5   5  0.18 0.19
   46 D    -5  -2  -2   6  -7   5   1  -6   1  -4  -4  -1  -1  -3  -3  -4  -2  -6  -2  -6    0   2   1  43   0  25   9   0   4   1   2   4   2   1   1   0   3   0   1   0  1.24 0.70
   47 V     1  -2  -3  -5   0  -3  -2  -1  -5   2  -1  -2   1  -4  -5  -3  -2  -5   0   5   13   2   2   0   2   1   3   5   0  10   3   2   4   0   0   2   2   0   4  44  0.65 0.42
   48 A     5  -4  -2  -4   2  -4  -2  -1  -1  -1  -2  -4  -1  -2   1  -1  -1   4   0   0   46   0   2   0   5   0   2   5   2   3   2   0   2   2   8   4   3   6   3   5  0.62 0.44
   49 V    -1  -1   0  -2   0  -1  -2  -2   0   2   2   0   2  -1  -2  -1   0   1   0   0    5   3   4   2   2   3   2   2   2  12  27   7   8   2   2   4   4   2   3   4  0.13 0.16
   50 M    -1  -3  -4  -2   2  -1  -1  -2   0   1   2  -1   5   2  -4  -3  -1  -3   0   0    5   0   0   3   5   3   5   3   3   9  23   3  21   7   0   0   2   0   2   5  0.42 0.33
   51 M     0   0   1  -3   3   1  -2   0   2   0   0  -2   2   1  -3   0  -1  -2   2   0    7   7   7   0   7   7   0   7   7   7   7   0   7   7   0   7   0   0   7   7  0.09 0.15
   52 I     1  -2  -2  -1   0   0  -1  -1  -1   3   0  -2   2  -1  -3  -1  -1  -3  -2   3   11   2   2   4   2   4   3   3   1  23   6   2   6   1   0   5   3   0   0  22  0.21 0.18
   53 L     1  -3  -3  -1   3   0  -2  -2  -1   0   3  -3   2  -1  -3  -1  -2   2  -1   0   16   0   0   3   8   5   2   3   1   4  36   0   4   2   0   4   0   3   1   5  0.29 0.23
   54 L    -1  -3  -2  -4  -1  -2  -2  -3   1   1   4  -3   2   1  -3  -2   0  -3   0   1    5   0   2   0   1   2   2   2   4   5  44   0   5   5   0   2   5   0   3  11  0.37 0.24
   55 K    -4  -1   1  -4  -5  -2  -3  -4  -4  -5  -5   8  -4  -5  -4  -3  -4  -5  -5  -5    1   0   6   0   0   0   1   1   0   0   1  87   0   0   0   1   0   0   0   1  2.00 0.77
   56 I    -1  -3  -2  -1  -1  -1  -1  -4  -3   3   2  -2   4  -1  -3  -2   0  -3  -2   2    4   0   2   4   1   3   4   1   0  18  20   2  13   2   0   2   4   0   0  19  0.31 0.21
   57 A     4  -2  -2  -3   0  -2  -2  -1   0  -1  -3  -3  -1  -2  -4   3  -1  -5  -2   1   44   1   1   1   2   1   1   4   2   3   1   0   1   1   0  23   2   0   1  11  0.57 0.40
   58 R    -6   9  -6  -7   3  -4  -5  -7  -5  -8  -7  -3  -6  -8  -7  -6  -6  -8  -7  -8    0  95   0   0   5   0   0   0   0   0   0   0   0   0   0   0   0   0   0   0  3.03 1.08
   59 F     0  -1  -1  -2  -2   0   0  -3  -2   2   3  -2   0  -1  -3   0   0  -1  -1  -1   10   2   3   1   1   3   6   1   1  12  35   2   2   2   0  10   5   1   2   2  0.23 0.20
   60 M     1   0  -1  -1   0   1   0   0  -1   1  -1   1   0  -1  -2   0   0  -1  -1   1   13   6   3   4   2   6   3   8   1  10   4   9   3   3   1   9   3   1   2  11  0.03 0.06
   61 E    -1   0   3  -2  -2   2   1   1   4  -4  -3   1  -2  -1  -4   0   0   0   0  -2    5   5  13   1   1  10  10   9  12   0   1  10   1   3   0   7   5   1   2   2  0.33 0.24
   62 N    -2  -2   4   2  -5  -2  -2   4  -2  -5  -5  -2  -1  -6  -5   2   2  -6  -5  -4    3   2  19  12   0   2   1  27   1   0   1   2   2   0   0  14  13   0   0   1  0.69 0.39
   63 G    -1   0  -1  -1  -1  -1  -2   1  -1  -1  -2   0  -3  -5   6  -1  -2  -3  -2  -2    6   6   2   4   1   3   3  10   1   4   5   6   1   0  38   3   2   0   1   3  0.67 0.35
   64 Y    -2  -1   2   1  -4  -2   0  -1   3  -3  -1  -1  -2   2   0   0   1   0   3  -2    3   2  10   9   0   1   8   4   8   1   6   3   1  11   4   7   9   1  12   2  0.24 0.20
   65 H    -4  -1   2   0  -3  -1  -3  -4   8  -4  -4   4  -5  -3  -3  -2  -2  -6   2  -3    1   2  10   5   1   2   1   1  37   1   1  21   0   1   1   3   2   0   7   3  1.21 0.56
   66 Q     1   4  -3   0  -4   0   2  -4   0  -1   0   0   1  -2   1  -1  -1  -1  -2  -2   12  24   0   5   0   3  14   1   3   4   9   4   3   2   7   3   2   1   1   3  0.29 0.23
   67 D    -7  -7  -4   9  -9  -6  -2  -7  -7  -9  -9  -6  -9  -9  -7  -3  -7 -10  -9  -9    0   0   0  96   0   0   2   0   0   0   0   0   0   0   0   2   0   0   0   0  3.18 1.14
   68 T    -5  -5   6   1  -6  -2  -5  -3   5  -7  -7  -5  -6  -7  -6   5   1  -8  -6  -7    0   0  32   7   0   1   0   2  11   0   0   0   0   0   0  40   7   0   0   0  1.46 0.70
   69 V    -2  -2  -7  -8  -3  -4  -6  -7  -1  -1   0  -6  -1   1  -4  -4  -3   9   6  -1    4   2   0   0   0   1   0   0   1   4  10   0   2   6   1   2   1  32  31   4  1.75 0.69
   70 V    -1  -1  -1  -1   1   0  -1  -4   1   1   0  -1   1   0  -4  -1   0  -4   0   4    4   4   3   4   3   3   4   0   4   7   5   4   3   3   0   3   5   0   3  39  0.31 0.16
   71 D    -6  -5  -3   8  -8  -4   4  -6  -5  -8  -8  -5  -7  -8  -6  -5  -5  -8  -7  -7    0   0   0  75   0   0  25   0   0   0   0   0   0   0   0   0   0   0   0   0  2.38 0.58
   72 I     0  -2  -2  -2   0  -1  -2   1  -1   5   0  -1   2  -1  -4  -2  -2   1  -3   0    7   2   2   2   2   3   2  10   2  40   7   5   4   2   0   3   2   2   0   3  0.38 0.24
   73 A     4  -1  -4  -1   3  -1  -2  -2  -1   2  -1  -2   0  -2  -4  -1   0  -5  -4   1   39   3   0   3   7   2   2   2   2  11   5   2   2   2   0   2   5   0   0   9  0.41 0.28
   74 G     3  -5   2  -1  -5  -4  -4   5  -5  -6  -6  -4  -5  -6  -5  -1  -1  -6  -6  -2   24   0  12   3   0   0   0  51   0   0   0   0   0   0   0   4   3   0   0   3  1.15 0.45
   75 Y    -2  -2  -2  -3   5  -2  -2  -3   4  -2  -1  -3  -1   3  -3  -2  -2   7   4  -2    0   0   0   0  20   0   0   0  20   0   0   0   0  20   0   0   0  20  20   0  0.72 0.09
   76 A     4  -1  -1  -3   1  -2  -1  -1  -3   0  -1  -1   4   0  -3   0   0   2  -3  -1   39   3   4   0   3   0   3   4   0   4   4   3  14   4   0   4   4   3   0   4  0.34 0.21
   77 G     3  -1  -1  -1   0  -1  -1   2   0  -1  -1  -1   0  -3  -3   0  -1  -4   0  -1   36   3   3   2   2   3   3  19   2   3   6   3   2   0   0   4   3   0   4   3  0.29 0.21
   78 V     0  -2   1  -2   3   1  -2   0  -2   0   0   0   2   1  -3  -1   0   4  -1   0    8   0   7   0   7   7   0   8   0   8   8   8   7   7   0   1   8   7   0   8  0.11 0.14
   79 L     3  -1   0  -2  -2   0  -1   1   0   0   0  -1   0  -2  -3   0   0   2   0   0   31   3   4   0   0   3   3  10   3   5   8   3   3   0   0   4   6   4   4   4  0.16 0.19
   80 E     1  -1  -1   0   1   2   2   2   2  -4  -3   0  -3  -2  -1   0  -1   1   0  -2   14   2   2   5   3   9  16  18   5   0   2   4   0   2   2   4   2   2   3   2  0.22 0.22
   81 K    -1   2   0   1  -1   1   4  -3   1  -2  -3   0   3  -4  -4  -2  -2   0  -1  -2    4  12   4   7   1   6  31   2   3   3   2   6   8   0   0   2   2   2   2   2  0.44 0.36
   82 M    -1  -3  -2  -3   4  -2  -3  -5  -4   3   3  -2   2   0  -4  -2  -1  -4  -1   2    5   1   2   1  10   2   2   0   0  21  25   2   6   3   0   2   3   0   2  13  0.44 0.31
   83 Q     2   0   0  -1  -3   2   0  -2   2   1   0   0   0  -3  -2   0  -1  -4   0   0   21   6   5   2   0  12   6   2   6   9   9   4   2   0   1   4   3   0   3   5  0.14 0.19
   84 L     0  -1   0   1  -1   1   2  -1  -1   0   0   1   0  -1  -1   0   0   0  -1  -1    7   2   5   9   1   6  16   4   1   5  10  10   3   1   3   4   6   1   2   3  0.08 0.11
   85 P     0   1  -1   1  -2   0   3  -1   0  -3  -3   2  -2  -3   2  -1  -2  -5  -2  -1    9   8   3   8   1   3  21   3   2   1   2  14   1   1  11   3   2   0   1   5  0.30 0.27
   86 E    -2   1   0   2  -5   2   5  -3  -1  -3  -5   1  -1  -5  -1   0  -1  -5  -5  -2    2   6   3  12   0   9  38   2   1   2   0   8   1   0   3   6   4   0   0   3  0.64 0.45
   87 D     0   0   0   0   2   0   0   0   1   0  -1   0   1   0   1   0   0  -3  -1   0    6   6   5   6   5   5   6   6   5   6   6   6   5   5   6   6   6   0   0   6  0.03 0.07
   88 E    -1   1   0   2  -4   1   3  -1  -2   0  -1   1  -2  -4   0  -1   0  -4  -3   0    5   9   5  12   0   5  20   4   0   7   5   7   0   0   5   4   5   0   0   7  0.20 0.19
   89 R     0   3   1   0  -3   1   1  -1  -2  -2  -1   2   1  -3   1   0   0  -3  -3  -1    6  18   8   6   0   5   9   4   0   0   5  11   5   0   6   5   5   0   0   5  0.18 0.17
   90 Y     0  -1   1   0  -3   1   1   0   1  -1  -1   0  -2  -1   2   0   0  -3   2  -1   10   3   8   6   0   6  11   5   3   3   6   4   0   2  10   5   7   0   9   2  0.12 0.13
   91 P     0   0   1   0  -3   1   0   0   2   0  -1   0  -1  -2   1   0   0   3  -2   0    6   6   6   6   0   6   6   6   6   6   6   6   0   0   6   6   6   6   0   6  0.09 0.10
   92 K     0   1   0   0  -3   1   1  -1   1  -2  -2   2   0  -1   3   0   0  -3  -2  -1    5   7   4   4   0   7   9   4   4   0   4  13   3   4  15   7   4   0   0   5  0.20 0.17
   93 G     0  -2  -2   1  -3  -1   1   2  -2  -1  -1   1  -2  -2   0   0   0  -3   1   0    9   0   0   7   0   0  13  17   0   4   8  10   0   0   4   8   4   0   5   8  0.12 0.15
   94 P     0  -2   1  -2  -3   1   1  -3  -2   1  -1   0  -2  -1   5   0  -1  -3  -3  -1    8   1   7   1   0   8   8   1   0   9   6   4   0   3  31   5   3   0   0   4  0.45 0.25
   95 R    -1   4  -1   0  -3   1   0  -1  -2  -1  -2   2  -2  -3   0   0   1  -3  -3  -1    4  30   0   4   0   7   5   4   0   4   1  13   0   0   4   8  10   0   0   6  0.30 0.22
   96 Q    -1   1   1  -1  -2   1   1  -2  -2   0   0   0   0  -2  -2   0   1  -3  -2   2    3  11   9   1   0   9  11   1   0   5   7   4   3   0   1   8   9   0   0  18  0.12 0.14
   97 W    -1  -3  -1   0  -3  -2  -1   1   4   1  -1  -3  -2   2  -3  -2  -3   8  -1  -1    5   0   3   6   0   0   5  13  12  13   4   0   0   8   0   1   0  24   0   3  0.60 0.32
   98 D    -2   0   1   5  -4   1   1  -1   0  -4  -2   2  -3  -4   0  -2  -2  -5  -3  -4    2   6   6  46   0   6   5   3   3   0   5  12   0   0   5   0   0   0   0   0  0.66 0.34
   99 T     0   0   1  -1   1  -1  -1   2   1  -1  -2   1   0   0   1   1   0  -3   0  -1    4   5   5   3   3   0   0  18   5   4   0  14   3   5   6  13   6   0   3   3  0.12 0.13
  100 L     0  -1  -3  -3  -2   0   0  -1  -3   2   2  -1   0  -2   0  -2   1   0  -2   1    8   4   0   0   0   4   6   4   0  14  31   4   0   0   5   0   9   2   0   9  0.15 0.16
  101 L     1   0  -1  -1  -2   0   0   0  -2   1   0   0   1   0  -2   0  -1  -2   1   0   19   4   3   2   0   4   9   7   0  12   9   4   4   5   0   4   2   0   8   5  0.06 0.10
  102 D    -2  -2   2   4  -4   1   2  -1   1   0  -3  -2  -3  -1   0   1  -1  -4  -3  -2    0   0  10  29   0   8  13   4   4   7   0   0   0   3   5  11   3   0   0   3  0.40 0.27
  103 V     1  -3  -3  -3   1  -2   0  -1  -3   2   1  -3  -1  -2  -3   0  -1   3   0   3   15   0   0   0   3   0   7   4   0  17  12   0   0   0   0   7   0   4   4  26  0.25 0.21
  104 P    -3   0   1  -1  -5  -3  -3  -4  -3  -1  -4  -3  -4  -4   7  -1   0  -5   0   0    0   7   9   4   0   0   0   0   0   4   0   0   0   0  58   4   5   0   4   7  1.26 0.47
  105 A     2  -2   0   1  -3  -1   2   0   1  -1   0  -1   1  -2  -2   0   0  -3   0  -1   23   0   5   6   0   0  21   6   3   3   9   3   4   0   0   4   6   0   5   2  0.14 0.15
  106 D    -1  -3   1   5  -4   0   1   2   1  -5  -5   0  -4  -5  -3   0   0  -5  -4  -4    4   0   4  44   0   5   6  19   4   0   0   5   0   0   0   4   5   0   0   0  0.71 0.33
  107 V     2  -3  -3  -3  -2  -2   0   0  -3   2   0  -2  -1  -2  -3  -1   1  -4  -3   3   18   0   0   0   0   0  10   9   0  16   7   0   0   0   0   0  11   0   0  28  0.26 0.21
  108 K     0   2   0   1  -3  -1   1   1  -2   0   0   2  -1  -3  -2  -1  -1  -3  -2  -1    9  12   5   9   0   0   8  12   0   8  10  20   0   0   0   1   0   0   0   3  0.14 0.12
  109 T     0   0   0   1   1  -1   0   0  -1  -1   0  -1  -1   1  -2   0   0   1   1   0    7   5   4   9   4   0   7   7   0   0  14   1   0   9   0   5   6   2   6  12  0.03 0.06
  110 V     0  -3  -3  -3  -2  -3  -3  -3  -4   3  -1   0  -1  -2  -3   0   1  -4  -3   4    5   0   0   0   0   0   0   0   0  20   0   7   0   0   0   9  11   0   0  46  0.50 0.27
  111 T     0   1   0   0  -3   1   2   1  -2  -1  -2   0  -2  -1  -2  -1   1   5  -1  -1    6   9   5   3   0   5  15  11   0   4   1   5   0   2   0   1  15  11   0   6  0.21 0.13
  112 N    -2  -1   3   4  -4  -1   1   1  -2  -3  -2   0   1  -3  -3   0  -2   3  -3  -3    0   3  19  30   0   0   9  11   0   0   5   4   6   0   0   6   0   5   0   0  0.43 0.21
  113 A     2   1  -1   0   0  -2  -2   3  -3  -1  -3   1  -2  -3  -2   0  -1  -4  -3   0   25   8   0   7   3   0   0  32   0   3   0   8   0   0   0   7   0   0   0   8  0.34 0.18
  114 T    -1  -1  -1   0  -3   1   3  -1   3   0  -1   0  -1  -3  -1   0   1  -4  -2   1    0   0   2   5   0   6  25   4  10   3   6   7   0   0   3   4   9   0   0  18  0.18 0.14
  115 G    -2  -3   3   3  -4  -2  -2   4   0  -5  -5  -2  -4  -4   2   0  -2  -4  -4  -4    0   0  16  17   0   0   0  45   3   0   0   0   0   0  13   8   0   0   0   0  0.76 0.25
  116 V     1   3   1   3   0  -1  -1   0  -1  -2  -3   0  -2  -3  -2   1   0  -3  -3  -1   10  20   9  20   3   0   1   8   0   0   1   0   0   0   0  16   5   0   0   5  0.25 0.12
  117 K     0   0   1   0  -2   0   0   0   3   0  -2   2   1  -1  -2  -1   0  -3  -1  -1    8   4   6   6   0   0   5   6  11   9   1  25   5   3   0   1   7   0   0   3  0.11 0.09
  118 W    -3  -4  -4  -1  -4  -3   0  -1  -3  -4  -3  -3  -3   2  -4  -3  -3  11   1  -4    1   0   0   5   0   0   7   6   0   0   1   1   0   9   0   1   1  64   3   1  2.11 0.42
  119 I    -1   2  -1  -2  -2   0   0  -2   4   1   1   1   0   0  -2   0  -1  -2  -1   0    1  12   1   1   0   4   7   1  17   8  18   9   0   3   1   8   1   0   0   9  0.13 0.09
  120 Y    -2   1  -2  -3  -3   1   1  -3   1  -2  -1   0  -2   3  -3  -2  -2   7   4  -1    0   9   0   0   0   7  10   0   3   0   4   5   0  15   0   0   0  20  18   6  0.59 0.20
  121 Y     0   2   0  -2  -2  -1  -1  -1  -1   0   0  -1   1   2  -3  -1  -1  -1   4   0   12  14   7   0   0   0   4   4   0   7   7   0   6  12   0   0   0   0  19   6  0.16 0.12
  122 P     0   1   1   1  -3   1   1   1   1  -3  -3   1  -2  -3   3  -1   1  -3  -2  -3    7   7   7   6   0   8  10   9   5   0   0  10   0   0  18   0  11   0   0   0  0.32 0.12
  123 N    -2   1   3   2  -4  -1   1   2   2  -4  -4   1  -3  -4   2   0  -2  -4  -3  -4    0  11  21  16   0   0   6  15   7   0   0  10   0   0   9   5   0   0   0   0  0.41 0.16
  124 G     0  -2  -1   0  -3   1   1   3  -2  -3  -3   0  -2  -3   0   2   0  -3   1  -3    6   0   0   4   0   7  13  32   0   0   0   3   0   0   4  17   7   0   6   0  0.34 0.15
  125 L    -1  -2  -2  -1  -2  -1  -2  -3   1   0   2  -2   0   1   2   1  -1   4  -1   1    0   0   0   4   0   3   0   0   5   4  32   0   0   6  10  15   0   8   0  11  0.23 0.15
  126 H    -2  -1  -2  -3  -3  -2  -1  -1   3  -1   0  -2  -1   0   1   0   0   5   4   1    0   4   0   0   0   0   4   5   9   0  11   0   0   0   6   6   7  11  21  16  0.30 0.16
  127 H    -1  -2  -1   0  -3   0   1   1   4  -2  -1  -1  -1  -1  -2   0   0  -1   3  -1    1   1   1   4   0   4  12  15  17   1   8   1   0   0   1   4   7   0  17   7  0.21 0.13
  128 T     0   1   1   1  -2  -1   0  -2   1   0   0  -1  -1   0  -2   1   1  -2  -1   0    7   8   7  11   0   1   4   1   4   9  11   1   0   5   1  11  14   0   1   4  0.06 0.05
  129 K     0   0   1   0  -3   0   2  -1  -1   0   0   2  -1  -1   1  -1  -1  -2   2  -1    9   4   8   4   0   0  16   4   0   7  10  17   0   0   7   1   1   0  10   1  0.11 0.09
  130 V    -2   0  -1  -2   1  -1  -2  -1   2   0  -1   1  -1   2   0  -1  -1   2   3   1    0   5   3   0   4   0   0   5   7   7   0  17   0  10   5   3   0   4  16  13  0.15 0.12
  131 G     0   0   0   2  -3   0  -2   4  -2  -3  -1  -2  -2  -3   0   0  -2  -4  -3  -3    7   7   3  15   0   4   0  45   0   0  10   0   0   0   5   4   0   0   0   0  0.46 0.18
  132 K     1   1   2  -1  -2   0   1   0   2  -2   0   0  -1  -2   0   1   0  -3  -2  -2   18   8  11   0   0   0  13   5   7   0  11   6   0   0   4   8   7   0   0   0  0.14 0.09
  133 R    -1   1   0  -1  -3   1   1   2   1  -2  -1   1  -1  -1  -2   0  -1   4   1  -1    1  10   5   1   0   8   8  19   4   1   8   8   0   0   1   9   1   7   6   4  0.16 0.08
  134 R    -1   1  -1   2  -3   0   1  -1   1  -3  -2  -1  -2  -3   3   0   1   4  -2  -2    1  12   0  15   0   4   9   5   5   0   4   0   0   0  16   5  15   7   0   0  0.31 0.13
  135 W    -4  -4  -5  -4  -4  -3   2  -5  -4  -3  -3  -4  -3  -1  -5  -4  -4  11   2   2    0   0   0   0   0   0  14   0   0   0   0   0   0   0   0   0   0  63   5  18  2.20 0.49
  136 S    -1   4   1   3  -3   1   1  -1  -1  -3  -3   1   0  -3  -2   1  -1  -3  -3  -3    1  31   6  21   0   5   5   4   0   0   1   8   5   0   0  11   0   0   0   0  0.38 0.14
  137 G    -1  -2  -1   1  -3  -2   0   5  -2  -1  -3  -2  -2  -3   0   0  -2   5  -2  -2    1   1   1   9   0   1   5  50   0   6   1   1   0   0   5   9   1   9   0   1  0.57 0.17
  138 G     0   0  -1   2  -3  -1   1   3  -2  -1   0  -1  -1  -3  -2   0  -1  -3  -3  -1    4   4   0  13   0   0  14  31   0   5  13   0   0   0   0   9   0   0   0   4  0.23 0.11
  139 N    -2  -2   0   1  -3  -2  -2  -3   3  -2  -2  -2  -2   2   0   1   2  -1   5  -2    0   0   3  11   0   0   0   0  10   0   0   0   0   9   4   9  21   0  29   0  0.44 0.19
  140 A     1  -2   0  -2  -2  -2  -2   0  -2   1   0  -1   1   1  -2   1  -1   6  -1   1   14   0   4   0   0   0   0   5   0   9   6   4   6   6   0  16   0  15   0  13  0.24 0.12
  141 S     1   2   1  -1  -2  -1   0  -2   2   0  -1  -1  -2  -3   3   1   0  -3  -2  -1   12  13  10   0   0   0   8   0   6   8   5   0   0   0  15  17   4   0   0   0  0.22 0.11
  142 S    -1   3   1   1  -3  -1  -1   0   2  -2  -2  -1  -2   0   1   1   0  -3   1  -1    0  21   5  12   0   0   0   5   7   0   4   0   0   4   8  18   5   0   5   5  0.18 0.12
  143 H    -1  -1   1   0  -3   2  -1   0   5  -3  -3  -1  -2  -2  -2   1   2  -2   2  -2    0   0   5   5   0  15   0   5  21   0   0   0   0   0   0  14  21   0  10   0  0.40 0.18
  144 E     0   0  -1   1  -3  -1   0   1   3  -2  -1  -1  -1   1   3  -1   0  -2  -1  -2    9   6   0  10   0   0   8  14  11   0   9   0   0   9  15   1   7   0   0   0  0.18 0.09
  145 E     0   0   3   2  -3  -1   1  -2  -1  -1  -2   1   1  -1  -2   0  -1  -2   3  -2    6   5  20  16   0   0   8   1   0   5   1   9   6   0   0   6   0   0  15   0  0.22 0.12
  146 R    -1   2   1   4  -3  -1   0   0  -1  -1  -3   0  -2  -3   2   0  -1  -3   0  -2    1  15   5  28   0   0   5   8   0   4   1   6   0   0  12   9   0   0   5   0  0.32 0.12
  147 M    -1   0  -1  -2  -2  -1  -2   1   2  -1   1  -1   3  -1  -2   2   1  -2   0   0    1   6   0   0   0   0   0  10   6   0  16   0  18   0   0  21   9   0   5   6  0.15 0.13
  148 R    -1   2  -1  -2  -2  -1   0  -3   2  -1   0  -1   2   1   1   0   1  -1   3   0    1  15   0   0   0   0   5   1   8   0   5   0  10   4   9   8  11   0  14   9  0.16 0.11
  149 G     2  -3  -2  -3  -3  -3  -3   5  -3  -3   0  -2  -2   1  -3   0  -2  -3  -2  -3   17   0   0   0   0   0   0  57   0   0  10   0   0   8   0   7   0   0   0   0  0.68 0.20
  150 P    -3  -3  -3   1  -5  -2   1  -4  -3  -5  -5  -2  -4  -5   8  -2  -3  -5  -5  -4    0   0   0  10   0   0   8   0   0   0   0   0   0   0  81   0   0   0   0   0  2.05 0.38
  151 F    -4  -4  -5  -5  -4  -5  -5  -5  -3  -2   1  -5  -1   8  -5  -4  -4  -1   1  -2    0   0   0   0   0   0   0   0   0   0  10   0   0  90   0   0   0   0   0   0  1.68 0.38
  152 T    -2   1  -1   1  -2  -2  -2  -3  -3   1  -2  -2  -1  -3  -3   0   5  -4  -3   1    0   8   0  10   0   0   0   0   0  11   0   0   0   0   0   0  58   0   0  13  0.56 0.24
  153 E    -2  -2  -2   0  -5   0   7  -4  -2  -5  -5  -1  -4  -5  -3  -2  -2  -5  -4  -4    0   0   0   0   0   0 100   0   0   0   0   0   0   0   0   0   0   0   0   0  1.57 0.37
  154 V    -2  -4  -4  -5  -2  -4  -4  -5  -5   3   0  -4   0  -2  -4  -3  -1  -4  -3   6    0   0   0   0   0   0   0   0   0  15   0   0   0   0   0   0   0   0   0  85  0.99 0.28
  155 A     0  -3  -4  -4  -2  -3  -3  -4  -4   3   2  -3   0  -1  -3  -2   0  -3  -2   4    8   0   0   0   0   0   0   0   0  13  22   0   0   0   0   0   6   0   0  51  0.48 0.16
  156 E    -2   0   1   2  -4   1   5  -2  -1  -4  -4   2  -3  -4  -2  -1  -1  -4  -3  -3    0   0   8   9   0   0  65   0   0   0   0  19   0   0   0   0   0   0   0   0  0.73 0.13

                      K         Lambda
Standard Ungapped    0.1339     0.3161
Standard Gapped      0.0465     0.2670
PSI Ungapped         0.1520     0.3167
PSI Gapped           0.0465     0.2670
