
Last position-specific scoring matrix computed, weighted observed percentages rounded down, information per position, and relative weight of gapless real matches to pseudocounts
            A   R   N   D   C   Q   E   G   H   I   L   K   M   F   P   S   T   W   Y   V   A   R   N   D   C   Q   E   G   H   I   L   K   M   F   P   S   T   W   Y   V
    1 M    -5  -6  -7  -8  -6  -5  -7  -7  -6   2  -2  -6  11  -4  -7  -6  -5  -6  -6  -3    0   0   0   0   0   0   0   0   0   8   0   0  92   0   0   0   0   0   0   0  3.34 1.14
    2 H    -3   7  -2   0  -6  -2  -1  -2   2  -3  -4  -1  -4  -5  -1   0  -1  -6  -1  -2    2  57   1   6   0   0   3   3   6   1   1   1   0   0   3   7   4   0   2   4  1.02 0.54
    3 R    -2   4  -2   0  -5   1   2  -3   2  -4   0   3  -3  -3   2  -1  -1  -5  -3  -3    1  23   1   4   0   5  14   1   5   0  10  17   0   1   9   4   4   0   1   1  0.44 0.32
    4 R    -3   5  -1  -2  -5   1   0  -3   2  -4  -2  -1  -2  -3   3   2  -1  -2  -4  -2    1  32   2   2   0   6   5   2   5   1   5   2   1   1  14  18   3   1   0   2  0.56 0.40
    5 V     3  -4  -2  -3  -3  -4  -3   2  -4   1  -2  -2  -3  -4   2  -1  -2  -5  -4   3   32   0   2   1   0   0   1  17   0   9   2   2   0   0   9   4   1   0   0  21  0.51 0.38
    6 E    -1   1   1   4  -2  -2   3  -2  -2  -5  -4  -1  -1  -4   2   1  -1  -5  -4  -4    4   7   6  28   1   1  19   3   1   0   1   2   1   1  11  10   4   0   0   1  0.55 0.37
    7 W    -5  -4  -2  -3  -2  -3  -7  -2  -7  -4  -3  -4  -6  -1  -8  -7  -7  12  -3  -7    1   1   2   2   1   2   0   4   0   1   3   1   0   2   0   0   0  79   0   0  3.68 1.34
    8 M    -4  -3  -7  -8  -7  -1  -5  -6  -7  -2   2  -5  10   0  -5  -5  -3   2  -6  -3    2   1   0   0   0   3   1   1   0   1  19   1  61   4   1   1   2   2   0   1  2.15 1.02
    9 T    -1   1   1   1   0  -1  -1  -3   0  -3  -3   1  -2  -4  -3   1   4  -6  -4   0    5   7   7   9   2   3   3   2   2   1   2   7   1   0   1  11  30   0   0   8  0.40 0.36
   10 P    -1   0  -2   0  -6   1   0  -2   0  -1   0  -1  -3  -6   6   0  -2  -7  -4  -2    4   5   2   5   0   5   5   4   3   3   9   3   0   0  41   6   2   0   0   3  0.79 0.51
   11 T     3  -3  -2  -5  -4  -4  -2  -2  -5   0   1  -3   1  -3  -5   1   3   3  -4   2   23   1   2   0   0   0   3   3   0   4  13   1   4   1   0  12  17   4   0  12  0.43 0.38
   12 D    -3   1  -3   8  -8  -2   0  -5  -3  -5  -8  -4  -7  -8  -5  -2  -3  -8  -4  -6    2   7   1  74   0   2   5   1   1   1   0   1   0   0   1   3   1   0   1   1  2.07 1.00
   13 D    -2   2   0   5  -6  -1   3  -3  -3  -2  -2   0  -4   0  -1  -2  -2  -2   2  -1    2  11   3  28   0   2  18   2   0   2   5   5   0   3   3   2   2   1   7   4  0.51 0.39
   14 A     1   5  -4  -1  -4   0   2  -5   0  -4  -3   0  -5  -4  -1  -1   0  -2   0  -3   13  36   0   4   0   4  12   1   2   1   3   5   0   0   4   4   6   1   3   2  0.65 0.47
   15 I    -6   0  -7  -4  -3  -7  -7  -8  -7   8   0  -7  -2  -3  -7  -7  -4  -7  -6   2    0   5   0   1   1   0   0   0   0  70   8   0   1   1   0   0   1   0   0  12  1.96 0.90
   16 L    -4  -4  -8  -8  -3  -5  -5  -8  -8  -2   7  -7   2  -2  -8  -7  -5  -7  -4  -1    1   1   0   0   1   1   1   0   0   1  82   0   5   1   0   0   1   0   1   3  1.96 0.96
   17 S     0   1  -1  -1  -7   2   6  -4  -1  -5  -3   0  -6  -5  -6  -1  -3  -3  -5  -3    7   7   2   3   0   7  51   1   1   1   3   6   0   1   0   4   2   1   0   2  1.05 0.68
   18 L    -1  -3  -6  -4  -3  -2  -1  -5   1   2   3  -3   0   3  -6  -3  -2   1   4   1    6   1   0   1   0   2   4   0   4  11  24   1   2  12   0   2   2   2  14   9  0.53 0.37
   19 L    -4  -8  -9  -9  -3  -8  -6  -6  -8   2   6  -8   3   2  -8  -8  -7  -7  -4  -2    1   0   0   0   1   0   1   1   0   9  72   0   6   7   0   0   0   0   1   2  1.78 0.91
   20 G     2   3   0   1   1   1   0   0   2  -3  -2   0  -2  -3  -4   1  -2  -5  -1  -2   16  15   5   7   3   6   6   7   6   2   3   6   1   1   0   9   2   0   3   2  0.24 0.23
   21 P    -2   1   0   3  -6   2   5  -3   1  -3  -2   0  -3  -4  -2   0  -1  -6  -3  -3    4   6   4  15   0   8  31   2   3   2   4   5   1   1   2   8   3   0   1   2  0.56 0.42
   22 P     0   0   1   1  -2  -1   3  -1   2  -2  -1  -1  -2  -3   0   0  -1  -5   0  -2    9   5   7   9   1   1  21   6   5   2   8   2   1   1   6   8   3   0   3   3  0.21 0.22
   23 K    -1   2  -1   2  -5  -2   1   3   0  -4  -4   1  -3  -3   1   1  -1  -5  -1  -4    4  12   2  11   0   1  10  22   3   1   2   7   1   1   7  10   4   0   2   1  0.38 0.31
   24 Q     0   0   1   3  -2   0   1   2  -2  -2  -3  -1  -2  -2   1   0  -1   2   0  -1    8   4   8  15   1   3   9  13   1   2   2   3   1   1   8   7   3   3   3   4  0.20 0.18
   25 L     0  -1  -1   0   0   0  -1   1  -1   1   0  -1   0   0   0   0   0  -1   0   0   10   4   3   5   2   3   4  13   1   9  12   3   2   5   3   5   5   1   3   7  0.02 0.03
   26 E     0   1  -1  -1  -2  -1   2   0  -1   0  -2  -1  -1  -1   0   0   1   3   1   0    8   7   3   2   1   2  13   7   1   6   3   3   1   2   5   8  11   4   4   8  0.10 0.13
   27 L     0  -2  -3  -3   0  -1  -3  -3   1   0   2  -1   2   1   3  -2  -1   0  -1   1    9   2   1   1   2   2   2   2   4   5  23   3   6   5  14   3   3   1   2  11  0.26 0.23
   28 R    -1   1   2  -2   1  -1  -2  -2   0  -3  -4   0  -1  -3   1   3   4   1  -3  -3    3   9   8   2   3   3   2   3   2   2   1   5   2   1   8  19  24   2   1   1  0.43 0.38
   29 S     1  -2  -5  -3  -2  -1   0  -3  -1  -1   0  -2   0  -1   6  -2   0  -5  -2   1   10   2   0   1   1   3   7   2   2   3   8   2   2   2  35   3   5   0   2  10  0.63 0.45
   30 G     1   1   0   0   0  -1  -1   0  -1   0  -1   1   1  -2  -2   2   1  -1  -2   0   12   7   4   5   2   2   2   6   1   6   6   8   5   1   1  17   8   1   1   5  0.10 0.15
   31 D     1  -2   1   2  -2   1   2  -2   1  -1  -1  -1  -1  -2  -2   0   0  -5  -1   0   13   1   6  13   1   6  17   2   4   3   6   3   1   1   2   6   6   0   2   8  0.18 0.21
   32 I    -3  -1  -3  -2  -5  -5  -1  -7  -2   6   3  -3   2  -1  -6  -4  -3  -6  -2   1    1   3   1   3   0   0   5   0   1  38  26   2   4   2   0   1   2   0   1   9  0.83 0.52
   33 A     5  -1  -2  -1  -1  -1   1  -1  -1  -3  -4  -2  -1  -5  -3   1  -1  -1  -1  -2   44   4   1   3   1   3   9   4   1   1   1   2   1   0   1  12   4   1   2   3  0.59 0.49
   34 R     1   2   0   2  -4   0   2  -1   0  -1  -1   1  -1  -1  -2  -1  -1  -1  -1  -1   11  11   3  13   0   4  12   5   3   3   6  11   1   3   2   3   2   1   2   5  0.15 0.17
   35 N     0   1   3   1  -1   0   2  -1   1  -1  -2   0  -1  -1  -2   0  -1  -4  -1  -2    6   9  17   6   1   4  13   3   3   4   4   6   2   4   2   7   3   0   2   3  0.17 0.18
   36 T    -2  -2  -2  -1   1  -2  -2  -1  -1   2   3  -2   0   0  -4  -2   1  -4  -1   1    2   2   2   4   3   2   2   6   2  14  32   2   2   3   0   2  10   0   2   7  0.27 0.25
   37 G    -2  -2   1   3  -5  -1   0   3   1  -2  -3  -2  -1  -2   2   0  -1  -5  -2  -1    2   2   6  18   0   2   7  26   3   3   2   2   1   1  10   5   3   0   1   4  0.37 0.32
   38 Y    -1   0  -1  -1   1   0  -1  -4   1   1   0   1   1   1   1  -1   0   3   3   0    4   6   3   3   4   3   3   0   3   7  10   8   4   4   6   3   5   4  11   7  0.12 0.14
   39 S     0   0   1   0   2   1   0   0   2  -2  -2   0  -2   0   1   0   0  -2   1  -1    6   6   6   6   6   6   6   6   6   0   1   6   0   6   6   6   6   0   6   6  0.09 0.12
   40 R     0   5  -1  -4  -5   2  -1  -2  -1  -3  -2   2  -4  -3   1  -1  -1  -5   0  -1    7  32   3   0   0   8   3   3   1   1   4  12   0   1   8   5   3   0   4   5  0.49 0.34
   41 R    -1   0   2   0  -4   3   1   0  -1  -3  -4   0  -2  -5   2   2   0  -5  -3  -4    5   5  10   5   0  14  10   8   1   1   1   5   1   0  11  18   5   0   1   1  0.37 0.29
   42 R     0   0  -1  -2  -4  -1  -2  -1   5  -3  -1  -2  -1  -2  -4   0   4   2   4  -2    7   6   3   2   0   2   3   4  12   1   6   1   1   1   1   5  24   2  17   2  0.48 0.36
   43 I     1  -6  -6  -6  -4  -5  -6  -4  -6   4   0  -5   0  -2  -3  -3   0  -6  -3   6   10   0   0   0   0   0   0   1   0  23   7   0   1   1   1   1   4   0   1  49  1.09 0.52
   44 S     1   2   1  -1  -4  -1  -1   0   1  -3  -3   0  -4  -3  -4   4   0   2   0  -3    9  10   6   3   0   1   4   7   3   2   2   4   0   1   0  35   4   3   3   1  0.42 0.33
   45 D    -2   4   1   0  -2   2   2  -2   2  -5  -5   2  -4  -3  -1  -1   0  -1   1  -4    2  28   6   5   1  10  12   2   4   0   0   9   0   1   3   4   5   1   5   1  0.51 0.33
   46 R    -2   7  -2  -6  -7  -1  -3  -7   6  -2  -2  -2  -2  -4  -7  -3  -4  -2  -2  -3    3  58   2   0   0   2   1   0  19   3   4   1   1   1   0   2   1   1   1   2  1.60 0.73
   47 C    -2  -3  -7  -7   7  -6  -7  -7  -7   1   5  -6   4  -1  -7  -6  -3  -6  -5  -1    3   1   0   0  21   0   0   0   0   7  51   0   9   3   0   0   1   0   0   4  1.37 0.61
   48 T    -1   4   1   0  -5   1   0  -2  -1  -3  -3   3  -4  -5   0   1  -1  -1  -3  -3    5  23   5   4   0   7   6   3   1   2   2  22   0   0   4  12   3   1   1   2  0.46 0.32
   49 V     0   2  -1  -2  -2   0   1  -3  -1  -1  -1   3   1  -2  -2  -1   0   0  -2   0    7  13   3   2   1   4  10   1   1   4   5  20   5   1   2   5   6   1   1   8  0.21 0.19
   50 L    -7  -8  -9  -9  -7  -8  -8  -9  -8  -4   6  -8   5   2  -9  -8  -7  -7  -6  -5    0   0   0   0   0   0   0   0   0   0  78   0  14   9   0   0   0   0   0   0  2.18 0.83
   51 V     1   1  -1  -2   0   0   1  -2   0  -1  -1   0   0  -1  -4   0   1   1   1   2   12   8   2   2   2   4  11   2   2   3   5   6   2   2   0   6   8   2   6  14  0.12 0.13
   52 D    -1  -1   1   4   0   2   4  -2   1  -3  -6   1  -5  -6  -5  -1  -2  -6  -1  -3    6   3   5  21   2   8  29   2   3   2   0   9   0   0   0   4   2   0   2   2  0.66 0.36
   53 R     2   2   0   0   0   0   0  -1   5  -2  -2   0  -1  -2  -4  -1  -2   0   2  -2   20  10   4   5   2   3   7   5  14   2   3   5   2   2   0   3   2   1   7   3  0.30 0.21
   54 G    -2  -1  -1   1  -6  -2   0   6   0  -6  -6  -2  -5  -6  -5  -2  -2  -6  -6  -6    2   4   3   7   0   2   6  66   2   0   0   2   0   0   0   2   2   0   0   0  1.34 0.54
   55 L    -3  -2  -5  -4  -1  -3  -5  -6  -1  -1   5  -2   1   1  -5  -5  -4   0   3  -1    2   2   0   1   1   1   0   0   2   2  63   3   3   6   0   0   0   1   9   3  0.93 0.44
   56 L    -2  -5  -5  -6  -4  -5  -5  -3  -5   4   2  -5   0  -1  -5  -3  -2  -5  -4   5    3   0   0   0   0   0   0   2   0  20  22   0   2   2   0   2   2   0   0  45  0.93 0.42
   57 F    -1   1   1   0  -2   0   5  -2   0  -2  -4   0  -2  -2  -4  -1   0  -5  -2  -2    4   8   5   4   1   3  42   3   2   3   1   6   1   2   0   5   7   0   1   3  0.58 0.35
   58 R    -2   5  -1  -3  -1   0  -1  -3   0  -1  -3   3  -2  -1   1   0  -2  -5  -2  -2    4  33   3   1   1   3   4   2   3   3   2  17   1   2   6   8   3   0   2   3  0.55 0.34
   59 D    -1   0  -1   0  -2  -1   1  -3   2   1   0   0  -1  -1   0  -1  -1  -2  -1   2    4   6   2   7   1   2  11   1   7  10   7   5   1   2   5   3   4   1   2  21  0.14 0.14
   60 D    -1   1   0   3  -4   0   3  -1  -1  -2  -2   0  -2  -2  -1   0   0  -4  -3  -2    4   9   4  19   0   4  21   5   1   2   3   6   1   2   2   6   6   0   0   3  0.33 0.22
   61 E    -2   2   0   2  -2   0   3  -3   0  -2  -2   0  -1  -2   1   0   0  -4  -1  -1    3  12   5  12   1   4  19   2   2   3   4   5   1   1   7   7   6   0   3   4  0.23 0.18
   62 A    -1  -1   1  -1  -1   0  -1   4  -1  -1  -2  -1  -2  -3   0   0   0  -4   0  -2    5   3   6   3   2   4   4  35   2   4   5   3   1   1   6   6   5   0   3   2  0.34 0.21
   63 G     0   1   0   0  -4   0   0   3   1  -3  -3   2  -1  -2  -1  -1  -1   0  -1  -2    6   9   4   6   0   4   5  25   3   1   3  12   2   2   2   5   4   2   2   3  0.26 0.19
   64 H    -2   3   2   0  -3   0   1   0   1  -2  -3   1  -1  -2   0   1   0   3   0  -3    3  16  10   5   1   4   8   7   4   2   2   8   1   2   5   9   4   5   3   1  0.23 0.18
   65 P     0   1   0   0  -1  -1  -1   3  -1  -2  -3   0  -2  -1   1   0   0  -1   0   1    7   8   4   5   1   2   3  23   1   2   2   6   1   3   6   5   5   1   4  12  0.18 0.15
   66 Y    -2   0  -2  -4  -2  -3  -2  -3   0   1   1  -1   2   1  -3  -3  -2   1   5   2    4   6   2   1   1   1   3   2   2   8  12   4   6   6   1   2   2   1  20  17  0.43 0.28
   67 Y    -5  -4  -8  -9  -8  -8  -8  -9  -1  -4  -6  -8  -4   1  -6  -6  -5   5  10  -3    1   1   0   0   0   0   0   0   1   1   1   0   1   5   1   1   1   6  77   3  3.01 1.24
   68 G    -2   5  -3   0  -2   2   2  -3   0  -3  -5   1  -2  -5  -6   1   0   3  -4  -2    4  28   1   6   1   9  14   2   2   2   1   7   1   0   0  10   5   4   1   3  0.59 0.41
   69 L    -5  -5  -9  -9  -3  -8  -9  -9  -9   6   5  -8   0  -6  -5  -6  -4  -8  -7   0    1   1   0   0   1   0   0   0   0  46  42   0   2   0   1   1   1   0   0   6  1.75 0.78
   70 T    -4  -4  -2  -4  -3  -7  -5  -8  -8  -7  -5  -5  -7  -9  -5   2   8  -9  -8  -2    1   1   2   1   1   0   0   0   0   0   1   1   0   0   1  14  74   0   0   3  2.15 1.04
   71 D    -2  -1   0   5  -4  -1   4  -1  -3  -5  -5  -2  -5  -5   1  -2   0  -1  -4  -4    3   3   3  32   0   2  27   4   1   1   1   2   0   1   7   3   6   1   1   1  0.87 0.52
   72 F     0   3  -2   0  -4   0   2  -4  -1  -1   0   3  -2  -2  -4  -2   0   2  -1  -3    8  15   1   5   0   5  11   1   2   3  11  21   1   2   0   2   5   3   2   2  0.35 0.28
   73 G    -2  -6  -5  -8  -9  -8  -8   8  -8  -5  -7  -8  -9  -9  -5  -5  -5  -3  -9  -6    3   1   1   0   0   0   0  90   0   1   1   0   0   0   1   1   1   1   0   1  2.65 1.09
   74 E    -3   5  -5  -2  -4   0   4  -5   1  -1  -1   2  -1  -7  -6  -3  -4  -7  -2  -2    2  32   0   2   0   4  28   1   3   3   7  11   2   0   0   2   1   0   2   2  0.91 0.54
   75 R     3   3  -1   1  -4   3   1  -2  -2  -3  -2   1  -1  -4  -4  -1  -3  -2  -4  -3   23  16   2   8   0  15   9   3   1   1   5   6   2   1   1   5   1   1   0   1  0.46 0.35
   76 Y     0  -2  -7  -5  -2  -2  -2  -7  -1  -1   0  -4  -3   3  -7  -5  -4  -2   8   0    8   3   0   1   1   2   3   0   2   4   8   1   0  12   0   1   1   0  47   6  1.38 0.68
   77 V    -5  -7  -8  -9  -7  -6  -8  -9  -4   0   6  -8   0  -2  -4  -5  -5  -2  -4  -1    1   0   0   0   0   0   0   0   0   5  82   0   2   2   1   1   0   1   0   4  1.90 0.84
   78 A     2   1   1   3  -5   0   4  -4   0  -3  -6  -1  -4  -4  -5   1   0  -6  -5  -3   18   7   7  18   0   4  23   0   2   2   0   3   0   1   0   9   5   0   0   1  0.58 0.39
   79 G    -2  -1   1   0  -6  -3   0   6  -5  -7  -5  -3  -6  -6  -1   0  -2  -6  -4  -4    3   4   5   5   0   1   8  58   0   0   1   1   0   0   3   8   3   0   1   1  1.12 0.57
   80 E    -3   0   1   3  -6   0   6  -3   1  -6  -4   1  -2  -6  -5  -2  -3  -2  -2  -5    2   5   6  15   0   3  49   2   3   0   2   6   1   0   0   3   2   1   1   1  0.98 0.54
   81 L    -1  -1  -4  -3  -2  -3  -3  -6  -1   2   4  -4   0  -1  -5  -4   0  -4   1   2    4   3   0   1   1   1   1   0   2  12  47   0   1   2   0   1   5   0   4  14  0.66 0.38
   82 T    -1  -2   2   6  -6  -2   1  -3   0  -5  -5  -2  -6  -7  -2   1   0  -7  -6  -4    5   2   9  50   0   1   9   1   2   0   1   2   0   0   2   9   6   0   0   1  1.06 0.55
   83 V     4  -3  -2  -2  -2  -2   0  -2  -4  -2   0  -3  -3  -3   3  -1   0  -5  -2   0   42   1   2   3   1   2   5   1   0   2   8   0   0   1  17   2   5   0   2   6  0.55 0.39
   84 D     0   0   0   3  -5   0   4   0  -3  -5  -3  -1  -4  -5  -2   1  -1  -5  -4  -4    9   5   3  20   0   2  29   8   0   0   2   3   0   0   1  13   4   0   0   1  0.53 0.35
   85 N    -3  -4  -1   5  -6  -1   5  -3  -1  -4  -5  -1  -5  -4  -4  -2  -1  -6  -2  -3    1   0   2  33   0   2  46   2   1   1   0   2   0   1   0   1   5   0   2   2  1.15 0.55
   86 L    -4  -5  -3  -3  -4  -5  -4  -2  -5   2   5  -5   1  -1  -5  -5  -3   0  -3   1    0   0   1   2   0   0   1   4   0  11  69   0   2   2   0   0   1   1   0   6  0.97 0.44
   87 E    -4  -1  -3   2  -6   2   7  -5  -3  -6  -6   0  -5  -6  -1  -2  -4  -6  -5  -5    0   2   0   9   0   7  75   0   0   0   0   4   0   0   2   1   0   0   0   0  1.53 0.58
   88 K    -1   1   3   2  -4   0   3  -2  -2  -4  -4   2  -3  -4   0   2   0  -5  -3  -4    1   7  16  12   0   1  19   0   0   0   0  15   0   0   4  22   3   0   0   0  0.47 0.22
   89 A     2  -2  -1  -2  -2  -1  -1  -2  -2  -1  -2  -1  -2  -3  -2   4   2  -4  -3   1   17   0   0   0   0   0   0   0   0   0   0   0   0   0   0  50  18   0   0  16  0.45 0.17

                      K         Lambda
Standard Ungapped    0.1405     0.3206
Standard Gapped      0.0467     0.2670
PSI Ungapped         0.1526     0.3172
PSI Gapped           0.0467     0.2670
