
Last position-specific scoring matrix computed, weighted observed percentages rounded down, information per position, and relative weight of gapless real matches to pseudocounts
            A   R   N   D   C   Q   E   G   H   I   L   K   M   F   P   S   T   W   Y   V   A   R   N   D   C   Q   E   G   H   I   L   K   M   F   P   S   T   W   Y   V
    1 M    -3  -3  -4  -5  -3  -2  -4  -4  -3   0   1  -3   9  -2  -4  -3  -2  -3  -3  -1    0   0   0   0   0   0   0   0   0   0   0   0 100   0   0   0   0   0   0   0  1.80 0.39
    2 S     0  -2  -1  -2  -2  -1  -2   0  -2  -4  -4  -2  -3  -4  -2   6   0  -4  -3  -3    0   0   0   0   0   0   0   6   0   0   0   0   0   0   0  94   0   0   0   0  1.06 0.30
    3 L    -3   0  -4  -5  -3  -3  -4  -5  -4   0   5  -3   1  -1  -4  -4  -2  -3  -2   0    0   6   0   0   0   0   0   0   0   0  94   0   0   0   0   0   0   0   0   0  0.93 0.26
    4 L    -3  -3  -5  -5  -2  -3  -4  -5  -4   1   5  -4   2  -1  -4  -4  -2  -3  -2   0    0   0   0   0   0   0   0   0   0   5  90   0   4   0   0   0   0   0   0   0  0.96 0.26
    5 D    -1   0   1   6  -4  -1   0  -2  -2  -4  -4  -1  -4  -4  -2  -1   0  -5  -4  -4    5   6   5  75   0   0   0   0   0   0   0   0   0   0   0   0   5   0   0   0  1.08 0.25
    6 T     0   4  -1  -1  -2   0  -1  -1  -1  -3  -3   2  -2  -3  -2   1   2   1  -2  -2    8  34   0   3   0   0   0   3   0   0   0  12   0   0   0  16  19   2   0   0  0.37 0.14
    7 G     0  -3  -1  -2   1  -2  -3   5  -2  -4  -4  -2  -3  -3   2   0   0  -3   1  -3    5   0   0   0   3   0   0  59   0   0   0   0   0   0   9   6   7   0   8   0  0.72 0.19
    8 A     1   2   3   0  -2   0   0   0  -1  -2  -1   0  -1  -2  -1   0   0  -2  -1  -1   13  15  26   5   1   1   2   5   1   2   8   2   1   1   2   6   6   0   1   2  0.16 0.06
    9 R     1   1   0   0  -1   0   0   0   2  -1  -1   0  -1  -1   1   0   0  -1  -1   0   13  15   5   3   1   2   4   9   8   3   5   3   1   2   8   4   3   1   2   6  0.07 0.01
   10 Y    -1   0  -1  -1  -1  -1   0  -1  -1  -1   0  -1  -1   1   4  -1   0  -1   2   0    3   5   2   2   1   2   7   3   1   2   9   2   1   8  27   3   7   1   9   6  0.28 0.05
   11 Q    -2  -1   0   4  -3   2   4  -2   3  -3  -3   0  -2  -3  -2  -1  -2  -3  -2  -3    1   1   1  26   0   8  44   1  10   1   1   1   0   1   1   1   1   0   0   1  0.65 0.17
   12 P    -1  -2  -1   2  -2   0   2  -2  -2  -1  -1  -1  -1  -3   1   1   3  -3  -3  -1    0   0   0  15   0   4  14   0   0   5   7   0   0   0   7  10  35   0   0   2  0.31 0.14
   13 V    -1  -4  -4  -4   2  -3  -4  -4  -4   3   1  -4   0  -2  -4  -3  -1  -4  -2   5    2   0   0   0   4   0   0   0   0  14  12   0   0   0   0   0   0   0   0  66  0.73 0.24
   14 L    -2  -3  -2  -1  -2  -2   0  -3  -3   2   1  -2  -1  -2  -3  -1   4  -4  -3   1    0   0   0   2   0   0   7   0   0  17  14   0   0   0   0   0  49   0   0  12  0.47 0.22
   15 V    -1  -4  -4  -4  -2  -3  -4  -4  -4   3   2  -3   1  -2  -4  -3  -1  -4  -2   5    4   0   0   0   0   0   0   0   0  17  17   0   2   0   0   0   0   0   0  60  0.69 0.24
   16 Y    -3   0  -3  -4  -4   1  -3  -4   2  -3  -2  -2  -2   3  -4  -3  -3   0   8  -3    0   5   0   0   0   8   0   0   3   0   0   0   0  11   0   0   0   0  69   0  1.33 0.34
   17 P    -2  -4  -4  -3  -4  -3  -3  -4  -3  -1   0  -3   1  -3   7  -3  -3  -4   0  -1    2   0   0   0   0   0   0   0   0   4  10   0   5   0  72   0   0   0   4   3  1.61 0.34
   18 E     0   1  -1  -1  -3   3   4  -3  -1  -3  -3   0   1  -3  -2   1   0  -3   0  -3    8   8   0   0   0  13  43   0   0   0   0   0   5   0   0  14   4   0   4   0  0.50 0.20
   19 E     0  -2  -2  -1  -3  -1   3  -2  -3   2  -1  -2  -1  -3   0  -2   0  -4  -3   3    6   0   0   0   0   0  35   3   0  12   0   0   0   0   4   0   4   0   0  36  0.38 0.20
   20 L     0   1  -1   0  -2   1  -1  -1   1  -1   0   0  -1  -1  -1   0   1  -2   2   0    4  13   0   8   0   7   0   4   4   0   9   3   0   0   3   8  14   0  11  13  0.08 0.08
   21 V     1   1   0   0  -2  -1  -1   0  -2  -1  -2  -1  -1  -2   0   0   2   1   0   2   11  14   4   6   0   0   2   6   0   0   0   0   0   0   4   6  16   3   5  24  0.11 0.11
   22 I     0   0  -1   1  -2   0   0  -3  -2   1  -1   0  -1  -3   1   0   4  -4  -3   0    4   4   0   9   0   4   4   0   0  13   3   8   0   0   6   4  38   0   0   2  0.25 0.15
   23 D    -3  -3   1   7  -5   0   0  -3  -2  -5  -5  -2  -4  -5  -3  -2  -2  -5  -4  -4    0   0   5  88   0   4   0   0   0   0   0   0   0   0   0   0   0   0   0   0  1.60 0.38
   24 A     1   2  -1   2  -3  -1   1   0  -2  -3  -3  -1  -2  -4   3   2   0  -4  -3  -2   18  14   0  18   0   0   6   4   0   0   0   0   0   0  17  18   2   0   0   3  0.38 0.15
   25 D    -3  -1   0   6  -4   0   1  -3   2  -3  -2  -2  -3   0  -3  -2  -1  -3   2  -3    0   3   0  62   0   4   4   0   5   0   6   0   0   4   0   0   4   0   8   0  0.80 0.26
   26 G    -1  -4  -2  -3  -4  -3  -2   7  -3  -5  -5  -3  -4  -4  -4  -2  -3  -4   0  -5    0   0   0   0   0   0   2  94   0   0   0   0   0   0   0   0   0   0   4   0  1.65 0.38
   27 N    -3  -2   7   2  -4  -2  -2   1  -1  -2  -4  -2  -3  -4  -3   0   0  -5  -4  -4    0   0  73   8   0   0   0   8   0   4   0   0   0   0   0   4   3   0   0   0  1.12 0.34
   28 K     0  -1  -2  -1  -2   1   0  -3  -2   0  -1   0   0   0   3  -1   3  -3  -2   1    6   3   0   2   0   6   6   0   0   3   3   4   2   4  17   0  31   0   0  12  0.29 0.14
   29 K    -1   2   0  -2   0  -1  -2  -3   0   1   1   1   1  -1  -2  -1   0  -3  -2   2    1  16   4   0   2   0   0   1   3   9  16   8   5   0   0   5   4   0   0  25  0.13 0.09
   30 T    -1   1  -2  -3  -3  -1  -1  -3  -3  -2   0   0  -1  -2   1  -1   3   7  -1  -1    4  12   0   0   0   0   4   0   0   0  11   4   0   0   6   2  31  22   0   4  0.54 0.20
   31 Q     0   5  -2  -3  -4   0  -2   2  -2  -4  -3   1  -3  -3  -3  -1   1   3  -1  -3    6  47   0   0   0   2   0  20   0   0   0   8   0   0   0   0  10   4   2   0  0.60 0.22
   32 P     1   0  -3  -3  -4  -3  -3   0  -4  -4  -2  -2  -3  -5   7  -2  -3  -5  -4  -3   11   6   0   0   0   0   0   6   0   0   4   0   0   0  73   0   0   0   0   0  1.66 0.36
   33 S     0  -2  -1   1  -2  -1   0   3  -2  -3  -3  -2  -3  -3  -2   4   1   4  -2  -1    6   0   0   6   0   0   7  21   0   0   0   0   0   0   0  43   6   6   0   4  0.45 0.20
   34 K     2   1  -1   1  -2   0   1   2  -2  -3  -2   1  -2  -3   0   1   0  -3  -3  -2   23   9   0  10   0   0   9  14   0   0   4  12   0   0   3  10   4   0   0   0  0.21 0.10
   35 T     0   0  -1   2  -2   0   0  -2   0  -1  -2  -1  -1  -3   1   0   4  -3  -2   1    4   4   0  14   0   2   5   1   3   2   1   0   0   0   7   1  39   0   0  16  0.29 0.15
   36 P     0  -3  -2  -2   0  -3  -3   5  -3  -4  -4  -2  -3  -4   5  -1  -2  -4  -4  -4    4   0   0   0   2   0   0  60   0   0   1   0   0   0  30   0   0   0   0   0  1.15 0.27
   37 I    -1  -3  -3   0  -2  -2  -1  -3  -3   3   0  -3   0  -2  -3  -2   1  -3  -2   4    0   0   0   7   0   0   5   0   0  28   4   0   0   0   0   0   9   0   0  44  0.42 0.18
   38 Q    -1  -2  -2  -2  -3   1   2  -3  -2  -1  -1  -1  -2  -3   5  -1   1  -4  -3   1    2   0   0   0   0   6  15   0   0   0   5   2   0   0  38   0  14   0   0  14  0.65 0.19
   39 A     1  -2  -2  -2   0  -2   0  -2  -3   2  -1  -2  -1  -2  -2   0   2  -3  -2   3   15   0   0   0   2   0   7   0   0  15   1   0   0   0   0   5  19   0   0  34  0.26 0.15
   40 I     0   5  -1  -2  -3   1  -1  -1  -1  -2  -3   2  -2  -2   1   0  -2  -3   2  -1    6  48   0   0   0   4   0   4   0   2   1   9   0   0   7   5   0   0   8   4  0.48 0.18
   41 A     4  -3  -3  -3   6  -2  -3   0  -3  -1  -2  -2  -2  -3  -2  -1  -1  -3  -3   2   47   0   0   0  21   0   0   8   0   0   1   0   0   0   0   0   0   0   0  20  0.57 0.22
   42 R     0   4   2  -2  -3   0  -1  -2  -1  -2  -2   0   0  -1  -2   0   2  -3  -2   0    6  35  13   0   0   4   0   0   0   0   1   0   3   3   0   5  16   0   0  11  0.31 0.16
   43 F    -1  -3  -3  -3  -2  -3  -3  -3  -3   4   0  -3   1   2  -3  -2   0  -3  -1   4    1   0   0   1   0   0   1   1   0  28   3   1   3   9   0   1   7   0   0  44  0.46 0.17
   44 Q    -1  -1  -1   0  -3   6   0   0   1  -3  -1   1  -2  -3  -2  -1  -2  -3  -2  -3    4   1   1   3   0  65   1   7   3   1   5   4   0   1   1   1   1   0   0   1  0.78 0.26
   45 V     0  -3  -3  -3  -3  -2  -2  -3  -3   0  -1  -2  -2  -2   7  -2   0  -4  -3   1    7   0   0   0   0   0   0   1   0   6   3   0   0   2  59   1   4   0   0  14  1.17 0.27
   46 A     2  -1  -2   0  -2   2   0  -2   1   1   0  -1   1   0  -2  -1   0  -2  -1   1   24   1   1   4   0  14   3   1   6  10  10   1   4   4   1   1   3   0   0  12  0.10 0.09
   47 N     1  -2   1   1  -2  -1  -1   3  -2  -1  -2  -1  -1  -2  -1   1   1  -2  -2   1   13   1   5   8   0   1   1  25   0   1   2   1   0   1   1  10  14   0   1  14  0.20 0.09
   48 Q     0  -1  -1  -1  -2   3   1  -1  -1  -2  -2  -1  -1  -1   0   2   1   4  -1  -1    8   1   1   1   0  20   8   2   1   1   2   1   1   3   3  23   9   8   1   6  0.24 0.11
   49 S     1  -1   0   1  -1  -1  -1  -1  -1  -2  -2  -1  -1  -2   2   2   2  -2  -2  -1   17   1   1  10   0   1   2   2   1   1   2   1   1   1  12  25  18   0   1   2  0.28 0.11
   50 G     0  -1   0   0  -1  -1   0   3  -1   0  -1  -1  -1  -1  -1   0  -1  -2  -1   1    3   2   6   7   1   2   5  29   1   2   4   2   1   2   2   7   2   1   1  20  0.14 0.05
   51 T     0  -1   0  -1  -1  -1   1  -1  -1  -1  -1  -1  -1  -1  -1   2   3  -1   0   0    3   2   2   2   1   2   8   3   1   2   6   2   1   1   2  17  33   0   4   9  0.18 0.08
   52 S     0   0  -1  -1  -1   0   1  -1  -1  -1  -1  -1  -1  -1   1   2   1   4  -1  -1    7   5   2   2   1   1  10   3   1   4   7   2   1   1   7  27  12   7   1   2  0.16 0.07
   53 A     2  -1   1   0  -1   0   0   0  -1  -1  -1  -1   0  -1  -1   1   0  -2  -1   1   27   2   8   6   1   2   6   6   1   2   3   2   5   1   2   9   5   0   1  12  0.08 0.05
   54 R    -1   3   2   0   2   1   1  -1  -1  -1  -1   0  -1  -2  -1   0  -1  -2  -1  -1    3  29  12   5   7   6  10   3   1   6   3   2   1   1   2   3   2   0   1   2  0.19 0.07
   55 R     1   2   0  -1  -1   0   1   0  -1  -2  -1   0   0  -2  -1   1   1  -2  -1  -1   12  20   4   2   1   1  12   6   1   2   3   2   5   1   2  16   7   0   1   2  0.14 0.06
   56 A     2   0  -1   0  -1   0   0   0  -1  -1  -1  -1  -1  -2  -1   1   1  -2  -2   1   28   5   1   7   0   4   4   7   1   1   2   1   1   1   1  12  10   0   1  12  0.13 0.07
   57 E    -1  -1  -1   2  -3   2   5  -3  -1  -2  -1   1  -2  -3  -2  -1  -2  -3  -3  -1    5   1   0  10   0   7  56   1   0   1   5   6   0   0   1   1   1   0   0   7  0.59 0.22
   58 Q     0   0   2   2  -2   2   0  -1  -1  -2  -2   0   1  -2   2   1   0  -3  -2  -2    8   4  13  18   0  11   3   1   0   1   2   3   6   1  12   8   7   0   1   1  0.25 0.09
   59 D     1  -1   0   3  -2   1   1   1  -1   0  -1  -1  -1  -1  -1   0   0  -2  -2  -1   14   3   3  21   0  10   8  14   0   7   6   1   0   3   1   1   5   0   1   1  0.14 0.07
   60 N     0  -1   2   3  -2  -1   1  -1  -1  -1   0   0  -1  -2   0   1   0  -3  -2  -1    9   1  11  21   0   1   7   1   0   1  15   3   0   1   5  11   6   0   1   6  0.15 0.08
   61 G     1   0  -1  -1  -2   1   2   1  -1   0  -1  -1   0  -2  -1   0  -1  -2  -1   1   13   7   0   0   0   5  18  15   0   7   1   0   2   0   2   7   1   0   3  17  0.11 0.09
   62 G     0  -3  -2   0  -3  -3  -3   6  -3  -1  -4  -3  -3  -4  -3  -1  -1  -4  -4  -3    7   0   0   6   0   0   0  74   0   6   0   0   0   0   0   0   4   0   0   0  1.06 0.30
   63 F    -2  -1  -2   1  -3   3  -1  -1   1  -1   0  -1  -1   4  -3  -1   0  -1   3  -2    0   3   0   9   0  22   0   6   3   3  11   0   0  21   0   2   6   0  14   0  0.27 0.17
   64 T     0   0   1   0  -2   2   2  -2   1  -1  -1  -1  -1  -3   1   0   1  -3  -2   0   11   6   6   4   0  10  18   0   5   0   8   0   0   0   7   3  12   0   0  10  0.16 0.10
   65 T     1  -2  -1  -2  -2  -2  -2   0  -3  -2  -1  -2  -2  -3   0   3   4  -4  -3   0    9   0   0   0   0   0   0   6   0   0   6   0   0   0   4  34  33   0   0   9  0.43 0.23
   66 E    -1   0   0  -1  -3   1   3  -1  -2  -2  -2  -1  -2  -1   0   1   1  -3  -2   1    2   3   3   0   0   7  31   4   0   0   0   0   0   4   3  14  14   0   0  13  0.24 0.15
   67 K     1   1  -1   0  -2   3   1   0  -1  -3  -3   1  -2  -3  -2   1   2  -3  -2  -2   12   9   0   3   0  17  11   8   0   0   0   6   0   0   0  14  17   0   0   0  0.28 0.14
   68 V     0   2  -2  -2  -2  -1  -1  -1  -2   1   0   0   0  -2  -3  -1   2  -3  -2   2    5  15   0   0   0   2   4   5   0   7   9   5   2   0   0   2  19   0   0  26  0.15 0.13
   69 Y    -3   0  -3  -4   0  -3  -3  -5   3   0   0  -3   1   2  -4  -3  -3   0   7  -1    0   7   0   0   3   0   0   0   7   6   6   0   4   6   0   0   0   0  58   3  1.02 0.34
   70 R    -2   5   1   0  -3  -1  -2  -3  -2  -2  -1   0   0  -3  -3  -1  -1  -4  -3   1    0  54   7   6   0   0   0   0   0   0   5   0   3   0   0   4   3   0   0  16  0.57 0.25
   71 M    -2  -1  -3  -3  -2  -2   0  -4  -3   3   2  -2   3   1  -3  -2  -1  -2  -1   2    1   5   0   0   0   0   7   1   0  28  22   0  11   6   0   1   0   0   0  17  0.31 0.15
   72 R     1   4  -1  -2  -2   0  -1  -2   2  -2  -2   1  -2  -1  -2  -1   1  -2   2  -2   13  37   1   1   0   1   1   1   5   1   2   8   0   1   1   1  12   0  11   1  0.35 0.15
   73 F    -1  -2  -2  -2   0  -2  -2  -2  -2   0   3  -2   0   3  -2  -1   1  -1   1   1    6   1   1   1   3   1   1   2   0   1  38   1   0  18   1   2   9   0   5   8  0.22 0.11
   74 P     1  -1   0  -1  -2  -1  -1  -1  -2  -2  -2  -1  -2  -2   6  -1   1  -2  -2  -2   12   2   4   2   1   2   2   3   1   2   3   2   1   1  48   3   8   0   1   2  0.80 0.13
   75 R    -1   4   0   1  -2   0   0   0   1  -2  -1   1  -1  -1  -1  -1  -1  -1   1  -1    3  37   2   8   1   2   3   8   3   2   4   6   1   2   2   3   3   1   7   3  0.24 0.07
   76 S     0   0   1   1  -1   0   1   1  -1  -1  -1   0  -1  -1  -1   2   0  -1  -1  -1    3   6   6   9   1   2  10  11   1   2  10   5   1   2   2  22   3   1   1   3  0.09 0.03
   77 F    -1  -2  -1  -1   1  -1  -1  -2   1   0  -1  -2  -1   4  -2   0  -1   6   1   0    4   2   1   4   3   1   2   2   5   4   3   2   1  28   2   8   2  13   1  11  0.28 0.09
   78 T     0  -1   0   1  -2   0   0   1  -2   0  -1   0   0  -2   2   0   0  -3  -2   0    5   2   4  11   0   4   6  15   0  11   1   5   4   1  12   4   8   0   0   6  0.13 0.05
   79 K     1   0  -1  -2   1   0  -1   2   1  -2  -1  -1  -1  -2   1   0   2   2  -1  -2   14   6   1   1   3   3   1  23   4   1   4   3   0   1   6   4  18   4   2   1  0.18 0.08
   80 E     0   3  -1   0  -2   1   2  -2  -1  -1  -2   0  -1   1  -1  -1   0  -2   1  -1   10  23   1   4   0   6  20   1   0   4   2   1   0   6   3   1   6   0   6   5  0.18 0.09
   81 H     1   0  -1   0   2   0  -1   1   3  -2  -1  -1  -1  -2   2   0   0  -2   0  -2   13   4   1   5   6   4   1  11  14   1   4   1   0   1  11   8   8   0   4   1  0.16 0.07
   82 G     1  -2  -1  -1  -2  -1  -2   2   0  -1   0  -1   0  -1   1  -1  -1   4   0   1   16   1   1   3   0   1   1  22   3   1  10   1   4   1   7   2   1   8   4  12  0.16 0.07
   83 I     0   1  -2  -2  -3   0   0  -3  -2  -1   0  -1  -2  -3   5  -1  -1  -3  -3   1    6   9   0   0   0   4   8   1   0   2   8   0   0   0  39   4   0   0   0  17  0.61 0.17
   84 L     0  -3  -3  -3  -2  -3  -3   1  -3   1   3  -3   0   0   1  -1  -2  -2   1   1    8   0   0   0   0   0   0  11   0   4  47   0   0   3   7   4   0   0   5  10  0.28 0.15
   85 G     0  -3  -1   1  -3  -2  -2   6  -3  -4  -4  -1  -4  -4  -1  -1   0  -4  -4  -4    4   0   0  11   0   0   0  69   0   0   0   3   0   0   3   0   8   0   0   0  0.99 0.26
   86 A     4  -2  -2  -2  -2  -1   0  -1  -2  -2  -2  -2   1  -3   4   2  -1  -3  -3  -2   47   0   0   0   0   0   5   1   0   0   1   1   5   0  21  17   1   0   0   1  0.58 0.21
   87 Q    -2  -1  -2   0  -3   5  -1  -1   1  -3  -2  -1   1   0  -3  -1  -1   7   2  -3    1   0   0   5   0  37   1   4   3   0   1   1   4   4   0   4   4  21  10   1  0.73 0.24
   88 T     3  -2  -1  -2   2  -1  -2  -1  -2  -3  -3  -2  -2  -3  -2   5   1  -3  -3  -2   25   0   0   0   4   0   1   1   0   0   1   1   0   0   0  57   6   0   0   2  0.63 0.24
   89 Q     2   4  -2  -2  -3   3   1  -2  -1  -2  -1   1  -2  -3  -2  -1  -2  -3  -3  -1   21  34   0   0   0  20  10   0   0   0   5   3   0   0   0   0   0   0   0   6  0.45 0.20
   90 I    -1  -4  -4  -4  -2  -4  -4  -5  -4   5   1  -4   0  -2  -4  -3  -2  -4  -3   5    5   0   0   0   0   0   0   0   0  40   6   0   0   0   0   0   0   0   0  49  0.82 0.27
   91 E     0  -1  -2   1  -3   0   4  -3   2  -1  -1  -1  -2  -3  -3  -1  -1  -4  -2   2    6   2   0   8   0   0  43   0   5   0   4   0   0   0   0   3   3   0   0  26  0.42 0.21
   92 W    -5  -5  -6  -6  -5  -4  -5  -5  -4  -1  -3  -5  -3   3  -6  -5  -5  12   3  -4    0   0   0   0   0   0   0   0   0   4   0   0   0  10   0   0   0  78   8   0  3.07 0.56
   93 K    -1   2   3   3  -4   0   1   1  -1  -4  -4   1  -3  -4  -3  -1  -2  -4  -3  -2    4  16  21  23   0   3   6  13   0   0   0  12   0   0   0   0   0   0   0   2  0.44 0.16
   94 G    -1  -4  -1  -1  -4  -3  -3   6  -4  -5  -5  -3  -4  -5  -1  -2   0  -4  -5  -4    0   0   2   2   0   0   0  86   0   0   0   0   0   0   3   0   7   0   0   0  1.46 0.35
   95 Q    -2   3   1   0  -4   3   2  -3  -1  -3  -2   2  -2   0  -3  -1   0   3  -2  -2    0  25   7   4   0  17  12   0   0   0   4  10   0   5   0   0   8   6   0   1  0.37 0.16
   96 R     0   5  -1   1  -3   0   1  -3  -2  -3  -3   1   0  -4   0  -1   2  -4  -3  -1    8  44   0   7   0   0  10   0   0   0   0   5   3   0   4   0  16   0   0   4  0.49 0.21
   97 W    -5  -5  -5  -6  -5  -4  -5  -5   1  -4  -3  -5  -3   3  -6  -5  -4  11   5  -4    0   0   0   0   0   0   0   0   3   0   0   0   0  12   0   0   0  68  18   0  2.73 0.51
   98 A     0  -2   0   4  -3   1   3  -1  -2  -2  -3  -1   0  -3  -2   2   0  -4  -3   0    9   0   3  26   0   5  21   3   0   0   0   0   4   0   0  18   3   0   0   8  0.36 0.16
   99 L    -2  -3  -3  -3  -2   2  -2  -4  -3   3   1  -2   3  -2   0  -2   0  -3  -2   3    0   0   0   0   0  14   0   0   0  21  13   0  10   0   5   0   4   0   0  33  0.39 0.18
  100 F    -1  -1  -1   2  -3  -1   1  -3   1   0  -1  -2  -1   3  -3   0   0  -2   1   1    5   4   0  14   0   2  10   0   5   5   4   0   0  18   0   5   5   0   3  20  0.13 0.10
  101 G    -1  -4  -2   0  -4  -3  -3   7  -4  -5  -5  -3  -4  -5  -4  -1  -1  -4  -5  -5    0   0   0   5   0   0   0  88   0   0   0   0   0   0   0   3   4   0   0   0  1.52 0.36
  102 D     0  -1  -1   4  -4   0   4   0   0  -4  -4  -1  -3  -4   2  -1  -1  -4  -3  -3    7   3   0  28   0   0  37   6   3   0   0   0   0   0  12   0   3   0   0   0  0.61 0.20
  103 A     0  -2  -3  -3  -4  -3  -3  -1  -4  -4  -3  -3  -3  -5   8  -2  -3  -5  -4  -1    6   2   0   0   0   0   0   5   0   0   2   0   0   0  78   0   0   0   0   4  1.86 0.38
  104 T     0   2  -1  -1  -3   3   0  -2   1   0   0   1  -1  -2  -2  -1   0  -3  -2  -1    9  17   2   3   0  23   0   0   4   8  14  10   0   0   0   0   8   0   0   3  0.20 0.12
  105 E    -1   4  -1   1  -3   1   0  -3   2   0  -1   0   0  -1  -1  -2  -2   0   0   0    2  38   0   8   0   8   2   0   8   8   4   0   3   3   3   0   0   2   2   7  0.29 0.15
  106 Y    -3  -2  -1  -3  -4  -2  -3  -4   5  -3  -2  -3  -2   3  -4   0  -1   3   7  -3    0   2   3   0   0   0   0   0  17   0   0   0   0  14   0   8   3   4  47   0  0.97 0.28
  107 D    -1   3   3   0  -3   1  -1   1  -1  -1  -3   0  -2  -3   1   0   1  -4  -3  -2    5  21  25   4   0   9   0  12   0   5   0   0   0   0   7   2   9   0   0   0  0.32 0.15
  108 S    -1   1  -2   0  -3  -2  -2   5  -3  -3  -3  -2   4  -4  -3   1  -2  -4  -4  -3    2  11   0   5   0   0   0  53   0   0   0   0  16   0   0  13   0   0   0   0  0.72 0.25
  109 S    -1  -3  -1  -2  -3  -2  -2   0  -3  -4  -4  -2  -3  -4   2   5   2  -4  -3  -3    0   0   0   0   0   0   0   4   0   0   0   0   0   0  10  73  12   0   0   0  0.94 0.34
  110 P    -1   3  -1   1  -4  -1   0  -1   2  -4  -4   1  -3  -4   5   0  -1  -4  -3  -3    2  26   0   8   0   0   5   4   6   0   0   6   0   0  33   8   2   0   0   0  0.69 0.21
  111 A     2   6  -2  -3  -3   1  -2   0  -2  -4  -3   0  -3  -4  -3  -1   0  -4  -3  -3   27  55   0   0   0   5   0   6   0   0   0   0   0   0   0   0   8   0   0   0  0.77 0.28
  112 L    -2  -3  -2  -3  -3  -3  -3  -4  -4   0   0  -3  -2  -3   0  -1   6  -4  -3   0    0   0   0   0   0   0   0   0   0   4   9   0   0   0   4   0  78   0   0   5  1.01 0.36
  113 A     3   4  -2  -2  -2   0  -1   0   1  -3  -1   0  -2  -3  -2   0   0  -4  -3  -2   45  28   0   2   0   3   0   4   4   0   6   3   0   0   0   4   3   0   0   0  0.42 0.20
  114 R    -4   3  -2  -3  -5   0  -2  -4   9  -5  -5  -2  -3  -3  -4  -3  -4  -4   2  -5    0  16   0   0   0   4   0   0  76   0   0   0   0   0   0   0   0   0   5   0  1.90 0.46
  115 V    -1  -3   0   1  -2  -2  -1  -3  -3   2   0  -2   2  -2  -3  -1   0   4  -2   3    4   0   5  11   0   0   2   0   0  13   6   2  10   0   0   2   4   8   0  33  0.27 0.15
  116 D    -1   2  -1   3  -3   0   3  -1   0  -2  -3  -1  -2  -3  -2   1   1  -4  -3   0    3  13   0  21   0   0  26   3   2   0   0   0   0   0   0   9  14   0   0   9  0.34 0.15
  117 Y     1  -3  -4  -4  -3  -3  -3  -4  -1  -1  -1  -3  -2   3  -4  -2  -2   0   6   2   18   0   0   0   0   0   0   0   0   0   4   0   0  14   0   0   0   0  46  18  0.79 0.26
  118 T    -1  -1  -2  -2  -2   0   0  -3  -3   2   2   0   1  -2  -3  -1   2  -3  -2   2    0   3   0   0   0   5   6   0   0  11  25   6   2   0   0   3  20   0   0  19  0.20 0.11
  119 I    -2  -4  -4  -4   2  -3  -4  -5  -4   5   3  -4   4   0  -4  -3  -2  -3  -2   1    0   0   0   0   6   0   0   0   0  45  27   0  15   2   0   0   0   0   0   5  0.66 0.22
  120 K    -2   6  -2  -3  -4   0  -1  -4  -2  -1  -3   3  -2  -4  -3  -2  -1   1  -3   0    0  65   0   0   0   0   2   0   0   4   0  15   0   0   0   0   2   2   0   9  0.90 0.27
  121 R    -3   7  -2  -3  -5   1  -1  -4  -2  -4  -4   2  -3  -4  -3  -2  -2  -4  -3  -4    0  89   0   0   0   5   0   0   0   0   0   7   0   0   0   0   0   0   0   0  1.39 0.28
  122 F    -2  -3  -3  -4  -3  -3  -3  -3   0  -1   0  -3   0   6  -4  -3  -2   1   5  -1    0   0   0   0   0   0   0   0   0   0   0   0   0  74   0   0   0   0  26   0  0.82 0.04

                      K         Lambda
Standard Ungapped    0.1319     0.3169
Standard Gapped      0.0404     0.2670
PSI Ungapped         0.1318     0.3171
PSI Gapped           0.0404     0.2670
