
Last position-specific scoring matrix computed, weighted observed percentages rounded down, information per position, and relative weight of gapless real matches to pseudocounts
            A   R   N   D   C   Q   E   G   H   I   L   K   M   F   P   S   T   W   Y   V   A   R   N   D   C   Q   E   G   H   I   L   K   M   F   P   S   T   W   Y   V
    1 M    -4  -4  -5  -6  -4  -3  -5  -6  -4  -2  -1  -4  10  -3  -5  -4  -4  -4  -4  -2    0   0   0   0   0   0   0   0   0   0   0   0 100   0   0   0   0   0   0   0  2.75 0.71
    2 K    -3   2  -1  -3  -5   1  -1  -4  -3  -2  -4   7  -3  -5  -3  -2  -3  -5  -4  -4    0   9   2   0   0   5   0   0   0   2   0  82   0   0   0   0   0   0   0   0  1.40 0.46
    3 N    -1  -3  -1  -4  -2  -3  -4  -4  -4   3   3  -3   1  -1  -4  -3   1  -4  -2   3    5   0   4   0   0   0   0   0   0  22  36   0   3   0   0   0   8   0   0  21  0.48 0.21
    4 G    -2   1   6  -1  -4  -2  -2   1  -2  -4  -4  -2  -3  -3  -3   2   1  -4   1  -4    0  10  47   0   0   0   0  10   0   0   0   0   0   0   0  17  10   0   7   0  0.75 0.32
    5 F    -4  -4  -4  -5  -5  -4  -4  -5   1  -3  -3  -4  -3   5  -5  -4  -4   0   9  -3    0   0   0   0   0   0   0   0   2   0   0   0   0  21   0   0   0   0  74   0  1.99 0.52
    6 Y    -4  -4  -5  -6  -5  -4  -5  -5   1  -3  -2  -5  -3   7  -6  -4  -4   3   7  -3    0   0   0   0   0   0   0   0   3   0   0   0   0  49   0   0   0   3  44   0  1.79 0.48
    7 A     2  -2   1  -2   0  -1  -2   3  -2  -3  -3   0  -2  -1  -3   1   2  -3   0  -1   22   0   6   0   2   2   0  28   0   0   0   6   0   2   0   8  18   0   3   2  0.35 0.18
    8 T    -4  -4  -2  -5  -4  -3  -4  -5   4  -3  -3  -4  -3   2  -5  -3   0  -1   8   1    0   0   2   0   0   0   0   0  10   0   0   0   0   4   0   0   7   0  67   9  1.56 0.50
    9 Y    -1   0   0  -2   2   0   0  -4   2  -2  -1  -2  -2   1  -4  -1   0  -1   7  -2    3   4   4   2   4   3   5   0   5   2   5   0   0   2   0   4   7   0  46   2  0.63 0.29
   10 R    -1  -1  -3  -4   1   0  -1  -4  -3   3   2  -3   0   4  -4  -2  -1  -2  -1   2    6   4   0   0   3   4   3   0   0  20  22   0   0  21   0   0   3   0   0  13  0.31 0.18
   11 S    -1   2  -1  -1  -3   2   2  -1   1  -2  -2   3  -2   1  -2   0   0  -3   1  -1    4  10   0   0   0  12  13   4   4   2   2  25   0   6   0   4   5   0   5   3  0.24 0.15
   12 K    -2   1   4   3  -4  -1   0  -2   3  -3  -2   2   0  -1   1  -1  -1  -4  -2  -3    0   9  23  16   0   0   5   0   8   0   4  14   3   4   7   2   3   0   0   0  0.36 0.18
   13 N    -1   2   3   0  -3   0   0  -1   1  -1  -1   1  -2  -1  -2   0   1  -3  -1  -1    0  11  23   3   0   2   7   5   5   4   4   9   0   4   0   7   9   0   2   4  0.18 0.12
   14 K    -1   0   2   3  -3   1   1  -1   0  -1  -3   2  -2  -3  -2   1   0  -4  -3  -2    0   4  13  18   0   8   7   4   2   5   0  16   0   0   0  14   5   0   0   3  0.28 0.15
   15 G    -1  -2   3   2  -3  -2   0   2  -2  -1  -4   0  -3  -4  -3   2   3  -4  -3  -3    0   0  14  11   0   0   5  19   0   4   0   5   0   0   0  22  20   0   0   0  0.41 0.22
   16 K     0   0   1   1  -4   2   0   3   0  -3  -1   2  -2  -1  -3  -1  -2  -4  -3  -3    6   3   9   8   0  15   4  22   3   0   7  18   0   3   0   2   0   0   0   0  0.28 0.16
   17 D    -1  -1  -2   2  -3   1   3  -3  -2   1  -2   3  -2  -3  -2  -1   0  -4  -1   1    2   0   0  10   0   7  29   0   0   9   0  20   0   0   0   0   7   0   3  12  0.34 0.20
   18 K    -2   2   1  -1  -3   1   0  -2  -2   1  -2   3  -2  -3  -3  -1   1  -4  -1   0    0  14   7   2   0   6   4   3   0  12   0  28   0   0   0   2  13   0   3   5  0.28 0.18
   19 R    -2  -1  -3  -4   4  -3  -3  -3   4   1  -2  -3  -2   3  -4   0   0  -1   6  -1    0   4   0   0  12   0   0   2  10  11   0   0   0  12   0   8   7   0  32   2  0.62 0.28
   20 S     0   0   1   0  -2   0   0  -2  -2   0   1   0   1   1   0   1   0  -3  -1   0    5   5   8   5   0   2   7   0   0   7  17   4   4   8   5  15   5   0   0   3  0.06 0.07
   21 I    -1  -3  -3  -1   1  -3  -2  -3   0   3   1  -3  -1   4  -1  -2  -2  -2   2   1    4   0   0   4   4   0   3   0   2  24   8   0   0  24   3   2   0   0   7  11  0.30 0.16
   22 N    -1  -3   5   5   1  -2  -1  -2  -2  -4  -4  -2  -4  -4   1   0  -2  -5  -4  -4    4   0  40  37   4   0   0   1   0   0   1   0   0   0   7   4   0   0   0   0  0.96 0.33
   23 L    -3  -4  -5  -5  -3  -4  -4  -5  -4   4   4  -4   2   0  -4  -4  -3  -3  -2   1    0   0   0   0   0   0   0   0   0  27  58   0   6   4   0   0   0   0   0   4  0.85 0.31
   24 S    -1   3   2  -2  -3   0  -1  -1  -2  -3  -1   4  -2  -4  -3   2   0  -4  -3  -3    2  17  10   0   0   3   0   2   0   0   8  32   0   0   0  23   3   0   0   0  0.45 0.24
   25 V    -2   1   2   3  -3   1   1  -1  -2  -3  -2   1  -2  -4   2   1   1  -4  -3  -1    0   7  14  23   0   5   5   2   0   0   4   9   0   0   9   8   8   0   0   5  0.30 0.15
   26 F    -1  -3  -4  -4  -3   0  -3  -4  -3   3   2  -3   2   5  -4  -1  -2  -2   1   0    3   0   0   0   0   6   0   0   0  19  20   0   5  34   0   6   0   0   3   5  0.49 0.22
   27 L    -1  -4  -4  -4  -3  -3  -2  -4  -4   3   3  -3   1   3  -4  -3  -2  -3  -1   2    5   0   0   0   0   0   4   0   0  21  37   0   3  17   0   0   0   0   0  12  0.49 0.21
   28 N    -2   2   4   3  -4   0   1  -1  -2  -4  -3   2  -3  -4  -3   1  -1  -5  -3  -4    0  11  24  23   0   2   6   2   0   0   3  14   0   0   0  13   2   0   0   0  0.49 0.22
   29 S     3  -2   5   0  -3   0  -1  -2  -2  -3  -2  -1  -3  -1  -3   2  -1  -4  -3  -3   31   0  33   5   0   3   3   0   0   0   3   2   0   3   0  18   0   0   0   0  0.52 0.27
   30 L    -3  -3  -3  -4  -3  -1  -3  -2  -2   1   0  -2   2   6  -4  -1  -1  -1   4  -1    0   0   0   0   0   3   0   4   0  10   7   3   6  41   0   4   3   0  17   0  0.64 0.26
   31 L    -1  -3  -3  -3   6  -3  -3  -3  -1   3   0  -3  -1  -2  -3   0   2  -3  -1   2    3   0   0   0  24   0   0   0   2  22   4   0   0   0   0   9  16   0   3  15  0.50 0.23
   32 A     2  -1   2   0  -3   2   0  -2  -2  -3  -2   2  -2  -3  -2   2   0  -4  -3  -2   25   0  12   3   0   9   3   0   0   0   4  19   0   0   0  21   3   0   0   0  0.33 0.19
   33 D    -1  -1   2   0  -3   0  -1  -3   1  -3  -1   2  -2   2  -1   1   1   5   1  -3    2   0  13   4   0   4   0   0   4   0   5  19   0  12   2  10   9  11   5   0  0.30 0.18
   34 N    -2   2   4   2  -4   2   2  -2  -1  -4  -4   3  -3  -4  -3   1  -1  -4  -3  -4    0  10  25   9   0  12  11   0   0   0   0  23   0   0   0   8   2   0   0   0  0.55 0.23
   35 H     0   1   4   0  -3   1   0  -2   4  -4  -4   1  -3  -3  -3   2   0  -4   0  -3    5   6  26   3   0   8   2   0  15   0   0  10   0   0   0  18   6   0   3   0  0.45 0.22
   36 H    -1   0   2  -1  -3   2   0   1   2  -3  -2   1  -2   2  -2   2   0  -3  -1  -3    3   3  11   0   0  15   2   9   7   0   3   9   0  11   0  23   2   0   0   0  0.25 0.17
   37 L    -2  -3  -3  -4  -3  -1  -3  -4  -3   1   2  -3   2   5   0  -1   1  -2   0   0    0   0   0   0   0   4   0   0   0   7  20   0   6  38   5   5   9   0   0   3  0.49 0.22
   38 Q     0   0   0   0  -2   2   2  -2   1  -1  -1   2   0  -2  -1   1   0  -3   0  -1   10   3   5   3   0   9  13   0   5   5   5  15   4   0   2   9   7   0   3   2  0.12 0.08
   39 V    -1   0   0  -2   1  -2  -2  -2   3   1  -1   0  -1   2  -3  -1   0  -1   3   1    3   5   6   0   3   0   0   3  10  11   2   7   0  10   0   2   7   0  16  12  0.16 0.12
   40 G     2  -2   3   0  -3  -1   1   3  -2  -3  -1  -2  -2  -4  -3   1   0  -4  -3  -3   17   0  19   3   0   2   9  27   0   0   6   0   0   0   0  13   4   0   0   0  0.39 0.19
   41 S     0   0  -1   3  -3   0   1   3  -2  -3  -3   1  -3  -3  -2   2   0  -3   0  -2    6   3   0  18   0   2  11  22   0   0   0  10   0   0   0  17   3   0   4   3  0.31 0.14
   42 N    -1   0   4   2  -4   2   4  -3  -1  -4  -4  -1  -3  -3  -3   0  -1  -3   2  -4    3   3  29   9   0   7  34   0   0   0   0   0   0   0   0   4   3   0   8   0  0.62 0.24
   43 Y    -2   0   2  -2  -3  -1  -2  -3   2   0   0   1  -1   0  -1   1   0  -1   4  -2    0   4  12   0   0   0   0   0   7   7  10  12   0   3   3  14   4   0  23   0  0.24 0.16
   44 L    -3  -3  -4  -4  -3  -3  -1  -5   2   3   4  -3   0   0  -4  -3  -2  -2   4   1    0   0   0   0   0   0   4   0   6  22  44   0   0   0   0   0   0   0  18   6  0.58 0.24
   45 Y    -1  -4  -4  -5  -4  -4  -4  -5  -1  -2   1  -4  -2   5  -5  -4  -3   0   7   0    5   0   0   0   0   0   0   0   0   0  16   0   0  24   0   0   0   0  49   6  1.13 0.34
   46 I     0  -4  -4  -5  -3  -3  -4  -4  -4   3   4  -4   3   2  -1  -3  -2  -3  -2   0    9   0   0   0   0   0   0   0   0  18  54   0   7   9   3   0   0   0   0   0  0.60 0.23
   47 H     0   0  -2  -2  -3   2  -1  -3   4   1   1  -1  -1   0   0  -2  -1  -3  -1   0   11   6   0   0   0  14   3   0  15  11  19   2   0   4   5   0   4   0   0   6  0.17 0.13
   48 K    -2   1   0  -2  -4   0  -1  -3   4  -3  -1   3  -2  -4   4   1   0  -4  -2  -2    0   5   3   0   0   3   0   0  15   0   6  28   0   0  21   9   7   0   0   2  0.51 0.21
   49 I     0  -1  -1  -1  -2   0   0  -3  -2   3   1  -2   0   0   1   0   0  -3   0   2    6   3   2   3   0   5   5   0   0  27   9   0   0   3   6   9   4   0   4  13  0.12 0.10
   50 D     0  -1   1   2  -2   0   1  -1  -2  -1  -1  -1  -1   0  -1   2   1  -3  -2   0    7   2   5  15   0   3   9   3   0   0   8   0   0   5   2  23   7   0   0  11  0.15 0.11
   51 G     1  -1   0   2  -3   0   1   4   2  -4  -4   0  -3  -4  -3   0  -1  -4  -3  -3   15   2   3  13   0   4  10  35   6   0   0   5   0   0   0   5   3   0   0   0  0.42 0.16
   52 K    -2   0   4   3  -4   0  -1   1   2  -4  -4   0  -3  -4  -3   2  -1  -5  -3  -4    0   6  29  22   0   2   0  10   7   0   0   3   0   0   0  20   0   0   0   0  0.60 0.23
   53 T    -2  -3   0  -1  -2  -1  -3  -2  -3   2   1  -3   0   1  -3  -1   2  -3  -2   3    0   0   6   3   0   3   0   3   0   9  16   0   0   8   0   3  18   0   0  32  0.24 0.16
   54 F    -4  -4  -5  -6   3  -4  -5  -5  -1  -3  -3  -4  -3   5  -5  -4  -4   0   8  -3    0   0   0   0   8   0   0   0   0   0   0   0   0  29   0   0   0   0  63   0  1.80 0.46
   55 L     1  -2  -2  -3  -2  -2  -2  -3  -1   0   1  -2   3   3  -3  -1   1  -1   3   1   14   0   0   0   0   0   0   0   0   0  14   0  14  14   0   0  14   0  14  14  0.21 0.09
   56 F    -3  -4  -4  -5  -3  -4  -4  -5  -3   1   3  -4   0   6  -5  -4  -3  -1   2  -1    0   0   0   0   0   0   0   0   0   4  40   0   0  52   0   0   0   0   3   0  0.90 0.23
   57 T    -1  -3  -3  -4  -2  -3  -3  -4  -3   3   2  -3   3  -1  -3  -2   2  -3  -2   3    0   0   0   0   0   0   0   0   0  17  26   0  12   0   0   0  17   0   0  28  0.42 0.14
   58 K    -1   1  -1  -2   2   2   0  -2   0  -1  -2   3   2  -3  -2   1   2  -3  -2  -2    0   6   0   0   6  10   2   0   2   3   0  30  11   0   0  11  19   0   0   0  0.29 0.14
   59 T     0  -3  -2  -2  -2  -2  -2  -3  -3   0  -2  -2  -2  -3   4   1   5  -4  -3  -1    4   0   0   0   0   0   0   0   0   7   0   0   0   0  21   7  61   0   0   0  0.79 0.24
   60 N     1   3   3  -1  -3   0  -1  -2   1  -2  -2   2  -2  -2  -2   1   0  -3   0  -1   12  20  18   0   0   0   0   0   4   0   2  19   0   0   0   8   6   0   4   6  0.25 0.11
   61 D    -2   0   3   4  -3   1   0  -2  -2   0  -3  -1  -2  -4  -2   2   1  -4  -3  -2    0   3  19  36   0   6   0   0   0   9   0   0   0   0   0  19   8   0   0   0  0.47 0.16
   62 K    -1   1   4   1  -3   0  -1   0  -1  -2   0   0  -1  -3  -2   0   1  -4  -3  -1    2   8  29   9   0   5   0   6   0   0  14   5   0   0   0   7   7   0   0   6  0.21 0.11
   63 S    -1   1   0   3  -4   0   4  -2   2  -4  -4   1  -3  -4  -2   1   0  -4  -3  -3    3   6   3  22   0   0  36   0   6   0   0   7   0   0   0  11   6   0   0   0  0.51 0.17
   64 L     0  -2   0   0  -2  -2  -2  -3  -2   2   2  -1   0   1  -3   0   0  -3  -1   1    7   0   6   6   0   0   0   0   0  18  28   5   0   8   0   7   7   0   0   8  0.13 0.09
   65 V    -2  -3  -4  -4  -3   0  -3  -4  -2   4   0  -3   0   4  -4  -3  -2  -2   3   2    0   0   0   0   0   7   0   0   0  39   4   0   0  21   0   0   0   0  12  16  0.53 0.20
   66 Q    -2   4   1  -2  -4   3  -1  -3   2  -4  -4   5  -3  -4  -3  -2  -2  -4  -3  -4    0  29   6   0   0  13   0   0   6   0   0  46   0   0   0   0   0   0   0   0  0.82 0.25
   67 K     0   3  -1  -2  -3   1  -1  -3  -1  -2  -3   4  -2  -1  -2   1   1  -3   1  -2    6  15   0   0   0   6   0   0   0   2   0  45   0   2   0   9   8   0   7   0  0.44 0.19
   68 I    -3  -4  -5  -5  -3  -4  -5  -5  -5   6   2  -4   0  -2  -4  -4  -2  -4  -3   3    0   0   0   0   0   0   0   0   0  70  13   0   0   0   0   0   0   0   0  17  0.98 0.26
   69 N    -2  -1   5   4  -4   1   1  -2  -1  -4  -5   2  -3  -5  -3   0  -2  -5  -4  -4    0   0  45  23   0   4   7   0   0   0   0  17   0   0   0   4   0   0   0   0  0.82 0.23
   70 R    -1   4  -1   0  -3   0   1  -2  -2  -3  -3   3  -2  -4  -2   1   2  -4  -3  -3    2  31   0   3   0   2   7   2   0   0   0  22   0   0   0  12  19   0   0   0  0.49 0.17
   71 S     1   0   2   0  -2   2   0   0  -1  -3  -3   2  -2  -3  -2   2   2  -3  -2  -2   10   2   9   5   0  10   3   4   0   0   0  15   0   0   0  25  13   0   0   2  0.27 0.11
   72 K    -1  -2   4   3  -3   0   0  -1  -2  -3  -3   0  -3  -4  -2   2   3  -4  -3  -3    3   0  23  18   0   2   5   2   0   0   0   3   0   0   0  17  26   0   0   0  0.48 0.17
   73 A    -1  -3   1   1  -3  -3  -2   1  -2   1   2  -3   0   3  -3  -2  -2   2  -1  -1    3   0  10   9   0   0   0  14   0   7  31   0   0  20   0   1   0   3   0   2  0.22 0.12
   74 S     0  -2   2   0  -2  -1  -1  -1  -2   0  -3   0  -2  -3  -2   3   3  -4  -3  -1    4   0  12   3   0   0   2   4   0   6   0   7   0   0   0  31  29   0   0   3  0.36 0.16
   75 V     0  -3  -3  -4   2  -3  -3  -4   1   3   1  -3   0  -1  -3  -2  -1  -3   1   4    7   0   0   0   6   0   0   0   6  25   8   0   0   0   0   0   3   0   6  40  0.42 0.16
   76 E     0   0   1   1   1   1   2   0   1  -2  -3   0  -2  -3  -2   2   1  -4  -2  -1    6   4   8   8   4   6  22   5   5   0   0   2   0   0   0  17   8   0   0   6  0.23 0.09
   77 D    -3  -2   3   6  -5  -1   3  -2  -2  -5  -5   0  -4  -5  -3  -1  -2  -5  -4  -4    0   0  14  57   0   0  23   2   0   0   0   3   0   0   0   0   0   0   0   0  1.08 0.26
   78 I    -3  -4  -5  -5  -2  -4  -4  -5  -4   5   3  -4   2  -1  -4  -4  -2  -3  -2   1    0   0   0   0   0   0   0   0   0  59  36   0   3   0   0   0   0   0   0   2  0.84 0.22
   79 K     0   3   0  -2  -3   2   0  -1   1  -2  -1   3  -1  -1  -2   1   0  -3   0  -2    6  20   2   0   0  11   0   2   4   0   5  22   0   2   0  14   4   0   5   3  0.24 0.10
   80 N     1   0   2   3  -3   0   2  -2  -1  -3  -4   1  -3  -4  -2   2   0  -4  -3  -3   10   3  13  21   0   0  16   0   0   0   0   9   0   0   0  24   4   0   0   0  0.41 0.13
   81 S    -1   0  -2  -1  -2  -1   1  -3   0   2   1   1   1   0  -2   0  -1  -3  -1   1    2   6   0   3   0   0  10   0   4  17  14  16   6   4   0   8   2   0   0  10  0.08 0.06
   82 L    -3  -4  -5  -5  -3  -4  -4  -5  -4   2   5  -4   1  -1  -4  -4  -2  -3  -2   1    0   0   0   0   0   0   0   0   0   8  88   0   0   0   0   0   0   0   0   4  0.99 0.25
   83 A     1   0   1   1  -3   1   2   3  -1  -3  -2   0  -2  -3  -2   0  -1  -3  -3  -2   15   5   6   7   0   5  20  25   0   0   2   4   0   0   0   4   3   0   0   3  0.28 0.08
   84 D     1   0   0   2  -3   2   1   0  -1  -2  -3   2  -2  -3   0   2   1  -4  -3  -2   11   1   2  12   0  12   9   7   0   1   0  16   0   0   3  19   8   0   0   0  0.26 0.09
   85 D     0  -3   2   6  -4  -2   0   1   2  -4  -5  -2  -4  -5  -3  -1  -2  -5  -4  -4    8   0  10  65   0   0   0  10   7   0   0   0   0   0   0   0   0   0   0   0  1.00 0.24
   86 E    -1  -1   1   1  -3   2   5  -2  -1  -3  -3   0  -2  -3  -2   1   0  -3  -3  -3    1   1   5   6   0   6  62   1   0   1   1   1   0   1   1   8   4   0   0   1  0.71 0.18
   87 S    -1   0   1   0  -3   0  -1  -1   1  -2  -2   3  -2  -3  -2   3   1  -4  -2  -2    0   2   7   4   0   3   0   2   5   2   4  26   0   0   0  36   8   0   0   0  0.33 0.14
   88 L    -1  -3  -4  -4  -2  -3  -4  -4  -4   3   4  -3   3  -1  -4  -3  -2  -3  -2   3    4   0   0   0   0   0   0   0   0  23  45   0   7   0   0   0   0   0   0  22  0.57 0.16
   89 G     2  -3  -2  -2  -3  -2   1   6  -3  -4  -4  -2  -4  -4  -3  -1  -2  -4  -4  -4   18   0   0   0   0   0  13  69   0   0   0   0   0   0   0   0   0   0   0   0  1.04 0.23
   90 F    -3  -3  -4  -4  -4  -3  -4  -4  -2  -2  -1   1   1   7  -5  -2  -3  -1   2  -2    0   0   0   0   0   0   0   0   0   0   0  13   4  75   0   4   0   0   5   0  1.21 0.28
   91 P     4  -3  -3  -3   2  -2  -2  -2  -3  -1  -1  -2  -2  -3   2   0   0  -4  -3   1   59   0   0   0   5   0   0   0   0   0   4   0   0   0   8   5   5   0   0  14  0.49 0.18
   92 S     1  -2  -1  -2  -2  -2  -2  -2  -3  -3  -4  -2  -3  -4  -2   6   3  -4  -3  -3    8   0   0   0   0   0   0   0   0   0   0   0   0   0   0  76  16   0   0   0  0.93 0.28
   93 F    -4  -4  -4  -5  -4  -3  -4  -5   3  -3  -3  -4  -3   4  -5  -4  -4   0   8  -3    0   0   0   0   0   0   0   0   5   0   0   0   0  15   0   0   0   0  79   0  1.80 0.35
   94 L    -2  -4  -4  -4  -2  -3  -4  -5  -4   4   2  -4   1   2  -4  -3  -2  -3  -1   4    0   0   0   0   0   0   0   0   0  35  18   0   2   9   0   0   0   0   0  35  0.59 0.16
   95 F    -2  -2  -1  -3  -3  -2  -3  -4   4   2   0  -1  -1   3  -4  -1  -2  -1   5   1    0   0   4   0   0   0   0   0  14  17   6   4   0  15   0   3   0   0  27  10  0.44 0.15
   96 V    -1  -4  -4  -4  -2  -3  -4  -4  -3   4   1  -4   2   4  -4  -3  -2  -2   0   2    5   0   0   0   0   0   0   0   0  31  10   0   7  30   0   0   0   0   0  18  0.54 0.16
   97 E    -2   0   2   4  -4   0   2   1   0  -4  -4   2  -3  -4  -2   1  -1  -4  -3  -4    0   4  10  32   0   0  13  14   2   0   0  17   0   0   0   9   0   0   0   0  0.49 0.14
   98 G    -1  -2   1   4  -3  -1   1   2  -2  -4  -4   1  -3  -4   3   0   0  -4  -3  -3    3   0   8  29   0   0   7  16   0   0   0   9   0   0  14   7   7   0   0   0  0.45 0.12
   99 D    -1   0   4   3   0   0   0   0  -1  -4  -4   2  -3  -4  -2   1  -1  -4  -2  -3    5   3  32  22   3   3   3   5   0   0   0  13   0   0   0   9   0   0   2   0  0.46 0.14
  100 T    -2  -3  -3  -1   2  -3  -3  -4   3   2   0  -3  -1   3  -4  -2  -1   5   3   1    0   0   0   5   7   0   0   0  11  15   6   0   0  13   0   0   4  10  14  15  0.38 0.13
  101 I    -1  -3  -3  -3   4  -2  -3  -3  -2   1   1  -3   2   4  -3   0  -1  -1   2   1    0   0   0   0  15   0   0   0   0  11  10   0  10  24   0  15   0   0   7   8  0.30 0.11
  102 G     1  -2  -2  -2  -2  -2  -2   3  -3   1   1  -2  -1  -2  -2   1  -1  -3  -2   1   17   0   0   0   0   0   0  29   0  15  15   0   0   0   0  17   0   0   0   9  0.23 0.09
  103 F    -4  -5  -5  -5   0  -4  -5  -5  -3   4  -1  -5   2   6  -5  -4  -2  -2   3  -1    0   0   0   0   2   0   0   0   0  31   0   0   5  48   0   0   2   0  11   0  1.10 0.36
  104 A     5  -3  -3  -3  -2  -3  -3   2  -3  -3  -2  -2  -2  -4  -3   2   0  -4  -3   0   60   0   0   0   0   0   0  14   0   0   4   0   0   0   0  13   3   0   0   7  0.68 0.30
  105 R    -1   0   2  -2   4  -2  -2  -3  -3  -4  -4  -2  -3  -4  -1   5   0  -5  -4  -1    0   4  10   0   9   0   0   0   0   0   0   0   0   0   3  66   4   0   0   4  0.87 0.37
  106 T    -2   3   0  -3  -3  -2  -2  -2  -3  -3  -4   1  -3  -4   1   2   5  -4  -4  -3    0  17   2   0   0   0   0   2   0   0   0   8   0   0   5  14  51   0   0   0  0.73 0.32
  107 V    -2  -1  -1  -3  -2   1  -2  -3   0   2   2  -1   2   0  -3   0  -1  -3   0   2    0   2   2   0   0   9   0   0   3   9  24   4   5   2   0   8   2   0   4  24  0.19 0.14
  108 F    -2  -3   0  -3  -3   0  -3   3   0  -1   2  -3   3   2  -4  -1  -2   1   3  -2    0   0   5   0   0   4   0  26   2   0  27   0  10   8   0   4   0   2  12   0  0.35 0.20
  109 G     3  -3   0  -2   2  -2  -2   3  -3  -4  -4  -2  -3  -4  -3   4  -1  -4  -4  -3   26   0   4   0   4   0   0  26   0   0   0   0   0   0   0  40   0   0   0   0  0.71 0.30
  110 P     2  -5  -4  -4  -5  -4  -4  -4  -5  -5  -5  -3  -5  -6   8  -3  -3  -6  -5  -4   16   0   0   0   0   0   0   0   0   0   0   0   0   0  84   0   0   0   0   0  2.39 0.55
  111 T    -3   6  -2   0  -4  -1  -2  -1  -2  -2  -4   4  -3  -4  -3  -1   2  -5  -4  -3    0  48   0   4   0   0   0   4   0   2   0  24   0   0   0   2  15   0   0   0  0.82 0.32
  112 T     0  -3   0  -1   0  -2  -1  -2   3   3   0  -2  -1   1  -3   0   1  -3   1   1    7   0   4   2   2   0   3   2  13  24   4   0   0   8   0   5   9   0   4  13  0.16 0.13
  113 S     0   1   0   3  -3   0   0   2  -2  -3  -4  -1  -3  -4  -2   2   2  -4  -3  -2    9  11   3  22   0   2   5  14   0   0   0   2   0   0   0  16  14   0   0   1  0.34 0.17
  114 D     2  -1  -1   3   2  -1   1  -1  -2  -2  -3   0  -2  -3  -1   1   0  -4  -1   0   25   3   0  21   6   0   9   3   0   0   0   5   0   0   2   8   4   0   2  11  0.23 0.15
  115 L    -4  -5  -5  -6  -4  -5  -5  -5  -4  -1   3  -5  -1   7  -5  -4  -4  -2   1  -1    0   0   0   0   0   0   0   0   0   0  36   0   0  59   0   0   0   0   2   3  1.32 0.40
  116 T     2  -1  -1  -2   4   2   1   0  -2  -2  -2   2  -2  -3  -2   1   0  -3   0  -1   21   0   2   0  11  13   7   6   0   0   2  16   0   0   0   9   4   0   3   4  0.24 0.15
  117 D    -2  -2   2   3  -3  -1   2  -2   3  -3  -2   0  -2   2  -3   0   1   1   1  -2    0   0  12  17   0   0  13   2  11   0   3   5   0  11   0   5  12   2   5   2  0.28 0.16
  118 F    -4  -4  -4  -5  -4  -4  -4  -5  -2   1   0  -4   0   6  -5  -4  -4   2   7  -2    0   0   0   0   0   0   0   0   0   8   6   0   3  39   0   0   0   2  40   0  1.30 0.38
  119 L    -2  -4  -4  -5  -3  -3  -4  -5  -4   5   2  -4   4  -1  -4  -3  -1  -3   2   2    3   0   0   0   0   0   0   0   0  41  23   0  12   0   0   0   2   0   7  11  0.66 0.26
  120 I    -3  -2   6   1   0  -2   1  -3   1  -1  -3  -1   2  -4  -4  -2   0  -5  -4  -1    0   0  57   7   2   0   9   0   3   4   0   2   7   0   0   0   4   0   0   4  0.86 0.34
  121 G     0  -1   2   2   1   3   2  -1   0  -3  -3   0  -2  -2  -2   1  -1  -4  -1  -2   10   0  12  10   4  19  17   4   2   0   0   5   0   2   0  13   0   0   2   2  0.31 0.16
  122 K    -1  -2  -3  -3  -2  -2  -2  -4  -3   3   3   1   1   0  -3  -1  -1  -3  -2   1    5   0   0   0   0   0   2   0   0  23  31  16   4   4   0   3   2   0   0  11  0.29 0.16
  123 G    -2  -3  -4  -4   0  -3   0  -2  -3   3   3  -3   2   4  -4  -3  -2  -2   1   0    0   0   0   0   2   0   7   4   0  18  31   0   5  24   0   0   0   0   3   4  0.42 0.19
  124 M    -1   0   2   1  -3   0   1  -1   0  -1   1   1   1  -1  -1   1  -1  -2   1  -1    0   2  12  10   0   4   7   5   2   0  15   9   7   2   2  11   0   0   5   4  0.09 0.09
  125 S     0   0   0   0   0   2   1   1  -2  -1  -2   3  -1  -3  -2   2  -1  -3  -3  -2    4   2   4   6   2   9   6   9   0   4   4  22   2   0   0  26   0   0   0   0  0.23 0.15
  126 L    -1   1  -3  -1  -3  -2  -3  -4  -3   2   3  -2   1   1  -4  -3  -2  -2   1   1    5  12   0   6   0   0   0   0   0  18  39   0   2   5   0   0   0   0   6   6  0.31 0.17
  127 S    -1  -2   3   1  -3   0  -2   4  -2  -2  -2   0  -3  -4  -1   2   1  -4  -3  -3    0   0  17   6   0   5   0  31   0   3   3   4   0   0   2  18  10   0   0   0  0.41 0.19
  128 S    -1  -2   2   1  -3  -2  -2   2   2   0   0   0  -2  -2   0   1  -1  -3   0  -2    0   0  15   7   0   0   0  19   6   9  13   5   0   0   5  17   2   0   3   0  0.18 0.14
  129 G    -2  -2   4   3  -4   0   0   3  -2  -1  -2  -2  -3  -4   1  -1  -1  -4  -4  -3    0   2  23  21   0   3   3  30   0   4   4   0   0   0   7   0   2   0   0   0  0.51 0.21
  130 E    -3   0  -1   0  -4  -2   1  -2   3  -1   0  -2   0   2  -4  -2  -2   3   6  -2    0   5   3   5   0   0  10   2  10   2  12   0   2   7   0   0   2   4  34   0  0.48 0.22
  131 R    -2   1   3   2  -3   2   3  -2  -1  -2  -3   1  -2  -3  -2   1   1  -3   0  -3    0   6  17  10   0   8  24   0   0   3   1   6   0   0   0  10  11   0   4   0  0.35 0.16
  132 V    -2  -4  -5  -5  -3  -5  -5  -5  -4   2   2  -5  -1   7  -5  -4  -3  -2   0   1    4   0   0   0   0   0   0   0   0  14  18   0   0  54   0   0   0   0   0  11  1.00 0.33
  133 Q    -2   1   0  -2   3   2   1  -3   0   1   0   1  -1   1  -3  -1  -2  -3  -1   0    0   8   4   0   9  13  13   0   2  13   6  13   0   8   0   2   0   0   2   7  0.16 0.13
  134 I     0  -3  -4  -4  -2  -3  -4  -4  -1   4   3  -3   2   2  -4  -2  -1  -3  -1   2    8   0   0   0   0   0   0   0   2  28  28   0   5  12   0   2   2   0   0  13  0.43 0.19
  135 E    -1   1   0   0   1   0   3  -3   1   0  -2   2  -1  -3   0   0   0  -4  -3   0    2   6   4   2   4   2  31   0   3   5   2  13   1   0   4   4   7   0   0   9  0.24 0.14
  136 P     2  -3  -3  -3  -4  -1   0  -3  -3  -4  -4  -2  -4  -1   7   0   1  -5  -4  -3   22   0   0   0   0   3   6   0   0   0   0   0   0   3  53   6   8   0   0   0  1.19 0.35
  137 L    -3  -4  -5  -5  -3  -4  -4  -5  -4   3   4  -4   2   2  -4  -4  -3  -3   0   1    0   0   0   0   0   0   0   0   0  20  59   0   4   9   0   0   0   0   3   6  0.79 0.28
  138 M    -1  -1   0  -2   1   1   0  -3   0   0   1   1   3  -2   0   0   2  -3  -2   0    0   0   5   0   3   8   5   0   2   4  16  11  15   0   4   8  14   0   0   3  0.16 0.14
  139 R     0   2   0   0  -3   2   2  -2   3  -1  -3   2  -2  -3  -2   1   1  -3  -1  -1    7  12   2   5   0  10  14   0   9   4   0  12   0   0   0   8  10   0   2   4  0.23 0.13
  140 G    -2  -1   3   0   0   4   1   1  -2  -1  -3   0  -2  -4  -3   1   1  -4  -3  -1    0   0  18   2   2  23   8  12   0   5   0   4   0   0   0  11   9   0   0   5  0.32 0.19
  141 T     1  -3  -2  -3  -2  -3  -3  -3  -3   3   2  -3   2  -2  -1   0   0  -4  -2   3   11   0   2   0   0   0   0   0   0  19  16   0   7   0   2   9   4   0   0  28  0.32 0.17
  142 T    -1  -2   0   1  -3   0   1  -3  -3  -3  -3   1  -3  -4   2   2   5  -4  -3  -2    3   0   4   6   0   5   7   0   0   0   0   8   0   0   9  13  46   0   0   0  0.57 0.27
  143 K     0   1  -2  -1  -4  -1   0  -3  -3  -4  -4   6  -3  -5   0   1   1  -5  -4  -4    7   5   0   3   0   0   5   0   0   0   0  60   0   0   5   8   7   0   0   0  0.78 0.32
  144 D     1  -1   1   2  -3   1   2  -2  -2  -3  -3   2  -2  -4  -2   2   1  -4  -3  -2   16   0   5  15   0   7  14   0   0   0   0  16   0   0   0  14  10   0   0   2  0.34 0.17
  145 D    -1  -2   1   5  -4   1   3  -3  -2  -4  -3   0  -3  -1  -3   1  -1  -4  -3  -3    6   0   5  39   0   4  24   0   0   0   3   4   0   3   0   9   3   0   0   0  0.61 0.24
  146 V     2  -3  -3  -3  -2  -2  -3  -3  -3   2   1  -2   0  -2  -3  -1   2  -3  -2   3   25   0   0   0   0   0   0   0   0  19  14   0   0   0   0   0  16   0   0  26  0.30 0.12
  147 M     0  -1  -2  -2  -2   0   1  -2  -2   0   1   1   3  -2   1   1   0  -3  -2   0    7   0   0   0   0   0  16   0   0   0  17  12  15   0   8  10   7   0   0  10  0.15 0.08
  148 H    -1   1   3  -1  -3   2   1  -1   2  -4  -4   3  -2  -4  -2   1   1  -4  -2  -3    0   3  21   0   0   7   7   3   5   0   0  33   0   0   0  12   8   0   0   0  0.43 0.16
  149 M    -3  -3  -4  -5  -3  -3  -4  -5  -3   1   3  -3   7   2  -4  -3  -2  -2   1  -1    0   0   0   0   0   0   0   0   0   5  31   0  48  11   0   0   0   0   5   0  0.89 0.28
  150 H     0   0   2   2  -3   1   1  -2   2  -2  -3   0  -2  -3   3   0   0  -4  -2  -1   10   3  15  13   0   8  10   0   9   0   0   4   0   0  13   4   3   0   0   8  0.28 0.10
  151 F    -3   0  -3  -4  -3  -2  -3  -4   4   0   0  -1   3   5  -4  -2  -2  -1   3   1    0   5   0   0   0   0   0   0  15   3   7   3   9  32   0   2   0   0  11  13  0.53 0.22
  152 I    -2  -4  -5  -5  -3  -4  -4  -5   0   6   0  -4   2  -2  -4  -4  -2  -4  -3   4    0   0   0   0   0   0   0   0   3  55   2   0   5   0   0   0   0   0   0  35  0.96 0.32
  153 G    -1  -3   2  -2  -4  -3  -3   6  -3  -4  -5  -3  -4  -5  -4   1   0  -4  -4  -2    0   0   9   0   0   0   0  69   0   0   0   0   0   0   0  12   7   0   0   3  1.08 0.32
  154 R    -1   5  -1   0  -4   0   1  -3  -2  -4  -4   3  -3  -4  -3   2   0  -4  -3  -4    2  48   0   3   0   0  10   0   0   0   0  17   0   0   0  16   4   0   0   0  0.75 0.27
  155 T     2  -3  -2  -3  -2  -2  -3  -3  -3   3  -2  -3   0  -3  -3   1   5  -4  -3   1   21   0   0   0   0   0   0   0   0  19   0   0   2   0   0   6  44   0   0   8  0.56 0.28
  156 T    -1   1   0  -1  -3  -1  -1  -1  -2  -2  -3   0  -1  -1  -3   2   4  -3   2  -1    2   7   2   3   0   0   3   3   0   0   0   6   2   2   0  19  36   0  11   5  0.32 0.21
  157 V    -2  -4  -5  -5  -3  -4  -4  -5  -4   5   2  -4   2   1  -4  -4  -2  -4  -2   4    0   0   0   0   0   0   0   0   0  38  13   0   5   5   0   0   0   0   0  39  0.77 0.28
  158 K    -2   2   0   2  -4   1   3  -2  -2  -3   0   3  -2  -3  -2  -1   1  -4  -3  -2    0  10   3  11   0   6  24   2   0   0  10  20   0   0   0   2   9   0   0   2  0.32 0.16
  159 V    -2  -4  -4  -5  -2  -3  -4  -5  -4   3   2  -4   3  -2  -4  -3  -1  -4  -3   5    0   0   0   0   0   0   0   0   0  18  19   0   9   0   0   0   3   0   0  50  0.73 0.28
  160 E     0   0   5   3  -4   1   3  -2  -1  -4  -4  -1  -3  -4   0   0   0  -5  -3  -4    7   3  33  15   0   6  23   0   0   0   0   0   0   0   4   6   3   0   0   0  0.59 0.24
  161 A     2   1   1   0  -3   0  -1   0   1  -3  -3   2  -2  -3  -1   1   0  -3  -1  -1   22   6   8   3   0   2   0   6   5   0   0  21   0   0   2  14   4   0   2   4  0.22 0.14
  162 K    -1  -2   2   4  -3   1   1   1   0  -4  -3   1  -3  -4  -2   2  -1  -4  -3  -3    4   0  10  30   0   4  10  11   2   0   2   8   0   0   0  19   0   0   0   0  0.44 0.19
  163 L    -1   0   4  -1  -3   0  -1  -1   1  -4  -2   0  -3  -4  -3   4   0  -4  -3  -3    2   5  28   0   0   2   2   2   3   0   4   5   0   0   0  43   3   0   0   0  0.54 0.26
  164 P     1  -2   1  -1  -3  -1   0   2  -2  -3  -2   1  -2  -3   3   2   1  -4  -3  -2    8   0   9   0   0   0   6  15   0   0   3   8   0   0  16  22  10   0   0   0  0.35 0.16
  165 V     0  -2  -3  -3  -2  -1  -2  -3  -2   1   2  -1   0   3  -3  -2   0  -1   2   1   12   0   0   0   0   3   1   1   0   9  29   6   0  20   0   1   5   0   6   7  0.23 0.13
  166 F     0  -3  -3  -3  -3  -3  -3   2   0   0   0  -3   1   5  -3  -2  -1  -1   2   0   11   0   0   0   0   0   0  17   3   7   6   0   3  32   0   0   4   0   8   7  0.33 0.17
  167 G    -1   1   2   1  -3   3   1   1  -1  -3  -3   2  -2  -4   0   1   0  -3  -3  -2    0   6  10  10   0  22   6  10   0   0   0  14   0   0   4  10   3   0   0   4  0.31 0.15
  168 D    -2   1   2   3  -3   0   1  -1   2  -2  -1   1  -2  -3   0  -1   0  -3  -2  -2    0   6  14  21   0   2   9   5   6   0  10  11   0   0   3   2   5   0   0   3  0.22 0.11
  169 I    -2  -4  -4  -4  -2  -3  -4  -4  -4   4   2  -3   1   3  -4  -3  -2  -2  -1   3    0   0   0   0   0   0   0   0   0  37  20   0   2  17   0   0   0   0   0  19  0.58 0.22
  170 L     1   0  -3  -3   2  -2  -2  -3  -3   0   3   1   0  -2  -3  -1   0   2  -2   1   14   5   0   0   6   0   0   0   0   3  37  13   0   0   0   3   4   3   0  11  0.23 0.16
  171 K    -1   1   3   3  -4   0   2   1  -1  -4  -4   1  -3  -4  -2   1  -1  -4  -3  -3    4   9  18  16   0   2  18  10   0   0   0   8   0   0   0  15   0   0   0   0  0.41 0.18
  172 V     0  -2  -2  -3  -2  -1   0  -1   0  -1   1  -1   1   3  -3   0   1  -1   2   1   10   0   0   0   0   2   7   3   2   0  15   3   3  19   0   5  10   0   9  11  0.14 0.11
  173 L    -3  -4  -5  -5  -3  -4  -4  -5  -4   2   5  -4   2   4  -5  -4  -1  -2  -1  -1    0   0   0   0   0   0   0   0   0   9  62   0   6  20   0   0   3   0   0   0  0.83 0.30
  174 G     0  -3   1  -2  -3  -3  -3   4  -3  -1   0  -1  -2   3  -3  -1   1  -3  -2  -1    6   0  10   0   0   0   0  38   0   3  12   3   0  15   0   0  11   0   0   3  0.37 0.19
  175 A     1  -3  -1  -2   1   0  -2   4   1   1  -2  -1  -2  -1  -1   0  -2  -3  -2  -1   13   0   2   0   4   5   0  38   4  12   3   2   0   3   2   8   0   0   0   4  0.32 0.16
  176 T    -1   0   2   3  -3   0   1   2  -2  -4  -4   2  -3  -4  -2   1   2  -4  -3  -3    0   4  11  21   0   2   5  17   0   0   0  13   0   0   0   8  18   0   0   0  0.39 0.18
  177 D     1  -2   1   4  -3  -1   0   1  -2  -2  -3  -1  -2  -3   0   2   0  -4  -1   0   14   0   4  27   0   0   3  12   0   2   0   3   0   0   4  16   6   0   2   7  0.28 0.15
  178 I     0  -2   1   1  -2   0   0   0  -2   1  -1  -1   0  -2   0   0   1  -3  -1   1    4   0  10  10   0   4   6  10   0  17   2   0   4   0   3   8   8   0   2  10  0.08 0.08
  179 E    -2   0   1   3   2   1   3  -2  -2  -4  -4  -1  -3  -4   2   1   1  -4  -3  -3    0   5   8  21   5   7  21   0   0   0   0   0   0   0  12  12   8   0   0   0  0.45 0.19
  180 G    -1   0   2   2  -3   0   2   1  -1  -2  -2   0  -2   0  -2   0   1  -3   0  -2    3   6  11  11   0   3  18  11   0   2   4   2   0   7   0   5  12   0   5   0  0.17 0.11
  181 E     0  -1   2   2  -3   0   3  -2  -1  -1  -1   1  -2  -3  -2   0   0  -3  -3   0    9   0  12  12   0   0  27   1   0   4   5  13   0   0   0   5   4   0   0   7  0.25 0.14
  182 L    -1  -2   1   3  -2  -1   0  -2  -2   0   2  -2   1  -1  -2  -1   0  -3  -2   0    3   0   6  22   0   0   7   0   0   4  36   0   4   0   0   4   6   0   0   5  0.18 0.09
  183 F    -1  -2  -2   0  -2  -1   1  -3  -2   3   2  -2   0   2  -2  -2  -1  -2   0   2    1   1   0   5   0   0  14   1   0  24  23   1   0  10   1   1   1   0   3  15  0.17 0.08
  184 D     1  -2   1   3  -3  -1   1   2  -2   0  -2  -1  -2  -3  -2   0  -1  -3  -3  -1   11   0   6  25   0   0  11  23   0  14   1   0   0   0   0   5   0   0   0   0  0.27 0.10
  185 S     0  -2   1   0   0  -1   1   2  -1   0  -2  -1  -2  -2  -1   2   1  -3   0  -2    5   0   5   3   2   0  14  17   0  10   0   0   0   0   2  32   6   0   5   0  0.21 0.11
  186 L    -2  -2  -3  -2  -2  -2   1  -4  -2   2   2  -2   2   3  -3  -2  -1  -2   0   1    0   0   0   0   0   0  14   0   0  23  17   0  11  23   0   0   0   0   0  12  0.26 0.08
  187 D    -1   2   0   2  -3   2   4  -2  -1  -3  -2   1  -2  -3  -2   1  -1  -3  -2  -3    0  12   0  10   0   7  44   0   0   0   4   6   0   0   0  17   0   0   0   0  0.45 0.10
  188 I    -2  -3  -4  -4  -2  -3  -4  -4  -4   4   1  -3   1   2  -3  -3  -1  -2  -1   3    0   0   0   0   0   0   0   0   0  55   9   0   0  14   0   0   0   0   0  23  0.50 0.12
  189 V    -1   0  -1  -1  -2   0   2  -3   1   2  -1   0  -1  -2  -2  -1   2  -3  -2   2    0   5   0   0   0   0  19   0   6  18   0   7   0   0   0   0  25   0   0  19  0.17 0.08
  190 I    -3  -1  -5  -5  -3  -4  -4  -5  -4   6   2  -4   1   1  -1  -4  -2  -4  -2   2    0   3   0   0   0   0   0   0   0  57  16   0   2   7   3   0   0   0   0  12  0.76 0.28
  191 K    -2   1  -2  -2  -4   0   2  -3  -2  -1  -4   6  -3  -4  -3  -1  -2  -4  -3  -3    0   5   0   0   0   0  13   0   0   4   1  70   0   0   0   3   0   0   0   0  0.99 0.34
  192 P    -1   1  -3  -3  -4  -3  -3  -3  -3  -4  -4  -2  -4  -1   7   1  -2  -5  -4  -4    4  11   0   0   0   0   0   0   0   0   1   0   0   3  68  10   0   0   0   0  1.62 0.38
  193 K    -1   1  -2  -2  -4   1   1  -3   1   0  -1   4   0  -3  -3  -1   1  -4  -3  -1    5   7   0   0   0   6   8   0   3   6   5  44   2   0   0   2  10   0   0   2  0.40 0.20
  194 F    -2   4  -1  -2  -4   1  -1  -3   2  -1  -1   2  -2   2   1   0  -1  -3   1  -2    0  28   3   0   0   5   0   0   6   6   6  15   0  11   7   7   3   0   4   0  0.29 0.16
  195 K    -1   4   1   0  -4   0  -1   1  -2  -4  -3   4  -3  -4  -3  -1  -1  -4  -3  -4    3  26   9   3   0   3   0  14   0   0   2  35   0   0   0   3   2   0   0   0  0.55 0.23
  196 R    -1   3   0  -1  -3   2   1  -1  -1  -3  -3   3  -2  -4   1   1   1  -3  -3  -3    4  22   2   0   0  11   6   5   0   0   1  24   0   0   6   9   9   0   0   0  0.37 0.16
  197 D    -2  -2   5   4  -4  -2   0  -2  -2  -4  -4  -2   0  -5  -3   2   0  -5  -4  -4    2   0  39  29   0   0   5   0   0   0   0   0   3   0   0  19   3   0   0   0  0.85 0.30
  198 I    -3  -5  -5  -5  -3  -4  -5  -6  -5   6   2  -4   1  -2   0  -4  -3  -4  -3   1    0   0   0   0   0   0   0   0   0  69  21   0   3   0   6   0   0   0   0   2  1.05 0.35
  199 K    -1   2   1   0  -4   1   0  -1  -2  -4  -3   5  -3  -4  -3  -1  -1  -4  -3  -4    5  12   8   5   0   5   2   3   0   0   2  54   0   0   0   2   3   0   0   0  0.65 0.26
  200 K    -1   1   0   3  -4   0   1  -1  -2  -4  -4   2  -3  -5   4  -1  -1  -5  -4  -4    3   7   3  23   0   3  11   3   0   0   0  17   0   0  26   3   2   0   0   0  0.63 0.21
  201 V     1  -2  -1  -1   1  -2  -2  -2  -3   1   1  -2   1  -2   2   0   1  -3  -2   1   14   0   3   5   3   0   0   0   0  13  19   0   5   0   9   8  13   0   0   8  0.16 0.10
  202 A     2  -3  -3  -4  -2  -3  -3  -3  -3   1   3  -3   0   1  -1  -1   0  -3  -2   2   27   0   0   0   0   0   0   0   0   7  33   0   0   8   3   2   6   0   0  13  0.31 0.17
  203 K     0   2   0   0  -3   2   1  -1   0  -3  -2   3  -2  -4   1   1   1  -4  -3  -2    7  11   3   4   0  10   6   2   3   0   3  22   0   0   8   9  12   0   0   0  0.27 0.13
  204 D     1   0   2   3  -3   1   1   0  -1  -1  -3   1  -2  -3  -1   1  -1  -4  -2   0   12   2  11  18   0   6   9   5   0   3   0  10   0   0   2  13   0   0   1   7  0.21 0.11
  205 I    -1  -4  -4  -4  -2  -3  -4  -2  -4   4   3  -4   0   1  -4  -3   0  -3   0   2    3   0   0   0   0   0   0   3   0  41  27   0   0   5   0   0   8   0   3   9  0.50 0.21
  206 I    -1  -1  -2  -2  -2  -3  -3  -4  -3   4   2  -1   2   0  -4   0  -2  -3  -2   2    2   3   2   3   0   0   0   0   0  43  17   3   5   3   0   9   0   0   0  10  0.37 0.19
  207 F    -1  -1   2   2  -3   1   1  -2  -1  -2  -1   2  -2  -1  -2   1   0  -4  -2  -2    4   0  15  12   0   5  11   0   0   0   9  17   0   4   0  16   6   0   0   3  0.23 0.13
  208 N     0   0   4   0  -3   0   1  -1   2  -1  -1   1  -2  -3  -2   0   0  -4  -2   0    5   5  31   3   0   2   7   2   6   2   5  11   0   0   0   7   6   0   0   7  0.26 0.14
  209 P    -1   0   3  -1  -3   1   1  -1  -2  -1  -2   1   0  -3   4  -1  -1  -4  -3  -2    4   5  18   0   0   9  11   3   0   5   4  10   2   0  23   2   3   0   0   0  0.38 0.16
  210 S    -1   0   1   4  -3  -1   1   0   1  -3  -2  -1  -1  -3   1   1   0  -4   0  -3    5   4   6  34   0   0   8   8   3   0   4   0   1   0   6  12   3   0   5   0  0.36 0.16
  211 P    -1  -1   2   4  -4   2   2  -2  -2  -3  -2   1  -2  -4   0   1  -1  -4  -3  -1    5   0  12  26   0   9  12   0   0   0   3  12   0   0   4  10   0   0   0   6  0.37 0.17
  212 Q    -1  -3   1   2  -4   0   1   5  -3  -5  -5  -1  -4  -5  -3   0  -3  -4  -4  -4    3   0   5  12   0   5  11  58   0   0   0   2   0   0   0   4   0   0   0   0  0.87 0.27
  213 F    -1  -4  -4  -4  -3  -3  -4  -4   0   2   3  -4   0   4  -1  -3  -2  -2   1   2    3   0   0   0   0   0   0   0   3  15  33   0   0  20   2   0   0   0   3  21  0.48 0.20
  214 S     0   0   0   2  -3   1   3  -1  -2  -1  -2   1  -2  -3  -2   1   0  -4  -3  -1    8   3   3   9   0   6  27   3   0   4   2   8   0   0   0  15   6   0   0   5  0.27 0.14
  215 D    -2   1  -1   3  -4   0   2   1  -2  -4  -4   4  -3  -4  -2   2   0  -4  -3  -4    0   8   0  18   0   0  13   9   0   0   0  32   0   0   0  16   3   0   0   0  0.50 0.22
  216 I    -2  -4  -4  -5  -3  -4  -4  -5  -4   4   2  -4   3   2  -4  -3  -2  -3   0   3    0   0   0   0   0   0   0   0   0  34  21   0  10  10   0   0   0   0   3  22  0.63 0.23
  217 S    -1   1  -2  -1  -3  -1   0   0   2   2   0   1   1  -1  -3  -1   0  -3   1   0    2   9   0   2   0   0   7  10   7  20   6   9   7   0   0   4   7   0   6   4  0.06 0.09
  218 L     2  -3  -4  -4  -2  -3  -3  -3  -4   3   2  -3   3   1  -3  -2  -2  -3  -2   2   23   0   0   0   0   0   0   0   0  27  24   0  10   7   0   0   0   0   0  10  0.42 0.19
  219 R    -2   6  -1  -3  -5   1  -1  -4  -2  -4  -4   4  -1  -5  -3  -1  -2  -5  -3  -4    2  54   2   0   0   4   2   0   0   0   0  32   2   0   0   2   0   0   0   0  1.06 0.33
  220 A     6  -4  -3  -4  -3  -3  -3   3  -4  -4  -4  -3  -3  -4  -3  -1  -2  -5  -4  -3   77   0   0   0   0   0   0  23   0   0   0   0   0   0   0   0   0   0   0   0  1.12 0.37
  221 K    -3   3  -2  -3  -5   1  -1  -4  -3  -4  -4   7  -3  -5  -3  -2  -3  -5  -4  -2    0  11   0   0   0   3   0   0   0   0   0  83   0   0   0   0   0   0   0   3  1.39 0.42
  222 D     0  -1   1   3  -4   3   3  -3  -2  -2  -1   0  -2  -4  -2  -1   0  -4  -3  -2   11   2   5  19   0  20  23   0   0   2   5   4   0   0   0   0   6   0   0   2  0.38 0.17
  223 E    -1  -2   2   3  -4   1   4  -3   3  -2  -4  -1  -1  -1  -3  -1  -2  -4  -2  -3    5   0  11  17   0   4  42   0  11   4   0   0   2   3   0   2   0   0   0   0  0.60 0.23
  224 A     3  -3  -1  -3  -2  -2  -2  -3  -3   1   3  -3   3   0  -3  -1  -2  -3  -2   1   35   0   3   0   0   0   3   0   0   7  32   0   9   3   0   3   0   0   0   6  0.34 0.19
  225 G     2   0  -1   0  -3   1   1   2  -2  -3  -2   1  -2  -4  -2   1   0  -4  -3  -2   24   3   0   5   0   8  10  19   0   0   2  12   0   0   0  10   6   0   0   0  0.28 0.13
  226 D    -1  -3  -1   6  -5  -2   2   2  -3  -5  -5  -2  -4  -5  -3   1  -2  -5  -4  -4    3   0   0  55   0   0  15  17   0   0   0   0   0   0   0  11   0   0   0   0  0.97 0.30
  227 I     0   2   2  -2  -3   3   0  -3   3   0  -1   2  -1  -3  -3   0   0  -4  -2  -1    8   9  10   0   0  22   4   0  10   7   6  13   0   0   0   3   6   0   0   2  0.26 0.15
  228 L     0  -3  -4  -4  -2  -1  -3  -4  -4   2   4  -3   4  -1  -4  -3  -2  -3  -2   2    8   0   0   0   0   3   0   0   0   9  48   0  15   0   0   0   0   0   0  17  0.57 0.21
  229 T    -1   1  -2  -2  -3   0  -1  -3  -2   0   0   3   1  -3  -2   1   3  -4  -3   0    2   7   0   0   0   3   0   0   0   7   6  23   6   0   0   9  31   0   0   5  0.30 0.17
  230 E    -3  -3   0   7  -6  -1   4  -3  -3  -5  -5  -2  -5  -5  -3  -2  -3  -6  -5  -5    0   0   3  67   0   0  30   0   0   0   0   0   0   0   0   0   0   0   0   0  1.46 0.38
  231 H    -3  -3  -4  -4  -3  -3  -4  -5   1   2   2  -3   3   4  -4  -3  -2  -1   5   1    0   0   0   0   0   0   0   0   4  14  21   0  10  21   0   0   0   0  23   7  0.60 0.20
  232 Y    -2   0  -1  -5  -4  -3  -4  -5   2  -1  -2  -3  -3   3  -5  -3  -3   5   8  -3    3   5   3   0   0   0   0   0   5   3   3   0   0   7   0   0   0   9  61   0  1.30 0.36
  233 L    -3  -4  -5  -5  -3  -4  -4  -5  -4   4   4  -4   0  -1  -4  -4  -2  -3   0   2    0   0   0   0   0   0   0   0   0  24  56   0   0   0   0   0   0   0   3  17  0.77 0.24
  234 S     1  -2   0   4  -3  -1   0  -2   2   0  -1  -2  -2  -2  -2   2   0  -3   0   0   12   0   3  28   0   0   5   0   6   7   4   0   0   0   0  18   4   0   5   9  0.25 0.14
  235 E    -1  -1   2  -1  -4   1   3   4  -2  -4  -4   1  -1  -4  -3  -1  -1  -4  -3  -4    3   2  13   0   0   7  22  38   0   0   0   9   3   0   0   0   3   0   0   0  0.55 0.20
  236 K     1   1   1   0  -3   1   2  -2  -1  -3  -2   3  -2  -3  -2   2   1  -4  -3  -2   11   6   8   3   0   4  12   0   0   0   3  23   0   0   0  20   9   0   0   0  0.29 0.13
  237 G    -2  -3   2  -2  -4  -1  -3   6  -3  -5  -4   0   1  -4  -4   0  -2  -4  -4  -4    0   0  12   0   0   3   0  68   0   0   0   6   6   0   0   6   0   0   0   0  1.05 0.29
  238 H     2  -2   1  -2  -2  -1  -2   1   3   1  -1  -2   0  -1  -1   0   0  -3  -2   1   20   0   8   0   0   3   0  10  12  10   0   0   3   3   3   8   6   0   0  15  0.14 0.11
  239 L    -2  -4  -5  -5  -3  -4  -4  -5  -5   4   4  -4   0  -1  -4  -4  -2  -4  -3   3    0   0   0   0   0   0   0   0   0  34  44   0   0   0   0   0   0   0   0  22  0.79 0.25
  240 S     1   1   0  -2   0  -2  -2  -1  -1  -3  -2   0  -2   0  -3   3   1  -2   4  -2    8   7   3   0   2   0   0   2   0   0   4   5   0   3   0  39   8   0  19   0  0.37 0.20
  241 A     1  -3   0   6  -4  -2   2  -3   1  -4  -5  -2  -4  -5  -3  -1  -2  -5  -4  -3   13   0   3  65   0   0  12   0   3   0   0   0   0   0   0   3   0   0   0   2  1.09 0.32
  242 P    -2  -2   3  -1  -3   0   1  -1   0   1  -2  -1  -1   2   1   0   0  -2   1   0    0   0  24   0   0   2   9   5   2  11   0   4   2  13   6   4   6   0   5   6  0.16 0.12
  243 L    -2  -4  -5  -5   1  -4  -4  -5  -4   5   3  -4   1   0  -4  -3  -1  -4  -2   2    0   0   0   0   3   0   0   0   0  50  26   0   1   3   0   0   2   0   0  15  0.74 0.24
  244 N    -2  -1   4   3  -4  -1   2   0   1  -2  -3   1  -3  -1  -3   1   0  -3   2  -3    0   2  23  18   0   0  12   5   3   2   0   8   0   3   0   8   6   0   9   0  0.34 0.15
  245 K    -1   0   1  -2  -3  -1  -1  -1   2  -3  -3   3  -2  -1   4   1   0  -3   0  -1    4   2   6   0   0   0   0   3   5   0   0  27   0   2  26  12   5   0   3   5  0.46 0.17
  246 V     0   2   1   0  -2  -1   0   0   1  -2  -1   2  -1   0  -2   1   1  -3  -1   0    9  12   7   3   0   0   3   5   5   0   4  15   0   6   0  14  10   0   0   8  0.12 0.08
  247 T     0  -1  -1   3  -3  -1   1  -1  -2  -2  -1   1  -2  -3  -2   2   2  -3  -1  -1    8   0   0  21   0   0   8   3   0   0   8  14   0   0   0  16  14   0   2   5  0.22 0.13
  248 N    -1  -1   3   3  -4   0   3  -1   1  -4  -4   1  -3  -4  -3   0   0  -4  -3  -2    5   2  21  15   0   0  29   3   3   0   0  10   0   0   0   5   6   0   0   3  0.45 0.18
  249 A     1   1   0  -1  -2   0   1  -1   0  -1  -1   0  -1  -3  -2   2   2  -3  -2   0   16   9   3   0   0   2  10   3   2   3   5   5   0   0   0  16  20   0   0   5  0.18 0.11
  250 E     0  -1  -1   1  -3   0   2  -1   2  -2  -2   2  -2  -3  -2   1   2  -3   0  -2    4   0   0   8   0   3  17   3   5   3   2  20   0   0   0  14  17   0   3   2  0.25 0.14
  251 I    -3  -5  -5  -5  -3  -5  -5  -6  -5   7   2  -5   0  -2  -5  -4  -3  -4  -3   1    0   0   0   0   0   0   0   0   0  78  17   0   0   0   0   0   0   0   0   5  1.27 0.37
  252 A     2  -1  -2   0  -3   1   2  -2   2  -3  -3  -1   0   0   4   1  -1  -3   2  -2   19   3   0   3   0   8  14   0   5   0   0   0   3   4  21  10   0   0   9   3  0.36 0.16
  253 E     0  -1   1   2  -3   2   3  -1  -2  -2  -3  -1   0   0  -2   1   0  -3  -2  -2    9   2   6  12   0  10  30   3   0   3   0   0   3   5   0  13   3   0   0   3  0.30 0.15
  254 E    -1  -1   1   0  -4   5   4  -3   2  -2  -1  -1  -2  -4  -3  -1  -1  -4  -3  -2    5   0   6   3   0  37  30   0   5   2   5   0   0   0   0   2   3   0   0   2  0.62 0.26
  255 M    -3  -4  -5  -5  -3  -4  -5  -5  -4   6   1  -4   7   0  -5  -4  -3  -4  -3   0    0   0   0   0   0   0   0   0   0  55   8   0  34   3   0   0   0   0   0   0  1.17 0.37
  256 A     1   1  -1   0  -3   2   2  -1   2  -2  -1   2  -2  -3  -2   0   1  -3  -2  -2   18   5   0   4   0   9  20   2   5   2   8  13   0   0   0   5   8   0   0   0  0.21 0.12
  257 Y     1   1   1   2  -3   1   2  -2  -1  -3  -3   2  -2  -3  -2   1   1  -3   0  -2   12   9   5  16   0   6  11   0   0   0   0  13   0   0   0   8  14   0   3   0  0.26 0.11
  258 C     1   1   1  -2   5   1  -1  -3  -2  -4  -3   5  -3  -4  -3  -1   0  -4  -3  -3   13   6   6   0  15   4   0   0   0   0   0  49   0   0   0   0   6   0   0   0  0.65 0.25
  259 Y    -2   1   1  -3  -3  -1  -2  -3   1   0   1   0   2   4  -3  -2  -2  -1   4  -1    1  12   8   0   0   0   0   0   3   3  11   8   9  24   0   0   0   0  20   0  0.32 0.13
  260 A     1  -2   0   1  -2   0   1   0  -1   1  -1   0  -1  -2   0   0  -1  -3   0   0   20   0   4   9   0   4  13   5   0  15   4   3   0   0   5   8   0   0   5   4  0.09 0.06
  261 R     0   4   3   0  -3   1  -1  -2  -1  -3  -3   2  -2  -4  -2   1   0  -4  -3  -1    9  33  19   4   0   8   0   0   0   0   0   9   0   0   0   9   5   0   0   4  0.39 0.13
  262 M    -2  -2   6  -1  -3  -1   0  -2  -1  -2   1  -2   3  -3  -3   0  -1  -4  -3  -2    0   0  58   0   0   0   8   0   0   0  16   0  14   0   0   4   0   0   0   0  0.70 0.23
  263 K     0   1   0  -1  -3   3   0  -2  -1  -3  -3   4  -2  -3  -2   2  -1  -3  -2  -2    6   5   4   1   0  20   1   1   0   1   1  38   0   0   1  20   1   0   0   1  0.43 0.14
  264 S     2  -1   0   2  -2   1   0  -1  -2  -2  -2   1  -2  -3   0   2   0  -3  -2   0   20   0   3  16   0   6   0   0   0   0   0  11   0   0   4  25   0   0   0  11  0.22 0.09
  265 D     1  -1  -2   0  -2  -1   0  -2  -2   1   0   1   0   1  -2  -1  -1  -2  -1   2   17   0   0   6   0   0   7   1   0   6   7  17   0  10   0   1   0   0   0  27  0.08 0.06
  266 I    -2  -3  -4  -4  -2  -3  -3  -4  -3   5   3  -3   1  -1  -3  -3  -1  -3  -2   2    1   0   0   0   0   0   0   1   0  52  31   0   0   0   0   1   0   0   0  12  0.53 0.13
  267 L    -1   2  -1  -2  -2   2  -1  -2  -1   1   0   2   2  -2  -2   0   0  -2  -2  -1    1  19   0   0   0  14   0   1   0  10  11  13  14   0   0   8   7   0   0   0  0.17 0.07
  268 E    -2   2  -1   0  -4   1   5  -3  -1  -4  -3   2  -2  -4   1  -1  -2  -3  -3  -3    1  14   0   0   0   0  62   1   0   0   1  12   0   0   7   1   0   0   0   0  0.69 0.15
  269 C     1   1  -1  -1   3   1  -1  -1   2  -2  -1   1  -1  -2  -2   2   0  -3  -2  -2   13  11   0   0  11   7   1   1   7   0   8   9   0   0   0  29   1   0   0   1  0.19 0.06
  270 F    -2  -2  -3  -4  -2  -3  -3  -4  -2   2   2  -1   0   5  -4  -3  -2  -1   3   1    0   0   0   0   0   0   0   0   0  15  23   8   0  39   0   0   0   0   8   7  0.42 0.10
  271 K     0   3   1   0  -3   2   0  -2  -1  -2  -2   3  -2  -3  -2  -1   0  -3  -2  -1    9  20   8   4   0  15   0   0   0   0   0  33   0   0   0   0   3   0   0   7  0.34 0.09
  272 R    -2   1   2   2  -4   3   4  -2  -1  -4  -4   1  -2  -4  -2  -1  -1  -4  -3  -3    0   7  15  13   0  15  44   0   0   0   0   5   0   0   0   0   0   0   0   0  0.60 0.11
  273 Q     1  -1  -1   1  -2   1   1  -2  -1  -1   0  -1  -1   3  -2   0  -1  -1   2  -1   18   0   0  11   0  10  10   0   0   0  13   0   0  21   0   6   0   0  11   0  0.14 0.04
  274 V    -1  -1  -2  -3  -2  -1  -2  -3  -3   3   0   2   0  -1  -2  -2  -1  -3  -2   3    0   0   0   0   0   0   0   0   0  30   0  27   0   0   0   0   0   0   0  43  0.26 0.06
  275 G     0  -1  -1  -2  -3  -1  -2   6  -2  -4  -4   1  -3  -4  -2  -1  -2  -3  -3  -3    0   0   0   0   0   0   0  83   0   0   0  17   0   0   0   0   0   0   0   0  0.91 0.06
  276 K    -1   1   3   3  -3   1   2  -2  -1  -3  -3   3  -2  -4  -2   0  -1  -4  -2  -3    0   0  20  22   0   0  16   0   0   0   0  42   0   0   0   0   0   0   0   0  0.44 0.03
  277 V    -1  -3  -3  -4  -1  -3  -3  -3  -3   2   1  -3   0   4  -3  -2  -1  -1   1   3    0   0   0   0   0   0   0   0   0   0   0   0   0  32   0   0   0   0   0  68  0.32 0.01
  278 K    -1   2   0  -1  -3   1   1  -2  -1  -3  -3   5  -2  -3  -1   0  -1  -3  -2  -3    0   0   0   0   0   0   0   0   0   0   0 100   0   0   0   0   0   0   0   0  0.57 0.02
  279 D    -2  -2   1   6  -4   0   2  -1  -1  -3  -4  -1  -3  -4  -2   0  -1  -5  -3  -3    0   0   0 100   0   0   0   0   0   0   0   0   0   0   0   0   0   0   0   0  0.94 0.01

                      K         Lambda
Standard Ungapped    0.1362     0.3182
Standard Gapped      0.0431     0.2670
PSI Ungapped         0.1408     0.3179
PSI Gapped           0.0431     0.2670
