
Last position-specific scoring matrix computed, weighted observed percentages rounded down, information per position, and relative weight of gapless real matches to pseudocounts
           A  R  N  D  C  Q  E  G  H  I  L  K  M  F  P  S  T  W  Y  V   A   R   N   D   C   Q   E   G   H   I   L   K   M   F   P   S   T   W   Y   V
    1 M   -1 -2 -2 -3 -2 -1 -2 -3 -2  1  2 -2  6  0 -3 -2 -1 -2 -1  1    0   0   0   0   0   0   0   0   0   0   0   0 100   0   0   0   0   0   0   0  0.41 0.02
    2 S    1 -1  1  0 -1  0  0  0 -1 -3 -3  0 -2 -3 -1  4  1 -3 -2 -2    0   0   0   0   0   0   0   0   0   0   0   0   0   0   0 100   0   0   0   0  0.48 0.01
    3 E   -1  0  0  2 -4  2  5 -2  0 -3 -3  1 -2 -3 -1  0 -1 -3 -2 -3    0   0   0   0   0   0 100   0   0   0   0   0   0   0   0   0   0   0   0   0  0.76 0.01
    4 Q   -1  0 -1 -1 -3  5  1 -2  0 -1  1  1  0 -2 -2 -1 -1 -2 -2 -1    0   0   0   0   0  76   0   0   0   0  24   0   0   0   0   0   0   0   0   0  0.43 0.02
    5 T   -1 -1 -1 -1 -2  0  2 -2 -2  1 -1 -1  0 -2 -2  0  3 -3 -2  1    0   0   0   0   0   0  24   0   0  26   0   0   0   0   0   0  50   0   0   0  0.22 0.01
    6 V    0  1 -1 -1 -2  3  0 -1 -1  0 -1  2  0 -2 -1  0  0 -2 -1  1    2   1   1   1   1  25   2   2   1   1   2  25   1   1   1   2   2   0   1  28  0.12 0.01
    7 E   -1 -1 -1  1 -2  1  4 -2 -1  1 -1  0 -1 -1 -1  0 -1 -2 -1  0    2   1   1   1   1   1  52   2   1  25   2   2   1   1   1   2   2   0   1   2  0.21 0.01
    8 Q   -1  1  0 -1 -3  6  2 -2  0 -3 -3  2 -1 -4 -2  0 -1 -2 -2 -3    0   0   0   0   0  81   0   0   0   0   0  19   0   0   0   0   0   0   0   0  0.67 0.04
    9 K   -1  1  2  0 -3  3  2 -2  0 -3 -3  3 -2 -3 -1  0 -1 -3 -2 -3    0   0  19   0   0  21  19   0   0   0   0  42   0   0   0   0   0   0   0   0  0.43 0.02
   10 L   -2 -2 -4 -4 -2 -2 -3 -4 -3  1  4 -3  2  0 -3 -3 -1 -2 -1  1    0   0   0   0   0   0   0   0   0   0 100   0   0   0   0   0   0   0   0   0  0.53 0.03
   11 S    0  1  0  0 -3  3  3 -2  0 -3 -3  2 -2 -3 -1  1  0 -3 -2 -2    0   0   0   0   0  19  39   0   0   0   0  21   0   0   0  22   0   0   0   0  0.43 0.02
   12 A    1 -1  5  0 -2 -1 -1  2  0 -3 -3 -1 -2 -3 -2  0  0 -3 -2 -2   22   0  58   0   0   0   0  20   0   0   0   0   0   0   0   0   0   0   0   0  0.47 0.03
   13 E   -1  0  0  0 -2  3  3 -2 -1 -2 -2  0 -1 -3 -1  0  3 -3 -2 -1    0   0   0   0   0  19  42   0   0   0   0   0   0   0   0   0  39   0   0   0  0.42 0.02
   14 I   -1 -2  2 -2 -1 -2 -2 -3 -2  3  0 -2  0 -1 -3 -1  0 -3 -2  3    0   0  21   0   0   0   0   0   0  22   0   0   0   0   0   0   0   0   0  58  0.24 0.02
   15 V    0 -2 -2 -2 -1 -2 -2 -3 -3  2  0 -2  0 -2 -2  0  3 -3 -2  3    0   0   0   0   0   0   0   0   0   0   0   0   0   0   0   0  41   0   0  59  0.30 0.03
   16 T    1 -2 -2 -3 -1 -2 -2 -2 -3  2  2 -2  1 -1 -2  0  2 -2 -2  1   20   0   0   0   0   0   0   0   0  21  38   0   0   0   0   0  22   0   0   0  0.18 0.01
   17 L   -2 -2 -4 -4 -2 -2 -3 -4 -3  1  4 -3  2  0 -3 -3 -1 -2 -1  1    0   0   0   0   0   0   0   0   0   0 100   0   0   0   0   0   0   0   0   0  0.53 0.03
   18 K   -1  2  0 -1 -3  1  1 -2 -1 -3 -3  5 -2 -3 -1  0 -1 -3 -2 -3    0   0   0   0   0   0   0   0   0   0   0 100   0   0   0   0   0   0   0   0  0.63 0.04
   19 S    3 -1 -1 -1 -1 -1 -1  0 -1 -2 -2 -1 -1 -3 -1  3  1 -3 -2 -1   58   0   0   0   0   0   0   0   0   0   0   0   0   0   0  42   0   0   0   0  0.39 0.03
   20 R   -2  6 -1 -2 -4  1  0 -3  0 -3 -2  2 -2 -3 -2 -1 -1 -3 -2 -3    0 100   0   0   0   0   0   0   0   0   0   0   0   0   0   0   0   0   0   0  0.88 0.04
   21 I   -1 -2 -2 -3 -1 -2 -2 -3 -3  3  3 -2  1  0 -3  0  0 -2 -1  1    0   0   0   0   0   0   0   0   0  42  39   0   0   0   0  19   0   0   0   0  0.24 0.02
   22 L   -2 -3 -3 -4 -2 -3 -3 -4 -2  0  2 -3  0  6 -4 -3 -2  0  2 -1    0   0   0   0   0   0   0   0   0   0  22   0   0  78   0   0   0   0   0   0  0.67 0.03
   23 D   -2 -2  1  6 -4 -1  1 -2 -1 -4 -4 -1 -3 -4 -2  0 -1 -5 -3 -4    0   0   0 100   0   0   0   0   0   0   0   0   0   0   0   0   0   0   0   0  1.06 0.04
   24 T    1 -2 -2 -3 -1 -2 -2 -2 -1  0  1 -2  0  3 -2  0  1  0  3  0   20   0   0   0   0   0   0   0   0   0  19   0   0  21   0   0  22   0  19   0  0.20 0.01
   25 Q    0  0  3  0 -2  4  1 -1  0 -3 -3  0 -1 -3 -1  3  0 -3 -2 -2    0   0  20   0   0  40   0   0   0   0   0   0   0   0   0  39   0   0   0   0  0.41 0.03
   26 D   -1 -1  0  4 -4  1  4 -2 -1 -3 -3  0 -3 -4 -1  0 -1 -4 -3 -3    0   0   0  40   0   0  60   0   0   0   0   0   0   0   0   0   0   0   0   0  0.73 0.03
   27 Q    1  0  0  0 -3  5  3 -2  0 -3 -2  1 -1 -3 -1  0 -1 -3 -2 -2   21   0   0   0   0  59  20   0   0   0   0   0   0   0   0   0   0   0   0   0  0.49 0.03
   28 A    2 -2 -3 -3 -1 -2 -2 -2 -3  3  0 -2  0 -1 -2  0  0 -3 -2  2   40   0   0   0   0   0   0   0   0  41   0   0   0   0   0   0   0   0   0  19  0.22 0.02
   29 A    2  0  0  0 -2  2  2 -1 -1 -2 -2  0 -1 -3 -1  2  2 -3 -2 -1   22   0   0   0   0  21  19   0   0   0   0   0   0   0   0  20  19   0   0   0  0.29 0.01
   30 R    1  3 -1  0 -3  4  2 -2  0 -3 -2  1 -1 -3 -1  0 -1 -3 -2 -2   19  22   0   0   0  39  21   0   0   0   0   0   0   0   0   0   0   0   0   0  0.41 0.02
   31 L    1  2 -2 -3 -2 -1 -2 -2 -1  1  1 -1  0  0 -2 -1 -1 -1  3  0   20  21   0   0   0   0   0   0   0  19  22   0   0   0   0   0   0   0  19   0  0.13 0.01
   32 M   -1  0  0  2 -3  5  1 -2  0 -2 -1  0  3 -2 -2 -1 -1 -2 -2 -2    0   0   0  21   0  58   0   0   0   0   0   0  22   0   0   0   0   0   0   0  0.41 0.03
   33 E    3 -1 -1 -1 -1  2  2 -1 -1 -2 -2  0 -1 -3 -1  1  0 -3 -2 -1   58   0   0   0   0  21  22   0   0   0   0   0   0   0   0   0   0   0   0   0  0.33 0.02
   34 E   -1  0 -1  0 -3  5  3 -2  0 -1 -2  1 -1 -3 -2 -1 -1 -3 -2  1    0   0   0   0   0  58  22   0   0   0   0   0   0   0   0   0   0   0   0  20  0.42 0.03
   35 S    1 -2 -1 -2 -1 -1 -1 -1 -2  1  1 -1  0 -1 -2  2  0 -3 -2  0   19   0   0   0   0   0   0   0   0  20  21   0   0   0   0  40   0   0   0   0  0.15 0.01
   36 K   -1  1  0 -1 -3  5  1 -2  0 -3 -3  3 -1 -3 -1  0 -1 -3 -2 -3    0   0   0   0   0  60   0   0   0   0   0  40   0   0   0   0   0   0   0   0  0.58 0.03
   37 I    1 -1  2  0 -2  2  2 -1 -1  1 -1  0 -1 -2 -2  0 -1 -3 -2  0   21   0  20   0   0  19  19   0   0  22   0   0   0   0   0   0   0   0   0   0  0.16 0.01
   38 L   -2 -2 -2 -3 -2 -2 -2 -3  4  1  3 -2  1  3 -3 -2 -2 -1  1  0    0   0   0   0   0   0   0   0  21   0  61   0   0  19   0   0   0   0   0   0  0.32 0.02
   39 Q    0  0  0 -1 -2  4  0 -2 -1  1 -1  0  0 -2 -2  1  2 -3 -2  0    0   0   0   0   0  42   0   0   0  19   0   0   0   0   0  20  19   0   0   0  0.24 0.02
   40 G    1 -1  0  2 -2  2  0  2 -1 -2 -2  0 -2 -3 -1  0  1 -3 -2 -2   20   0   0  19   0  21   0  22   0   0   0   0   0   0   0   0  19   0   0   0  0.27 0.01
   41 T    2 -2 -1 -2 -1 -1 -2  2 -2  1 -1 -1 -1 -2 -2  0  2 -3 -2  0   38   0   0   0   0   0   0  20   0  21   0   0   0   0   0   0  22   0   0   0  0.20 0.01
   42 L   -2 -3 -4 -4 -2 -3 -3 -4 -3  1  4 -3  2  3 -3 -3 -2 -1  0  0    0   0   0   0   0   0   0   0   0   0  80   0   0  20   0   0   0   0   0   0  0.45 0.02
   43 A    2 -1  0 -1 -2  2  0  4 -1 -3 -3  0 -2 -3 -2  1  0 -3 -2 -2   22   0   0   0   0  20   0  40   0   0   0   0   0   0   0  19   0   0   0   0  0.40 0.02
   44 E    1 -1 -1  1 -3  1  5 -2 -1 -3 -3  0 -2 -3 -1  0 -1 -3 -2 -2   19   0   0   0   0   0  81   0   0   0   0   0   0   0   0   0   0   0   0   0  0.61 0.03
   45 I   -2 -3 -4 -3 -1 -3 -4 -4 -4  5  1 -3  1  0 -3 -3 -1 -3 -2  3    0   0   0   0   0   0   0   0   0 100   0   0   0   0   0   0   0   0   0   0  0.50 0.04
   46 A    3 -2 -2 -3  5 -2 -2 -1 -2  1 -1 -2 -1 -2 -2  0  0 -3 -2  0   59   0   0   0  21   0   0   0   0  20   0   0   0   0   0   0   0   0   0   0  0.31 0.02
   47 R   -1  3  0 -1 -3  1  0 -2 -1 -3 -3  5 -2 -3 -1  0 -1 -3 -2 -3    0  22   0   0   0   0   0   0   0   0   0  78   0   0   0   0   0   0   0   0  0.59 0.03
   48 A    1 -2 -3 -3 -1 -2 -3 -3 -3  2  3 -2  1  0 -2 -1 -1 -2 -1  1   22   0   0   0   0   0   0   0   0  19  60   0   0   0   0   0   0   0   0   0  0.27 0.02
   49 V    0 -3 -3 -4 -1 -3 -3 -4 -3  3  1 -3  1 -1 -3 -2  0 -3 -1  5    0   0   0   0   0   0   0   0   0   0   0   0   0   0   0   0   0   0   0 100  0.45 0.04
   50 G    0 -3 -1 -2 -3 -2 -2  6 -2 -4 -4 -2 -3 -3 -2  0 -2 -3 -3 -4    0   0   0   0   0   0   0 100   0   0   0   0   0   0   0   0   0   0   0   0  1.14 0.04
   51 I   -1 -3 -3 -3 -1 -3 -3 -4 -4  4  1 -3  1  0 -3 -2 -1 -3 -2  3    0   0   0   0   0   0   0   0   0  80   0   0   0   0   0   0   0   0   0  20  0.44 0.03
   52 T   -1 -1  0  3 -2  0  2 -2 -1 -2 -2  0 -1 -3 -1  1  4 -3 -2 -1    0   0   0  21   0   0  19   0   0   0   0   0   0   0   0   0  60   0   0   0  0.40 0.03
   53 G    0 -3 -1 -2 -3 -2 -2  6 -2 -4 -4 -2 -3 -3 -2  0 -2 -3 -3 -4    0   0   0   0   0   0   0 100   0   0   0   0   0   0   0   0   0   0   0   0  1.14 0.04
   54 D   -1 -1  1  4 -3  1  3 -2 -1 -3 -3  0 -3 -3 -1  1  0 -4 -3 -3    0   0   0  42   0   0  38   0   0   0   0   0   0   0   0  21   0   0   0   0  0.57 0.02
   55 T    0  0  0  0 -2  0  2 -2 -1 -2 -2  2 -1 -3 -1  2  3 -3 -2 -1    0   0   0   0   0   0  19   0   0   0   0  21   0   0   0  20  40   0   0   0  0.31 0.02
   56 I   -1 -3 -3 -3 -1 -3 -3 -4 -3  4  1 -3  1 -1 -3 -2  0 -3 -1  4    0   0   0   0   0   0   0   0   0  40   0   0   0   0   0   0   0   0   0  60  0.40 0.02
   57 K   -1  1  0  0 -4  3  4 -2  0 -3 -3  3 -2 -3 -1  0 -1 -3 -2 -3    0   0   0   0   0  19  41   0   0   0   0  40   0   0   0   0   0   0   0   0  0.52 0.02
   58 V   -1 -3 -3 -3 -2 -2 -3 -3 -3  2  2 -2  1 -1  3 -2 -1 -3 -2  2    0   0   0   0   0   0   0   0   0  20  38   0   0   0  21   0   0   0   0  22  0.37 0.01
   59 E   -1  1  0  0 -4  4  4 -2  0 -3 -3  2 -1 -3 -1  0 -1 -3 -2 -3    0   0   0   0   0  40  40   0   0   0   0  20   0   0   0   0   0   0   0   0  0.57 0.03
   60 E    2 -1  0  2 -2  0  2 -1 -1 -2 -2  0 -2 -3 -1  2  0 -3 -2 -1   41   0   0  19   0   0  22   0   0   0   0   0   0   0   0  19   0   0   0   0  0.32 0.02
   61 I   -1 -3 -3 -3 -1 -3 -3 -4 -3  4  1 -3  1 -1 -3 -2 -1 -3 -1  3    0   0   0   0   0   0   0   0   0  59   0   0   0   0   0   0   0   0   0  41  0.41 0.02
   62 V   -1 -3 -3 -3 -1 -3 -3 -4 -3  3  1 -3  1  3 -3 -2 -1 -2  0  3    0   0   0   0   0   0   0   0   0  21   0   0   0  19   0   0   0   0   0  60  0.33 0.02
   63 E   -1  0  0  3 -3  1  4 -2 -1 -3 -3  2 -2 -3 -1  1  0 -3 -2 -3    0   0   0  19   0   0  42   0   0   0   0  19   0   0   0  21   0   0   0   0  0.44 0.02
   64 A    5 -2 -2 -2 -1 -1 -1  0 -2 -2 -2 -1 -1 -3 -1  1  0 -3 -2  0  100   0   0   0   0   0   0   0   0   0   0   0   0   0   0   0   0   0   0   0  0.49 0.04
   65 V    0 -3 -3 -4 -1 -3 -3 -4 -3  3  1 -3  1 -1 -3 -2  0 -3 -1  5    0   0   0   0   0   0   0   0   0   0   0   0   0   0   0   0   0   0   0 100  0.45 0.04
   66 K   -1  3 -1 -1 -2  0  0 -2 -1  0 -1  3 -1 -2 -2  1  0 -3 -2 -1    0  20   0   0   0   0   0   0   0  19   0  40   0   0   0  21   0   0   0   0  0.23 0.02
   67 N    3 -1  3  2 -1 -1  0  0 -1 -2 -2 -1 -2 -3 -1  1  0 -3 -2 -1   60   0  22  19   0   0   0   0   0   0   0   0   0   0   0   0   0   0   0   0  0.32 0.02
   68 L   -2 -2 -4 -4 -2 -2 -3 -4 -3  1  4 -3  2  0 -3 -3 -1 -2 -1  1    0   0   0   0   0   0   0   0   0   0 100   0   0   0   0   0   0   0   0   0  0.53 0.03
   69 T    0 -2 -2 -3 -1 -2 -2 -3 -3  3  1 -2  0 -1 -2 -1  2 -3 -1  3    0   0   0   0   0   0   0   0   0  21   0   0   0   0   0   0  22   0   0  58  0.29 0.02
   70 A    1 -2 -2 -2 -2 -1 -1 -2 -2 -3 -3 -1 -2 -4  7  0 -1 -4 -3 -2   22   0   0   0   0   0   0   0   0   0   0   0   0   0  78   0   0   0   0   0  1.54 0.04
   71 E    2 -1 -1  1 -2  1  4 -1 -1 -3 -3  0 -2 -3 -1  0 -1 -3 -2 -2   38   0   0   0   0   0  62   0   0   0   0   0   0   0   0   0   0   0   0   0  0.46 0.03
   72 S    0  0  0 -1 -2  3  0 -1 -1 -3 -3  2 -2 -3  4  2  0 -3 -2 -2    0   0   0   0   0  23   0   0   0   0   0  24   0   0  27  26   0   0   0   0  0.52 0.01
   73 A    2 -2 -2 -3 -1 -2 -2  2 -3  1  1 -2  0 -1 -2 -1 -1 -2 -2  1   26   0   0   0   0   0   0  23   0   0  27   0   0   0   0   0   0   0   0  24  0.17 0.01
   74 D   -1 -1  0  3 -2  0  2 -2 -1  1 -1 -1 -1 -2 -2  0  2 -3 -2  0    0   0   0  26   0   0  23   0   0  24   0   0   0   0   0   0  27   0   0   0  0.23 0.01
   75 E   -1  0  0  1 -4  4  5 -2  0 -3 -3  1 -2 -3 -1  0 -1 -3 -2 -3    0   0   0   0   0  34  66   0   0   0   0   0   0   0   0   0   0   0   0   0  0.65 0.01
   76 A    4 -2 -2 -2  0 -1 -1  0 -2 -1 -2 -1 -1 -2 -1  1  0 -3 -2  0  100   0   0   0   0   0   0   0   0   0   0   0   0   0   0   0   0   0   0   0  0.41 0.00
   77 K   -1  1  1  4 -3  1  1 -2 -1 -3 -3  3 -2 -3 -1  0 -1 -4 -3 -3    0   0   0  50   0   0   0   0   0   0   0  50   0   0   0   0   0   0   0   0  0.51 0.00
   78 D   -2 -2  1  6 -4  0  2 -1 -1 -3 -4 -1 -3 -4 -2  0 -1 -4 -3 -3    0   0   0 100   0   0   0   0   0   0   0   0   0   0   0   0   0   0   0   0  0.93 0.00
   79 E   -1  0  0  1 -3  2  5 -2  0 -3 -3  1 -2 -3 -1  0 -1 -3 -2 -2    0   0   0   0   0   0   0   0   0   0   0   0   0   0   0   0   0   0   0   0  0.00     0.00
   80 E   -1  0  0  1 -3  2  5 -2  0 -3 -3  1 -2 -3 -1  0 -1 -3 -2 -2    0   0   0   0   0   0   0   0   0   0   0   0   0   0   0   0   0   0   0   0  0.00     0.00

                      K         Lambda
Standard Ungapped    0.1209     0.3038
Standard Gapped      0.0373     0.2670
PSI Ungapped         0.1219     0.3145
PSI Gapped           0.0373     0.2670
